
Last position-specific scoring matrix computed, weighted observed percentages rounded down, information per position, and relative weight of gapless real matches to pseudocounts
           A  R  N  D  C  Q  E  G  H  I  L  K  M  F  P  S  T  W  Y  V   A   R   N   D   C   Q   E   G   H   I   L   K   M   F   P   S   T   W   Y   V
    1 M   -1 -2 -3 -3 -1 -1 -2 -3 -2  1  2 -2  6  0 -3 -2 -1 -2 -1  2    0   0   0   0   0   0   0   0   0   0   0   0  76   0   0   0   0   0   0  24  0.41 0.04
    2 T    2 -1  0 -1 -1 -1 -1  2 -2 -2 -2 -1 -1 -3 -1  2  3 -3 -2 -1   20   0   0   0   0   0   0  16   0   0   0   0   0   0   0  30  34   0   0   0  0.35 0.04
    3 S    1 -1  0  1 -1 -1 -1 -1 -2 -1 -2 -1 -1 -2 -1  3  2 -3 -2  1   13   0   0   7   0   0   0   0   0   0   0   0   0   0   0  43  21   0   0  15  0.27 0.04
    4 D   -2  1  0  5 -4  1  2 -2 -1 -3 -3  0 -3 -4 -2  0 -1 -4 -3 -3    0  14   0  60   0   6  11   0   0   0   0   0   0   0   0   9   0   0   0   0  0.67 0.07
    5 G    0 -2 -1 -1 -3 -1  1  6 -2 -4 -4 -2 -3 -4 -2 -1 -2 -3 -3 -4    0   0   0   0   0   0  13  87   0   0   0   0   0   0   0   0   0   0   0   0  1.05 0.09
    6 A    3 -2 -2 -2 -2 -2 -2  2 -2 -3 -3 -1 -2 -3  5  0 -1 -3 -3 -2   46   0   0   0   0   0   0  19   0   0   0   0   0   0  35   0   0   0   0   0  0.74 0.07
    7 T   -2 -2 -2 -3 -2 -2 -2 -3 -3 -2 -1  0  3  0 -3 -1  3  9  0 -2    0   0   0   0   0   0   0   0   0   0   0   6  16   3   0   0  37  38   0   0  0.98 0.14
    8 S    1  2  1 -1 -2  0  0 -1  0 -1 -2  0 -1 -3  0  2  1 -3 -2  0   13  16  11   0   0   0   6   0   2   7   0   2   0   0   2  27  10   0   0   5  0.18 0.05
    9 T    0  2 -1 -2 -2 -1 -1  1 -2  0 -1  0  1 -2  0  0  1 -3 -2  1    8  18   1   0   0   0   0  13   0   0   1   0   9   0   4   9  15   0   0  21  0.11 0.04
   10 S    2  1  0 -1 -2  1  0  1  2 -2 -2  0 -2 -3  1  2  0 -3 -2 -2   21  11   0   0   0   9   2  14   7   0   1   2   0   0   6  20   3   0   0   0  0.22 0.04
   11 A    1  2  0  2  0 -1 -1  3 -1 -2 -2  0 -2 -3 -2  0 -1 -3 -2 -2   14  17   0  18   3   0   1  29   0   0   5   1   0   0   0   7   2   0   0   1  0.25 0.05
   12 A    1  0  0  2 -2  1  0  3 -1 -2 -3  0 -2 -3  1  0 -1 -3 -2 -2   17   8   0  14   0  11   5  28   0   0   1   0   0   0   5   5   2   0   0   2  0.27 0.04
   13 A    1 -1  0 -1 -2  0 -1  3 -2 -1 -1 -1 -1 -2  0  1  0  0 -2  1    8   0   6   3   0   3   2  28   0   0   1   3   1   0   3  10   7   2   0  22  0.16 0.04
   14 A    1  0  1  1 -2  0  0  4 -1 -3 -2  0 -1 -3 -2  0 -1  0 -2 -2   18   5   7   7   0   2   4  38   0   0   1   8   2   0   0   2   2   2   0   1  0.32 0.05
   15 A    1 -1  1  1 -2  0 -1  3 -2 -2 -2  0 -2 -3 -1  1  1 -3 -2 -1   20   0   5  11   0   2   1  31   0   2   2   5   0   0   2   5  12   0   0   2  0.25 0.04
   16 A    1  0 -1 -1 -2  0 -1  4 -2 -2 -3  0 -2 -3  2  0 -1 -3 -2 -2   18   5   1   1   0   2   2  42   0   1   1   9   0   0  13   2   1   0   0   2  0.42 0.05
   17 A    1 -1  1  0 -2 -1 -1  4 -2 -3 -3 -1 -2 -3  2  1  0 -3 -2 -2   15   4   8   3   0   2   0  43   0   0   1   0   0   0   9   8   4   0   0   0  0.42 0.05
   18 A    1 -2 -1  1 -2 -1 -2  4 -2 -1 -1 -2  0 -3 -1 -1 -1 -3 -3 -1   14   1   0   9   0   2   0  53   0   6   3   0   4   0   1   0   2   0   0   4  0.43 0.06
   19 A    0 -2 -1 -2 -2 -1 -2  4 -2 -1  0  0 -1 -2 -1  0  2 -3 -2  0    6   0   1   0   0   0   0  41   0   1  12   7   1   0   1   1  22   0   0   5  0.30 0.06
   20 A    2 -2  0 -1 -2  0 -1  3 -2 -2 -2 -1 -2 -3 -2  2  2 -3 -2 -1   23   0   1   0   0   4   0  30   0   0   2   0   0   0   0  21  16   0   0   3  0.34 0.06
   21 A    1 -2 -1 -1 -1 -1 -2  4 -1 -2 -2  0 -1 -3 -2  2  1 -3 -3 -1    7   0   0   0   1   0   0  45   1   0   2   5   1   0   0  23   9   0   0   5  0.42 0.07
   22 R    1  2  0 -2  0 -1 -1  1 -2 -1 -1  0  0 -1 -2  0  2 -1 -2  0   11  24   3   0   2   0   0  12   0   0   5   0   2   3   0   4  28   1   0   5  0.16 0.05
   23 R   -1  6 -1 -2 -4  0 -1  0  0 -4 -3  2 -2 -3 -3 -1 -2 -3 -2 -3    3  81   0   0   0   0   0   9   2   0   0   3   0   0   0   3   0   0   0   0  0.85 0.13
   24 K    0  0 -1 -1  1  0  1 -1  0  0  1  1  1 -1 -2  0  0 -2  0  1    1   2   1   0   4   1  13   4   3   0  14  12   7   0   0  10   5   0   5  17  0.04 0.02
   25 P   -1  3  1 -2 -3 -1 -1 -3 -2 -3 -2  0 -2 -4  6 -1 -2 -4 -3 -3    1  24   8   0   0   0   0   0   0   0   5   0   0   0  61   0   0   0   0   0  1.20 0.11
   26 S    0 -2  1 -1 -2 -1 -1 -1 -2 -2 -2 -1 -2 -3  3  2  4 -3 -2 -1    4   0   8   0   0   0   0   0   0   0   0   0   0   0  15  28  45   0   0   0  0.49 0.08
   27 W   -1  1 -3 -1 -3 -2 -1 -3 -2 -2  0 -2 -1 -1 -2 -2 -2  9  0 -1    5  12   0   5   0   0   5   0   0   1  12   0   0   0   2   1   0  53   0   4  1.15 0.12
   28 R   -1  4 -1 -1 -3  2  2 -2 -1 -3 -3  3 -2 -3 -2  0 -1 -3 -2 -3    1  41   0   0   0   8  18   0   0   0   0  24   0   0   0   8   0   0   0   0  0.53 0.07
   29 E   -2  1 -1  1 -4  1  6 -3 -1 -4 -3  0 -3 -4 -2 -1 -1 -4 -3 -3    0   8   0   4   0   0  88   0   0   0   0   0   0   0   0   0   0   0   0   0  0.92 0.12
   30 R   -2  5 -1 -1 -4  1  1 -3 -1 -3 -3  3 -2 -3 -2 -1 -1 -3 -2 -3    0  64   0   0   0   0   7   0   0   0   0  29   0   0   0   0   0   0   0   0  0.79 0.10
   31 E   -1  1 -1  1 -4  2  5 -3 -1 -4 -3  1 -2 -4 -2 -1 -1 -3 -3 -3    0   7   0   1   0   5  86   0   0   0   0   1   0   0   0   0   0   0   0   0  0.90 0.12
   32 N   -2  3  5  0 -3  0 -1 -1  0 -4 -3  1 -2 -3 -2  0  0 -4 -2 -3    0  28  61   0   0   0   0   0   0   0   0   8   0   0   0   0   3   0   0   0  0.70 0.10
   33 N   -2  1  6  0 -3 -1 -1 -1 -1 -3 -3 -1 -2 -3 -2  0  3 -4 -2 -2    0   7  64   0   0   0   0   0   0   0   0   0   0   0   0   0  30   0   0   0  0.69 0.11
   34 R   -1  4  1 -1 -4  1  0 -2 -1 -3 -3  4 -1 -3 -2 -1 -1 -3 -2 -3    0  35   5   0   0   2   0   0   0   0   0  56   1   0   0   0   0   0   0   0  0.67 0.10
   35 R   -2  4 -1 -2 -3  2 -1 -3 -1 -1  2  1  1 -2 -2 -1 -1 -2 -2 -1    0  44   0   0   0  12   0   0   0   1  28   6   5   0   0   0   1   0   0   0  0.34 0.07
   36 R   -2  6 -1 -2 -4  0 -1 -3 -1 -3 -3  1 -2 -3 -3 -1 -2 -3 -2 -3    0  94   0   0   0   0   0   0   0   0   1   0   0   0   0   0   0   0   0   0  1.09 0.14
   37 E   -1  0 -1  1 -4  1  6 -3 -1 -4 -3  0 -2 -3 -2 -1 -1 -3 -2 -3    0   4   0   0   0   0  91   0   0   0   1   0   0   0   0   0   0   0   0   0  0.95 0.13
   38 R   -2  6 -1 -2 -4  0  0 -3 -1 -3 -3  1 -2 -3 -2 -1 -2 -3 -2 -3    0  91   0   0   0   0   4   0   0   0   1   0   0   0   0   0   0   0   0   0  1.02 0.14
   39 R   -2  5 -1 -2 -1  2  0 -3  4 -3 -2  1 -2 -3 -2 -1 -2 -3 -1 -3    0  64   0   0   2  10   0   0  17   0   2   2   0   0   0   0   0   0   0   0  0.67 0.10
   40 R   -2  6 -1 -2 -4  1 -1 -3 -1 -3 -3  1 -2 -3 -2 -1 -2  2 -2 -3    0  89   0   0   0   3   0   0   0   0   1   0   0   0   0   0   0   3   0   0  0.98 0.13
   41 R   -2  6 -1 -2 -4  0 -1 -3 -1 -3 -3  1 -2 -3 -3 -1 -2 -3 -2 -3    0  94   0   0   0   0   0   0   0   0   1   0   0   0   0   0   0   0   0   0  1.09 0.14
   42 A    5 -2 -2 -2 -1  0 -1 -1 -2 -1 -2 -1 -1 -3 -2  1 -1 -3 -2  0   83   0   0   0   0   5   0   0   0   0   2   0   0   0   0   4   0   0   0   6  0.54 0.12
   43 V   -2 -4 -4 -4 -2 -3 -4 -4 -4  5  1 -3  1 -1 -3 -3 -1 -3 -2  3    0   0   0   0   0   0   0   0   0  85   2   0   0   0   0   0   0   0   0  13  0.71 0.13
   44 A    4 -2 -1 -2 -1 -1 -1 -1 -2 -2 -2 -1 -1 -3 -2  1  3  1 -2 -1   58   0   0   0   0   0   0   0   0   0   0   0   0   0   0   0  40   2   0   0  0.49 0.12
   45 A    4 -1 -1 -2 -1 -1 -1  0 -2 -2 -2 -1 -2 -3 -1  2  1 -3 -2 -1   67   2   0   0   0   0   0   5   0   0   0   2   0   0   0  14  10   0   0   0  0.44 0.10
   46 K   -2  5  0 -2 -4  1  0 -2 -1 -3 -3  5 -2 -4 -2 -1 -1 -3 -2 -3    0  42   2   0   0   0   0   0   0   0   0  56   0   0   0   0   0   0   0   0  0.78 0.13
   47 I   -2 -4 -4 -4 -2 -3 -4 -5 -4  6  1 -3  2 -1 -4 -3 -2 -3 -2  2    0   0   0   0   0   0   0   0   0  93   0   0   7   0   0   0   0   0   0   0  0.89 0.20
   48 Y   -3 -3 -4 -4 -3 -3 -3 -4 -1  0  3 -3  0  5 -4 -3 -2  0  5 -1    0   0   0   0   0   0   0   0   0   0  39   0   0  32   0   0   0   0  29   0  0.71 0.15
   49 T    3 -2 -1 -2 -2 -1 -1  3  1 -2 -2 -1 -2 -3 -2  1  1 -3 -2 -2   44   0   1   0   0   0   1  26   5   0   1   0   0   0   0  10  12   0   0   0  0.40 0.11
   50 G   -1 -1 -1 -2 -3  2 -1  5 -2 -3 -3 -1 -2 -3 -2 -1 -2 -3 -3 -3    1   2   1   1   0  13   1  73   0   1   1   1   0   1   1   1   1   0   0   1  0.87 0.14
   51 L    1 -2 -3 -3 -1 -2 -2 -3 -2  1  4 -2  3  0 -2 -2 -1 -2 -1  0   13   1   1   1   0   1   1   1   0   1  63   1  13   1   1   1   1   0   0   1  0.38 0.10
   52 R    1  5 -1 -2 -2  0 -1 -2 -1 -3 -2  1 -2 -3 -2  1 -1 -3 -2 -2   14  63   1   1   0   1   1   1   0   1   1   1   0   1   1  13   1   0   0   1  0.60 0.13
   53 A    1  3 -1 -2 -2  1  0 -1 -1 -1 -1  1  1 -2  2  0  0 -2 -2 -1   21  23   1   1   0   9   1   1   0   1   3  10   9   1  13   3   2   0   0   1  0.25 0.06
   54 Q    0 -1 -1 -2 -2  1 -1 -1  4 -1  1 -1 -1  0 -2 -1 -1 -1  4 -1   14   2   1   1   0  11   1   3  21   1  17   1   0   1   1   1   1   0  23   1  0.27 0.09
   55 G    0  1 -1 -2 -3 -1 -2  5 -2 -3 -3 -1 -2 -3 -2 -1 -2 -3 -3 -3    5  13   1   1   0   1   1  72   0   1   1   1   0   1   1   1   1   0   0   1  0.83 0.13
   56 D   -1 -1  5  0 -2  2 -1  2 -1 -3 -3 -1 -2 -3 -2  0  1 -3 -2 -2    1   1  46   2   0  13   1  15   0   1   1   1   0   1   1   3  13   0   0   1  0.46 0.11
   57 Y   -2 -2 -2 -3 -2 -2 -2  1  0 -1  1 -2 -1  3 -3 -2 -2  1  6 -1    1   1   1   1   0   1   1  14   0   1  14   1   0  13   1   1   1   0  50   1  0.58 0.12
   58 N    0  1  2  0 -1  2  2 -1  0 -2 -2  2 -1 -3  1  0 -1 -3 -2 -2   11   2  14   1   2  15  14   3   1   1   1  22   0   1   7   2   2   0   0   1  0.26 0.06
   59 L   -2 -2 -3 -3 -2 -2 -2 -3 -2  0  4 -2  1  2  2 -2 -2 -2 -1  0    1   1   1   1   0   1   1   1   0   1  63   1   0  13  13   1   1   0   0   1  0.43 0.10
   60 P   -1  1 -1  2 -3 -1 -1 -2 -2 -3 -2 -1 -2 -3  6  0 -1 -3 -3 -3    1   9   1  13   0   1   1   1   0   1   2   1   0   1  60   6   1   0   0   1  1.14 0.14
   61 K    0  1 -1 -1 -2  2  0 -2 -1 -1 -2  3 -1 -2  2 -1 -1 -3 -2  1    7   6   1   1   0  13   1   1   0   1   1  38   0   1   9   1   1   0   0  19  0.26 0.08
   62 H    1  3 -1 -2 -3  1 -1 -2  6 -3 -2  1 -2 -1 -2 -1 -1 -2  2 -2   18  27   0   0   0   4   0   0  35   0   0   4   0   0   0   0   0   0  10   0  0.47 0.09
   63 C    2 -2 -3 -3  6 -2 -2 -2 -2 -1  1 -2  0 -1 -2  0 -1 -2  0 -1   36   0   0   0  28   0   0   0   0   0  26   0   0   0   0   5   0   0   5   0  0.39 0.09
   64 D   -2  2  0  6 -4 -1  1 -2 -2 -4 -4 -1 -3 -4 -2 -1 -2 -5 -4 -4    0  17   0  83   0   0   0   0   0   0   0   0   0   0   0   0   0   0   0   0  1.07 0.15
   65 N   -1 -1  2 -1 -2  2 -1 -2  3  1 -1 -1  2 -2 -2  1 -1 -3 -1  1    0   0  14   0   0  14   0   0  14  14   0   0  14   0   0  14   0   0   0  14  0.17 0.10
   66 N   -2 -1  6  2 -4  3  0 -2  0 -4 -4 -1 -3 -4 -3  0 -1 -4 -3 -4    0   0  75   8   0  16   0   0   0   0   0   0   0   0   0   0   0   0   0   0  1.02 0.21
   67 E    0 -1  0  3 -3  3  4 -2 -1 -2 -2  0  3 -3 -2 -1 -1 -3 -2 -1    8   0   1  18   0  18  37   0   0   1   0   0  15   0   0   0   0   0   0   2  0.43 0.12
   68 V   -1  1 -3 -3 -2 -2 -3  0 -3  1  1 -2  0 -2 -3 -2 -1 -3 -2  4    0  15   0   0   0   0   0   8   0   0  14   0   0   0   0   0   0   0   0  63  0.35 0.14
   69 L   -1 -2 -3 -3 -2 -2 -3  1 -3  1  3 -2  4 -1 -3 -2 -1 -2 -2  1    1   0   0   0   0   0   0  16   0   6  46   0  21   0   0   0   0   0   0   6  0.32 0.10
   70 K    1  3 -1 -2 -3  0 -1  3 -1 -3 -3  3 -1 -3 -2  0 -1 -3 -2 -2   11  23   0   0   0   0   0  29   0   0   1  28   2   0   0   2   0   0   0   0  0.39 0.09
   71 A    4 -2 -2 -2 -1 -1 -1 -1  0  0  1 -1  0 -2 -2  0 -1 -3 -2  1   60   0   0   0   0   0   3   0   3   0  16   0   0   0   0   0   0   0   0  14  0.30 0.11
   72 L   -2 -2 -2  1 -2 -2 -2 -3 -3  1  3 -2  2 -1 -3 -2 -1 -2 -2  1    1   0   0  16   0   0   0   0   0   0  57   0   8   0   0   0   0   0   0  14  0.33 0.10
   73 C    2  2 -2 -2  6 -1 -2  2 -2 -2 -2 -1 -2 -3 -2  1 -1 -3 -3 -2   25  15   0   0  31   0   0  16   0   0   0   0   0   0   0  13   0   0   0   0  0.49 0.13
   74 V    2  3  2 -1 -2  0  1 -1  0 -2 -2  0 -2 -3 -2  1  0 -3 -2 -1   22  27  13   2   0   1   8   1   1   1   3   2   0   0   0  10   2   0   0   2  0.22 0.11
   75 E    1 -1  1  1 -3  1  4 -2  1 -3 -3  2 -2 -4 -2 -1 -1 -4 -3 -3   19   0   9   3   0   3  46   0   3   0   0  16   0   0   0   0   0   0   0   0  0.53 0.18
   76 A    4  2 -1  2 -2 -1 -1  0 -2 -2 -3  0 -2 -3 -2  0 -1 -4 -3 -1   56  14   0  13   0   0   0   6   0   0   0   6   0   0   0   0   0   0   0   4  0.42 0.18
   77 G    1  2 -2 -2 -3 -2 -3  6 -3 -4 -4 -2 -3 -4 -3 -1 -2 -4 -4 -4   13  14   0   0   0   0   0  73   0   0   0   0   0   0   0   0   0   0   0   0  1.05 0.24
   78 W   -3 -3 -3 -4 -3 -2 -3 -4  4  1  0 -3  2  0 -4 -3 -3 10  3 -2    0   0   0   0   0   0   0   0  14  14   6   0   6   0   0   0   0  49   9   0  1.46 0.28
   79 V   -1 -2 -2 -3 -1 -1 -2 -3  4  2  2 -2  2 -1 -3 -1  1 -3 -1  2    1   0   0   0   1   3   0   0  16  18  22   0   7   0   0   1  14   0   0  17  0.25 0.10
   80 V   -1 -3 -2 -3 -2 -2 -3  0 -3  2  1 -2  1 -1 -3  0  0 -3 -2  3    0   0   0   0   0   0   0  11   0   9  14   0   3   0   0  10   6   0   0  47  0.24 0.10
   81 E   -2 -2  0  4 -3  0  3 -2  0 -1 -1 -1 -2 -3  1 -1  1 -4 -2 -2    0   0   0  37   0   2  23   0   3   4   9   0   0   0   8   0  14   0   0   0  0.42 0.11
   82 E    0 -2 -1  3 -3  1  1  2 -2 -3 -3 -1 -2 -4  4  0 -1 -4 -3 -3    7   0   0  21   0   9  10  16   0   0   2   0   0   0  27   6   2   0   0   0  0.54 0.10
   83 D    0 -2  0  6 -4  0  2 -2 -2 -3 -4  0 -3 -4 -2 -1 -1 -4 -3 -3   10   0   0  77   0   0   8   0   0   0   0   6   0   0   0   0   0   0   0   0  0.88 0.15
   84 G    1 -1 -1 -2 -2 -1 -1  4 -2 -2 -2  1 -2  2 -2 -1 -1 -2 -1 -2   13   1   1   1   0   1   1  50   0   1   1  12   0  14   1   1   1   0   0   1  0.41 0.09
   85 T   -1  1  3 -1 -2 -1 -1 -1 -1 -1 -1  0 -1 -2 -1  2  3 -2 -2 -1    1  11  18   1   0   1   1   1   0   1   9   1   0   1   1  16  36   0   0   1  0.27 0.11
   86 T    0 -1 -1 -1 -1  0  0  0 -2  1 -1 -1 -1 -2  0  0  3 -2 -2  2    5   1   1   1   0   4   9   6   0   7   1   1   0   1   5   1  35   0   0  22  0.17 0.09
   87 Y   -1 -1 -1 -2  3  1  0 -2  0 -1 -1 -1 -1  3 -2  0  1  0  4 -1    1   1   1   1  11  11   6   1   0   1   1   1   0  17   1   8  14   0  24   1  0.27 0.10
   88 R   -1  1  1  1 -2  1 -1 -2  2  0 -2  1 -1 -2  1  0  1 -2  1  0    1   8   8   8   0   8   0   1   8   8   1   8   0   0   8   8   8   0   8   8  0.14 0.13
   89 K    0  1 -1 -2 -3  4  0 -2  1 -3 -1  2  1 -2  1  1  0 -3  1 -2    9   4   0   0   0  26   4   0   4   0   4  16   4   0   6   8   6   0   5   0  0.29 0.22
   90 G    0  0  0  0  2  0 -2  4 -3 -3 -3 -2 -3 -3 -3  1  0 -3  1  0    5   5   5   5   5   5   0  34   0   0   1   0   0   0   0  13   5   0   7   9  0.40 0.28
   91 C    0  0  0 -2  2  0 -2  0  2  0  0 -1  1  1  1  0  0 -2  1  0    6   6   6   0   6   6   0   6   6   6   6   0   6   6   6   6   6   0   6   6  0.06 0.12
   92 K   -1  2 -1 -3 -4  1 -2 -1  2 -4 -2  4 -1 -1  2  1 -1 -4 -3 -3    5  11   2   0   0   6   1   4   6   0   3  31   2   3   9  13   2   0   0   1  0.44 0.35
   93 P   -2  0 -2 -2 -5 -2 -1 -4  1 -3 -2 -3 -4 -1  7  0 -1 -5 -4 -4    2   5   2   2   0   2   4   0   4   2   5   0   0   3  59   6   3   0   0   0  1.41 0.71
   94 L    1 -1  0 -3  1  1 -1 -3 -1 -2 -1 -1  1 -3  4  1  1 -4 -1  0   11   3   5   0   3   7   2   1   1   1   6   3   5   0  26   9   8   0   2   5  0.40 0.30
   95 P    0  0  0  0 -4  0  2  1  2 -3 -2 -2 -1 -3  4  0 -1 -1  0 -2    7   4   3   4   0   5  14  13   5   0   4   0   2   0  21   7   3   1   4   2  0.34 0.27
   96 G   -1  0  0 -1 -3  1 -2  2  2  0 -2 -1  3 -1  0  1  0 -3 -1  0    4   5   3   3   0   8   0  16   7   6   1   2  11   2   5  10   7   0   1   8  0.15 0.21
   97 E    0  0  0  3 -1  1  1  0  2 -1 -3 -2  2 -2  1  1 -1 -4 -3 -2    7   7   3  18   2   7   9   7   6   4   1   0   7   2   6  10   3   0   0   2  0.20 0.22
   98 I    0  0  0  0 -2  0 -1  0  0  1  0 -1  1  0  0  1  0 -2  0  1    8   4   4   7   0   3   3   9   2  13   5   2   4   4   3  12   4   0   3  10  0.03 0.08
   99 A    1 -1  0 -1 -2  0 -1  1 -2  1  0 -1  1  0  1  0  0 -3 -2  0   15   4   3   3   0   6   3  11   0   9   6   2   4   5   7   7   5   0   0   9  0.07 0.10
  100 G    0 -3  0 -1  0  0  0  4  2 -1 -3 -2 -1 -3  0  0 -1 -4 -1 -1    9   0   4   3   2   3   6  36   6   3   2   2   1   0   4   8   4   0   2   5  0.37 0.28
  101 T    0  0  0  0  1  0 -1  1 -2 -1 -1 -2  1  0  0  1  1 -3 -1  0    8   5   4   4   4   3   4  13   0   2   5   0   4   6   3  15  12   0   2   6  0.09 0.14
  102 S    0  0  0  0 -3  2 -1 -1 -2 -1 -2 -2 -2  0  1  3  0 -3  0 -1    7   6   3   4   0  10   3   3   0   5   4   0   0   4   8  33   5   0   3   3  0.26 0.29
  103 S    1 -2  0 -1 -2  1 -1  0  1 -2 -1 -2  1 -1  1  1  2 -3 -1  0   12   0   5   3   0   7   3   8   3   0   7   0   5   3   6  15  13   0   2   6  0.12 0.17
  104 R    0  1  1 -2 -2  0 -1  0  1 -1 -1  0  0  0  0  2  1 -3 -1  0    7   8   8   0   0   2   3   8   3   4   4   5   3   4   4  18   8   0   2   7  0.08 0.12
  105 V    1 -2  0 -1  1  0  0  0 -2  1 -1 -2  1  0  1  1  0 -3  0  0   15   0   5   3   3   4   5   6   0  10   3   0   5   3   9  12   5   0   4   6  0.09 0.14
  106 T    1 -1  0  0 -3  0 -1  0  0 -2 -3  0  0 -1 -1  3  1 -4 -3 -1   10   2   4   5   0   4   2   7   2   2   1   6   2   3   2  34  10   0   0   3  0.31 0.30
  107 P    0 -2 -1 -3  0  0 -1 -1  2 -3 -3 -3 -3  0  5  1 -1 -4 -1  0    8   2   3   0   2   4   3   3   5   0   2   0   0   4  38  10   3   0   2   9  0.67 0.42
  108 Y    0 -3 -1 -3  4  0 -2 -1  1  1 -1 -2  0  2  1  0  1 -2  1 -1    9   0   3   0  13   5   0   4   5   8   6   0   3  10   8   8   8   0   5   3  0.18 0.19
  109 S    1 -1 -2 -2 -3 -2 -1  1  1 -3 -1 -2 -3 -1 -1  4  1  2 -3 -1   10   3   0   1   0   0   3   9   4   0   6   0   0   3   3  44   6   3   0   4  0.45 0.41
  110 S    0 -1 -2  0  1  0  0 -2 -3 -4 -2 -1 -1 -4  0  5  1 -4 -2 -2    7   3   0   4   3   3   5   2   0   0   3   2   2   0   4  50   7   0   1   3  0.57 0.46
  111 Q    0  0 -2 -1  0  2 -1  0  1  0 -1 -2 -1  0  1  1 -1 -2  3  0    8   6   0   2   2  13   2   8   4   8   4   0   1   3   6  12   3   0  13   5  0.13 0.19
  112 N   -1 -2  3  0 -3  3 -1 -1  2 -1 -2 -1  0 -2  0  1  0 -4 -1 -1    3   0  19   5   0  21   2   5   5   3   3   2   2   1   5  14   5   0   3   4  0.31 0.30
  113 Q    0 -1 -1 -1 -3  1 -1 -1  1 -1  1 -2 -2 -2  4  0  0 -3  0  0    6   2   2   2   0   9   2   5   4   2  14   0   0   1  25   8   7   0   3   7  0.32 0.25
  114 S    0  0  1 -2  2  0 -1  0 -2 -1 -1  0 -2 -1  1  2  1 -3 -2  0    5   6  10   0   5   4   0   6   0   4   4   6   0   4   6  25   7   0   0   8  0.14 0.15
  115 P    0  0  1 -2 -3 -2 -2  1  2 -2 -1 -2  1 -3  4  0  0 -3 -2  0    8   5   8   0   0   0   0  11   8   0   5   0   5   0  27   8   7   0   0   6  0.40 0.24
  116 L    0  1  1 -2  4  0 -1 -1 -2  0 -1 -1  0 -1  2  0  0 -3 -1  0    8   9   9   0  12   4   4   3   0   5   3   3   4   3   9   8   5   0   3   8  0.14 0.14
  117 S    2  0  0  0  1  0 -2  0  2 -2 -3 -2 -3 -1 -3  3  0 -4 -3 -3   22   4   4   5   4   5   0   5   7   2   1   0   0   3   0  32   4   0   0   0  0.37 0.30
  118 S    0 -1  0 -2  1  1 -1 -1 -2 -3 -2 -1  0 -1  0  4  1 -4 -1 -3    8   3   3   0   3   7   4   4   0   0   3   3   2   2   5  43   8   0   2   0  0.40 0.32
  119 A    0 -1  1 -1  1  0 -1  2  1 -2 -1 -1  0  0  0  1  0 -2  2 -2    9   2   6   2   4   4   2  18   3   0   7   3   4   3   4  11   4   0  12   2  0.13 0.15
  120 F   -1 -1  2 -2 -3 -1 -2  0  1  0  0 -1  1  3  1 -1  0 -2  2 -1    5   2  13   0   0   3   2   8   4   6   8   2   4  14   7   4   6   0   7   4  0.12 0.14
  121 Q    0  0  0 -1 -3  1  0 -1  0 -1 -1 -2 -2 -3  4  0  0  2 -2  0    7   7   4   4   0   7   6   5   3   3   4   0   0   0  26   6   7   4   1   6  0.34 0.22
  122 S    0 -3 -2 -1 -3  0 -2 -1  1 -4 -3 -1 -3 -1  2  5  1 -4 -3 -3    7   0   0   2   0   4   1   4   4   0   3   3   0   3  10  50   7   0   0   1  0.68 0.44
  123 P   -1 -4 -3 -3 -4 -1 -3  0  2 -4 -2 -3 -4 -4  7  0 -1 -4 -4 -2    4   1   1   1   0   3   1   7   4   1   4   1   0   0  58   8   3   0   0   3  1.38 0.56
  124 I    0 -2  0 -2 -1  0 -1  1 -2  1  0 -2  0  0  0  1  1 -3 -2  2    6   2   5   0   1   4   2  13   0  10   7   0   3   5   4  12   8   0   0  17  0.10 0.13
  125 P    1 -1 -1 -2 -3 -2 -1  0 -3 -2 -1 -2 -3 -1  4  2  1 -3  0 -2    9   3   2   0   0   0   4   8   0   2   6   0   0   2  27  20   7   0   4   2  0.45 0.29
  126 S    0 -1  0 -2 -3 -2  0  1  2 -3 -2 -1 -1 -3  1  4  0 -4 -1 -1    5   3   4   0   0   0   5   9   6   0   4   3   2   0   7  39   4   0   2   5  0.35 0.30
  127 Y    0 -2  0  0  2  0 -2  0  2  0 -1  0 -1  1  1  0  0  3  1  0    6   0   6   6   6   6   0   6   6   6   6   6   0   6   6   6   6   6   6   6  0.08 0.13
  128 Q    0  0  2  0 -3  1 -1 -1  2 -2 -1 -1 -2  2  0  2  0 -3  0 -2    6   6  11   4   0   7   1   5   6   2   5   3   0  11   4  17   6   0   2   3  0.15 0.19
  129 V    1 -1 -3 -3  3 -1 -3  0 -3  1 -1 -1 -1  0  4  0  0 -3 -1  0   14   2   0   0   8   2   0   7   0   8   5   4   2   6  22   7   6   0   2   5  0.32 0.26
  130 S    0  1 -1 -3  2  1 -2  0 -3 -2 -1 -1 -3 -1 -1  4  1 -4 -3 -1    5   8   2   0   5   7   0   5   0   2   5   3   0   3   3  38   7   0   0   3  0.38 0.37
  131 P   -1  1 -1 -3  1 -2 -2  0 -1  0 -2 -3  1 -4  5  0  0 -4 -1 -2    3   9   4   0   4   2   2   9   2   5   4   0   4   0  36   6   7   0   2   3  0.61 0.40
  132 S    1  0  0 -1 -1  0 -1  0 -2 -1 -1  0  0 -2  0  2  2 -4 -3  1   14   5   3   2   1   3   4   5   0   4   3   7   3   1   5  18  13   0   0  10  0.14 0.18
  133 S    0  0  0  0  0  1 -1  1  0 -4 -3  0 -3 -2  0  3  1  0 -2 -3    8   4   4   4   2   5   3  12   2   0   2   4   0   2   5  31   7   2   1   0  0.29 0.29
  134 S   -1 -2 -1 -3 -3  1 -3  0 -1 -2 -2 -3  1 -4  1  5  1 -4 -1  0    3   1   2   0   0   6   0   7   2   2   4   0   4   0   6  49   6   0   2   7  0.57 0.47
  135 S    0  1  0 -1 -3 -2 -2  1  1 -2 -3 -2 -3  1  1  3  0 -3  0  0    4   9   5   3   0   0   0  11   4   1   0   0   0   6   8  30   5   0   3   8  0.28 0.30
  136 F   -1 -3 -1 -3 -3 -3 -1 -2  3 -1  0 -3  1  3  1  1  0 -2  4 -1    4   0   3   0   0   0   3   3   8   2  10   0   4  16   6  15   6   0  17   3  0.34 0.30
  137 P    0  0 -3 -1  1  1 -3 -1 -3  1 -2 -2 -1 -2  5  0 -1 -4 -1 -1    6   6   0   3   3   6   0   5   0   9   4   0   2   1  36   8   4   0   2   3  0.60 0.37
  138 S    1 -3  0 -1  0  1 -2  1  0 -1 -2 -2 -3 -3  3  2  2 -4 -1 -2   10   0   5   4   2   6   0  13   2   4   3   0   0   0  13  18  14   0   2   2  0.29 0.26
  139 P   -2 -1  2 -3 -4 -2 -3  1  0 -1 -3 -3 -2 -2  5  1 -1  3  0 -3    2   4  10   0   0   2   0  12   2   5   1   0   1   1  33  13   4   4   4   1  0.67 0.43
  140 S    1 -1 -1 -3  0 -2 -3  1 -3 -2 -1 -2  0  1  3  2  1 -3  0  0    9   4   2   0   2   0   0  12   0   0   7   0   2   6  15  21  11   0   3   6  0.27 0.27
  141 R    1  2  2 -1 -2  0 -1  0  1 -3 -2  0  0 -1  1  1 -1 -3  1 -2   11  16  13   2   1   3   3   8   3   0   3   3   3   2   7  12   2   0   5   3  0.20 0.21
  142 G    0 -1  0 -2  0 -1 -1  2  0 -1  0 -2  0  1  1  1 -1 -2  3 -2    6   3   5   2   2   2   3  19   3   4  11   0   3   5   6  13   2   0  12   1  0.16 0.19
  143 E    0 -1  0  3  1  0 -1  0  0 -2 -1 -2  0  1 -1  2  1 -3 -2 -1    7   3   4  18   3   4   2   6   3   0   5   0   3   6   3  15  12   0   0   3  0.17 0.20
  144 P    1 -1  0 -1 -2 -2 -1  1  1  0 -1 -2  1 -2  2  2  0  2 -1 -1   13   3   5   4   1   1   2  13   3   8   3   1   6   1   9  17   4   3   1   4  0.14 0.16
  145 N    0 -2  2  1 -3 -1 -2  2 -1 -2 -3 -2 -3 -2  3  2  2 -3  0 -2    8   2   9   8   0   2   1  14   1   2   2   1   0   2  14  16  13   0   3   3  0.28 0.24
  146 N    1 -1  3 -2  0 -1  0  2 -1 -2 -3 -1 -3 -2  2  2  0 -4 -3 -2   10   2  16   0   2   2   5  18   1   2   2   4   0   2  10  14   7   0   0   2  0.30 0.25
  147 N    0 -2  2 -1 -3  0 -2  2  2 -1 -2 -2 -2  0  2  1  1 -3 -2  0    9   2  12   2   0   5   0  17   5   4   2   0   0   5  12  11   7   0   0   6  0.23 0.22
  148 M    1 -1  0  2 -3 -1  0  1 -2 -1  0 -2  2 -3  1  1 -1 -3 -1 -1   11   2   4  17   0   2   5  12   0   4   7   0   9   0   7  10   2   0   2   4  0.16 0.18
  149 S    1 -3 -1 -3 -3 -1 -2  3 -3 -3 -2  0 -1 -1  2  3  1 -4 -1 -2   14   0   2   0   0   2   2  23   0   1   3   6   1   3   9  24   8   0   2   1  0.38 0.32
  150 S    0 -2  3 -2 -4 -1 -3  1  2 -4 -3 -2 -1 -4  0  4  1 -5 -2 -1    8   1  16   1   0   3   0   8   5   0   1   1   2   0   5  35   9   0   1   3  0.51 0.42
  151 T   -1 -3  0 -2 -2 -1 -1 -1  1 -2 -3 -3 -3 -1  3  4  1 -4  0  0    4   0   5   1   1   2   4   3   3   2   1   0   0   2  14  37   9   0   4   7  0.45 0.38
  152 F   -1 -3 -3 -4 -3 -3 -3 -1 -3  1  4 -3  0  1  2 -1 -1 -3  0  0    6   1   0   1   0   0   1   6   0   6  46   1   1   6   9   5   4   0   4   4  0.41 0.29
  153 F   -2 -3 -2 -3 -2 -3 -3 -3 -3  4  2 -3  1  1  0  1  0 -3  0  1    1   1   2   1   0   1   1   1   0  35  17   1   4   6   4  11   7   0   3   6  0.39 0.27
  154 P    1  1 -1 -2 -2 -1 -1  1 -1 -1 -1  1 -1  1  2  1 -1 -2 -1  0   12  12   0   1   0   0   1  12   0   1   1  12   0  12  12  12   1   0   0  12  0.13 0.07
  155 F   -2 -3 -1 -3 -3 -1 -1 -1  0 -2 -2 -3  0  3  0  1 -1  7  3 -2    2   1   4   1   0   3   3   4   2   1   3   1   2  18   4  13   4  22  12   2  0.65 0.31
  156 L    0 -3 -1 -3 -2 -2 -3 -3 -3  1  3 -2  1  0  0  0  0 -2  1  0   11   1   4   1   0   0   1   1   0   5  45   1   3   2   5   7   5   0   5   3  0.30 0.22
  157 R   -1  3  0 -2 -3  1  0 -1  0 -2 -1  2  0 -1  2  1 -1 -3  0 -1    3  18   4   1   0   4   3   4   1   1   4  16   2   3  11  16   1   0   3   4  0.22 0.17
  158 N   -1  0  4 -1 -3 -1  0  1  1 -3 -3 -1 -3 -1  3  1  1 -3 -2 -2    3   4  27   0   0   1   4  10   4   0   1   2   0   3  14  12  11   0   0   2  0.39 0.25
  159 G    1 -2  0  0 -2  0 -2  0 -2 -1  1 -2  0 -1  0  2  1 -2  0 -1   14   0   4   4   0   3   1   7   0   3  18   0   2   3   4  22   9   0   3   2  0.12 0.15
  160 G    1 -3 -1 -2 -3 -2 -1  2  0 -2 -3 -2 -3  1  1  4  0 -3  0 -3   12   0   1   0   0   0   3  18   2   3   0   0   0   6   8  40   3   0   3   0  0.45 0.32
  161 I    1 -2  0 -2 -2 -2 -2 -1 -2  1 -1 -1 -2  2  2  2  0 -3 -1 -1   13   0   5   0   0   0   0   4   0  12   4   3   0  14  11  26   3   0   2   4  0.24 0.23
  162 P    0 -2  1 -1 -3 -2  0 -1  0 -2 -3 -2 -1 -3  5  2  0 -3  1 -1    7   0   9   3   0   0   6   5   3   2   1   0   1   0  29  17   5   0   7   4  0.48 0.27
  163 S    0  0  1  0 -3  1 -1  0  2 -2 -2 -1 -1 -2  2  2  2 -3  1 -2    7   4   8   5   0   9   0   7   5   2   2   0   1   0  11  20  13   0   6   0  0.24 0.20
  164 S    0 -1  1 -1 -3 -2 -2  0  3 -3 -2 -1  0 -1  2  3  2 -3  0 -3    5   2   8   1   0   0   0   7   8   0   2   3   2   3  13  30  12   0   4   0  0.35 0.26
  165 L   -1 -3 -3 -3 -3 -2 -1 -2 -3 -1  3 -1  2 -2  1  2  0 -3 -1 -1    2   0   0   0   0   0   4   3   0   0  42   3   5   0   7  22   5   0   2   2  0.34 0.29
  166 P   -1 -3  0 -3 -1 -3 -3  0  0 -1 -2 -3 -3  0  6  2  0 -3  2 -2    3   0   4   0   2   0   0   6   2   3   2   0   0   3  40  18   5   0   8   2  0.75 0.37
  167 S   -1 -3  1 -3 -1  0 -2 -3  0  0 -2 -2 -1  1  5  2  0 -3  1 -2    4   0   7   0   1   5   2   0   2   7   2   0   2   6  33  17   4   0   6   0  0.58 0.33
  168 L   -1 -1 -1 -1  0 -1 -1  0  1  0  2 -1 -1  0  3  0 -2 -2  0 -1    2   4   3   3   3   3   2   8   4   4  32   2   0   5  15   7   1   0   3   1  0.18 0.17
  169 R   -1  3  1 -1  0 -1 -1  1  4 -3 -2 -1  0  0  0 -1  0 -2  2 -3    4  23   6   3   2   1   2  15  14   1   2   1   3   3   4   1   5   0   9   1  0.30 0.22
  170 I   -1 -3 -1 -2 -2 -2 -1  3 -2  3 -1 -2 -1  1 -1 -1  2  1  1  0    3   1   2   1   0   1   3  23   0  23   2   1   0   6   3   4  17   2   6   3  0.25 0.21
  171 S    0 -2  0  0 -3  1 -2 -1  1 -4 -4 -2 -3 -4  0  5 -1 -4 -3 -3    5   1   2   4   0   5   1   5   4   1   1   1   0   0   5  62   1   0   0   1  0.80 0.45
  172 N    0 -1  3 -1  2  0 -2 -1  0  2 -2 -2 -2 -1  2  1  0 -3 -2 -1    5   3  21   2   5   4   1   3   2  21   1   1   0   3  12  12   4   0   0   1  0.26 0.22
  173 S    1 -3 -2 -2 -3  0 -2  1 -3 -4 -4 -2 -3 -4 -3  5  0 -4 -1 -3    8   0   0   0   0   4   1  10   0   0   1   0   0   0   0  67   3   0   2   1  0.96 0.49
  174 C    4 -3 -1 -3  1 -2 -2  0 -3 -3 -3 -2 -3 -1  1  3 -1 -3 -1 -2   49   0   2   0   3   0   1   4   0   0   1   0   0   2   8  26   0   0   2   1  0.62 0.34
  175 P   -3 -3 -3 -3 -4  0 -3 -4 -4 -4 -4 -1 -4 -5  8  0 -3 -5 -4 -4    1   0   0   0   0   4   1   1   0   0   1   3   0   0  78   7   1   0   0   1  2.07 0.61
  176 V    1 -2 -3 -3 -2 -1 -2 -3 -2  0 -1 -2 -1  0  0 -1 -1 -2  3  4   14   1   1   1   0   3   1   1   0   1   3   1   0   3   5   4   1   0  14  45  0.40 0.24
  177 T   -1 -3  0  0 -3 -3 -3 -3 -3 -2 -2 -3 -1 -4 -3  2  6 -4 -4 -2    3   0   3   5   0   0   0   0   0   1   3   0   1   0   0  12  71   0   0   0  1.14 0.51
  178 P    0 -3 -3 -3 -4 -3 -3 -3 -3 -4 -4 -3 -4 -5  7  3 -2 -5 -4 -4    8   0   0   0   0   0   0   0   0   0   1   0   0   0  62  24   0   0   0   0  1.61 0.49
  179 P   -2 -3 -3 -3 -4  1 -1 -2 -3 -4 -3 -3 -3 -5  7 -3 -1 -5 -4 -1    2   0   0   0   0   9   2   3   0   0   2   0   0   0  71   0   3   0   0   4  1.73 0.49
  180 V    1 -2  1 -1 -2 -2 -2 -2  0  0  2 -1  0 -1 -2  2 -1 -3 -2 -1   12   1   7   3   0   0   0   0   3   4  32   3   2   1   0  26   2   0   0   2  0.22 0.19
  181 S    0 -1 -2  0 -3 -2 -2  0 -1 -3 -3 -2 -3  0 -3  4  0 -2  5 -3    4   2   0   6   0   0   0   7   0   0   0   0   0   2   0  41   4   0  31   0  0.69 0.36
  182 S   -1  0 -1 -2 -3 -2 -2 -2 -3 -3 -4  0 -3 -4  0  6 -1 -4 -1 -1    1   4   0   0   0   0   0   1   0   0   1   5   0   0   3  76   0   0   3   4  0.98 0.43
  183 P   -2 -2 -3 -3 -4  0 -3 -4 -4 -4 -4 -3 -4 -5  8  0 -3 -5 -4 -2    3   2   0   0   0   5   0   0   0   0   1   0   0   0  77   6   0   0   0   3  1.98 0.52
  184 T   -1 -1 -1 -2 -3  0 -2 -3 -3  0 -2 -1 -2 -3  2  1  5 -4 -3 -1    3   3   1   0   0   3   1   1   0   5   1   2   0   0  12   6  56   0   0   4  0.70 0.32
  185 S    2  0 -1 -2 -1  0 -2  0  1 -3 -2 -1 -2 -3 -2  4  0 -3 -2 -2   19   4   1   1   1   3   1   4   4   1   2   1   0   0   1  54   2   0   0   2  0.56 0.28
  186 K    0  4 -1  0  0 -1 -1 -2 -1 -3 -3  0 -2 -3  3  2 -1 -3 -2 -3    9  36   1   5   2   1   1   1   2   1   1   3   0   1  17  16   2   0   0   1  0.51 0.23
  187 N    0  0  1 -1 -2 -1 -1  2 -1 -2 -2  0 -2 -2  1  2  2 -3 -2  0    4   5   6   2   0   1   1  15   1   1   4   7   0   1   7  17  21   0   1   7  0.19 0.12
  188 P    0 -2 -3 -3 -3 -1 -2 -1 -3 -3 -1 -2 -3  0  6  2 -1 -3 -1 -3    6   1   0   0   0   2   0   3   0   0   6   1   0   5  49  19   2   0   3   1  1.00 0.34
  189 K    0  3 -1 -2 -3  1 -1  1 -1 -3 -3  2 -2 -1  3  0 -1 -2  2 -2    6  24   2   0   0   7   0  10   1   0   1  12   1   2  14   7   2   0   9   2  0.32 0.18
  190 P   -1  1 -1 -2  0  1 -1 -1 -1  0  0  1  1  1  3  0  0  0  1 -1    4  11   3   0   3   7   1   5   0   5   9   8   4   6  14   5   5   1   6   2  0.12 0.08
  191 L    0  1  0 -2 -2 -1 -1 -2 -2  0  0  2  0 -1  1  2  1 -3 -2 -1    4   7   5   1   0   0   1   1   0   8  10  21   3   3   7  21   7   0   0   1  0.16 0.14
  192 P    0 -1 -1 -2 -3  0 -2 -1 -2 -3 -2 -2 -3 -2  6  1  2 -3 -1 -2    9   3   2   2   0   3   1   4   0   1   2   1   0   2  43   9  14   0   2   2  0.78 0.28
  193 N   -1 -1  1  3 -3 -1  1  0 -2 -2 -2 -1 -2 -3  2  0  2 -3 -1 -2    2   4   9  26   0   1   7   6   0   1   4   1   0   0  13   7  15   0   3   2  0.33 0.17
  194 W   -1  0 -1 -3 -3 -2 -2 -2 -2 -1 -2 -2 -2  1  1  1 -1  8  1 -1    4   7   2   1   0   1   1   1   0   3   3   2   0   6   7  17   3  32   5   4  0.80 0.27
  195 E   -1 -2 -1  3  0  0  2 -2 -2 -2 -2 -1 -2 -1  3  0  0 -3  0 -2    4   1   1  25   2   2  18   2   0   1   4   1   0   3  16   8   5   0   4   2  0.37 0.16
  196 S    1 -1  2  0 -2  0  0 -1  2 -3 -3 -1 -2 -1 -1  4  0 -3 -2 -3   10   2  10   6   0   2   7   3   6   1   1   1   0   3   2  41   5   0   0   1  0.39 0.24
  197 I    0 -1  0 -2 -2  0 -1  0 -1  0  0 -1 -1  0  3  0  0 -1  3 -1    7   4   4   1   0   5   1   7   1   5  11   3   1   4  19   8   4   0  14   1  0.21 0.12
  198 A    1 -2  2 -1  1 -1 -1 -1  0 -1 -2 -1 -1 -3  2  3  1 -3 -2 -1   15   1  13   1   3   2   1   1   3   3   2   2   2   1   9  27   9   0   1   5  0.26 0.17
  199 K    1  0  1 -1 -2  1 -1  0  0 -1 -2  0 -1 -2  2  1  0 -2  1 -1   12   4   9   2   0   7   2   7   2   2   3   6   1   1  11  17   2   0   6   6  0.14 0.08
  200 Q    0  0  0 -1 -1  1 -1  0 -1 -1 -1  0 -1 -2  2  1  2  0 -2 -1    8   4   3   2   1   7   2   8   2   2   6   3   1   1  13  13  18   2   1   3  0.18 0.10
  201 S    0 -1  0  0 -2  0 -1 -1 -1 -2 -1 -1 -2 -1  4  3  0 -2 -2 -1    7   4   3   5   1   4   2   4   2   1   4   2   1   3  22  27   3   0   1   5  0.33 0.15
  202 M    1 -1  0 -1 -1 -1 -1  0 -1 -1  0 -1  0  1  3  1  1 -1  0 -1   12   2   3   2   1   1   2   8   1   2   7   2   4   9  15  12  12   0   3   3  0.17 0.09
  203 A    2 -1  0 -1 -2 -1 -1  1  0 -1 -2 -1 -1  1  2  2  0  0  1 -1   22   1   5   1   0   2   2   8   2   3   2   1   1   6   9  21   3   2   5   2  0.18 0.12
  204 I    0 -2  0 -2  1  0 -1 -2 -2  1 -1 -2  1  0  2  1  1  4  0  0    8   1   4   1   4   4   4   1   0   8   4   1   6   3  10  14   9   7   3   8  0.16 0.15
  205 A    2 -1  0 -2  0 -2 -2  1 -2  0  0 -1 -1  0  0  1  0  1  0  0   28   3   6   0   2   0   1   9   0   7   7   3   0   4   3   9   3   3   2   8  0.12 0.16
  206 K    0  1  2 -1 -3  1 -1  1  1 -1 -1  1 -1 -2  0  0  1 -3  1 -1    6   7  13   3   0  10   0   9   4   3   7   8   0   0   4   5  11   0   5   4  0.11 0.14
  207 Q    0  0 -2  0 -3  1  0  0  1 -3 -2 -2  0 -3  4  2 -2 -4 -1 -1    6   5   0   6   0   9   5   8   3   0   3   0   3   0  22  22   0   0   2   4  0.38 0.30
  208 S    1 -1  0 -1  1 -2 -2  2 -3 -3 -2 -2 -3 -3  4  2  0 -3 -1 -1   10   3   3   3   3   0   1  16   0   0   3   1   0   0  23  21   4   0   3   5  0.43 0.27
  209 M    0 -1 -3 -1 -3 -2 -2  0  0 -1  1 -3  2  1 -1  0  0  7  0 -1    6   3   0   3   0   0   2   6   2   3  14   1   8   5   4   9   7  22   3   3  0.48 0.28
  210 A    2 -2  1  0 -1  0 -2  1  1 -2 -2 -1 -1 -1 -2  2  0 -3  1 -2   17   0   8   5   1   4   1  11   4   2   3   2   2   2   0  24   6   0   6   2  0.22 0.20
  211 S    0 -3 -2 -1 -3  0 -2  2  1 -3 -4 -2 -3 -3  3  3  0 -4 -1 -2    7   0   0   3   0   4   1  19   4   0   1   1   0   0  17  31   6   0   2   2  0.51 0.33
  212 F    1 -2 -2 -1  1  2 -2 -2 -2 -2  0 -2 -2  3  2  1  0 -2  0 -2   15   0   0   3   4  12   1   2   0   0  11   0   0  15  10  15   5   0   3   1  0.25 0.24
  213 N   -2  3  4 -1 -1  0 -2 -3  5 -4 -3 -2 -3 -3 -1  1  1 -4  1 -4    3  18  25   1   2   4   0   0  17   0   3   0   0   0   3   9   8   0   6   0  0.59 0.38
  214 Y   -3 -3 -2 -1 -1 -1 -3 -2  6 -2 -3 -3 -3 -1  0  2 -3  2  6 -3    1   0   1   4   2   3   0   2  21   3   1   0   0   1   4  20   0   3  33   0  0.88 0.45
  215 P   -1 -4 -1 -3 -4 -3 -3 -4 -4 -5 -5 -3 -4 -5  7  3  0 -5 -4 -4    4   0   3   0   0   0   0   0   0   0   1   0   0   0  62  21   6   0   0   0  1.67 0.62
  216 F    0 -3 -3 -3  1 -3 -3 -2 -2 -1  1 -3 -1  5 -1  1  1  1  2 -2    8   0   0   0   3   0   0   3   0   3  13   0   0  34   3  11   9   2   8   0  0.46 0.29
  217 Y   -1 -1 -2 -3 -3  1 -2 -3  0  0  2 -2 -1  4  0  1 -1 -2  1  0    2   2   1   0   0   8   0   0   2   5  25   0   0  21   4  17   2   0   5   4  0.29 0.25
  218 A    3 -3 -3 -3 -3 -3 -3  0 -3 -3 -3 -3 -1 -4  5  0 -1 -4 -1 -1   35   0   0   0   0   0   0   8   0   0   2   0   2   0  37   6   2   0   2   5  0.90 0.41
  219 V    1 -2  2 -2 -2  0 -2  0 -2 -1 -1 -1 -2  0  1  2  1 -3 -2  1   13   0  13   0   0   3   0   6   0   2   3   3   0   5   6  21   8   0   0  15  0.18 0.19
  220 S   -1 -3  0 -3  1  0 -3 -1 -3 -4 -4 -3 -3 -1 -3  6  1 -4  2 -4    2   0   2   0   3   3   0   3   0   0   0   0   0   2   0  68   6   0   8   0  0.97 0.52
  221 A    3 -1  0 -2 -2  0 -2  0 -3 -3 -3 -2 -1 -1  0  2  3 -4 -3 -2   29   3   3   0   0   4   0   7   0   0   0   0   2   2   4  17  27   0   0   0  0.44 0.31
  222 P    1 -2 -2 -2 -3  1 -2 -3  2  0 -2 -2  2 -3  5  0  0 -4 -3 -2   15   0   0   0   0   7   1   1   7   7   1   1   8   0  36   8   6   0   0   1  0.68 0.28
  223 A    0 -2 -1  1  1  0 -1  1  1  2 -1 -2 -1 -2  2  0  0 -2  1  0    6   0   0  11   4   4   1  13   4  18   4   1   0   0  11   5   5   0   6   6  0.12 0.11
  224 S    0  0  1 -1 -2 -1 -1  0  2 -2 -2 -1  1 -2  1  3  1 -3 -2  0    6   6   6   1   0   0   1   8   7   1   1   1   6   0   8  30   8   0   0  10  0.21 0.16
  225 P   -1 -3 -2 -2  3 -2 -2  1 -3  0 -2 -2 -2 -3  5  1  0 -3 -3  0    1   1   0   1   7   0   1  13   0   8   1   1   0   0  37  17   4   0   0   8  0.66 0.22
  226 T   -1 -1  2 -3 -3 -3 -3  3 -3 -3 -4 -2 -3 -4  0  1  4  2 -3 -2    3   3   9   0   0   0   0  28   0   1   0   0   0   0   5  10  32   3   0   3  0.59 0.36
  227 H   -2  4  0 -1  1 -1 -2  1  4 -2 -3 -1  0  0  0  0 -2  1  1 -3    1  30   4   4   4   0   1  13  12   3   1   1   3   4   4   8   1   2   4   1  0.37 0.25
  228 R   -1  3  0 -2 -1  3  1 -1  2 -3 -3  1 -2 -3 -2  1  1 -3 -2 -3    4  20   4   1   1  16   7   5   7   1   1   9   0   0   1  15   7   0   0   1  0.37 0.23
  229 H    0  1  0  0 -2  2 -1 -1  2 -1 -1 -1 -2 -3  2  2  0 -3 -2  1    9   8   4   4   0  11   1   3   6   2   5   2   0   0  12  18   3   0   0  13  0.18 0.17
  230 Q    0  0 -1 -1 -2  2  1  1  1  0 -1 -1 -1 -1  2 -1 -1 -3 -2  0    6   4   2   2   0  11  11  11   5   4   6   2   2   2  14   3   3   0   0  11  0.14 0.11
  231 F    0 -1 -2 -1 -3 -1 -2 -1  2 -1  0 -1 -1  1  1  0 -1  5  1  0    9   4   0   5   0   1   1   4   8   2  13   4   1   8   6   8   1  10   5   8  0.17 0.14
  232 H    0 -1  1  0 -3 -1 -1 -2  2 -1 -1 -2 -2  2  3  1  0 -2  2 -1    6   3   6   5   0   1   4   1   6   3   4   0   0   9  18  16   3   0  10   3  0.26 0.19
  233 T    2 -2  0  2 -3 -1 -1 -1  2  0 -3 -2 -2 -3  1  2  2 -4 -3 -1   18   1   3  16   0   2   0   2   7   6   0   1   0   0   5  18  15   0   0   4  0.29 0.23
  234 P   -1 -3  0 -3 -4  1 -1  1  1 -4 -4 -2 -3 -1  6  0  0  0 -1 -2    2   0   4   0   0   8   2   9   3   0   1   2   0   3  45   7   7   1   2   2  0.87 0.39
  235 A    1 -2 -2  0 -2  0 -1  0 -2  0  0 -2 -1  1  1  1  0  0  0  0   14   0   0   8   0   5   0   9   0   8  11   0   1   8   8  10   8   1   3   5  0.08 0.10
  236 T    0  0 -1 -2 -3  1  0 -1 -2 -3 -2  0  1 -3  2  2  2  4  0 -1    8   6   2   0   0   7   4   3   0   0   1   5   5   0  10  16  20   7   3   3  0.29 0.22
  237 I   -1 -3 -3 -3 -3  0 -3 -1 -3  4  2 -3 -1  1  2 -1  1 -3 -2  0    4   0   0   0   0   4   1   4   0  31  26   1   0   5  10   4   8   0   0   1  0.37 0.25
  238 P    0 -2 -2 -3 -3  0 -2  0  0 -1  0 -1  0 -2  5  1  0  3 -3 -2    9   1   1   1   0   5   1   7   2   3   9   4   3   1  34  11   4   4   0   1  0.56 0.27
  239 E    0 -1 -2  0 -3  1  3  0  0 -3 -1 -1 -2 -2  1  2  0  2  1 -3    5   3   0   3   0   7  27   6   3   0   8   1   0   0   6  17   3   3   5   1  0.26 0.21
  240 C    1 -1  0 -2  5 -2 -2  2 -2 -1 -1 -2 -2 -1  0  2 -1 -3 -1 -2   11   4   5   1  15   0   1  18   0   3   4   1   0   4   5  23   1   0   1   1  0.32 0.21
  241 D    0 -3  0  4 -4  1 -1  1 -3 -4 -2 -2 -3 -2  5 -2 -3 -4 -4 -4    7   0   3  30   0   7   1   9   0   0   4   0   0   2  33   0   0   0   0   0  0.86 0.38
  242 E    0 -2 -1 -1 -2  1  2 -1 -2  0 -2 -1 -2  1  2  1  2 -2  0 -1    9   0   2   0   0   5  16   4   0   7   1   0   0   8   9  12  18   0   4   4  0.19 0.17
  243 S   -1  1 -2 -2 -3  0 -2 -3 -3  0 -3 -2 -3  0  0  5 -1  2 -1 -3    3   9   0   0   0   5   1   1   0   8   1   0   0   4   4  58   0   3   2   1  0.68 0.41
  244 D   -1 -3  0  2 -3 -2 -1 -1  1 -1 -3 -2 -3 -4  5  3 -1 -4 -3 -3    3   0   4  14   0   0   3   4   4   5   1   1   0   0  31  26   3   0   0   1  0.68 0.32
  245 S    1  0  0 -1  0  0  1 -2  1 -2 -2 -1 -2 -3  2  1  2 -3 -2 -1   13   7   5   0   3   3   8   1   5   0   3   1   0   0  10  13  21   0   0   4  0.22 0.16
  246 S    1  0 -1  0 -2 -1 -1  0 -2 -2 -2 -1 -2  1  0  3  2 -2  1 -2   13   7   0   6   0   0   1   5   0   0   1   0   0  10   4  32  14   0   6   1  0.27 0.21
  247 T    2 -2 -1 -2  0 -2 -2 -2 -2  0  0 -2 -1  0  1  2  2 -2  2  0   19   0   2   0   2   0   0   1   0   4   7   0   0   4   7  18  22   0   8   4  0.22 0.19
  248 V    0 -2 -1  0 -2 -1 -1  1 -2  0  0 -2  0 -1  1  1  0 -2  0  1    7   0   2   6   0   0   3  13   0   5  10   0   2   2   9  19   3   0   4  14  0.10 0.11
  249 D    0 -1  0  3 -2 -1  1 -2 -2 -2 -1 -1 -2 -3  3  2  0 -3 -3  0   10   3   4  19   0   0  10   1   0   0   5   0   0   0  13  18   6   0   0  10  0.27 0.17
  250 S    0 -2  0 -2 -2 -1 -2 -2 -2 -2 -1  0 -2 -1  1  4  1 -3  0 -1    5   0   3   0   0   0   1   1   0   0   7   7   0   2   6  48   9   0   4   5  0.37 0.26
  251 G    1 -1  1 -2  0 -1 -2  3 -2 -3 -3 -2 -2 -3  2  2  0 -3 -3 -1   12   4   6   0   2   1   1  32   0   0   1   0   0   0  12  17   7   0   0   4  0.41 0.22
  252 H   -1  3  3 -2 -3  2 -1 -2  1 -3 -3  0 -2 -3  3  0 -1  1  0 -2    3  21  19   0   0  10   1   1   3   0   1   4   0   0  18   5   3   2   4   2  0.47 0.25
  253 W   -1 -3  3 -3 -3 -3 -3 -2 -3 -4 -3 -1 -3 -1  3 -1  1  9  1 -3    4   0  18   0   0   0   1   3   0   0   1   3   0   2  18   3   8  34   4   1  1.16 0.43
  254 I   -1 -3 -1 -3 -2 -3 -3 -1 -2  1  1 -3  1  4  1 -1 -1 -1  3  1    2   0   3   0   0   0   0   4   0  11  12   0   3  25   6   6   3   0  10  12  0.28 0.19
  255 S    1 -1  2 -1 -1 -2 -2  2 -2 -3 -3 -1  0 -2  2  3 -1 -4 -3 -1    9   3  10   2   1   0   0  14   0   0   2   1   3   2  12  37   0   0   0   4  0.39 0.27
  256 F   -1 -3 -3 -4 -1 -3 -3  1 -3 -2 -1 -2  1  6 -4 -1 -1 -1  1 -1    4   0   0   0   1   0   0  12   0   0   3   2   3  55   0   6   4   0   2   4  0.81 0.37
  257 Q   -2  0 -2 -2 -3  4  0  0  0 -2 -2  1 -2  2  0  2 -2 -3 -2 -1    0   5   0   0   0  29   3   9   2   2   1  11   0  10   5  17   0   0   0   4  0.33 0.26
  258 K    0  0  0  0 -2  0  2 -2 -2  0 -2  1  0 -3  2  0  1 -3 -2  0   10   6   2   5   0   1  15   2   0   9   1  13   2   0  12   5   9   0   0   6  0.18 0.13
  259 F   -1 -2  0  0 -3 -1  1  0  0 -1 -1 -2  0  4  0  0  0 -2  1  0    5   0   3   6   0   2  12   6   3   2   4   1   2  28   4   6   7   0   3   8  0.16 0.15
  260 A    2 -1 -1  0 -2  0 -1 -1  0 -1 -2  1  0 -1  2  1  0 -3 -2  0   29   0   2   6   0   3   1   4   2   2   1  12   3   2  11  10   4   0   0   8  0.21 0.16
  261 Q    1  0 -2 -2 -2  2  1  0 -2 -1  0 -1  1 -1  3 -1 -1 -3 -2 -1   16   4   1   1   0  13  14   7   0   4   9   1   5   3  18   1   3   0   0   2  0.24 0.16
  262 Q    1 -1  0 -1 -1  1 -1  1  1  0 -1 -1 -1  0 -1  2  1 -2  1 -1   12   1   4   1   1   8   1  14   3   6   3   1   0   4   3  18   8   0   6   4  0.11 0.10
  263 Q    0 -1  1 -1 -2  0 -1  3 -2  0 -1 -1 -1 -2  0  1  0 -2 -2  0    9   2   7   3   0   4   1  25   0   9   4   1   2   1   4  17   3   0   1   6  0.17 0.11
  264 P    1 -2 -1 -1  0 -1 -1  2 -2 -2 -1 -1 -2 -1  4  0  0 -2  0 -1   10   1   3   1   2   2   4  16   1   1   7   2   1   2  27   7   5   0   4   3  0.35 0.14
  265 F    1 -1  1 -1 -2 -1 -1  2 -1 -2 -2 -1 -1 -1  0  1  3 -2 -2 -1   14   2   8   2   0   1   1  18   2   1   2   1   1   3   5   8  25   0   1   5  0.22 0.15
  266 S    1 -2  0 -2 -2 -2 -2  0 -2 -3 -3 -2 -1 -1 -2  5  1 -3 -3 -1    7   1   4   1   0   1   1   7   0   1   1   1   1   2   1  61   6   0   0   3  0.68 0.37
  267 A    1  2 -2 -2 -2 -1 -2  0 -2  0 -1 -1 -1 -3  4  2  1 -3 -3 -2   14  15   0   0   0   0   1   7   0   6   4   0   1   0  22  19   7   0   0   1  0.38 0.22
  268 S    0 -1  0 -2 -3  1 -2  1 -2 -3 -2 -1  4 -3  1  4  1 -4 -3 -2    6   2   4   0   0   9   0   9   0   0   1   2  15   0   6  40   6   0   0   0  0.44 0.32
  269 M    1  3 -2 -3 -1 -2 -3 -1 -2 -2 -2 -2  0  0 -3 -1  1  6  4  0   17  19   1   0   1   0   0   4   0   0   2   0   3   2   0   4   9  14  17   7  0.49 0.30
  270 V    2  0  0 -3  0 -2 -2  0 -3 -1 -2 -1  4 -2 -2  2  2 -4 -3  0   19   5   3   0   2   0   0   6   0   1   0   1  15   1   1  19  18   0   0   8  0.28 0.26
  271 P   -2 -4 -4 -3  5 -1 -1 -4 -4 -4 -4 -3  0 -4  7 -2 -3  2 -2 -4    3   0   0   0  15   2   3   1   0   0   1   0   3   0  64   2   0   3   1   0  1.70 0.55
  272 T    0 -3  0 -2  1 -2 -2  1 -1 -2 -2 -2 -2 -3  1  1  5 -4 -3 -2    5   0   5   0   3   0   0  14   2   1   2   0   0   0   8   9  48   0   0   2  0.58 0.34
  273 S   -1 -2 -1 -2 -2  0 -2  0 -2 -3 -3 -2 -2 -3  4  4  1 -3 -3 -3    1   1   1   1   0   3   1   7   0   1   2   1   0   1  21  50   6   0   1   1  0.69 0.30
  274 P    0 -3 -2 -2 -3 -2 -2  3 -3 -3 -3 -2 -3 -1  6 -1 -2 -3 -3 -3    6   1   1   1   0   1   1  22   0   1   2   1   0   3  52   4   1   0   1   1  1.13 0.32
  275 T    1 -2 -2 -2 -3  5 -1 -3 -2 -3 -3 -2 -2 -4 -3  1  4 -4  0 -2   10   0   0   0   0  36   0   0   0   0   0   0   0   0   0   9  38   0   3   2  0.78 0.41
  276 F   -2 -3 -3 -4 -3 -3 -3 -2 -2 -3 -2 -3 -1  6 -4  4 -2 -2  4 -3    0   0   0   0   0   0   0   3   0   0   2   0   1  41   0  37   0   0  15   0  0.98 0.44
  277 N   -1 -3  5 -2 -4 -2 -2  4 -2 -4 -5 -2 -4 -4 -3  2  0 -4 -4 -4    3   0  35   0   0   0   0  39   0   0   0   0   0   0   0  18   4   0   0   0  0.91 0.38
  278 L    0 -3 -3 -3  1 -3 -3 -3 -3 -1  2 -3 -1  1  3 -2  3  5 -2 -2    6   0   0   0   3   0   0   0   0   0  30   0   0   7  15   0  27   9   0   0  0.53 0.29
  279 V   -2 -2 -3 -4  7 -3 -3 -3 -3  0  0 -3  3 -3 -3  0  1 -3 -3  2    0   3   0   0  32   0   0   0   0   3   7   0  13   0   0   8  12   0   0  20  0.71 0.31
  280 K   -1 -1  1 -2 -3 -1 -1  0  0 -3 -2  2 -2 -1  0  4  0 -4 -3 -3    2   0   7   0   0   2   0   5   2   1   3  20   0   2   4  46   4   0   0   0  0.45 0.28
  281 P   -1 -4 -4 -3 -4 -2 -3 -2 -4 -4 -4 -2 -4 -5  8 -1 -3 -5 -4 -4    4   0   0   0   0   2   0   3   0   0   1   2   0   0  83   3   0   0   0   0  2.22 0.58
  282 A    3 -3 -1 -3 -2 -1 -2  0 -3  1 -1 -2 -1 -3  1  0  0 -3 -3  3   36   0   2   0   0   2   0   7   0   8   1   0   0   0   7   4   3   0   0  27  0.33 0.22
  283 P    0 -2 -1 -2 -2 -2 -2 -2 -2  2  0 -2  2  0  2  0 -1  2  1  1    9   0   4   2   0   0   1   3   0  18   7   0  11   4  10   6   1   4   5  14  0.16 0.13
  284 Q    1  0  1 -2 -3  3  0  2 -2 -3 -3 -1  0 -4  3  1 -1 -3 -3 -3   16   4   6   0   0  16   6  15   0   0   0   0   4   0  17  14   0   0   0   0  0.39 0.21
  285 Q    2 -1 -2  0 -3  2  0  3  0 -4 -3 -1 -2 -4  3  0 -2 -4 -3 -3   22   2   0   4   0  11   4  31   3   0   0   2   1   0  14   5   1   0   0   0  0.48 0.23
  286 M   -1  0 -2 -2  1  0 -1  2  0  1  0 -2  3 -2 -3 -1  1  1 -1  1    2   6   1   0   3   3   4  20   3  10   8   0  13   0   0   3  12   2   2   9  0.14 0.15
  287 S    1 -2  0  0 -2 -1  0  0 -1 -1 -1 -2 -1 -2  1  3  0 -4 -3 -1   12   1   2   5   0   1   4   6   1   5   7   0   1   1   8  36   5   0   0   3  0.25 0.20
  288 P    0  1 -2  2 -3  0 -1 -1 -2 -1 -2  0  0 -3  5  0 -1 -1 -3 -2    7   9   0  16   0   5   2   5   0   3   4   5   2   1  30   4   3   1   0   2  0.48 0.21
  289 N    0  1  1  1 -3  1  0  0  2 -2 -2  0  1 -3  1  0  0  4 -2 -1    7   7   7   7   0   7   7   7   6   0   1   7   6   0   7   7   7   6   0   7  0.15 0.16
  290 T    0  0  1  0 -2 -1  0  1  2 -1 -1  0  1  0  0  0  1  2 -1  0    6   6   6   5   0   0   5  11   8   4   4   4   5   4   4   6  11   3   0   7  0.07 0.11
  291 A    1 -1  0  2 -3 -1  1  1  2 -1 -2 -2  0 -3  0  2  0 -4 -3 -1   14   3   4  13   0   0   9  11   6   4   3   0   3   0   4  17   4   0   0   3  0.19 0.21
  292 A    1 -1  0  2 -2 -2  0  0  0  0 -1 -2  2 -1 -2  0  0 -3 -2  1   18   4   3  16   0   0   5   8   3   5   6   0   7   2   0   5   5   0   0  12  0.13 0.17
  293 F    0 -2  0  0 -2  0 -2  0  3  1  0 -2  1  0  0 -1  0  3 -1  1   10   0   4   5   0   6   0   9  10  11   7   0   6   3   5   2   4   6   0  11  0.11 0.16
  294 Q    1 -1 -2 -2 -3  1  1  1 -2 -1 -2  0  3 -3  1  0  1  2 -2  0   15   2   0   0   0   8   9  10   0   2   1   6  13   0   8   8   8   3   0   5  0.20 0.22
  295 E    0  0 -2  1 -3  0  3 -1  0 -2 -2 -2  5 -1 -3 -1  1 -3 -3 -1    7   6   0   8   0   3  27   5   2   0   1   0  20   3   0   4   8   0   0   4  0.36 0.30
  296 I   -1  2  2  3 -1 -1  1  0 -2 -1 -2  1 -1 -3  0 -1 -1 -3 -3 -1    3  18  10  19   1   0   7   8   0   5   3   8   2   0   5   2   4   0   0   5  0.22 0.17
  297 G    2  0 -2 -1 -3 -3 -1  5  0 -2 -4 -1 -1 -4 -3 -1 -2 -4 -4 -1   20   5   0   2   0   0   3  49   2   2   1   3   1   0   0   3   2   0   0   5  0.69 0.37
  298 Q    2  2 -2 -1 -3  1 -1  0  0  1 -1  0  1 -2 -2  0 -1  2 -2  0   20  18   0   2   0   6   2   7   3  12   2   5   5   0   0   4   2   3   0   8  0.16 0.18
  299 S    1  0 -2 -2 -3 -2  1  3 -3 -3 -4 -2 -3 -4  1  3  0 -4 -3 -1   11   5   0   0   0   0  10  27   0   0   1   0   0   0   7  28   4   0   0   5  0.47 0.32
  300 S    2 -1 -1  3 -3 -2  1 -1 -3 -1 -3 -2  0 -4  3  1 -1 -4 -3 -1   21   3   2  19   0   0   7   4   0   3   1   0   3   0  15  14   2   0   0   5  0.36 0.26
  301 E   -1 -3 -2  3 -5 -1  6 -4 -3 -2 -5 -1 -4 -5 -3 -3 -3 -5 -4 -4    4   0   0  16   0   0  71   0   0   3   0   3   0   0   0   0   0   0   0   0  1.42 0.62
  302 F   -4 -4 -4 -4 -4  0 -4 -4  0 -2 -1 -1 -2  8 -5 -1 -4 -2  0 -3    0   0   0   0   0   5   0   0   2   0   3   4   0  78   0   4   0   0   0   0  1.60 0.48
  303 K    3  0 -2  1 -3  0  3  0 -2 -3 -3  0 -3 -4 -2  1 -2 -4 -3 -3   32   5   0   7   0   2  31   8   0   0   1   3   0   0   0   9   0   0   0   0  0.47 0.24
  304 F   -3 -3 -4 -4 -4 -3 -4 -1 -3 -1 -2  0  2  7 -4 -3 -1 -1  0 -2    1   0   0   1   0   0   1   5   0   3   1   6   7  69   0   1   4   0   0   1  1.28 0.40
  305 E   -1  0 -1  1 -3 -1  2  4  1 -2 -2 -1 -2 -3 -2 -1 -2 -3 -3 -1    4   6   1   8   0   0  21  38   5   3   5   1   0   0   1   1   1   0   0   5  0.42 0.19
  306 N   -1  0  3  0  1 -1 -1  0 -2 -3 -3  1 -3 -3 -2  4  1 -3 -3 -3    1   5  15   4   4   0   1   4   0   1   1   8   0   0   1  45   6   0   0   1  0.50 0.24
  307 S    0 -3  1 -2  2 -2 -2  4 -2 -2 -2 -2 -2 -3 -3  3 -1 -3 -1  0    4   0   9   0   5   0   2  35   0   0   5   0   0   0   0  27   0   0   2   8  0.45 0.22
  308 Q    1  3 -1 -2 -3  2 -1  1 -2 -3 -1  0  0 -3 -2  1  1 -3 -3 -2   17  18   0   0   0  15   0  11   0   0   6   4   2   0   0  14  10   0   0   0  0.27 0.18
  309 V   -2 -4 -4 -4 -3 -4 -4 -1 -4  1  0 -4 -1  1 -4 -3 -2 -4 -2  6    1   0   0   0   0   0   0   5   0   5   4   0   0   7   0   0   0   0   0  74  1.00 0.38
  310 K   -2  1 -1 -2 -4 -1 -1 -3 -2 -4 -4  6 -3 -4 -3  0  1 -4 -3 -3    1   6   2   0   0   0   1   1   0   0   1  70   0   0   0   7   8   0   0   1  1.07 0.39
  311 P    4 -3 -3 -3 -3 -3 -3 -3 -3 -4 -4 -3 -3 -4  7 -2 -2 -4 -4 -3   36   0   0   0   0   0   1   1   0   0   1   0   0   0  57   1   1   0   0   1  1.55 0.44
  312 W   -4  0 -5 -5 -4 -4 -5 -4 -4 -5 -4 -4 -4 -2 -5 -5 -4 12 -1 -5    1   5   0   0   0   0   1   1   0   0   1   0   0   0   0   1   1  87   0   1  3.70 0.76
  313 E   -3 -2 -2 -1 -5  1  6 -4 -2 -1 -4  1 -3 -5 -3 -2 -3 -5 -4  0    0   0   0   0   0   4  76   0   0   3   0   7   0   0   0   0   0   0   0   7  1.30 0.46
  314 G   -2 -4  1 -3 -5 -3  0  6 -4 -6 -6 -3 -5 -5 -4 -2 -3 -5 -5 -5    0   0   7   0   0   0   7  87   0   0   0   0   0   0   0   0   0   0   0   0  1.70 0.43
  315 E   -3 -3 -3 -1 -6 -1  7 -5 -3 -6 -5 -2 -5 -6 -4 -3 -3 -5 -5 -5    0   0   0   0   0   0 100   0   0   0   0   0   0   0   0   0   0   0   0   0  2.08 0.56
  316 R   -3  6 -2 -3 -5  1 -2 -4 -2 -3 -4  4 -1 -5 -4 -2 -3 -5 -4 -1    0  57   0   0   0   5   0   0   0   1   0  29   1   0   0   0   0   0   0   7  1.17 0.37
  317 I   -3 -5 -5 -5 -3 -4 -5 -6 -5  6  0 -4  5 -2 -5 -4 -3 -4 -3  2    0   0   0   0   0   0   0   0   0  75   0   0  18   0   0   0   0   0   0   7  1.43 0.42
  318 H   -3 -3  1 -3 -5  1 -1 -4  9 -5 -5 -3 -4 -4 -4  0  0 -5 -1 -5    0   0   7   0   0   7   2   0  73   0   0   0   0   0   0   7   5   0   0   0  1.93 0.50
  319 D   -3 -2  1  4 -6 -1  6 -4  1 -5 -5 -2 -4 -5 -3 -2 -3 -5 -4 -5    0   0   7  22   0   0  69   0   3   0   0   0   0   0   0   0   0   0   0   0  1.36 0.41
  320 V   -2 -3  0 -3  4 -2  1 -4 -3  1  0  0  1 -1 -3  0 -1 -4 -3  4    0   0   5   0  13   0  12   0   0   7   7   7   3   2   0   6   0   0   0  39  0.36 0.20
  321 G    2 -3  0 -2  2 -2 -3  5 -2 -3 -3  0 -3 -3  0 -1 -2 -3  1 -1   18   0   6   0   5   0   0  49   0   0   0   6   0   0   4   0   0   0   7   6  0.58 0.18
  322 M    1 -2 -2 -3 -2 -2 -2 -2 -3  0  1 -2  3 -1  1  2  1 -3 -2  1   14   0   0   0   0   0   0   0   0   5  15   0  11   1   7  26   8   0   0  12  0.24 0.13
  323 E   -3 -3 -1  7 -5 -2  3 -3 -3 -5 -5 -2 -5 -5 -3 -1 -3 -6 -5 -5    0   0   0  80   0   0  18   0   0   0   0   0   0   0   0   2   0   0   0   0  1.64 0.36
  324 D   -3 -3 -1  7 -5 -1  4 -3 -3 -5 -5 -2 -5 -5 -3 -2 -3 -6 -5 -5    0   0   0  71   0   0  29   0   0   0   0   0   0   0   0   0   0   0   0   0  1.56 0.35
  325 L   -3 -4 -5 -5 -3 -4 -5 -5 -5  0  6 -4  0 -1 -5 -4 -3 -3 -3 -1    0   0   0   0   0   0   0   0   0   0 100   0   0   0   0   0   0   0   0   0  1.40 0.34
  326 E   -3 -2 -2 -1 -6  0  7 -4 -2 -5 -5 -1 -4 -5 -3 -2 -3 -5 -4 -5    0   0   0   0   0   0 100   0   0   0   0   0   0   0   0   0   0   0   0   0  1.89 0.43
  327 L   -3 -4 -5 -5 -3 -4 -5 -5 -5  0  6 -4  0 -1 -5 -4 -3 -3 -3 -1    0   0   0   0   0   0   0   0   0   0 100   0   0   0   0   0   0   0   0   0  1.40 0.34
  328 T   -2 -3 -2 -3 -3 -3 -3 -4 -4 -3 -3 -3 -3 -4 -3 -1  7 -5 -4 -2    0   0   0   0   0   0   0   0   0   0   0   0   0   0   0   0 100   0   0   0  1.78 0.44
  329 L   -3 -4 -5 -5 -3 -4 -5 -5 -5  0  6 -4  0 -1 -5 -4 -3 -3 -3 -1    0   0   0   0   0   0   0   0   0   0 100   0   0   0   0   0   0   0   0   0  1.40 0.34
  330 G   -2 -4 -2 -3 -4 -4 -4  7 -4 -6 -6 -3 -5 -5 -4 -2 -4 -4 -5 -5    0   0   0   0   0   0   0 100   0   0   0   0   0   0   0   0   0   0   0   0  2.03 0.38
  331 N   -1 -2  5 -1 -1 -2 -2 -1 -1 -3 -3 -2 -3 -1 -3  3 -1 -4  1  0    0   0  41   0   1   0   0   3   0   0   0   0   0   2   0  37   1   0   6   9  0.66 0.23
  332 G    1 -3  0 -2 -3 -2 -2  4 -3 -4 -4 -2 -3 -4 -3  4  1 -4 -3 -3    8   0   3   0   0   0   0  35   0   0   0   0   0   0   0  43  11   0   0   0  0.70 0.21
  333 K   -2  3  0 -2 -4  0  1 -3 -2 -4 -3  5  0 -4 -2  0  0  3 -3 -3    0  15   2   0   0   0   7   0   0   0   0  55   3   0   0   8   5   5   0   0  0.67 0.20
  334 A    3 -1 -2 -2 -2 -2 -2 -1 -3 -2 -3  0 -2 -3  0  0  5 -4 -3 -1   30   2   0   0   0   0   0   4   0   0   0   4   0   0   4   3  51   0   0   3  0.57 0.20
  335 R   -3  7 -2 -3 -5  0 -1 -4  2 -4 -4  1 -3 -4 -4 -2 -3 -4 -3 -4    0  94   0   0   0   0   0   0   6   0   0   0   0   0   0   0   0   0   0   0  1.53 0.27
  336 G    3 -2 -1 -2 -2 -2 -2  5 -2 -3 -3 -2 -2 -3 -2  0 -1 -3 -3 -2   40   0   0   0   0   0   0  60   0   0   0   0   0   0   0   0   0   0   0   0  0.74 0.07

                      K         Lambda
Standard Ungapped    0.1246     0.3109
Standard Gapped      0.0399     0.2670
PSI Ungapped         0.1292     0.3024
PSI Gapped           0.0399     0.2670
