
Last position-specific scoring matrix computed, weighted observed percentages rounded down, information per position, and relative weight of gapless real matches to pseudocounts
           A  R  N  D  C  Q  E  G  H  I  L  K  M  F  P  S  T  W  Y  V   A   R   N   D   C   Q   E   G   H   I   L   K   M   F   P   S   T   W   Y   V
    1 M   -3 -3 -4 -5 -3 -2 -4 -5 -3  2  1 -3  9 -2 -4 -3 -2 -3 -3 -1    0   0   0   0   0   0   0   0   0  11   2   0  88   0   0   0   0   0   0   0  1.62 0.36
    2 R    0  4 -1 -2  0  0  1 -1  0 -3 -2  4 -1 -3 -2  0 -1 -2 -3 -3    7  23   0   0   3   1   6   3   2   0   4  41   2   0   0   6   1   1   0   0  0.44 0.15
    3 L   -1 -2 -1 -4 -1 -2 -3 -4  0  1  3 -1  5  2 -2 -2  0 -2 -1  0    4   1   4   0   1   0   0   0   2   3  37   3  23   9   1   2   6   0   0   4  0.34 0.16
    4 S    0  2  0 -2 -1 -1 -1 -2 -1  1  0  1  0 -1 -3  1  0  5 -1  0    5  15   5   0   1   0   4   0   2  10  11   7   1   1   0  15   5  10   0   8  0.15 0.09
    5 E    2 -1 -2 -2 -2  0 -1  0 -1  0 -1  0  0 -2 -2  1  2  1 -2  0   28   3   0   0   0   3   1   6   2   5   5   7   3   1   1   7  15   3   0   9  0.13 0.09
    6 F   -1 -2 -3 -4 -2 -2 -3 -4 -2  2  3 -2  2  3 -4 -1 -1  2  0  1    3   1   1   0   0   0   0   0   1  10  44   2   5  13   0   8   1   4   2   6  0.36 0.15
    7 T    1 -2 -3 -3 -1 -2 -3 -2 -2  1  2 -2  0  1 -2  0  1  1 -1  2   15   1   0   0   1   0   0   1   1  10  24   0   1   9   1   5  13   2   0  14  0.18 0.11
    8 T    1 -3 -3 -4 -1 -2 -3 -3 -3  3  2 -2  1  1 -3 -1  0 -3 -2  2   14   0   0   0   1   1   0   1   0  24  28   1   1   5   0   2   7   0   0  15  0.29 0.13
    9 L    0 -3 -4 -4 -1 -3 -3 -4 -3  2  3 -3  1  2 -3 -2 -1 -3 -1  2    9   0   0   0   1   0   0   0   0  14  36   0   1  13   0   1   3   0   0  20  0.39 0.16
   10 F    0 -3 -3 -3  1 -3 -3  1 -3  1  1 -3  0  3 -2  0  0 -2  0  1    9   0   0   0   3   0   0  13   0  12  14   0   2  21   1   6   5   0   1  12  0.18 0.11
   11 L    0 -3 -3 -4 -2 -3 -3 -3 -3  2  3 -3  2  2 -2  0 -1 -3 -1  2   11   0   0   0   0   0   0   0   0  15  30   0   7  10   1   8   2   0   0  16  0.31 0.15
   12 L    0 -3 -3 -4  0 -3 -3 -2 -3  2  3 -3  1  0 -1 -1  0 -2 -2  2   11   0   0   0   1   0   0   3   0   8  36   0   4   3   3   5   5   0   0  21  0.28 0.15
   13 F    2 -3 -3 -4 -2 -3 -3 -1 -3  1  2 -3  1  3 -3 -1  0 -1 -1  2   21   0   0   0   0   0   0   3   0   9  18   0   4  14   0   3   6   1   0  21  0.25 0.14
   14 S    1 -2 -2 -3  0 -2 -3  1 -3  0  2 -2  0 -1 -3  0  1  0 -2  0   17   0   0   0   1   0   0  12   0   4  31   0   1   2   0   9  14   1   0   5  0.20 0.15
   15 V    2 -3 -2 -3  2 -2 -2 -2 -3  1  1 -2  1  1 -2  1  1 -3 -2  1   24   0   0   0   5   0   0   1   0  10  13   1   5   8   0  13  11   0   0   9  0.20 0.14
   16 L   -1 -3 -2 -4 -2 -3 -3 -2 -3  1  3 -3  2  3 -3 -1 -1 -2  0  2    5   0   3   0   0   0   1   3   0   5  35   1   6  18   0   3   1   0   1  15  0.32 0.17
   17 L    1 -3 -3 -3 -1 -2 -3  0 -3  2  2 -3  0  0  2  0 -1 -3 -2  1   13   0   0   1   1   0   0   6   0  11  28   0   1   4  11   9   2   0   0  11  0.21 0.13
   18 L    1 -1 -1 -1 -2 -1 -2  2 -2  0  1 -1  0 -1 -2  0  0 -1 -1  1   13   2   1   3   0   2   1  19   1   4  17   4   1   2   1   5   4   1   1  18  0.09 0.09
   19 S    1 -1  0 -1  1 -2 -2  2 -1 -1  0 -1 -1 -1  1  1  1 -3 -1  0   15   2   3   2   3   0   0  17   1   2  10   1   2   2   9  15  10   0   1   6  0.15 0.10
   20 A    3 -3 -2 -3  0 -3 -2  1 -2  0 -1 -3 -1 -2 -1  0  0 -4 -3  3   33   0   1   0   2   0   1  11   1   3   5   0   0   1   2   8   5   0   0  28  0.32 0.20
   21 S    1  1  0 -1 -2 -1 -1 -1  1 -1  0  0 -1  0 -2  2  0  1  0  0   17   7   4   2   0   0   1   4   5   2   9   4   0   5   1  23   4   2   3   8  0.10 0.11
   22 A    5 -3 -3 -2  0 -2 -2  1 -4 -3 -4 -2 -3 -3  0  0 -2 -2 -4 -2   68   0   0   2   2   1   1  11   0   0   0   1   0   1   3   6   1   1   0   1  0.81 0.35
   23 E   -2 -2 -2 -1 -5  6  5 -3  1 -2 -3 -1 -3 -4 -2 -1 -3 -2 -3 -2    1   0   0   1   0  40  41   1   3   2   1   1   0   0   2   2   0   1   0   3  0.99 0.41
   24 Q   -2  1  5  0 -5  6 -1 -2 -1 -4 -1 -1 -3 -3 -4 -1 -2 -4 -3 -4    2   5  30   4   0  43   1   1   0   0   6   0   0   1   0   2   1   0   0   0  0.88 0.39
   25 C   -3 -6 -4 -6 11 -2 -6 -5 -3 -2 -3 -5 -4 -5 -5 -2 -3 -5 -5  1    0   0   1   0  80   2   0   0   1   2   1   0   0   0   0   2   0   0   0   9  2.58 0.65
   26 G   -2 -4  0 -3 -2 -3 -4  7 -4 -4 -5  0 -3 -5 -4 -2 -3 -5 -5 -4    0   0   3   0   1   0   0  83   0   1   0   8   0   0   0   0   1   0   0   1  1.56 0.46
   27 S    0  2  0 -1 -1  0  0  0 -1 -2 -2  1 -1 -2  0  3  1  0 -1 -1    6  17   2   2   1   3   3   8   1   3   2   6   1   1   3  28   8   2   2   3  0.19 0.11
   28 Q   -1 -1  0  0  0  6  0 -2 -1 -2 -2  0 -1 -3 -2 -1  1 -2 -2  0    4   1   5   3   2  46   3   3   1   2   3   4   1   1   1   2  10   0   1   7  0.52 0.23
   29 A    4 -1 -1 -2  0 -1 -1 -1 -1 -1 -1  1 -1 -2 -1  1 -1 -2 -1  0   45   2   1   1   1   1   2   4   1   2   5   9   1   1   2   7   2   0   2   8  0.26 0.14
   30 G    0 -1  0 -1 -2 -1 -1  5 -2 -3 -2 -1 -2 -3  0 -1 -1 -2 -2 -2    7   3   4   2   1   3   2  53   1   1   3   2   1   1   4   4   3   0   1   3  0.58 0.18
   31 G    0 -1  2  0  0 -1 -1  4 -2 -2 -1  1 -2 -2 -2 -1  0 -2 -2 -2    5   2  11   3   3   1   3  41   1   1   6   9   1   1   1   2   5   0   1   3  0.36 0.13
   32 A    4  0 -2 -2  0 -1 -1 -1 -2 -1 -2  2 -1 -2  1  0 -1 -2 -1 -1   46   4   1   1   2   1   3   3   1   4   2  13   1   1   5   4   2   0   1   3  0.31 0.15
   33 L   -1  0 -1 -1 -1 -1 -1 -1 -2  0  2 -1  1 -1  1 -1  1 -2 -1  1    3   5   2   3   1   2   2   4   1   3  30   4   2   1   6   3  10   0   2  16  0.10 0.08
   34 C   -3 -6 -5 -6 11 -5 -6 -5 -5 -4 -3 -5 -4 -5 -5 -4 -1 -5 -5 -4    0   0   0   0  92   0   0   0   0   0   1   0   0   0   0   0   3   0   0   0  3.23 0.74
   35 A    3 -2 -1  2 -3  0 -2 -2 -2 -3 -4 -1 -3 -3  6  0 -1 -5 -4 -3   26   1   2  12   0   4   1   2   1   1   0   3   0   1  38   4   3   0   0   1  0.79 0.30
   36 S    1 -1  4  0 -3  0  0  2 -2 -4 -4  1 -3 -4  2  1 -1 -4 -2 -3   12   2  23   4   0   3   3  16   0   0   0   9   0   0  11  11   1   0   2   1  0.36 0.18
   37 G   -1 -2  2  1  5 -3 -2  5 -3 -4 -5 -3 -4 -5 -3 -1  0 -4 -4 -4    3   1  12   8  15   0   1  51   0   0   0   0   0   0   1   1   5   0   0   0  0.91 0.33
   38 L   -3  0 -2 -4 -3 -1 -2 -5 -1 -1  4 -3  1  0 -4 -4 -3  7  0 -1    1   5   2   0   0   3   3   0   2   0  55   0   2   3   0   0   0  17   3   2  0.81 0.33
   39 C   -3 -5 -2 -5 11 -4  1 -5 -5 -4 -4 -2 -4 -5 -5 -3 -4 -5 -5 -4    1   0   2   0  81   0  11   0   0   0   0   3   0   0   0   0   0   0   0   0  2.63 0.67
   40 C   -2 -6 -5 -6 11 -6 -6 -5 -6 -3 -4 -6 -4 -5 -6 -3 -4 -5 -5 -3    2   0   0   0  93   0   0   0   0   1   0   0   0   0   0   1   0   0   0   1  3.28 0.76
   41 S   -1 -3 -1 -3 -2 -2 -3 -3 -3 -5 -5  0 -4 -5 -3  7 -1 -5 -4 -4    1   0   1   0   1   0   0   0   0   0   1   6   0   0   1  88   0   0   0   0  1.46 0.56
   42 K   -2  2  0 -1 -4  5  0 -1 -2 -2 -3  3 -2 -3 -3  0 -1 -1 -2 -2    1  10   4   1   0  37   4   5   0   3   1  22   0   1   0   6   2   1   1   2  0.57 0.27
   43 F   -3 -3 -3 -3 -4 -3 -3 -3  2 -2 -2 -3 -2  6 -4 -2 -3  7  6 -1    2   0   1   1   0   0   2   2   5   0   2   1   0  34   0   3   0  15  27   4  1.08 0.35
   44 G   -2 -2 -1 -3 -4 -3 -4  7 -4 -5 -5 -2 -4 -4 -4 -2 -3 -4  0 -3    0   2   2   0   0   0   0  84   0   0   0   2   0   0   0   0   0   0   3   2  1.58 0.46
   45 W   -4 -3 -5 -5 -3 -4 -4 -5 -2 -3 -3 -4 -2  4 -5 -4 -3 10  7 -3    0   1   0   0   1   0   0   0   0   1   1   0   1  14   0   0   1  40  35   1  2.04 0.53
   46 C   -3 -5 -4 -5 11 -4 -4 -2 -3 -3 -3 -3 -4 -4 -4 -3 -3 -4 -4 -3    1   1   0   1  86   0   1   3   1   1   1   2   0   0   1   1   1   0   0   1  2.78 0.63
   47 G   -2 -4 -1 -3  1 -3 -3  7 -4 -5 -5 -3 -4 -4 -4 -2 -3 -4 -4 -4    1   1   2   1   3   0   1  85   0   1   1   1   0   0   1   1   1   0   0   1  1.61 0.44
   48 N   -1 -1  3 -1 -3 -1 -1 -1 -2 -3 -2 -1 -2 -3 -2  3  4 -4 -3 -1    1   2  14   3   0   2   2   4   0   0   3   3   0   0   0  28  34   0   1   3  0.50 0.26
   49 T   -1 -2 -1  0 -3 -2 -2  2 -3 -3 -3 -2 -3 -3 -2  1  6 -1 -3 -2    1   2   2   5   0   0   1  19   0   1   1   1   0   0   1   6  56   1   0   1  0.75 0.33
   50 N    0 -2  2  4 -3 -1  1 -1 -2 -3 -3  0 -3 -2  0  3 -1 -1 -1 -2    8   0  10  25   0   1   8   3   0   0   1   4   0   1   5  27   2   1   2   2  0.40 0.21
   51 E    2 -1 -1  5 -4  0  2 -2 -2 -2 -3  0 -3 -4  0 -1 -1 -4 -4 -1   22   2   1  39   0   3  14   0   0   2   1   4   0   0   5   2   1   0   0   3  0.56 0.26
   52 Y   -4 -3 -4 -5 -2 -4 -4 -5  2 -3 -4 -4 -4  2 -5 -4 -4  3  9 -4    0   1   0   0   1   0   0   0   4   1   0   0   0   4   0   0   0   3  82   0  2.24 0.62
   53 C   -2 -6 -3 -6 11 -5 -6 -5 -5 -4 -4 -5 -4 -5 -5 -3 -4 -2 -5 -4    3   0   1   0  90   0   0   0   0   0   0   0   0   0   0   1   0   1   0   0  3.16 0.74
   54 G   -1 -3 -2 -1  5 -3 -3  6 -4 -4 -4 -1 -4 -4 -4  0 -2 -4 -4 -2    3   1   1   4  12   0   1  63   0   0   0   3   0   0   0   5   2   0   0   2  1.06 0.36
   55 P    1 -1  0  2 -2  1  1  0 -1 -1 -2  0 -2 -3  1  0  2 -3 -2 -1   11   1   4  15   1   7   9   6   1   3   2   6   0   0   8   6  15   0   0   3  0.19 0.11
   56 G   -1 -3 -1 -2 -3 -2 -3  6 -3 -4 -3 -2 -3 -4 -1 -1 -2 -2 -3 -4    2   1   3   2   0   2   1  72   0   1   2   2   0   1   3   4   2   1   1   1  1.16 0.34
   57 N   -1  0  1 -1  7 -1 -1  0 -2 -1 -1 -1 -1 -2 -1  0  0  1 -1 -1    4   5   7   4  34   2   2   8   1   2   5   4   1   2   2   5   4   2   2   5  0.46 0.14
   58 C   -2  0 -2 -2  9  4 -2 -3 -1 -3 -3  0 -3 -4 -1 -2 -2 -4 -3 -2    1   6   1   2  46  21   2   1   1   1   2   7   0   1   3   1   1   0   0   2  1.19 0.39
   59 Q    0 -1  0 -1  1  6  0  0 -2 -3 -3 -1 -2 -4 -2  2 -1 -3 -3 -2    7   2   3   2   3  47   4   5   0   1   2   1   0   1   1  17   1   0   0   2  0.68 0.32
   60 S   -1 -2 -1 -1 -2 -1 -2  4 -1 -4 -4 -2 -3 -3 -2  4 -1 -1  0 -3    2   1   1   3   1   3   1  32   1   1   1   1   0   1   1  44   2   1   4   1  0.66 0.30
   61 Q   -2 -1 -1 -2  0  6 -1 -1 -1 -3 -3 -1 -3 -4  5 -1 -1 -4 -3 -3    2   2   3   1   2  41   1   4   1   1   1   2   0   1  31   3   3   0   0   1  0.94 0.35
   62 C   -2 -3 -4 -4 10 -3 -2 -2 -4 -3 -3 -4 -3 -4 -2 -2 -1 -4 -4 -3    3   2   1   1  74   1   3   3   0   1   1   1   0   1   2   1   3   0   0   1  2.22 0.55
   63 P   -1  1  0  1  0 -1 -1  2 -1 -1 -2 -1 -2 -1  1  2  2  2  1 -2    2  10   3   7   2   1   1  15   1   4   2   2   0   2   8  18  14   3   5   1  0.18 0.13
   64 G    1 -1  0 -1 -1 -2 -2  4 -2 -3 -3 -1 -3 -3  1  2  0 -2 -3 -1   10   4   4   2   1   0   2  37   0   1   1   1   0   1   6  22   3   0   0   4  0.46 0.21
   65 G    1 -1  0 -1  4 -1 -1  2  0 -2 -3 -1 -2 -3  2  2  1 -3 -3 -2    9   3   3   2  11   1   2  21   2   1   2   1   0   1  10  21   9   0   0   1  0.33 0.18
   66 P    0 -2 -1 -2 -2 -1 -1  4 -3 -3 -2 -1 -3 -3  4  1  0 -3 -3 -2    7   1   3   1   0   3   2  36   0   1   3   3   0   1  20  11   5   0   0   2  0.56 0.22
   67 G   -1 -1  1 -1  2 -1 -1  3 -2 -2 -3 -2 -2 -3  3  1  2 -3 -2 -2    3   3   6   2   6   2   2  26   0   2   2   1   0   1  15  13  14   0   1   1  0.38 0.18
   68 P   -1 -1  1 -1  1 -1 -2  3 -2 -3 -2 -1 -3 -3  4  1  0 -3 -3 -3    3   3   8   2   4   2   1  26   1   1   3   2   0   1  23  13   6   0   0   1  0.46 0.20
   69 S    0 -1  3  0  0 -1 -1  3 -2 -3 -4 -1 -3 -3  1  1  1 -4 -3 -2    6   3  17   3   2   2   2  28   0   1   0   2   0   0   7  13  10   0   0   3  0.37 0.20
   70 G    1 -1  1  0 -3  2 -1  3 -1 -2 -2 -1 -2 -3  1  1 -1 -4 -3 -1    9   1   5   6   0  11   3  28   1   2   4   2   0   0   6  12   3   0   0   7  0.26 0.16
   71 D   -1 -1  1  3 -3 -2 -1  3 -1 -3 -4 -2 -3 -3  1  2  2 -4 -3 -3    3   4   7  17   0   0   3  24   2   1   1   0   0   1   7  16  15   0   1   1  0.41 0.23
   72 L   -1 -4 -4 -4 -3 -4 -4 -2 -4  4  1 -4 -1 -1  0 -2 -2 -2 -3  5    3   0   1   0   0   0   0   3   0  25  12   0   0   2   4   2   0   0   0  45  0.68 0.32
   73 G    2 -2 -2 -1 -3 -2  0  3 -3 -4 -4  0 -3 -4 -1  3  1 -2 -3 -3   20   1   0   2   0   1   5  24   0   0   0   4   0   0   3  29   9   1   0   0  0.48 0.27
   74 G    0  0  1  3 -3 -1  0  0 -2 -4 -4  1 -3 -1  0  3 -1 -4 -3 -3    5   6   4  23   0   1   3   6   0   0   0   8   0   4   3  33   2   0   0   1  0.42 0.26
   75 V   -3 -4 -5 -5 -3 -4 -4 -5 -4  5  2 -4  0  1 -5 -4 -1 -3  2  3    0   0   0   0   0   0   0   0   0  43  20   0   1   6   0   0   2   0   6  20  0.80 0.34
   76 I   -2 -5 -5 -5 -3 -5 -5 -4 -5  5  1 -5 -1  3 -5 -4 -3 -4 -2  5    2   0   0   0   0   0   0   1   0  32   8   0   0  13   0   0   0   0   0  43  0.96 0.40
   77 S   -2 -3  0 -1 -4  0 -2 -3 -3 -4 -4 -1 -4 -5  1  4  5 -5 -4 -3    0   0   4   2   0   5   1   1   0   0   0   4   0   0   7  36  41   0   0   0  0.87 0.45
   78 N   -1  3 -1  0 -4  2  3 -3 -2 -4 -4  1 -3 -3  1  1  0 -4 -3 -1    5  21   2   4   0  11  26   0   0   0   0   6   0   1   6   9   5   0   0   4  0.43 0.25
   79 S    2 -2  0  3 -3  0  1 -2 -2 -4 -4  0 -3 -3 -1  3 -1 -4  2 -3   20   1   3  19   0   2  10   2   0   0   0   4   0   0   2  28   1   0   7   0  0.45 0.29
   80 M   -2 -3 -3 -3 -4  3 -2 -4 -1 -1  3 -2  3  4 -4 -3  0 -3 -1  0    3   0   0   1   0  18   2   0   1   1  28   1   9  22   0   0   5   0   0   6  0.48 0.30
   81 F   -5 -6 -6 -7 -6 -6 -6 -6 -4 -3 -3 -6 -3  9 -7 -6 -5  3  3 -3    0   0   0   0   0   0   0   0   0   0   0   0   0  88   0   0   0   4   6   1  2.54 0.76
   82 D   -2 -2  5  4 -5 -1  4 -2  0 -5 -6 -2 -5 -5 -4 -1 -2 -6 -3 -5    2   1  36  25   0   1  28   2   1   0   0   0   0   0   0   3   0   0   1   0  1.06 0.45
   83 Q   -1  1  2  1 -4  4  1  2 -2 -4 -4  1 -3 -4 -3  1 -1 -4  0 -4    3   6   8   6   0  25  10  18   0   0   1   6   0   0   0  10   2   0   3   0  0.43 0.26
   84 M   -3 -5 -5 -6 -4 -4 -5 -6 -5  4  3 -5  8  1 -5 -5 -3 -1 -3 -1    1   0   0   0   0   0   0   0   0  23  28   0  41   5   0   0   0   1   0   0  1.29 0.52
   85 L   -2 -3 -5 -5 -4 -4 -5 -5 -4  1  4 -1  0  6 -5 -4 -3 -3  0 -1    2   1   0   0   0   0   0   0   0   9  43   4   1  37   0   0   0   0   2   1  0.96 0.41
   86 N   -1 -1  1  0 -4 -2 -2 -2 -3 -2  1  3 -1 -4  4  2 -2 -4 -3 -3    4   1   8   5   0   0   1   2   0   1  17  20   1   0  22  16   0   0   0   0  0.42 0.26
   87 H   -3 -2  3 -2 -5  3 -2 -2  8 -5 -3  1 -3 -2 -4 -2 -3 -4  2 -5    1   1  18   1   0  17   0   3  39   0   2   9   0   2   0   2   0   0   6   0  1.06 0.44
   88 R    2  7 -3 -4 -4 -1 -2 -4 -3 -3 -4  2 -1 -4 -4 -2 -3 -4 -2 -4   21  61   0   0   0   1   0   0   0   1   1   8   1   0   0   1   0   0   2   0  1.19 0.48
   89 N   -1 -1  6  2 -3 -2 -1 -1 -1 -3 -4  0 -3 -3 -2 -1 -1 -4 -1 -2    4   2  54  12   0   1   2   3   1   1   1   6   0   1   1   3   4   0   2   3  0.87 0.34
   90 D    0 -2  2  5 -4  0  0  2 -2 -4 -4 -1 -3 -4 -1  0 -1 -4 -3 -3    8   2   9  43   0   3   3  14   0   1   1   2   1   1   2   5   3   0   0   1  0.62 0.27
   91 N    1 -1  1  1  1  0 -1  1 -1 -2 -2 -1 -2 -2  3  1  0 -3 -2 -2   16   3   8   7   4   4   2  11   1   1   3   2   0   1  13  15   5   0   1   3  0.21 0.12
   92 A    2  1 -1 -1 -2  0 -1  2 -2 -1 -1  0  0 -2 -1  1 -1  0 -2  0   23   7   2   3   0   4   1  17   0   4   4   3   2   1   1  13   2   2   1   8  0.15 0.11
   93 C    1 -4 -3 -4 10 -4 -4  0 -4 -3 -3 -4 -3 -2 -4 -2 -2 -4 -4 -1   11   1   1   1  65   1   1   6   0   1   2   1   0   2   1   2   1   0   0   4  1.92 0.54
   94 Q    1 -2 -1 -2  0  0  1 -3  4 -3 -2 -1 -1 -3  6 -1 -1 -4 -3 -2   11   1   3   1   2   5   9   1  11   1   3   3   2   1  39   2   3   0   0   2  0.74 0.29
   95 G    4 -3 -2 -3 -3 -3 -2  5 -1 -3 -3 -1 -3 -4 -3  0 -2 -4 -3 -2   41   1   1   1   0   1   1  40   2   1   2   3   0   0   1   5   1   0   0   1  0.80 0.33
   96 K    0  3 -1 -2 -3  2 -1 -2  1 -2 -3  5 -2 -3 -1 -1 -1 -3 -3  0    6  14   2   1   0   9   1   3   3   1   1  39   0   1   3   3   2   0   0   9  0.46 0.25
   97 N   -2 -2  4 -2 -3  0 -2  5 -1 -4 -3 -2 -3 -3 -2  0 -2 -3 -3 -3    2   1  20   1   0   4   1  52   1   1   3   1   0   1   2   7   1   0   1   1  0.84 0.31
   98 N    0  0  0  0 -1  0  0  1 -1 -1  0  0 -1 -1  2  1  0  0 -1 -1    7   6   5   6   1   3   4  11   1   4  11   4   1   2   9  11   6   2   2   4  0.06 0.01
   99 F   -5 -5 -5 -6 -5 -6 -6 -4 -4 -2 -1 -6 -3  9 -6 -5 -5 -2  0 -3    0   0   0   0   0   0   0   2   0   1   4   0   0  89   0   0   0   0   0   1  2.36 0.69
  100 Y   -5 -5 -6 -7 -6 -5 -6 -7  2 -5 -4 -5 -4  0 -7 -5 -5  6  9 -5    0   0   0   0   0   0   0   0   3   0   1   0   0   1   0   0   0  10  84   0  2.72 0.82
  101 S   -2 -3 -1  1 -3 -3 -3 -4 -4 -4 -2 -3 -3 -5 -3  2  6 -5 -4 -3    1   0   1  10   0   0   0   0   0   0   4   0   0   0   1  17  65   0   0   0  1.18 0.54
  102 Y   -5  4 -5 -6 -6 -4 -5 -6  1 -4 -4 -4 -4  1 -6 -4 -5 -2  9 -5    0  21   0   0   0   0   0   0   3   0   0   0   0   2   0   0   0   0  73   0  2.19 0.73
  103 N    0  1  2  5 -4  2  2 -2  1 -5 -5  0 -4 -5 -2  2 -2 -5 -2 -4    7   7  10  33   0   8  10   1   4   0   0   3   0   0   1  15   1   0   1   0  0.57 0.29
  104 A    5 -3 -1 -2 -3 -3 -3  2 -4 -4 -2 -3 -3 -3 -3  2 -1 -5 -4 -2   58   1   2   2   0   0   0  13   0   0   3   0   0   1   0  17   1   0   0   2  0.81 0.41
  105 F   -5 -2 -6 -7 -6 -6 -6 -6 -4 -3  1 -6 -3  9 -7 -6 -5 -2  0 -4    0   3   0   0   0   0   0   0   0   0  11   0   0  85   0   0   0   0   1   0  2.27 0.70
  106 V   -3 -1 -5 -5 -3 -4 -5 -6 -5  6  3 -3  1 -2 -5 -4 -1 -4 -3  2    1   3   0   0   0   0   0   0   0  49  26   1   3   1   0   0   3   0   0  13  0.91 0.38
  107 T    3  1  1  0 -2  0  1 -2 -3 -2 -2  0 -3 -4 -3  1  2 -4 -3 -1   33   7   7   6   1   3   8   0   0   1   2   3   0   0   0   9  17   0   0   3  0.33 0.24
  108 A    7 -1 -5 -5 -4 -4 -4 -2 -5 -5 -5 -4 -4 -6 -4 -2 -3 -6 -5 -3   94   3   0   0   0   0   0   2   0   0   0   0   0   0   0   0   1   0   0   0  1.80 0.70
  109 A    6 -4 -3 -4 -3 -1 -3 -3 -3 -2  1 -3 -3 -4 -4  0  0 -5 -4  1   67   0   1   0   0   3   0   0   0   0  13   0   0   0   0   3   5   0   0   8  0.91 0.47
  110 G    2  2  4 -1 -4  0  0  1 -2 -3 -4  3 -3 -4 -3  1  0 -3 -4 -3   17   9  21   2   0   3   4  10   0   1   0  18   0   0   0  10   4   0   0   0  0.41 0.25
  111 S    3 -1 -1 -2 -2 -1 -1 -2 -1 -3 -1  0 -1 -2 -3  3  0  0 -2 -2   34   2   2   1   1   1   2   2   1   1   6   6   1   2   0  32   5   2   1   1  0.42 0.30
  112 F   -5 -5 -4 -4 -5 -5 -6 -6 -2 -4 -3 -6 -2  8 -5 -2 -5  1  6 -4    0   0   1   1   0   0   0   0   0   0   0   0   0  65   0   3   0   2  28   0  2.01 0.66
  113 P   -2 -2 -1 -1 -5  1  0 -2 -4 -6 -5 -3 -5 -6  7  0 -2 -6 -5 -5    3   2   3   3   0   5   5   2   0   0   0   0   0   0  66   7   1   0   0   0  1.65 0.57
  114 G    2  0  0  0 -4  1  0  4 -2 -4 -4  0 -3 -4 -1  0 -2 -4 -3 -4   20   4   3   6   0   7   4  37   1   0   0   7   0   0   3   6   1   0   1   0  0.51 0.27
  115 F   -6 -2 -6 -7 -6 -6 -7 -7 -5 -4 -2 -6 -3  9 -7 -5 -6 -2  1 -4    0   3   0   0   0   0   0   0   0   0   2   0   0  93   0   1   0   0   2   0  2.64 0.80
  116 G    3 -3 -3 -4  3 -4 -4  6 -4 -5 -2 -3 -4 -5 -4 -2 -3 -5 -5 -4   22   1   0   0   7   0   0  63   0   0   5   1   0   0   0   1   1   0   0   0  1.24 0.48
  117 T    0  0  4 -1  0 -1 -3 -1  0 -4 -4 -1 -1 -4 -3  0  5 -5 -4 -3    7   4  19   2   2   3   0   3   2   0   0   3   1   0   0   6  46   0   0   0  0.69 0.38
  118 T   -2 -3 -1 -1 -4 -3  0  0 -4 -2 -3 -2 -3 -4 -2  1  6 -5 -4 -1    2   1   2   3   0   0   7   7   0   2   1   1   0   0   1   7  64   0   0   2  0.96 0.48
  119 G   -1 -3 -3 -3 -3 -4 -3  7 -5 -6 -6 -4 -5 -5 -1 -2 -4 -5 -5 -4    3   1   0   1   1   0   1  86   0   0   0   0   0   0   3   2   0   0   0   1  1.80 0.58
  120 D   -1 -3  1  5  1 -2 -1  1 -3 -5 -5 -2 -4 -5 -3  3  1 -5 -3 -4    3   1   6  38   3   1   1  13   0   0   0   1   0   0   0  26   7   0   1   0  0.73 0.36
  121 I    1 -1  0  3 -3 -1  0 -2 -1 -1 -1  1 -2 -3  2  0  1 -4 -3  0   12   3   2  23   0   1   5   0   1   4   6   9   0   0   9   4  11   0   0   8  0.21 0.16
  122 T    1 -2  0  4 -3 -1  2 -3 -2 -2 -1 -2 -2 -3 -2 -1  3 -3 -3 -1   14   1   3  27   0   2  16   0   0   1   5   1   1   0   1   2  20   0   0   4  0.43 0.26
  123 A    1 -3 -2  2 -3  0 -1 -3 -3  1 -1 -2  3 -3 -2  0  4 -4 -3  1   10   0   0  15   0   4   2   1   0   7   2   0   9   0   1   5  32   0   0  11  0.38 0.27
  124 R   -1  5 -1 -3  2  2 -2  0 -2 -3 -4  2 -3 -4 -3  1 -1 -4 -3 -2    4  44   3   0   4  11   0   6   1   1   0  10   0   0   0  11   2   0   0   2  0.67 0.34
  125 K   -3  2 -3 -3 -5  0 -2 -4 -3 -3 -2  7  2 -5 -4 -3 -2 -5 -4 -3    0  10   0   0   0   2   0   0   0   2   3  73   6   0   0   0   1   0   0   2  1.33 0.54
  126 R   -3  7 -2 -4 -5  1 -2 -4 -3 -5 -3  3  0 -5 -4 -2 -3 -5 -3 -5    0  67   1   0   0   5   0   1   0   0   1  16   3   0   0   3   1   0   0   0  1.40 0.52
  127 E   -4 -3 -3 -1 -6 -1  8 -5 -3 -6 -6 -2 -5 -6 -1 -3 -4 -6 -5 -5    0   0   0   1   0   0  94   0   0   0   0   1   0   0   3   0   0   0   0   0  2.10 0.73
  128 I    0 -2 -4 -3 -3 -4 -4 -4 -4  5  3 -4  0 -2 -4 -3 -2 -4 -3  3    8   3   0   1   0   0   0   0   0  37  31   0   1   0   0   0   0   0   0  18  0.67 0.31
  129 A    6 -4 -4 -4  0 -3 -3 -2 -4 -4 -4 -3 -3 -5 -3  1 -2 -5 -4 -2   85   0   0   0   2   0   0   0   0   0   1   0   0   0   0   7   1   0   0   1  1.42 0.56
  130 A    6 -4 -4 -4 -1 -3 -3 -3 -4 -2 -2 -3 -3 -5 -3 -2 -1 -5 -4 -3   88   0   0   0   1   0   0   0   0   2   3   0   0   0   0   0   3   0   0   0  1.46 0.58
  131 F   -3 -2 -5 -6 -5 -5 -5 -5 -4 -3 -2 -5  1  8 -6 -3 -4  2  1 -4    3   3   0   0   0   0   0   0   0   0   1   0   3  81   0   2   0   2   3   0  1.97 0.62
  132 L   -3 -2 -5 -5 -4 -4 -5 -5 -4 -2  4 -4 -1  6 -5 -2 -4 -2 -1 -2    2   3   0   0   0   0   0   0   0   0  46   0   0  44   0   3   0   0   0   0  1.17 0.45
  133 A    6 -3 -4 -4 -3 -3 -4  4 -4 -4 -4 -3 -4 -5 -4 -1 -3 -5 -5 -3   66   1   0   0   0   0   0  29   0   0   0   0   0   0   0   2   0   0   0   0  1.25 0.53
  134 Q   -4 -2  3 -3 -6  6 -1 -4  8 -6 -5 -2 -4 -5 -3 -3 -4 -5 -3 -5    0   0  15   0   0  45   2   0  34   0   0   0   0   0   1   0   0   0   0   0  1.68 0.66
  135 T   -1 -4 -4 -4 -3 -4 -4 -4 -4  2 -2 -4 -1  1 -2 -2  5 -4 -3  4    3   0   0   0   0   0   0   0   0   9   0   0   1   7   2   0  42   0   0  36  0.87 0.45
  136 S    1 -3  0 -3 -3 -1 -3  2 -3 -4 -4 -1 -1 -5 -3  5  2 -5 -4 -2   10   0   3   0   0   2   0  12   0   0   0   2   1   0   0  50  15   0   0   2  0.73 0.41
  137 H   -1 -3 -3 -3 -3  3 -3 -5 10 -6 -4 -3 -4 -3 -5  0 -3 -5  0 -5    6   1   0   1   0  16   0   0  64   0   1   1   0   1   0   6   1   0   2   0  1.93 0.71
  138 E   -1 -1 -3 -2 -6  1  7 -5 -3 -6 -5  1 -5 -6 -4 -2 -4 -6 -5 -4    6   2   0   0   0   4  77   0   0   0   1   8   0   0   0   1   0   0   0   1  1.57 0.66
  139 T   -3 -4 -3 -4 -4 -4 -3 -5 -5 -3 -4 -4 -4 -5 -3 -1  8 -6 -5 -2    1   0   0   0   0   0   2   0   0   1   0   0   0   0   1   2  91   0   0   2  2.01 0.80
  140 T    0 -3  0 -2 -3 -2 -2  3 -3 -3 -3 -2 -3 -4 -3  2  5 -4 -4 -3    6   0   3   1   0   1   1  25   0   1   1   1   0   0   1  17  40   0   0   0  0.72 0.39
  141 G   -1 -2 -2 -2  4 -2 -2  5  3 -4 -4 -2 -3 -2 -3 -1 -2 -3 -1 -2    3   2   1   1  11   1   3  52  10   1   1   2   0   2   1   3   2   0   2   2  0.84 0.33
  142 G   -1 -1  0 -2 -3  0 -1  6  0 -3 -3 -2 -2 -3 -2 -1 -2  0 -2 -3    2   3   3   2   1   4   4  61   2   2   3   2   1   1   2   4   2   1   1   2  0.83 0.27
  143 W   -2  0 -1 -2 -2 -2 -1  0 -1 -2 -1 -2 -2  0 -2  0  0  9  2 -2    3   6   3   2   1   1   3   8   1   2   5   2   1   2   2   7   5  36   8   2  0.96 0.28
  144 P    2  0 -1  0 -2 -1  0  2 -2 -1 -1 -1 -1 -1  3  0  0 -2 -2 -1   22   5   2   5   1   2   5  14   1   3   7   2   1   3  15   7   3   0   1   2  0.19 0.10
  145 T    0 -1  0  1 -2 -1  0  0 -2  0 -1 -1 -1 -2 -1  1  3  1 -1  0    5   2   2   7   1   2   5   8   1   5   7   2   1   1   2  14  23   2   2   9  0.12 0.09
  146 A    4 -1 -2 -1 -2 -1 -1  0 -2 -1  0 -1 -1 -2 -1  1 -1 -2 -2 -1   51   3   1   3   1   1   2   5   1   2   9   2   1   1   3   8   2   0   1   4  0.40 0.20
  147 P   -1  0 -2 -1 -2  1  0 -1 -2 -2 -2 -1 -2 -2  6 -1  1 -2 -2 -1    4   5   2   3   1   6   5   4   1   2   3   3   1   1  42   3   8   0   1   4  0.71 0.22
  148 D   -1 -1  1  5 -1 -1  0  2 -1 -2 -2 -1 -2 -1 -2 -1 -1 -2 -1 -1    4   3   5  37   1   1   4  18   1   2   5   2   1   3   2   2   2   0   2   4  0.40 0.17
  149 G   -1 -1  0 -1 -1 -2 -2  5 -2 -2 -2 -2 -2 -2  0 -1 -2 -2 -2 -1    3   4   3   4   1   1   2  52   1   2   4   2   1   1   5   3   2   0   1   6  0.58 0.20
  150 P   -1 -1 -2 -2 -2  1 -1 -2 -2 -2 -1 -1 -2 -2  6 -1  0 -2  0 -2    4   3   1   2   1   6   4   2   1   2   6   3   1   1  47   5   6   0   3   2  0.86 0.26
  151 Y   -2 -2 -2 -2 -2 -2 -2 -2  0 -1  1 -2 -1  4 -2 -1 -1  2  6 -2    2   2   2   2   1   1   2   2   2   3  12   2   1  15   2   5   4   3  35   2  0.59 0.23
  152 A    4  0 -1 -1 -1  0 -1  0 -2 -2 -2  0 -2 -2 -1  1  1 -2 -2 -1   41   4   2   3   1   4   2   5   1   1   3   6   1   2   1  11   8   0   1   2  0.30 0.17
  153 W   -2 -1 -3 -3 -3  0 -3 -1 -3 -3 -1 -3 -2  0 -3 -1 -3 11  0 -3    3   4   1   1   1   4   2   5   1   1   7   2   1   3   1   5   2  55   1   2  1.83 0.47
  154 G   -2 -2 -2 -1 -4 -1 -3  6  0 -4 -4 -3 -4 -4 -1 -2 -3 -4 -4 -3    1   2   1   3   0   3   1  73   3   1   2   1   0   1   3   1   1   0   1   2  1.29 0.43
  155 Y   -4 -5 -3 -6 -5 -4 -5 -6  0 -1  3 -5  0  4 -3 -5 -4 -2  7 -3    0   0   1   0   0   0   0   0   2   2  33   0   2  14   1   0   0   0  43   0  1.29 0.54
  156 C   -4 -3 -6 -7 11 -3 -7 -6 -1 -2 -5 -5 -5 -2 -6 -5 -5 -3  0  0    1   2   0   0  79   1   0   0   2   2   0   1   0   2   0   0   0   0   3   7  2.90 0.92
  157 F   -5 -3 -5 -6 -1 -5 -5 -6  3 -4 -3 -4 -1  7 -6 -3 -4  1  7 -2    0   1   0   0   2   0   0   0   8   0   1   1   1  40   0   1   0   1  39   3  1.64 0.63
  158 L   -2 -2  1 -3 -4 -3 -2 -4 -2  4  0  3 -1 -3 -3 -3 -2 -4 -2  3    1   1   9   0   0   0   3   0   1  32   7  21   0   0   1   1   1   0   1  21  0.52 0.34
  159 R   -3  3  3 -1 -5  2  4 -4  1 -3 -3  1 -2 -5 -4 -1 -2 -5 -4 -1    0  18  13   1   0   7  35   0   3   1   2   8   1   0   0   3   2   0   0   6  0.64 0.37
  160 E   -2 -4 -3 -1 -7  1  7 -4 -4 -6 -6 -2 -5 -7 -5 -3 -2 -6 -5 -5    2   0   1   2   0   6  85   1   0   0   0   1   0   0   0   1   2   0   0   1  1.94 0.80
  161 Q   -2  1  0 -3 -4  3 -1 -2 -3  4  0 -1  2 -3 -3 -2  1 -4 -3  1    1   9   4   1   0  19   2   3   0  27   5   3   6   0   1   1   8   0   0  10  0.35 0.29
  162 G   -1 -3  6  1 -4 -2 -2  3 -1 -3 -5 -2 -4 -5 -4  2  0 -5 -4 -3    3   1  38   8   0   1   1  20   1   2   1   2   0   0   0  15   4   0   0   2  0.75 0.39
  163 S    1 -1  1 -1  1  2 -1  0 -2 -3 -4  1 -3 -4  5  0  1 -4 -3 -3   11   1   8   3   3  10   1   7   1   1   1  10   0   0  26   6   8   0   0   1  0.48 0.27
  164 P    1 -1  0  0 -1  1 -1 -1 -1 -2 -2  0  1 -3  3  2  1 -3  0 -2   14   3   3   4   1   8   3   3   1   1   2   6   4   0  14  17   8   0   4   2  0.22 0.17
  165 G    0 -1  3  1 -3  2  0  1 -2 -2 -2  1 -2 -3  1  3 -1 -2 -1 -3    5   1  15   7   0   9   4  11   0   2   3   7   1   1   7  24   1   1   2   1  0.28 0.21
  166 D   -1 -1  2  4 -3  1  0 -2  2 -1 -2  0 -2 -2  0  1  0 -3 -2 -1    4   3  11  26   0   7   4   2   6   3   3   4   0   2   4   9   7   0   0   6  0.28 0.18
  167 Y   -3 -4 -4 -4 -1 -4 -4 -4  0 -4 -2 -4 -1  1 -4 -3 -4 -1  9 -2    2   1   1   1   2   1   1   1   1   1   3   1   1   4   1   2   1   0  76   2  2.08 0.69
  168 C   -2 -3 -4 -3 11 -4 -5 -3 -4 -4 -3 -4 -4 -4 -4 -3 -1 -1 -4 -3    3   2   1   2  77   1   1   2   0   1   2   1   0   1   1   1   3   1   0   1  2.65 0.76
  169 T   -1 -1  0  5 -1  1  1 -3 -2 -3 -3 -1 -2 -4 -2  0  1 -4 -3  0    5   3   3  42   1   8   6   1   0   1   2   3   1   1   1   6   9   0   0   7  0.56 0.28
  170 P    0 -1 -1  1 -2  1  1 -2 -2 -2 -2 -1 -2 -2  3  1  2  3 -2 -2    7   2   2   9   0   6   8   3   1   2   3   3   1   1  17  12  17   5   1   2  0.30 0.15
  171 S   -1 -1  3 -1 -3 -2 -1 -1 -1 -2 -3 -1 -3 -2 -2  4  1 -3  2 -3    3   3  16   3   0   1   2   5   1   2   2   3   0   2   1  42   6   0   7   1  0.51 0.28
  172 S    0  0  0 -1 -2  1 -1 -1 -2 -2 -2  1 -2 -1  2  1  2  1  1 -2    8   5   5   2   0   9   2   5   0   1   3   8   0   2  11  10  18   2   5   2  0.19 0.13
  173 Q   -1  1  0  1 -3  4  2 -1  0 -2 -2  1 -1 -3  1 -1  0 -3 -1 -2    4   6   4   7   0  24  11   5   2   2   3  10   1   1   8   3   5   0   3   2  0.27 0.16
  174 W   -3 -3 -1 -4  2 -3 -3 -3 -2 -2 -3 -3 -3  1 -2 -2 -3  9  7 -2    2   1   3   1   4   1   1   2   0   2   2   1   0   3   2   2   1  29  39   3  1.53 0.47
  175 P   -2 -1 -3 -2 -4 -1 -3  0 -3 -4 -3 -3 -1 -4  8 -1 -3 -4 -4 -4    2   3   1   2   0   2   1   8   0   1   2   1   2   1  67   3   1   0   1   1  1.63 0.50
  176 C   -2 -4 -4 -4 11 -4 -4 -4 -4 -3 -3 -4  0 -4 -1 -3 -3 -4 -4 -3    3   1   1   1  77   1   1   1   0   1   2   1   2   1   4   1   1   0   1   1  2.63 0.68
  177 A    3 -1  0 -2 -2 -1 -1 -1  0 -1 -1 -1 -1  0  2  0  0 -2  0  1   28   3   5   1   0   2   4   2   2   2   3   2   1   3  11   6   6   0   4  13  0.17 0.13
  178 P    2 -1 -2 -1 -3 -1 -1 -1 -1 -3 -2 -1 -2 -2  5  1  0  0 -3 -2   18   3   1   2   0   2   4   3   1   1   5   3   0   2  34  12   5   1   1   1  0.59 0.23
  179 G   -1 -1  2 -1 -4 -3 -1  6 -3 -4 -4 -3 -4 -4 -1  0 -3 -4 -1 -4    3   3  10   4   0   1   3  59   0   1   1   1   0   1   4   6   1   0   2   1  0.91 0.34
  180 R    0  1  0 -1 -3  2  0 -1  0 -2 -2  4  0 -3  0  1 -1 -3 -2 -1    8   5   2   3   0   9   4   3   2   1   3  34   2   1   4  11   1   0   1   5  0.31 0.17
  181 K    0  1  0  0 -2  1  0  2 -1 -2 -2  1  0 -1  0  1  0 -2 -1 -1    4   8   4   3   0   9   4  17   0   1   3  12   2   3   3  13   7   0   3   3  0.13 0.07
  182 Y   -3 -3 -3 -4 -4 -3 -3 -4 -1 -3 -2 -3 -2  3 -4 -3 -3  0  9 -3    1   1   1   1   0   1   1   1   0   1   1   1   0  12   1   1   1   0  74   1  1.74 0.43
  183 F   -3  0  0 -3  1  0 -2 -3  3 -3 -2  0 -2  3 -3 -1 -2  0  7 -3    1   4   4   1   4   5   1   1   7   1   1   5   0  13   1   4   1   0  46   1  0.81 0.28
  184 G    0 -2 -1 -2 -3 -2 -2  6 -2 -3 -3 -2 -3 -3 -1  0  0 -3 -3 -3    3   2   1   1   0   1   2  73   0   1   1   1   0   1   2   3   6   0   0   1  0.90 0.18
  185 R   -2  6 -1 -2 -3  1 -1 -2 -1 -2 -2  1 -2 -3  0 -1 -1 -3 -2 -1    1  69   1   1   0   3   1   1   0   1   2   3   0   1   5   1   1   0   1   7  0.64 0.14
  186 G    0  0 -1 -2 -2 -2 -2  5 -2 -2 -3 -1 -2 -3 -2 -1 -2 -2 -3 -1    1   7   1   1   0   1   1  72   0   1   2   1   0   1   1   1   1   0   1   7  0.74 0.12
  187 P    2 -2 -2 -2 -2 -1 -1 -2 -2 -2 -2 -1 -1 -3  6  0  0 -3 -2 -2   21   1   1   1   0   1   1   1   0   1   2   1   3   1  54   6   4   0   1   1  0.98 0.13
  188 I   -2 -2 -3 -3 -2 -2 -2 -3 -3  3  3 -1  3  1 -2 -2 -1 -2 -1  1    1   1   1   1   0   1   1   1   0  34  30   5  11   5   1   1   1   0   0   5  0.30 0.10
  189 Q   -1  0 -1 -1 -3  5  0 -2  1 -3 -2  0  0 -3  3  0  0 -3 -2 -2    1   3   1   1   0  48   1   1   3   1   4   3   3   1  18   5   4   0   0   1  0.57 0.17
  190 I   -2 -2 -3 -3 -2 -2 -3 -3 -3  3  4 -2  1  0 -3 -2 -1 -2 -2  2    1   1   1   1   0   1   1   1   0  25  51   1   0   1   1   1   1   0   0  12  0.41 0.12
  191 S    1  0 -1 -2 -2  0 -1 -2 -1 -2 -1  0 -1  0 -2  3  1 -1  3 -2   10   3   0   0   0   3   1   1   0   0   6   3   0   4   0  39  11   0  17   1  0.26 0.13
  192 H   -3 -4 -2 -4 -4 -3 -4  0  4 -1 -3 -4 -3  0 -4 -2  1 10  4 -3    0   0   1   0   0   0   0   8  11   5   1   0   0   2   0   2   9  47  12   0  1.61 0.42
  193 N   -3 -1  7  0 -4  1 -1 -3 -2 -5 -5 -1 -4 -5 -4  0  0 -5 -4 -4    0   3  74   2   0   5   2   0   0   0   1   2   0   0   0   3   5   0   0   0  1.35 0.42
  194 Y   -2 -3 -2 -2 -2 -2 -3 -3  0  1 -2 -3 -2  3 -4  0  0 -1  7 -2    2   0   2   2   1   1   0   2   2   8   1   1   0  12   0   7   5   0  54   0  0.99 0.34
  195 N   -3 -3  8  0 -4 -2 -2 -3 -2 -5 -5 -1 -4 -5 -4  0 -2 -5 -4 -5    0   0  86   2   0   0   0   0   0   0   1   2   0   0   0   6   0   0   0   0  1.81 0.51
  196 Y   -5 -5 -5 -6 -5 -4 -5 -6 -1 -1 -4 -5 -4  0 -6 -5 -4 -1 10 -4    0   0   0   0   0   0   0   0   0   4   0   0   0   0   0   0   0   0  96   0  2.65 0.68
  197 G   -1 -1 -1  0 -2 -1  0  6 -3 -3 -3  1 -3 -4 -3 -2 -3 -1 -4 -4    2   3   1   4   1   2   7  64   0   2   2  10   0   0   0   0   0   1   0   0  0.90 0.29
  198 P    1  0 -2 -2 -3  2 -1 -2 -2 -1  0  0 -1 -3  5 -1 -1 -4 -2 -2   18   5   0   1   0  12   2   2   0   4  12   5   1   0  32   3   1   0   1   1  0.51 0.20
  199 C    5 -3 -3 -3  5 -1 -3 -2  0  0 -2 -3 -1  0 -3 -1  0 -3 -2 -1   60   0   0   0  12   2   0   0   3   5   1   0   1   5   0   1   3   0   0   3  0.66 0.29
  200 G   -1 -1 -3 -3 -2 -2 -4  7 -4 -5 -5 -3 -5 -5 -4 -1 -3 -5 -5 -3    4   5   0   0   1   1   0  84   0   0   0   0   0   0   0   4   0   0   0   2  1.54 0.43
  201 R    0  3  1  1 -4  2  2  0 -1 -2 -3  2 -2 -4 -2 -1 -1 -4 -3 -2    8  21   5  10   0  10  11   6   1   3   0  17   0   0   1   2   3   0   0   2  0.33 0.16
  202 A    4 -2 -2 -1 -1  1  0  1  0 -3 -3 -2 -3 -2  2  0 -1 -4  0 -2   52   0   1   3   1   6   4   8   2   0   0   1   0   2   9   5   0   0   4   1  0.46 0.24
  203 I   -3 -4  0 -4 -3 -4 -4 -5 -4  5  4 -4  1 -1 -4 -1 -2  1 -1  0    0   0   7   0   0   0   0   0   0  37  44   0   1   1   0   5   1   2   1   2  0.69 0.29
  204 G    0 -2  1 -2 -2 -2 -2  6 -2 -4 -4  2 -4 -1 -3 -2 -3 -4 -2 -4    6   1   7   1   1   1   1  61   1   0   0  14   0   3   0   1   0   0   2   0  0.91 0.30
  205 V    0 -2 -1 -2 -1  0 -1 -2 -2  1  1 -1  0  3  0 -1 -1 -2  0  2    8   0   2   1   1   6   3   3   0   9  17   2   1  19   5   3   1   0   1  18  0.14 0.11
  206 D   -3 -3  3  7 -5 -2  0  1 -2 -5 -5 -2 -4 -5  0 -2 -2 -5 -4 -5    0   0  11  66   0   1   4   9   0   0   0   0   0   0   4   0   1   0   0   0  1.25 0.38
  207 L   -2 -3 -4 -4 -3 -4 -3  2 -4  1  5 -4  0 -2 -2 -3 -3 -3 -3 -1    1   1   0   0   0   0   1  18   0   7  68   0   0   0   2   0   0   0   0   0  0.77 0.31
  208 L   -3 -3 -4 -5 -3 -3 -3 -3 -4  1  5 -3  0 -1 -3 -3 -3 -2 -3  1    0   1   0   0   0   1   1   2   0   6  74   1   1   0   1   1   0   1   0   9  0.87 0.32
  209 N    0  1  5  0 -3  0 -1  0  2 -3 -4  1 -3 -2 -3  1 -1 -4 -2 -3   10   7  43   3   0   4   1   7   4   1   1   6   0   1   0   8   2   0   1   0  0.54 0.23
  210 N   -2 -1  7  2 -4 -1 -1 -3  5 -5 -5 -1 -4 -4 -3 -1 -2 -5 -2 -4    2   3  57   9   0   2   2   0  16   0   1   2   0   0   1   3   1   0   1   0  1.12 0.37
  211 P   -2 -4 -4 -4 -5 -4 -4 -4 -4 -5 -5 -3 -5 -6  8 -3 -3 -6 -5 -5    3   0   0   0   0   0   0   0   0   0   1   0   0   0  92   0   0   0   0   0  2.69 0.60
  212 D   -3 -3  0  6 -5 -1  4 -1 -2 -5 -5 -2 -4 -3 -3 -2 -3  2 -2 -4    0   0   3  51   0   1  32   4   0   0   1   0   0   1   0   1   0   3   1   0  1.08 0.35
  213 L   -2 -1 -3 -3 -3 -2 -3 -3 -3  2  4 -1  1 -1 -4 -3  0 -3  2  0    1   3   0   1   0   2   0   1   0  11  56   5   2   1   0   1   5   0   7   2  0.46 0.23
  214 V   -2 -4 -4 -5 -3 -4 -4 -5 -5  1  1 -4 -1 -2 -4 -3 -1 -4 -3  6    1   0   0   0   0   0   0   0   0   5  13   0   1   0   0   0   2   0   0  75  1.06 0.37
  215 A    5 -3 -3 -3 -3  0  2 -1 -2 -2 -3 -2 -3 -4 -2  2 -1 -4 -3  0   55   0   0   0   0   3  13   2   0   1   1   0   0   0   0  16   1   0   0   6  0.61 0.31
  216 T   -2  1  3 -2 -4  4  0 -2  0 -4 -3  0 -3 -3 -3  1  4 -4 -3 -3    1   9  14   1   0  21   3   1   1   0   0   3   0   1   0   8  36   0   0   0  0.59 0.30
  217 D   -4  0  4  7 -1 -2 -1 -3 -3 -5 -6 -3 -5 -6 -4 -1 -1 -6 -5 -5    0   5  24  64   1   0   1   0   0   0   0   0   0   0   0   2   4   0   0   0  1.41 0.44
  218 P    3 -3 -2 -2 -3 -2 -2  0 -4 -4 -4 -3 -4 -5  6  0 -2 -5 -2 -2   35   1   1   2   0   1   1   5   0   0   0   0   0   0  43   6   0   0   1   3  1.04 0.35
  219 V    0  0 -2 -2 -3 -2 -1 -3 -3  1  0 -2  0 -2 -3 -1  3  3 -3  4    5   5   1   2   0   1   3   0   0   3   4   2   2   0   0   3  26   4   0  39  0.39 0.24
  220 I   -1 -3 -4 -5 -3 -4 -4 -5 -4  4  2 -3  0 -2 -4 -3 -1  2 -3  4    5   1   0   0   0   0   0   0   0  28  22   0   1   0   0   0   3   3   0  37  0.65 0.26
  221 S    4 -3 -2 -3 -3 -3 -2 -2 -3 -3 -3 -3 -3  0 -3  4 -1 -4 -3  0   43   0   0   0   0   0   1   1   0   0   0   0   0   5   0  42   1   0   0   7  0.78 0.36
  222 F   -5 -1 -6 -6 -5 -5 -6 -6 -4 -3 -2 -5 -2  8 -6 -5 -5  6  0 -4    0   5   0   0   0   0   0   0   0   0   1   0   1  82   0   0   0  12   0   0  2.17 0.58
  223 K   -1  3 -2 -2 -5  3  2 -3 -2 -4 -4  5 -1 -5 -3 -2 -2 -5 -4 -4    5  14   0   0   0  13  10   1   0   0   0  52   2   0   0   0   1   0   0   0  0.87 0.34
  224 S    2 -3 -2 -3 -1 -3 -3 -3 -4 -3 -4 -3 -3 -5  0  2  6 -5 -4 -2   19   0   0   0   1   0   0   0   0   0   0   0   0   0   5  11  65   0   0   0  1.08 0.43
  225 A    6 -4 -4 -4 -3 -3 -3  0 -4 -4 -4 -3 -3 -5  1  0 -2 -5 -4 -3   82   0   0   0   0   0   0   7   0   0   0   0   0   0   7   3   1   0   0   0  1.24 0.46
  226 I   -3 -4 -5 -5 -3 -4 -4 -5 -4  5  3 -4  3  2 -4 -1 -2 -3 -2  1    0   0   0   0   0   0   0   0   0  39  35   0   8   8   0   5   0   0   0   5  0.75 0.29
  227 W   -2 -6 -7 -7  1 -5 -6 -1 -6 -6 -5 -6 -5 -1 -7 -5 -5 12 -1 -6    5   0   0   0   3   0   0   5   0   0   0   0   0   1   0   0   0  86   1   0  3.66 0.78
  228 F   -4  1 -4 -5 -5 -2 -4 -5 -3 -3 -2 -2 -2  7 -5  0 -4 -1  4 -3    0   9   0   0   0   1   0   0   0   0   1   2   0  64   0  10   0   0  12   0  1.33 0.43
  229 W   -6 -6 -7 -4 -6 -5 -6 -1 -6 -6 -3 -6 -5 -2 -7 -5 -6 13 -1 -6    0   0   0   1   0   0   0   5   0   0   2   0   0   0   0   1   0  91   0   0  4.00 0.83
  230 M   -4 -4  1 -5 -4 -3 -5 -5 -4 -1 -1 -3 10 -3 -5 -4 -2 -4 -3 -1    0   0   7   0   0   0   0   0   0   2   0   1  84   0   0   0   2   0   0   2  2.18 0.65
  231 T   -2 -3  2 -3 -3 -1 -2 -3 -3 -2 -3 -1 -2 -4 -3 -1  7 -5 -4 -1    1   0  10   0   0   2   1   0   0   1   1   3   0   0   0   1  76   0   0   2  1.22 0.45
  232 P    2 -2  0 -2 -3  1 -1 -1 -1 -3 -3 -1 -3 -3  6 -1 -2 -4 -3 -3   20   1   4   1   0   8   3   3   1   1   1   2   0   1  48   3   1   0   1   1  0.96 0.28
  233 Q   -1  2  0 -2 -3  6  0 -3  1 -2 -3  1  0 -3 -2 -1 -1 -2 -2  0    3   9   4   1   0  45   2   1   3   2   1   8   2   0   1   3   2   1   1   9  0.57 0.26
  234 S    0  1  0  0 -3  0 -1  2 -1 -3 -3  2 -2 -2  2  2  0 -3 -1 -3    5   6   2   3   0   3   2  15   1   1   2  17   1   1  12  22   3   0   3   1  0.28 0.14
  235 P   -2 -1  2 -2 -4 -2 -2 -1  0 -3 -4  0 -3 -4  7 -1 -1 -4 -3 -2    1   3  13   2   0   1   1   5   3   1   1   5   0   0  54   4   2   0   1   3  1.13 0.33
  236 K   -2  0  0 -2 -4  2 -1 -3 -2 -1 -2  6 -2 -4 -3 -1  0 -4 -3  0    2   2   4   1   0   8   1   1   1   3   3  58   0   0   1   3   6   0   0   7  0.69 0.30
  237 P   -2 -2 -3 -3 -4 -3 -3 -4 -4 -2 -2 -2  3 -4  7 -1 -2 -4 -4 -3    2   2   0   1   0   0   1   1   0   3   4   2   8   1  68   5   2   0   0   1  1.59 0.42
  238 S   -1 -3  3 -1 -3 -2 -2 -2 -2 -4 -3 -2 -3 -4 -2  6  1 -5 -4 -4    2   0  13   2   0   0   0   1   1   0   3   1   0   0   1  68   8   0   0   0  1.00 0.43
  239 C    2 -4 -3 -4  9 -3 -4 -3 -3  0 -3 -3 -2 -3  1  1 -2 -4 -3  1   16   0   0   0  46   0   0   1   1   5   1   0   0   1   7  10   0   0   0   9  1.10 0.36
  240 H   -4 -3 -2 -3 -5  0 -3 -4 10 -5 -5 -3 -4 -4 -3 -3 -1 -4 -1 -5    1   0   1   0   0   4   1   1  84   0   1   0   0   0   1   1   4   0   0   1  2.47 0.63
  241 D    0 -2  2  6 -4  0  1 -1 -1 -3 -4 -2 -3 -4 -2  1 -1 -4 -2 -3    9   1   9  50   0   5   7   2   1   1   1   1   0   0   1   8   2   0   2   1  0.74 0.28
  242 V    2 -3 -4 -4 -1 -3 -3 -3 -4  2 -1 -3 -1 -3 -3 -2 -2 -4 -3  6   19   1   0   0   1   0   1   1   0   7   2   1   0   0   0   1   1   0   0  65  0.85 0.34
  243 I   -2 -4 -4 -4 -3 -3 -4 -4 -4  5  0 -3  6  2 -3 -3 -2 -3 -2  1    3   0   1   0   0   0   1   1   0  40   3   0  28  10   1   1   0   0   0   9  0.82 0.32
  244 T   -1 -3 -1 -3 -2 -3 -3 -3 -3  2  0 -3 -1 -2  0 -1  4 -4 -3  3    2   0   2   1   0   0   1   1   0  12   9   1   0   0   4   2  38   0   0  28  0.51 0.26
  245 G   -1 -2  2  0 -3 -2  0  5 -2 -4 -4 -2 -3 -4 -3  0 -2 -3 -3 -3    1   2  12   4   0   1   5  58   1   1   1   1   0   1   1   6   1   0   0   1  0.84 0.27
  246 R   -1  2  2 -1 -3  3  0  1 -1 -2 -2  2 -2 -3 -1  0 -1  0 -2 -2    2  16  11   2   0  20   4  14   1   2   2  12   0   1   3   5   2   1   1   2  0.29 0.14
  247 W   -3 -2 -3 -2 -3 -2 -3 -3 -2 -3 -2 -3 -2  0 -2 -3 -3 11  3 -2    2   3   2   2   1   1   2   2   1   2   3   2   1   2   3   2   2  59   8   2  1.99 0.38
  248 Q   -1  1  0 -1 -1  1  0 -1 -1 -1 -1  2 -1 -2 -1  1  3 -2 -2  0    3   7   4   2   1   6   3   3   1   2   3  20   1   1   2   7  27   0   1   6  0.22 0.11
  249 P   -2 -2 -2 -2 -3 -2 -2 -2 -2 -2 -2 -1 -2 -3  7 -1 -2 -3 -2 -2    3   3   1   2   1   1   2   2   1   2   4   3   1   1  66   3   2   0   1   2  1.44 0.29
  250 S   -1 -1  1 -1 -2 -1 -1 -1 -2 -2 -2 -1 -2 -2 -1  4  3 -2 -1 -2    3   2   5   2   1   1   2   3   1   2   3   2   1   1   2  41  24   0   2   2  0.43 0.18
  251 G    2  0  0  1 -2  0  0  1 -1 -2 -2  2 -1 -2  0  1 -1 -2 -2 -1   26   3   3   7   1   2   6  10   1   2   3  16   1   1   5   7   2   0   1   3  0.16 0.08
  252 A    3  0  3  1 -2  0 -1  0 -1 -2 -2  0 -1 -2 -1  0  0 -2 -2 -1   34   4  16   8   1   3   3   4   1   2   3   3   1   1   2   4   4   0   1   3  0.22 0.11
  253 D   -2 -2  0  7 -3 -1  0 -2 -2 -3 -3 -2 -3 -3 -2 -1 -2 -3 -2 -3    3   2   3  68   1   1   3   2   1   2   3   2   1   1   2   3   2   0   1   2  1.09 0.28
  254 Q    0  2  0 -1 -2  1 -1 -2 -1  0  0  1 -1 -1 -1  0  3 -1 -1  0    4  12   3   2   1   6   3   2   1   7   7  10   1   2   3   6  24   1   1   7  0.12 0.08
  255 A    3 -1  0 -1 -1  0  0 -1 -2 -1  1 -1  0 -2 -1  1  0 -2 -2 -1   40   3   4   3   1   3   5   2   1   2  15   2   1   1   2   9   3   0   1   3  0.21 0.12
  256 A    4 -1 -1 -2 -1 -1 -1  0 -2 -2 -2 -1 -2 -2 -1  1  0 -2 -2 -1   51   2   2   2   1   1   3   7   1   2   3   3   1   1   2  12   3   0   1   3  0.41 0.17
  257 N   -1  0  3 -1 -2 -1 -1  4 -1 -3 -2  1 -2 -2 -1  0 -1 -1 -2 -2    2   6  19   2   1   2   2  35   1   1   3  11   1   2   2   4   2   1   1   2  0.38 0.14
  258 R   -2  6 -1 -1 -3  0  0 -2  0 -2 -2  0 -1 -2 -2 -1 -1 -3 -2 -2    3  61   1   3   1   2   4   2   2   2   4   2   1   2   1   3   3   0   1   3  0.81 0.26
  259 V    0 -2 -1 -2 -2 -1 -1 -1 -1  1  2 -1  0  0 -1 -1  1 -2  0  3    5   1   3   2   0   2   2   4   1   4  23   4   1   2   2   3   8   0   4  27  0.12 0.09
  260 P    1 -1 -3 -3 -4  3 -2 -3 -3 -3 -4 -2 -4 -5  7 -1 -2 -5 -4 -3   11   3   0   1   0  18   1   1   0   1   1   1   0   0  56   3   1   0   0   1  1.38 0.44
  261 G   -2 -4 -2 -3 -5 -4 -5  7 -5 -6 -6 -4 -5 -6 -5 -1 -3 -5 -3 -6    0   1   1   1   0   0   0  93   0   0   0   0   0   0   0   3   1   0   1   0  2.00 0.58
  262 F   -5 -5 -5 -6 -5 -5 -5 -6  0 -3 -3 -4 -3  8 -6 -4 -5 -1  7 -4    0   0   0   0   0   0   0   0   2   1   0   0   0  61   0   1   0   0  34   0  2.02 0.59
  263 G   -2 -4 -3 -3 -5 -5 -5  7 -5 -6 -6 -4 -5 -6 -5 -2 -4 -5 -6 -6    1   1   0   0   0   0   0  96   0   0   0   0   0   0   0   1   0   0   0   0  2.18 0.61
  264 V    3 -3 -3 -3 -1 -1  0 -2 -3  0  0 -2  3 -3 -3 -1  0 -1 -2  4   26   0   0   0   1   3   7   2   0   0   9   0   9   0   0   1   6   1   1  35  0.36 0.25
  265 I   -2 -4 -3 -4 -3 -4 -4 -4 -4  4 -1 -4 -2 -3 -1 -1  6 -5 -4  2    0   0   0   0   0   0   0   0   0  26   2   0   0   0   2   1  55   0   0  12  0.99 0.43
  266 T   -1 -4 -3 -4 -3 -3 -4 -3 -4  4 -1 -3  3 -3 -3 -1  5 -4 -4  0    4   0   0   0   0   0   0   1   0  31   1   0   9   0   1   2  47   0   0   3  0.87 0.40
  267 N   -4  4  7 -1 -5  0 -3 -3 -1 -5 -4 -1 -1 -5 -5 -2 -3 -3 -2 -5    0  23  65   1   0   3   0   0   0   0   2   2   2   0   0   0   0   0   1   0  1.45 0.52
  268 I    2 -3 -4 -5 -3 -4 -4 -4 -3  6  0 -3 -1 -3 -4 -1 -2 -5 -3  1   18   1   0   0   0   0   0   0   1  63   3   2   0   0   0   6   1   0   0   6  0.90 0.39
  269 I   -3 -4 -5 -5 -3 -5 -5 -6 -5  7  2 -4  0 -1 -5 -2 -2 -5 -3  1    0   1   0   0   0   0   0   0   0  73  13   1   1   2   0   4   1   0   0   4  1.22 0.44
  270 N   -3 -3  8 -1 -5 -3 -3 -3 -1 -6 -6 -2 -5 -4 -5 -2 -2 -5  3 -5    2   1  83   1   0   0   0   0   1   0   0   1   0   0   0   1   1   0   9   0  1.88 0.61
  271 G   -2 -4 -2 -4 -5 -4 -4  7 -4 -6 -5 -4 -5 -3 -5  1 -4 -5 -5 -5    0   1   1   0   0   0   0  87   0   0   1   0   0   1   0  10   0   0   0   0  1.79 0.54
  272 G    1 -1 -1  2 -4 -2  0  5 -2 -4 -4 -2 -4 -4 -3  0 -2 -4 -4 -3   13   3   2  13   0   1   6  52   1   0   0   0   0   0   1   6   1   0   0   1  0.76 0.28
  273 L   -1 -1 -3 -2 -2  1 -1 -3 -3  2  3 -2  1  0 -2 -1 -1 -3 -1  1    5   3   1   1   0   7   5   1   0  14  40   1   3   3   1   4   1   0   2   9  0.26 0.16
  274 E   -3 -3 -3 -1 -1  0  7 -3 -3 -2 -5 -2 -4 -6 -4 -3 -2 -5 -5 -1    0   0   0   1   1   1  84   1   0   3   0   0   0   0   0   0   2   0   0   4  1.56 0.57
  275 C   -3 -6 -3 -6 11 -6 -6 -5 -2 -4 -4 -6 -5 -5 -6 -3 -3 -5 -3 -4    1   0   1   0  93   0   0   0   1   0   0   0   0   0   0   1   1   0   1   0  3.36 0.80
  276 G   -2 -4  4  2 -3 -3 -3  6 -3 -5 -6 -3 -5 -4 -4 -1 -3 -5 -3 -5    2   0  19  10   1   1   0  61   0   0   0   1   0   0   0   2   1   0   1   0  1.19 0.42
  277 H   -2  2  0 -2 -3  2 -2  3  4 -2 -2  2 -1 -3 -3 -1 -2 -4 -2 -2    1  10   4   1   0  10   0  29  14   4   2  16   2   0   0   3   0   0   1   2  0.44 0.24
  278 G    0 -1 -1 -1 -4 -3 -3  6 -3 -4 -5  0 -4 -5  0 -1 -2 -5 -5 -4    5   4   2   3   0   0   0  67   0   1   0   6   0   0   4   4   2   0   0   1  1.09 0.39
  279 S    0  0  4  2 -3  1  0 -1 -2 -4 -3 -1 -2 -2  1  2  0 -1 -1 -2    7   4  26  11   0   8   3   4   0   0   1   0   1   2   8  15   4   1   3   2  0.35 0.21
  280 D   -2 -3  3  4 -4 -2 -1 -3 -3  0 -2 -2 -3 -3  3  0  1 -5 -4 -1    1   0  14  31   0   1   2   0   0   5   4   1   0   1  17   6  11   0   0   5  0.54 0.27
  281 S    3 -2  0  4 -3 -1  0  1 -3 -3 -4 -1 -3 -4  2  1  0 -5 -4 -3   27   0   4  26   0   1   5   8   0   0   1   2   0   0   9  10   6   0   0   0  0.46 0.25
  282 R    1  4  0 -1 -4  3  0 -1 -1 -2 -3  1 -2 -4 -1  0  0 -4 -3 -1   15  26   3   2   0  19   5   3   1   2   1   7   0   0   2   5   5   0   0   3  0.37 0.22
  283 V    1 -3 -1 -5 -3 -2 -3 -2 -4  0 -1 -4  5 -3 -4 -2 -1 -5 -4  5   12   1   3   0   0   2   1   4   0   2   1   0  18   0   0   1   2   0   0  55  0.81 0.40
  284 Q    1 -1  4  0 -4  4  1 -3 -1 -4 -3  1 -1 -4 -2  0  0 -3 -3 -1   14   1  27   4   0  22   8   0   1   0   2   6   1   0   1   5   4   0   0   4  0.47 0.27
  285 D    1 -1  4  5 -4 -2 -1 -2 -2 -4 -5 -2 -3 -4 -3  1 -1 -5 -2 -2   14   3  21  38   0   0   1   1   0   0   0   1   1   0   0  13   3   0   2   2  0.71 0.33
  286 R   -4  8 -4 -5 -6 -2 -3 -5 -3  1 -5 -1 -3 -4 -4 -1 -3 -6 -5 -4    0  84   0   0   0   0   0   0   0   9   0   0   0   0   0   5   1   0   0   0  1.88 0.64
  287 I   -3 -5 -4 -6 -4 -5 -5 -5 -6  6 -1 -5 -1 -2 -5 -4 -2 -5 -1  4    1   0   1   0   0   0   0   0   0  63   1   0   0   1   0   0   1   0   2  30  1.34 0.49
  288 G   -1 -1  2  0 -4 -1  0  5 -3 -5 -5 -1 -4 -4 -4  2 -1 -5 -4 -4    4   2  10   4   0   2   6  52   0   0   0   2   0   1   0  14   3   0   0   0  0.81 0.33
  289 F   -3 -3 -3 -5 -3 -4 -4 -5  5 -3 -1 -2 -3  6 -6 -3 -4 -1  7 -4    2   1   1   0   0   0   0   0  14   0   3   2   0  37   0   1   0   0  37   0  1.46 0.50
  290 Y   -5 -5 -6 -5 -6 -5 -6 -7 -1 -5 -4 -5 -4  3 -6 -4 -5 -1  9 -5    0   0   0   1   0   0   0   0   1   0   0   0   0  10   0   1   0   0  88   0  2.72 0.79
  291 R   -3  2 -1 -3 -4  3 -1 -4 -3 -2  0  5 -2 -4 -2 -2  2 -5 -4 -2    0  11   2   0   0  17   2   0   0   1  12  39   0   0   1   0  12   0   0   2  0.63 0.34
  292 R   -2  6  0  1 -5  1  0 -4  0 -4 -4  0 -2 -3 -4 -1 -2 -4  3 -4    2  49   5   8   0   7   6   0   2   0   1   3   1   0   0   3   2   0  12   0  0.81 0.36
  293 Y   -5 -5 -5 -6 -6 -5 -5 -5 -2 -2 -3 -5 -4  5 -6 -5 -5 -1  9 -4    0   0   0   0   0   0   0   1   0   1   2   0   0  22   0   0   0   0  73   0  2.30 0.69
  294 C   -1 -6 -5 -6 10 -5 -6 -4 -6 -4  1 -5 -3 -5 -5 -2  0 -4 -5 -2    5   0   0   0  71   0   0   1   0   0  13   0   0   0   0   1   6   0   0   1  2.27 0.65
  295 G   -2 -1  2  5 -5  2  0  1 -1 -5 -5  0 -4 -5 -3  1 -1 -5 -4 -4    2   3  10  42   0  11   2  10   1   0   0   5   0   0   0  10   3   0   0   1  0.71 0.31
  296 I   -2 -2 -3 -3 -3  3 -2 -4 -2  3  2  0  4 -1 -4 -2 -2 -3  0  0    1   1   0   1   0  18   2   0   0  25  23   5  14   1   0   1   2   0   4   4  0.46 0.27
  297 L   -3 -5 -6 -6 -4 -4 -4 -6 -5  0  5 -5  3  5 -5 -5 -4 -3 -2 -2    1   0   0   0   0   0   1   0   0   2  65   0   8  22   0   0   0   0   0   0  1.18 0.44
  298 G   -2  0  1 -1 -5 -1 -2  6 -2 -5 -6 -1 -5 -5 -4 -2 -4 -5 -5 -5    1   6   8   4   0   2   2  72   1   0   0   3   0   0   0   1   0   0   0   0  1.32 0.45
  299 V   -2 -5 -5 -5 -3 -5 -5 -5 -5  2 -1 -5 -1 -2 -5 -4  1 -5 -4  6    2   0   0   0   0   0   0   0   0   9   1   0   1   1   0   0   7   0   0  78  1.31 0.50
  300 S    0 -3  0  3 -3 -1 -1  3 -2 -4 -4 -2 -4 -4 -1  3  0 -5 -4 -3    8   0   3  21   0   2   1  22   0   0   0   0   0   0   3  33   5   0   0   0  0.57 0.29
  301 P   -2 -4 -4 -4 -1 -4 -4 -5 -2 -3 -4 -4 -3 -1  6 -1  2 -3  5 -2    2   0   0   1   1   0   0   0   0   1   1   0   0   1  47   5  12   0  26   2  1.34 0.49
  302 G   -2 -5 -2 -4 -5 -4 -3  7  2 -6 -6 -4 -5 -6 -2 -3 -4 -5 -5 -6    1   0   1   0   0   0   2  88   6   0   0   0   0   0   2   0   0   0   0   0  1.90 0.58
  303 E   -1 -2  2  5 -4 -2  2  0 -1 -4 -3 -1 -4 -5  1  1 -1 -5 -4 -4    5   1  11  38   0   0  12   6   1   0   2   2   0   0   7  12   3   0   0   0  0.62 0.28
  304 N   -3 -3  8  0 -5 -3 -2 -3  1 -5 -5 -3 -3 -4 -4 -1 -2 -6 -1 -2    1   0  78   3   0   0   1   0   3   0   0   0   0   0   1   3   1   0   3   4  1.68 0.59
  305 L   -4 -4 -6 -6 -4 -4 -5 -6 -5  1  6 -5  0 -1 -5 -5 -3 -4 -3  0    0   1   0   0   0   1   0   0   0   6  85   0   1   1   0   0   1   0   0   4  1.34 0.48
  306 D   -2 -2  0  6 -4 -2 -1 -2 -2 -4 -5 -2 -4 -3 -2  2  3 -5  0 -4    2   2   2  48   0   1   1   3   0   1   0   0   0   1   1  16  18   0   4   0  0.82 0.36
  307 C   -4 -6 -6 -7 11 -7 -7 -6 -7 -5 -5 -7 -5 -6 -6 -3 -4 -6 -4 -4    0   0   0   0  97   0   0   0   0   0   0   0   0   0   0   2   0   0   1   0  3.75 0.88
  308 G    2  0  0  0 -3 -1 -1  1 -1 -3 -3 -1 -2  1 -3  0 -1 -1  5 -2   26   4   6   5   0   2   3   9   0   0   0   3   0   5   0   4   2   0  29   2  0.38 0.21
  309 N   -2 -2  6  3 -4  0  2 -1  1 -4 -4 -1 -4 -3 -3  1 -1 -5 -1 -4    1   1  44  16   0   2  16   3   3   0   1   2   0   1   0   7   2   0   2   0  0.72 0.28
  310 Q   -4 -2 -3 -2 -6  8  0 -5 -2 -5 -4 -1  3 -6 -4 -3 -3 -5 -4 -5    0   0   0   1   0  90   2   0   0   0   0   0   7   0   0   0   0   0   0   0  2.04 0.60
  311 R   -1  5 -2 -2 -4  1  0 -3 -2 -3 -2  4 -2 -4 -3 -1  1 -2 -3 -1    3  36   0   1   0   4   5   0   0   1   3  30   0   0   0   1   9   0   0   6  0.59 0.24
  312 S    1 -4  0 -2 -4 -3 -3 -3  1 -4 -4 -3 -4 -5  7  1 -1 -2 -4 -2   10   0   5   1   0   0   0   0   4   0   0   0   0   0  61  14   2   1   0   2  1.41 0.36
  313 F   -4 -5 -5 -6 -5 -5 -5 -6 -3 -3 -1 -5 -2  8 -6 -4 -4  0  4 -3    0   0   0   0   0   0   0   0   0   0   2   0   0  83   0   1   0   1  13   0  2.01 0.48
  314 G    2 -2  4  1 -3 -2 -2  4 -2 -4 -4 -2 -3 -4 -2 -1 -1 -4 -4 -2   18   0  32   8   0   0   1  34   0   0   0   1   0   0   1   1   1   0   0   2  0.63 0.21
  315 N   -1 -2  2 -1 -3  1 -1  1 -2 -3 -2 -1 -2 -2  4  2  0  1 -1 -2    1   0  14   1   0   7   2  13   0   0   2   1   0   1  25  22   4   3   2   2  0.44 0.13
  316 G    1 -2  0 -2 -3 -2 -2  5 -2 -3 -3 -2 -3 -4 -2  3  0 -4 -3 -3    8   1   4   0   0   0   0  51   0   1   1   0   0   0   0  31   2   0   0   0  0.69 0.15
  317 L   -1 -3 -3 -3 -2 -2 -3 -3 -3  1  4 -2  1  1 -2  1  0 -2 -2  0    1   0   0   0   0   0   0   0   0   4  65   0   0   4   1  17   5   0   0   3  0.37 0.09
  318 L    0 -2 -1 -3 -2 -2 -2 -3 -2  0  3 -2  3  0  0  1  0 -2 -2  0    7   0   4   0   0   0   0   0   0   0  52   0  12   2   5  13   5   0   0   0  0.25 0.07
  319 V    1 -1 -2 -3 -2 -1 -2 -2 -3  1  1  1  1 -2 -2 -1  1 -3 -2  3   12   0   0   0   0   0   0   0   0   5   9  16   5   0   0   2  12   0   0  40  0.17 0.06
  320 D   -1 -2  0  5 -3  1  2  2 -1 -3 -3 -1  1 -2 -2 -1 -1 -4 -3 -3    4   0   0  46   0  11  11  18   0   0   0   0   8   1   0   0   2   0   0   0  0.47 0.08
  321 I    0 -2 -1 -2 -1  0 -1 -2 -2  0  1 -1  0 -2 -2  2  4 -3 -2  1    0   0   0   0   0   4   0   0   0   3  16   0   0   0   0  22  42   0   0  14  0.27 0.06
  322 M   -1 -2 -3 -4 -2 -1 -3 -4 -3  2  2 -2  6  0 -3 -2 -1 -2 -1  2    0   0   0   0   0   0   0   0   0  14  11   0  62   0   0   0   0   0   0  14  0.46 0.06

                      K         Lambda
Standard Ungapped    0.1392     0.3201
Standard Gapped      0.0467     0.2670
PSI Ungapped         0.1532     0.3130
PSI Gapped           0.0467     0.2670
