
Last position-specific scoring matrix computed, weighted observed percentages rounded down, information per position, and relative weight of gapless real matches to pseudocounts
           A  R  N  D  C  Q  E  G  H  I  L  K  M  F  P  S  T  W  Y  V   A   R   N   D   C   Q   E   G   H   I   L   K   M   F   P   S   T   W   Y   V
    1 M   -3 -3 -4 -5 -3 -3 -4 -5 -4  1  2 -3  9 -2 -5 -4 -3 -3 -3 -1    0   0   0   0   0   0   0   0   0   7  16   0  77   0   0   0   0   0   0   0  1.49 0.33
    2 N    0 -2  4  1 -3 -1  0 -2 -1 -1 -3 -1 -2 -2 -2  3  2 -4 -3 -1    6   0  23   8   0   1   7   0   1   3   1   1   0   2   0  26  18   0   0   3  0.41 0.22
    3 N   -1 -2  3  3 -4  3  1 -1  2 -4 -4 -1 -2 -2 -3  2  0 -3  2 -4    2   0  19  15   0  14   6   4   5   0   0   0   0   1   0  18   5   0   9   0  0.42 0.22
    4 Y   -4 -5 -5 -6 -4 -5 -5 -5 -4  0  0 -5 -1  8 -6 -5 -4  6  2 -1    1   0   0   0   0   0   0   0   0   6   6   0   1  67   0   0   0  10   4   5  1.53 0.45
    5 P   -4 -5 -5 -4 -6 -4 -4 -4 -1 -6 -6 -4 -5 -6  9 -4 -4 -6 -4 -5    0   0   0   0   0   0   0   1   2   0   0   0   0   0  95   0   0   0   1   0  2.86 0.68
    6 W   -5 -2 -7 -7 -2 -5 -6 -6 -5  3  1 -6 -3 -2 -4 -6 -5 11  0 -3    0   2   0   0   1   0   0   0   0  20  12   0   0   1   1   0   0  62   1   1  2.48 0.64
    7 L   -4 -5 -6 -6 -4 -5 -6 -6 -6  0  6 -5  0 -2 -3 -4 -4 -4 -4 -2    0   0   0   0   0   0   0   0   0   2  96   0   0   0   2   1   0   0   0   0  1.57 0.53
    8 T   -2 -4 -2 -3 -3 -3 -3 -4 -4 -3 -4 -3 -4 -5 -4  5  6 -5 -4 -3    1   0   0   0   0   0   0   0   0   1   0   0   0   0   0  45  54   0   0   0  1.33 0.53
    9 I    0 -4 -4 -4 -2 -3 -4 -4 -4  4  2 -3  0  1 -4 -2  3 -4 -2  1   10   0   0   0   0   0   0   1   0  29  24   0   0   5   0   1  22   0   0   8  0.46 0.25
   10 I   -2 -4 -5 -5 -3 -4 -5 -5 -5  6  2 -4  1  1 -4 -1  0 -4 -3  2    3   0   0   0   0   0   0   0   0  52  16   0   3   5   0   4   5   0   0  13  0.76 0.32
   11 T   -2 -4 -4 -5 -3 -4 -4 -5 -5  5 -1 -4 -1 -2 -4 -3  3 -5 -3  4    1   0   0   0   0   0   0   0   0  35   2   0   1   0   0   0  24   0   0  37  0.91 0.39
   12 L   -1 -4 -5 -5 -3 -4 -5 -4 -4  1  3 -4  0  6 -2 -3 -3 -1  0  2    5   0   0   0   0   0   0   1   0   5  34   0   0  36   2   1   0   0   1  16  0.76 0.32
   13 F   -4 -5 -6 -6 -4 -5 -5 -6 -5  0  5 -5  0  5 -5 -3 -2 -2 -1 -1    0   0   0   0   0   0   0   0   0   2  65   0   0  28   0   1   1   0   1   1  1.17 0.44
   14 P   -4 -6 -6 -5 -6 -5 -5 -6 -6 -6 -6 -4 -6 -7  9 -4 -5 -7 -7 -6    0   0   0   0   0   0   0   0   0   0   0   0   0   0 100   0   0   0   0   0  3.20 0.82
   15 I    0 -4 -5 -5 -3 -4 -5 -5 -5  5  4 -4  0 -1 -5 -4 -2 -4 -3  2    7   0   0   0   0   0   0   0   0  38  45   0   1   1   0   0   1   0   0   8  0.86 0.35
   16 S    1 -4 -4 -4 -1 -3 -4 -3 -4  2  1 -3  0  3 -2  0 -1 -3 -2  3   16   0   0   0   1   0   0   1   0  10  15   0   1  14   2   9   1   0   0  29  0.35 0.23
   17 A    5 -4 -3 -4 -1 -4 -4  5 -4 -3 -4 -3 -1 -4 -4  0 -2 -5 -5 -2   48   0   0   0   1   0   0  42   0   1   0   0   1   0   0   3   2   0   0   1  1.05 0.44
   18 G    4 -4 -3 -4 -1 -3 -3  3 -4 -2 -3 -3  0 -4 -3  2 -2 -5 -4  1   43   0   0   0   1   0   0  24   0   1   0   0   3   0   0  14   1   0   0  14  0.67 0.36
   19 L    0 -4 -4 -4 -1 -4 -4 -3 -4  0  4 -4  0  3 -3  1 -2 -3 -2  1    6   0   0   0   1   0   0   1   0   4  50   0   0  13   1  16   1   0   0   8  0.53 0.30
   20 L    0 -4 -4 -5 -1 -4 -4 -3 -4  2  4 -4  0  3 -1 -1 -2 -3 -2  1   10   0   0   0   1   0   0   1   0   9  42   0   1  17   3   5   0   0   0  11  0.48 0.27
   21 I   -4 -5 -6 -6 -1 -5 -6 -6 -6  7  2 -5  2 -3 -5 -4 -3 -5 -4  1    0   0   0   0   1   0   0   0   0  65  21   0   6   0   0   1   0   0   0   6  1.29 0.49
   22 P   -1 -4 -5 -5 -3 -3 -4 -4 -4 -2  2 -4  1  4  6 -3 -3 -4 -2 -2    4   0   0   0   0   1   0   0   0   1  24   0   4  20  41   1   1   0   0   1  1.03 0.41
   23 L   -2 -4 -5 -5  0 -4 -5 -5 -4  1  3 -5  1  6 -2 -3 -2 -1 -1  0    2   1   0   0   2   0   0   0   0   8  36   0   3  38   2   1   2   0   0   5  0.84 0.37
   24 I   -3 -4 -5 -5 -3 -3 -5 -5 -5  4  4 -4  1  3 -5 -4 -2 -3 -2  2    0   0   0   0   0   1   0   0   0  30  36   0   3  14   0   0   2   0   0  12  0.77 0.33
   25 P   -3  1  1 -1 -2 -2 -3 -4 -4 -5 -5  0 -4 -1  8 -2 -3 -1 -4 -5    0   8   6   2   1   1   1   0   0   0   0   5   0   3  66   3   0   1   0   0  1.64 0.53
   26 N   -1  1 -1  4 -4  0  0  2  5 -4 -4  1 -3 -3 -1  0 -2 -1 -1 -3    3   7   1  29   0   2   3  15  16   0   1   9   0   1   3   5   1   1   2   1  0.48 0.25
   27 R   -2  4  1  2 -5  1  2 -3 -2 -5 -4  4 -2 -4 -1 -1 -2 -5 -4 -4    2  21   6  13   0   5  15   1   0   0   0  28   1   1   3   3   1   0   0   0  0.58 0.29
   28 G   -1 -1  2  2 -4  0  2  4 -1 -5 -4  0 -4 -4 -3  1 -1 -4 -3 -4    3   3  10  14   0   4  12  33   1   0   1   6   0   0   0  11   2   0   1   0  0.50 0.25
   29 N   -1 -1  4  1 -4  0  2  4  0 -4 -5  0 -4 -5 -3  0 -1 -5 -4 -3    5   3  25   7   0   4  12  30   3   1   0   4   0   0   0   3   3   0   0   1  0.55 0.27
   30 N   -1  3  1  0 -5  0 -1 -2 -1 -5 -4  5 -3 -4 -3  0 -1 -2 -4 -4    5  17   7   4   0   2   3   2   1   0   0  49   0   1   0   5   2   1   0   1  0.74 0.36
   31 L    0 -1  2 -3 -3 -1 -2 -2 -3  1  1 -2  0 -1 -1  0  3  1 -2  2    9   3  11   0   0   3   1   1   0   8  11   1   1   2   2   4  20   2   0  19  0.18 0.17
   32 I    1 -3 -3 -4 -1 -3 -3 -4 -2  4  0 -3  0 -1 -1 -1  0 -4  0  3   13   1   0   0   1   1   1   0   1  33   4   0   1   2   4   3   5   0   4  27  0.42 0.25
   33 R   -4  8 -3 -5 -6 -1 -3 -5 -3 -6 -4  2  1 -4 -2 -4 -4 -6 -5 -5    0  83   0   0   0   1   0   0   0   0   1  10   3   1   2   0   0   0   0   0  1.88 0.63
   34 W   -4 -2  2 -6 -6 -2 -5 -2 -5 -4 -2 -5  0 -1 -6 -3 -2 12  1 -4    1   2   9   0   0   2   0   4   0   1   3   0   2   1   0   2   2  67   4   1  2.62 0.72
   35 Y   -1 -4 -4 -5 -4 -3 -4 -5 -2  2 -1 -4  0  2 -5 -3  0  1  8  1    5   0   0   0   0   1   0   0   0  10   4   0   2   5   0   1   7   1  52  12  1.07 0.43
   36 A    5 -4 -2 -4 -3 -3 -3 -1 -4 -4 -4 -3 -3 -5 -3  1  4 -5 -4 -2   54   0   1   0   0   0   0   2   0   0   0   0   0   0   0   9  33   0   0   1  1.00 0.46
   37 L   -4 -4 -5 -6 -3 -4 -5 -6 -5  2  5 -5  1  1 -3 -3 -2 -4 -2  0    0   0   0   0   0   0   0   0   0  11  76   0   2   5   1   1   2   0   1   2  1.05 0.42
   38 G    0 -4 -3 -4  4 -3 -4  3 -3  1  0 -3 -2  0 -4  0  0  5 -1  0    9   0   0   0  12   0   0  28   0   9   9   0   0   5   0   5   6   8   2   9  0.39 0.22
   39 I   -1 -2 -2 -4 -3 -4 -4 -4 -4  5 -1 -4 -1  1 -4 -2  2 -4 -2  4    5   2   2   0   0   0   0   1   0  38   1   0   1   7   0   1  14   0   0  30  0.63 0.32
   40 C    1 -2 -3 -3  7 -3 -3  2 -4 -3 -1 -3  0 -4 -3  2  3 -4 -4 -3   10   3   0   0  24   0   0  17   0   0   6   0   2   0   0  17  21   0   0   0  0.63 0.32
   41 L   -2 -4 -4 -5 -1 -4 -4 -2 -4  3  4 -4  2  0 -2 -1 -1 -4 -3  2    2   0   0   0   1   0   0   3   0  14  49   0   5   3   2   4   2   0   0  14  0.56 0.28
   42 I    2 -4 -4 -4 -3 -3 -4 -4 -1  3  3 -4  0  2 -2 -2 -1 -3 -2  2   18   0   0   0   0   0   0   0   2  24  27   0   1   9   2   1   3   0   0  14  0.43 0.25
   43 D   -2 -1  1  5 -4 -2  3 -3 -3 -1 -4 -2 -3 -5 -3 -2  3 -5 -4 -1    1   2   7  33   0   0  23   1   0   4   0   0   0   0   0   0  22   0   0   5  0.69 0.35
   44 F   -4 -5 -5 -6  0 -5 -3 -6 -4  0  2 -5 -2  8 -6 -2 -4 -2  0 -3    0   0   0   0   2   0   2   0   0   4  22   0   0  65   0   4   0   0   0   0  1.44 0.53
   45 L    2 -4 -4 -4  1 -3 -4 -1 -4  2  4 -3  0 -1 -2 -1 -1 -4 -3  1   19   0   0   0   4   0   0   4   0   9  43   0   1   1   2   3   3   0   0  12  0.41 0.25
   46 L   -2 -4 -5 -5 -3 -4 -3 -5 -4  3  5 -4  0  0 -2 -3 -3 -3  0  2    2   0   0   0   0   0   2   0   0  13  59   0   1   3   2   1   0   0   3  13  0.75 0.34
   47 M   -1 -4 -3 -4  0 -3 -4 -4 -4  4 -1 -4  6 -4 -4  4  2 -5 -4 -1    3   0   0   0   2   0   0   0   0  22   4   0  20   0   0  30  15   0   0   2  0.78 0.45
   48 T   -1 -3 -1 -4  3 -1 -3 -4 -4  2  2 -3  0 -1 -4 -1  2 -4 -3  3    4   0   4   0   6   3   0   0   0  13  25   0   2   1   0   3  18   0   0  19  0.39 0.26
   49 Y   -1 -4 -5 -5 -1 -4 -5 -1  0 -1  1 -4  0  2  2 -3 -2  4  7 -1    5   0   0   0   1   0   0   5   2   3  15   0   2   8   9   2   2   5  37   4  0.80 0.41
   50 V    3 -4 -1 -4  0 -3 -4 -1 -4  2  1 -3  0 -2  0  0  0 -4 -3  2   34   0   4   0   2   0   0   4   0  13  14   0   2   1   4   4   5   0   0  13  0.37 0.28
   51 F   -4 -5 -5 -6 -5 -5 -5 -5 -4  0  2 -5  1  7 -5 -5 -4  3  4  0    0   0   0   0   0   0   0   0   0   5  17   0   4  47   0   0   0   3  14   6  1.29 0.51
   52 G   -2 -2 -3 -2  4 -3 -4  0 -1 -2  0 -4  0  1 -2  2  0  8  2 -1    3   2   0   2   8   0   0   7   1   2   8   0   2   5   2  16   6  23   7   4  0.65 0.34
   53 S    0  0  0 -1  0  1 -2  1  0 -1 -1 -1  0  0 -1 -1  1  1  4 -1   10   5   6   2   2   8   1   9   2   4   4   3   2   3   3   4   9   2  15   5  0.13 0.14
   54 Q    0 -1  1 -1 -4  0 -1  1  5 -2 -2 -1  0  2 -3 -1 -1  2  2 -1    8   3   8   3   0   4   3  12  16   2   3   3   2   9   1   4   2   2   8   4  0.26 0.18
   55 F   -5 -6 -6 -6 -6  1 -6  0 -4 -5 -1 -6 -4  7 -6 -6 -6 -3  7 -5    0   0   0   0   0   7   0   7   0   0   6   0   0  44   0   0   0   0  32   0  1.82 0.71
   56 D   -3 -1  2  6 -5  4  1 -3  0 -4 -4 -1 -3 -5 -3 -1 -2 -5 -4 -4    0   2   7  57   0  21   5   0   2   0   0   2   0   0   0   1   1   0   0   1  0.95 0.23
   57 F    0 -2  0 -2 -2 -2 -2 -2 -2  0  2 -1  0  3  3  0  0 -1  0 -1    6   1   5   0   0   1   1   2   1   5  24   4   1  17  16   9   4   1   3   1  0.19 0.08
   58 Y    0 -1  2  3 -3  1  0  0  0 -3 -3  0 -2 -4 -2  2  1 -4 -2 -3    8   1  13  24   0   6   2   5   1   0   1   5   0   0   0  24   9   0   1   0  0.35 0.12
   59 G   -1 -1  3  4 -3  1  0 -2 -2 -2 -2 -1 -2 -3 -2  2  2 -4 -2 -2    1   1  21  28   0   5   3   1   0   2   3   1   0   1   0  17  14   0   0   3  0.41 0.14
   60 Q    2 -3 -2 -2 -3 -1 -1 -1  0 -3 -3 -1 -3 -3  6  2  1 -4 -1 -3   17   0   1   1   0   2   2   3   2   0   1   1   0   0  42  19   7   0   2   0  0.81 0.18
   61 G    0 -2  0  1 -3  0  0  3 -1 -1  1 -1 -1  0 -2  0  0 -3 -2 -2    5   1   5  10   0   3   7  24   1   0  24   1   0   5   0   9   5   0   0   0  0.15 0.08
   62 I   -3 -3 -4 -5 -3 -3 -4 -5 -3  3  2 -4  4  5 -4 -3 -2 -2  1  1    0   1   0   0   0   0   0   0   0  26  20   0  15  29   0   0   1   0   3   5  0.58 0.17
   63 Q   -3 -1 -2 -2 -5  8  0 -4 -1 -3 -4 -1 -3 -5 -4 -2 -3 -4 -4 -4    0   0   0   0   0  98   0   0   1   1   0   0   0   0   0   0   0   0   0   0  1.93 0.43
   64 L   -3 -4 -4 -5 -3 -4 -4 -5 -4  0  5 -4  2  4 -4 -2 -3 -2  0 -1    0   0   0   0   0   0   0   0   0   1  64   0   6  25   0   3   0   0   1   0  0.81 0.22
   65 K    0  0 -2 -2 -2 -1  0 -2 -3  1 -1  0 -1 -2 -2 -1  2 -3 -2  4    6   4   1   0   0   2   9   1   0   5   2   8   0   1   1   2  14   0   1  43  0.21 0.12
   66 E   -3 -2 -2  1 -6  1  7 -4 -1 -4 -5 -1 -4 -4 -3 -2 -3 -5 -3 -4    0   0   0   2   0   1  93   0   1   1   0   1   0   1   0   0   0   0   1   0  1.53 0.34
   67 D   -1  2  2  4 -4  0  0 -2  0 -3 -3  3 -2 -3 -2  1  0 -4 -2 -3    0  13  10  27   0   3   2   0   2   1   1  21   0   1   0  13   6   0   0   0  0.40 0.12
   68 I   -1 -1 -3 -4 -3 -2 -3 -4  2  0 -1 -1 -1  3 -4 -2 -2  0  7  1    6   3   0   0   0   1   0   0   4   5   4   3   0   8   0   2   1   0  49  12  0.68 0.19
   69 S    1  0  1  1 -2  0  1 -2 -2 -3 -3  2 -2 -3  2  1  0 -4 -2 -2   12   2   9  10   0   3   7   1   0   0   2  21   0   0  12  15   4   0   0   2  0.29 0.09
   70 W   -5 -5 -7 -7 -4 -5 -6 -5 -5 -5 -4 -6 -4 -2 -6 -6 -5 13  0 -6    0   0   0   0   0   0   0   0   0   0   0   0   0   0   0   0   0  99   0   0  4.15 0.56
   71 I   -2 -4 -5 -5 -3 -4 -4 -5 -4  6  2 -4  2  0 -4 -4 -2 -4 -2  3    0   0   0   0   0   0   0   0   0  60  18   0   4   3   0   0   0   0   0  16  0.80 0.20
   72 N   -1 -2  3  1 -4 -1 -1  0  1 -4 -4 -1 -3 -3  6  0 -1 -5 -3 -4    3   1  19   8   0   1   2   5   4   0   0   3   0   1  46   5   2   0   0   0  0.92 0.19
   73 V    0 -1 -1  0 -3  3  0  0 -2  0 -1 -1 -1  3 -1  1 -1 -2  0 -1   10   0   1   4   0  23   4   7   0   9   3   0   0  18   2  11   3   0   1   3  0.15 0.10
   74 I   -2 -3 -4 -4 -3 -3 -3 -4 -3  3  3 -3  1  4  0 -3 -1  3  1  0    1   0   0   0   0   0   0   1   0  20  30   0   3  29   5   1   3   4   2   1  0.45 0.13
   75 D   -2 -3  2  4 -4 -1 -1  5  0 -5 -5 -2 -4 -4 -2 -1 -2 -4 -3 -4    1   0   9  31   0   3   1  48   3   0   0   0   0   0   1   1   1   0   1   0  0.79 0.19
   76 F   -2 -4 -4 -5 -2 -4 -4 -5 -3  3  3 -4  1  5 -4 -3 -2 -1  0  1    1   0   0   0   0   0   0   0   0  23  33   0   3  35   0   0   0   0   0   4  0.67 0.18
   77 H   -1  0  3  0 -3  0  0 -1  5 -3 -3  0 -3 -2 -3  1  0 -3  2 -3    3   4  21   2   0   4   5   2  23   0   0   4   0   0   0  16   6   0  10   0  0.43 0.14
   78 W   -5 -5 -6 -6 -5 -4 -5 -5 -3 -5 -4 -5 -4  0 -6 -5 -5 12  6 -5    0   0   0   0   0   0   0   0   0   0   0   0   0   0   0   0   0  69  31   0  2.99 0.45
   79 R    1  4 -1 -2 -3  0 -1 -2  4 -3 -3  1 -2 -1 -3  3 -1 -3  0 -3   10  29   0   0   0   1   0   0  13   0   1   7   0   3   0  30   2   0   3   0  0.44 0.16
   80 V   -2 -4 -4 -5 -2 -3 -4 -5 -4  1  4 -4  3  0 -3 -3 -2 -3 -2  3    0   0   0   0   0   0   0   0   0   3  55   0   9   2   0   0   0   0   0  31  0.69 0.19
   81 G    1 -4 -2 -3 -4 -3 -3  6 -3 -5 -5 -3 -4 -5 -3  0 -2 -4 -4 -4    9   0   0   0   0   0   0  84   0   0   0   0   0   0   0   8   0   0   0   0  1.36 0.24
   82 V    1 -4 -4 -4 -2 -3 -4 -4 -4  5  0 -3  0 -2 -3 -2 -1 -4 -2  4   12   0   0   0   0   0   0   0   0  41   3   0   0   0   0   0   1   0   0  43  0.63 0.17
   83 D   -4 -3  0  8 -6 -2  0 -3 -3 -5 -6 -2 -5 -6 -3 -2 -3 -6 -5 -5    0   0   0 100   0   0   0   0   0   0   0   0   0   0   0   0   0   0   0   0  1.92 0.34
   84 G   -1 -4 -2 -3 -4 -4 -4  7 -4 -6 -6 -3 -4 -5 -4 -2 -3 -4 -5 -5    0   0   0   0   0   0   0 100   0   0   0   0   0   0   0   0   0   0   0   0  1.83 0.30
   85 L   -3 -4 -5 -5 -2 -4 -4 -5 -4  4  4 -4  1  0 -4 -4 -2 -3 -2  1    0   0   0   0   0   0   0   0   0  36  59   0   1   3   0   0   0   0   0   2  0.77 0.19
   86 S    0 -2 -1 -2 -3 -2 -2 -2 -3 -4 -4 -2 -3 -4 -3  6  1 -5 -3 -3    1   0   0   0   0   0   0   0   0   0   0   0   0   0   0  95   4   0   0   0  1.22 0.31
   87 I    0 -3 -4 -4 -2 -3 -4 -4 -3  3  2 -3  6  0 -4 -3 -2 -3 -2  1    8   0   0   0   0   0   0   0   0  24  20   0  37   3   0   0   0   0   0   8  0.59 0.17
   88 A   -1 -3 -3 -3 -4 -3 -3  3 -3 -3  0 -3 -2 -1  6 -2 -2  3 -3 -3    2   0   0   0   0   0   0  31   0   0  16   0   0   3  41   1   0   5   0   0  0.89 0.18
   89 L   -3 -3 -4 -4 -3 -3 -4 -4 -4  0  4 -3  1  3  4 -3 -2 -2 -1 -1    0   0   0   0   0   0   0   0   0   0  57   0   3  18  21   0   0   0   0   0  0.72 0.18
   90 V   -2 -4 -4 -5 -2 -4 -4 -5 -4  5  1 -4  0 -2 -4 -3 -1 -4 -1  5    0   0   0   0   0   0   0   0   0  48   4   0   0   0   0   0   1   0   1  47  0.83 0.20
   91 L   -2 -3 -4 -4 -2 -3 -4 -4 -4  2  4 -3  1  1 -1 -2 -2 -3 -2  2    1   0   0   0   0   0   0   0   0  13  63   0   2   5   4   2   0   0   0  11  0.56 0.15
   92 L   -3 -4 -5 -5 -3 -4 -4 -5 -4  0  6 -4  2 -1 -1 -3 -3 -3 -3 -1    0   0   0   0   0   0   0   0   0   0  93   0   3   0   3   1   0   0   0   0  1.01 0.24
   93 T    1 -3 -1 -2 -2 -2 -2 -3 -3 -2 -3 -2 -2 -4 -2  2  6 -4 -3 -2   10   0   0   0   0   0   0   0   0   0   0   0   0   0   0  17  73   0   0   0  0.94 0.25
   94 G    0 -3 -1 -2 -3 -3 -3  5 -3 -3 -4 -2 -3 -4 -3  0  3 -4 -4 -3    6   0   0   0   0   0   0  62   0   1   0   0   0   0   0   6  25   0   0   0  0.92 0.20
   95 F   -3 -4 -5 -5 -4 -4 -5 -4 -3 -1  3 -4 -1  7 -5 -3 -3 -1  1 -2    1   0   0   0   0   0   0   1   0   1  27   0   0  70   0   1   0   0   0   0  1.21 0.25
   96 I   -2 -4 -4 -5 -2 -4 -4 -5 -4  5  3 -4  1 -1 -4 -3 -2 -4 -2  3    0   0   0   0   0   0   0   0   0  49  25   0   0   0   0   0   0   0   0  26  0.71 0.17
   97 T   -2 -3  0 -3 -2 -2 -2 -1 -3 -2 -2 -2  3 -3 -3  1  6 -4 -3 -1    0   0   3   0   0   0   0   3   0   0   0   0  11   0   0   4  77   0   0   1  0.94 0.26
   98 T   -1 -3 -2 -3 -3 -2 -2 -3 -3 -2 -1 -2 -1 -1  4  0  5  0 -3 -1    4   0   0   0   0   0   0   0   0   1   4   0   1   3  23   3  59   1   0   1  0.79 0.21
   99 L   -3 -4 -4 -5 -2 -3 -4 -5 -4  3  5 -4  1  1 -3 -2 -2 -3 -2  0    0   0   0   0   0   0   0   0   0  18  72   0   0   5   1   3   0   0   0   1  0.73 0.18
  100 A    5 -3 -3 -3  6 -2 -2 -2 -3 -3 -3 -2 -2 -4 -2  2  0 -4 -3 -1   64   0   0   0  20   0   0   0   0   0   0   0   0   0   0  13   3   0   0   1  0.81 0.22
  101 T   -1 -3 -2 -3 -1 -2 -3 -4 -4  4  0 -3  1 -2 -3 -1  4 -4 -2  3    2   0   0   0   1   1   0   0   0  33   2   0   4   0   0   1  35   0   0  21  0.48 0.16
  102 L   -1 -3 -4 -4 -2 -3 -4 -4 -4  1  4 -3  1  2 -1 -2 -1 -2 -1  0    4   0   0   0   0   0   0   0   0   4  69   0   1  10   3   3   1   0   0   3  0.56 0.16
  103 A    5 -3 -3 -3  0 -2 -2  0 -3 -2 -3 -2 -2 -4 -2  2 -1 -4 -3 -1   81   0   0   0   1   0   0   3   0   1   0   0   0   0   0  12   0   0   0   2  0.83 0.23
  104 A    5 -2 -2 -2 -1 -2 -2 -1 -3 -3 -3 -2 -2 -4 -2  4  1 -4 -3 -2   59   0   0   0   1   0   0   0   0   0   0   0   0   0   0  36   4   0   0   0  0.74 0.21
  105 W   -5  1 -4 -6 -4 -2 -5 -4 -4 -5 -4 -4 -3  1 -6 -5 -4 12  0 -5    0   9   1   0   0   1   0   0   0   0   0   0   0   4   0   0   0  84   0   0  3.12 0.42
  106 P    0 -1  1 -1 -4  2  1 -3 -2 -4 -4  1 -3 -4  6  0 -1 -4 -3 -3    7   1   8   1   0  10  10   0   0   0   0   8   0   0  46   7   1   0   0   0  0.89 0.16
  107 V   -2 -4 -5 -5 -2 -4 -4 -5 -5  4  0 -4  0 -2 -4 -3 -2 -4 -3  6    0   0   0   0   0   0   0   0   0  29   2   0   0   0   0   0   0   0   0  70  0.93 0.23
  108 T   -1 -1  0  1 -3  2  1 -2  0 -3 -3  1 -2 -4 -2  1  5 -4 -3 -2    1   0   3  10   0   9   8   0   2   0   0   7   0   0   0   5  56   0   0   0  0.55 0.18
  109 R   -2  5  0 -2 -3  0  0 -3  2 -2 -1  3 -1  0 -3 -1  0 -3 -1 -2    0  41   4   1   1   1   3   0   5   1   6  18   1   7   0   3   5   0   2   1  0.41 0.13
  110 N   -2  4  3  2 -4  0  0 -2  0 -4 -4  4 -3 -4 -3  0 -1 -4 -2 -4    0  25  16  12   0   0   1   0   2   0   0  37   0   0   0   6   0   0   1   0  0.59 0.16
  111 P   -1 -3 -2 -3 -1 -1 -2 -3 -3  0 -1 -2 -2 -3  6  2  0 -4 -2  2    1   0   0   0   1   1   1   0   0   2   2   0   0   0  38  23   5   0   1  25  0.70 0.17
  112 R   -3  6 -1 -2 -5  1 -1 -3 -1 -4 -4  5 -3 -4 -3 -2 -2 -4 -3 -4    0  55   1   0   0   4   0   0   0   0   0  39   0   0   0   0   0   0   0   0  1.08 0.23
  113 L   -2 -3 -3 -1 -3 -1  3 -3 -3  0  4 -2  0  0 -3 -1 -2 -3 -2 -1    1   0   0   2   0   0  26   1   0   0  64   0   0   2   0   4   0   0   0   0  0.50 0.18
  114 F   -4 -4 -4 -5 -4 -4 -5 -5 -2 -2 -1 -4 -2  8 -5 -4 -4  0  6 -3    0   0   0   0   0   0   0   0   0   0   1   0   0  71   0   0   0   0  27   0  1.56 0.29
  115 Y   -2 -3 -2 -4 -4 -2 -3 -4  5 -2 -1 -3  5  3 -4 -3 -2  0  7 -2    1   0   2   0   0   0   0   0  18   0   1   0  24   9   0   0   0   0  44   0  1.00 0.24
  116 F    0 -4 -4 -4 -2 -4 -4 -2 -3  3  0 -4  0  6 -1 -2 -2 -1  1  0    9   0   0   0   1   0   0   3   0  20   2   0   2  53   3   3   0   0   0   4  0.63 0.18
  117 L    1 -3 -4 -4  2 -3 -3 -3 -3  0  4 -3  1  0 -3  0 -2 -3 -2  0   19   0   0   0   5   0   0   0   0   0  63   0   2   2   0   8   0   0   0   1  0.48 0.16
  118 M   -3 -3 -4 -5 -3 -3 -4 -5 -3  2  2 -3  8  3 -4 -3 -2 -2 -1  0    0   0   0   0   0   0   0   0   0   9  17   0  57  15   0   0   0   0   1   1  0.98 0.25
  119 L   -3 -4 -5 -5 -3 -4 -4 -5 -4  0  6 -4  1 -1 -5 -4 -3 -3 -3  0    0   0   0   0   0   0   0   0   0   0  98   0   1   0   0   0   0   0   0   1  1.15 0.25
  120 A    4 -3 -3 -3 -1 -2 -3 -2 -3  1  1 -2  0 -1 -3  0 -1 -3 -2  3   46   0   0   0   0   0   0   0   0   9  15   0   1   2   0   2   0   0   0  24  0.36 0.14
  121 M   -3 -3 -4 -5 -3  0 -4 -5 -3  0  4 -3  8 -1 -4 -3 -2 -3 -3 -1    0   0   0   0   0   4   0   0   0   1  36   0  57   0   0   0   1   0   0   0  1.05 0.26
  122 Y   -1 -2 -2  0 -4  0  3 -4  2 -3 -2 -2 -3  1 -4 -2 -3  0  7 -3    4   0   0   5   0   4  23   0   4   0   1   0   0   1   0   2   0   0  55   1  0.88 0.22
  123 S    1 -2 -1 -2 -2 -2 -2  2 -3 -3 -3 -2 -2 -4 -2  4  3 -4 -3 -1    6   0   0   0   0   0   0  14   0   0   0   0   0   0   0  54  23   0   0   3  0.60 0.19
  124 G    3 -3 -2 -3 -3 -3 -3  5 -3 -3  0 -2  1 -2 -3 -1 -2 -4 -3 -2   29   0   0   0   0   0   0  55   0   0   9   0   7   1   0   0   0   0   0   0  0.73 0.18
  125 Q   -3 -1 -2 -3 -4  7  0 -4 -2 -2 -2 -1  6 -4 -3 -2 -2 -4 -3 -2    0   0   0   0   0  68   0   0   0   2   0   0  28   0   0   0   1   0   0   1  1.22 0.31
  126 L   -1 -4 -4 -4 -2 -4 -4 -3 -4  5  2 -4  1 -1 -4 -3 -2 -4 -2  3    4   0   0   0   0   0   0   1   0  58  14   0   3   0   0   0   0   0   0  19  0.66 0.17
  127 G    1 -4 -2 -3 -4 -3 -3  6 -4 -4 -2 -3 -3 -4 -4 -1 -3 -4 -4 -3   10   0   0   0   0   0   0  84   0   0   4   0   0   0   0   0   0   0   0   2  1.30 0.24
  128 L   -1 -3 -3 -4 -2 -3 -3 -4 -4  1  2 -3  2 -1 -2  1  0 -4 -2  4    2   0   0   0   0   0   0   0   0   0  22   0   5   1   1  13   2   0   0  54  0.44 0.16
  129 F   -4 -5 -5 -5 -4 -5 -5 -5 -3 -1 -1 -5 -2  9 -6 -3 -4 -1  1 -3    0   0   0   0   0   0   0   0   0   1   0   0   0  97   0   1   0   0   0   0  1.93 0.34
  130 L    2 -3 -2 -3  4 -2 -2 -2 -3  0  0 -2  0 -2 -2  2  0 -3 -2  2   27   0   0   0  13   0   0   0   0   4   9   0   1   1   0  25   2   0   0  18  0.30 0.12
  131 A    4 -2 -2 -2 -1 -2 -2 -2 -3 -2 -3 -2 -2 -3 -1  4  0 -4 -3  1   38   0   0   0   1   0   0   0   0   0   0   0   0   0   1  48   0   0   0  12  0.59 0.20
  132 Q   -2  3 -2 -3 -4  6  0 -4 -2 -2  2  0  0 -3 -3 -2 -2 -3 -3 -2    0  16   0   0   0  52   0   0   0   0  28   1   1   0   0   0   1   0   0   0  0.72 0.22
  133 D   -4 -3  0  8 -5 -2  0 -3 -3 -5 -6 -2 -5 -6 -3 -2 -3 -6 -5 -5    0   0   2  98   0   0   0   0   0   0   0   0   0   0   0   0   0   0   0   0  1.88 0.33
  134 L   -2 -3 -4 -5 -2 -3 -4 -4 -3  3  4 -3  4  3 -4 -3 -1 -2 -1  1    1   0   0   0   0   0   0   0   0  16  51   0  15  12   0   0   1   0   0   3  0.58 0.15
  135 L   -2 -4 -4 -5 -3 -3 -4 -5 -4  1  5 -4  1  3 -4 -3 -2 -2 -1  1    0   0   0   0   0   0   0   0   0   1  67   0   1  17   0   1   0   0   0  12  0.70 0.18
  136 L   -3 -4 -5 -5 -3 -4 -4 -5 -4  0  6 -4  2 -1 -1 -4 -3 -3 -2  0    0   0   0   0   0   0   0   0   0   1  90   0   3   0   3   0   0   0   0   2  0.98 0.23
  137 F   -4 -5 -5 -5 -4 -5 -5 -5 -3 -2  0 -5 -2  8 -1 -3 -4 -1  1 -3    0   0   0   0   0   0   0   0   0   0   4   0   0  91   3   1   0   0   0   0  1.69 0.31
  138 F   -4 -4 -4 -5 -4 -4 -5 -5 -2 -2 -2 -4 -2  7 -5 -3 -4  0  6 -3    0   0   0   0   0   0   0   0   0   0   0   0   0  68   0   1   0   0  31   0  1.57 0.29
  139 F   -2 -4 -4 -5 -2 -4 -4 -5 -4  4  3 -4  1  2 -4 -3 -2 -3 -1  2    0   0   0   0   0   0   0   0   0  41  35   0   2   8   0   0   0   0   0  14  0.60 0.15
  140 M    0 -3 -4 -5 -2 -3 -4 -4 -3  0  0 -3  7  5 -4 -3 -1 -2  0  1    8   0   0   0   1   0   0   0   0   1   1   0  49  30   0   1   2   0   0   8  0.86 0.24
  141 W   -5 -3 -6 -7 -5 -4 -5 -5 -4 -4 -3 -5 -3  3 -6 -5 -5 12  0 -5    0   2   0   0   0   0   0   0   0   0   0   0   0  14   0   0   0  84   0   0  3.27 0.43
  142 E   -3 -2 -2  0 -6  0  7 -3 -2 -5 -5 -1 -4 -5 -3 -2 -3 -5 -4 -4    0   0   0   0   0   0  99   1   0   0   0   0   0   0   0   0   0   0   0   0  1.62 0.33
  143 L    1 -3 -4 -4 -2 -3 -3  0 -3  1  4 -3  0  0  0 -2 -2 -3 -2  1   13   0   0   0   0   0   0   8   0   4  58   0   0   4   5   1   1   0   0   7  0.37 0.13
  144 E   -2 -2 -2  0 -4  1  6 -1 -2 -3 -3 -1  4 -4 -3 -1 -2 -4 -3 -1    0   0   0   0   0   2  69   6   0   0   0   0  14   0   0   1   1   0   0   7  0.83 0.23
  145 L   -3 -4 -5 -5 -3 -4 -5 -5 -4  0  6 -4  1 -1 -5 -4 -3 -3 -3 -1    0   0   0   0   0   0   0   0   0   0 100   0   0   0   0   0   0   0   0   0  1.20 0.27
  146 I   -2 -4 -5 -5 -2 -4 -5 -5 -5  6  1 -4  0 -1 -4 -4 -2 -4 -3  4    0   0   0   0   0   0   0   0   0  70   4   0   0   0   0   0   0   0   0  26  0.97 0.23
  147 P   -3 -4 -4 -4 -5 -3 -3 -4 -4 -5 -5 -3 -5 -6  9 -3 -3 -6 -5 -4    0   0   0   0   0   0   0   0   0   0   0   0   0   0 100   0   0   0   0   0  2.78 0.38
  148 V   -1 -4 -4 -5 -2 -3 -4 -4 -4  2  0 -3  6 -2 -4 -3 -2 -4 -3  5    3   0   0   0   0   0   0   0   0   6   0   0  31   0   0   0   0   0   0  60  0.85 0.23
  149 Y   -4 -4 -4 -5 -4 -3 -4 -5  2 -3 -3 -4 -3  4 -5 -4 -4  0  9 -3    0   0   0   0   0   0   0   0   5   0   0   0   0  14   0   0   0   0  81   0  1.82 0.33
  150 L   -3 -4 -4 -5 -3 -3 -4 -5 -4  2  5 -4  1  1 -4 -2 -2 -3 -2  0    0   0   0   0   0   0   0   0   0   9  80   0   0   7   0   3   0   0   0   1  0.81 0.20
  151 L   -3 -4 -5 -5 -3 -4 -4 -5 -4  3  5 -4  2 -1 -3 -4 -2 -3 -2  0    0   0   0   0   0   0   0   0   0  25  71   0   2   1   1   0   0   0   0   0  0.82 0.20
  152 L   -2 -4 -5 -5 -2 -4 -4 -5 -4  5  4 -4  1 -1 -4 -4 -2 -3 -2  2    0   0   0   0   0   0   0   0   0  48  44   0   0   0   0   0   0   0   0   8  0.77 0.18
  153 S    2 -1 -1 -2  1 -2 -2  4 -2 -3 -3 -2 -3 -3 -2  4 -1 -4 -3 -2   14   3   0   0   4   0   0  31   0   1   0   0   0   0   0  44   0   0   0   1  0.56 0.16
  154 M   -2 -3 -4 -4 -2 -3 -4 -4 -4  5  1 -3  5 -1 -4 -1 -2 -4 -2  3    0   0   0   0   0   0   0   0   0  48   3   0  27   0   0   5   0   0   0  17  0.71 0.20
  155 W   -5 -5 -6 -7 -5 -4 -5 -5 -5 -5 -4 -6 -4 -1 -6 -5 -5 13  0 -5    0   0   0   0   0   0   0   0   0   0   0   0   0   0   0   0   0 100   0   0  4.06 0.50
  156 G   -1 -4 -2 -3 -4 -4 -4  7 -4 -6 -6 -3 -5 -5 -4 -2 -3 -4 -5 -5    0   0   0   0   0   0   0 100   0   0   0   0   0   0   0   0   0   0   0   0  1.84 0.30
  157 G   -1 -4 -1 -3 -4 -3 -4  7 -2 -6 -5 -3 -4 -5 -4 -1 -3 -4 -5 -5    0   0   1   0   0   0   0  97   1   0   0   0   0   0   0   1   0   0   0   0  1.73 0.29
  158 R    0  1 -1 -1 -4  3  1 -2  0 -4 -4  5 -3 -4  3 -1 -2 -4 -2 -3    6   2   0   1   0  13   4   1   1   0   0  58   0   0  12   1   0   0   1   0  0.69 0.19
  159 R   -2  5  2 -1 -5  0 -1 -2 -1 -4 -4  5 -3 -4 -3 -1 -2 -4 -3 -4    0  37  11   1   0   2   1   2   1   0   0  46   0   0   0   0   0   0   0   0  0.83 0.20
  160 R   -3  8 -2 -3 -5 -1 -2 -4 -2 -5 -4  1 -3 -5 -4 -3 -3 -5 -4 -4    0  96   0   0   0   0   0   0   0   0   0   4   0   0   0   0   0   0   0   0  1.74 0.33
  161 L   -2  1 -3 -3 -2  2 -2 -4 -2  2  3 -2  1 -1 -3 -1 -1 -3 -2  2    0   8   0   0   0  13   1   0   0  12  43   0   1   1   0   4   0   0   0  15  0.30 0.12
  162 Y   -3 -4 -4 -5 -5 -4 -4 -5  0 -3 -3 -4 -3  1 -5 -4 -4  0  9 -3    1   0   0   0   0   0   0   0   0   0   0   0   0   1   0   0   0   0  98   0  2.25 0.39
  163 A    5 -3 -2 -3 -2 -2 -2 -1 -3 -3 -3 -2 -3 -4 -2  3 -1 -4 -3 -2   71   0   0   0   0   0   0   0   0   0   0   0   0   0   0  29   0   0   0   0  0.86 0.24
  164 A    6 -3 -3 -3 -2 -2 -2 -1 -3 -3 -3 -2 -2 -4 -2  1  0 -4 -3 -2   87   0   0   0   0   0   0   0   0   0   0   0   0   0   0  10   2   0   0   0  0.98 0.25
  165 T   -2 -3 -2 -3 -2 -2 -3 -3 -3  1 -1 -2  1  2 -3 -1  6 -3  0  0    0   0   0   0   0   0   0   0   0   8   1   0   5  11   0   0  66   0   3   6  0.69 0.22
  166 K   -3  1 -2 -2 -5  0 -1 -3 -3 -5 -4  7 -3 -5 -3 -2 -2 -5 -4 -4    0   0   0   0   0   0   0   0   0   0   0 100   0   0   0   0   0   0   0   0  1.53 0.33
  167 F   -4 -5 -5 -5 -4 -5 -5 -5 -3 -2 -1 -5 -2  9 -5 -2 -4 -1  1 -3    0   0   0   0   0   0   0   0   0   0   1   0   0  95   0   3   0   0   0   0  1.85 0.33
  168 I   -3 -4 -5 -5 -3 -4 -5 -5 -4  5  1 -4  0  5 -4 -4 -2 -2  0  1    0   0   0   0   0   0   0   0   0  58   9   0   0  30   0   0   0   0   0   3  0.84 0.21
  169 L   -3 -4 -5 -5 -3 -4 -4 -5 -4  2  5 -4  1 -1 -1 -4 -3 -3 -2  0    0   0   0   0   0   0   0   0   0   9  87   0   0   1   3   0   0   0   0   0  0.93 0.22
  170 Y   -4 -4 -4 -5 -5 -4 -4 -5  0 -3 -3 -4 -3  2 -5 -4 -4  0  9 -3    0   0   0   0   0   0   0   0   0   0   0   0   0   1   0   0   0   0  99   0  2.27 0.39
  171 T   -2 -3 -2 -3 -3 -3 -3 -4 -4 -3 -3 -3 -3 -4 -3  0  7 -4 -4 -2    0   0   0   0   0   0   0   0   0   0   0   0   0   0   0   0 100   0   0   0  1.53 0.34
  172 A    5 -3 -3 -4 -2 -2 -3 -2 -3 -1  1 -2  1  0 -3 -1 -1 -3 -3 -1   70   0   0   0   0   0   0   0   0   1  20   0   5   3   0   0   0   0   0   0  0.62 0.20
  173 G    2 -3 -2 -3 -2 -3 -3  4 -3 -1  1 -3 -1 -1 -3 -1 -1 -3 -3  0   22   0   0   0   0   0   0  44   0   2  20   0   0   2   0   0   2   0   0   8  0.45 0.13
  174 G    2 -3 -2 -2 -2 -3 -3  6 -3 -4 -4 -2 -3 -4 -3  2 -2 -4 -4 -4   18   0   0   0   0   0   0  67   0   0   0   0   0   0   0  15   0   0   0   0  1.03 0.20
  175 S   -1 -3 -1 -2 -3 -2 -2 -2 -3 -4 -4 -2 -3 -4  0  6  0 -5 -4 -3    0   0   0   0   0   0   0   1   0   0   0   0   0   0   3  96   0   0   0   0  1.24 0.31
  176 I   -2 -4 -4 -4 -2 -4 -4 -5 -4  5  3 -4  1 -1 -4 -3 -2 -4 -2  4    1   0   0   0   0   0   0   0   0  41  27   0   0   0   0   0   0   0   0  30  0.65 0.16
  177 F   -3 -4 -4 -5 -3 -4 -4 -4 -3  0  3 -4  0  7 -4 -2 -3 -1  1 -2    0   0   0   0   0   0   0   0   0   1  30   0   1  64   0   3   0   0   0   0  1.07 0.23
  178 L   -3 -4 -4 -5 -3 -3 -4 -5 -4  4  3 -4  6  1 -4 -3 -2 -3 -2  1    0   0   0   0   0   0   0   0   0  37  32   0  28   4   0   0   0   0   0   0  0.74 0.19
  179 L   -3 -4 -5 -5 -3 -4 -4 -5 -4  0  6 -4  2  0 -3 -4 -3 -3 -2 -1    0   0   0   0   0   0   0   0   0   0  93   0   3   2   1   1   0   0   0   0  1.04 0.24
  180 A   -1 -3 -4 -4 -2 -3 -4 -4 -4  3  2 -3  4 -1 -4 -2 -1 -3 -2  4    2   0   0   0   0   0   0   0   0  24  21   0  15   0   0   3   0   0   0  34  0.50 0.14
  181 A    4 -3 -2 -3 -1 -2 -2  4 -3 -3 -3 -2 -3 -3 -3  1 -2 -4 -3 -1   51   0   0   0   1   0   0  38   0   0   0   0   0   1   0   7   0   0   0   3  0.72 0.18
  182 I    3 -3 -3 -3 -2 -2 -3  1 -3  2  0 -2  1 -2 -2  0  0 -3 -2  2   32   0   0   0   0   0   0  14   0  22   4   0   5   0   1   2   4   0   0  15  0.25 0.10
  183 L   -2 -3 -4 -4 -2 -3 -4 -5 -4  2  5 -3  3  1 -3 -3 -2 -3 -2  0    0   0   0   0   0   0   0   0   0  13  70   0   8   5   0   2   0   0   0   1  0.69 0.17
  184 T    3 -3 -2 -3 -2 -2 -2  3 -3 -2 -2 -2 -2 -2 -2  0  2  1 -1  0   39   0   0   0   0   0   0  29   0   1   0   0   0   1   0   3  16   2   2   6  0.43 0.14
  185 I   -2 -3 -4 -5 -3 -3 -4 -5 -4  3  3 -3  8 -1 -4 -3 -2 -3 -3  1    0   0   0   0   0   0   0   0   0  17  25   0  54   0   0   0   0   0   0   4  0.95 0.24
  186 S    3 -3 -2 -3 -1 -2 -2  3 -1 -3 -3 -2 -2  0 -2  0 -2  0  5 -2   37   0   1   0   1   0   0  26   0   0   1   0   0   1   0   6   0   1  26   0  0.53 0.16
  187 L   -3 -4 -4 -5 -3 -4 -4 -5 -2  0  3 -4  0  6 -5 -3 -3  4  1 -1    0   0   0   0   0   0   0   0   1   2  40   0   1  48   0   1   0   5   1   1  0.86 0.19
  188 W   -2 -2 -2 -3 -3  0 -2 -3  2 -2 -2 -1 -1  2 -3  0 -2  2  7 -2    2   0   1   0   0   4   1   1   5   0   3   3   2   4   0   8   0   2  62   1  0.92 0.20
  189 G    1 -3 -1 -2 -3 -1 -2  6  1 -3 -3 -2  0 -3 -3 -1 -2 -3 -3 -3   11   0   2   0   0   2   1  67   4   0   1   1   4   1   0   2   1   0   0   1  0.84 0.16
  190 P    0 -1  0  0 -2 -1 -1  2 -1 -2 -2 -1 -1 -1  1  3  0 -2 -2 -2    4   2   4   6   1   1   2  22   1   2   2   2   2   3   6  33   5   0   1   2  0.23 0.06
  191 N   -1 -2  4  3 -3  0  1  2 -1 -3 -4 -1 -3 -3 -2  0 -1 -4 -2 -3    4   0  32  24   0   3   6  18   1   1   1   3   0   0   0   1   3   0   1   1  0.48 0.12
  192 G    0 -1  0  0 -2  0  3  1 -1 -1 -2  0 -1 -2 -1  0  2 -3 -2  0    8   1   2   2   0   3  30  11   0   3   2   2   1   1   2   5  16   0   0   8  0.19 0.07
  193 P   -1 -2 -2 -2 -2 -2 -2  0  0  0 -1 -2 -1  1  5 -1  0 -2  0  1    3   2   0   2   0   1   0   8   3   4   2   0   2   8  35   4   7   0   4  14  0.45 0.10
  194 I    0 -2 -1 -2 -2 -2 -2 -2 -3 -2 -3 -2 -2 -4 -3  2  6 -4 -3 -1    4   2   2   1   0   0   0   1   0   1   1   0   0   0   0  10  77   0   0   1  0.90 0.24
  195 L   -3 -4 -4 -4 -3 -4 -4 -4 -3 -1  2 -4  0  7 -3 -2  1  0  1 -1    1   0   0   0   0   0   0   0   0   0  26   0   1  57   1   1  12   1   0   0  0.82 0.20
  196 D   -3 -2  4  6 -5 -1  1 -2  1 -5 -5 -2 -4 -5 -3 -1 -2 -5 -3 -5    0   0  28  60   0   0   4   1   4   0   0   0   0   0   0   2   0   0   0   0  1.12 0.23
  197 M   -3 -4 -4 -4 -3 -3 -4 -4 -3  4  2 -4  4  5 -4 -3 -2 -1  1  1    0   0   0   0   0   0   0   0   0  31  15   0  18  30   0   1   0   0   3   2  0.61 0.16
  198 E    0  1 -1 -1 -3  1  3 -2 -1 -1  0  0  0 -2  2  0  1 -3 -2  0   10   7   0   1   0   9  25   1   0   0  13   1   2   1  11   6   9   0   0   5  0.20 0.08
  199 T    1  0  0  1 -2  1  2 -2 -1 -1 -2  0 -1 -3 -2  1  3 -3 -2  0   13   5   2   6   0   4  19   1   1   5   1   5   0   0   0   6  28   0   1   5  0.22 0.09
  200 L   -2 -3 -4 -4 -2 -3 -4 -4 -4  2  5 -3  1  0 -1  0 -2 -3 -2  0    0   0   0   0   0   0   0   0   0   8  74   0   1   3   3  11   0   0   0   0  0.63 0.18
  201 S    3 -2 -2 -3 -1 -2 -2  1 -2  0  0 -2  2 -2 -2  0  1 -3  0  0   43   0   0   0   0   0   0  11   0   4   8   0  10   0   0   5   8   0   5   4  0.25 0.11
  202 K    1 -1  4  1 -2  1  0 -1  1 -2  0  0  1 -3 -2  0 -1 -4 -2 -2   17   1  33   6   0   6   4   2   4   1  10   6   5   0   0   3   2   0   0   1  0.24 0.10
  203 Q   -2  2 -1 -2 -4  4  0 -2  2 -3 -1  4 -2 -2 -3 -1 -1 -3  0 -2    1  10   1   0   0  29   0   2   7   1   5  35   0   1   0   0   3   0   3   3  0.46 0.15
  204 S    0 -1  1  3 -2  1  1  0  0 -4 -4 -1 -3 -4  0  3  0 -4 -2 -3    3   1   6  21   0   5   7   5   2   0   0   2   0   0   3  40   3   0   1   0  0.40 0.13
  205 Y   -3 -3 -3 -4 -4 -3 -4 -5  2  0  0 -3 -1  4 -2 -3 -3  0  7 -1    1   0   1   0   0   0   0   0   3   5   7   0   1  20   2   0   0   0  58   2  1.08 0.23
  206 P   -1 -3 -2 -1 -4 -2 -2  0 -3 -4 -4 -2 -4 -5  8  0 -1 -5 -4 -4    4   0   1   4   0   0   0   7   0   0   0   0   0   0  73   9   2   0   0   0  1.67 0.26
  207 L    0 -1 -3 -3 -2 -1 -2 -1 -1  2  2 -1  1  1  0 -1  0 -2  0  2   11   2   0   0   0   2   0   4   2  11  25   2   2   6   5   1   4   0   3  19  0.11 0.05
  208 G    3 -1  1  0 -2 -1  0  1 -1 -2 -2  0 -1 -3 -1  1  1 -1 -2 -1   35   2  10   3   0   0   4  12   1   1   0   4   1   0   2  12   9   1   0   4  0.22 0.08
  209 L   -2 -3 -4 -5 -2 -3 -4 -4 -3  1  4 -3  4  3 -4 -3 -1 -2  0  0    1   0   0   0   0   0   0   0   0   2  60   0  12  15   0   1   3   0   1   4  0.61 0.16
  210 E   -2 -1 -2 -1 -5  6  5 -1 -1 -5 -4  0 -3 -5 -3 -1 -2 -4 -3 -4    1   1   0   0   0  43  51   3   0   0   0   0   0   0   0   1   0   0   0   0  1.08 0.26
  211 I   -2 -2 -3 -3 -2 -2 -3 -4 -2  4  3 -1  2  1 -3 -2  0 -1 -1  1    1   1   0   1   0   0   0   0   1  33  31   5   7   5   0   1   7   1   1   5  0.32 0.11
  212 L   -2 -4 -5 -5 -3 -3 -4 -4 -4  3  3 -4  0  1 -2 -4 -2  8  0  1    1   0   0   0   0   0   0   1   0  19  36   0   0   5   2   0   0  28   1   8  0.86 0.18
  213 V    0 -3 -4 -4  3 -3 -4 -4 -3  1  3 -3  2  4 -4 -1 -2 -2 -1  0    8   0   0   0   8   0   0   0   0   4  46   0   4  21   0   4   0   0   0   5  0.42 0.13
  214 Y   -4 -4 -4 -5 -4 -4 -4 -5 -1 -3 -3 -4 -3  4 -5 -4 -4  7  8 -3    0   0   0   0   0   0   0   0   0   0   0   0   0  17   0   0   0  13  69   0  1.75 0.31
  215 L    1 -3 -3 -4 -2 -3 -3 -2 -3  2  3 -3  1  2 -3 -1  0  1 -1  1   19   0   0   0   0   0   0   3   0  19  39   0   1   9   0   2   4   2   0   3  0.28 0.10
  216 G    3 -3 -2 -3 -1 -3 -3  5 -3 -4 -4 -2 -3 -4 -3  0 -2 -4 -4 -2   36   0   0   0   1   0   0  56   0   0   0   0   0   0   0   6   0   0   0   1  0.89 0.19
  217 F   -4 -4 -5 -5 -4 -5 -5 -5 -3 -1  1 -5  0  8 -5 -4 -4 -1  1 -2    0   0   0   0   0   0   0   0   0   0  15   0   1  83   0   0   0   0   0   0  1.53 0.29
  218 L   -1 -4 -4 -5 -3 -4 -4 -3 -3  0  4 -4  0  5  0 -3 -3 -2  0 -1    4   0   0   0   0   0   0   2   0   1  56   0   0  33   5   0   0   0   0   0  0.68 0.18
  219 I    1 -4 -4 -4 -2 -3 -4 -4 -4  5  1 -3  0  0 -4 -2 -2 -4 -2  2   18   0   0   0   0   0   0   0   0  62   8   0   1   2   0   0   0   0   0   9  0.63 0.18
  220 A    5 -3 -2 -3 -2 -2 -2  1 -3 -3 -3 -2 -2 -4 -2  2  0 -4 -3 -2   72   0   0   0   0   0   0   9   0   0   0   0   0   0   0  16   3   0   0   0  0.75 0.21
  221 Y   -4 -4 -4 -5 -4 -4 -5 -5 -1 -2 -1 -4 -2  8 -5 -4 -4  0  6 -3    0   0   0   0   0   0   0   0   1   0   0   0   0  72   0   0   0   0  27   0  1.61 0.29
  222 A    5 -3 -3 -3 -2 -2 -3  4 -3 -3 -3 -2 -3 -4 -3  0 -2 -4 -4 -2   71   0   0   0   0   0   0  28   0   0   0   0   0   0   0   0   0   0   0   0  0.90 0.23
  223 V   -1 -4 -5 -5 -2 -4 -4 -5 -5  3  0 -4  0 -2 -4 -3 -1 -4 -3  6    1   0   0   0   0   0   0   0   0  16   0   0   0   1   0   0   0   0   0  82  0.99 0.24
  224 K   -3  1 -2 -2 -5  0 -1 -3 -3 -5 -4  7 -3 -5 -3 -2 -2 -5 -4 -4    0   0   0   0   0   0   0   0   0   0   0 100   0   0   0   0   0   0   0   0  1.53 0.33
  225 L   -2 -3 -3 -4 -2 -3 -3 -4 -3  1  4 -3  3 -1  0  0 -1 -3 -2  2    0   0   0   0   0   0   0   0   0   2  50   0   8   0   4  13   1   0   0  21  0.42 0.14
  226 P    0 -4 -4 -3 -4 -3 -3 -4 -4 -5 -5 -3 -4 -6  8 -1 -3 -6 -5 -4    7   0   0   0   0   0   0   0   0   0   0   0   0   0  91   2   0   0   0   0  2.38 0.34
  227 V   -2 -4 -4 -5 -3 -3 -4 -5 -2  6  0 -4  6 -2 -4 -3 -2 -4 -3  1    2   0   0   0   0   0   0   0   1  58   1   0  33   0   0   0   1   0   0   4  0.93 0.24
  228 F   -3 -4 -5 -5 -3 -4 -4 -5 -3  3  1 -4  0  6 -5 -4 -3  7  1  1    0   0   0   0   0   0   0   0   0  22   8   0   1  44   0   0   0  17   0   8  0.95 0.20
  229 P   -3 -4 -4 -4 -5 -3 -3 -4 -4 -5 -5 -3 -5 -6  9 -3 -3 -6 -5 -4    0   0   0   0   0   0   0   0   0   0   0   0   0   0 100   0   0   0   0   0  2.75 0.37
  230 F   -2 -3 -4 -5 -2 -3 -4 -4 -4  1  4 -4  1  4 -4 -2 -2 -2 -1  2    0   0   0   0   0   0   0   0   0   0  57   0   2  19   0   3   0   0   0  18  0.60 0.16
  231 H   -4 -2 -1 -3 -5 -2 -2 -4 11 -6 -5 -3 -4 -3 -4 -3 -4 -5  0 -5    0   0   0   0   0   0   0   0 100   0   0   0   0   0   0   0   0   0   0   0  2.62 0.42
  232 T   -1 -3 -2 -3 -3 -2 -3 -3 -4 -3 -3 -2 -2 -4 -3  0  7 -4 -3 -2    3   0   0   0   0   0   0   0   0   0   0   0   0   0   0   2  95   0   0   0  1.38 0.32
  233 W   -5 -1 -6 -7 -5 -4 -5 -5 -5 -5 -4 -5 -4 -1 -6 -5 -5 13  0 -5    0   3   0   0   0   0   0   0   0   0   0   0   0   0   0   0   0  97   0   0  3.83 0.48
  234 L   -3 -4 -5 -5 -3 -4 -4 -5 -4  0  6 -4  1 -1 -4 -2 -3 -3 -3 -1    0   0   0   0   0   0   0   0   0   0  97   0   0   0   0   3   0   0   0   0  1.09 0.25
  235 P   -3 -4 -4 -4 -5 -3 -3 -4 -4 -5 -5 -3 -5 -6  9 -2 -3 -6 -5 -4    0   0   0   0   0   0   0   0   0   0   0   0   0   0  99   1   0   0   0   0  2.74 0.37
  236 D   -3 -3  0  8 -5 -2  0 -3 -3 -5 -6 -2 -5 -5 -3 -2 -3 -2 -5 -5    1   0   0  97   0   0   0   0   0   0   0   0   0   0   0   0   0   1   0   0  1.83 0.33
  237 T    5 -3 -2 -3 -2 -2 -2 -2 -3 -3 -3 -2 -2 -4 -2  0  4 -4 -3 -1   64   0   0   0   0   0   0   0   0   0   0   0   0   0   0   0  35   0   0   0  0.81 0.24
  238 H   -4 -2 -1 -3 -5 -2 -2 -4 11 -6 -5 -3 -4 -3 -4 -3 -4 -5  0 -5    0   0   0   0   0   0   0   0  99   0   0   0   0   0   0   0   0   0   0   0  2.59 0.42
  239 G   -1 -3 -2 -3 -3 -3 -3  5 -3 -2 -3 -3 -2 -4 -3  0  0 -4 -4  2    0   0   0   0   0   0   0  62   0   0   0   0   0   0   0   6   6   0   0  26  0.81 0.19
  240 E   -3 -2 -2  0 -6  2  7 -4 -2 -5 -5 -1 -4 -5 -3 -2 -3 -5 -4 -4    0   0   0   1   0   5  94   0   0   0   0   0   0   0   0   0   0   0   0   0  1.51 0.31
  241 A    6 -3 -3 -3 -2 -2 -3 -1 -3 -3 -3 -2 -3 -4 -2  0 -2 -4 -4 -2   99   0   0   0   0   0   0   0   0   0   0   0   0   0   0   0   0   0   0   0  1.22 0.30
  242 H   -2 -2  0 -2 -4 -2 -2 -3  7 -4 -4 -2 -3 -4  5  2  1 -4 -1 -4    0   0   4   0   0   0   0   0  36   0   0   0   0   0  33  16  11   0   0   0  1.02 0.22
  243 Y    3 -3 -2 -3 -2 -2 -3 -3 -1 -2 -3 -2 -2  0 -3  0  4 -1  6 -2   29   0   0   0   0   0   0   0   0   0   0   0   0   0   0   3  32   0  36   0  0.69 0.21
  244 S    3 -3 -2 -2 -2 -2 -2 -2 -3 -3 -4 -2 -3 -4  5  3 -1 -4 -3 -2   28   0   0   0   0   0   0   0   0   0   0   0   0   0  34  36   1   0   0   1  0.87 0.20
  245 T    0 -3 -2 -3 -2 -3 -3  3 -3  0 -2 -2 -2 -3 -3 -1  4 -4 -3  2    3   0   0   0   0   0   0  32   0   4   0   0   0   0   0   0  36   0   0  25  0.50 0.17
  246 C   -1 -1 -2 -3  7 -2 -2 -3  4 -4 -4 -2 -3 -4 -3  5 -1 -4 -3 -3    0   3   0   0  33   0   0   0  11   0   0   0   0   0   0  53   0   0   0   0  0.99 0.25
  247 M   -2 -3 -4 -5 -3 -3 -4 -5 -4  1  0 -3  9 -2 -4 -3 -2 -4 -3  3    0   0   0   0   0   0   0   0   0   2   0   0  69   0   0   0   0   0   0  28  1.32 0.31
  248 L   -3 -4 -5 -5 -2 -4 -4 -5 -4  5  4 -4  1 -1 -4 -4 -2 -3 -2  1    0   0   0   0   0   0   0   0   0  44  53   0   1   0   0   0   0   0   0   3  0.81 0.19
  249 L   -3 -4 -5 -5 -3 -4 -4 -5 -4  0  6 -4  1 -1  0 -4 -3 -3 -3 -1    0   0   0   0   0   0   0   0   0   0  95   0   0   0   5   0   0   0   0   0  1.08 0.25
  250 A    6 -3 -3 -4 -2 -2 -3 -1 -3 -3 -3 -2 -3 -4 -2  0 -2 -4 -4 -2  100   0   0   0   0   0   0   0   0   0   0   0   0   0   0   0   0   0   0   0  1.25 0.30
  251 G    0 -4 -2 -3 -4 -3 -4  7 -4 -5 -5 -3 -4 -5 -4 -1 -3 -4 -5 -5    5   0   0   0   0   0   0  94   0   0   0   0   0   0   0   2   0   0   0   0  1.63 0.27
  252 I   -1 -4 -4 -5 -2 -4 -4 -5 -5  5  0 -4  0 -2 -4 -3 -2 -4 -3  5    3   0   0   0   0   0   0   0   0  52   0   0   0   0   0   0   0   0   0  45  0.87 0.21
  253 L   -3 -4 -5 -5 -3 -4 -4 -5 -4  0  6 -4  1 -1 -3 -2 -3 -3 -3 -1    0   0   0   0   0   0   0   0   0   0  95   0   1   0   1   3   0   0   0   0  1.04 0.24
  254 L   -3 -4 -5 -5 -3 -4 -4 -5 -4  1  6 -4  1 -1 -4 -2 -2 -3 -3 -1    0   0   0   0   0   0   0   0   0   2  94   0   0   0   0   4   0   0   0   0  1.04 0.24
  255 K   -3  1 -2 -2 -5  0 -1 -3 -3 -5 -4  7 -3 -5 -3 -2 -2 -5 -4 -4    0   0   0   0   0   0   0   0   0   0   0 100   0   0   0   0   0   0   0   0  1.53 0.33
  256 M   -3 -4 -4 -5 -4 -3 -4 -5 -4 -1  1 -4 10 -2 -5 -3 -3 -4 -3 -1    0   0   0   0   0   0   0   0   0   0   4   0  95   0   0   0   0   0   0   0  1.99 0.40
  257 G   -1 -4 -2 -3 -4 -3 -4  7 -4 -6 -5 -3 -4 -5 -4 -2 -3 -4 -5 -5    2   0   0   0   0   0   0  98   0   0   0   0   0   0   0   0   0   0   0   0  1.78 0.29
  258 G    3 -3 -2 -3 -3 -3 -3  5 -3 -4 -4 -2 -3 -4 -3 -1  1 -4 -4 -3   30   0   0   0   0   0   0  57   0   0   0   0   0   0   0   0  13   0   0   0  0.88 0.20
  259 Y   -4 -4 -4 -5 -5 -4 -4 -5  0 -3 -3 -4 -3  1 -5 -4 -4  0  9 -3    0   0   0   0   0   0   0   0   0   0   0   0   0   0   0   0   0   0 100   0  2.32 0.40
  260 G    2 -4 -2 -3 -3 -3 -3  6 -3 -5 -5 -3 -4 -5 -3 -1 -3 -4 -4 -4   19   0   0   0   0   0   0  81   0   0   0   0   0   0   0   0   0   0   0   0  1.34 0.24
  261 F   -3 -4 -5 -5 -3 -4 -4 -5 -3  0  4 -4  1  5  0 -4 -3 -1  0 -1    0   0   0   0   0   0   0   0   0   2  63   0   0  29   5   0   0   1   1   0  0.77 0.19
  262 I   -2 -4 -4 -5 -2 -4 -4 -5 -4  5  3 -4  1  0 -4 -3 -2 -3 -2  3    0   0   0   0   0   0   0   0   0  49  33   0   2   1   0   0   0   0   0  15  0.69 0.17
  263 R   -3  8 -2 -4 -5 -1 -2 -4 -2 -5 -4  1 -3 -5 -4 -3 -3 -5 -4 -5    0 100   0   0   0   0   0   0   0   0   0   0   0   0   0   0   0   0   0   0  1.84 0.34
  264 I   -3 -4 -4 -5 -3 -4 -4 -5 -3  4  1 -4  3  6 -4 -4 -3 -2  0  0    0   0   0   0   0   0   0   0   0  36   9   0  10  44   0   0   0   0   0   1  0.81 0.20
  265 N   -1 -2  7 -1  0 -2 -2 -2 -1 -5 -5 -2 -4 -5 -3  2 -1 -5 -4 -4    3   0  75   0   2   0   0   0   0   0   0   0   0   0   0  19   1   0   0   0  1.21 0.27
  266 I    0 -3 -4 -4 -1 -2 -4 -4 -3  2  3 -3  6 -1 -4 -3 -2 -3 -2  2    7   0   0   0   1   0   0   0   0   8  31   0  41   1   0   0   0   0   1  11  0.65 0.19
  267 E   -2 -2 -2  0 -5  2  5  0 -2 -4 -4 -1 -3 -5  5 -1 -2 -4 -4 -4    0   0   0   1   0   9  50   9   0   0   0   0   0   0  29   1   1   0   0   0  0.93 0.21
  268 M   -2 -3 -4 -5 -3 -3 -4 -4 -3  1  4 -3  7  1 -4 -2 -2 -3 -2  0    0   0   0   0   0   0   0   0   0   6  43   0  41   5   0   3   1   0   0   0  0.79 0.21
  269 L   -3 -4 -4 -5 -3 -4 -4 -5 -4  0  5 -4  1  4 -4 -2 -2 -2 -1 -1    0   0   0   0   0   0   0   0   0   0  71   0   1  23   0   3   1   0   0   0  0.80 0.20
  270 S   -2 -4 -3 -3 -4 -3 -2 -3 -3 -4 -5 -3 -4 -5  8  0 -1 -6 -5 -4    1   0   0   0   0   0   1   0   0   0   0   0   0   0  88   6   2   0   0   0  2.26 0.32
  271 D   -2  0  1  4 -3  0  2 -3  6 -3 -2 -1 -2 -3 -3 -1 -2 -4 -1 -2    1   4   7  28   0   2  16   0  28   1   5   0   0   0   0   4   0   0   0   3  0.54 0.15
  272 A    6 -3 -3 -3 -2 -2 -2 -1 -3 -2 -3 -2 -2 -4 -2  0 -1 -4 -3 -1   94   0   0   0   0   0   0   0   0   1   0   0   1   0   0   1   1   0   0   2  1.07 0.27
  273 H   -1 -2 -1 -3 -4 -1 -2 -3  9 -4 -4 -2 -3 -3 -3  2  1 -4 -1 -4    3   0   0   0   0   0   0   0  68   0   0   0   0   0   0  19  10   0   0   1  1.41 0.30
  274 R    1 -1 -1 -1 -2  0  0 -2  0  1  0 -1 -1 -1 -2  2  0 -1  0  1   15   1   1   3   0   3   4   0   3   8   6   1   1   2   0  30   1   1   3  16  0.12 0.08
  275 I   -1 -1 -2 -1 -3  0 -1 -3  0  3  1 -1  0  1 -3 -2 -1  1  4  0    3   2   0   5   0   7   2   0   1  26  11   4   1   2   0   1   4   2  24   3  0.21 0.10
  276 F   -3 -4 -5 -5 -4 -5 -5 -5 -3 -1  0 -5  1  8 -5 -4 -4 -1  2 -2    1   0   0   0   0   0   0   0   0   0   8   0   3  86   0   0   0   0   1   0  1.56 0.29
  277 A    4 -2 -2 -2  0 -1 -2 -1 -3 -2 -2 -1 -1 -3 -2  3  1 -4 -3 -1   56   1   0   0   1   1   0   1   0   2   2   1   1   0   0  27   5   0   0   3  0.54 0.18
  278 P   -3 -4 -3 -3 -5 -3 -3 -4 -4 -4 -5 -2 -4 -5  8 -2 -2  0 -5 -3    0   0   0   0   0   0   0   0   0   1   0   1   0   0  92   2   1   1   0   1  2.39 0.34
  279 W   -1 -3 -4 -4 -1 -3 -4 -1 -3  1  2 -3  1  2 -2 -3 -2  8  1  1    5   0   0   0   1   0   0   5   0   7  23   0   3   8   2   0   0  28   4  15  0.70 0.15
  280 L   -2 -3 -4 -5 -2 -3 -4 -5 -4  2  5 -4  3  0 -4 -3 -2 -3 -2  2    0   0   0   0   0   0   0   0   0  12  66   0   8   2   0   0   0   0   0  11  0.69 0.17
  281 V    2 -3 -3 -4 -1 -2 -3 -3 -3  3  0 -3  2  2 -3 -1 -1 -2  0  3   21   0   0   0   1   1   0   0   0  18   4   0   9  11   0   2   1   0   3  29  0.28 0.11
  282 A    0 -3 -3 -4 -1 -3 -3 -2 -4  4  1 -3  0 -1 -3 -1  1  0 -2  3   10   0   0   0   0   0   0   2   0  44   5   0   1   1   0   1  12   2   0  22  0.41 0.14
  283 L   -2 -3 -4 -5 -2 -3 -4 -5 -4  2  4 -4  1  0 -4 -3 -2 -3 -2  3    0   0   0   0   0   0   0   0   0  10  62   0   2   3   0   0   0   0   0  22  0.66 0.16
  284 G    0 -3 -1 -2 -3 -3 -3  6 -3 -5 -5 -2 -4 -4 -3  3 -2 -4 -4 -4    5   0   0   0   0   0   0  70   0   0   0   0   0   0   0  25   0   0   0   0  1.11 0.22
  285 A    2 -3 -3 -3 -2 -3 -3 -3 -4  3  0 -3  1 -2 -3 -1  2 -4 -2  4   22   0   0   0   0   0   0   0   0  16   0   0   3   0   0   2  13   0   0  43  0.42 0.15
  286 G   -2 -4 -4 -4 -2 -4 -4 -4 -4  5  1 -4  3 -1 -4 -3 -1 -4 -2  4    0   0   0   0   0   0   0   0   0  47   2   0   8   1   0   0   1   0   0  40  0.74 0.19
  287 Q    2 -1  5 -1 -3  5 -1  1 -1 -4 -4 -1 -3 -4 -3 -1 -2 -4 -3 -3   21   0  34   0   0  35   0   9   0   0   0   0   0   0   0   0   0   0   0   0  0.68 0.20
  288 I   -3 -5 -5 -5 -3 -4 -5 -6 -5  7  0 -4  0 -2 -5 -4 -2 -4 -3  2    0   0   0   0   0   0   0   0   0  93   0   0   0   0   0   0   0   0   0   6  1.30 0.28
  289 V   -2 -4 -5 -5 -2 -4 -4 -5 -5  6  0 -4  0 -1 -4 -4 -2 -4 -3  4    0   0   0   0   0   0   0   0   0  67   2   0   0   1   0   0   0   0   0  30  0.96 0.22
  290 Y   -4 -4 -4 -5  1 -4 -4 -5  0 -3 -3 -4 -3  1 -5 -4 -4  1  9 -3    0   0   0   0   3   0   0   0   0   0   0   0   0   0   0   0   0   0  96   0  2.16 0.38
  291 A    4 -3 -2 -3 -2 -2 -2  4 -3 -3 -3 -2 -3 -4 -2  0  2 -4 -3 -2   48   0   0   0   0   0   0  37   0   0   0   0   0   0   0   1  14   0   0   0  0.71 0.19
  292 A    5 -3 -2 -3 -2 -2 -2  1 -3 -3 -3 -2 -3 -4 -2  2 -1 -4 -3 -2   76   0   0   0   0   0   0   7   0   0   0   0   0   0   0  18   0   0   0   0  0.83 0.23
  293 L   -1 -3 -3 -4  0 -3 -3 -4 -3  0  4 -3  1  2 -2  2 -1 -1  0 -1    1   0   0   0   2   0   0   0   0   2  58   0   1  11   1  23   0   1   2   0  0.44 0.16
  294 V    0 -3  1 -2  0 -2 -2 -3 -3  2 -1 -2  0 -2 -3  0  4 -4 -3  3    4   0   9   0   2   0   0   0   0  11   2   0   2   0   0   3  41   0   0  27  0.40 0.15
  295 S    4 -2 -1 -2  1 -2 -2 -1 -3 -3 -3 -2 -3 -4 -1  5  0 -4 -3 -2   40   0   0   0   3   0   0   0   0   0   0   0   0   0   1  56   0   0   0   0  0.76 0.22
  296 I   -3 -3 -4 -4 -3 -3 -4 -4 -3  0  3 -3  3  5  2 -2 -2 -1  1 -1    0   0   0   0   0   0   0   0   0   1  33   0  13  39  10   4   0   0   1   0  0.64 0.17
  297 A    3 -3  0 -2 -2 -2 -2  4 -3 -1 -2 -2  1 -3 -3  1 -1 -4 -3  1   36   0   4   0   0   0   0  32   0   1   0   0   5   0   0   7   0   0   0  16  0.43 0.14
  298 Q   -3 -1 -2 -2 -5  8  0 -4 -1 -5 -4 -1 -2 -5 -3 -2 -3 -4 -3 -4    0   0   0   0   0  99   1   0   0   0   0   0   0   0   0   0   0   0   0   0  1.86 0.38
  299 K   -1  5  0  2 -3  1  2 -2 -1 -3 -3  1 -2 -4  0  0  1 -4 -3 -2    2  42   1  11   0   4  13   1   0   0   0   5   0   0   3   2  13   0   0   2  0.48 0.14
  300 N   -3 -2  7  4 -4 -1 -1 -2  1 -5 -5 -2 -4 -5 -3  0 -2 -5 -3 -5    0   0  63  31   0   0   0   0   2   0   0   0   0   0   0   4   0   0   0   0  1.21 0.25
  301 L   -2 -3 -4 -4 -2 -3 -4 -4 -4  2  4 -3  4  0 -4 -3 -2 -3 -2  2    0   0   0   0   0   0   0   0   0   8  56   0  18   3   0   1   0   0   0  13  0.63 0.16
  302 K   -3  1 -2 -2 -5  0 -1 -3 -3 -5 -4  7 -3 -5 -3 -2 -2 -5 -4 -4    0   0   0   0   0   0   0   0   0   0   0 100   0   0   0   0   0   0   0   0  1.53 0.33
  303 R   -3  6 -2 -3 -5  0 -1 -3 -2 -4 -4  5 -3 -5 -3 -2 -2 -4 -3 -4    0  49   0   0   0   0   0   0   0   0   0  51   0   0   0   0   0   0   0   0  1.17 0.25
  304 R   -3  6 -2 -3 -2 -1 -2 -4 -2 -2  2  2  0 -3 -4 -2 -2 -4 -3 -2    0  56   0   0   1   0   0   0   0   0  30  12   1   0   0   0   0   0   0   0  0.76 0.20
  305 I   -2 -4 -5 -5 -3 -4 -5 -5 -5  6  2 -4  1 -1 -4 -4 -2 -4 -3  2    0   0   0   0   0   0   0   0   0  71  16   0   1   0   0   0   0   0   0  12  0.90 0.21
  306 A    6 -3 -3 -4 -2 -2 -3 -1 -3 -3 -3 -2 -3 -4 -2  0 -2 -4 -4 -2  100   0   0   0   0   0   0   0   0   0   0   0   0   0   0   0   0   0   0   0  1.25 0.30
  307 Y   -3 -4 -3 -5  2 -3 -4 -5  2 -3 -3 -4 -3  2 -5 -2 -3  0  9 -3    0   0   0   0   5   0   0   0   4   0   0   0   0   4   0   2   0   0  85   0  1.77 0.33
  308 S   -1 -3 -1 -2 -3 -2 -2 -2 -3 -4 -4 -2 -3 -4  0  6  0 -5 -4 -3    0   0   0   0   0   0   0   0   0   0   0   0   0   0   3  97   0   0   0   0  1.26 0.32
  309 S   -1 -3 -1 -2 -3 -2 -2 -2 -3 -4 -4 -2 -3 -4  0  6  0 -5 -4 -3    0   0   0   0   0   0   0   0   0   0   0   0   0   0   3  97   0   0   0   0  1.26 0.32
  310 V   -2 -4 -5 -5 -2 -4 -4 -5 -5  4  0 -4  0 -2 -4 -3 -2 -4 -3  6    0   0   0   0   0   0   0   0   0  32   0   0   0   0   0   0   0   0   0  68  0.96 0.23
  311 S    2 -2 -1 -2 -2 -2 -2 -2 -3 -4 -4 -2 -3 -3 -2  6  0 -4 -3 -3   20   0   0   0   0   0   0   0   0   0   0   0   0   1   0  80   0   0   0   0  0.97 0.27
  312 H   -4 -2 -1 -3 -5 -2 -2 -4 11 -6 -5 -3 -4 -3 -3 -3 -4 -5  0 -5    0   0   0   0   0   0   0   0  99   0   0   0   0   0   1   0   0   0   0   0  2.58 0.42
  313 M   -3 -3 -4 -5 -3 -2 -4 -5 -2 -1  1 -3 10 -2 -5 -3 -1 -3 -3 -1    0   0   0   0   0   0   0   0   1   0   8   0  87   0   0   0   3   0   0   0  1.71 0.37
  314 G   -1 -4 -2 -3 -4 -4 -4  7 -4 -6 -6 -3 -4 -5 -4 -2 -3 -4 -5 -5    1   0   0   0   0   0   0  99   0   0   0   0   0   0   0   0   0   0   0   0  1.81 0.30
  315 F   -4 -5 -5 -5 -4 -5 -5 -5 -3 -1 -1 -5 -1  8 -5 -4 -4 -1  3 -2    0   0   0   0   0   0   0   0   0   1   1   0   0  90   0   0   0   0   7   1  1.76 0.31
  316 V   -2 -4 -4 -4 -2 -4 -4 -5 -5  3  0 -4  0 -2 -4 -2  0 -4 -3  6    0   0   0   0   0   0   0   0   0  18   3   0   0   0   0   2   3   0   0  74  0.85 0.22
  317 L   -2 -3 -3 -4 -2 -3 -3 -4 -3  3  3 -3  3 -1  0 -1  2 -3 -2  0    1   0   0   0   0   0   0   0   0  22  39   0   9   0   5   1  22   0   0   1  0.42 0.14
  318 I   -2 -4 -5 -5 -2 -4 -4 -5 -4  5  3 -4  3 -1 -4 -4 -2 -3 -2  1    0   0   0   0   0   0   0   0   0  57  31   0   8   0   0   0   0   0   0   4  0.77 0.19
  319 G   -1 -4 -2 -3 -4 -3 -4  7 -4 -5 -5 -3 -4 -5 -4 -2 -3 -4 -5 -5    0   0   0   0   0   0   0  99   0   0   0   0   0   0   0   0   0   0   0   0  1.79 0.29
  320 A   -2 -4 -5 -5 -3 -4 -5 -5 -5  6  2 -4  2 -1 -4 -4 -2 -4 -3  2    1   0   0   0   0   0   0   0   0  79  10   0   5   1   0   0   0   0   0   5  0.98 0.23
  321 G    2 -3 -2 -3  3 -3 -3  4 -3 -2 -2 -3 -2  4 -3  0 -2 -2  1 -2   22   0   0   0   7   0   0  33   0   0   1   0   0  29   0   5   0   0   3   0  0.52 0.15
  322 S    3 -2 -1 -2 -2 -2 -2 -2 -2 -3 -3 -2 -3 -2  0  5  1 -4 -3 -1   26   0   0   0   0   0   0   0   0   0   0   0   0   1   3  62   5   0   0   2  0.67 0.21
  323 F   -1 -3 -4 -4 -3 -3 -4 -3 -3  3  2 -3  2  5 -4 -3 -2 -1  1  1    4   0   0   0   0   0   0   1   0  27  21   0   7  31   0   0   0   0   4   5  0.49 0.13
  324 S   -1 -2  4  0 -3 -2 -2 -2 -2 -3 -3 -2 -3 -4 -3  2  5 -4 -3 -2    1   0  27   3   0   0   0   0   0   0   0   0   0   0   0  13  56   0   0   0  0.81 0.22
  325 D    0 -2  1  5 -3  2  2 -2  0 -2 -3 -1 -1 -3 -1  0  0 -4 -2 -2    6   0   7  39   0   9  17   1   1   2   2   1   1   1   2   5   4   0   1   1  0.44 0.12
  326 L   -1 -1 -1 -3 -2  3 -1 -3 -2  2  2 -1  2 -1 -3 -1  1 -3 -1  0    3   3   2   0   0  20   1   0   0  16  29   0   9   0   0   1  12   0   1   3  0.23 0.11
  327 G    0 -4 -2 -3 -4 -3 -4  7 -4 -5 -5 -3 -4 -5 -4 -1 -3 -4 -5 -5    3   0   0   0   0   0   0  95   0   0   0   0   0   0   0   2   0   0   0   0  1.66 0.28
  328 L   -2 -3 -4 -4 -2 -3 -4 -4 -4  3  3 -3  2 -1 -1 -3  0 -3 -2  2    0   0   0   0   0   0   0   0   0  28  44   0   6   1   3   0   5   0   0  12  0.49 0.13
  329 S   -1 -1  5  0 -3  2  2 -2 -1 -4 -4 -1 -2 -4 -3  3  0 -4 -3 -3    2   0  40   1   0  11  16   1   0   0   0   0   1   0   0  26   2   0   0   0  0.63 0.18
  330 G   -1 -4 -2 -2 -4 -4 -4  7 -4 -6 -6 -3 -5 -5 -4 -2 -3 -4 -5 -5    0   0   0   1   0   0   0  99   0   0   0   0   0   0   0   0   0   0   0   0  1.79 0.29
  331 A    6 -3 -3 -3 -2 -2 -2  1 -1 -3 -3 -2 -2 -4 -2  1 -1 -4 -3 -1   82   0   0   0   0   0   0   8   1   0   0   0   0   0   0   7   1   0   0   1  0.86 0.23
  332 I   -2 -4 -4 -4 -2 -3 -4 -5 -4  5  2 -3  5 -1 -4 -3 -2 -3 -2  3    0   0   0   0   0   0   0   0   0  49   9   0  25   0   0   0   0   0   0  16  0.74 0.19
  333 L   -3 -4 -5 -5 -2 -4 -4 -5 -4  1  5 -4  1  3 -3 -3 -2 -2 -1  0    0   0   0   0   1   0   0   0   0   5  77   0   1  13   1   0   1   0   1   0  0.78 0.19
  334 Q   -3 -1 -2 -2 -5  8  0 -4 -1 -5 -4 -1 -2 -5 -3 -2 -2 -4 -3 -4    0   0   0   0   0  99   0   0   0   0   1   0   0   0   0   0   0   0   0   0  1.86 0.38
  335 M   -3 -4 -3 -5 -3 -3 -4 -5 -4  3  0 -3  9 -2 -5 -4 -2 -4 -3  0    0   0   1   0   0   0   0   0   0  21   1   0  77   0   0   0   0   0   0   0  1.49 0.34
  336 I   -2 -4 -5 -5 -2 -4 -4 -5 -4  5  3 -4  0  1 -4 -3 -2 -3 -2  3    0   0   0   0   0   0   0   0   0  55  26   0   0   5   0   0   0   0   0  14  0.71 0.17
  337 S   -1 -2  3 -1 -3 -2 -2 -2 -2 -4 -4 -2 -3 -4 -2  6  0 -5 -3 -3    0   0  17   0   0   0   0   0   0   0   0   0   0   0   1  82   0   0   0   0  1.04 0.28
  338 H   -4 -2 -1 -3 -5 -2 -2 -4 11 -6 -5 -3 -4 -3 -4 -3 -4 -5  0 -5    0   0   0   0   0   0   0   0 100   0   0   0   0   0   0   0   0   0   0   0  2.62 0.42
  339 G   -1 -4 -2 -3 -4 -4 -4  7 -4 -6 -6 -3 -5 -5 -4 -2 -3 -4 -5 -5    0   0   0   0   0   0   0 100   0   0   0   0   0   0   0   0   0   0   0   0  1.84 0.30
  340 L   -3 -4 -4 -5 -3 -4 -4 -4 -4  2  4 -4  1  4 -4 -3 -2 -2  0  1    0   0   0   0   0   0   0   0   0  13  54   0   0  24   0   0   1   0   0   8  0.65 0.16
  341 I   -2 -4 -4 -4 -2 -4 -4 -5 -4  6  0 -4  0 -2 -4  0  0 -4 -3  3    0   0   0   0   0   0   0   0   0  72   0   0   0   0   0   9   4   0   0  15  0.82 0.22
  342 G    2 -3 -1 -2 -2 -2 -2  5 -3 -3 -4 -2 -3 -4 -3  2  2 -4 -3 -3   22   0   0   0   0   0   0  47   0   0   0   0   0   0   0  14  17   0   0   0  0.68 0.16
  343 A    5 -2 -2 -3 -2 -2 -2  3 -3 -3 -3 -2 -3 -4 -2  1 -1 -4 -3 -2   67   1   0   0   0   0   0  25   0   0   0   0   0   0   0   6   1   0   0   0  0.77 0.21
  344 G    5 -3 -2 -3  0 -2 -2  0 -3 -2 -2 -2 -1 -3 -2  2  0 -4 -3  1   68   0   0   0   1   0   0   3   0   0   1   0   1   0   0  16   2   0   0   9  0.62 0.19
  345 L   -3 -4 -5 -5 -3 -4 -4 -5 -4  0  6 -4  2  0 -3 -4 -3 -3 -2 -1    0   0   0   0   0   0   0   0   0   0  94   0   4   1   1   0   0   0   0   0  1.08 0.24
  346 F   -4 -5 -5 -5 -4 -5 -5 -5 -3 -2 -1 -5 -2  9 -5 -2 -4 -1  1 -3    0   0   0   0   0   0   0   0   0   0   0   0   0  96   0   4   0   0   0   0  1.88 0.34
  347 F   -3 -4 -5 -5 -3 -4 -4 -5 -3 -1  3 -4  0  7 -1 -3 -3 -1  1 -2    0   0   0   0   0   0   0   0   0   0  30   0   1  64   3   1   0   0   0   0  1.07 0.23
  348 L   -2 -4 -4 -5  5 -3 -4 -4 -4  2  4 -4  1  0 -4 -2 -2  0 -2  1    1   0   0   0  16   0   0   0   0  11  59   0   2   2   0   2   0   1   0   6  0.62 0.16
  349 A    3 -3 -3 -3  0 -2 -3 -1 -3  1 -1 -2 -1 -3 -3  0  1 -4 -3  4   36   0   0   0   1   0   0   4   0   4   0   0   0   0   0   7   7   0   0  41  0.39 0.15
  350 G   -1 -4 -2 -3 -4 -4 -4  7 -4 -6 -6 -3 -5 -5 -4 -2 -3 -4 -5 -5    0   0   0   0   0   0   0 100   0   0   0   0   0   0   0   0   0   0   0   0  1.84 0.30
  351 T    1 -3 -2 -3  0 -2 -3 -2 -3  1  0 -2  1 -1 -3  0  3 -3 -2  3   14   0   0   0   1   0   0   1   0   8   3   0   5   2   0   3  30   0   0  34  0.33 0.13
  352 T    0 -2 -1 -2  0 -2 -2  0 -3  2 -1 -2 -1  0 -2  2  3 -3 -2  2    2   0   1   0   1   0   0   6   0  15   2   0   0   4   0  24  31   0   0  15  0.28 0.13
  353 Y   -4 -4 -4 -5  4 -4 -4 -5  0 -3 -3 -4 -3  1 -5 -3 -4  0  9 -3    0   0   0   0   8   0   0   0   0   0   0   0   0   1   0   0   0   0  90   0  2.01 0.36
  354 D   -3 -3  0  7 -5 -1  4 -3 -2 -5 -5 -2 -4 -5 -3 -2 -3 -6 -5 -5    0   0   0  75   0   1  24   0   0   0   0   0   0   0   0   0   0   0   0   0  1.43 0.27
  355 R   -3  8 -2 -4 -5 -1 -2 -4 -2 -5 -4  1 -3 -5 -4 -3 -3 -5 -4 -4    0  99   0   0   0   0   0   1   0   0   0   0   0   0   0   0   0   0   0   0  1.80 0.34
  356 S   -1  1 -2 -3 -2 -2 -3 -3 -3  3  0 -2  3 -2 -3 -1  5 -4 -3  0    1   9   0   0   0   0   0   0   0  21   7   0  12   0   0   1  48   0   0   1  0.48 0.18
  357 R   -3  4  0 -3 -2  1 -1 -3  8 -5 -4  0 -3 -3 -3 -2 -3 -4 -1 -4    1  29   3   0   1   5   0   0  57   0   0   3   0   0   0   0   0   0   0   0  1.26 0.27
  358 T   -2 -3 -2 -3 -2 -2 -3 -3 -3 -1  2 -2 -1 -2 -3  0  6 -4 -3 -1    0   0   0   0   0   0   0   0   0   0  20   0   0   1   0   3  73   0   0   0  0.85 0.25
  359 L   -1  4 -3 -4 -3 -2 -3 -4 -3  0  3 -1  1 -1  0 -2 -2 -3 -2  1    3  31   0   0   0   0   0   0   0   1  41   0   4   1   4   0   0   0   0  14  0.38 0.14
  360 I   -1 -2 -2  0 -3  0  1 -2 -1  0  0 -1  3  2 -3  0 -1 -1  4 -1    4   0   0   4   0   5  15   1   0   4   8   0  13   9   0  11   0   0  21   2  0.20 0.10
  361 L   -3 -4 -4 -5 -2 -3 -4 -5 -4  4  4 -4  4  0 -4 -4 -2 -3 -2  1    0   0   0   0   0   0   0   0   0  35  48   0  14   1   0   0   0   0   0   0  0.72 0.18
  362 D    1 -2  1  5 -3 -1  1 -1 -1 -3 -4 -1 -3 -4  1  1 -1 -4 -2 -3   17   0   5  44   0   1   8   3   1   0   0   1   0   0   5  10   3   0   1   1  0.51 0.13
  363 D    0  2  1  2 -4  2  4 -2 -1 -4 -4  1 -3 -4 -2 -1 -2 -4 -3 -3   11  10   6  13   0   6  43   1   1   0   0   7   0   0   0   1   0   0   0   0  0.53 0.14
  364 M   -3 -3 -2 -5 -3 -2 -4 -5 -2  0  1 -3  8  3 -4 -3 -3 -2  4 -1    0   0   2   0   0   0   0   0   0   1   6   0  60  10   0   0   0   0  20   0  1.07 0.28
  365 G   -1 -4 -2 -3 -4 -3 -4  7 -4 -5 -5 -3 -4 -5 -4 -1 -3 -4 -5 -4    0   0   0   0   0   0   0  95   0   0   0   0   0   0   0   2   1   0   0   0  1.66 0.28
  366 G   -1 -4 -1 -2 -4 -3 -3  7 -4 -5 -5 -3 -4 -5 -4 -2 -3 -4 -4 -5    0   0   2   1   0   0   0  95   0   0   0   0   0   0   0   0   0   0   0   0  1.64 0.28
  367 W   -2 -3 -4 -4 -2 -3 -4 -5 -4  4  3 -3  4 -1 -4 -3 -2 -1 -2  2    0   0   0   0   0   0   0   0   0  34  35   0  13   0   0   0   0   1   0  14  0.57 0.15
  368 G    4 -3 -2 -3 -2 -2 -2  3 -3 -2 -2 -2 -1 -3 -2  1 -1 -1 -3  1   53   0   1   0   0   0   0  21   0   0   1   0   1   0   0  10   1   1   0  10  0.47 0.16
  369 S   -1  0  1 -1 -3  2  0 -2 -1  2 -1  3 -1 -3 -2 -1  1 -3 -2  0    3   2   7   1   0  13   2   1   1  22   2  30   0   0   0   1   9   0   1   3  0.19 0.11
  370 P    0  1  0 -2 -3  1 -1 -2 -2 -1 -1  1 -1 -2  4  0 -1 -3 -2  1    6   8   7   0   0   8   0   0   0   2   6  12   0   1  21   7   1   0   1  17  0.25 0.08
  371 L   -2 -3 -4 -5 -3 -2 -4 -5 -4  1  1 -3  9 -2 -4 -3 -2 -3 -3  0    1   0   0   0   0   0   0   0   0   5   6   0  81   0   0   0   0   0   0   4  1.46 0.34
  372 P   -3 -1 -4 -3 -5 -2 -3 -4 -4 -5 -4 -1 -4 -5  8 -2 -3 -5 -5 -4    0   4   0   0   0   0   0   0   0   0   0   3   0   0  88   1   0   0   0   0  2.25 0.33
  373 K   -1  2 -2 -2 -3  0 -1 -2 -2  1 -1  5 -1 -2 -3 -2 -1 -4 -3  1    2   6   0   0   0   0   0   1   0   9   3  61   0   1   0   0   2   0   0  11  0.50 0.18
  374 T   -2 -3 -3 -4 -2 -3 -3 -4 -2  3  0 -3  2  2 -3 -2  1 -1  4  2    1   0   0   0   0   0   0   0   0  31   5   0   6   7   0   0  12   0  24  12  0.39 0.14
  375 F    2 -4 -4 -4 -3 -4 -4 -2 -3 -2 -1 -4 -2  7 -4 -1 -1 -1  1 -2   24   0   0   0   0   0   0   2   0   0   0   0   0  65   0   4   3   0   0   0  0.94 0.24
  376 S    3 -3 -2 -3 -2 -2 -2 -1 -3  0 -1 -2  0 -2 -2  0  4 -3 -2  1   39   0   0   0   0   0   0   3   0   5   3   0   1   1   0   2  33   0   0  10  0.36 0.15
  377 T   -1 -3 -4 -4  0 -3 -4 -4 -3  2  3 -3  6  3 -4 -3 -1 -2 -1  1    4   0   0   0   1   0   0   0   0   9  30   0  31  14   0   0   1   0   0   7  0.49 0.15
  378 F   -4 -4 -5 -5 -4 -5 -5 -5 -3 -2  0 -5  0  8 -5 -4 -3  5  2 -2    0   0   0   0   0   0   0   0   0   0   5   0   2  81   0   0   1   8   1   1  1.51 0.29
  379 T    0 -2 -1 -2 -2 -2 -2 -2 -3 -1  1 -2  4 -2 -1  3  4 -3 -3 -1    3   0   1   0   0   0   0   0   0   1  11   0  18   0   1  28  32   0   0   2  0.39 0.16
  380 A    1 -3 -2 -3 -2 -2 -2 -2 -3  3  0 -2  1  0 -3  1  1 -3 -2  2   16   0   0   0   0   0   0   1   0  30   5   0   2   4   0  18   8   0   0  12  0.21 0.10
  381 C   -1 -3 -3 -4  4 -3 -4  1 -3 -1  1 -3  0  5 -4 -1 -2 -1  0  0    5   0   0   0  12   0   0  11   0   1  13   0   2  40   0   6   1   0   0   8  0.41 0.14
  382 A    2 -2 -1 -2 -1 -2 -2 -2 -2 -3 -3 -2  0 -3  0  4  3 -4 -3 -2   18   0   0   0   1   0   0   0   0   0   1   0   3   1   5  46  22   0   0   0  0.50 0.17
  383 M   -3 -3 -4 -5 -3 -3 -4 -5 -4  1  4 -3  8  0 -4 -3 -2 -3 -2  0    0   0   0   0   0   0   0   0   0   4  37   0  52   3   0   0   0   0   0   1  0.97 0.25
  384 A    6 -3 -3 -3 -2 -2 -2 -1 -3 -3 -3 -2 -2 -4 -2  2 -1 -4 -3 -2   83   0   0   0   0   0   0   2   0   0   0   0   0   0   0  13   0   0   0   0  0.91 0.25
  385 S    0 -2  2 -2 -3 -2 -2 -2 -2 -4 -4 -2 -3 -4 -3  6  0 -5 -3 -3    1   0   7   0   0   0   0   0   0   0   0   0   0   0   0  88   1   0   0   0  1.08 0.29
  386 L   -2 -3 -5 -5 -2 -3 -4 -5 -4  2  5 -4  2  0 -4 -3 -2 -3 -2  2    0   0   0   0   0   0   0   0   0  12  68   0   3   1   0   0   0   0   0  14  0.71 0.18
  387 A    5 -3 -3 -3 -2 -2 -3  3 -3 -3 -3 -2 -3 -4 -3  0 -2 -4 -4 -2   71   0   0   0   0   0   0  28   0   0   0   0   0   0   0   0   0   0   0   0  0.88 0.23
  388 L   -3 -4 -5 -5 -3 -4 -4 -5 -4  0  6 -4  1 -1 -4 -4 -3 -3 -3  0    0   0   0   0   0   0   0   0   0   0  97   0   0   0   0   0   0   0   0   1  1.12 0.26
  389 P   -3 -4 -4 -3 -5 -3 -3 -4 -4 -5 -5 -3 -5 -6  9 -3 -3 -6 -5 -4    0   0   0   0   0   0   0   0   0   0   0   0   0   0  98   0   0   0   0   0  2.71 0.37
  390 G   -1 -4 -2 -3 -4 -3 -4  7 -4 -5 -5 -3 -4 -5 -4 -1 -3 -4 -5 -5    1   0   0   0   0   0   0  96   0   0   0   0   0   0   0   2   1   0   0   0  1.70 0.29
  391 M   -2 -3 -3 -4 -3 -2 -4 -4 -3 -1  1 -3  9 -2 -4 -2  3 -3 -3 -1    0   0   0   0   0   0   0   0   0   0   7   0  68   0   0   0  24   0   0   0  1.22 0.31
  392 S    0 -2  3 -1 -3 -2 -2  0 -2 -4 -4 -2 -3 -4 -3  6  0 -5 -3 -3    1   0  14   0   0   0   0   4   0   0   0   0   0   0   0  79   0   0   0   0  0.95 0.26
  393 G   -1 -4 -2 -3 -4 -3 -4  7 -4 -5 -5 -3 -4 -5 -4 -1 -3 -4 -5 -5    0   0   0   0   0   0   0  94   0   0   0   0   0   0   0   3   0   0   0   0  1.65 0.28
  394 F   -4 -5 -5 -5 -4 -5 -5 -5 -3 -2 -1 -5 -2  9 -5 -2 -4 -1  1 -3    0   0   0   0   0   0   0   0   0   0   0   0   0  96   0   4   0   0   0   0  1.88 0.34
  395 V    0 -4 -4 -4 -2 -3 -4 -4 -4  3  0 -3  0  2 -3 -3 -1 -3 -2  5   10   0   0   0   0   0   0   0   0  17   0   0   0   9   0   0   0   0   0  63  0.65 0.19
  396 A    3 -3 -2 -2 -2 -2 -2  4 -3 -4 -4 -2 -3 -4 -2  3 -1 -4 -3 -3   38   0   0   0   0   0   0  37   0   0   0   0   0   0   0  25   0   0   0   0  0.69 0.18
  397 E   -3 -2 -2  0 -6  0  7 -4 -2 -5 -5 -1 -4 -5 -3 -2 -3 -5 -4 -4    0   0   0   0   0   0 100   0   0   0   0   0   0   0   0   0   0   0   0   0  1.67 0.34
  398 L   -2 -4 -4 -5 -3 -4 -4 -5 -3  2  4 -4  1  5 -4 -1 -2 -2  0  0    1   0   0   0   0   0   0   0   0   9  50   0   1  31   0   6   0   0   1   1  0.70 0.21
  399 M   -1 -3 -3 -4 -2 -2 -3 -4 -3  2  3 -3  5 -1 -4 -1  1 -3 -2  1    4   0   0   0   0   0   0   0   0  13  35   0  26   1   0   6  11   0   0   5  0.49 0.18
  400 I   -2 -4 -4 -5 -3 -4 -4 -5 -5  4 -1 -4 -1 -2 -4 -3  1 -5 -3  6    1   0   0   0   0   0   0   0   0  20   0   0   0   0   0   0   8   0   0  71  0.99 0.28
  401 F   -3 -4 -5 -5 -4 -4 -5 -5 -3 -1  3 -5  0  7 -5 -2 -3 -1  1 -2    0   0   0   0   0   0   0   0   0   1  30   0   2  62   0   4   0   0   0   0  1.18 0.29
  402 L   -1 -3 -4 -4 -2 -3 -4 -4 -3  2  3 -3  1  3 -1 -2 -1 -1 -1  2    2   0   0   0   0   0   0   0   0   8  40   0   3  18   4   3   2   0   0  19  0.43 0.15
  403 G   -1 -4 -2 -3 -5 -4 -4  7 -4 -6 -6 -4 -5 -5 -4 -2 -4 -5 -5 -5    1   0   0   0   0   0   0  98   0   0   0   0   0   0   0   1   0   0   0   0  1.94 0.37
  404 I    1 -3 -3 -4 -2 -3 -3 -2 -3  4  1 -3  1  2 -3 -1  0 -3 -1  2   13   0   0   0   0   0   0   3   0  35   9   0   3  13   0   3   7   0   0  14  0.32 0.13
  405 V    1 -3 -3 -4 -2 -3 -3 -3 -3  3 -1 -3 -1  4 -3  0  1  1  0  1   17   0   0   0   0   0   0   0   0  25   1   0   0  29   0   5  12   2   1   6  0.39 0.16
  406 A    0  0  0 -2 -3  1  0  0 -2 -2 -3  1 -1 -3 -2  1  5 -4 -2 -2    3   4   4   1   0   9   4   5   0   2   0   7   2   0   0  11  46   0   0   1  0.41 0.17
  407 S    1 -1  0  0 -2  0 -2  0 -2 -2 -3 -2 -2 -3 -2  5  0  0 -2  1   10   2   4   4   0   3   0   4   0   1   0   0   0   0   0  57   2   2   1  11  0.49 0.21
  408 S   -1 -1  3  4 -4  3  1 -2  0 -4 -4  0 -3 -3  1  0  0 -2 -2 -3    2   2  19  27   0  15   9   1   2   0   1   3   0   1   7   5   4   1   1   0  0.45 0.14
  409 V    1  0  1 -1 -2  0 -1 -1 -2  0 -1  3 -1 -2 -1  0  1 -3 -1  0   17   1   8   1   0   2   1   4   0   7   3  28   1   1   1   5  10   0   2   9  0.14 0.09
  410 Y   -3  0 -3 -3 -3 -3 -3 -4 -1 -2 -2 -2 -2  3 -4 -3 -3  7  7 -2    2   6   1   1   0   1   1   1   0   1   2   1   0  11   1   1   1  14  55   1  1.20 0.26
  411 S    0 -1  0 -1 -1 -1 -1 -1 -2 -1  1 -1 -1  0 -1  3  1 -2 -1  0    5   1   5   2   1   1   1   3   0   2  21   1   0   4   1  34   9   0   1   6  0.16 0.09
  412 P    0 -2 -1 -2 -1 -1 -1 -1 -1  0  2 -1  0  1  1  1  0 -1  1  0    9   1   1   2   0   1   1   3   1   3  29   1   1   7   7  19   5   0   6   4  0.11 0.06
  413 L    0 -2 -1  0 -2 -1 -1 -1 -2  1  1 -1  3 -1  1  0  2 -1 -1  0    4   1   2   4   0   1   2   5   0  10  12   1  15   1   7   8  16   1   2   5  0.09 0.06
  414 F   -1 -2 -2 -2 -2 -2 -2 -2 -2 -1 -1 -2 -1  6  3  0 -1  0  1 -2    4   1   1   1   1   1   1   2   0   1   3   1   1  48  16   9   3   1   2   2  0.58 0.15
  415 K   -1  3 -1 -1  1  0  0 -2 -1 -2 -2  5 -2 -3 -1  0 -1 -2 -2 -2    3  20   1   1   3   2   2   3   1   2   2  49   1   1   1   4   2   0   1   2  0.49 0.13
  416 A    0 -1 -2 -2  0 -2 -2 -2 -2  3  0 -1  1 -1  0 -1  1 -2 -2  2    7   2   1   1   1   1   1   3   0  32   4   2   4   1   4   4  11   0   1  18  0.18 0.08
  417 I    0 -2 -2 -3 -1 -2 -3 -2 -3  3  2 -2  1  0 -2 -2 -1  1 -1  3    5   1   1   1   0   1   1   4   0  21  27   1   1   2   1   1   3   2   1  25  0.25 0.09
  418 I   -1 -3 -3 -3 -2 -3 -3 -3 -3  4  0 -3  1  0 -3 -2  1  0  1  3    5   0   0   0   0   0   1   1   0  38   2   1   4   2   0   1  12   1   7  23  0.37 0.14
  419 T    2 -3 -2 -2  0 -2 -2 -1 -3  2  0 -2 -1 -2 -2  0  3 -3 -2  2   21   0   0   1   2   0   0   3   0  14   5   0   0   0   1   2  29   0   0  19  0.28 0.13
  420 C    0 -3 -3 -4 -1 -3 -3 -1 -3  1  1 -3  0  6 -3 -1 -1 -1  0  2    7   0   0   0   1   0   0   4   0   9  11   0   1  43   0   4   2   0   0  15  0.47 0.16
  421 V   -1 -3 -4 -4 -1 -3 -3 -2 -3  2  3 -3  0  2 -3 -3 -1 -2 -1  3    2   0   0   0   1   0   0   3   0  14  42   0   0   9   0   0   4   0   0  22  0.40 0.13
  422 E    4 -3 -3 -3 -2 -1  0 -1 -3 -1 -2 -2  5 -3 -3  0  0 -4 -3 -1   54   0   0   0   0   1   5   3   0   1   0   0  23   0   0   5   5   0   0   1  0.59 0.23
  423 G    6 -3 -3 -3 -1 -3 -3 -1 -3 -3 -3 -2 -3 -4 -3  0  1 -4 -4 -1   82   0   0   0   1   0   0   2   0   0   0   0   0   0   0   2   9   0   0   2  0.99 0.30
  424 I   -2 -3 -3 -4 -2 -3 -3 -4 -4  4  1 -3  0 -1 -3  0  2 -4 -2  4    0   0   0   0   0   0   0   0   0  34   8   0   1   2   0   7  16   0   0  32  0.50 0.18
  425 G   -2 -4 -2 -3 -5 -4 -4  7 -4 -6 -6 -4 -5 -5 -4 -2 -4 -5 -5 -5    1   0   0   0   0   0   0  99   0   0   0   0   0   0   0   0   0   0   0   0  1.96 0.37
  426 I   -1 -4 -4 -4 -2 -3 -4 -4 -4  3  2 -3  5 -2 -4 -3 -1 -4 -2  4    2   0   0   0   0   0   0   1   0  18  18   0  21   0   0   0   2   0   0  38  0.62 0.20
  427 I   -3 -5 -5 -5 -3 -4 -5 -6 -5  7  1 -4  0 -2 -5 -4 -2 -4 -3  3    0   0   0   0   0   0   0   0   0  80   6   0   0   0   0   0   0   0   0  12  1.21 0.30
  428 L   -3 -4 -5 -5 -3 -4 -5 -5 -4  1  6 -4  0  1 -5 -4 -3 -3 -2  0    0   0   0   0   0   0   0   0   0   3  88   0   0   6   0   0   0   0   0   1  1.10 0.29
  429 T    1 -3 -2 -3 -3 -2 -3  1 -3 -3 -3 -2 -3 -4 -3  2  6 -4 -4 -2    9   0   0   0   0   0   0  12   0   0   0   0   0   0   0  12  66   0   0   0  0.88 0.29
  430 P    3 -4 -4 -4 -4 -3 -3 -3 -4 -4 -4 -3 -4 -5  7 -2 -3 -5 -5 -3   32   0   0   0   0   0   0   0   0   0   0   0   0   0  66   1   0   0   0   0  1.76 0.35
  431 I    1 -4 -4 -4  2 -4 -4 -3 -4  6  0 -4  0 -2 -3 -3 -1 -2 -3  2   15   0   0   0   4   0   0   1   0  63   1   0   2   0   0   0   2   1   0  11  0.71 0.24
  432 Y   -4 -4 -4 -6 -5 -4 -4 -6  2 -4 -4 -4 -3  1 -5 -4 -3  0  9 -4    0   0   0   0   0   0   0   0   4   0   0   0   0   1   0   0   1   0  93   0  2.34 0.47
  433 L    0 -3 -4 -4 -1 -3 -4 -3 -4  0  4 -3  4 -1 -1  0 -2 -3 -3 -1    9   0   0   0   1   0   0   0   0   2  59   0  16   0   3   9   0   0   0   0  0.57 0.21
  434 L   -3 -4 -5 -6 -3 -4 -5 -6 -5  0  6 -4  0 -1 -5 -4 -3 -4 -3 -1    0   0   0   0   0   0   0   0   0   0  98   0   0   1   0   0   0   0   0   0  1.34 0.34
  435 S   -1 -3 -1 -2 -3 -2 -3 -1 -3 -4 -4 -3 -3 -2 -2  5 -1  8  1 -4    1   1   1   0   0   1   0   3   0   0   0   0   0   1   1  63   1  22   4   0  1.09 0.32
  436 M   -3 -4 -4 -5 -1 -3 -4 -5 -4  0  3 -3  9 -2 -5 -4 -2 -4 -3 -1    0   0   0   0   1   0   0   0   0   2  21   0  72   0   0   0   1   0   0   1  1.54 0.39
  437 V   -3 -3 -4 -5  2 -3 -4 -5 -2  0  4 -4  0  2 -1 -2 -2  0  4  0    0   0   0   0   5   0   0   0   0   0  55   0   1   8   3   3   0   0  21   3  0.62 0.21
  438 R   -3  7 -2 -3 -5  3 -2 -2 -2 -5 -4  1 -3 -5 -4 -3 -3 -3 -4 -5    0  81   0   0   0  13   0   2   0   0   0   2   0   0   0   0   0   0   0   0  1.49 0.36
  439 K   -3  5 -2 -2 -5  6  2 -4 -2 -4 -4  1 -3 -5 -3 -2 -2 -4 -3 -3    0  35   0   0   0  45  11   0   0   0   0   5   0   0   0   0   0   0   0   2  0.99 0.28
  440 M   -2 -4 -4 -5 -3 -3 -4 -5 -4  3  1 -4  6 -2 -4 -3 -2 -4 -3  5    0   0   0   0   0   0   0   0   0  15   4   0  32   0   0   0   1   0   0  45  0.88 0.27
  441 F   -2 -4 -5 -5 -4 -4 -5 -5 -3  1  0 -4  3  7 -1 -4 -3 -1  1  1    2   0   0   0   0   0   0   0   0   6   4   0   8  67   3   0   0   0   0   9  1.13 0.29
  442 Y   -4 -4 -4 -5 -4 -4 -4 -5 -1 -3 -1 -4 -2  6 -5 -4 -4  1  8 -3    0   0   0   0   0   0   0   0   0   0   6   0   0  34   0   0   0   0  59   0  1.62 0.35
  443 G   -2 -4 -1 -3 -4 -2 -3  7 -3 -5 -5 -3 -4 -5 -4 -2 -3 -4 -5 -5    1   0   1   0   0   2   1  90   0   0   0   0   0   0   0   1   0   0   0   0  1.62 0.32
  444 Y   -1  0  0 -1 -2  0  0 -2 -1 -2 -2  1 -2  0  3  0  0 -1  5 -1    2   3   3   2   1   4   6   1   0   1   2   9   0   1  15   7   6   0  31   3  0.36 0.12
  445 N    0  2  0  0 -2  1  2  0 -1 -2 -1  3 -1 -2  0  0 -1 -2 -2 -1    5   9   4   4   0   4  13   7   1   1   6  28   1   1   3   7   2   0   1   3  0.17 0.06
  446 D    0 -1  3  0 -1  0  0  0 -1  0  0  0  0 -1  0  0  0 -2 -1  0    8   3  20   5   1   3   4   7   1   9  10   5   1   2   3   9   4   1   1   4  0.06 0.03
  447 I    0  0  0  0 -1  0  0 -1  0  0  0  1 -1  1  3  0  0 -1  0  0    7   2   3   3   1   3   8   4   2   3   7  11   1   8  14   5   5   1   2   9  0.09 0.02
  448 S    1  0  1  0 -2  1  2  0  0 -2 -1  1 -1 -2  1  0  0 -2 -1 -1   14   2   9   3   1   3  18   6   2   1   5  14   1   1   5   5   6   0   1   2  0.13 0.04
  449 L   -1 -3 -2 -3 -1 -3 -3 -3 -2  1  4 -3  1  1  0 -2 -1  2 -1  1    4   0   1   0   1   0   0   1   1   7  49   0   2   6   4   2   2   3   0   7  0.28 0.12
  450 K    0 -1 -1 -1  3  0  1 -1  0 -1  0 -1 -1  2 -1  0  1 -2  0  0    9   2   2   2   8   2  11   2   3   1   7   3   1  15   2   7  11   0   0   6  0.03 0.05
  451 T    0  0  4  0 -2  0  0 -1  1 -1 -1  1 -1 -2 -2  0  0 -3 -2 -1    7   2  32   4   0   2   3   3   3   3   6  13   1   1   1   6   3   0   1   6  0.20 0.08
  452 L    0 -1 -2 -1 -2 -1  1 -2 -1  1  0 -1  0 -1  3 -1  0 -2 -1  2   10   1   1   2   1   1  13   2   2   8  11   2   1   2  15   2   5   0   1  20  0.14 0.05
  453 K   -1  0  1  1 -3  0  2 -1 -1 -2 -2  1 -2 -3  4  2  0 -2 -2 -2    2   4   5   7   0   3  13   3   0   2   3  11   0   1  22  18   4   0   0   1  0.34 0.09
  454 D   -1  0  5  1 -3 -1  0 -2  3 -1  0  0 -1 -2 -2 -1 -1 -3 -2 -1    3   4  38   7   0   1   4   1   9   5  12   4   1   1   1   2   2   0   1   4  0.32 0.12
  455 S    1  1 -1 -1  0  1  0 -1 -1 -2 -1  1 -1 -1  1  2  0 -1 -1 -1   15   6   1   2   2   6   5   3   0   2   6  12   1   3   5  22   4   1   2   2  0.11 0.06
  456 L    0 -1  1 -1 -2 -1  0  0  1 -1 -1  0 -1  1 -1  0  0 -1  4  0    9   1   8   2   1   1   4   6   4   4   3   8   1   7   1   8   6   0  20   8  0.11 0.06
  457 I   -2 -3 -3 -2 -1 -2 -3 -2 -2  1  3 -3  2  4 -3 -2 -2 -1  2  1    1   0   1   2   1   1   0   2   0   9  34   1   6  24   0   2   1   0   6   8  0.35 0.12
  458 L   -1  0 -1 -1 -2 -1 -1 -1 -2  1  1  0  1  2 -1  0  0  1  0  1    2   5   1   3   1   0   3   4   0   9  15   7   7  16   3   6   5   2   1  10  0.05 0.05
  459 D   -4 -4 -1  8 -6 -2  0 -4 -3 -5 -6 -3 -5 -6 -3 -2 -3 -7 -5 -5    0   0   0  97   0   0   2   0   0   0   0   0   0   0   0   0   0   0   0   0  2.04 0.41
  460 A    3 -3 -2 -3 -2 -2 -2 -2 -3  0  2 -2  3 -1 -3  2 -1 -3  0  0   28   0   0   0   0   0   0   0   0   3  22   0  11   2   0  25   0   0   3   6  0.30 0.16
  461 S   -1  1  3 -1 -4 -1  1  4 -2 -4 -4  1 -3 -4 -3  1 -1 -4 -3 -4    0   6  20   1   0   1  11  34   0   0   0  11   0   0   0  14   2   0   0   0  0.51 0.16
  462 P    0 -2 -3 -3 -4 -2 -3 -2 -4 -4 -2 -1 -1 -4  7 -1 -1  1 -4 -2    7   1   0   0   0   1   0   3   0   0   4   3   2   0  69   3   2   2   0   2  1.52 0.30
  463 R   -4  8 -2 -4 -3 -1 -2 -5 -2 -5 -5  0 -4 -5 -4 -3 -3 -5 -4 -5    0  99   1   0   1   0   0   0   0   0   0   0   0   0   0   0   0   0   0   0  2.02 0.43
  464 E   -3 -2 -2 -1 -6  0  7 -4 -2 -6 -5 -1 -4 -6 -3 -2 -3 -5 -4 -5    0   0   0   0   0   0 100   0   0   0   0   0   0   0   0   0   0   0   0   0  1.88 0.43
  465 V   -2 -3 -4 -4 -2 -3 -4 -4 -4  3  3 -1  2  0 -4 -3 -1  0 -1  3    1   0   0   0   0   0   0   0   0  26  32   4   4   4   0   0   1   2   2  23  0.44 0.15
  466 F    0 -4 -4 -5 -1 -4 -4 -2 -3  0  0 -4 -1  7 -4 -2 -1 -1  2  0   12   0   0   0   1   0   0   3   0   4   8   0   1  57   0   1   3   0   4   6  0.79 0.23
  467 I   -1 -4 -4 -4 -1 -4 -4 -5 -4  5  1 -4  1 -2 -4 -3  0 -4  0  3    3   0   0   0   1   0   0   0   0  53   5   0   2   0   0   0   6   0   3  26  0.69 0.21
  468 I    1 -3 -2 -3 -2 -2 -2 -1 -3  2  2 -2  1  1 -1  2  0 -3 -2  0   15   0   0   0   0   0   0   4   0  15  20   0   5   8   3  23   4   0   0   2  0.18 0.11
  469 L    2 -3 -3 -4 -2 -3 -3 -1 -3  4  1 -3  0  0 -3 -1  0 -3  0  2   25   0   0   0   0   0   0   3   0  32  15   0   0   3   0   1   4   0   4  12  0.31 0.14
  470 S   -1 -1 -3 -4  8 -3 -3 -4 -4 -3 -3 -3 -3 -4  5  2 -1 -5 -4 -3    2   4   0   0  38   0   0   0   0   0   0   0   0   0  32  20   1   0   0   1  1.25 0.29
  471 L   -3 -4 -5 -5 -2 -4 -4 -5 -4  3  5 -4  1  2 -1 -4 -3 -3 -2  0    0   0   0   0   0   0   0   0   0  22  63   0   2   9   3   0   0   0   0   1  0.77 0.22
  472 L   -1 -4 -4 -5 -3 -4 -4 -5 -4  2  4 -4  1  3 -3 -3 -2 -2 -1  2    3   0   0   0   0   0   0   0   0  10  56   0   0  16   1   1   1   0   0  12  0.60 0.18
  473 V   -1 -4 -4 -5 -2 -4 -4 -5 -4  3  3 -4  0  0 -4 -3 -2 -3 -2  4    4   0   0   0   0   0   0   0   0  21  38   0   0   3   0   0   0   0   0  34  0.61 0.18
  474 P   -2 -4 -4 -4 -4 -3 -3 -4 -4 -1  2 -3  0  1  7 -3 -3 -4 -3 -2    1   0   0   0   0   0   0   0   0   3  24   0   3   7  61   0   0   0   0   2  1.40 0.29
  475 M   -2 -4 -4 -4 -1 -4 -4 -5 -5  5  0 -4  0 -2 -4 -3  2 -4 -3  4    0   0   0   0   1   0   0   0   0  44   0   0   1   0   0   0  14   0   0  40  0.81 0.24
  476 L   -3 -4 -5 -5 -3 -4 -5 -5 -4  6  2 -4  1  2 -4 -4 -2 -3 -2  2    0   0   0   0   0   0   0   0   0  59  19   0   2  12   0   0   0   0   0   9  0.83 0.23
  477 G    0 -4 -3 -4 -3 -3 -4  5 -4 -2 -3 -3 -2  1 -4 -2 -2  8 -1 -1    7   0   0   0   0   0   0  52   0   2   1   0   0   6   0   2   1  21   1   6  1.00 0.24
  478 I   -3 -5 -5 -5 -3 -4 -5 -5 -5  6  0 -4  3  2 -5 -4 -2 -4 -1  2    0   0   0   0   0   0   0   0   0  74   3   0   7   7   0   0   1   0   1   6  1.02 0.28
  479 G   -2 -4 -2 -3 -5 -4 -4  7 -4 -6 -6 -4 -5 -5 -4 -2 -4 -5 -5 -5    0   0   0   0   0   0   0 100   0   0   0   0   0   0   0   0   0   0   0   0  2.00 0.38
  480 F   -2 -4 -4 -5 -2 -4 -4 -5 -4  4  3 -4  1  3 -4 -3 -2 -3 -1  2    0   0   0   0   0   0   0   0   0  29  33   0   3  17   0   1   1   0   0  16  0.58 0.17
  481 Y   -4 -4 -4 -6 -5 -4 -4 -6  0 -4 -3 -4 -3  1 -5 -4 -4  4  9 -4    0   0   1   0   0   0   0   0   1   0   0   0   0   1   0   0   0   5  92   0  2.32 0.46
  482 P   -3 -5 -5 -4 -5 -4 -4 -5 -5 -5 -5 -3 -5 -6  9 -3 -4 -6 -6 -5    0   0   0   0   0   0   0   0   0   0   0   0   0   0 100   0   0   0   0   0  2.92 0.47
  483 D   -1  1  3  4 -4  0  0 -2 -2 -4 -4  4 -2 -4 -3  0 -1 -5 -3 -3    5   7  15  26   0   1   2   0   0   0   0  33   1   0   0   6   2   0   0   1  0.51 0.17
  484 L    0 -3 -3 -4 -2 -3 -3 -3 -3  1  2 -3  1  4  3 -1  1 -2  0  0    6   0   0   0   0   0   0   0   0   9  24   0   3  24  16   4   9   0   1   3  0.36 0.13
  485 T    1 -4 -4 -4 -2 -3 -3 -3 -4  2  1 -3  1  3 -4 -2 -1 -3 -1  4   18   0   0   0   0   0   0   0   0   8  11   0   4  19   0   0   2   0   0  38  0.44 0.17
  486 L   -2 -3 -3 -4 -3 -3 -4 -4 -4  1  4 -3  2  3 -4 -2  3 -3 -2 -1    0   0   0   0   0   0   0   0   0   5  48   0   5  13   0   0  30   0   0   1  0.60 0.22
  487 Q   -1 -1  1  3 -3  3  0 -1 -1 -4 -4  0 -3 -3 -1  3  0 -4 -3 -3    1   2   6  21   0  20   4   2   1   0   0   2   0   1   2  36   2   0   0   0  0.51 0.19
  488 L   -1 -1 -3 -3 -2 -2 -3 -3 -3  2  3 -1  2  1 -1 -1  1 -3 -1  1    3   2   0   0   0   0   0   0   0  13  37   5   7   6   3   4  10   0   2   8  0.24 0.11
  489 W   -2 -3 -3 -4  1 -2 -3 -3 -1 -1 -1 -3  4  1 -4  2  1  4  6 -2    0   0   0   0   4   0   0   0   0   3   2   0  15   4   0  23   8   7  33   0  0.61 0.23
  490 N    0 -1  1  4 -3  0  1 -2  2 -1 -2 -1 -2 -3 -3  0 -1 -4 -2  1    9   3   6  30   0   5   6   1   7   3   0   1   0   0   0   6   3   0   0  19  0.27 0.13
  491 Q    2 -2  0  3 -2 -1  0 -1 -1 -1 -2 -1 -2 -3  1  1  0 -4 -2  1   26   0   3  18   0   1   6   1   1   1   2   2   0   0   5  15   3   0   0  16  0.23 0.12
  492 K    0  1 -1 -2 -3 -1 -1 -1 -2 -4 -4  4 -3 -4 -2  3  2 -4 -3 -3    5   5   0   0   0   0   1   3   0   0   0  41   0   0   1  32  14   0   0   0  0.59 0.22
  493 A   -1 -4 -3 -4 -2 -3 -3 -4 -4  2  0 -3  0 -3 -3 -2  4 -4 -3  5    1   0   0   0   0   0   0   0   0  11   3   0   1   0   0   1  29   0   0  53  0.71 0.24
  494 Q    0  0  1  2 -3  2  3 -2  0 -2 -2  0 -1 -2 -2  0  0 -3  0  0    5   2   8  10   0   9  30   2   1   1   2   5   1   1   1   3   6   0   3  10  0.25 0.10
  495 E    2 -1  1  0 -2  1  1 -1  2 -1 -2  0 -1 -1  0  1  0 -3 -1 -1   29   0   7   3   0   9   6   3   8   3   2   6   0   3   4   7   6   0   1   3  0.15 0.08
  496 I   -2 -3 -4 -4 -2 -3 -4 -4 -4  4  4 -3  1  0 -4 -3 -2 -3 -2  2    1   0   0   0   0   0   0   0   0  36  44   0   2   1   0   0   1   0   0  11  0.64 0.18
  497 V    1 -3 -2 -4 -2 -3 -3 -3 -3  2  3 -3  0 -1 -3 -1  0 -3 -2  3   11   0   2   0   0   0   0   0   0  13  36   0   1   1   0   5   6   0   0  26  0.34 0.13
  498 S    2 -1  1  0 -1  1  1 -1 -1 -1 -3 -1 -2 -3 -2  3  1 -4 -3 -2   20   1   6   4   1   7   7   1   1   4   1   2   0   0   0  38   5   0   0   1  0.33 0.15
  499 L   -1  2  1 -1 -3  3  0 -2  3 -1 -1  1  0 -2 -2  0  0 -3 -1  0    1  16   6   1   0  19   4   2  12   1   5   5   3   1   0   7   4   0   0  12  0.20 0.09
  500 P   -1 -2  2 -1 -2 -1 -1 -3 -1  1  1 -2  1  0  1 -1  0 -2  1  2    5   0  14   4   0   1   2   1   1   6  15   0   5   3   6   1   3   0   7  26  0.12 0.07
  501 S    0  2  1  0 -2  2  1 -1  2 -2 -2  1 -1 -1 -2  1  1 -2 -1 -2    9  19   6   2   0   9   8   4   6   1   4   4   0   3   1   8  13   0   1   2  0.16 0.06
  502 G    1  0  1  0 -2  2  0  1  2 -1 -1  1 -1 -2  0  1  1 -3 -2 -1   11   4   7   3   0  14   5   9   6   2   5   7   1   0   3  11   8   0   0   3  0.12 0.04
  503 N    3 -1  0 -2 -2 -1 -1 -1 -1  0 -1  0 -1 -2 -1  1  1 -3 -2  2   32   2   4   1   0   0   2   2   1   4   2   8   0   0   1  13   9   0   0  19  0.18 0.09
  504 E   -1  3 -1 -2 -3  1  1 -3 -1  0  1  1  1 -2 -3 -1 -1 -3 -1  1    4  22   1   0   0   8   8   0   1   5  14   8   4   1   0   3   2   0   2  18  0.15 0.07
  505 K    0 -1 -1  0 -3  3  2 -1 -1 -2 -3  0 -1 -3  4  1  0 -4 -3 -1    7   0   1   3   0  24  11   4   1   3   0   3   1   1  19  12   5   0   0   3  0.36 0.11
  506 S    2  0 -1 -1 -2  0 -1 -1 -2 -1 -2 -1 -1 -3 -2  2  3 -3 -2  0   26   4   1   3   0   2   0   2   0   1   2   2   1   0   1  22  24   0   0  10  0.26 0.11
  507 L    2 -2 -3 -2 -2 -2 -2 -3 -1  1  2 -2  1  1 -3 -1  0 -2  3  2   22   0   0   1   0   0   1   0   1   7  22   2   5   3   0   0   6   0  13  16  0.19 0.09
  508 T    1 -1 -1 -1 -2  0  0 -1  0  1 -1  0  0 -2  3  0  1 -3 -2  1   16   1   3   1   0   4   4   2   2  12   3   4   3   0  14   6  10   0   0  14  0.14 0.05
  509 L    0  0  0 -1 -2  3  1 -2 -1  0 -1  0  0 -2  0  0  1 -2  1  0    9   1   3   2   0  25   7   0   1   4   6   5   1   0   3   5  12   0   7  10  0.15 0.07
  510 I    0 -2 -2 -2 -2  0 -1 -3 -2  2  1 -1  0 -1  3 -1  0 -3 -1  2   10   1   1   2   0   7   4   0   1  21  13   3   0   0  15   0   4   0   2  15  0.19 0.07
  511 S    4 -1 -1 -2 -2  1 -1 -1 -2 -2 -2 -1 -2  0  0  2  1 -3 -2 -1   47   3   0   0   0   6   0   2   0   0   2   1   0   5   4  18   6   0   0   4  0.31 0.12
  512 Y    0  0  0 -1 -3  3  2 -1  2 -1 -1  0 -1 -1  0  0  0 -3  0  0    6   2   2   1   0  22  14   4   9   2   7   1   0   2   3  10   3   0   3  10  0.14 0.06
  513 S    1  0  2 -1 -2  2  0 -1  0 -1 -2 -1 -1 -2  0  2  2 -3 -2  0   13   3  12   0   0  12   4   2   2   2   1   0   0   1   3  23  15   0   0   6  0.20 0.08
  514 Y    1 -1  3 -1 -2  2  0 -1 -1 -2 -1  0 -1  0  1  1  1 -2  1 -1   16   0  19   0   0  13   6   1   1   1   4   3   0   7   6   7   8   0   5   3  0.15 0.06
  515 P   -1 -3 -3 -3 -4 -2 -2 -1 -3 -3 -3 -2 -3 -4  8 -1 -2 -5 -4 -2    5   0   0   0   0   1   2   3   0   1   2   0   0   1  79   2   1   0   0   4  1.77 0.22
  516 V    1 -1 -2 -2 -2  0 -1 -2 -2  1  0 -1  1 -2  3  0  1 -3  0  1   11   1   0   0   0   5   2   0   0   8  10   1   4   0  19   8   8   0   3  18  0.22 0.05
  517 E    2 -1  1  2 -2  1  1 -1 -1  1 -1 -1 -1 -2 -1  0  0 -3 -2 -1   28   1  11  12   0  10   8   0   0  15   3   1   1   2   2   6   2   0   0   0  0.14 0.05
  518 K    2  1 -1 -1 -2  1 -1  1 -1 -2 -1  1 -1 -3  2  0  0 -3 -1 -1   34  11   0   2   0   7   0  12   1   0   7   7   0   0   9   2   6   0   2   0  0.20 0.05
  519 N    0 -2  4  1 -3 -1 -1  1 -1 -1  0 -1  1 -2  1  0 -1 -3 -1 -2    9   0  32   9   0   1   0  13   0   3  12   2   6   0   7   5   0   0   1   0  0.20 0.06
  520 F    1 -2 -2 -3 -2 -1 -2 -2 -2  1  1 -1  1  2  3  0 -1 -1  1  0   18   0   0   0   0   2   0   0   0   8  13   3   3  17  19   4   0   0   5   5  0.23 0.03
  521 S    2 -2  0 -1 -1 -1 -1 -1 -2 -3 -3 -1 -2 -3  1  5  1 -4 -2 -2   23   0   0   0   0   0   0   0   0   0   0   0   0   0   5  72   0   0   0   0  0.56 0.10
  522 L    1 -2 -3 -4 -2 -2 -3 -3  1  1  4 -2  1  0 -3 -2 -1 -2 -1  1   15   0   0   0   0   0   0   0   7   6  67   0   0   0   0   0   0   0   0   6  0.34 0.06
  523 H   -1 -1  2 -1 -2 -1 -1 -2  5 -2  0 -1 -1  2 -2  1 -1 -1  2 -2    0   0  12   0   0   0   0   0  35   0  11   0   0  11   0  22   0   0  10   0  0.28 0.02
  524 H   -2  0  5  1 -3  0  0 -1  5 -4 -3  0 -2 -3 -2  0 -1 -3  0 -3    0   0  66   0   0   0   0   0  34   0   0   0   0   0   0   0   0   0   0   0  0.60 0.01

                      K         Lambda
Standard Ungapped    0.1445     0.3282
Standard Gapped      0.0559     0.2670
PSI Ungapped         0.1829     0.3173
PSI Gapped           0.0559     0.2670
