
Last position-specific scoring matrix computed, weighted observed percentages rounded down, information per position, and relative weight of gapless real matches to pseudocounts
           A  R  N  D  C  Q  E  G  H  I  L  K  M  F  P  S  T  W  Y  V   A   R   N   D   C   Q   E   G   H   I   L   K   M   F   P   S   T   W   Y   V
    1 M   -1 -2 -3 -4 -2 -1 -3 -3 -2  1  2 -2  7  0 -3 -2 -1 -2 -1  0    0   0   0   0   0   0   0   0   0   0   0   0 100   0   0   0   0   0   0   0  0.67 0.06
    2 A    4 -2 -2 -2 -1 -1 -1 -1 -2 -2  0 -1 -1 -2 -2  2  0 -3 -2 -1   69   0   0   0   0   0   0   0   0   0  11   0   0   0   0  20   0   0   0   0  0.44 0.09
    3 L    0 -3 -4 -4 -2 -2 -3 -3 -3  1  3 -3  4  2 -3 -2 -1 -2 -1  1   11   0   0   0   0   0   0   0   0   0  49   0  19   9   0   0   0   0   0  12  0.40 0.09
    4 A    4  0 -1 -2 -2 -1 -1 -1 -2 -2 -1  0 -2 -3 -2  3  0 -3 -2 -1   48   6   0   0   0   0   0   0   0   0   6   7   0   0   0  33   0   0   0   0  0.40 0.12
    5 P    2 -3 -2 -2  3 -2 -2 -2 -3 -2 -2 -2 -2 -3  5  2 -1 -4 -3  1   22   0   0   0   8   0   0   0   0   0   0   0   0   0  38  19   0   0   0  14  0.70 0.12
    6 S    0  1 -1 -2 -2 -1 -1 -2 -2 -1  0  1 -1 -3  0  3  1 -4 -2  2    0   8   0   0   0   0   0   0   0   0   7   9   0   0   3  44   6   0   0  24  0.26 0.12
    7 K    0  1 -1 -2 -3 -1 -1  3 -2 -3 -3  3 -2  0  1  0  1 -3 -2 -3    6   6   1   0   0   0   0  30   0   0   0  33   0   5   6   3  10   0   0   0  0.37 0.11
    8 V    0 -3 -3 -4 -2 -3 -3 -1 -4  1  2 -3  2 -1 -3 -1  1 -3 -2  4    9   0   0   0   0   0   0   6   0   0  25   0   6   1   0   3   8   0   0  43  0.35 0.14
    9 S    2  0 -1 -2 -2 -1 -1  0 -2 -1  1  0 -1 -3 -2  3 -1 -4 -3 -2   18   6   0   0   0   0   3   8   0   3  17   7   0   0   0  39   0   0   0   0  0.27 0.15
   10 P    1 -3 -2 -1  4 -1 -2 -1 -3 -1 -2 -2 -2 -2  5  2  1 -4 -3 -1   16   0   0   2  10   1   0   2   0   3   4   0   0   2  30  17  13   0   0   2  0.54 0.15
   11 F    1  0 -2 -3 -1  0  0 -3  1 -2 -1 -2 -1  5 -2  0 -1  2  0 -1   16   7   1   0   1   5   5   0   5   0   5   0   0  34   1  10   1   2   0   5  0.26 0.13
   12 S    2 -1  2 -2 -1 -1 -2 -1 -2 -3 -2 -2 -2  0  1  3  1 -3 -1 -2   20   2  10   0   1   1   0   3   0   0   4   0   0   5   8  38   6   0   2   0  0.34 0.15
   13 G    3 -1  0 -2 -2 -2 -2  3 -2 -2 -1 -2 -2 -3  0  2  0 -3 -3 -2   28   3   5   0   0   0   0  25   0   2   7   0   0   0   4  20   5   0   0   1  0.32 0.13
   14 F    2 -2 -1 -1 -2 -2 -1 -1 -2 -1  0 -1 -1  3  0  2 -1 -2  0 -1   27   0   1   2   0   0   2   2   0   1  12   4   0  18   5  17   1   0   2   2  0.17 0.10
   15 S    1 -2  1 -2 -2 -1 -2  0 -2 -3 -2  0 -2 -1 -1  4  0  4 -2 -2   11   0   6   0   0   2   0   4   0   0   3   4   0   3   2  51   2   8   0   1  0.46 0.18
   16 L   -2 -1 -2 -2 -1 -2 -3 -2 -3  1  3 -2  1  0  1 -1  1 -3 -1  1    0   3   2   1   1   0   0   2   0   4  45   0   3   4   7   6  12   0   1   7  0.25 0.12
   17 S    1 -1 -1 -2 -2 -1  1 -1 -1 -2  0  0 -2 -1 -2  4  0 -4 -2  1   11   3   2   0   0   0   8   2   1   0   9   4   0   3   1  44   1   0   0  12  0.27 0.16
   18 D    0 -2  2 -1 -3 -1 -2 -2 -3 -2  0 -1 -2 -2  5  0  0 -4 -3  0    7   1  16   1   0   1   0   2   0   0  15   1   0   1  36   5   6   0   0   8  0.58 0.17
   19 G    1 -2 -1 -2 -2 -1 -2  4 -2 -1 -1 -1 -2 -2 -1  2  1 -3 -3 -1    8   1   1   0   1   2   0  38   1   5   8   4   0   1   1  17   9   0   0   4  0.34 0.13
   20 V    2  0  0 -1 -2  0 -1  0  1  0  0 -1 -1 -1 -2  0 -1  3  1  0   23   5   5   3   0   6   1   7   5   4  13   1   0   1   1   5   1   5   8   7  0.07 0.06
   21 G    0  2  0 -1 -3 -2 -2  4 -1 -2 -3  0 -3  0  0  0 -1 -3 -2 -2    4  14   4   2   0   0   0  44   1   1   1   5   0   6   5   9   1   0   0   3  0.42 0.14
   22 A    2 -2  0  2  3 -1  0  0  2 -2 -3 -1 -2 -1  1  2  0 -3 -2 -1   20   1   4  12   9   0   5   8   6   0   0   1   0   4   7  17   2   0   0   4  0.21 0.11
   23 V    1  0  1 -2 -2 -1 -1 -1 -1  0  0  0 -1 -1  2  1  0 -3 -2  0   20   7   9   0   0   2   1   4   1   4  14   5   0   3   9  11   2   0   0   9  0.10 0.07
   24 R    1  2 -2 -2 -3  0 -1 -2 -2 -1  1  0 -1 -1  3  1  0 -3 -2 -1   11  18   1   1   0   4   2   1   0   1  19   6   0   3  16  11   4   0   0   1  0.23 0.11
   25 N    1  2  0 -1 -3  1 -1  1 -1 -2 -2  1 -1 -3  2  1  0 -3 -2 -1   14  12   5   2   0   6   0  14   1   1   3  12   1   0   9  11   4   0   0   5  0.18 0.08
   26 P    0 -3 -1 -3 -4 -2 -1  0 -3 -2 -2 -1 -3 -4  7  1 -1 -5 -4 -1    7   0   3   0   0   0   2   9   0   2   3   2   0   0  55  11   2   0   0   4  1.09 0.25
   27 T    0  1 -1 -2 -2 -1 -1 -1  0 -2  0  0 -1 -1  0  3  1 -2  1 -1    7   8   1   0   0   0   1   4   3   0  13   3   1   2   3  32  11   0   7   3  0.17 0.12
   28 C    0  2 -1 -2  1 -1 -2  0  0 -1  0  0 -1  1  3  0  1  0 -1 -1    6  14   2   0   4   1   0   7   3   3   8   6   0   9  15   8  12   2   0   1  0.16 0.08
   29 S    1  0  0 -2 -1 -1 -1  1  0 -2 -1 -1 -2  0  0  3  0 -3 -2 -2    9   6   5   0   1   1   1  11   3   2   6   1   0   5   4  38   5   0   0   1  0.22 0.13
   30 V    0  2 -1 -2  1 -1 -2 -2 -1  0  0  0 -1  1  2  2  0 -3 -2  0    7  15   2   0   3   1   0   2   1   4   8   3   0   7  11  25   5   0   0   7  0.15 0.10
   31 S    2 -2  0 -2 -1 -1 -2  0  0 -2 -1 -1 -2 -1  0  3  0 -3 -2  0   22   1   2   1   1   2   0   5   2   1   7   1   0   4   4  39   3   0   0   6  0.27 0.15
   32 L    1  0 -2 -2  0 -2 -2 -2  1  0  2 -2  0  1  0  1  0 -3 -1  0   13   6   1   1   2   0   0   1   5   1  34   1   0   6   5  15   4   0   0   6  0.14 0.11
   33 S    0  2 -1 -1 -1  1 -1  0 -2 -2 -1  0 -2 -3  2  2  0 -3 -3 -1    8  18   1   3   1   7   0   6   0   1   5   4   0   0  12  24   5   0   0   5  0.23 0.11
   34 F    0  1 -2 -2  0  1 -1 -1 -2  0  0 -1 -1  1 -1  0  1  4  0  1    5  13   1   0   2  10   0   3   0   4  10   0   0  10   2  11  10   6   1  13  0.11 0.08
   35 L    0  0 -1 -2  1 -1 -2 -2 -2  0  1  0  2  1  2  1  0 -3 -1  0    8   4   1   0   4   2   0   1   0   3  16   4   8   9  10  19   4   0   0   5  0.13 0.09
   36 N    0  3  2  0  0  0 -1 -1 -2 -3 -3  0 -2 -3  2  2  1 -4 -3 -2    5  18  14   3   3   4   1   2   0   1   2   3   1   0  10  27   6   0   0   1  0.31 0.14
   37 K    0  2  0  0  0  0  0  2  1 -2 -2  1 -2 -1  0  1 -1 -3 -1 -1    4  18   2   5   3   4   4  15   4   0   3   9   0   4   5  13   1   0   1   5  0.14 0.07
   38 K    0  1  0 -1 -3 -1 -1  2  0 -2 -1  1 -2  0  2  1  1 -3 -2 -1    4  11   5   1   0   0   0  16   2   0   5  12   0   5  10  11  13   0   0   5  0.16 0.08
   39 V    0  3 -1 -2  0  1 -1  1 -1 -1 -2  1 -2 -3 -1  2  1  1 -2 -1    6  23   1   1   2   5   0  11   1   2   3   5   0   0   1  20   8   3   0   6  0.19 0.10
   40 G    0  1  0 -1 -3 -1 -1  3 -2 -2  0  0 -2 -2  1  1  0 -3 -2 -1    9  11   5   2   0   0   2  28   0   0  11   3   0   2   8   9   4   0   0   6  0.20 0.09
   41 S    0  3  1  0 -2 -1  0  0 -1 -2 -3  0 -2 -1  2  1 -1 -3 -2 -1   10  25   8   5   0   0   4   6   1   3   0   4   0   4  10  15   0   0   0   5  0.21 0.10
   42 R   -1  5 -2 -3 -4  1 -1  1 -2 -3 -1  1 -2 -1  0 -1  0 -3 -2 -2    2  48   0   0   0   7   0  12   0   1   7   3   0   4   6   4   4   0   0   2  0.48 0.18
   43 N    2  1  2 -1  2  0  1  0 -1 -2 -2  0 -2 -2  1  1  0 -3 -2 -1   20  10  12   0   6   2  11   5   0   0   2   5   0   1   6  11   4   0   1   4  0.16 0.08
   44 L    1 -2 -2 -3 -2  0 -2 -1 -2  1  2 -1  1  1  2  0 -1  1 -1  1   19   1   0   0   0   5   0   3   0   5  22   1   3   7  10   7   2   3   0  10  0.13 0.08
   45 G    1  2 -1 -2 -2 -1 -2  3  0 -2 -2  0 -2 -3 -2  1  1 -3 -3  0   14  18   1   0   0   1   1  27   2   0   1   3   0   0   0  10  12   0   0  10  0.28 0.13
   46 V    2  1 -2 -3  0 -1 -1  0  0  0 -1  0 -1  0  2 -1 -1 -3 -2  2   21  10   1   0   2   1   1   7   4   3   2   4   0   6   9   3   2   0   0  24  0.12 0.09
   47 S    1  1 -1 -1  3 -1 -1  1 -1 -3 -3  0 -2 -3  2  2  0 -3 -3 -2   16  11   2   2   8   1   2  12   2   0   0   6   0   0  12  23   4   0   0   0  0.29 0.11
   48 A    3  1 -1  1  1 -1 -1 -2  0 -2 -2  0 -1 -3  0  1  1 -1 -2 -1   34   9   0   9   4   0   0   0   2   0   3   4   2   1   4  14  10   1   0   2  0.22 0.12
   49 S    2  0  3 -1 -2  0 -1 -1 -2 -3 -2  0 -2 -3  2  2  0 -4 -3 -2   28   5  16   2   0   4   2   1   0   0   2   4   0   0  10  21   5   0   0   0  0.33 0.14
   50 T    1  1  1 -1 -2  0  0 -1  0 -2 -2  0 -2 -1  2  1  2 -1 -2 -2   11   8   9   2   0   4   6   3   1   0   4   4   0   3   9  12  22   1   0   1  0.19 0.09
   51 V    0  2 -1  0 -3  1  1 -2 -2 -1 -1  1 -1 -3  2  0 -1 -3 -2  1   10  18   2   5   0   6   8   1   0   0   5   9   1   0  11   4   2   0   1  16  0.16 0.08
   52 P    1 -2 -1 -2 -3  0 -1 -2 -3 -3 -3  0 -3 -4  6  1  0 -4 -3 -2   15   1   2   0   0   5   3   1   0   0   2   4   0   0  48  11   7   0   0   2  0.92 0.21
   53 L   -1  0 -3 -3 -2 -1 -2 -2 -1  1  3 -1  1  0 -1 -2  1  0  0  0    5   6   0   0   0   2   1   3   2   5  42   2   4   2   3   0  12   1   4   4  0.18 0.11
   54 T    0  0 -1 -1 -2  0 -1 -2  1 -1 -2 -1 -1  0  2  2  4  2 -2 -2    4   5   0   2   0   4   1   1   4   2   3   0   1   5   8  17  38   3   0   0  0.33 0.17
   55 G    0  0 -2 -2 -2 -2 -2  5  3 -3 -1 -2 -2 -3  0  0 -1 -3 -3 -3    4   7   0   0   1   0   1  54   9   1   8   0   0   0   4   6   4   0   0   0  0.61 0.19
   56 V    0  0 -3 -3 -2 -2 -3 -3  0  2  1 -2  2 -2  0 -2  0 -2 -2  4   10   5   0   0   0   1   0   1   3   7  11   0   6   0   4   0   6   1   0  45  0.30 0.16
   57 I    1 -2 -2 -2 -2 -2 -3 -3 -3  2  1 -2  0  1  0 -1 -1  0 -1  3   12   1   1   2   0   0   0   1   0   9  16   2   1   6   4   2   2   1   0  39  0.25 0.13
   58 F   -2 -3 -3 -4 -2 -2 -3 -2  1 -2 -1 -3  1  7 -2 -2 -2  1  1 -2    3   1   0   0   1   2   0   4   4   0   3   0   3  65   2   3   2   2   0   2  0.92 0.26
   59 E    0  1 -1  0 -3  3  3 -1 -1 -3 -2  1 -2 -3 -1  1  0 -3 -2 -2    7   6   0   4   0  21  27   3   0   0   4   6   0   0   2  11   5   0   0   3  0.32 0.13
   60 P    0 -1 -4 -3 -4 -3 -3 -4  0 -5 -5 -3 -4 -5  8 -1 -3 -5 -4 -4    9   4   0   0   0   0   0   0   2   0   0   0   0   0  79   5   0   0   0   0  2.01 0.41
   61 F   -2  0 -3 -2  3 -2 -2 -2 -2 -1  2 -3  0  6 -3 -2 -2 -1  0 -1    3   6   1   3   7   1   2   4   0   2  18   1   1  47   1   2   1   0   0   1  0.53 0.18
   62 E    1  1 -1  0 -3  1  4  0 -1 -3 -3  0 -2 -2 -2  1  0  2 -2 -2   16   7   1   2   0   5  38   6   0   1   1   1   0   2   1  10   4   4   0   2  0.35 0.14
   63 E    0  0 -1  0 -3  1  5 -2 -2 -3 -2 -1 -2 -3  3  0  0 -3 -3 -1    8   4   2   2   0   3  47   1   0   1   4   1   0   0  13   4   4   0   0   5  0.49 0.18
   64 V    1 -1 -3 -3 -2 -2 -2 -1 -3  1  1 -2  0 -2 -2  0  0 -3 -2  4   12   3   0   0   0   0   1   4   0   3  17   1   1   0   2   7   6   0   0  41  0.25 0.13
   65 K    1  1 -1 -2 -3  1 -1 -2  0 -2 -2  3 -2 -1  2  0  0 -3 -1 -1   17   7   1   0   0   7   0   1   2   0   4  33   0   3  12   3   3   0   2   3  0.31 0.14
   66 K    1  0  0  0 -2  0  0  0 -1 -2 -2  3 -2 -1  1  1  0  1 -1 -2   15   3   4   4   0   3   3   5   1   0   4  27   0   3   8   9   6   3   1   0  0.18 0.09
   67 E    0  0 -1  1  0  1  4 -2 -1 -3 -3  0 -2 -2  3  0 -1 -3 -2 -1    7   4   0   6   2   4  36   1   1   0   1   2   0   2  18   7   2   0   0   5  0.43 0.15
   68 E    0  1 -2 -1 -2  1 -1 -2 -2  0  3 -1  1  0  1 -1 -1 -2 -1  0   12   9   0   3   0   8   3   1   0   4  38   1   2   2   6   2   2   0   2   4  0.14 0.09
   69 L    1 -1  0  1 -2 -1 -1 -1 -2 -1  1 -1  0  0  2  1  0 -2 -1  0   14   2   3   9   0   2   1   2   0   0  20   2   3   6   9  16   3   0   1   4  0.10 0.07
   70 A    1 -1 -2 -1 -2 -1 -2 -2 -2 -1  1 -1  2 -2  3  1  1  1 -2  0   17   2   0   3   0   1   1   1   0   1  22   1   8   0  14  10   8   2   0   6  0.19 0.10
   71 V    2 -2 -2 -1  0 -2 -2 -2 -1  2  0 -2  1 -2 -2 -1  1 -3 -2  3   21   2   1   3   1   1   0   2   2   9   8   0   4   0   1   1   9   0   0  35  0.20 0.12
   72 P   -1 -3 -2 -2 -3 -3 -3 -1 -4 -2 -1 -2  6 -3  6 -1  0 -4 -4 -1    4   1   1   2   0   0   1   4   0   1   1   1  30   0  42   4   6   0   0   2  1.02 0.34
   73 T    2 -2  0 -2 -1  1 -1 -1 -2  0 -2  0 -1 -3  0  1  3 -3 -3 -1   24   0   3   1   1   7   1   2   0   7   2   5   0   0   5   9  28   0   0   3  0.25 0.16
   74 A    2 -2 -2 -1 -1 -1 -2 -1 -1 -1 -1 -2  2 -3  1  1  4 -4 -3  0   20   1   0   3   1   2   0   2   1   1   4   0   7   0   6  11  33   0   0   6  0.33 0.21
   75 G    3 -2 -1 -1 -1 -1 -1  0 -2 -3 -2 -1 -1 -3  4  1  1 -4 -2 -1   27   1   2   2   1   1   3   5   1   0   2   2   2   0  24  13  10   0   1   2  0.44 0.19
   76 Q    0 -1 -1  0 -2  3  0 -1  1 -2 -2  0 -2 -3  4  2  0 -4 -3 -1    7   2   2   3   1  18   4   2   3   2   2   3   0   1  19  22   4   0   0   5  0.36 0.19
   77 V    0 -2 -2 -2 -2  0  1 -3 -1 -1  0 -2  2 -3  4  0  1 -4 -1  1    7   1   0   1   0   3  12   0   1   1   7   1   9   0  23   7  12   0   2  11  0.35 0.21
   78 S   -2 -4 -1 -3 -2 -3 -3 -3 -4 -5 -4 -3 -5 -5 -2  7  0  1 -5 -5    1   0   1   1   1   0   0   0   0   0   1   0   0   0   2  88   3   2   0   0  1.67 0.69
   79 L   -3  2 -3 -4 -4  7 -1 -5 -1 -3  2 -1 -1  0 -4 -3 -4 -4 -1 -3    1   9   0   0   0  57   1   0   1   1  20   3   1   4   0   0   0   0   1   1  1.10 0.53
   80 A    2 -5 -5 -5  3 -4 -4 -4 -5  3 -2 -4  1 -3 -1 -2 -2 -5 -4  5   22   0   0   0   5   0   0   1   0  14   1   0   3   0   3   1   0   0   0  50  0.83 0.41
   81 R   -5  8 -2 -5 -1 -2 -3 -4  2 -6 -3  0 -4 -6 -5 -3 -4 -6 -5 -6    0  85   1   0   1   1   0   1   5   0   3   2   0   0   0   1   0   0   0   0  2.02 0.71
   82 Q   -4 -1 -3 -4 -6  8 -2 -5  3 -6 -4 -2 -3 -6 -3 -2 -3 -1 -1 -3    0   1   0   0   0  80   0   0   7   0   2   0   0   0   1   2   1   1   2   2  1.96 0.77
   83 Y   -4 -2  8 -1 -6 -3 -3 -2  1 -6 -5  1 -3 -5 -5 -1 -3 -6 -2 -6    1   2  74   2   0   0   0   2   3   0   0   9   0   0   0   4   0   0   2   0  1.67 0.63
   84 Y   -5 -5 -4 -5 -2 -5 -6 -6  1 -4 -3 -5 -4  6 -6 -5 -5  1  8 -4    0   0   1   1   1   0   0   0   3   0   2   0   0  30   0   0   0   1  61   0  2.15 0.71
   85 A    0 -3 -1  1 -2 -1 -2 -4  9 -5 -5 -3 -4 -4 -4  2 -1 -5 -2 -3    9   1   1   7   1   3   1   0  56   0   1   0   0   0   0  14   4   0   0   2  1.49 0.58
   86 D   -1  0  0  2 -3  3  1 -2  0 -3 -3  0 -3 -3  4 -1  1  0 -3 -2    5   5   3  11   0  17  10   1   2   1   2   5   0   1  19   3   9   1   0   3  0.38 0.22
   87 E   -1 -2  0  5 -2  0  5 -3  0 -4 -5 -1 -4 -5 -3  0 -2 -5 -3 -5    4   1   3  34   1   3  39   1   2   1   0   3   0   0   1   6   1   0   1   0  0.93 0.41
   88 C   -2 -5 -3 -5 10 -5 -5 -4 -5 -3 -3 -5 -4 -5 -3  3  0 -4 -4  0    2   0   1   0  56   0   0   0   0   1   2   0   0   0   1  23   4   0   1   8  1.83 0.63
   89 E   -4 -2 -4 -1 -7 -1  8 -5 -4 -4 -6 -1 -5 -6 -5 -3 -4 -6 -5 -6    0   1   0   1   0   1  93   0   0   1   0   2   0   0   0   0   0   0   0   0  2.17 0.77
   90 S    6 -2  0  1 -3 -2 -1 -1 -2 -3 -3 -1 -3 -5 -3 -1 -2 -5 -4 -2   69   2   4   7   0   1   3   2   1   1   1   3   0   0   0   2   2   0   0   2  0.90 0.45
   91 A    6 -3 -3 -3 -3 -3 -3  2 -4 -4 -3 -1 -3 -4 -2  0 -1 -5 -4 -2   69   1   1   1   0   0   0  13   0   0   2   3   0   0   1   3   3   0   0   1  1.01 0.48
   92 I   -3 -5 -6 -6 -4 -5 -5 -6 -6  6  1 -5  0 -2 -5 -4 -2 -5 -4  4    1   0   0   0   0   0   0   0   0  52   9   0   1   0   0   0   1   0   0  35  1.27 0.49
   93 N   -5 -4  9 -2 -6 -2 -4 -4 -3 -7 -7 -3 -6 -7 -6 -1 -3 -7 -6 -6    0   0  94   1   0   1   0   0   0   0   0   0   0   0   0   3   1   0   0   0  2.58 0.84
   94 E   -2  4  1  0  1  0  2 -2  1 -3 -4  3 -3 -5 -2  0 -1 -5 -4 -4    2  28   5   5   4   2  14   2   3   1   0  20   0   0   2   8   3   0   0   0  0.49 0.28
   95 Q   -4 -1 -3 -4 -6  8 -2 -5  4 -3  1 -2  2 -5 -5 -4 -3 -5 -3 -3    0   2   1   0   0  66   0   0  11   1  13   0   4   0   0   0   1   0   0   1  1.55 0.66
   96 I   -1 -6 -6 -6 -4 -6 -6 -6 -6  7 -1 -6 -1 -2 -6 -4 -4 -6 -4  3    6   0   0   0   0   0   0   0   0  75   1   0   1   1   0   0   0   0   0  17  1.63 0.60
   97 N   -3 -2  8 -1 -1  0 -3 -4  0 -5 -6 -3 -5 -6 -5  0 -1 -6 -4 -6    1   1  79   1   1   3   0   0   2   1   0   1   0   0   0   5   4   0   0   0  1.88 0.68
   98 V   -3 -2 -5 -5 -4 -3 -4 -4 -3  1  4 -3  5 -2 -5 -4 -2 -4 -3  2    1   2   0   0   0   1   1   1   1   6  50   2  17   0   0   0   1   0   0  17  0.86 0.39
   99 E   -4 -2 -3 -1 -6  2  7 -5  2 -6 -4 -1 -5 -4 -4 -3 -3 -5 -1 -5    0   1   0   1   0   6  79   0   4   0   2   3   0   1   0   0   1   0   2   0  1.66 0.65
  100 Y   -4 -4 -6 -6 -4 -4 -5 -6 -1 -1  6 -5  1  1 -6 -5 -4 -3  4 -2    0   0   0   0   0   1   0   0   1   1  75   0   2   4   0   0   0   0  14   0  1.30 0.53
  101 N   -3  0  3 -3 -2  1 -3 -4  5 -4 -4 -1 -4  1 -5 -2 -1 -1  7 -4    1   5  15   1   1   6   0   1  12   0   0   3   0   4   0   2   3   0  44   0  1.07 0.47
  102 A    6 -4 -2 -4 -1 -4 -4 -3 -4 -2 -3 -4 -2 -5 -4 -1 -1 -5 -3  1   78   0   1   1   1   0   0   0   0   2   1   0   1   0   0   2   3   0   1   9  1.25 0.56
  103 S   -1 -4 -2 -4  1 -3 -3 -2  0 -5 -5 -3 -1 -3 -4  7 -2 -6 -1 -5    3   0   1   0   3   0   1   2   2   0   0   0   1   1   0  83   1   0   2   0  1.52 0.67
  104 Y   -5 -5 -4 -6  0 -3 -5 -6  2 -5 -3 -5 -4  1 -6 -3 -5 -2  9 -5    0   0   1   0   2   1   0   0   4   0   2   0   0   2   0   2   0   0  85   0  2.57 0.82
  105 V    0 -4 -3 -2 -2  1 -3 -5 -4  1 -1 -3 -1 -3 -3 -2  2 -5 -4  5    6   0   0   2   1   8   1   0   0   5   3   0   1   0   1   2  16   0   0  55  0.77 0.41
  106 Y   -4 -6 -6 -5  2 -5 -6 -7 -1 -5 -5 -6 -5  0 -7 -5 -5 -2 10 -5    2   0   0   1   4   0   0   0   1   0   0   0   0   1   0   0   0   0  91   0  2.92 0.91
  107 H   -3 -3 -4 -5 -4  0 -3 -6  5 -1  5 -4  4 -2 -5 -4 -1 -4 -2 -2    1   1   0   0   0   4   1   0  16   0  60   0   9   1   0   0   4   0   1   1  1.01 0.47
  108 S    3 -3 -2 -4 -2 -3 -3 -3 -4 -5 -4 -3 -4 -4 -3  6 -1 -6 -5 -4   27   1   1   0   1   1   0   0   0   0   1   0   0   1   1  66   1   0   0   0  1.29 0.60
  109 L   -4 -5 -6 -7 -5 -4 -6 -5 -5 -2  3 -5 10  0 -6 -5 -2 -5 -4 -1    0   0   0   0   0   0   0   1   0   1  20   0  69   3   0   0   2   0   0   3  2.11 0.75
  110 F    4 -4 -2 -4 -3 -3 -3  2 -1 -4 -3 -3 -3  2 -3  3 -2  1  2 -3   43   0   1   0   0   0   0  12   1   0   1   0   0   9   1  21   1   2   7   1  0.66 0.38
  111 A    2 -4 -3 -4  0 -3 -4 -4  1 -2 -3 -4 -1  5 -5 -1 -1 -1  6 -2   20   0   1   0   2   1   0   0   3   1   1   0   1  26   0   5   4   0  31   2  0.92 0.43
  112 Y   -5 -4 -3 -6 -1 -5 -5 -6  5 -5 -5 -5 -5  2 -6 -4 -4  0  9 -5    0   1   1   0   1   0   0   0  14   0   0   0   0   7   0   1   1   1  73   0  2.36 0.78
  113 F   -4 -6 -7 -7 -6 -7 -7 -7 -5 -3 -1 -7 -4  9 -7 -5 -6 -3  1 -4    1   0   0   0   0   0   0   0   0   1   4   0   0  90   0   0   0   0   3   0  2.67 0.82
  114 D   -3 -5  2  8 -6 -2 -1 -1 -2 -6 -7 -3 -6 -6 -5 -1 -4 -7 -4 -6    2   0   7  77   0   1   2   4   1   0   0   1   0   0   0   5   0   0   0   0  1.80 0.65
  115 R   -5  8 -2 -5  1  1 -3 -5  1 -7 -6 -1 -5 -6 -3 -3 -5 -6 -5 -6    0  84   1   0   3   5   0   1   3   0   0   0   0   0   1   1   0   0   0   0  2.09 0.75
  116 D   -2 -5  0  8 -3 -4  0 -3  1 -6 -6 -4 -6 -7 -5 -2 -3 -7 -6 -6    3   0   3  80   1   0   4   2   3   0   1   0   0   0   0   3   1   0   0   0  1.93 0.69
  117 N   -5 -5  4  8 -7 -2 -1 -4 -3 -7 -7 -4 -6 -7 -5 -2 -2 -8 -5 -7    0   0  15  78   0   1   1   0   0   0   0   0   0   0   0   1   2   0   0   0  2.05 0.72
  118 V   -2 -6 -6 -6 -4 -3 -6 -4 -6  2 -2 -4 -1 -4 -6 -4 -3 -6 -5  7    3   0   0   0   0   1   0   1   0   8   1   1   1   0   0   0   0   0   0  83  1.66 0.65
  119 A    7 -5 -3 -4 -2 -4 -4 -1 -3 -5 -5 -4 -4 -6 -4  0 -2 -6 -3 -4   85   0   1   0   0   0   0   4   1   0   0   0   0   0   0   7   1   0   1   0  1.61 0.68
  120 L   -5 -4 -6 -7 -5 -3 -5 -5 -6 -2  6 -6  0  0 -6 -2 -4 -1 -4 -3    0   1   0   0   0   1   1   1   0   0  89   0   1   3   0   3   0   1   0   0  1.62 0.64
  121 K   -2  0 -1 -2 -4 -1  1 -3  1 -5 -5  5 -3 -6  5 -1 -3 -6 -3 -5    2   3   2   1   0   1  11   2   3   0   0  43   0   0  27   3   1   0   1   0  1.00 0.47
  122 G   -4 -3  5 -2 -6 -3 -4  5  5 -6 -6 -1 -5 -6 -3 -2 -4 -6 -5 -6    0   1  29   1   0   1   0  50  13   0   0   4   0   0   1   1   0   0   0   0  1.36 0.55
  123 F   -2 -6 -6 -6 -5 -6 -6 -6 -3  0  1 -6  1  8 -6 -4 -4 -3  0  1    3   0   0   0   0   0   0   0   1   4  15   0   3  60   0   1   0   0   1  11  1.47 0.56
  124 A    5 -3 -3 -2 -1 -1 -2  0  2 -3 -4 -1 -3  0 -3  2 -1 -5  0 -2   52   1   0   1   1   2   1   5   6   0   0   4   0   4   0  15   3   0   3   1  0.66 0.39
  125 R   -1  3 -2 -2 -2  1  1 -2  4 -5 -5  6 -3 -5 -3 -1 -2 -6 -4 -5    4  13   1   2   1   6   7   2  11   0   0  49   1   0   0   3   1   0   0   0  0.95 0.45
  126 F   -6 -6 -6 -7  0 -6 -6 -7  0 -4 -2 -6 -4  8 -7 -5 -5 -2  6 -4    0   0   0   0   2   0   0   0   2   0   2   0   0  61   0   0   0   0  31   1  2.20 0.74
  127 F   -6 -7 -7 -7 -3 -7 -7 -7 -5 -4 -2 -7 -4  9 -8 -5 -6 -3  0 -5    0   0   0   0   1   0   0   0   0   0   2   0   0  96   0   1   0   0   1   0  2.99 0.91
  128 K   -3  3 -2 -4 -2 -1 -2 -5  0 -2  3  4 -1 -4 -4 -3 -3 -5 -3 -3    1  16   1   0   1   2   1   0   2   0  38  33   1   0   0   1   0   0   0   0  0.75 0.41
  129 E   -2  2  0  0 -2  1  4 -3  6 -5 -3  3 -4 -5 -4 -1 -2 -5 -3 -4    2  11   3   3   1   4  28   2  20   0   2  20   0   0   0   2   1   0   0   1  0.74 0.38
  130 S    2  1 -1 -3  1  5  0 -3 -1 -3  0  0 -1 -4 -4  2 -2 -5 -4 -3   15   6   3   0   3  32   3   1   1   1  12   3   2   0   0  17   0   0   0   0  0.53 0.36
  131 S    2 -4 -3 -4  0 -4 -4 -3 -5 -6 -5 -4 -5 -4 -3  7 -2 -3 -5 -4   12   0   0   0   2   0   0   0   0   0   1   0   0   1   1  82   0   0   0   0  1.66 0.74
  132 E   -2  0 -2  3 -1  1  3 -4  7 -4 -1  0 -2 -5 -1 -2 -3 -3 -2 -3    2   5   0  17   2   5  22   0  28   0   6   6   1   0   3   2   0   0   0   1  0.76 0.39
  133 E   -3 -3 -2 -1 -7  0  7 -4 -4 -3 -6  1 -5 -7 -5 -3 -4 -7 -5 -5    1   1   1   2   0   2  80   1   0   1   0   8   0   0   0   1   1   0   0   1  1.79 0.72
  134 E   -4 -2 -4 -2  0 -1  7 -5  2 -6 -6  3 -5 -6 -5 -4 -4 -6 -5 -5    0   1   0   0   2   1  72   1   5   0   0  17   0   0   0   0   0   0   0   0  1.68 0.69
  135 R   -4  8 -2 -5 -4  0 -3 -4  0 -3 -4  1 -1 -5 -5 -2 -1 -1 -3 -5    0  75   2   0   0   2   0   1   2   1   2   5   2   0   0   2   3   1   1   0  1.66 0.66
  136 E   -1 -2 -3  0 -7  0  7 -1 -3 -6 -6  0 -3 -6 -4 -2 -2 -6 -4 -5    4   1   1   4   0   3  72   6   0   0   0   4   0   0   0   2   2   0   0   0  1.44 0.62
  137 H   -4  0 -3 -3 -2  0 -4  0 10 -7 -6 -4 -5 -2 -5 -2 -4 -6 -3 -7    1   5   0   1   1   3   0   6  76   0   0   1   0   2   0   2   1   0   0   0  2.47 0.84
  138 A    7 -5 -5 -4 -4 -5 -5 -3 -5 -3 -4 -4 -5 -6 -3 -2 -3 -6 -3 -2   92   0   0   0   0   0   0   1   0   1   0   0   0   0   1   1   1   0   1   2  1.85 0.75
  139 E   -4 -1 -2 -1 -5  3  7 -5  0 -3 -6 -1  0 -6 -5 -3 -3 -6 -5 -4    0   2   2   2   0  14  70   0   2   1   0   3   3   0   0   0   1   0   0   1  1.52 0.65
  140 K   -3  2 -2 -3 -1 -1  0 -4 -1 -4 -2  6  2 -5 -4 -2 -1 -6 -3 -4    1  10   1   1   1   2   6   1   1   0   5  59   6   0   0   2   3   0   0   1  1.01 0.49
  141 L   -5 -6 -7 -7 -5 -5 -6 -7 -6  0  6 -6  1  3 -5 -6 -4  0 -3 -2    0   0   0   0   0   0   0   0   0   3  79   0   2  12   0   0   0   1   0   1  1.52 0.60
  142 M   -2 -4 -6 -7 -5 -3 -5 -6 -2  1  2 -4  9 -4 -6 -5 -4 -5 -5 -1    3   0   0   0   0   1   0   0   1   8  18   0  64   0   0   0   0   0   0   3  1.94 0.74
  143 K   -2  2 -1  0 -4  1  2 -4  1 -5 -5  5 -2 -2 -4  0 -1 -1 -4 -4    1  11   2   5   0   6  15   0   3   0   0  43   1   2   0   5   4   1   0   0  0.73 0.39
  144 Y   -5 -5 -6 -6 -3 -3 -5 -6 -1 -2  4 -5  3  3 -6 -5 -3 -2  7 -3    0   0   0   0   0   1   0   0   1   1  37   0   7   9   0   0   1   0  42   0  1.38 0.57
  145 Q   -5 -3 -4 -5 -7  9 -2 -6 -1 -5 -3 -3  1 -7 -6 -4 -5 -6 -6 -4    0   1   0   0   0  90   0   0   1   0   3   0   3   0   0   0   0   0   0   1  2.54 0.96
  146 N   -3 -4  8 -3 -2 -4 -4 -4 -2 -4 -6 -2 -6 -7 -6 -2  0 -8 -6 -5    2   0  87   0   1   0   0   0   1   1   0   1   0   0   0   1   5   0   0   0  2.32 0.84
  147 T   -4  1 -3 -2 -3  6  0 -4 -2 -2 -1  4  1 -5 -3 -2 -1 -3 -4 -3    0   6   0   1   1  36   3   0   0   2   7  32   4   0   1   1   4   0   0   1  0.87 0.47
  148 R   -5  8 -4 -6 -2 -1 -4 -5  2 -7 -5 -2 -5 -7 -6 -5 -5 -7 -5 -7    0  91   0   0   1   1   0   1   4   0   1   0   0   0   0   0   0   0   0   0  2.49 0.88
  149 G   -3 -6 -4 -4 -6 -6 -6  7 -6 -7 -7 -5 -3 -7 -6 -2 -5 -6 -7 -4    0   0   0   0   0   0   0  94   0   0   0   0   1   0   0   3   0   0   0   1  2.35 0.79
  150 G   -2 -6 -4 -4 -6 -5 -4  7 -6 -8 -8 -5 -7 -7 -6 -3 -5 -6 -7 -7    1   0   0   1   0   0   1  95   0   0   0   0   0   0   0   2   0   0   0   0  2.40 0.80
  151 R   -4  7 -2 -4  1 -1 -3 -5  2 -6 -3  1 -5 -4 -2 -2 -4 -2 -5 -6    0  72   1   1   3   2   1   0   4   0   3   7   0   1   2   3   1   1   0   0  1.60 0.64
  152 V    0 -5 -4 -6 -4 -5 -5 -6 -6  6  0 -5  0 -2 -4 -3 -2 -5 -4  5    6   0   1   0   0   0   0   0   0  44   6   0   1   1   1   1   1   0   0  39  1.14 0.49
  153 V   -2  0 -3 -3  4 -1 -2 -4  0  1  0  1 -1  3 -3 -1 -1 -3  0  3    1   6   1   1   9   3   3   0   2   5   9  10   0  15   0   4   2   0   2  27  0.29 0.23
  154 L   -4 -5 -6 -6 -3 -5 -6 -6 -5 -1  6 -5  0  4 -6 -5 -4 -4  2 -2    1   0   0   0   0   0   0   0   0   1  73   0   1  16   0   0   0   0   6   1  1.39 0.56
  155 H   -3  2 -1 -2 -1  6 -1 -3  4 -5 -2  1  0 -2 -1  0 -2 -5 -4 -5    1   9   2   1   1  47   2   2  10   0   4   6   2   2   3   6   2   0   0   0  0.88 0.47
  156 P   -1 -3  1  7 -4 -2 -1 -3 -1 -6 -6 -3 -5 -6  2  1 -2 -6 -5 -5    6   1   4  60   0   1   1   1   1   0   0   0   0   0  10  12   2   0   0   0  1.26 0.53
  157 I   -4 -6 -6 -6 -4 -6 -6 -7 -6  7  1 -6  0 -3 -6 -5 -2 -6 -4  3    0   0   0   0   0   0   0   0   0  67  10   0   2   0   0   0   1   0   0  19  1.56 0.58
  158 K    0  2 -1 -2 -3  2  0 -2 -1 -2 -1  4  0 -4  0 -1 -1 -3 -3 -1    9  11   1   1   0  12   4   2   1   1   6  33   3   0   5   3   2   0   0   5  0.40 0.26
  159 N    0  1  0 -3 -2 -1  0 -3 -3 -4 -3  6  2 -5 -1 -1 -2 -5 -4 -2    9   6   3   1   1   1   4   1   0   0   1  55   6   0   2   4   2   0   0   2  0.85 0.43
  160 V   -3 -5 -5 -5 -6 -5 -5 -4 -6 -6 -5 -5 -6 -7  9 -3 -4 -7 -6 -4    2   0   0   0   0   0   0   1   0   0   1   0   0   0  90   1   1   0   0   1  2.82 0.88
  161 P    0 -1  0  1  0  0  1 -1 -1 -1  0  0 -1 -1  2  0  0 -1 -1 -1    9   3   3   9   2   5  12   5   1   4  10   4   2   2  12   6   4   1   2   5  0.10 0.03
  162 S    0  1  0 -1  1  1  0 -1 -1 -1  0  0  0 -1  1  1  1 -1 -1  0    6   9   2   3   3   6   5   5   1   3   7   4   4   2   6  14  12   1   2   5  0.06 0.04
  163 E   -1  0  0  2  1  2  3 -1  0 -2 -1  0 -1 -2 -1  0 -1 -1 -1 -1    4   4   3  13   3  12  22   4   2   3   5   5   1   2   3   4   3   1   2   3  0.20 0.07
  164 F    0  0  0  0 -1  0 -1  0  0 -1  0 -1  0  3  0  0  0  0  2 -1    6   4   3   4   1   3   4   8   2   3   8   4   2  19   4   6   5   1   7   5  0.06 0.03
  165 E   -1 -2  0  5 -3  0  3 -1 -1 -3 -3 -1 -2 -2 -1  1 -1 -1 -2 -2    4   2   4  34   1   3  21   3   1   2   3   2   1   2   2   9   3   1   1   2  0.50 0.21
  166 H   -2  4  1 -1 -1  2 -1 -1  5 -3 -1  1 -1 -1 -2 -1 -2 -2 -1 -2    2  25   5   2   1  10   3   5  17   1   5  10   1   2   1   3   2   0   2   2  0.41 0.19
  167 V    0 -2  1  5 -2 -1  0 -2  0 -2 -2 -1 -2 -2  1  0  0 -1 -1 -1    7   1   7  39   1   2   4   3   2   1   3   2   1   2   7   6   4   1   2   6  0.43 0.19
  168 E   -2 -2  0  4 -3  0  5 -3 -1 -3 -4 -1 -4 -4 -3  0 -2 -4 -4 -4    2   1   4  27   1   3  44   1   1   1   1   2   0   0   1   7   2   0   0   1  0.91 0.39
  169 K   -5 -3 -2 -6 -2 -4 -4 -5 -5 -5 -3  3 -5 -2 -6 -3 -3 12 -2 -4    0   1   2   0   1   0   1   0   0   0   2  17   0   2   0   2   2  67   0   1  2.91 0.86
  170 G   -1 -2 -1 -1 -5 -1  4  5  0 -4 -4 -1 -4 -3 -3  0 -3 -5 -4 -4    3   2   3   2   0   2  27  45   2   1   1   3   0   1   1   5   1   0   0   1  0.80 0.38
  171 D   -2 -3  3  4  0 -2 -1  0 -3 -5 -5  0 -4 -5 -4  4  1 -5 -4 -4    1   0  16  22   2   0   2   7   0   0   0   6   0   0   0  34   9   0   0   1  0.71 0.39
  172 A    3 -1 -3 -4  0 -3 -4  5 -3 -3 -3 -3 -4 -5  1 -1  1 -5 -4 -3   26   3   0   0   2   0   0  43   0   1   3   1   0   0   6   3   9   0   0   1  0.76 0.38
  173 L   -3 -3 -4 -5 -4  1 -3 -6 -3  0  5 -3  1 -1 -3 -4 -3 -3 -3  0    1   1   1   0   0   6   1   0   1   3  71   2   2   1   2   1   1   0   0   5  1.00 0.46
  174 Y   -1  0  2  3 -5  1  3 -2  2 -4 -3  1 -2 -3 -3 -1 -2 -3  3 -3    3   3  12  17   0   7  18   1   4   1   1  10   1   0   0   3   2   0  14   2  0.45 0.28
  175 A    7 -5 -5 -5 -4 -4 -4 -2 -5 -5 -4 -4 -4 -5 -4 -1 -1 -6 -5 -2   88   0   0   0   0   0   1   1   0   0   1   0   0   0   0   3   4   0   0   2  1.71 0.70
  176 M   -4 -4 -5 -6 -5 -4 -5 -6 -1  0  2 -5 10  1 -6 -5 -2 -5 -4 -1    0   1   0   0   0   0   0   0   1   3  15   0  68   4   0   0   2   0   0   2  2.04 0.74
  177 E   -3 -1 -2 -1 -4  4  6 -5 -3 -6 -5  1 -2 -4 -4 -2 -2 -2 -5 -5    1   2   1   1   0  16  62   0   0   0   1   8   1   1   0   1   2   1   0   0  1.31 0.57
  178 L    2 -3 -3  0  7 -3 -2 -3  0 -2  1 -3 -1  0 -4 -1  0 -4 -1 -1   17   1   1   5  29   1   3   1   3   1  17   1   1   4   0   4   6   0   2   3  0.58 0.31
  179 A    7 -5 -5 -5 -4 -4 -4 -2 -3 -4 -4 -4 -4 -5 -4  0 -1 -6 -5 -2   85   0   0   0   0   0   0   2   1   1   1   0   0   0   0   6   3   0   0   1  1.59 0.67
  180 L   -4 -5 -6 -6 -4 -5 -5 -6 -4  0  6 -5  1  2 -5 -3 -4 -4 -3 -2    0   0   0   0   0   0   0   0   0   2  80   0   3   9   0   2   0   0   0   1  1.42 0.56
  181 S    1 -1  1  0 -1  2  0 -2  6 -3 -2  0 -2 -2 -3  2 -1 -4 -1 -2   12   2   7   6   2  12   5   2  22   1   3   4   0   1   0  15   2   0   1   3  0.42 0.28
  182 L   -4 -5 -6 -6 -3 -5 -6 -6 -4  0  6 -5  4 -2 -6 -4 -3 -1 -2 -1    1   0   0   0   0   0   0   0   0   3  79   0  10   1   0   1   1   1   1   3  1.43 0.57
  183 E   -2 -4 -4 -2 -7  0  8 -4 -4 -6 -6 -2 -2 -6 -3 -4 -4 -6 -5 -5    3   0   0   0   0   3  88   1   0   0   0   1   1   0   1   0   0   0   0   1  2.05 0.78
  184 K   -4  1 -2 -4 -6 -1 -2 -5 -3 -4 -3  7  1 -6 -4 -3 -4 -6 -5 -4    0   6   1   0   0   1   1   0   0   1   3  79   4   0   0   1   0   0   0   1  1.65 0.66
  185 L   -1 -1  3  0  1  0  0 -2  1 -2  1  1 -1 -2 -3  2  1 -4 -1 -2    4   3  19   3   3   2   7   1   3   1  15   8   1   1   0  18   7   0   2   1  0.20 0.19
  186 V   -3 -5  0 -5 -3 -4 -4 -5 -5  2  1 -4 -1 -2 -5 -3  1 -5 -3  6    1   0   6   0   0   0   1   0   0   9  11   0   1   1   0   1   8   0   1  60  0.96 0.45
  187 N   -5 -4  8 -2 -6 -2 -4 -4 -1 -4 -5 -3 -5  0 -5 -2 -2 -1 -1 -6    0   0  81   1   0   1   0   0   1   1   1   1   0   4   0   2   2   1   3   0  2.02 0.74
  188 E   -2 -1 -2 -1 -6  7  3 -5 -1 -5 -4  0 -1 -6 -4 -2 -2 -5 -2 -5    3   1   1   3   0  61  16   0   1   0   1   5   1   0   0   1   2   0   1   0  1.39 0.62
  189 K    2 -1 -1 -3 -2 -2 -2 -2  0 -5 -5  3 -3 -5 -4  5 -1 -3 -4 -4   18   2   1   0   1   1   1   2   3   0   0  16   1   0   0  52   1   0   0   0  0.89 0.49
  190 L   -4 -5 -6 -7 -4 -5 -6 -7 -6 -1  6 -5  1 -1 -3 -5 -4 -5 -3 -2    1   0   0   0   0   0   0   0   0   2  90   0   2   1   2   0   0   0   1   1  1.65 0.64
  191 R   -4 -2 -6 -6 -2 -2 -4 -6 -1 -1  6 -5  0 -2 -5 -5 -3 -4 -4 -1    1   2   0   0   1   2   1   0   2   1  85   0   1   1   0   0   1   0   0   2  1.42 0.58
  192 S   -1 -2  3  5 -5 -1  4 -3  1 -4 -4 -1 -4 -5 -4 -2 -3 -5 -3 -4    6   1  13  39   0   2  27   1   3   1   1   4   0   0   0   2   1   0   1   1  0.93 0.43
  193 V   -4 -4 -6 -6 -2 -5 -6 -6 -6 -1  6 -5  1 -2 -6 -5 -3 -5 -4  1    0   0   0   0   1   0   0   0   0   1  83   0   2   1   0   0   1   0   0  10  1.47 0.59
  194 H   -4  0 -2 -3 -1 -2 -4 -4 10 -6 -6 -4 -5 -5 -6 -5 -5  0  2 -4    1   4   1   1   2   1   0   1  80   0   0   0   0   0   0   0   0   1   5   1  2.71 0.88
  195 S    1  2  0 -1 -1  3  1  0  1 -4 -4  4 -2 -4 -3  1 -1 -4 -3 -2   16   8   4   1   1  13   8   6   3   0   0  26   0   0   0   8   2   0   0   2  0.39 0.26
  196 V   -2 -3 -5 -6 -4 -4 -5 -5 -5  2  4 -3  1 -2 -5 -4 -1 -4 -3  3    3   1   0   0   0   0   0   0   0  10  51   1   2   0   0   0   4   0   0  26  0.83 0.40
  197 A    7 -3 -5 -3 -1 -4 -4  1 -5 -5 -5 -4 -4 -6 -4 -2 -2 -6 -5 -3   84   1   0   1   1   0   0   9   0   0   0   0   0   0   0   1   1   0   0   1  1.58 0.69
  198 D   -1 -2  0  2  0 -1  1  0 -2 -3 -3 -1 -2 -4 -3  3  4 -5 -4 -2    4   1   4  12   2   1   7   7   1   1   1   3   1   0   0  24  31   0   0   2  0.48 0.33
  199 R    0  1  0  4 -4  1  2 -1  0 -4 -4  2 -3 -5 -3  0  0 -5 -3 -3    9   7   4  25   0   4  15   3   2   0   1  17   0   0   0   7   4   0   1   1  0.46 0.27
  200 N   -2  2  3 -2  1 -1  0 -3  6 -4 -5  4 -2 -5 -4 -1 -3 -5 -2 -4    2  10  15   1   4   2   4   1  22   0   0  34   1   0   0   3   0   0   1   0  0.86 0.44
  201 K   -1 -1  6  0 -5 -2 -1  3 -1 -5 -5 -1 -2 -3 -4  1  0 -5 -4 -3    4   4  40   4   0   1   3  21   1   0   0   4   1   1   0  10   5   0   0   1  0.74 0.39
  202 D   -5 -4 -2  8 -7 -4 -2 -3 -3 -7 -7 -4 -7 -7 -5 -4 -5 -8 -7 -7    1   1   1  94   0   0   1   1   1   0   0   0   0   0   0   0   0   0   0   0  2.61 0.89
  203 P    2 -5 -4 -4 -5 -4 -2 -4 -3 -4 -2 -4 -3 -4  7 -1 -2 -6 -4  0   20   0   0   0   0   0   2   1   1   0   4   0   0   0  57   4   3   0   0   6  1.45 0.59
  204 Q   -2 -1  1 -3 -6  5 -2 -4  9 -4 -6 -3 -5 -5 -4 -3 -4 -6 -2 -6    3   3   7   1   0  31   2   1  50   1   0   0   0   0   1   2   0   0   1   0  1.82 0.72
  205 L   -3 -2 -6 -6 -4 -4 -6 -6 -5 -1  6 -5  5  1 -6 -5 -3 -3 -4 -2    1   2   0   0   0   0   0   0   0   2  73   0  14   5   0   0   1   0   0   1  1.34 0.57
  206 A    0 -2 -4 -6 10  0 -5 -4 -2 -4 -4 -5  0 -5 -3  0  1 -3 -4 -3    8   2   0   0  58   5   0   1   1   0   1   0   3   0   1   6  10   0   1   1  1.80 0.67
  207 D   -4 -3  1  8 -4 -2 -1 -3  3 -6 -7 -3 -6 -6 -3 -2 -4 -7 -2 -6    1   1   5  77   0   1   1   1   7   0   0   1   0   0   1   1   0   0   1   0  1.87 0.71
  208 F   -6 -6 -6 -7 -6 -6 -5 -7 -2 -4 -2 -6 -2  9 -7 -4 -6  1  3 -4    0   0   0   0   0   0   0   0   1   0   2   0   1  85   0   1   0   1   7   0  2.52 0.83
  209 I   -4 -5 -6 -6 -4 -5 -5 -6 -5  5  5 -5  0 -2 -5 -4 -2 -5 -4  1    0   0   0   0   0   0   0   0   0  34  52   0   1   1   0   1   2   0   0   8  1.15 0.48
  210 E   -2 -3 -3 -1 -7 -1  7 -3 -4 -6 -6  0 -5 -3 -4 -3 -3 -6 -5 -6    2   0   0   1   0   1  86   2   0   0   0   4   0   1   0   0   1   0   0   0  1.90 0.76
  211 S   -1 -1  1  0 -3  0  0  1 -1 -3 -4 -1 -3 -4 -3  3  4 -2 -4 -3    4   3   6   5   0   3   5  10   1   1   0   2   0   0   1  29  30   0   0   0  0.52 0.34
  212 E   -4 -1  2  0 -4 -1  4 -3  8 -6 -6 -2 -5 -5 -4 -3 -2 -5 -1 -5    1   3  11   5   0   1  28   2  43   0   0   2   0   0   0   0   2   0   2   0  1.36 0.57
  213 F   -5 -5 -6 -6  0 -5 -6 -6  1 -4 -1 -5  1  7 -6 -4 -5 -2  7 -4    0   0   0   0   2   0   0   0   2   0   6   0   3  43   0   1   0   0  42   0  1.85 0.67
  214 L   -5 -5 -6 -7 -5 -5 -6 -7 -3 -1  6 -6  0 -2 -4 -6 -4 -5 -4 -2    0   0   0   0   0   0   0   0   1   0  93   0   2   0   1   0   0   0   0   1  1.79 0.68
  215 S   -1 -1  3  3 -4  2  1  0  4 -3 -4  0 -3 -4 -3  0  0 -5 -2 -3    4   2  16  21   0  10  10   5  12   1   1   5   0   0   0   5   6   0   1   1  0.46 0.27
  216 E   -4 -3 -2  2 -6  2  7 -5 -1 -5 -6  0 -3 -6 -3 -2 -2 -6 -5 -5    0   0   1   8   0   9  70   0   1   0   0   4   1   0   1   1   1   0   0   0  1.48 0.63
  217 Q   -4 -1 -4 -4 -4  8  1 -4 -3 -6 -6 -2 -4 -7 -3 -1 -4 -6 -5 -6    0   2   0   0   0  83   8   1   0   0   0   1   0   0   1   4   0   0   0   0  2.20 0.86
  218 V   -1 -6 -6 -6 -4 -5 -2 -6  0  0 -3 -5 -1 -4 -5 -4 -2 -6 -4  7    4   0   0   0   0   0   2   0   2   1   0   0   1   0   0   1   1   0   0  86  1.70 0.69
  219 E   -2  0 -1  3 -6  2  4 -3  0 -5 -5  5 -4 -6 -4 -2 -2 -6 -4 -5    2   3   1  15   0   7  31   1   2   0   0  38   0   0   0   0   1   0   0   0  0.97 0.47
  220 A    3 -3 -2  0 -3 -3 -3 -1 -3 -1  0 -3 -2  1 -3  4  1 -4 -3 -1   31   0   1   5   0   0   0   3   0   3   8   0   0   6   0  31   8   0   0   3  0.45 0.33
  221 I   -4 -6 -4 -6 -4 -2 -6 -7 -6  7  0 -5  2 -3 -6 -5 -3 -6 -4  1    0   0   1   0   0   2   0   0   0  79   4   0   4   0   0   0   1   0   0   7  1.72 0.65
  222 K   -4  0  1 -4 -7 -1 -1 -5 -3 -6 -6  8 -5 -6 -5 -3 -3 -6 -4 -6    1   3   5   0   0   1   2   0   0   0   0  86   0   0   0   0   1   0   0   0  1.94 0.75
  223 K   -3 -1 -3 -2 -3  2  5 -4 -3 -3 -4  5 -2 -6 -4 -2 -1 -6 -5 -3    1   1   0   0   1   9  45   0   0   1   1  32   1   0   0   1   4   0   0   1  1.05 0.52
  224 I   -2 -5 -5 -6 -4 -4 -5 -6 -3  4  4 -5  3  1 -5 -4 -3 -4 -2  1    3   0   0   0   0   0   0   0   1  25  50   0   8   5   0   1   0   0   0   6  0.93 0.42
  225 S    3 -3 -3 -2 -3 -4 -3  5 -4 -5 -5 -2 -4 -5 -4  3 -2 -5 -5 -4   24   1   0   1   0   0   1  46   0   0   0   1   0   0   0  25   0   0   0   1  1.04 0.49
  226 E   -4 -2  1  6 -2 -2  2  2  0 -5 -6 -1 -5 -6 -4 -2 -3 -6 -5 -4    0   2   5  54   1   0  15  14   2   0   0   3   0   0   0   1   1   0   0   1  1.14 0.49
  227 Y   -5 -3 -2 -5 -6 -2 -4 -6  8 -5 -2 -5  2  0 -6 -4 -5  1  7 -5    0   1   1   0   0   1   0   0  42   0   4   0   4   2   0   0   0   1  43   0  2.02 0.74
  228 V   -3 -5 -5 -6 -4 -3 -5 -5 -2  4  2 -5 -1 -3 -5 -4 -3 -5 -4  5    1   0   0   0   0   1   0   1   1  25  22   0   0   0   0   1   0   0   0  47  1.03 0.46
  229 A    2 -2 -2 -3 -4 -3 -4 -2 -2 -3 -4 -3 -4 -5 -4  2  6 -6 -5 -3   16   2   1   0   0   0   0   3   1   1   0   0   0   0   0  15  61   0   0   0  1.18 0.58
  230 Q   -4 -1  7 -1 -6  5 -1 -4 -2 -4 -6 -1 -4 -6 -5  0 -1 -6 -3 -5    0   2  55   2   0  25   2   0   0   1   0   2   0   0   0   7   3   0   1   0  1.38 0.61
  231 L   -3 -5 -6 -7 -4 -5 -6 -7 -6  1  6 -5  1 -3 -5 -5 -2 -5 -4 -1    2   0   0   0   0   0   0   0   0   4  88   0   2   0   0   0   2   0   0   2  1.54 0.61
  232 R   -3  6 -2 -3 -1  0  0 -3  2 -3 -3  3 -4 -5 -3  0 -1 -5 -3 -2    1  47   1   1   1   3   5   1   6   1   2  20   0   0   1   5   4   0   0   2  0.87 0.42
  233 M   -4  7 -2 -4 -6  0 -2 -5 -2 -5 -4  4 -1 -6 -5 -2 -3 -6 -5 -5    1  64   1   0   0   3   1   0   0   0   1  23   2   0   0   2   1   0   0   0  1.55 0.62
  234 V   -1 -5 -4 -6  2 -4 -5 -5 -5  1  2 -4  7 -3 -4 -4 -2 -5 -4  4    6   0   1   0   4   0   0   0   0   5  17   0  30   0   0   0   1   0   0  37  1.01 0.48
  235 G   -1 -5 -2 -1 -2  0 -3  7 -5 -6 -6 -2 -5 -6 -5 -3 -3 -4 -6 -6    5   0   1   3   1   4   2  81   0   0   0   2   0   0   0   0   2   0   0   0  1.68 0.61
  236 K    2 -1  2  0 -2 -1  0 -2 -3 -4 -4  2 -2 -5  2  2  1 -5 -4 -3   22   1   9   6   1   1   4   1   0   0   0  16   1   0  11  18   8   0   0   0  0.42 0.28
  237 G   -2 -5 -2 -2 -5 -2 -4  7 -5 -6 -6 -3 -5 -6  1 -1 -3 -6 -6 -6    1   0   2   2   0   1   0  78   0   0   0   1   0   0   8   4   1   0   0   0  1.63 0.60
  238 H   -4 -4 -3 -4 -4 -3 -3 -6  5 -1  5 -4  6 -3 -5 -4 -3 -4 -3  0    0   0   1   1   0   0   1   0  16   1  54   0  20   0   0   0   1   0   0   5  1.12 0.51
  239 G    4 -5 -4 -3 -4 -4 -4  6 -5 -5 -6 -4 -5 -6 -4 -2 -2 -6 -5 -4   37   0   0   1   0   0   0  60   0   0   0   0   0   0   0   0   1   0   0   1  1.46 0.58
  240 V   -2 -3 -4 -1 -5 -1  6 -3 -4 -2 -3 -2 -2 -5 -4 -3 -2 -6 -5  3    2   0   0   2   0   1  63   2   0   2   1   1   1   0   0   1   2   0   0  24  1.17 0.56
  241 W   -5 -5 -6 -5 -3 -5 -6 -6  0 -5 -5 -6 -5  2 -7 -4 -5  7  9 -4    0   0   0   0   1   0   0   0   2   0   0   0   0   6   0   1   0  16  72   1  2.54 0.83
  242 H   -3 -4 -4 -2 -4  1 -3 -5  5  1  5 -4  2 -1 -3 -4 -2 -4 -3 -1    1   0   0   2   0   7   1   0  16   6  55   0   5   2   1   0   1   0   0   3  0.80 0.41
  243 F   -6 -6 -6 -7 -6 -7 -7 -7 -5 -3 -2 -6 -3  9 -7 -5 -5  1  2 -3    0   0   0   0   0   0   0   0   0   1   2   0   0  89   0   1   0   1   5   1  2.55 0.80
  244 D   -5 -5 -1  8 -5 -3  1 -3 -2 -7 -7 -3 -6 -7 -5 -4 -4 -8 -6 -7    0   0   2  86   0   1   9   1   1   0   0   0   0   0   0   0   0   0   0   0  2.21 0.75
  245 Q   -4  3 -1 -4 -6  4 -2 -5  1 -5 -5  6 -2 -6 -4 -3 -3 -3 -4 -4    0  15   2   0   0  18   0   0   3   0   0  59   1   0   0   0   1   0   0   1  1.31 0.57
  246 S   -2 -2 -3 -2 -4 -1  2 -4  6 -2  3 -1  3 -1 -4 -2 -2 -4  1 -2    2   1   0   1   0   2  17   1  23   0  32   3   8   1   0   1   1   0   4   2  0.57 0.35
  247 L   -2 -4 -3 -4 -4 -4 -3 -5 -4 -2  3 -4  1 -3 -4  0  6 -5 -4 -2    1   0   0   0   0   0   1   0   0   1  31   0   2   1   0   7  55   0   0   1  1.02 0.52
  248 L   -3 -5 -6 -6 -4 -4 -4 -4 -5  0  6 -3  1 -1 -5 -4 -3 -4 -3 -2    2   0   0   0   0   0   1   1   0   1  87   1   3   1   0   1   0   0   0   0  1.35 0.53
  249 H   -1 -1  2 -1 -4  1  1  5  2 -5 -5  1 -4 -5 -3  1 -2 -4 -4 -4    1   2   9   2   0   5   8  43   6   0   0  12   0   0   0  11   1   0   0   0  0.64 0.30
  250 D   -2 -2  1  5 -5  0  4  2  3 -5 -5 -2 -4 -5 -3 -1 -2 -5 -4 -4    2   0   6  34   0   3  29  18   7   0   0   0   0   0   0   2   0   0   0   0  0.78 0.30
  251 G    0 -3 -1 -1 -3 -1  0  4 -2 -4 -4 -2  1 -4 -3  4 -1 -4 -4 -3    3   0   0   2   0   1   5  33   0   0   0   0   5   0   0  49   0   0   0   1  0.70 0.28
  252 H    0 -1  2  2 -3  1  2 -1  5 -3 -3 -1 -2 -3 -2  0 -1 -3  0 -2   10   0  11  15   0   8  19   4  21   0   0   1   0   0   0   2   3   0   2   3  0.36 0.12
  253 A    3 -2 -1  0 -2 -1  1  1 -1 -3 -3 -1 -2 -3  2  3  0 -3 -3 -1   31   0   1   2   0   0  11  12   1   0   0   0   0   0   8  32   0   0   0   2  0.34 0.09
  254 A    5 -2 -2 -2 -1 -1 -1 -1 -2 -2 -2 -1 -2 -3 -2  2  0 -3 -3 -1   86   0   0   0   0   0   0   0   0   0   0   0   0   0   0  14   0   0   0   0  0.65 0.12

                      K         Lambda
Standard Ungapped    0.1312     0.3153
Standard Gapped      0.0485     0.2670
PSI Ungapped         0.1586     0.3122
PSI Gapped           0.0485     0.2670
