
Last position-specific scoring matrix computed, weighted observed percentages rounded down, information per position, and relative weight of gapless real matches to pseudocounts
           A  R  N  D  C  Q  E  G  H  I  L  K  M  F  P  S  T  W  Y  V   A   R   N   D   C   Q   E   G   H   I   L   K   M   F   P   S   T   W   Y   V
    1 M   -2 -2 -3 -4 -2 -2 -3 -4 -3  2  3 -2  5  0 -3 -2 -1 -2 -1  1    0   0   0   0   0   0   0   0   0  13  36   0  51   0   0   0   0   0   0   0  0.46 0.07
    2 S    1  0  0 -1 -2  2  0 -1 -1 -2 -2  1  2 -3 -2  3  0 -3 -2 -2   11   0   0   0   0  17   0   0   0   0   0  12  13   0   0  47   0   0   0   0  0.31 0.09
    3 N   -1 -1  5  0 -3 -1 -1  2  3 -4 -4 -1 -3 -3  1  0  1 -4 -2 -3    0   0  52   0   0   0   0  19  10   0   0   0   0   0   8   0  11   0   0   0  0.57 0.11
    4 F   -3 -3 -1 -4 -3 -3 -3 -4 -1  1  3 -3  3  4 -4 -3 -2 -1  5 -1    0   0   4   0   0   0   0   0   0   7  36   0   9  18   0   0   0   0  25   0  0.54 0.17
    5 I   -2 -3 -3 -4 -2 -3 -2 -4 -3  4  2 -3  1  2 -1 -2  1 -3 -1  1    0   0   0   0   0   0   4   0   0  41  22   0   3  10   3   0  11   0   0   5  0.41 0.18
    6 L   -2 -4 -4 -5  2 -3 -4 -5 -3  4  4 -4  3  1 -4 -3 -2 -3  1  1    0   0   0   0   4   0   0   0   0  28  43   0  12   5   0   0   0   0   4   4  0.60 0.22
    7 K   -2  2  1 -2 -4  2  0  0  1 -4 -4  5 -3 -3 -2  0 -2 -3  0 -3    0   8   7   0   0   7   3   6   3   0   0  56   0   0   0   5   0   0   4   0  0.62 0.24
    8 P   -1 -1  4  0  2 -1  1 -1 -2 -3 -4 -1 -3 -1  5  1  0 -4 -3 -3    4   3  25   3   5   0   8   4   0   0   0   0   0   4  28   9   7   0   0   0  0.54 0.19
    9 G   -1 -1  0 -1 -4 -1 -2  4 -2 -2 -4  4 -3 -4 -3  2 -2 -4  0 -4    0   0   4   3   0   0   0  34   0   2   0  35   0   0   0  18   0   0   4   0  0.60 0.27
   10 E    0  0  1  0 -3  2  4 -2  1 -1 -3  1 -2 -4 -2  0 -2 -4 -3  1    9   3   6   2   0   9  36   2   3   4   0   9   0   0   0   4   0   0   0  13  0.33 0.18
   11 K   -2 -1  2 -2 -4  0  0 -2  6 -4 -2  4  0 -4 -3  0  0 -4 -2 -2    0   0  10   0   0   2   3   2  27   0   3  36   3   0   0   5   6   0   0   2  0.64 0.29
   12 L   -3 -4 -5 -5 -3 -4 -4 -5 -4  3  5 -4  3 -1 -4 -2 -1 -3  0  1    0   0   0   0   0   0   0   0   0  17  62   0   6   0   0   2   3   0   3   7  0.77 0.31
   13 P   -1 -2  1  0 -3  0 -1 -3 -3  0 -1  0 -2 -4  3  2  3 -4 -3 -2    0   0   7   4   0   4   2   0   0   6   5   7   0   0  18  22  24   0   0   0  0.42 0.23
   14 Q   -1 -1  1  3 -3  3  2 -3  0 -1 -1  2 -2 -1 -2  0  0 -3 -2 -2    5   0   9  16   0  17  12   0   2   4   6  15   0   4   0   5   5   0   0   0  0.27 0.18
   15 D   -3 -2  5  3 -4  1  4 -1  0 -4 -3  1 -3 -4 -3  0 -2 -5 -4 -4    0   0  28  16   0   4  27   3   2   0   3   8   0   0   0   7   0   0   0   0  0.69 0.32
   16 K   -2 -3 -3 -4 -3 -3 -3  2 -4  4  1  0 -1  1 -4 -1  0 -3 -1  1    1   0   0   0   0   0   0  18   0  33  12   9   0   5   0   3   6   0   2   9  0.34 0.24
   17 L   -2 -2  0 -2  0 -1 -2 -2 -3  2  3  1  0  1 -3  0 -1 -3 -1  1    2   0   6   2   2   1   1   2   0  15  32  11   0   7   0   8   2   0   2   7  0.20 0.18
   18 E   -2 -1  4  1 -4  1  3 -2  0 -3 -2  1 -3 -4 -1  1  1  0 -2 -2    0   2  24   6   0   6  23   2   2   0   5   8   0   0   2   8   7   1   1   4  0.39 0.26
   19 E   -1  1 -1  0 -4  2  2 -1 -2  0 -2  3 -2 -1 -3  0 -1 -3  1 -1    5   5   2   5   0  11  16   3   0   7   2  24   0   3   0   5   3   0   5   3  0.25 0.20
   20 L   -4  0 -1 -5 -4 -4 -4 -5 -4  4  4  1 -1  1 -5 -3 -2 -4  0  0    0   5   3   0   0   0   0   0   0  25  46   9   0   4   0   1   2   0   3   2  0.68 0.37
   21 K    2  2  1 -1 -3  1  0 -3  0  0 -1  2 -1 -2 -2  0 -1 -4 -1  0   21  10   8   2   0   6   4   0   2   6   4  18   2   1   1   4   2   0   2   7  0.18 0.17
   22 K    0  0  2 -1 -4  1  1  1 -1 -4 -2  2 -3 -4 -1  2  0  0 -1 -3    6   4  13   2   0   8  10  12   1   0   3  14   0   0   2  15   5   1   3   1  0.25 0.20
   23 I   -1 -1 -5 -5 -4 -4 -3 -5 -4  5  3 -2  3  0 -3 -2 -2 -4  0  1    5   4   0   0   0   0   1   0   0  35  26   3   9   3   1   2   1   0   3   6  0.60 0.34
   24 N   -3 -1  7 -1 -5  0 -2 -4 -3 -2 -3  0  0 -3 -5  0 -2 -6 -2 -2    1   3  63   2   0   4   2   0   0   2   3   5   2   1   0   6   2   0   1   3  1.30 0.60
   25 D    1  0  3  2 -1  0  0 -1  0 -1 -1  2 -2 -2 -3  1  0 -1 -1 -3   10   3  16  12   1   3   3   4   2   3   6  18   0   1   0   9   4   1   3   0  0.21 0.19
   26 A    0  0  1 -2 -4  1 -2  2 -3 -2 -2  3  0 -1 -3  0  1  2 -2 -2    7   3   8   1   0   5   1  16   0   3   4  27   3   3   0   6   8   3   1   2  0.26 0.23
   27 V   -2 -1 -2 -3 -3 -2 -4 -4 -3  2  2 -2  2  3 -3 -2 -1  0  4  1    1   4   2   1   0   1   0   0   0  14  24   1   5  14   1   3   3   1  14   9  0.39 0.25
   28 K   -1 -1  4 -1 -4  0  0 -3 -1 -3 -1  2 -3 -3 -2  3  1 -5 -1  0    4   2  21   1   0   3   4   0   1   1   7  15   0   1   2  23   7   0   2   6  0.36 0.29
   29 K   -2  0  2  0 -5  1  0 -4 -3 -2 -1  5 -1 -1 -4  1 -1  1 -3 -2    2   3  12   4   0   4   5   0   0   2   5  39   1   3   0  10   3   2   1   2  0.52 0.35
   30 T   -1  0  3  0 -4 -1  0 -1  3  1 -1  2 -3 -2 -3  0  1 -1 -1 -3    3   4  20   4   0   2   4   3   9   8   6  16   0   1   0   8   8   1   2   0  0.28 0.23
   31 K   -2  2  1 -1 -4  0  2 -3  0 -2 -1  3 -1  0  0  1  0 -4 -1 -1    1  10   8   2   0   3  12   1   2   2   6  23   1   5   5  10   4   0   2   4  0.23 0.20
   32 N   -1 -1  5  4 -5  1  1 -2 -3 -4 -3  0 -4 -1 -4 -1 -1 -5 -1 -5    5   2  34  20   0   5   8   3   0   1   3   6   0   3   0   4   4   0   2   0  0.67 0.39
   33 F   -2 -3 -3 -6  0 -5 -3 -6 -2  1  1 -5  0  7 -6 -2 -3  1  4 -1    3   1   2   0   2   0   2   0   1   7  11   0   2  43   0   3   2   2  15   4  1.06 0.49
   34 S   -1 -2  2 -1 -4 -1  0 -3 -2 -3 -1  2 -2 -3  4  2  0 -5 -2 -3    4   1  12   3   0   3   7   1   1   1   8  11   1   1  22  17   6   0   1   1  0.46 0.32
   35 K   -1  1  2  3 -4  0  1 -1 -1  0 -2  3 -3 -2 -3  0  0 -4 -1 -2    4   8  12  16   0   4   7   3   1   6   3  18   0   2   1   6   5   0   2   1  0.26 0.21
   36 Y   -3 -2  1 -4 -3 -2 -3 -4  1  0 -1  0 -1  4 -3 -3 -1  2  7 -2    1   2   6   1   1   1   2   1   3   6   7   6   1  13   2   1   3   2  38   2  0.85 0.45
   37 L   -1  2  1 -1 -2  0 -1 -2 -1  1  1  1  1 -1 -1  0 -1 -3  0  0    3  11   7   3   1   5   2   2   1  12  14  12   3   2   3   6   3   0   4   6  0.08 0.11
   38 I    0  1  3  0 -4 -1 -2 -2 -2  0  0  1  0 -1  2  0 -1 -4 -1 -1    7   7  19   4   0   2   1   1   1   8   8  10   2   3  10   7   3   0   3   2  0.19 0.18
   39 D    0  1  3  0 -1 -1  1 -2 -1 -1 -1  1 -1 -1 -1  1  0 -1 -1  0    6   6  18   5   1   1   8   2   1   4   5  11   1   2   2   9   5   1   2   9  0.12 0.13
   40 L   -1 -3  1 -2 -2 -3  0 -3 -3  3  1 -1  0  0 -1 -1  0  0  0  2    3   1   8   2   1   0   6   1   0  23  14   5   1   4   3   3   7   1   4  13  0.20 0.18
   41 R   -2  3  2  0 -4  0  2 -2 -1 -1 -2  3 -3 -2 -1  0 -1 -2 -3 -2    2  20  11   4   0   2  13   3   1   5   4  19   0   1   2   7   2   1   1   2  0.32 0.24
   42 K   -3  1  3  0 -2  0  1 -2 -2 -1 -2  2 -3 -2  3 -1  1 -2 -1 -2    1   7  17   5   1   3   9   2   1   4   5  16   0   2  14   4   8   1   2   2  0.31 0.24
   43 L   -1 -1 -1 -2 -2 -2 -1 -2 -1  2  2 -1  0  1 -1  0  0 -1  2  0    6   2   3   2   1   1   4   3   2  13  24   5   2   6   2   7   5   0   8   7  0.10 0.11
   44 F   -3 -3  0 -1 -2 -2 -1 -4 -1  1  1 -2  1  5 -1 -2 -1 -2  3  0    1   1   6   3   1   1   4   1   1   9  11   3   3  30   4   3   3   0  10   5  0.45 0.28
   45 Q   -1  0  3 -2 -2  1  0 -1 -1  1 -2  2 -2 -2  1  1 -1 -4 -1 -1    3   4  17   1   1   6   4   4   1  12   3  14   1   1   8  10   3   0   2   5  0.19 0.18
   46 I   -2 -2  3 -1 -1  0 -2 -3 -1  2  2  0  2 -1 -1 -1 -1 -4 -1  1    1   1  15   2   2   3   2   1   1  16  20   8   6   2   3   4   2   0   2   9  0.20 0.19
   47 D   -1 -3  2  4 -4  0  2 -2  1 -2 -2  1 -2 -2  0  1  0 -2 -3 -3    4   0  11  22   0   4  11   2   3   2   4   7   1   2   5  13   6   1   0   1  0.33 0.24
   48 E   -2 -1  3 -1 -5 -2  0 -3 -1 -2 -2  1 -2 -3  4  0  1 -5  0 -1    2   3  15   3   0   0   6   1   2   3   3  10   1   1  25   7  11   0   4   5  0.47 0.31
   49 V   -1  0  1  0  0 -1 -1 -3 -1  1  1  0  0  0  0  0  0 -3 -1  1    2   4   7   7   2   2   3   1   1  11  18   8   2   3   3   9   4   0   2  11  0.06 0.10
   50 Q   -2  0  3  0 -2  1 -1 -2  0  0 -1  2  1 -1  1  0 -1 -4  0 -1    1   5  18   5   1   7   2   1   2   7   5  16   5   2   7   7   3   0   4   3  0.21 0.19
   51 V   -1 -2 -1 -2  0 -2 -2 -4 -2  3  2 -2  0  0 -1  1  1 -3 -1  2    3   1   4   1   2   1   2   1   0  18  21   3   2   4   3  12   7   0   2  12  0.22 0.18
   52 T   -1  0  1 -1 -4 -2  0 -3 -2  1 -2  0 -1 -2  4  1  2 -2 -2 -3    3   4   6   4   0   1   5   2   1   8   4   6   2   2  25  13  15   0   1   1  0.42 0.28
   53 S   -2 -2  3  1 -3 -2  1 -3 -1 -1 -2  0 -2 -2  2  3  1 -5 -2 -3    1   2  17   8   0   1   9   1   1   4   4   7   1   1  11  21   9   0   1   1  0.36 0.27
   54 E   -3 -3 -1  1 -4 -1  1 -4 -1  2  3  0  1 -1 -1 -1 -2 -4 -1 -1    1   1   3   9   0   3  12   0   1  11  33   6   3   3   3   5   2   0   2   2  0.28 0.23
   55 S   -2 -2  4  2 -4  1  0 -1  0 -1 -2  0 -3  2 -3  1  0  0  0 -3    2   1  23  11   0   6   4   3   2   3   3   7   0  11   1  12   6   1   3   1  0.36 0.26
   56 K   -1 -2  3  1 -5 -2  0 -1 -3 -2 -1  2  0 -3  5 -2 -2 -5 -2 -4    4   1  16   8   0   1   5   6   0   3   5  15   2   1  26   2   1   0   2   0  0.57 0.34
   57 L    1 -1  0 -3 -2  3  0 -2  3 -2 -1 -3 -2  1 -1 -1 -3  6  4 -3   12   3   4   1   1  15   5   3   9   2   7   1   1   5   3   5   1  11  13   1  0.46 0.31
   58 F   -6 -8 -9 -9 -8 -5 -8 -8 -3 -5 -7 -8 -7  2 -9 -8 -8 12  5 -6    1   0   0   0   0   0   0   0   1   1   0   0   0   8   0   0   0  70  18   1  3.87 1.32
   59 L   -4 -6 -7 -7 -5 -6 -7 -7 -7  4  5 -6  1  3 -7 -6 -3 -5 -3  2    1   0   0   0   0   0   0   0   0  23  50   0   3  10   0   0   1   0   1  10  1.26 0.57
   60 A    4 -4 -5 -5  1 -4 -5 -3 -3  0 -2 -5 -2 -4 -5  3  2 -6 -5  3   31   1   0   0   3   1   0   2   0   5   4   0   1   1   0  21  12   0   0  21  0.72 0.47
   61 G   -4 -8 -6 -7 -8 -7 -5  8 -8-10 -9 -7 -8 -9 -8 -4 -7 -8 -9 -9    1   0   0   0   0   0   1  97   0   0   0   0   0   0   0   1   0   0   0   0  2.92 1.12
   62 F   -7 -8 -9 -9 -8 -8 -9 -9 -7 -1  2 -8  0  9 -9 -8 -5 -5 -1 -2    0   0   0   0   0   0   0   0   0   4  15   0   2  75   0   0   1   0   1   2  2.58 1.01
   63 L   -2 -5 -5 -6 -1 -5 -6 -6 -6  4 -1 -5  1  0 -6  0  5 -6 -1  3    3   0   0   0   1   0   0   0   0  23   5   0   3   4   0   7  31   0   2  20  0.90 0.53
   64 E   -4 -6 -2  7 -8  0  4 -7 -4 -5 -8 -5 -4 -8 -7 -1 -3 -9 -8 -5    1   0   1  62   0   4  21   0   0   1   0   0   1   0   0   6   2   0   0   1  1.88 0.89
   65 G    4 -4 -3 -6 -6 -6 -6  6 -7 -7 -8 -6 -7 -8 -6  0 -3 -8 -7 -5   36   1   1   0   0   0   0  53   0   0   0   0   0   0   0   6   2   0   0   1  1.66 0.82
   66 E   -4 -4  0  6 -9 -3  6 -3 -6 -8 -8 -3 -8 -8 -7 -4 -5 -8 -3 -5    1   1   3  41   0   1  47   2   0   0   0   1   0   0   0   1   1   0   1   1  1.81 0.91
   67 A   -1 -8 -6 -7 -3 -7 -8  7 -8 -5 -9 -7 -8 -9 -8 -1 -7 -1 -9 -8    5   0   0   0   1   0   0  88   0   1   0   0   0   0   0   5   0   1   0   0  2.49 1.09
   68 S   -3 -4  2 -6  8 -6 -6 -3  0 -6 -6 -6 -6 -3 -6  4  0  2  1 -3    2   1   9   0  34   0   0   3   2   0   1   0   0   1   0  32   7   2   5   2  1.53 0.80
   69 L   -5 -8 -5 -8 -7 -8 -8 -8 -7  1 -2 -8 -1  9 -8 -7 -7 -5 -2 -4    1   0   1   0   0   0   0   0   0   6   4   0   1  84   0   0   0   0   1   1  2.91 1.19
   70 N   -3 -3  3 -1  0  1 -3 -1  3  0 -2 -2  1  1 -3  3  1 -4  3 -2    1   1  13   2   2   7   1   4   6   5   4   1   4   7   1  21   9   0   9   2  0.34 0.32
   71 I    0 -6 -5 -6  0 -6 -6 -5 -6  6  0 -6  1  0 -6 -4 -2 -2 -5  5    7   0   1   0   2   0   0   1   0  39   6   0   3   3   0   1   2   1   0  32  1.16 0.59
   72 S   -2  2  2 -2 -4  1 -2  0 -1 -1 -3  1 -2 -3 -4  4  0 -3  0 -1    3  11  10   2   0   7   1   8   1   4   2   7   1   1   0  29   6   0   3   4  0.37 0.33
   73 T   -1 -3 -4 -4 -2 -2 -3 -3 -2  5  1 -1  1  1 -2 -2  0 -4  0  2    4   1   1   0   1   2   2   2   1  34  15   4   2   6   3   2   6   0   3  11  0.50 0.31
   74 K   -1  2  2 -1 -3  0 -1 -1  0 -1 -1  2 -1 -1 -2  1  2 -2  1 -1    3  11  12   2   0   4   3   3   2   4   5  14   2   3   1   9  12   1   4   5  0.17 0.18
   75 K   -2  2  1 -1 -3  0  0 -2  0 -1 -1  5 -2 -3  1  0 -1 -3 -2 -3    2   9   7   3   1   3   5   2   2   4   6  35   1   1   7   6   4   0   1   2  0.43 0.33
   76 L   -2  2  4  1 -3  1 -1 -2  0 -3 -2  1 -1 -3 -3  2  1 -5 -1 -2    1  10  21   8   1   5   3   2   3   2   3   7   2   1   1  18   8   0   2   2  0.39 0.31
   77 A   -1  0  2  0 -4  0  0 -1  0 -2 -2  4 -3 -4  2  2 -1 -4 -2 -2    4   5  10   4   0   3   5   5   2   3   4  24   1   0  10  14   4   0   1   2  0.32 0.26
   78 T   -1  1  3  2 -2 -1  1 -1 -1 -3 -3  3 -2 -3 -2  1  2 -2 -2 -3    3   8  15   9   1   2   7   5   1   2   2  17   1   1   2  11  11   1   1   1  0.32 0.25
   79 S   -1  0  0 -2 -2 -1 -2  0  1 -1 -1  0  2  1 -1  1  1  1  4 -1    4   5   5   2   1   1   1   8   3   3   6   5   6   4   3  11   9   2  15   4  0.14 0.16
   80 K   -1  3  0 -2 -4 -1 -2 -3 -2 -2 -2  5 -2 -2  0  0  0 -4 -2 -2    5  13   4   2   0   2   2   2   1   2   3  39   1   2   4   7   6   0   1   3  0.58 0.37
   81 F   -1 -2  0 -2 -1 -1 -1 -2 -1  0  1  0  1  2 -2 -1  1  2  1  0    3   1   4   2   1   3   3   3   1   5  18   7   3  12   2   5  10   3   6   7  0.11 0.12
   82 G   -2  0  1 -1 -4  0 -1  5 -1 -4 -3  2 -3 -3 -1 -1 -1 -4 -2 -3    3   4   6   3   0   3   4  43   1   1   3  12   0   1   3   5   3   0   1   2  0.58 0.33
   83 L   -2 -1 -1 -3  0 -1 -2 -2  1  0  0  1 -1  2 -1 -2 -1  5  5  0    2   3   3   1   3   2   2   2   4   7   9  10   1   9   3   3   3   7  19   8  0.33 0.22
   84 V   -1  3  1 -1 -1  3  0 -2 -1 -2 -2  2 -3 -2 -3  0  0 -1  3 -1    3  15   7   2   1  17   5   3   1   2   3  11   0   1   1   6   5   1  11   4  0.31 0.26
   85 V   -1 -4 -4 -4  0 -4 -4 -3 -2  4  1 -3  0  1 -2 -2 -2  1  0  4    4   1   1   1   2   0   1   2   1  23  15   1   2   5   2   3   2   2   4  29  0.50 0.30
   86 D   -1  3  0  0 -1  2  1 -1  0 -1 -1  1 -1 -3 -3  1  1 -1  0 -2    2  20   4   4   1  11   7   4   2   3   7   7   1   0   1   9   9   1   3   3  0.21 0.19
   87 P   -1 -3 -4 -4  2 -2 -4 -3 -2  0  3 -3  1  1  4 -2 -1 -3  1  0    5   1   1   1   4   1   1   2   1   4  35   1   3   7  18   3   3   0   5   5  0.48 0.32
   88 E   -1  3  0 -1 -1  0  2 -2  1 -2 -2  1 -1 -2 -2  2  0 -3 -1  0    3  15   4   2   1   4  16   3   3   3   3  10   2   1   1  16   5   0   2   7  0.22 0.21
   89 F   -5 -3 -6 -6 -5 -2 -6 -6 -4  1  1 -4  0  8 -6 -5 -5  0  3 -2    0   1   0   0   0   2   0   0   0   6  12   1   2  59   0   0   0   1   9   3  1.65 0.73
   90 N   -1  1  2 -2 -2  1  0 -1  0  0 -2  2 -2 -3 -3  2  1 -4 -2  0    3   8   9   1   1   7   5   5   2   6   3  13   1   1   0  20   7   0   1   6  0.20 0.22
   91 V   -2 -5 -5 -5  0 -1 -5 -5 -5  6  1 -2  1  1 -5 -4 -2  1 -3  3    3   0   0   0   2   3   0   0   0  47  13   2   3   4   0   0   2   2   0  17  0.88 0.50
   92 T    0  0  1  0  0 -2  1 -1 -1 -1 -3 -1 -3 -1 -2  2  3 -4  1 -1    5   4   5   4   2   0   9   5   1   3   2   3   0   3   1  18  25   0   5   5  0.24 0.26
   93 Q   -3 -2 -2 -1 -5  7 -1 -2 -3 -1  1 -3  0 -2 -5 -2 -2  0  0 -2    2   2   2   3   0  52   2   3   0   3  16   0   2   1   0   2   2   1   4   3  0.95 0.65
   94 H   -1  1  2  0 -4  0 -1 -1  6 -4 -2  1  0 -4 -1  1 -1 -4  0 -2    5   9   8   5   0   4   4   4  20   0   4  11   3   0   4   9   4   0   3   3  0.35 0.29
   95 V   -1  0  0  0 -3  1  2 -1  0  0 -1  1  0 -1 -3  1  0  2  0 -1    4   6   4   4   0   6  15   3   3   6   7   7   3   3   0  12   6   3   3   5  0.09 0.12
   96 N   -2  2  2  0  0  1  0 -1  0 -1 -2  2 -1 -1 -2  1 -1 -4  1 -1    2  13  12   5   2   5   6   3   2   3   3  16   2   2   2   9   3   0   5   5  0.19 0.20
   97 G   -2 -1  3  5  1 -1  0 -1  1 -5 -3 -1 -1 -5 -2  0 -1 -5 -1 -5    3   4  16  38   3   2   4   5   3   0   3   3   2   0   2   7   3   0   2   0  0.73 0.47
   98 V   -1  0 -2 -1 -2 -1  1 -3  0  2  1  2  0  0 -1 -1 -2 -2  0  1    5   5   2   3   1   1   9   1   2  13  18  13   2   4   3   4   2   1   3   9  0.12 0.14
   99 K   -1  1 -1  0 -4  2  2 -2  0 -1 -1  1 -2 -2  1  0 -1  2  1 -1    5   9   3   6   0  10  14   2   2   4   6   9   1   1   6   6   3   3   5   5  0.15 0.16
  100 V   -2 -5 -3 -6 -2 -3 -6 -6 -1  3  4 -3  3  1 -2 -5 -1 -5 -2  3    3   0   1   0   1   1   0   0   2  16  34   1   6   5   2   0   4   0   1  21  0.76 0.44
  101 L   -6 -6 -2 -7 -6 -6 -7 -7 -7  1  6 -6  5  0 -7 -6 -1 -6 -5 -1    0   0   2   0   0   0   0   0   0   6  67   0  11   4   0   0   4   0   0   4  1.55 0.74
  102 Y   -1  0  1 -1 -1  1  2 -2  2 -2 -2  2 -1  1 -4  0 -1 -3  4 -3    5   4   7   3   1   5  15   3   4   2   4  12   1   6   0   5   4   0  15   1  0.27 0.24
  103 L    0  0  1  0 -1  0 -1 -2  2  0  0  1  0  1 -1  0 -1  1  2 -1    8   3   6   5   1   3   4   2   6   4  11  13   3   5   2   6   4   2   9   3  0.08 0.10
  104 A   -1 -5 -2 -5  1 -2 -5 -3 -5  6  2 -5  2  1 -5 -5 -1 -5 -1  1    5   0   2   0   2   2   0   2   0  39  22   0   4   6   0   0   3   0   2   7  0.82 0.45
  105 L    0  1 -1 -1  1  2 -1 -2  2  0 -1  4  0 -1 -2 -1 -1 -4  0 -1    8   5   2   3   4   9   2   3   5   6   5  25   3   2   2   5   2   0   4   4  0.22 0.25
  106 E   -1  0  2  1  0  0  3 -2  0 -2 -2  2 -1 -2 -1  1  0 -4 -1 -2    4   4  10   9   2   4  18   2   2   3   4  12   2   2   2   9   5   0   2   3  0.20 0.22
  107 V   -2 -1 -1 -4  0 -1 -1 -3  0  0  1  0  0  4 -4 -2  0  2  4 -1    3   3   3   0   2   3   5   2   3   6  13   6   2  19   0   3   6   2  14   5  0.33 0.28
  108 F   -2 -5 -5 -6  0 -5 -5 -3 -1  0  4 -3  0  6 -6 -3 -2  4  0 -1    4   0   0   0   2   0   0   2   2   4  35   2   2  31   0   2   2   5   3   3  0.95 0.53
  109 K   -4 -2  4  0  0 -2 -1  5 -1 -5 -5  2  0 -7 -4 -1 -4 -7 -3 -5    1   2  18   5   2   1   4  42   2   1   1  10   2   0   1   4   1   0   1   1  0.94 0.59
  110 T   -1 -2 -1 -4  6 -1 -2  0  0  2 -2 -2  0 -1 -4  1  0 -5 -2  3    4   2   3   0  19   3   3   6   2  11   3   2   2   3   0  10   6   0   2  18  0.48 0.32
  111 G   -3 -3  0 -4 -7 -2 -4  7 -2 -2 -5 -1 -7 -7 -4 -1 -2 -7 -7 -4    1   2   5   1   0   2   1  68   1   3   2   4   0   0   1   5   3   0   0   1  1.52 0.81
  112 R   -2  3  2 -3 -2 -1 -2 -1 -1 -1 -2  1 -2 -1 -2  2  1 -1  1  1    1  14  11   1   1   2   2   6   1   4   3  10   1   2   2  14   7   1   5  11  0.22 0.25
  113 I   -3 -6 -2 -4 -5 -2 -4 -4 -6  5  1  0  1 -1 -1 -4 -3 -1 -1  4    2   0   2   1   0   2   1   1   0  30  11   6   3   3   3   1   2   1   2  29  0.79 0.49
  114 R   -1  3  0 -2 -2 -1  0 -1  0  2 -2  0 -1 -2 -2  1  1  1  0  0    3  17   5   1   1   2   7   4   2  11   3   7   1   2   2  10   9   2   3   7  0.16 0.19
  115 H   -1  1  0 -2 -4  0  0 -3  1  1  0  1 -1  0 -1  0  0 -1  3  0    5   8   6   2   0   3   7   1   3  10   7   8   2   3   3   6   6   1  11   7  0.11 0.14
  116 K   -3  3  1  1 -2  0 -1 -3  1 -2 -2  3 -1 -1 -2  0 -2 -5  1 -1    2  17   7   7   1   4   4   2   4   2   3  21   1   3   2   8   2   0   5   4  0.35 0.29
  117 S   -1  0  3  0 -4 -1 -1 -1  4 -2 -3  2 -4 -3  0  2  0 -5 -1 -2    5   6  14   5   0   2   4   5  10   3   2  11   0   1   6  16   6   0   2   2  0.30 0.27
  118 G   -1  1  2  1 -4 -1  0  2 -1 -2 -3  3 -1 -3  0  1  0 -4 -1 -3    3   8  10   7   0   2   5  14   1   3   3  17   1   1   4  11   4   0   2   2  0.24 0.23
  119 S   -2  0  2  2 -2  1  0 -1 -2 -2 -2  2 -2 -3 -1  2  1 -2 -2 -2    2   5  11  10   1   5   6   5   1   2   3  14   1   1   2  18   9   1   1   3  0.25 0.25
  120 N   -3  2  4  0 -5  0  0 -1  0 -2 -4  2 -1 -1  0  1  1 -5 -3 -3    1  12  21   5   0   3   5   5   3   2   1  14   1   3   5   9   7   0   1   1  0.39 0.33
  121 A    0 -2  3  2 -4  0  0  1  0 -2 -3  1 -2 -1  0  1 -1 -4  2 -3    6   2  16  12   0   4   7  10   2   2   2   8   1   2   5   9   3   0   7   2  0.24 0.22
  122 T    0 -1  0 -3  1 -2 -1 -3  1  1 -1 -1  2  1 -1  0  2  0  2  1    6   3   4   0   4   1   5   2   3   8   3   3   5   5   4   6  17   1   8  12  0.17 0.19
  123 L   -1 -1 -2 -3  3 -2 -3 -2 -1  0  0 -3  1  2 -2 -1 -2  5  4  2    4   3   2   1   7   1   2   3   1   6  10   1   4   7   2   6   2   9  16  13  0.42 0.30
  124 V   -2  2 -1  0  2  1  1 -3 -1 -1 -1  1  0 -1 -4  1  0 -4  2  1    2  11   3   5   4   8  10   1   1   3   6   8   2   2   0   9   5   0   7  11  0.17 0.20
  125 L   -4 -2 -7 -8 -7 -6 -7 -5 -5  0  1 -4 -1  5 -7 -3 -5  3  7  0    1   2   0   0   0   0   0   1   0   5  14   1   1  21   0   2   1   4  41   6  1.51 0.80
  126 T   -3  4  0 -2 -3  0  2 -3 -2  1 -2  0 -1 -3 -4  0  1 -3 -2  0    1  23   4   1   1   4  16   2   1   8   4   6   2   1   1   7  11   0   1   7  0.37 0.34
  127 I   -2 -4 -6 -7 -2 -4 -4 -5 -7  5  0 -4  1 -2 -4 -1  1 -7 -5  5    3   1   0   0   1   1   1   1   0  31   6   1   3   2   1   6   7   0   0  36  1.03 0.60
  128 D   -2  4  0 -1 -2  0  0 -1 -1 -2 -4  0 -2 -2 -5  2  3 -5  1 -2    2  19   4   3   1   4   5   5   1   3   1   6   1   2   0  14  21   0   4   3  0.40 0.37
  129 N   -2  0  4  2 -3 -2 -2  1  0 -5 -4  2 -5 -4 -2  3  0 -6 -2 -5    3   5  19  12   1   2   2  11   2   1   1  11   0   1   2  20   5   0   2   0  0.52 0.42
  130 R   -2  2 -2 -5 -3 -1 -2 -5  0  1  2  2  0  4 -3 -1 -1 -2  0  0    2  11   2   0   0   2   2   0   2   9  18  14   2  17   1   4   3   0   3   6  0.36 0.30
  131 Q   -1  0  2  0 -6  1  2 -2  0 -2 -3  4 -3 -4 -2  2 -1 -3 -1 -2    4   5   9   6   0   5  12   2   2   2   2  26   0   1   2  14   4   0   2   3  0.43 0.37
  132 S   -2 -3  3  4 -3 -1  0 -2  4 -1 -3  0 -3 -3 -3  2  0 -1 -2 -2    2   1  14  22   1   2   6   3  10   4   2   5   1   1   1  13   7   1   1   3  0.48 0.39
  133 L   -1 -3 -3 -5  2 -5 -6 -4 -6  5  4 -4  2  0 -6 -2 -3 -3 -3  0    5   2   1   1   4   0   0   1   0  27  39   1   4   4   0   3   1   0   1   5  0.86 0.49
  134 E   -1  0  2 -2 -1 -1  0 -3  0  2  2  1 -1 -1 -2  0  1 -2  0 -1    4   6   9   1   1   2   5   1   3  12  20  10   1   2   2   6   7   1   3   4  0.13 0.16
  135 E   -2 -2  5  2 -3  1  3 -3 -1 -4 -3  2 -3 -5 -4  0  1 -5 -2 -4    3   2  24  10   1   5  18   2   1   1   3  12   1   0   1   6   9   0   2   1  0.59 0.41
  136 K   -3  0  0 -3 -3  0 -3 -4  0  3  0  4 -2  0 -3 -2 -1 -1  0  2    2   5   5   1   1   5   1   1   3  19   7  23   1   4   1   2   4   1   3  14  0.39 0.31
  137 V   -4 -7 -5 -7 -6 -6 -7 -7 -7  6  3 -5  1 -2 -7 -6 -2 -6 -6  3    1   0   1   0   0   0   0   0   0  46  25   1   3   2   0   0   2   0   0  19  1.43 0.71
  138 I   -4 -4 -6 -5  1 -1 -5 -5 -4  6  2 -3  2  2 -6 -4 -2 -6 -2  1    1   1   0   1   3   4   1   1   1  48  15   2   4   7   0   1   2   0   1   9  1.07 0.58
  139 P   -4 -3  3  1 -7 -2 -1 -4 -1 -5 -4 -2 -6 -5  7 -1 -2 -7 -4 -6    2   2  13   9   0   2   5   2   2   1   2   2   0   1  52   5   2   0   1   0  1.40 0.79
  140 F   -5 -6 -5 -7 -6 -4 -6 -7  5  3  0 -4 -2  5 -7 -6 -6 -4  6 -3    1   0   1   0   0   1   0   0  12  15  10   1   1  25   0   0   0   0  29   2  1.49 0.75
  141 Y   -7 -7 -8 -8 -1 -7 -8 -8 -6 -2  3 -7 -2  9 -8 -7 -7 -1 -1 -4    0   0   0   0   1   0   0   0   0   3  22   0   1  68   0   0   0   1   1   1  2.39 1.04
  142 E   -3 -2  3  5 -6  0  3 -5 -2 -2 -3  2 -3 -5 -5 -1 -2 -2 -3 -4    1   2  13  32   0   3  20   1   1   3   3  11   1   0   0   5   2   1   1   1  0.81 0.51
  143 Q   -3  1  2 -3 -6  2  1 -3 -1 -2 -3  6 -3 -6 -4 -1 -1 -6 -3 -4    2   7   9   1   0   9   8   2   1   2   3  43   1   0   1   4   4   0   1   1  0.84 0.54
  144 Y   -5 -5  1 -5 -4 -6 -6 -5  4 -5 -2 -5 -3  3 -7 -6 -6 -2  9 -4    1   1   7   1   0   0   0   1   9   1   3   1   1  12   0   0   0   0  60   1  2.13 0.98
  145 V   -4 -3  0 -4 -6 -1 -3 -4  0  0 -1  0 -3 -6  7  0 -2 -6 -4 -2    1   1   5   1   0   2   1   2   3   5   7   5   1   0  52   7   2   0   1   3  1.23 0.68
  146 V   -3 -5 -2 -3 -1 -2 -4 -4 -4  2  5 -5  1 -1 -2 -2 -3 -5 -3 -1    2   0   2   2   1   2   1   2   0  10  61   0   3   3   2   3   1   0   1   3  0.98 0.54
  147 A   -1  1 -2 -3 -4  1 -2 -3  0  2  3  0  1  2 -1 -3 -2 -2  1 -1    4   7   2   1   0   6   1   2   3  11  29   6   3  10   4   1   2   0   5   3  0.26 0.22
  148 F   -2 -3  0 -2 -2 -2 -2  1 -1 -3 -2 -1 -2  1 -2  2  5 -1  0 -3    3   1   4   2   1   2   3   9   2   1   5   4   1   6   2  16  33   1   4   2  0.46 0.32
  149 S    0 -1  0 -1 -1 -1  0 -1  1 -1  0  2 -1 -2 -2  2  0  1  0 -2    6   2   3   3   1   2   5   5   4   4  10  16   1   2   2  21   5   2   4   2  0.14 0.14
  150 S   -1  1  0 -1  1  0  0 -1  0 -1 -1  3  0 -1 -1  1  0 -1 -1 -1    5   6   5   3   3   4   4   5   2   4   7  21   3   2   3  10   6   1   2   5  0.11 0.07
  151 P    0 -1  0 -1 -2  0 -1  3  0 -1 -1  0 -1 -2  1  1  0 -2 -1 -1    7   3   5   2   1   5   3  21   2   3   7   7   2   2   7  10   6   1   3   4  0.14 0.09
  152 E    0  0  1  0 -1  1  0 -1  0  1  0  0  0 -1 -1  0  0  0  0  1    6   4  11   5   1   6   7   3   1   9   7   6   2   3   2   7   5   1   4  10  0.04 0.04
  153 K   -4 -1 -4  0 -7 -2 -3 -4 -3 -2 -7  8 -6 -7 -5 -1 -5 -7 -7 -7    1   3   0   4   0   2   1   1   1   3   0  77   0   0   1   5   1   0   0   0  2.03 1.01
  154 V   -1  2  0 -5 -2  1 -3 -4  2 -2  0  0 -1  3 -5 -1 -3  2  6 -2    6  10   4   0   1   6   1   1   5   2  10   7   1  11   0   6   1   3  24   2  0.55 0.39
  155 K   -1 -1  0 -1 -4 -1  0 -3  0  1  3  1  0  1 -3 -2 -2 -1  2  0    5   3   4   3   0   3   7   2   2   7  28  12   2   5   1   2   2   1   7   5  0.20 0.21
  156 R   -1  1  2  5 -6  1  1 -4 -1 -4 -4  0 -5 -5 -3  2 -3 -6 -2 -5    4   8   9  36   0   6   8   1   1   1   1   4   0   0   1  15   1   0   1   1  0.78 0.52
  157 V   -5 -7 -3 -7 -2 -5 -7 -7 -5 -3 -2 -6 -2  7 -7 -5 -5  3  7 -1    1   0   1   0   1   0   0   0   0   1   3   1   1  42   0   1   1   3  38   5  2.04 0.94
  158 A   -1  0  0 -1  1  1  1 -4 -1  1  2  2  0 -2 -3 -2 -1  0 -2  0    4   5   5   3   3   6  11   0   1   8  25  12   2   1   1   2   3   1   1   5  0.18 0.20
  159 N   -2  0  1  4 -2  1 -2 -4 -4  0  1  4  0 -4 -4 -1 -1 -6 -3 -2    2   4   7  23   1   6   1   1   0   7  12  23   2   1   0   4   4   0   1   3  0.46 0.37
  160 F   -3 -8 -8 -9 -7 -8 -8 -8 -7 -3 -1 -8 -1  7 -8 -7 -7 10  0 -3    3   0   0   0   0   0   0   0   0   2   5   0   1  48   0   0   0  36   2   2  2.69 1.14
  161 K   -2  3  0 -3  5 -1 -2 -5 -1 -1 -1  5 -2 -5 -4 -1 -2 -6 -1 -2    3  16   4   1  11   3   2   0   1   3   6  36   1   0   1   5   2   0   2   3  0.72 0.47
  162 A   -3  1  0  0 -6  3  3 -5 -2 -1 -2  5 -4 -3 -5 -1  0 -6 -2 -4    1   6   5   4   0  12  19   0   1   4   5  32   0   1   0   3   5   0   2   1  0.66 0.47
  163 L    3 -4 -6 -5  0 -2 -5 -3 -6  5  0 -5  1 -4 -5 -3 -2 -2 -3  4   23   1   0   1   2   2   0   1   0  29   7   0   3   0   0   1   2   1   1  26  0.85 0.51
  164 L    0 -3 -2 -5  3 -4 -4 -5  2  1  3 -4  0  2 -5 -1 -3 -3  4  2    8   1   2   0   7   0   0   1   6   8  24   0   2   7   0   5   1   0  13  14  0.52 0.36
  165 E   -1  0  2  1 -2  0  2 -3  0  0  1  1  0  0 -1  0 -1 -4  0 -2    5   4  10   6   1   3  16   1   2   5  16   8   2   3   3   7   3   0   4   1  0.13 0.17
  166 L   -1 -1 -3 -2 -4 -2 -3 -5 -5  3  4  0  4 -2 -6 -2 -3 -5  0 -1    5   3   1   2   0   1   2   1   0  17  40   6  12   1   0   3   1   0   4   2  0.65 0.43
  167 F   -4 -4 -3 -5 -3 -4 -6 -5 -3  4  2 -2  5  2 -5 -3 -2 -5  1  1    1   1   1   1   1   1   0   0   1  27  22   3  15   9   0   2   2   0   6   9  0.78 0.46
  168 N   -3  0  3  0 -4  2  2 -3 -2  0 -1  3 -1 -1 -4  0 -1 -5  0 -1    1   4  16   4   0   9  13   1   1   6   6  18   1   2   0   6   4   0   4   4  0.32 0.30
  169 N   -1  1  5  2 -2  1  2 -4  0 -6 -3  1 -2 -6 -3  0 -1 -6 -2 -4    5   8  32  10   1   6  12   1   2   0   2   7   1   0   1   6   3   0   1   1  0.65 0.46
  170 D   -4  0  2  0 -7 -2 -2  3 -2 -6 -6  6 -3 -6 -5 -1 -3 -7 -6 -6    0   4   8   5   0   1   2  24   1   0   1  46   1   0   0   5   1   0   0   0  1.11 0.66
  171 A    0  0  0  0 -2  1  3 -1 -1 -2 -1  3 -3 -3 -3  1  0 -1 -1 -2    7   5   4   5   1   6  20   5   1   2   6  18   0   1   1   9   6   1   2   2  0.25 0.25
  172 H   -4 -1 -1 -3 -4 -2 -4 -5 10 -6 -4 -2 -4 -6 -2 -2 -3 -2  1 -7    1   3   3   2   0   2   1   1  69   1   2   3   0   0   3   3   2   1   3   0  2.46 1.05
  173 Q   -4  0 -3 -6 -2 -2 -4 -4 -1  0  5  1 -1 -2 -3 -3  0 -3 -1 -2    0   4   2   0   1   1   1   1   2   4  58  11   1   1   1   2   7   0   2   1  0.84 0.53
  174 D   -3 -2  2  1 -5 -1 -1 -4 -3 -2 -3  0 -4 -4 -5  1  6 -6 -5 -2    2   2  10   8   0   2   4   1   0   3   2   6   0   1   0  10  48   0   0   2  0.91 0.59
  175 L   -1  0  0 -1 -2  1  1 -3 -2  0  0  2  0 -1  2  0  1 -2 -1 -1    4   3   4   3   1   5  10   1   0   6  10  15   2   3  11   7   9   1   2   3  0.14 0.16
  176 E   -3 -1  0  3 -6  2  6 -5 -2 -3 -3  2 -5 -4 -4 -1 -2 -3 -5 -3    2   2   3  14   0   7  46   0   1   1   3  10   0   1   1   4   2   0   0   2  0.93 0.58
  177 Q   -2 -3  0 -2 -2  0  1  5 -3 -4 -3  0 -5 -4 -3  1 -1 -5 -3 -3    2   1   5   2   1   4   9  49   1   1   2   6   0   1   1   9   4   0   1   2  0.80 0.49
  178 L   -3 -2 -2 -2 -1 -3 -3  0 -2  1  4  0  2  2 -3 -3 -1  0  0 -1    2   2   2   3   1   1   1   7   1   6  42   6   5   9   1   2   4   1   3   3  0.39 0.27
  179 V   -1  1 -2 -1 -2 -2 -1 -3 -2  3  1  1  1  0 -2 -1 -1  0 -1  1    6   7   2   4   0   1   2   1   1  21  15  10   2   4   2   5   3   1   2  11  0.15 0.14
  180 N   -1  0  3  1 -2  1  4 -3 -2 -2 -2  1 -3 -4 -3  1 -1 -4  0 -3    3   4  17   8   1   5  27   1   1   2   4   9   0   1   1   9   3   0   4   1  0.46 0.33
  181 K   -1  0 -2 -2 -5  2  2 -4 -1 -2  1  5  1 -3 -3 -1 -1 -5 -3 -4    4   5   1   2   0   7  12   1   1   3  12  36   4   1   1   5   4   0   1   0  0.54 0.39
  182 I   -2 -6 -6 -4 -5 -4 -5 -6 -6  7  2 -4  2 -2 -6 -5 -1 -6 -5  2    3   0   0   1   0   1   1   0   0  58  14   1   4   1   0   0   3   0   0  11  1.37 0.67
  183 L   -2  2 -1 -2 -1  0  0 -3 -3  2  2  2  0 -1 -4 -2 -2 -4 -2  1    3  14   3   2   1   3   7   1   0  10  26  12   2   2   0   1   2   0   1  10  0.26 0.24
  184 P    0 -1  0  1 -3  2  2 -2 -1 -2 -2  3  0 -3  1  1 -1 -4 -2 -2    7   2   5   7   0   8  15   2   1   1   4  19   3   1   6  11   3   0   1   2  0.26 0.25
  185 I   -4 -5 -6 -7 -3 -4 -6 -7 -5  6  4 -4  1 -1 -6 -5 -3 -5 -1  1    1   0   0   0   0   1   0   0   0  46  34   1   3   2   0   1   1   0   2   6  1.26 0.63
  186 W    1  3 -1 -4 -2  0 -3 -4 -4 -2 -2  5 -3 -3 -5 -1 -2  4  0 -2   11  18   2   0   1   4   1   0   0   2   4  39   1   1   0   4   2   5   4   2  0.75 0.50
  187 D    0 -2  4  2 -3 -1  1 -2 -1 -4 -2  2 -2 -3 -4  2 -1 -5  0 -3    9   1  18  12   0   2   9   2   1   1   4  14   1   1   0  18   3   0   4   1  0.39 0.34
  188 Q   -2  0  3 -1 -3  3  1  1 -2 -3 -2  2 -1 -3 -4  2  0 -5 -3 -3    1   5  15   3   0  13   7  11   1   2   5  13   2   1   0  14   5   0   1   1  0.32 0.30
  189 M   -2 -5 -3 -7 -6 -4 -6 -7  0  3  2 -4  9  0 -4 -5 -3 -6 -5 -1    3   0   1   0   0   1   0   0   2  13  18   1  51   4   1   0   2   0   0   3  1.69 0.84
  190 R   -3  2  8 -4 -7 -3 -2 -3 -1 -5 -7  0 -4 -7 -4  0 -4 -8 -5 -7    2  10  67   0   0   1   3   1   1   1   0   6   1   0   1   5   0   0   0   0  1.82 0.90
  191 K   -2  1  2 -1 -4  0  0 -3 -3  0 -1  3  0 -2 -2  1  1 -1 -2 -1    1   9  10   2   0   4   6   1   0   6   8  22   3   1   2  10  11   1   1   3  0.24 0.25
  192 Q   -1  0  2 -1 -4  2 -1  3 -1 -3 -1  2  0 -1 -3  0 -1  0 -1 -3    4   3  13   2   0  10   3  22   1   1   7  14   3   3   1   5   3   1   2   1  0.25 0.24
  193 Q   -4  6  3 -3 -3 -2  0 -3 -4 -3 -3  2 -4 -4 -5 -1 -1 -4 -2 -3    0  46  15   1   0   1   6   2   0   1   3  12   0   1   0   5   4   0   2   2  0.96 0.56
  194 G    0 -2  2  1  0 -1 -1  1 -2 -2 -1  2 -2 -2  1  1  1 -4 -1 -2    5   0  11   7   2   2   2  10   0   3   5  19   1   2   7  11   9   0   2   2  0.18 0.20
  195 Q   -2  1  2 -1 -4  2  1 -1 -1 -1 -2  2 -1 -3 -3  2  0 -4  0 -1    1   7  11   2   0  12  11   3   1   5   4  13   2   0   1  17   3   0   4   4  0.23 0.23
  196 S   -1  0 -1 -1 -3 -2 -2 -2 -2 -1  0  2  0  1 -3  2  1 -3  1 -2    4   6   3   4   0   1   1   2   1   4   8  16   2   8   0  22  10   0   6   2  0.21 0.24
  197 N   -3  2  6  0 -5 -1 -1 -2 -3 -2 -4  4 -4 -5 -2 -1 -1 -5 -3 -2    1   9  37   5   0   2   3   2   0   3   1  26   0   0   2   4   3   0   1   2  0.80 0.47
  198 E   -2  3  0 -1 -5  1  4 -4 -1 -3 -3  3 -3 -2 -4 -1 -1  3 -1 -4    2  16   4   2   0   4  29   0   1   1   2  21   0   2   0   4   3   5   2   0  0.59 0.37
  199 G    1  0  1 -1 -3 -1  0  0 -2 -2 -2  1 -3 -2 -2  2  3 -1 -1 -2   14   6   7   2   0   1   5   6   0   1   2   8   0   1   1  16  24   1   2   1  0.27 0.24
  200 F   -3  0 -4 -3 -4 -2 -2 -3  2  2  0 -2 -2  6 -5 -2 -2  2  2 -2    0   7   0   1   0   1   3   2   5  13   7   3   0  41   0   3   2   2   7   2  0.69 0.36
  201 P   -2 -2 -2 -2 -4  0  1 -3 -3 -1  0  1 -3  0  6 -1 -2 -4 -2 -2    2   1   1   1   0   3   9   2   0   3  13  12   0   5  38   5   2   0   1   2  0.67 0.34
  202 N   -1 -2  4  3 -4  1  0 -2  0 -3 -4  0 -3 -4  2  2  1 -5 -2 -4    3   1  22  14   0   5   6   2   2   1   0   4   0   0  10  20   8   0   1   0  0.47 0.28
  203 L   -3 -4 -4 -4 -3 -3 -3 -5 -4  3  4 -2  1  2 -4 -2  0  3 -2  0    0   0   0   0   0   0   2   0   0  19  48   2   2   9   0   2   5   4   0   5  0.63 0.31
  204 E   -2 -2  2  2 -4  2  3 -1  0 -2 -1  0 -2 -4  2 -1 -2 -4 -2 -2    0   0  13  14   0   8  27   3   2   2   8   6   0   0   9   3   0   0   2   3  0.38 0.22
  205 A    0 -1  0  2 -3  0  3 -2  1 -2 -3  2 -2 -1  1  1  0 -4 -2 -1    9   0   3  11   0   3  21   0   5   3   0  15   0   3   5  14   4   0   0   5  0.26 0.17
  206 A    3 -2  1 -2 -2 -2  0 -2  0  0  0 -1 -1  0 -2  1  0 -3  0  0   35   0   9   0   0   0   6   0   2   7   9   2   0   5   0  11   3   0   3   5  0.20 0.17
  207 Q   -1  1  0 -1 -4  4  1 -2 -1  0 -3  1 -2 -1  0 -1  0 -3  1  0    2   5   3   2   0  33   9   3   0   6   0   8   0   2   5   2   5   0   5   7  0.31 0.21
  208 D   -1  2  2  4 -4  2  2 -1 -2 -4 -4 -1 -3 -3 -1 -1  0 -4  1 -4    3  14  12  29   0  10  15   3   0   0   0   0   0   0   2   0   7   0   6   0  0.49 0.23
  209 F   -3 -4 -4 -5 -4 -3 -4 -4  1  1 -1 -2 -2  6 -5 -3  0  6  4 -2    0   0   0   0   0   0   0   0   4  10   4   3   0  43   0   0   7  11  18   0  0.93 0.31
  210 A    0 -3 -1 -3  5 -3 -3 -3 -2  2  2 -3  1 -1 -3 -1 -1 -2  1  2    8   0   5   0  16   0   0   0   0  18  18   0   5   0   0   4   0   0   8  17  0.30 0.14
  211 R    0  5  1  0 -3  0 -1 -3 -2 -1  0  2  0 -3 -3 -1  0 -4 -3 -1    7  42  10   5   0   3   0   0   0   3   9  10   2   0   0   0   4   0   0   5  0.38 0.17
  212 N   -1 -1  3  0 -3 -1  0  2 -2 -2  1  1 -1 -3 -2  0  1 -3 -3 -2    3   0  24   5   0   0   3  15   0   0  19  12   0   0   0   7  12   0   0   0  0.20 0.11
  213 Y   -1 -2  1 -3 -3  1 -2 -3  2 -2 -1 -2 -1  5 -4 -2 -2  4  5 -2    4   0  11   0   0   8   0   0   6   0   5   0   0  29   0   0   0   7  31   0  0.62 0.18
  214 K   -1  0 -1 -2 -2 -1 -1 -3 -2  2 -1  3 -1 -2 -2  1 -1 -4 -2  2    0   0   0   0   0   0   0   0   0  21   0  36   0   0   0  19   0   0   0  24  0.24 0.12
  215 K   -2  4  1  0 -4  2  3 -2 -1 -4 -3  3 -2 -4 -2 -1 -1 -3 -2 -3    0  31   9   0   0   7  31   0   0   0   0  21   0   0   0   0   0   0   0   0  0.54 0.09
  216 G    1 -1  1 -1 -2 -1 -1  3 -2  0 -2  0 -1 -3 -2  1 -1 -3 -2 -1   16   0  12   0   0   0   0  36   0  15   0  10   0   0   0  10   0   0   0   0  0.27 0.04
  217 I    0 -1 -2 -2 -2 -1 -1 -2 -2  2  0  0  0 -2  4  0  0 -3 -2  2    0   0   0   0   0   0   0   0   0  13   0  13   0   0  21  14   0   0   0  39  0.28 0.03
  218 K   -1  2  0 -1 -3  1  1 -2 -1 -3 -3  5 -2 -4 -1  0 -1 -3 -2 -3    0   0   0   0   0   0   0   0   0   0   0 100   0   0   0   0   0   0   0   0  0.65 0.05

                      K         Lambda
Standard Ungapped    0.1338     0.3161
Standard Gapped      0.0443     0.2670
PSI Ungapped         0.1441     0.3124
PSI Gapped           0.0443     0.2670
