
Last position-specific scoring matrix computed, weighted observed percentages rounded down, information per position, and relative weight of gapless real matches to pseudocounts
           A  R  N  D  C  Q  E  G  H  I  L  K  M  F  P  S  T  W  Y  V   A   R   N   D   C   Q   E   G   H   I   L   K   M   F   P   S   T   W   Y   V
    1 M   -2 -2 -3 -4 -2 -1 -3 -3 -2  0  1 -2  8 -1 -3 -2 -1 -2 -2  0    0   0   0   0   0   0   0   0   0   0   0   0 100   0   0   0   0   0   0   0  1.07 0.16
    2 A    5 -2 -2 -2 -1 -1 -1  0 -2 -2 -2 -1 -1 -3 -1  1  0 -3 -2 -1   93   0   0   0   0   0   0   0   0   0   0   0   0   0   0   7   0   0   0   0  0.65 0.10
    3 S    0 -2 -1 -2 -1 -1 -1 -2 -2 -1  2 -1  0 -1 -2  3  0 -3 -2 -1    5   0   0   0   0   0   0   0   0   0  37   0   0   0   0  58   0   0   0   0  0.31 0.08
    4 L   -2 -3 -4 -4 -2 -3 -3 -4 -3  1  5 -3  1  0 -3 -3 -2 -2 -2  0    0   0   0   0   0   0   0   0   0   0 100   0   0   0   0   0   0   0   0   0  0.73 0.10
    5 I    2 -2 -3 -3 -1 -2 -2 -2 -3  2  2 -2  2 -1  1 -1 -1 -2 -2  1   34   0   0   0   0   0   0   0   0  15  30   0  10   0   6   0   0   0   0   4  0.23 0.05
    6 L   -1 -3 -3 -4 -2 -2 -3 -4 -3  2  3 -3  3  1 -3 -2 -1 -2 -1  3    0   0   0   0   0   0   0   0   0   6  39   0  17   6   0   0   0   0   0  32  0.39 0.06
    7 G    2 -1 -1 -1 -2  3  0  4  1 -3 -3 -1 -2 -3 -2  0 -1 -3 -2 -2   23   0   0   0   0  29   0  43   6   0   0   0   0   0   0   0   0   0   0   0  0.52 0.08
    8 A    3 -2 -1 -2 -1 -1 -1  3 -2 -2 -1 -1 -1 -2 -2  2  1 -3 -2 -1   37   0   0   0   0   0   0  27   0   0   6   0   0   0   0  16  14   0   0   0  0.35 0.06
    9 P   -1 -2 -2 -3 -2 -1 -2 -3 -2  1  2 -2  5 -1  4  0 -1 -3 -2  0    0   0   0   0   0   0   0   0   0   5  18   0  36   0  27   8   0   0   0   6  0.51 0.09
   10 P    3 -2 -1 -2 -2  0 -1 -1 -2 -3 -3 -1 -2 -3  5  2  0 -3 -3 -2   36   0   0   0   0   6   0   0   0   0   0   0   0   0  37  20   0   0   0   0  0.74 0.09
   11 R    0  0 -2 -3 -2 -1 -2 -3 -2  1  1 -1  6 -1  2 -1  0 -2 -2  0   11   7   0   0   0   0   0   0   0  12   0   0  57   0  10   0   4   0   0   0  0.42 0.11
   12 V    1 -2 -1 -1 -1 -1 -1 -1 -2 -1  0 -1 -1 -2  2  3  1 -3 -2  1    8   0   0   0   0   0   0   0   0   0  10   0   0   0  12  45   9   0   0  13  0.27 0.06
   13 T    0 -2 -1 -1 -2 -1 -1  0 -2 -1  0 -1 -1 -2  3  2  3 -3 -2 -1    4   0   0   0   0   0   0   7   0   0   9   0   0   0  18  18  41   0   0   0  0.38 0.07
   14 V    3 -1 -2 -2 -1  3  0 -1 -1  0  0 -1  0 -2 -2  0 -1 -3 -2  2   40   0   0   0   0  27   0   0   0   0   6   0   0   0   0   0   0   0   0  24  0.26 0.08
   15 A    3 -1 -1 -2  4  2 -1 -1 -2 -2 -2 -1 -1 -3 -1  1  1 -3 -2 -1   49   0   0   0  13  15   0   0   0   0   0   0   0   0   0  12   9   0   0   0  0.35 0.08
   16 L   -1 -2 -2 -3 -2 -2 -2 -3  1  1  3 -2  1  3 -3 -1 -1 -1  0  1    1   0   0   0   0   0   1   1   6   0  41   1   0  27   0   6   1   0   0  14  0.27 0.06
   17 P    0 -1  1 -1 -2 -1 -1 -1  2 -2 -2 -1 -2 -3  5  1  0 -3 -2 -2    5   1   9   1   0   1   1   1   9   1   1   1   0   1  46  15   4   0   1   1  0.78 0.07
   18 S    1 -1  2 -1 -1 -1 -1  0 -1 -2 -2 -1 -2 -2  1  3  0 -2  0 -1    6   1  13   1   0   0   1   6   0   1   1   1   0   0   5  52   1   0   5   6  0.29 0.07
   19 S    0  0  0 -1  2  0 -1 -1  5 -2 -1 -1 -2 -2 -2  3  0 -3 -1 -2    1   5   0   0   5   0   0   1  28   0   6   0   0   0   0  50   0   0   0   0  0.42 0.09
   20 R   -1  3  1 -2 -3  0 -1 -2  5 -2 -1  0 -1  1 -2  0 -1 -2  0 -1    0  30   9   0   0   0   0   0  27   0   7   0   0   9   0   9   0   0   0   5  0.34 0.08
   21 L   -1 -2 -1 -2  2 -1 -2 -2  5  1  1 -2  0  2 -2  1 -1 -2  0 -1    0   0   0   0   7   0   0   0  26  14  17   0   0  12   0  20   0   0   0   0  0.23 0.07
   22 S    0 -2  0 -1  2 -1 -1  1  2 -2 -2 -1  1  0 -2  3  1 -2 -1 -2    0   0   0   0   7   0   0   9   9   0   1   0   8   5   0  53   5   0   0   0  0.32 0.09
   23 S    1  0 -2 -2 -2 -1 -2 -2 -1 -1  0 -1  1  4 -2  2 -1 -1  1 -1   13   5   0   0   0   0   0   0   0   0  10   0   8  29   0  31   0   0   4   0  0.25 0.08
   24 S    1 -2  0 -1 -2 -1 -1  0  1 -2 -1 -1 -1 -2 -2  4  1 -3 -2  0    4   0   0   0   0   0   0   4   4   0   6   0   0   0   0  65   8   0   0   9  0.40 0.11
   25 H   -1 -1 -1 -2 -3  3  0 -2  4 -2 -1  0 -1  2 -2  1 -1 -2  1 -1    0   0   0   0   0  30   0   0  19   0   4   4   0  14   0  20   0   0   4   4  0.33 0.09
   26 S    1  1  0 -1 -2  0 -1  1 -2 -3 -3 -1 -2 -3 -2  4  1 -3 -2 -2    4   7   0   0   0   4   0   9   0   0   0   0   0   0   0  71   6   0   0   0  0.56 0.13
   27 E   -1 -1 -1 -1 -2  1  2 -2 -1  0  0 -1  0  1 -2  1  1 -2  1  1    0   0   0   0   0  11  20   0   0   0  13   0   0   6   0  13  11   0   8  19  0.13 0.05
   28 T    1 -2 -1 -2 -1 -1 -1 -2 -2  0 -1 -1  1  0 -2  2  2 -2  0  1   11   0   0   0   0   0   0   0   0   5   0   0   6   6   0  30  25   0   4  12  0.21 0.06
   29 A    2 -1  1  0  1  0 -1  0 -1 -1  0  0 -1 -2 -2  1  0 -3 -2 -1   33   0  10   6   4   4   0   4   0   0  16   6   0   0   0  13   0   0   0   3  0.13 0.05
   30 G    3 -2 -1 -2 -1 -1 -1  2 -2 -2 -2 -1 -2 -3 -1  2  2 -3 -2 -1   35   0   0   0   0   0   0  21   0   0   0   0   0   0   0  22  20   0   0   0  0.39 0.08
   31 V    0 -2 -2 -3 -2  0 -2 -3 -2  1  1 -2  1  2 -2  1  0 -2 -1  2    3   0   0   0   0   5   0   0   0   8  19   0   5  13   0  16   3   0   0  27  0.17 0.05
   32 S    1 -2  1 -1 -2 -1 -1  0  1 -2 -3 -1 -2 -3  3  4  0 -3 -2  0    8   0   6   0   0   0   0   5   4   0   0   0   0   0  15  53   0   0   0   9  0.43 0.10
   33 L    0 -1 -3 -3  2 -2 -3 -3 -2  1  2 -2  1  2 -3 -1 -1 -1  2  1    8   3   0   0   5   0   0   0   0   9  33   0   4  11   0   3   0   0  10  13  0.21 0.05
   34 S    1  0 -1  0  2 -1  0 -2 -2 -3 -3 -1 -2 -3  4  3  0 -4 -3 -2   14   5   0   3   5   0   4   0   0   0   0   0   0   0  29  37   3   0   0   0  0.58 0.09
   35 C    1  1 -1 -2  3 -1 -2  2  0 -1  0 -1 -1 -2 -2  1  0 -3 -2 -1   19  15   0   0  10   0   0  20   3   2   9   0   0   0   0  13   5   0   0   5  0.18 0.05
   36 F    2  2 -1 -2 -2 -1 -1 -1 -2 -1 -2 -1 -2 -1  3  2  1 -3 -2 -1   23  15   0   0   0   0   0   0   0   3   0   0   0   2  19  24  12   0   0   2  0.37 0.08
   37 T    2  0 -1 -1 -2  0  0 -1 -1 -2 -2 -1 -2  1  1  2  2 -2  0 -1   23   5   0   0   0   4   4   0   0   0   0   0   0   7   8  31  14   0   4   0  0.27 0.07
   38 H    1  0 -1 -2 -2  1 -1 -2  2 -2 -1 -1 -1 -3  3  2  1 -3 -2  0   10   6   0   0   0   8   0   0  10   0   5   0   0   0  17  28   9   0   0   7  0.29 0.07
   39 Q    1 -1  0 -1 -2  0  0  0 -2 -1  0 -1 -1  0 -2  2  0 -3 -2  1   16   3   3   0   0   5   4   4   0   0   9   0   0   5   0  35   0   0   0  17  0.14 0.06
   40 F    1  0 -2 -2 -2 -1 -2 -2 -2  0  1 -1  0  2  0  1  1 -2 -1  1   17   5   0   0   0   0   0   0   0   0  23   0   0  14   5  17   8   0   0  10  0.13 0.05
   41 S    1  0 -1 -1 -2  0 -1 -2 -2  0 -1 -1  0 -2  2  3  2 -3 -1  0    8   6   0   0   0   4   0   0   0   5   2   0   4   0   9  37  18   0   3   5  0.23 0.06
   42 L    1 -2 -1 -2  1 -2 -2  0 -2  1  0 -2  0 -2  0  1  1 -3 -2  1   15   0   0   0   4   0   0   8   0  10  12   0   0   0   4  18  11   0   0  17  0.13 0.03
   43 S    2  1 -1 -2 -1 -1 -1  0 -2 -1  0 -1  0 -2 -2  3  2 -3 -2  0   18   8   0   0   0   0   0   4   0   0   8   0   4   0   0  40  14   0   0   5  0.24 0.06
   44 T    2 -2 -1 -1  1 -1  0  0 -2 -1 -1 -1  0 -1  0  3  2 -3 -2 -1   18   0   0   0   4   0   4   4   0   4   6   0   3   3   2  36  15   0   0   0  0.21 0.06
   45 S    3  0 -1 -2  1 -1 -1 -1 -2 -1 -1 -1 -1 -2 -1  2  2 -3 -2  0   40   4   0   0   4   0   0   0   0   0   3   0   0   0   0  28  13   0   0   8  0.27 0.05
   46 S    1  1 -1 -1 -1 -1 -1 -1 -2  0 -1  0 -1 -2  2  2  2 -3 -2  0   18  11   0   0   0   0   0   0   0   5   2   0   0   0   9  32  14   0   0   9  0.22 0.03
   47 S    2 -2 -1 -1 -1 -1  0  0 -2 -1  0 -1 -1 -2  2  1  1 -3 -2  0   25   0   0   3   0   0   6   8   0   0   9   0   0   0  10  12  17   0   0  10  0.18 0.02
   48 S    2 -2 -1  0 -1 -1 -1  0 -2 -1 -2 -1 -1 -3  3  3  2 -3 -2  0   19   0   0   3   0   0   0   3   0   0   0   0   0   0  15  36  17   0   0   7  0.35 0.04
   49 S    0 -1  0 -1 -2  0  2 -1 -1 -1 -1 -1 -1 -2  4  1  1 -3 -2  0    8   0   3   0   0   0  19   3   0   0   5   0   0   0  25  15  14   0   0   7  0.36 0.03
   50 I    1 -2 -2 -2 -1 -1 -1 -1 -2  2  1 -2  1 -1 -2  0  0 -2  0  2   13   0   0   0   0   0   3   4   0  10  14   0   4   0   0  12   5   0   3  33  0.13 0.02
   51 P    0 -1 -1  0 -2  1  1 -2 -2 -1  0 -1 -1 -2  5  0 -1 -3 -2 -1    7   0   0   3   0   9  14   0   0   0  18   0   0   0  47   3   0   0   0   0  0.72 0.02
   52 L    1 -1 -1  1 -1  0  0 -1 -1 -1  0 -1  0  0  2  1  0 -2 -1  0   22   0   0  16   0   4   2   0   0   0   8   0   4   4  12  13   3   0   0   9  0.14 0.01
   53 V   -1 -3 -3 -2 -1 -2 -3 -3 -3  3  1 -2  1 -1 -3 -2  0 -3 -1  4    0   0   0   4   0   0   0   0   0  37   0   0   0   0   0   0   0   0   0  59  0.36 0.02
   54 Y   -1 -2 -2 -3 -2 -2 -2 -3  0  1  1 -2  0  2 -2 -1  0  1  5  1    0   0   0   0   0   0   0   0   0   0  18   0   0   0   0   0  10   0  46  23  0.30 0.01
   55 C   -1 -3 -3 -4  9 -3 -4 -3 -3 -1 -1 -3  1 -2 -3 -1 -1 -2 -2 -1    0   0   0   0  91   0   0   0   0   0   0   0   9   0   0   0   0   0   0   0  1.17 0.03
   56 G    0 -2 -1 -1 -3 -2 -2  6 -2 -4 -4 -2 -3 -3 -2  0 -2 -3 -3 -3    0   0   0   0   0   0   0 100   0   0   0   0   0   0   0   0   0   0   0   0  1.09 0.02
   57 R   -2  6 -1 -2 -4  1  0 -2  0 -3 -2  2 -1 -3 -2 -1 -1 -3 -2 -3    0 100   0   0   0   0   0   0   0   0   0   0   0   0   0   0   0   0   0   0  0.82 0.02
   58 G    0 -2 -1 -1 -3 -2 -2  6 -2 -4 -4 -2 -3 -3 -2  0 -2 -3 -3 -3    0   0   0   0   0   0   0 100   0   0   0   0   0   0   0   0   0   0   0   0  1.09 0.02
   59 D   -2 -2  1  6 -4  0  1 -1 -1 -3 -4 -1 -3 -4 -2  0 -1 -4 -3 -3    0   0   0 100   0   0   0   0   0   0   0   0   0   0   0   0   0   0   0   0  0.99 0.02
   60 R   -1  3  0 -1 -3  1  0 -2 -1 -3 -2  4 -1 -3 -1  0  0 -3 -2 -2    0  29   0   0   0   3   0   0   0   0   0  60   0   0   0   0   8   0   0   0  0.48 0.01
   61 K   -1  3  0 -1 -3  1  0 -2 -1 -3 -2  4 -1 -3 -1  0 -1 -3 -2 -2    0  27   0   0   0   0   0   0   0   0   0  73   0   0   0   0   0   0   0   0  0.55 0.01
   62 T    0 -1  0 -1 -1 -1 -1 -2 -2 -1 -1 -1 -1 -2 -1  1  5 -3 -2  0    0   0   0   0   0   0   0   0   0   0   0   0   0   0   0   0 100   0   0   0  0.53 0.02
   63 A    1  1 -1 -1 -2  1  1 -1 -1 -2 -2  3 -1 -3 -1  0  0 -3 -2 -1   27   3   0   0   0   0  12   0   0   0   0  50   0   0   0   0   8   0   0   0  0.29 0.01
   64 K   -1  4  0 -1 -3  1  0 -2 -1 -3 -2  4 -1 -3 -2 -1 -1 -3 -2 -2    0  47   0   0   0   0   0   0   0   0   0  53   0   0   0   0   0   0   0   0  0.58 0.01
   65 G    0 -2 -1 -1 -3 -2 -2  6 -2 -4 -4 -2 -3 -3 -2  0 -2 -3 -3 -3    0   0   0   0   0   0   0 100   0   0   0   0   0   0   0   0   0   0   0   0  1.09 0.02
   66 K   -1  2  0 -1 -3  1  1 -2 -1 -3 -3  5 -1 -3 -1  0 -1 -3 -2 -2    0   0   0   0   0   0   0   0   0   0   0 100   0   0   0   0   0   0   0   0  0.57 0.02
   67 R   -2  6 -1 -2 -4  1  0 -2  0 -3 -2  2 -1 -3 -2 -1 -1 -3 -2 -3    0 100   0   0   0   0   0   0   0   0   0   0   0   0   0   0   0   0   0   0  0.82 0.02
   68 F   -1 -3 -3 -3 -2 -3 -3 -3 -1  0  0 -3  1  6 -3 -2 -2  1  3 -1    7   0   0   0   0   0   0   0   0   0   0   0   8  86   0   0   0   0   0   0  0.62 0.02
   69 N    0  2  3  0 -3  1  0 -1  0 -3 -3  3 -2 -3 -1  1  0 -3 -2 -2    3  14  32   0   0   0   0   0   0   0   0  39   0   0   0  11   0   0   0   0  0.37 0.01
   70 H   -1 -1  0  0 -3  0 -1  3  6 -4 -3 -1 -2 -2 -2 -1 -2 -3  0 -3    0   0   0   4   0   0   0  40  56   0   0   0   0   0   0   0   0   0   0   0  0.62 0.01
   71 S    1 -1  0  0 -1  0  0  0 -1 -2 -2  0 -2 -2 -1  4  2 -3 -2 -2    0   0   0   0   0   0   0   0   0   0   0   0   0   0   0  94   6   0   0   0  0.48 0.02
   72 F   -2 -2 -2 -3 -2 -2 -3 -3  1 -1 -1 -2 -1  5 -3 -2 -2  2  6 -1    0   0   0   0   0   0   0   0   0   0   0   0   0  37   0   0   0   0  63   0  0.77 0.02
   73 G    0 -2 -1 -1 -3 -2 -2  6 -2 -4 -4 -2 -3 -3 -2  0 -2 -3 -3 -3    0   0   0   0   0   0   0 100   0   0   0   0   0   0   0   0   0   0   0   0  1.09 0.02
   74 N   -2  0  6  1 -3  0  0 -1  0 -3 -3  1 -2 -3 -2  0  0 -4 -2 -3    0   0  89   0   0   0   0   0   0   0   0  11   0   0   0   0   0   0   0   0  0.69 0.02
   75 A    3 -2 -1 -2  4 -1 -1 -1 -2 -2 -2 -1 -1 -2  1  1  0 -3 -2 -1   60   0   0   0  18   0   0   0   0   0   0   0   0   0   7  15   0   0   0   0  0.39 0.03
   76 R   -2  6 -1 -2 -4  1  0 -3 -1 -3 -2  2 -2 -3 -2 -1 -1 -3 -2 -3    0 100   0   0   0   0   0   0   0   0   0   0   0   0   0   0   0   0   0   0  0.92 0.05
   77 P   -1 -2 -2 -2 -3 -1 -1 -2 -2 -3 -3  0 -2 -3  7 -1 -1 -3 -3 -2    1   0   0   0   0   0   0   1   0   0   1   6   0   0  88   1   0   0   0   0  1.78 0.04
   78 R   -1  4  0 -1 -3  2  0 -2  0 -3 -2  3 -1 -3 -1 -1 -1 -3 -2 -2    1  46   0   0   0  11   0   1   0   0   1  37   0   0   0   1   0   0   0   0  0.52 0.02
   79 N   -1  0  3  3 -3  1  3 -1  0 -3 -3  1 -2 -3 -1  0 -1 -3 -2 -2    1   0  31  18   0   5  28   1   0   0   1  11   0   0   0   1   0   0   0   0  0.43 0.02
   80 K   -1  2  0  0 -3  2  1 -2 -1 -3 -3  4 -1 -3 -1  0 -1 -3 -2 -2    0   0   3   0   0  14   7   0   0   0   0  70   0   0   0   7   0   0   0   0  0.48 0.03
   81 S   -1  1  1 -1 -3  1  0 -2 -1 -2 -1  4  2 -2 -1  0  0 -3 -2 -2    0   0  10   0   0   0   0   0   0   0   0  64  15   0   0   9   3   0   0   0  0.32 0.03
   82 K   -1  2 -1 -1 -3  0  1 -2 -1  2 -1  3  0 -2 -2 -1 -1 -3 -2  0    0   7   0   0   0   0  11   0   0  33   0  49   0   0   0   0   0   0   0   0  0.22 0.02
   83 G    0 -1 -1  0 -3  0  2  4 -1 -2 -3 -1 -2 -3 -2  0 -1 -3 -3 -1    0   0   0   0   0   3  31  56   0   0   0   0   0   0   0   0   0   0   0  11  0.50 0.02
   84 R   -1  4 -1 -2 -2  0 -1 -2 -1 -1 -2  1 -1 -2 -2  0  2 -3 -2  0    0  60   0   0   0   0   0   0   0   0   0   0   0   0   0   0  30   0   0  11  0.42 0.03
   85 G   -1 -2 -1 -2 -2 -2 -2  4 -2  2 -1 -2 -1 -1 -2 -1  0 -2  1  0    0   0   0   0   0   0   0  49   0  33   0   0   0   0   0   0   7   0  11   0  0.32 0.02
   86 P   -1  0 -1 -2 -2  0 -1 -2 -2 -2 -1  2 -1  1  5  0  0 -2 -1 -2    0   0   0   0   0   0   0   0   0   0  10  33   0  11  35   2  10   0   0   0  0.50 0.02
   87 E    1  0  0  3 -3  0  2 -1 -1 -2 -2  0 -2 -3  4  0 -1 -3 -3 -2   19   7   0  33   0   0  15   0   0   0   3   0   0   0  22   0   0   0   0   0  0.48 0.03
   88 R   -1  4 -1 -2 -3  0  0  1 -1 -1 -2  3 -1 -3 -2 -1 -1 -3 -2 -1    0  51   0   0   0   0   0  12   0   6   0  27   0   0   0   0   0   0   0   4  0.43 0.03
   89 V    0 -2 -1 -2 -1 -1  0 -3 -2  2  2 -2  1 -1 -1 -1  1 -3 -1  2    4   0   2   0   0   0  12   0   0   8  27   0   0   0   3   0  10   0   0  34  0.15 0.02
   90 P   -1 -1 -2 -1 -3  0  3 -3 -1  0 -1 -1 -1  1  4 -1 -1 -1  2 -1    2   0   0   0   0   0  34   0   0  13   0   0   0   7  30   0   0   0  14   0  0.48 0.03
   91 V    1 -2 -3 -3 -1 -2 -2 -2 -3  2  1 -2  0 -1 -2 -1  0 -3 -1  3   23   0   0   0   0   0   0   0   0   5  13   0   0   0   0   0   3   0   0  56  0.25 0.03
   92 P   -1 -1 -2 -2 -3 -1 -1 -2 -2 -3 -3  1 -3 -2  7 -1 -1 -4 -3 -3    0   0   0   0   0   0   0   0   0   0   0  13   0   3  84   0   0   0   0   0  1.71 0.06
   93 P   -1  3 -1 -2 -3  0 -1 -1 -1 -3 -3  2 -2 -3  5  0 -1 -3 -2 -2    2  28   0   0   0   0   0   2   0   0   0  13   0   0  45   7   0   0   0   2  0.81 0.04
   94 A    3  0  0  0 -1 -1 -1  0 -1 -2 -2  0 -1 -3 -1  3  0 -3 -2 -1   45   8   0   2   0   0   0   3   0   0   0   0   0   0   0  41   0   0   0   0  0.34 0.03
   95 P    1 -2 -1 -2 -2 -1 -1 -1 -2 -2 -2 -1 -2 -3  5  0  3 -3 -2 -1   22   0   0   0   0   0   0   0   0   0   0   0   0   0  38   0  40   0   0   0  0.71 0.04
   96 P   -1 -2 -2 -2 -3 -1 -1 -2 -2 -3 -3 -1 -2 -3  7  0  0 -3 -3 -2    1   0   0   0   0   0   1   1   0   0   1   0   0   0  83   4   5   0   0   1  1.67 0.05
   97 R   -1  3 -1 -1 -2  0  0 -2 -1 -1 -1  3 -1 -2 -1 -1  0 -2 -1  0    1  32   1   1   0   1   1   1   0   1   1  34   0   1   1   1   5   0   0  18  0.27 0.02
   98 K    1  2  0 -1 -2  1  0 -1 -1 -1 -2  4 -1 -3 -1  0 -1 -3 -2 -2   18   4   4   0   0   0   0   0   0   4   0  71   0   0   0   0   0   0   0   0  0.39 0.04
   99 D   -2  2  1  5 -4  0  1 -2 -1 -3 -3  1 -3 -3 -2 -1 -1 -4 -3 -3    0  18   0  65   0   0   4   0   0   0   0  13   0   0   0   0   0   0   0   0  0.67 0.04
  100 K   -1  3 -1 -1 -3  3  2 -2 -1 -2 -1  3 -1 -3  0 -1 -1 -3 -2 -2    0  25   0   0   0  21  13   0   0   4   5  28   0   0   4   0   0   0   0   0  0.37 0.02
  101 F   -2 -3 -3 -4 -2 -3 -3 -3 -2  0  1 -3  0  5 -3 -2 -2  6  2  0    0   0   0   0   0   0   0   0   0   0   9   0   0  56   0   4   0  18   0  13  0.64 0.04
  102 E   -1 -1  0  3 -4  1  5 -2 -1 -3 -3  0 -2 -3 -1  0 -1 -3 -2 -2    0   0   0  23   0   0  72   0   0   0   0   0   0   0   0   0   0   0   0   4  0.70 0.05
  103 N   -1 -1  2  5 -3  0  1 -1 -1 -3 -3 -1 -2 -3 -1  0 -1 -3 -2 -2    1   1   7  77   0   1   1   1   0   1   2   1   0   1   1   1   1   0   1   1  0.73 0.04
  104 D    0 -1  2  2 -2 -1  0  3 -1 -2 -2  0 -2 -2 -1  0  1 -2 -2 -2    1   1  12  21   0   1   1  35   0   1   2   5   0   1   1   1  14   0   1   1  0.31 0.01
  105 E   -1  0  0  1 -2  2  4 -2  0 -2 -2  0 -2 -2 -1  0  0 -2 -2 -2    1   1   1   1   0   6  69   1   0   1   2   1   0   1   1   6   5   0   1   1  0.50 0.03
  106 K   -1 -1 -2 -2 -1 -1 -1 -2 -2  1  0  1  0  2 -2 -1  0 -1  0  3    1   1   1   1   0   1   1   1   0   1   2  20   0  15   1   1   1   0   1  50  0.11 0.02
  107 I   -1 -2 -2 -2 -1 -2 -2 -2 -2  3  1 -2  1 -1 -2 -1  0 -2 -1  3    1   1   1   1   0   1   1   1   0  40   2   1   0   1   1   1   8   0   1  38  0.22 0.02
  108 K   -1  1  3  0 -3  1  1 -1  0 -3 -3  3 -2 -3  1  0 -1 -3 -2 -3    0   0  32   0   0   0  11   0   0   0   0  50   0   0   7   0   0   0   0   0  0.45 0.03
  109 I   -1 -3 -3 -3 -1 -3 -3 -4 -3  4  1 -3  1 -1 -3 -2 -1 -3 -2  3    0   0   0   0   0   0   0   0   0  77   0   0   0   0   0   0   0   0   0  23  0.47 0.04
  110 D   -1 -1  0  3 -4  1  5 -2 -1 -3 -3  0 -2 -3 -1  0 -1 -3 -2 -3    0   0   0  23   0   0  77   0   0   0   0   0   0   0   0   0   0   0   0   0  0.77 0.05
  111 I   -2 -3 -3 -3 -2 -3 -3 -4 -2  4  1 -3  1  0 -3 -2 -1 -1  3  2    0   0   0   0   0   0   0   0   0  82   0   0   0   0   0   0   0   0  18   0  0.43 0.04
  112 D   -2 -2  2  6 -4  0  1 -2  1 -3 -4 -1 -3 -4 -2  0 -1 -4 -3 -3    0   0   6  89   0   0   0   0   5   0   0   0   0   0   0   0   0   0   0   0  0.95 0.05
  113 E   -1 -1  0  2 -4  1  5 -2  0 -3 -3  0 -2 -3 -1  0 -1 -3 -2 -3    0   0   0  12   0   0  88   0   0   0   0   0   0   0   0   0   0   0   0   0  0.81 0.05
  114 S    2 -1  0  1 -1  0  0  0 -1 -2 -2 -1 -2 -3 -1  4  1 -3 -2 -2   19   0   0   8   0   0   0   0   0   0   0   0   0   0   0  74   0   0   0   0  0.43 0.04
  115 L   -2 -2 -3 -4 -1 -2 -3 -4 -3  2  4 -3  2  2 -3 -3 -1 -2 -1  1    0   0   0   0   0   0   0   0   0  10  82   0   0   8   0   0   0   0   0   0  0.44 0.02
  116 F   -2 -3 -3 -4 -2 -3 -3 -3 -2  0  1 -3  0  6 -4 -3 -2  1  3 -1    0   0   0   0   0   0   0   0   0   0  14   0   0  86   0   0   0   0   0   0  0.70 0.02
  117 S    0 -1  4  0 -2  0  0  2  0 -3 -3  0 -2 -3 -2  2  0 -3 -2 -2    0   0  44   0   0   0   0  15   0   0   0   0   0   0   0  41   0   0   0   0  0.42 0.01
  118 N    0 -1  4  1 -2  0  0  0  0 -3 -3  0 -2 -3 -1  3  1 -3 -2 -2    0   0  50   0   0   0   0   0   0   0   0   0   0   0   0  50   0   0   0   0  0.45 0.00

                      K         Lambda
Standard Ungapped    0.1295     0.3130
Standard Gapped      0.0357     0.2670
PSI Ungapped         0.1182     0.2988
PSI Gapped           0.0357     0.2670
