
Last position-specific scoring matrix computed, weighted observed percentages rounded down, information per position, and relative weight of gapless real matches to pseudocounts
           A  R  N  D  C  Q  E  G  H  I  L  K  M  F  P  S  T  W  Y  V   A   R   N   D   C   Q   E   G   H   I   L   K   M   F   P   S   T   W   Y   V
    1 M   -3 -3 -4 -5 -3 -2 -4 -4 -3  0  1 -3 10 -2 -4 -3 -2 -3 -3 -1    0   0   0   0   0   0   0   0   0   0   0   0 100   0   0   0   0   0   0   0  1.71 0.26
    2 P   -1 -4 -3 -3 -4 -3 -3 -3 -4 -4 -4 -2 -4 -5  8 -2 -2 -5 -4 -4    5   0   0   0   0   0   0   0   0   0   0   0   0   0  94   0   1   0   0   0  2.37 0.21
    3 T   -1 -3 -1 -2 -2 -2 -2 -3 -3 -2 -3 -2 -2 -4 -2  0  7 -4 -3 -1    0   0   0   0   0   0   0   0   0   0   0   0   0   0   0   0 100   0   0   0  1.25 0.21
    4 I   -2 -4 -4 -4 -2 -4 -4 -5 -4  6  1 -4  0 -1 -4 -3 -1 -4 -2  2    0   0   0   0   0   0   0   0   0  90   3   0   1   1   0   0   2   0   0   3  0.94 0.16
    5 K   -2  0  5  0 -4  5  0 -2  0 -4 -4  1 -2 -4 -3  0 -1 -4 -3 -4    1   0  46   0   0  41   2   0   0   0   0   5   0   0   0   5   0   0   0   0  0.82 0.15
    6 Q   -2  0 -1 -2 -5  8  1 -3 -1 -4 -4  0 -2 -5 -3 -2 -2 -4 -3 -4    0   0   0   0   0 100   0   0   0   0   0   0   0   0   0   0   0   0   0   0  1.59 0.24
    7 L   -3 -3 -5 -5 -2 -3 -4 -5 -4  1  5 -4  1 -1 -4 -4 -2 -3 -2  0    0   0   0   0   0   0   0   0   0   1  99   0   0   0   0   0   0   0   0   0  0.98 0.16
    8 I   -2 -4 -4 -4 -2 -3 -4 -5 -4  5  1 -3  0 -1 -4 -3 -1 -4 -2  5    0   0   0   0   0   0   0   0   0  47   1   0   0   0   0   0   1   0   0  51  0.73 0.13
    9 R   -3  7 -2 -3 -5  0 -1 -3 -1 -4 -4  2 -3 -4 -3 -2 -2 -4 -3 -4    0  93   0   0   0   1   0   0   1   0   0   3   0   0   0   1   1   0   0   0  1.37 0.19
   10 K   -1  1  2 -1 -3  1  0 -2  0 -3 -2  4 -1 -1 -2  1 -1 -3 -1 -3    1   2  15   0   0   5   1   0   2   0   2  53   1   4   0   9   2   0   1   0  0.42 0.10
   11 K    1 -1 -1 -1 -3 -1  1  5 -2 -3 -4 -1 -3 -4  3  0 -1 -3 -3 -2   11   2   1   0   0   2  10  49   0   0   0   2   0   0  14   4   4   0   0   1  0.57 0.08
   12 R   -3  7 -2 -3 -5  0 -1 -4 -2 -5 -4  1 -3 -4 -4 -2 -3 -4 -3 -4    0 100   0   0   0   0   0   0   0   0   0   0   0   0   0   0   0   0   0   0  1.56 0.21
   13 Q   -1  1 -1 -1 -3  4  2 -2 -1 -2 -2  3 -1 -3 -2  0  0 -3 -2 -1    1   2   0   0   0  27  17   0   1   1   1  32   0   1   0   7   7   0   0   4  0.41 0.09
   14 P    0  1 -1  1 -3  0  0 -2 -1 -2 -2  2 -1 -3  4  1  1 -4 -2 -1    6   7   1   8   0   2   4   1   1   1   3  24   1   0  21   8   9   0   0   3  0.33 0.05
   15 N    0  0 -1 -2 -2  0 -1 -3 -2  2  1  2  0 -1  0 -1 -1 -3 -2  1    6   2   2   0   0   6   2   0   0  25  10  22   1   1   4   3   2   0   0  14  0.12 0.05
   16 L    0  2 -1 -1 -2  0  1 -1 -1  0 -1  2 -1 -2  0  0  1 -3 -1  1    7  15   1   0   0   2   8   3   1   5   3  16   0   0   3   4   9   0   1  23  0.10 0.04
   17 N    0  1  2  0 -3  1  1 -1 -1 -2 -3  3 -2 -2 -2  1  1 -1 -1 -1    5   5  15   2   0   3   7   2   0   1   0  36   0   1   0   7   9   1   2   4  0.25 0.06
   18 V   -1  3  0 -2 -4  0  0 -2 -1 -2 -3  5 -2 -4 -2 -1 -1 -4 -3 -1    2  15   2   0   0   0   0   2   0   1   0  70   0   0   0   0   2   0   0   5  0.68 0.13
   19 T    0 -1  1 -1 -2 -1 -1 -1 -2 -2 -3  0 -2 -3 -2  3  4 -4 -3 -1    2   1   6   1   0   1   1   1   0   1   0   5   0   0   0  36  44   0   0   1  0.51 0.11
   20 K   -1  1  1  0 -4  0  0 -2 -2 -3 -3  6 -2 -4 -2  0  1 -4 -3 -3    3   0   5   4   0   0   0   1   0   0   0  74   0   0   0   3   8   0   0   0  0.69 0.14
   21 S    2 -2 -1 -2  0 -1 -1 -1 -2 -2 -2 -1 -2 -3 -2  4  2 -4 -2  1   20   0   0   0   1   0   0   0   0   0   0   0   0   0   0  51  15   0   0  13  0.44 0.11
   22 P   -1 -3 -3 -3 -4 -2 -2 -4 -4 -4 -4 -2 -2 -5  8 -2 -2 -5 -4 -3    2   1   0   0   0   1   0   0   0   0   1   0   1   0  92   1   0   0   0   1  2.27 0.21
   23 A    6 -3 -3 -3 -2 -2 -2 -1 -1 -3 -3 -2 -2 -4 -2  0 -1 -4 -3 -1   98   0   0   0   0   0   0   0   2   0   0   0   0   0   0   0   0   0   0   0  0.97 0.18
   24 L   -3 -3 -5 -5 -2 -3 -4 -5 -4  1  5 -4  2 -1 -4 -4 -2 -3 -2  0    0   0   0   0   0   0   0   0   0   0  97   0   2   0   0   0   0   0   0   0  0.95 0.15
   25 R   -1  3  0  1 -3  3  2 -2 -1 -3 -3  4 -1 -4 -2 -1 -1 -4 -3 -2    1  13   3   6   0  21  10   1   0   0   0  40   1   0   0   0   1   0   0   2  0.49 0.09
   26 G    2 -1  1 -1 -1 -1  0  4 -2 -3 -3 -1 -2 -3 -2  2 -1 -3 -3 -2   18   2   9   0   1   2   7  38   0   0   1   1   1   0   0  18   0   0   0   0  0.40 0.07
   27 C   -1 -4  1 -3 10 -3 -4 -3 -3 -3 -3 -4 -3 -4 -4  1 -2 -4 -4 -2    1   0   8   0  76   0   0   1   0   0   0   0   0   0   0  14   0   0   0   0  1.65 0.20
   28 P   -2 -4 -4 -3 -4 -3 -3 -4 -4 -4 -4 -2 -4 -5  8 -2 -3 -5 -5 -4    1   0   0   0   0   0   0   0   0   0   0   0   0   0  99   0   0   0   0   0  2.58 0.23
   29 Q   -2  0 -1 -2 -4  8  1 -3 -1 -4 -3  0  0 -5 -3 -2 -2 -3 -3 -4    1   0   0   0   0  96   1   0   0   0   0   0   2   0   0   0   0   0   0   0  1.46 0.22
   30 R   -2  6 -1 -2 -5  0 -1 -3 -1 -4 -3  4 -2 -4 -3 -2 -2 -4 -3 -4    0  64   0   0   0   1   0   0   0   0   1  34   0   0   0   0   0   0   0   0  1.04 0.15
   31 R   -3  7 -2 -3 -5  0 -1 -4 -2 -5 -4  1 -3 -4 -4 -2 -2 -4 -3 -4    0  99   0   0   0   0   0   0   0   0   0   1   0   0   0   0   0   0   0   0  1.53 0.20
   32 G   -1 -4 -2 -3 -4 -3 -3  7 -3 -5 -5 -3 -4 -4 -3 -1 -3 -4 -4 -4    1   0   0   0   0   0   0  99   0   0   0   0   0   0   0   0   0   0   0   0  1.60 0.18
   33 T   -1 -3 -4 -4 -2 -3 -4 -4 -3  2  0 -3  0 -2 -3 -2  0 -4 -2  6    0   1   0   0   0   0   0   0   1   5   0   0   0   0   0   0   6   0   0  88  0.80 0.15
   34 C   -2 -5 -4 -5 11 -5 -5 -4 -5 -3 -3 -5 -3 -4 -5 -3 -2 -4 -4 -2    0   0   0   0 100   0   0   0   0   0   0   0   0   0   0   0   0   0   0   0  2.63 0.26
   35 T   -1 -2 -1 -2 -2 -2 -2 -3 -3  0 -1 -2 -1 -3 -2  0  6 -4 -3  1    2   0   1   0   0   0   0   0   0   2   3   0   0   0   0   1  80   0   0  11  0.79 0.16
   36 R   -3  7 -2 -3 -5  0 -1 -4 -2 -4 -3  1 -3 -4 -4 -2 -2 -4 -3 -2    0  96   0   0   0   0   0   0   0   0   0   1   0   0   0   0   0   0   0   2  1.43 0.20
   37 V   -1 -4 -4 -5 -2 -3 -4 -5 -4  2  0 -4  0 -2 -4 -3 -1 -4 -2  6    0   0   0   0   0   0   0   0   0   0   1   0   0   0   0   0   1   0   0  98  0.99 0.18
   38 Y   -3 -3 -3 -4 -4 -3 -3 -4  1 -3 -2 -2  0  2 -4 -2 -2  1  9 -3    0   0   0   0   0   0   0   0   0   0   0   3   3   1   0   1   1   0  90   0  1.60 0.21
   39 T   -1 -3 -1 -2 -2 -2 -2 -3 -3 -2 -3 -2 -2 -4 -2  0  7 -4 -3 -1    0   0   0   0   0   0   0   0   0   0   0   0   0   0   0   0 100   0   0   0  1.25 0.21
   40 I   -1 -2 -1 -2 -2 -1 -2 -3 -3  1 -1 -2  0 -2 -2  1  5 -3 -2  1    2   0   1   0   0   1   0   0   0  11   0   0   3   1   0   5  70   0   0   6  0.62 0.13
   41 T   -1 -2  0 -2 -2 -2 -2 -3 -3 -2 -3 -2 -2 -4 -2  0  7 -4 -3 -1    0   0   4   0   0   0   0   0   0   0   0   0   0   0   0   1  94   0   0   0  1.12 0.19
   42 P   -2 -4 -4 -3 -4 -3 -3 -4 -4 -4 -4 -2 -4 -5  8 -2 -3 -5 -5 -4    0   0   0   0   0   0   0   0   0   0   0   0   0   0 100   0   0   0   0   0  2.60 0.23
   43 K   -2  1 -1 -2 -5  0  0 -3 -2 -4 -4  7 -3 -5 -2 -1 -2 -4 -3 -4    0   2   0   0   0   0   0   0   0   0   0  98   0   0   0   0   0   0   0   0  1.23 0.19
   44 K   -2  1 -1 -2 -5  0  0 -3 -2 -4 -4  7 -3 -5 -2 -1 -2 -4 -3 -4    0   0   0   0   0   0   0   0   0   0   0 100   0   0   0   0   0   0   0   0  1.25 0.20
   45 P   -2 -4 -4 -3 -4 -3 -3 -4 -4 -4 -4 -2 -4 -5  8 -2 -3 -5 -5 -4    0   0   0   0   0   0   0   0   0   0   0   0   0   0 100   0   0   0   0   0  2.60 0.23
   46 N   -3 -2  8  0 -4 -1 -2 -2 -1 -5 -5 -2 -4 -5 -4 -1 -1 -5 -4 -4    0   0 100   0   0   0   0   0   0   0   0   0   0   0   0   0   0   0   0   0  1.61 0.22
   47 S    0 -2 -1 -2 -2 -1 -1 -2 -2 -4 -4 -1 -3 -4 -2  6  0 -4 -3 -3    0   0   0   0   0   0   0   0   0   0   0   0   0   0   0 100   0   0   0   0  1.10 0.20
   48 A    6 -3 -3 -3 -2 -2 -2 -1 -3 -3 -3 -2 -2 -4 -2  0 -1 -4 -3 -1  100   0   0   0   0   0   0   0   0   0   0   0   0   0   0   0   0   0   0   0  1.01 0.18
   49 L   -2 -3 -4 -4 -2 -3 -4 -5 -4  1  5 -3  3 -1 -4 -3 -2 -3 -2  0    0   0   0   1   0   0   0   0   0   2  89   0   7   0   0   0   1   0   0   0  0.82 0.14
   50 R   -3  7 -2 -3 -5  0 -1 -4 -2 -5 -4  1 -3 -4 -4 -2 -3 -4 -3 -4    0 100   0   0   0   0   0   0   0   0   0   0   0   0   0   0   0   0   0   0  1.56 0.21
   51 K   -2  1 -1 -2 -5  0  0 -3 -2 -4 -4  7 -3 -5 -2 -1 -2 -4 -3 -4    0   0   0   0   0   0   0   0   0   0   0 100   0   0   0   0   0   0   0   0  1.25 0.20
   52 V   -1 -4 -4 -4 -2 -4 -4 -5 -4  2  0 -4  0 -2 -4 -3 -1 -4 -2  6    0   0   0   0   0   0   0   0   0   5   0   0   0   0   0   0   0   0   0  95  0.96 0.17
   53 A    6 -3 -3 -3  1 -2 -2 -1 -3 -2 -3 -2 -2 -3 -2  0 -1 -4 -3 -1   95   0   0   0   3   0   0   0   0   0   0   0   0   0   0   0   2   0   0   0  0.91 0.17
   54 R   -3  7 -2 -3 -5  0 -1 -4 -1 -4 -4  2 -3 -4 -3 -2 -2 -4 -3 -4    0  89   0   0   0   0   0   0   0   0   0  11   0   0   0   0   0   0   0   0  1.34 0.18
   55 V   -1 -4 -4 -5 -2 -4 -4 -5 -5  2  0 -4  0 -2 -4 -3 -1 -4 -2  6    0   0   0   0   0   0   0   0   0   3   0   0   0   0   0   0   0   0   0  97  0.99 0.17
   56 R   -3  7 -2 -3 -5  0 -1 -4 -2 -4 -4  2 -3 -4 -3 -2 -2 -4 -3 -4    0  94   0   0   0   0   0   0   0   0   0   6   0   0   0   0   0   0   0   0  1.44 0.19
   57 L   -3 -3 -5 -5 -2 -3 -4 -5 -4  1  5 -4  1 -1 -4 -3 -2 -3 -2  0    0   0   0   0   0   0   0   0   0   0  98   0   1   0   0   1   0   0   0   0  0.95 0.15
   58 T   -1 -2  0 -2 -2 -2 -2 -2 -3 -2 -3 -2 -2 -3 -2  2  6 -4 -3 -1    1   0   2   0   0   0   0   0   0   0   0   0   0   0   0  15  82   0   0   0  0.92 0.17
   59 S   -1 -2  6  0 -3 -1 -1 -1 -1 -4 -4 -1 -3 -4 -2  4  1 -4 -3 -3    0   0  51   0   0   0   0   1   0   0   0   0   0   0   0  42   6   0   0   0  0.79 0.14
   60 G   -1 -2 -1 -2 -4 -2 -3  6 -3 -5 -5 -1 -4 -4 -3 -1 -2 -4 -4 -4    1   2   0   0   0   1   0  91   0   0   0   2   0   0   0   2   0   0   0   0  1.35 0.16
   61 I   -2 -3 -3 -4 -3 -2 -3 -4 -1  3  0 -1  1  5 -4 -3 -1 -1  3  1    1   0   1   0   0   1   0   0   1  30   1   5   3  41   0   0   2   0  10   4  0.50 0.10
   62 E   -2 -1 -2  0 -5  1  7 -4 -1 -4 -4  0 -3 -5 -2 -1 -2 -4 -3 -3    0   0   0   0   0   0  99   0   0   0   0   0   0   0   0   0   0   0   0   1  1.37 0.20
   63 I   -1 -4 -4 -4 -1 -3 -4 -4 -4  3  0 -3  0 -2 -4 -3 -1 -4 -2  6    0   0   0   0   0   0   0   0   0  15   0   0   0   0   0   1   0   0   0  84  0.83 0.15
   64 T   -1 -2  1 -2 -2 -2 -2 -3 -3  1 -2 -2 -2 -3 -2  1  6 -2 -3 -1    1   0   5   0   0   0   0   0   0  10   1   0   0   0   0   5  77   0   0   1  0.76 0.15
   65 A    5 -2 -2 -2  0 -2 -2 -1 -2 -2 -3 -2 -2 -3 -2  3  0 -4 -3 -1   70   0   0   0   2   0   0   1   0   0   0   0   0   0   0  24   3   0   0   0  0.64 0.13
   66 Y   -3 -3 -4 -5 -4 -3 -4 -5  0 -3 -3 -3 -3  2 -5 -3 -3  1  9 -3    0   0   0   0   0   0   0   0   0   0   0   0   0   1   0   0   0   0  99   0  1.94 0.24
   67 I   -3 -4 -5 -5 -2 -4 -5 -5 -5  7  0 -4  0 -1 -4 -4 -2 -4 -3  2    0   0   0   0   0   0   0   0   0  99   0   0   0   0   0   0   0   0   0   1  1.13 0.18
   68 P   -2 -4 -3 -3 -4 -3 -3  1 -4 -4 -4 -2 -4 -5  8 -2 -2 -5 -4 -4    0   0   0   0   0   0   0  11   0   0   0   0   0   0  89   0   0   0   0   0  2.20 0.20
   69 G   -1 -4 -2 -3 -4 -3 -3  7 -3 -5 -5 -3 -4 -5 -3 -1 -3 -4 -4 -5    0   0   0   0   0   0   0 100   0   0   0   0   0   0   0   0   0   0   0   0  1.63 0.18
   70 I   -2 -2 -3 -1 -3 -1  4 -4 -2  4 -1 -2  0 -2 -3 -2 -1 -4 -3  2    0   0   0   0   0   0  41   0   0  46   0   0   1   0   0   0   1   0   0  12  0.49 0.12
   71 G   -1 -3 -1 -1 -4 -3 -3  7 -3 -5 -5 -2 -4 -4 -3 -1 -3 -4 -4 -4    1   0   1   2   0   0   0  95   0   0   0   1   0   0   0   1   0   0   0   0  1.48 0.17
   72 H   -3 -2 -1 -3 -5 -1 -2 -4 10 -5 -5 -2 -3 -3 -4 -2 -3 -4  0 -5    0   0   0   0   0   0   0   0 100   0   0   0   0   0   0   0   0   0   0   0  2.22 0.26
   73 N   -3 -2  8  0 -4 -1 -1 -2 -1 -5 -5 -1 -4 -5 -3  0 -1 -5 -4 -4    0   0  96   1   0   0   1   0   0   0   0   0   0   0   0   1   0   0   0   0  1.50 0.21
   74 L   -2 -3 -4 -5 -2 -3 -4 -5 -4  1  5 -4  1 -1 -4 -2 -2 -3 -2  0    0   0   0   0   0   0   0   0   0   3  94   0   0   0   0   3   0   0   0   0  0.87 0.15
   75 Q   -2  0 -1 -2 -5  8  1 -3 -1 -4 -4  0 -2 -5 -3 -2 -2 -4 -3 -4    0   0   0   0   0  99   0   0   0   0   0   1   0   0   0   0   0   0   0   0  1.56 0.23
   76 E   -2 -1 -2  1 -5  1  7 -4 -1 -5 -4  0 -3 -5 -2 -1 -2 -4 -3 -4    0   0   0   1   0   0  99   0   0   0   0   0   0   0   0   0   0   0   0   0  1.39 0.20
   77 H   -3 -1 -1 -3 -5 -1 -2 -4 10 -5 -5 -2 -3 -3 -4 -2 -3 -4  0 -5    0   1   0   0   0   0   0   0  99   0   0   0   0   0   0   0   0   0   0   0  2.17 0.25
   78 S    0 -2  0 -2 -2 -1 -1 -1 -2 -4 -4 -1 -3 -4 -2  6  0 -4 -3 -3    3   0   1   0   0   0   0   0   0   0   0   0   0   0   0  96   0   0   0   0  1.02 0.19
   79 S   -1 -4 -4 -4 -2 -3 -4 -4 -4  4  0 -3  1 -2 -3 -2 -1 -4 -2  5    0   0   0   0   0   0   0   0   0  23   1   0   2   0   0   2   0   0   0  72  0.72 0.13
   80 V   -1 -4 -4 -5 -2 -4 -4 -5 -5  2  0 -4  0 -2 -4 -3 -1 -4 -2  6    0   0   0   0   0   0   0   0   0   1   0   0   0   0   0   0   0   0   0  99  1.01 0.18
   81 L   -2 -3 -4 -5 -2 -3 -4 -5 -4  1  5 -4  3 -1 -4 -3 -2 -3 -2  0    0   0   0   0   0   0   0   0   0   0  93   0   6   0   0   1   0   0   0   0  0.89 0.15
   82 V   -1 -4 -4 -4 -1 -3 -4 -4 -4  5  1 -3  0 -1 -4 -3 -1 -4 -2  4    1   0   0   0   1   0   0   0   0  46   3   0   0   0   0   0   0   0   0  50  0.70 0.12
   83 R   -3  7 -2 -3 -5  0 -1 -4 -2 -5 -4  1 -3 -4 -4 -2 -3 -4 -3 -4    0 100   0   0   0   0   0   0   0   0   0   0   0   0   0   0   0   0   0   0  1.56 0.21
   84 G   -1 -4 -2 -3 -4 -3 -3  7 -3 -5 -5 -3 -4 -5 -3 -1 -3 -4 -4 -5    0   0   0   0   0   0   0 100   0   0   0   0   0   0   0   0   0   0   0   0  1.63 0.18
   85 G   -1 -4 -2 -3 -4 -3 -3  7 -3 -5 -5 -3 -4 -5 -3 -1 -3 -4 -4 -5    0   0   0   0   0   0   0 100   0   0   0   0   0   0   0   0   0   0   0   0  1.63 0.18
   86 R   -3  7 -2 -3 -5  0 -1 -3 -2 -5 -4  1 -3 -4 -4 -2 -2 -4 -3 -4    0  99   0   0   0   0   0   1   0   0   0   0   0   0   0   0   0   0   0   0  1.51 0.20
   87 V   -1 -4 -4 -4 -2 -3 -4 -5 -4  2  0 -4  0 -2 -4 -3 -1 -4 -2  6    0   0   0   0   0   0   0   0   0   1   0   0   0   0   0   0   1   0   0  98  0.99 0.17
   88 K   -2  1 -1 -2 -4  0  0 -3 -2 -4 -4  7 -3 -5 -2 -1 -2 -4 -3 -4    1   1   0   0   0   0   0   0   0   0   0  97   0   0   1   0   0   0   0   0  1.19 0.19
   89 D   -3 -3  0  8 -5 -2  0 -3 -2 -5 -5 -2 -5 -5 -3 -2 -2 -6 -5 -5    0   0   0 100   0   0   0   0   0   0   0   0   0   0   0   0   0   0   0   0  1.69 0.20
   90 L   -3 -3 -5 -5 -2 -3 -4 -5 -4  1  6 -4  1 -1 -4 -4 -2 -3 -2  0    0   0   0   0   0   0   0   0   0   0 100   0   0   0   0   0   0   0   0   0  0.99 0.16
   91 P   -2 -4 -4 -3 -4 -3 -3 -4 -4 -4 -4 -2 -4 -5  8 -2 -3 -5 -5 -4    0   0   0   0   0   0   0   0   0   0   0   0   0   0 100   0   0   0   0   0  2.60 0.23
   92 G   -1 -4 -2 -3 -4 -3 -3  7 -3 -5 -5 -3 -4 -5 -3 -1 -3 -4 -4 -5    0   0   0   0   0   0   0 100   0   0   0   0   0   0   0   0   0   0   0   0  1.63 0.18
   93 V   -1 -4 -4 -5 -1 -4 -4 -5 -4  2  0 -4  0 -2 -4 -3 -1 -4 -2  6    0   0   0   0   1   0   0   0   0   2   0   0   0   0   0   0   0   0   0  98  0.98 0.17
   94 R   -3  7 -2 -3 -5  0 -1 -4 -2 -4 -4  2 -3 -4 -3 -2 -2 -4 -3 -4    0  95   0   0   0   0   0   0   0   0   0   5   0   0   0   0   0   0   0   0  1.44 0.19
   95 Y   -3 -3 -4 -5 -4 -3 -4 -5  0 -3 -3 -3 -3  2 -5 -3 -3  1  9 -3    0   0   0   0   0   0   0   0   0   0   0   0   0   0   0   0   0   0 100   0  1.97 0.24
   96 H   -3  0 -1 -2 -5 -1 -1 -3  9 -5 -4  1 -3 -3 -3 -2 -2 -4  0 -4    0   3   0   0   0   0   0   0  83   0   0  12   0   0   0   0   1   0   0   0  1.63 0.21
   97 I   -2 -4 -4 -4 -2 -4 -4 -5 -4  6  1 -4  1 -1 -4 -3  0 -4 -2  2    0   0   0   0   0   0   0   0   0  84   1   0   1   0   0   0   5   0   0   8  0.86 0.15
   98 I   -1 -4 -4 -4 -2 -3 -4 -4 -4  4  1 -3  0 -1 -4 -3 -1 -4 -2  5    0   0   0   0   0   0   0   0   0  35   4   0   0   0   0   0   0   0   0  61  0.72 0.13
   99 R   -3  7 -2 -3 -5  0 -1 -4 -2 -5 -4  1 -3 -4 -4 -2 -3 -4 -3 -4    0 100   0   0   0   0   0   0   0   0   0   0   0   0   0   0   0   0   0   0  1.56 0.21
  100 G   -1 -4 -2 -3 -4 -3 -3  7 -3 -5 -5 -3 -4 -5 -3 -1 -3 -4 -4 -5    0   0   0   0   0   0   0 100   0   0   0   0   0   0   0   0   0   0   0   0  1.63 0.18
  101 T    3 -2 -1 -2 -1 -1 -2 -1 -2 -1 -2 -1 -2 -3 -1  2  4 -3 -3  0   35   0   0   0   0   0   0   0   0   1   0   0   0   0   1  16  42   0   0   5  0.47 0.11
  102 L   -3 -3 -4 -5 -2 -3 -4 -5 -3  1  5 -2  1 -1 -4 -3 -2 -3 -2  0    0   0   0   0   0   0   0   0   0   0  95   3   0   0   0   0   0   0   0   0  0.87 0.15
  103 D   -3 -3  0  8 -5 -2  0 -3 -2 -5 -5 -2 -5 -5 -3 -2 -2 -6 -5 -5    0   0   0 100   0   0   0   0   0   0   0   0   0   0   0   0   0   0   0   0  1.69 0.20
  104 A    3 -2 -1 -2  1 -2 -2 -2 -3 -2 -2 -2 -2 -3 -2  1  5 -4 -3 -1   30   0   0   0   3   0   0   0   0   0   3   0   0   0   0   6  58   0   0   1  0.58 0.13
  105 V    3 -1 -2 -2 -2  3 -1  0 -2 -1 -1 -1 -1 -2 -2  1  0 -3 -2  1   41   0   0   1   0  21   1   4   0   1   7   0   0   0   0   9   2   0   0  15  0.25 0.08
  106 G    0 -3 -2 -2 -4 -3 -3  7 -3 -5 -5 -2 -4 -4 -2 -1 -3 -4 -4 -4    3   0   0   0   0   0   0  93   0   0   0   1   0   0   2   1   0   0   0   0  1.42 0.16
  107 V   -1 -4 -4 -5 -2 -3 -4 -4 -4  2  0 -4  0 -2 -4 -3 -1 -4 -2  6    1   0   0   0   0   0   0   0   0   0   0   0   0   0   0   0   0   0   0  99  1.00 0.18
  108 K    1  2  0  0 -3  2  2 -2 -1 -3 -3  4 -2 -4 -2  0 -1 -4 -3 -3   11   5   4   5   0   9  11   0   0   0   0  52   0   0   0   2   0   0   0   0  0.49 0.09
  109 D   -2 -2  4  5 -4 -1  0  2 -1 -4 -5  0 -4 -4 -3 -1 -2 -5 -4 -4    0   0  28  46   0   0   1  19   0   0   0   4   0   0   0   1   0   0   0   0  0.76 0.11
  110 R   -3  7 -2 -3 -5  0 -1 -4 -2 -5 -4  1 -3 -4 -4 -2 -3 -4 -3 -4    0 100   0   0   0   0   0   0   0   0   0   0   0   0   0   0   0   0   0   0  1.56 0.21
  111 Q   -1  3  1 -1 -2  2  0 -2  0 -2 -2  4  0 -3 -2 -1  0 -3 -2 -2    1  19   5   0   1  11   1   1   2   1   3  45   2   0   0   1   4   0   0   2  0.41 0.09
  112 Q   -2  1  0 -2 -4  7  1 -3 -1 -4 -4  1 -2 -5 -3 -1 -2 -3 -3 -3    0   5   3   0   0  85   0   0   0   0   0   6   0   0   0   0   1   0   0   1  1.19 0.19
  113 G    2  1 -1 -2 -2 -1 -2  4 -2 -4 -4 -1 -3 -4 -2  2 -1 -3 -3 -3   17  11   0   0   0   0   0  44   0   0   0   0   0   0   0  27   0   0   0   0  0.57 0.10
  114 R   -3  7 -2 -3 -5  0 -1 -4 -2 -5 -4  1 -3 -4 -4 -2 -3 -4 -3 -4    0 100   0   0   0   0   0   0   0   0   0   0   0   0   0   0   0   0   0   0  1.56 0.21
  115 S    0 -2 -1 -2 -2 -1 -1 -2 -2 -4 -4 -1 -3 -4 -2  6  0 -4 -3 -3    0   0   0   0   0   0   0   0   0   0   0   0   0   0   0 100   0   0   0   0  1.10 0.20
  116 K   -2  2 -1 -2 -4  0  0 -3  0 -4 -3  6 -2 -4 -2 -1 -2 -4 -3 -3    0   8   1   0   0   0   0   0   2   0   3  87   0   0   0   0   0   0   0   0  0.99 0.17
  117 Y   -3 -3 -4 -5 -4 -3 -4 -5  0 -3 -3 -3 -2  2 -5 -3 -3  1  9 -3    0   0   0   0   0   0   0   0   0   0   0   0   1   1   0   0   0   0  99   0  1.92 0.24
  118 G   -1 -4 -2 -3 -4 -3 -3  7 -3 -5 -5 -3 -4 -4 -3 -1 -3 -4 -4 -5    0   0   0   0   0   0   0 100   0   0   0   0   0   0   0   0   0   0   0   0  1.62 0.17
  119 V    4 -2 -2 -3 -1 -2 -2 -1 -3 -1 -2 -2 -1 -3 -2  0  1 -4 -3  2   64   0   0   0   0   0   0   1   0   0   0   0   0   0   0   2  11   0   0  21  0.47 0.11
  120 K   -2  1 -1 -2 -4  0  0 -3 -2 -4 -4  7 -3 -4 -2 -1 -2 -4 -3 -4    0   1   0   0   0   0   0   0   0   0   0  97   0   0   0   1   0   0   0   0  1.18 0.19
  121 I   -2  5 -1 -2 -3  0 -1 -3 -1 -3 -3  4  0 -4 -3 -1 -1 -4 -3 -3    1  50   0   0   1   1   0   0   0   1   0  43   3   0   0   1   1   0   0   0  0.83 0.13
  122 K    0 -3 -3 -2 -4 -1  1 -2 -1 -4 -4 -1 -3 -5  7 -1 -2 -5 -4 -3    6   0   0   0   0   2  10   1   1   0   1   1   0   0  74   3   0   0   0   0  1.62 0.16
  123 N   -2  1  0 -2 -4  0  0 -2 -2 -3 -4  6 -3 -4 -2 -1 -1 -4 -3 -3    0   0   2   0   0   0   0   0   0   1   0  92   0   0   0   3   1   0   0   0  1.05 0.17
  124 K   -1  1 -1 -1 -4  2  2 -2 -1 -4 -3  5 -2 -4 -2 -1 -1 -4 -3 -3    0   0   0   0   0   9  13   0   0   0   0  78   0   0   0   0   0   0   0   0  0.71 0.08

                      K         Lambda
Standard Ungapped    0.1372     0.3194
Standard Gapped      0.0533     0.2670
PSI Ungapped         0.1736     0.3113
PSI Gapped           0.0533     0.2670
