
Last position-specific scoring matrix computed, weighted observed percentages rounded down, information per position, and relative weight of gapless real matches to pseudocounts
           A  R  N  D  C  Q  E  G  H  I  L  K  M  F  P  S  T  W  Y  V   A   R   N   D   C   Q   E   G   H   I   L   K   M   F   P   S   T   W   Y   V
    1 M   -1 -2 -3 -4 -2 -1 -2 -3 -2  1  1 -2  7  0 -3 -2 -1 -2 -1  0    0   0   0   0   0   0   0   0   0   0   0   0 100   0   0   0   0   0   0   0  0.82 0.10
    2 S    1 -1  0 -1 -1 -1 -1 -1 -1 -3 -3 -1 -2 -3 -1  5  1 -3 -2 -2    0   0   0   0   0   0   0   0   0   0   0   0   0   0   0 100   0   0   0   0  0.71 0.10
    3 V    0 -3 -3 -3 -1 -2 -2 -3 -3  2  0 -2  0 -1  3 -1 -1 -3 -2  3    9   0   0   0   0   0   0   0   0  16   0   0   0   0  17   0   0   0   0  58  0.40 0.05
    4 S    0 -1  0 -1 -1 -1 -1 -1 -2 -1 -2 -1 -1 -2 -1  4  1 -3 -2  1    0   0   0   0   0   0   0   0   0   0   0   0   0   0   0  83   0   0   0  17  0.49 0.08
    5 A    3 -1 -1 -1 -1 -1 -1 -1 -2 -2 -2 -1 -2 -3 -1  3  2 -3 -2 -1   40   0   0   0   0   0   0   0   0   0   0   0   0   0   0  45  15   0   0   0  0.46 0.09
    6 I    1 -3 -3 -3 -2 -3 -3 -3 -3  4  1 -3  2  2 -3 -2 -1 -2 -1  2   15   0   0   0   0   0   0   0   0  60   0   0   7  11   0   0   0   0   0   8  0.37 0.08
    7 F   -3 -3 -4 -4 -3 -3 -4 -4 -2  0  2 -3  0  6 -4 -3 -2  0  2 -1    0   0   0   0   0   0   0   0   0   0  23   0   0  77   0   0   0   0   0   0  0.94 0.12
    8 G   -1 -3 -1 -2 -3 -2 -3  5 -3 -3  0 -2 -2 -3 -3 -1 -2 -3 -3 -3    0   0   0   0   0   0   0  85   0   0  15   0   0   0   0   0   0   0   0   0  1.00 0.11
    9 A    2 -2 -1 -2  5 -1 -1 -1 -2 -1 -1 -1 -1 -2  1  2  1 -3 -2 -1   30   0   0   0  20   0   0   0   0   0   8   0   0   0   8  24  11   0   0   0  0.35 0.06
   10 R   -1  2 -1 -1 -3  2 -1  4 -1 -3 -3  0 -2 -3  2 -1 -1 -3 -2 -3    1  18   0   0   0  15   0  47   0   0   1   0   0   0  14   1   0   0   0   0  0.55 0.07
   11 V   -1 -2 -2 -3 -1 -2 -2 -3 -2  2  1 -2  2  1 -2 -1  1 -2 -1  3    1   0   0   0   0   0   0   1   0  11   8   0   8   7   0   1  16   0   0  46  0.25 0.05
   12 V    1 -2 -2 -2 -1 -2 -2 -2 -2  1  1 -2  0 -1 -2  1  0  4 -1  3   15   0   0   0   0   0   0   1   0   0  13   0   0   0   0  14   0  10   0  44  0.26 0.06
   13 T    0 -2 -2 -2 -1 -1 -2 -2 -2  1  1 -2  2 -1 -2  1  2 -3 -2  2    7   0   0   0   0   0   0   0   0   7  13   0  13   0   0  17  17   0   0  27  0.19 0.05
   14 I    1  1 -2 -3 -1 -1 -2 -2 -2  1  1 -1  1 -1  2 -1 -1 -3 -2  2   25  10   0   0   0   0   0   0   0   7  15   0   6   0  14   0   0   0   0  23  0.21 0.05
   15 P    1 -1 -2 -2 -3 -1 -1 -2 -2 -3 -3  1 -3 -4  6  0 -1 -4 -3 -2   15   0   0   0   0   0   0   0   0   0   0  15   0   0  62   7   0   0   0   0  1.26 0.13
   16 S    1  1  3  1 -2  0  0 -1 -1 -2 -2  1 -2 -3  2  1  0 -3 -2 -1   16   6  23   9   0   0   0   0   0   0   0  12   0   0  10  18   0   0   0   6  0.27 0.06
   17 V    0  0 -1 -1 -2 -1 -1 -1  2 -1 -1 -1  1 -2  4  2  0 -2 -1  0    8   6   1   1   0   1   1   1   9   1   1   1  10   0  24  28   1   0   0   6  0.35 0.06
   18 L    1 -1 -1 -2  4 -1 -1 -1 -2  1  1 -1  0 -1 -1  1  0 -2 -1  0   15   1   1   1  15   1   2   2   1  11  27   2   1   1   1  13   2   0   1   2  0.12 0.03
   19 R    0  2  0 -1 -1  0  0 -1 -1 -2 -2  1 -1 -2  2  2  2 -2 -2 -1    8  18   1   1   0   1   1   2   0   1   2   8   0   1  14  22  16   0   1   1  0.26 0.04
   20 T    1 -1  1 -1 -1  1  0 -1 -1 -1 -2  0 -1 -2  2  1  3 -2 -2 -1   16   1   6   1   0   7   1   2   0   1   2   7   0   1  10   7  35   0   1   1  0.25 0.05
   21 S    1  0 -1 -1 -2 -1 -1 -1 -2 -1  0  0  1 -2  4  1  1 -2 -2  0   11   7   1   1   0   1   1   1   0   1   7   6   9   1  24  12  10   0   0   7  0.29 0.04
   22 S    2 -1  1 -1 -1  1 -1 -1 -1 -2 -2 -1 -1 -2  2  3  0 -2 -2 -1   34   1   7   1   0   6   1   1   0   1   1   1   0   1  10  33   1   0   0   1  0.32 0.06
   23 V    1  0 -1 -2 -1 -1 -1 -1  1  1  0 -1  0  1 -1  0  1 -2  0  1   22   6   1   1   0   1   1   1   6   6   7   1   0  10   1   5  10   0   0  20  0.07 0.03
   24 D    1  1 -1  0 -2  0  0 -1  1 -1 -1  1 -1  1 -1  0  0 -1  0  0   14  11   1   6   0   1   7   2   5   1   2  11   1  14   1   2   7   0   1  10  0.05 0.02
   25 G    1  1  0 -1 -2 -1 -1  2 -1 -2 -2 -1 -2 -2  3  1 -1 -2 -2 -1   11  10   6   1   0   1   1  25   0   1   1   1   0   1  22  10   1   0   1   7  0.34 0.04
   26 R   -1  2 -1 -1 -2  0 -1 -1  1  0 -1  1 -1  0  0  0 -1 -2 -1  1    2  23   1   1   0   1   2   5   5   9   2  12   1   7   6   7   1   0   1  14  0.08 0.02
   27 T    1 -1  0 -1 -1 -1 -1 -1  1 -1  0 -1 -1  0 -1  2  1 -1  1  0   11   1   5   1   0   1   1   1   5   1  10   1   0   5   1  29  11   0   5   9  0.09 0.03
   28 V    1  1 -1 -2 -2 -1 -1  1 -1  1 -1 -1 -1 -1  1  0 -1 -2  0  1   13  16   0   1   0   0   1  15   0  14   1   1   0   0   8   5   1   0   5  18  0.10 0.03
   29 K   -1  2 -1 -1 -2  1  0  0 -1 -1 -1  2 -1 -2  2  0 -1 -2 -2  0    1  22   0   1   0   9   5  10   0   1   6  17   0   0  14   5   1   0   0   9  0.23 0.03
   30 L    1  1 -1 -2 -2 -1 -1  0 -1 -1 -1  1 -1  2  1  0  1 -2  0  0   14   9   0   1   0   0   1   5   0   1   6  15   0  16   8   1  18   0   0   5  0.10 0.03
   31 Q    2 -1 -1 -1 -2  3  1  1 -1 -2 -2  0 -1 -1  0  2  1 -2 -2 -2   21   0   0   0   0  23   5  10   0   0   0   0   0   4   4  18  15   0   0   0  0.25 0.06
   32 P    1  0 -2 -2 -2 -2 -2 -2 -2  1 -1 -1  1  0  5 -1 -1 -3 -2  2   15   6   0   0   0   0   0   0   0   5   0   0   5   5  36   0   0   0   0  26  0.52 0.06
   33 S    0  0 -1 -1 -2  1  0  1 -1 -1  0 -1  1 -2  2  1  0  2 -2 -1    5   4   0   0   0   8   5  11   0   0  12   0   6   0  13  23   5   4   0   0  0.17 0.03
   34 T    0  3 -1 -2 -2  0 -1  0  1 -1  0  1 -1  0  1 -1  0 -2  0 -1    5  35   0   0   0   0   0  11   3   4   8   4   0   7   9   0   9   0   4   0  0.19 0.05
   35 G   -1  1  0 -1 -2 -1 -1  2 -1  0  0 -1 -1  0  3  0 -1 -2 -1 -1    1  11   6   1   0   1   1  21   0   6  14   1   0   8  18  10   1   0   0   1  0.19 0.03
   36 G    0 -1  1 -1 -2 -1 -1  3  0 -2 -1  0 -1 -2  0  1  0 -2 -2 -2    6   1   9   1   0   1   1  37   4   1   5  10   0   1   4  14   5   0   0   1  0.26 0.02
   37 S    0  0  0 -1  1 -1 -1  1 -1  1 -1 -1  0 -1  1  0  0  2 -1  1    6   6   9   1   5   1   1  12   0  10   2   1   0   1   6   6   1   5   1  27  0.06 0.01
   38 C    0  0 -1 -1  4 -1 -1  3 -1 -1  0 -1 -1  0 -2  0  0 -1  0 -1    5   6   1   4  15   1   1  34   0   1  12   1   0   5   1   1   6   0   5   1  0.19 0.02
   39 G    0 -2  0 -1 -2 -1 -2  5 -2 -3 -3 -1 -2 -3 -2  1 -1 -2 -3 -3    1   0   0   0   0   0   0  79   0   0   1   0   0   0   0  14   0   0   0   0  0.82 0.03
   40 G    0  0  0  0 -2 -1 -1  4  0 -2 -2 -1 -2 -2 -2  0 -1 -2 -2 -2    9  10   0   6   0   0   0  59   4   5   1   0   0   0   0   4   0   0   0   0  0.47 0.02
   41 G    1 -1 -1 -1  3 -1 -1  2 -1 -1 -1 -1 -1 -2 -1  1  1 -2 -2 -1   11   1   1   1  13   1   1  26   0   1   9   1   0   1   1  19  12   0   1   1  0.20 0.01
   42 V    2 -1 -1 -1 -1 -1 -1  3 -2 -1 -1 -1 -1 -2 -1  1  0 -2 -2  0   36   1   1   1   0   1   1  33   0   1   9   1   0   1   1   9   1   0   0   5  0.26 0.01
   43 I    0 -2 -3 -3 -1 -2 -3 -3 -3  1  3 -2  2  0 -3 -2 -1 -2 -1  1   13   0   0   0   0   0   0   0   0   4  73   0  10   0   0   0   0   0   0   0  0.36 0.03
   44 T    1  0 -2 -2 -1 -1 -2 -2 -2  2  1 -1  1 -1 -2  0  1 -3 -1  2   10   7   0   0   0   0   0   0   0   5   8   0   9   0   0   8   9   0   0  44  0.15 0.02
   45 I   -1 -3 -3 -3 -1 -3 -3 -4 -3  4  2 -3  1  0 -3 -2 -1 -3 -1  3    0   0   0   0   0   0   0   0   0  62  11   0   0   0   0   0   0   0   0  26  0.41 0.03
   46 E   -1  1 -1  1 -4  1  5 -2  0 -3 -3  1 -2 -3 -1  0 -1 -3 -2 -2    0  11   0   0   0   0  86   0   0   0   0   0   0   0   0   0   0   0   0   3  0.70 0.05
   47 C    0 -3 -3 -3  8 -2 -3 -2 -3 -1 -1 -3  1 -2 -3 -1 -1 -2 -1 -1   11   0   0   0  75   0   0   0   0   0   0   0  11   0   0   0   0   0   3   0  1.00 0.06
   48 S    2 -1  0 -1 -1 -1 -1  0 -1 -2 -2 -1 -2 -3 -1  4  1 -3 -2 -1   30   0   0   0   0   0   0   0   0   0   0   0   0   0   0  70   0   0   0   0  0.47 0.05
   49 S    1  0  0 -1 -1  0  0 -1 -1 -3 -3  2 -2 -3 -1  4  1 -3 -2 -2    0   0   0   0   0   0   0   0   0   0   0  18   0   0   0  82   0   0   0   0  0.49 0.06
   50 R   -2  4  0 -1 -3  3  0 -2  4 -3 -2  1 -1 -3 -2 -1 -1 -3 -1 -3    0  57   0   0   0  20   0   0  23   0   0   0   0   0   0   0   0   0   0   0  0.63 0.05
   51 P   -1  0 -2 -2 -3 -1 -1 -3 -2 -2 -3 -1 -2 -3  7 -1 -1 -4 -3 -1    0   9   0   0   0   0   0   0   0   0   0   0   0   0  82   0   0   0   0   8  1.64 0.06
   52 Q   -1  2  1 -1 -3  5  1 -2  0 -3 -2  1 -1 -3 -2  0 -1 -2 -2 -3    0  15   8   0   0  73   0   0   0   0   0   3   0   0   0   0   0   0   0   0  0.67 0.06
   53 K   -1  1  1 -1 -3  1  0 -2  3 -3 -3  4 -2 -3  1  0 -1 -3 -1 -3    0   0   9   0   0   0   0   0  12   0   0  70   0   0   8   0   0   0   0   0  0.49 0.05
   54 K   -1  2 -1 -1 -3  1  0 -2 -1 -3 -3  5 -2 -3 -1 -1 -1 -3 -2 -3    0   0   0   0   0   0   0   0   0   0   0 100   0   0   0   0   0   0   0   0  0.72 0.07
   55 G    3 -2 -1 -1 -1 -1 -1  3 -2 -2 -2 -1 -2 -3 -1  1  0 -3 -2 -1   47   0   0   0   0   0   0  38   0   0   0   0   0   0   0  15   0   0   0   0  0.47 0.03
   56 T    1 -1  0 -1 -1 -1 -1 -2 -2 -1 -2 -1 -1 -2 -1  1  5 -3 -2  0   12   0   0   0   0   0   0   0   0   0   0   0   0   0   0   0  88   0   0   0  0.57 0.06
   57 A    3  0 -1 -1 -2  0  0 -1 -1 -2 -2  3 -1 -3 -1  1  0 -3 -2 -1   46   0   0   0   0   0   0   0   0   0   0  44   0   0   0  11   0   0   0   0  0.33 0.04
   58 H   -2  0  0 -1 -3  0  0 -1  8 -4 -3  1 -2 -2 -2 -1 -2 -3  1 -3    0   0   0   0   0   0   0   5  86   0   0   9   0   0   0   0   0   0   0   0  1.00 0.08
   59 H   -2 -1  0 -2 -3  0 -1 -2  8 -4 -3 -1 -2 -2 -3 -1 -2 -3  1 -4    0   0   0   0   0   0   0   0 100   0   0   0   0   0   0   0   0   0   0   0  1.31 0.09
   60 M    0  1  0 -2 -2 -1 -1 -2 -2  1  0  0  3 -1 -2 -1  0 -2 -1  1   12  15   5   0   0   0   0   0   0  15   0   3  30   0   0   0   8   0   0  13  0.12 0.03
   61 K   -1  3 -1 -1 -3  1  0 -2 -1 -3 -3  5 -2 -3 -1 -1 -1 -3 -2 -3    0  12   0   0   0   0   0   0   0   0   0  88   0   0   0   0   0   0   0   0  0.67 0.06
   62 T    0 -1  1 -1 -1 -1 -1 -1 -1 -1 -2 -1 -1 -2 -1  2  4 -3 -2 -1    0   0   9   0   0   0   0   0   0   0   0   0   0   0   0  21  70   0   0   0  0.49 0.05
   63 R   -2  6 -1 -2 -4  1  0 -3  2 -3 -2  2 -2 -3 -2 -1 -1 -3 -2 -3    0  92   0   0   0   0   0   0   8   0   0   0   0   0   0   0   0   0   0   0  0.88 0.07
   64 P   -1 -2 -2 -2 -3 -2 -1 -2 -3 -3 -3 -1 -3 -4  7 -1 -1 -4 -3 -3    0   0   0   0   0   0   0   0   0   0   0   0   0   0 100   0   0   0   0   0  2.22 0.08
   65 K   -1  4 -1 -1 -3  1  0 -2 -1  0 -2  4 -1 -3 -2 -1 -1 -3 -2 -1    0  42   0   0   0   0   0   0   0  12   0  46   0   0   0   0   0   0   0   0  0.48 0.04
   66 K   -1  2 -1 -1 -3  1  0 -2 -1 -3 -3  5 -2 -3 -1 -1 -1 -3 -2 -3    0   0   0   0   0   0   0   0   0   0   0 100   0   0   0   0   0   0   0   0  0.72 0.07
   67 T    0 -1  0 -1 -1  0 -1 -1  3 -2 -2  0 -1 -1 -1  2  3 -2  2 -1    0   0   0   0   0   0   0   0  12   0   0   6   0   0   0  27  43   0  12   0  0.30 0.04
   68 A    0  2  2  0 -3  4  1  0  2 -3 -2  1 -1 -3 -2  0  0 -3 -1 -2    5  12  17   0   0  40   0   6   8   0   0   0   0   0   0   3   8   0   0   0  0.34 0.03
   69 R    0  2 -2 -2 -2 -1 -1 -2 -1 -1  0  0 -1 -1  5 -1 -1 -2  2 -1    8  20   0   0   0   0   0   0   0   0  15   0   0   0  42   0   0   0  15   0  0.64 0.04
   70 W    0 -2 -2  0 -2 -1 -1 -2 -1 -2 -1 -2 -1  0 -2  1 -1  8  2 -2   12   0   0   6   0   0   0   0   0   0   8   0   0   0   0  23   0  42   8   0  0.80 0.05
   71 D   -2  0  1  6 -3 -1  1 -2 -1 -3 -1 -1 -2 -3 -2 -1 -1 -4 -3 -3    0   6   0  85   0   0   0   0   0   0   8   0   0   0   0   0   0   0   0   0  0.83 0.06
   72 I   -1  3 -1 -2 -2  0 -1 -3 -1  2  0  2  0  1 -2 -1 -1 -2 -1  1    0  34   0   0   0   0   0   0   0  29   0  20   0   8   0   0   0   0   0   9  0.21 0.03
   73 K   -1  2  4  0 -3  0  0 -1  0 -3 -3  3 -2 -3 -2  0 -1 -3 -2 -3    0  12  46   0   0   0   0   0   0   0   0  42   0   0   0   0   0   0   0   0  0.52 0.04
   74 R   -2  5 -1 -2 -3  1  0 -2  3 -3 -2  2 -2 -3 -2 -1 -1 -3 -1 -3    0  79   0   0   0   0   0   0  13   0   0   8   0   0   0   0   0   0   0   0  0.74 0.05
   75 G   -1  3  0 -1 -3  0  0  3 -1 -3 -3  3 -2 -3 -2  0 -1 -3 -2 -3    0  19   0   0   0   0   0  35   0   0   0  46   0   0   0   0   0   0   0   0  0.47 0.03
   76 P   -1 -2 -2 -2 -3 -1 -1 -2 -2 -3 -3  0 -3 -4  7 -1 -1 -4 -3 -3    0   0   0   0   0   0   0   0   0   0   0  10   0   0  90   0   0   0   0   0  1.90 0.06
   77 A    1 -2 -1 -2 -1 -1 -1 -2 -2  0 -1 -1 -1 -2 -1  1  4 -3 -2  1   18   0   0   0   0   0   0   0   0   5   0   0   0   0   0   0  67   0   0  10  0.36 0.04
   78 V   -1  1 -1  1 -2  2  1 -2 -1  0 -1  1 -1 -2 -2 -1 -1 -3 -2  2    0   8   0   9   0  16  13   0   0   0   0  16   0   0   0   0   0   0   0  38  0.17 0.02
   79 Y   -2 -2 -2 -3 -3 -2 -2 -3  1 -2 -1 -2 -1  3 -3 -2 -2  2  7 -2    0   0   0   0   0   0   0   0   0   0   0   0   0   0   0   0   0   0 100   0  1.17 0.08
   80 P    1  0 -1  0 -2  0  2 -1 -1 -2 -2  0 -2 -3  5  1  0 -3 -2 -2   22   2   0   3   0   0  18   0   0   0   0   6   0   0  34  10   5   0   0   0  0.57 0.03
   81 P    0  0  1 -1 -3 -1 -1 -2 -2 -3 -2 -1 -2 -3  6 -1 -1 -4 -3 -2   11   6  10   0   0   0   0   0   0   0   3   0   0   0  70   0   0   0   0   0  1.32 0.06
   82 L   -2 -2 -4 -4 -2 -2 -3 -4 -3  1  4 -3  2  2 -3 -3 -2 -1 -1  0    0   0   0   0   0   0   0   0   0   0  90   0   0  10   0   0   0   0   0   0  0.55 0.06
   83 P   -1 -1 -2 -2 -3 -1 -1 -2 -2 -3 -3  1 -3 -4  7  0 -1 -4 -3 -3    0   0   0   0   0   0   0   0   0   0   0  11   0   0  81   9   0   0   0   0  1.66 0.08
   84 P    0 -1 -1 -1 -2 -1  0  1 -2 -3 -3  0 -2 -3  6  0  1 -3 -3 -2   11   0   0   0   0   0   9  10   0   0   0   6   0   0  52   0  12   0   0   0  0.89 0.05
   85 L    0  0 -3 -3 -2 -2 -2 -3 -2  1  3 -1  1 -1  3 -1 -1 -2 -2  0   10   9   0   0   0   0   0   0   0  11  52   0   0   0  18   0   0   0   0   0  0.31 0.03
   86 P   -1 -3 -2 -2 -3 -2 -2 -3 -3 -3 -3 -1 -3 -4  7 -1 -2 -4 -3 -3    0   0   0   0   0   0   0   0   0   0   0   0   0   0 100   0   0   0   0   0  2.26 0.10
   87 A    1 -2 -2  0 -2 -1  0 -2 -2 -3 -3 -1 -2 -3  6  0 -1 -4 -3 -2   24   0   0   6   0   0   3   0   0   0   0   0   0   0  64   4   0   0   0   0  1.22 0.06
   88 E    0 -2  0  3 -2 -1  2 -2 -2  1  0 -1 -1 -2 -2 -1 -1 -3 -2  1   12   0   0  35   0   0  16   0   0  15  11   0   0   0   0   0   0   0   0  10  0.22 0.03
   89 W   -3 -3 -4 -4 -2 -2 -3 -3 -2 -1  1 -3  2  3 -4 -3 -2  9  1 -2    0   0   0   0   0   0   0   0   0   0  12   0  11  16   0   0   0  61   0   0  1.52 0.08
   90 T    0 -1  0  1 -2 -1  1  0 -2  0 -1 -1 -1 -2 -2  1  3 -3 -2  0    0   0   0   9   0   0  10   6   0  12   0   0   0   0   0   6  54   0   0   3  0.26 0.04
   91 I   -1 -3 -3 -3 -1 -2 -3 -3 -3  2  3 -3  1  2  0 -2 -1 -2  0  2    0   0   0   0   0   0   0   0   0  18  41   0   0  14   6   0   0   0   0  22  0.31 0.03
   92 V    0 -2 -2  0 -1 -1  0 -3 -2  2  1 -2  0  0 -2 -2 -1 -2 -1  3    4   0   0   6   0   0  10   0   0  11  12   0   0   6   0   0   0   0   0  51  0.19 0.03
   93 S    2 -1  0 -1 -1 -1 -1 -1 -1  0 -2 -1 -1 -2 -1  3  2 -3 -2 -1   18   0   3   0   0   0   0   0   0   9   0   0   0   0   0  49  21   0   0   0  0.32 0.05
   94 S    1  0  0  0 -2  0  1 -1 -1 -2 -1  2 -1 -3  2  2  0 -3 -2 -2   12   0   0   5   0   0  11   0   0   0   6  24   0   0  10  32   0   0   0   0  0.26 0.03
   95 A    3 -2 -1  1 -1 -1  0  2 -2 -2 -2 -1 -2 -3  2  1 -1 -3 -2 -1   45   0   0   8   0   0   5  21   0   0   0   0   0   0  13   7   0   0   0   0  0.37 0.03
   96 V    0 -1  0  3 -2  0  3 -2 -1 -1 -1  0 -1 -2 -1  1  0 -3 -2 -1    9   0   0  23   0   0  38   0   0   0   8   0   0   0   0  16   0   0   0   6  0.31 0.03
   97 D    0 -1  0  4 -3  0  2  0 -1 -3 -3  0 -2 -3 -1  0  1 -3 -2 -2   10   0   0  40   0   0  24   6   0   0   0   4   0   0   0   0  15   0   0   0  0.42 0.02
   98 E    1 -1  0  1 -2  2  2  1 -1 -1 -2  0 -1 -3 -1  1  0 -3 -2  0   14   0   5   9   0  16  17  16   0   0   0   0   0   0   0  10   0   0   0  14  0.18 0.01
   99 A    1 -2  0  2 -2 -1  0  1 -2  0 -1 -1 -1 -2  1  1  0 -3 -2 -1   19   0   0  20   0   0   4  10   0  16   0   0   0   0   7  20   5   0   0   0  0.17 0.02
  100 D    1 -1  0  3 -2  0  2  0 -1 -1 -1 -1 -1 -2 -1  1  0 -3 -2  0   20   0   0  25   0   0  18   5   0   0   4   0   0   0   0   9   6   0   0  12  0.20 0.02
  101 S    2 -1  0  0 -1  0  1  0 -1 -2 -2  0 -1 -3 -1  2  2 -3 -2 -1   34   0   0   6   0   5   8   5   0   0   0   0   0   0   0  24  18   0   0   0  0.26 0.02
  102 S    1  0  0  2 -2  0  1 -1 -1 -2 -2  1 -1  0 -1  1  0 -2 -1 -1   24   0   0  19   0   0   9   0   0   0   0  19   0   8   0  16   5   0   0   0  0.20 0.02
  103 S    2 -1 -1 -1 -2  1  0  1 -1 -2 -2  0 -1 -3  3  1  1 -3 -2 -1   28   0   0   0   0  10   6  14   0   0   0   0   0   0  17  11  14   0   0   0  0.33 0.02
  104 S    1 -1  0  1 -2  1  2 -1 -1 -2 -2  1 -1 -3  2  2  0 -3 -2 -1   15   0   0   7   0   5  19   0   0   0   0   6   0   0   9  32   0   0   0   6  0.27 0.02
  105 T    1 -1 -1 -1 -1 -1  1  0 -2  0 -1 -1 -1 -2  3  1  2 -3 -2  1   12   0   0   0   0   0  13   8   0   0   0   0   0   0  17  10  22   0   0  19  0.24 0.02
  106 T    0 -2 -2 -1 -2 -1  0 -2 -2  1 -1 -1 -1 -2  5  0  1 -3 -2  0    8   0   0   0   0   0  10   0   0  19   0   0   0   0  48   0  15   0   0   0  0.75 0.03
  107 S    1 -1 -1 -1 -2  1  2 -1 -1 -3 -2  0 -2 -3  4  1  0 -3 -2 -2   22   0   0   0   0   8  20   0   0   0   0   0   0   0  32  18   0   0   0   0  0.58 0.03
  108 S    2 -1 -1  1 -1 -1  1 -1 -2 -1 -2 -1 -1 -2  2  1  2 -3 -2  0   29   0   0  10   0   0   8   0   0   0   0   0   0   0  13   8  23   0   0   8  0.26 0.02
  109 S    2 -1 -1 -2 -1  1 -1 -1 -2 -1  1 -1  0 -2  2  1  2 -2 -2  0   33   0   0   0   0   8   0   0   0   0  20   0   0   0  10   8  22   0   0   0  0.20 0.02
  110 A    4 -1 -1 -1 -1  1  0  0 -1 -2 -2 -1 -1 -2 -1  2  0 -3 -2 -1   75   0   0   0   0  12   0   0   0   0   0   0   0   0   0  13   0   0   0   0  0.38 0.03
  111 E    1 -1  0  2 -1  0  1 -1 -1 -2 -2  0 -1 -3 -1  2  3 -3 -2 -1   13   0   0  14   0   0  14   0   0   0   0   0   0   0   0  24  35   0   0   0  0.30 0.02
  112 I    2 -2 -2 -3 -1 -2 -2 -1 -2  2  1 -2  1 -1 -2  0  0 -2 -1  2   43   0   0   0   0   0   0   0   0  16  24   0   0   0   0   0   0   0   0  17  0.19 0.01
  113 A    2 -1 -1  0 -2  0  3 -1 -1 -1  1  0  0 -1 -1  0 -1 -2 -2  0   31   0   0   0   0   0  38   0   0   0  30   0   0   0   0   0   0   0   0   0  0.18 0.00
  114 Q   -1 -1 -1 -1 -2  3  0 -1 -1 -3 -2  0 -1 -1 -2  1  0  8  0 -2    0   0   0   0   0  31   0   0   0   0   0   0   0   0   0  30   0  38   0   0  0.74 0.01
  115 S    0 -1  1  4 -2  0  1 -1 -1 -3 -3  0 -2 -3 -1  3  1 -3 -2 -2    0   0   0  38   0   0   0   0   0   0   0   0   0   0   0  62   0   0   0   0  0.45 0.01
  116 A    4 -1 -2 -2  0 -1 -1  0 -2 -1 -1 -1 -1 -2 -1  1  0 -3 -2  0  100   0   0   0   0   0   0   0   0   0   0   0   0   0   0   0   0   0   0   0  0.42 0.01

                      K         Lambda
Standard Ungapped    0.1237     0.3101
Standard Gapped      0.0321     0.2670
PSI Ungapped         0.1062     0.2919
PSI Gapped           0.0321     0.2670
