
Last position-specific scoring matrix computed, weighted observed percentages rounded down, information per position, and relative weight of gapless real matches to pseudocounts
           A  R  N  D  C  Q  E  G  H  I  L  K  M  F  P  S  T  W  Y  V   A   R   N   D   C   Q   E   G   H   I   L   K   M   F   P   S   T   W   Y   V
    1 M   -2 -2 -3 -4 -2 -1 -3 -3 -2  1  2 -2  8 -1 -3 -2 -1 -2 -2  0    0   0   0   0   0   0   0   0   0   0   0   0 100   0   0   0   0   0   0   0  0.83 0.11
    2 G    0 -2  0 -1 -2 -1 -2  5 -2 -3 -3 -1 -2 -3 -2  2  1 -3 -3 -3    0   0   0   0   0   0   0  59   0   0   0   0   0   0   0  27  14   0   0   0  0.64 0.06
    3 H   -2  0 -1 -2 -3  1 -1 -3  5  0 -1  2 -1  2 -3 -1 -2 -1  3 -1    0   0   0   0   0   9   0   0  30  14   0  19   0  13   0   0   0   0  14   0  0.30 0.05
    4 Q   -1  0 -1  0 -4  5  4 -3  0 -3 -3  1 -1 -2 -2 -1 -1 -2  2 -3    0   0   0   0   0  48  35   0   0   0   0   5   0   0   0   0   0   0  12   0  0.61 0.08
    5 N   -1 -1  4  0 -2  1  1 -1 -1 -2 -3 -1 -2 -3 -2  2  3 -3 -2 -2    0   0  36   0   0   5   8   0   0   0   0   0   0   0   0  17  35   0   0   0  0.43 0.07
    6 A    2 -2  0  0 -1 -1 -1 -1 -2 -2 -2 -1 -1 -3 -2  3  4 -3 -2 -1   18   0   0   3   0   0   0   0   0   0   3   0   0   0   0  39  37   0   0   0  0.43 0.10
    7 A    3  1 -1 -1 -2  0  0 -1 -2 -2 -2  1 -1 -3 -2  1  1 -3 -2 -1   40   8   0   2   0   3   6   0   0   0   3  12   0   0   0  11  13   0   0   3  0.23 0.06
    8 V    1 -1 -2 -2 -1 -2 -2 -2 -2  2  0 -2  0  1 -2  0  3 -2 -1  2   13   3   0   0   0   0   0   1   0  12   8   0   0   7   0   0  31   0   0  21  0.17 0.06
    9 S    0 -1  1  1 -2 -1  0 -1 -1 -1  0 -1  0 -2  0  3  1 -3 -2  0    3   0   6   7   0   0   6   1   0   0  16   1   3   0   3  41   6   0   0   5  0.18 0.06
   10 E    1  1  1  2 -2  2  2 -1 -1 -1 -2  1 -1 -3 -1  0  1 -3 -2 -1   13   8   8  11   0   9  20   1   0   4   1   8   0   0   1   3  11   0   0   1  0.21 0.04
   11 N   -1 -1  4  1 -2  0  1 -1 -1 -2 -2 -1 -2 -3  2  1  1 -3 -2 -1    1   1  29   6   0   3  13   1   0   1   4   1   0   0  10  14  12   0   0   3  0.30 0.07
   12 Q   -1  1  1  0 -2  3  1 -2  0 -2  0  1 -1 -2 -2  0  0  1 -2 -2    1   9   8   5   0  24   7   1   2   1  14  10   0   1   1   4   8   2   0   1  0.18 0.05
   13 N    0 -1  0  0 -2  0  2  0  1 -2 -2 -1 -2 -3  3  1  0 -3 -2 -2    7   1   4   3   0   4  17   8   5   1   5   1   0   0  19  18   6   0   0   1  0.29 0.06
   14 H    0  0  1  0 -2  1  1 -2  4 -2 -1  1  0  1 -2  0  1 -2  0 -2   12   4   9   2   0   5  13   1  16   1   4   9   2  10   1   1   9   0   0   1  0.14 0.05
   15 D    0 -2  0  3 -2 -1  1 -2 -1 -1  0 -1 -1 -1 -1  1 -1 -2  0  0   10   1   4  24   0   1   9   1   0   1  16   1   0   0   3  16   1   0   5   7  0.15 0.06
   16 D    0 -2  3  4 -3 -1  1  0 -1 -3 -2 -1 -2 -3  0  1  0 -3 -3 -2    9   1  19  30   0   0   8   7   0   1   6   1   0   0   5  11   2   0   0   1  0.34 0.09
   17 G    1 -2  1  2 -3 -1  2  3  2 -3 -3 -1 -2 -3 -2  1 -1 -3 -2 -2   12   0   8  12   0   0  15  25   7   0   0   2   0   0   0  13   0   0   0   3  0.30 0.09
   18 A    2 -2 -2  0  1 -1 -1 -1 -2  0  0 -2 -1 -2  2  0  1 -3 -1  1   24   0   0   6   3   2   1   4   0   3   9   0   0   0  13   5  11   0   3  16  0.17 0.08
   19 A    2 -1 -1 -1 -2 -1 -1  0  0 -1 -1 -1 -2 -2  0  3  2 -3  0  0   19   1   0   3   0   1   1   6   2   2   4   0   0   0   4  30  17   0   3   6  0.22 0.10
   20 S    1 -1  0  1 -2 -1  1 -1 -1 -1  0  0 -1 -1  0  2  0 -2  1  0   15   0   3   9   0   0  15   1   0   3   9   4   0   2   3  19   4   0   7   6  0.11 0.07
   21 S    2 -1 -1  2 -2  1  1  0  1 -3 -3 -1 -2 -1  0  2  1 -3 -2 -2   20   1   0  15   0   6   8   4   5   0   1   0   0   4   3  23  10   0   0   0  0.25 0.11
   22 P    0  0 -1 -2 -3  3  0 -2 -2 -3 -3  0 -2 -4  5  2  1 -4 -3 -3    6   5   0   0   0  20   2   0   0   0   1   5   0   0  32  18   9   0   0   0  0.64 0.16
   23 G    0  0 -1  0 -2 -1  0  3  0 -1  1 -1  0 -1  0 -1  0 -2  0 -1    5   5   2   7   0   2   6  28   2   1  19   2   3   2   4   2   6   0   4   1  0.12 0.06
   24 F   -2  2  0 -3 -3 -1 -1 -3  2  0  0 -1  0  5 -2 -2 -1 -1  2  0    1  16   4   0   0   1   2   1   6   3   5   3   1  35   2   0   3   0   5  10  0.31 0.13
   25 K   -2  2 -1 -1 -4  4  2 -3 -1 -4 -4  4 -3 -4 -3 -1 -2 -4 -3 -4    2  12   1   1   0  24  16   0   1   0   0  40   0   0   0   3   0   0   0   0  0.74 0.24
   26 L   -3 -3 -4 -5 -3 -3 -2 -4 -2  1  5 -4  0 -1 -2 -2 -3 -3 -3  0    0   1   0   0   0   0   3   1   1   4  82   0   0   0   2   3   0   0   0   1  0.89 0.29
   27 V    0 -2 -4 -5 -3 -2 -3 -4 -5  1 -1 -4  0 -3 -4 -3 -2 -5 -3  6    6   2   0   0   0   1   2   1   0   1   1   0   2   0   0   0   0   0   0  83  1.07 0.35
   28 G   -1 -2 -2 -1 -4 -3 -3  7 -4 -5 -4  0 -4 -5 -4 -1 -2 -4 -5 -4    1   2   0   4   0   1   0  81   0   0   1   5   0   0   0   2   2   0   0   1  1.38 0.35
   29 F   -1 -3 -3 -3  2 -3 -3 -4  3 -1  2 -4  6  3 -4 -2 -2 -3  1 -1    6   1   1   1   5   0   0   0   9   2  18   0  32  16   0   2   1   0   5   1  0.66 0.29
   30 S    0  0  0  0 -2  1 -1 -2 -1 -2 -2  1 -2 -3 -2  2  4 -3 -3  1    4   3   3   6   0   6   2   1   1   0   3   8   0   0   0  19  32   0   0  11  0.31 0.18
   31 K   -2  0  4  0 -3  0  2 -2 -1 -3 -3  1 -2 -3 -2  2  2 -4 -1 -2    1   4  25   4   0   2  14   2   1   1   1  11   0   0   1  15  14   0   2   2  0.37 0.18
   32 F   -1 -3 -2 -3 -3 -3 -3 -3 -1 -1  0 -3  0  6 -4 -3 -1 -1  6 -2    6   1   2   1   0   1   1   1   1   3   6   1   3  34   1   1   4   0  34   1  0.92 0.30
   33 V    0 -3 -2 -2 -2 -1 -2 -2 -3  1 -1 -1 -1 -1 -2  0  3 -4 -3  4    5   0   1   2   0   3   2   2   0   7   2   4   1   3   1   6  19   0   0  43  0.39 0.22
   34 R   -2  5  1  4 -4  0  1 -3  0 -4 -4  1 -1 -2 -2  0 -2 -4 -3 -2    2  33   7  27   0   2   7   1   2   0   0   5   1   2   2   5   1   0   0   2  0.59 0.25
   35 K   -1  0  1 -1 -2  1  1 -3  4 -3 -2  3 -2 -2 -2  1  2 -4 -2 -2    5   3   5   2   1   5   8   0  11   1   2  27   0   2   1   8  16   0   0   2  0.35 0.20
   36 N   -2 -3  5  3 -5  1  0  3 -2 -1 -4 -3 -3 -5 -3 -2 -1 -5 -5 -4    2   0  37  16   0   6   4  23   0   5   1   0   1   0   0   1   4   0   0   0  0.77 0.34
   37 P    1 -1 -3 -1 -4 -1  2 -3 -4 -1 -3 -2 -4 -5  6  0  0 -5 -2 -2   11   3   0   2   0   2  13   1   0   4   2   2   0   0  45   5   7   0   1   2  0.92 0.35
   38 K    0  2  0 -1 -4  1  0 -2  1 -3 -2  3  3 -3 -3  1  0  1 -2 -2    6  12   3   2   0   7   5   1   3   0   2  24  13   1   0  10   5   2   1   2  0.31 0.22
   39 S    1 -2 -1 -1 -3  1  0 -2  3 -3 -3 -1 -3 -2  3  3  1 -1 -1 -3   12   1   2   2   0   8   5   1   7   1   2   1   0   1  15  26  11   1   2   0  0.38 0.24
   40 D   -2 -2  5  6 -2 -2  2 -4 -3 -5 -4 -3 -5 -6 -2 -2 -3 -6 -5 -5    3   1  24  51   1   1  10   0   0   0   2   0   0   0   1   2   1   0   0   1  1.25 0.49
   41 K   -2  2 -2 -3 -2 -2 -3 -2  0 -1 -1  1 -3  2  5 -3 -2 -4 -3 -2    3  15   2   0   1   1   1   4   2   5   7  11   0  12  33   0   1   0   0   3  0.63 0.31
   42 F   -3 -5 -3 -3 -1 -5 -5  2 -3 -2  2 -5  5  6 -6 -2 -4 -3 -2 -3    1   0   1   1   1   0   0  19   0   2  18   0  17  37   0   2   0   0   0   0  0.99 0.44
   43 K   -2  1 -1 -1 -5  0 -1  3  1 -5 -4  2 -4 -5  5 -1 -1 -5 -4 -4    2   7   2   4   0   5   3  26   3   0   1  13   0   0  26   4   3   0   0   1  0.66 0.32
   44 V   -2 -5 -5 -5 -2 -4 -5 -5 -4  3  1 -4  1  3 -3 -3  2 -3  3  3    1   0   0   0   1   0   0   0   0  14  14   0   3  15   1   1  14   0  10  26  0.63 0.33
   45 K   -2  1  1  2 -2  0 -1 -3  1 -1  2  2  3 -2 -4 -1  0 -4 -1 -1    1   7   6  15   1   3   2   0   4   3  21  14   9   0   0   3   5   0   1   4  0.22 0.20
   46 R    0  1 -1  0 -1 -1 -3  6  0 -6 -6  1 -5 -6 -5  0 -3 -6 -5 -6    6   9   3   6   1   2   0  56   3   0   0   7   0   0   0   5   1   0   0   0  1.00 0.44
   47 F   -5 -6 -6 -7 -6 -5 -7 -7 -5  2 -2 -6  1  8 -7 -6  0  3  3 -3    0   0   0   0   0   0   0   0   0  12   2   0   4  60   0   0   7   4  10   1  1.75 0.64
   48 H   -4 -5 -2  7 -7 -3  3 -4  7 -7 -7 -4 -6 -4 -6 -4 -5 -7 -5 -7    1   0   0  52   0   0  19   1  27   0   0   0   0   1   0   0   0   0   0   0  1.90 0.72
   49 H   -1 -3 -3 -6 -7 -4 -5 -6  9 -6 -6 -5 -5  5 -6 -2 -6 -5  3 -6    7   1   0   0   0   0   0   0  57   0   0   0   0  21   0   3   0   0  10   0  2.18 0.78
   50 I   -3 -6 -7 -7 -4 -6 -6 -7 -7  5  1 -6 -1 -4 -6 -5 -4 -6 -5  6    1   0   0   0   0   0   0   0   0  29   9   0   1   0   0   0   0   0   0  59  1.56 0.61
   51 E   -4 -1 -2 -2 -5 -2  6 -5  5 -5 -5 -2 -5 -6 -5 -3  2 -6 -5  0    0   3   1   0   0   0  58   0  12   0   1   1   0   0   0   1  15   0   0   7  1.30 0.61
   52 F   -6 -7 -5 -8 -4 -7 -7 -7 -5 -2  0 -7 -2  8 -8 -6 -6  7  3 -5    0   0   1   0   0   0   0   0   0   2   8   0   1  65   0   0   0  14  10   0  2.24 0.76
   53 W    1 -4 -6 -7 -2 -5 -6 -5 -3 -2 -4 -6 -5  0 -6 -4  1  9  7 -1   11   1   0   0   1   0   0   0   0   2   1   0   0   2   0   1  10  31  36   4  1.80 0.68
   54 C    1 -6 -5 -6  6 -5 -5 -4 -1 -1 -3 -5 -3 -5 -5  0 -1 -6 -5  6   13   0   0   0  15   0   0   1   2   1   0   0   0   0   0   6   3   0   0  59  1.30 0.57
   55 G    1 -3 -3 -4 -5 -2  0  5 -2 -6 -5 -3 -5 -6  3  1  0 -6 -5 -5    9   1   0   0   0   1   7  52   1   0   1   1   0   0  13   9   5   0   0   0  1.00 0.46
   56 D   -5 -5  7  5 -7 -3 -1 -5 -4 -6 -7 -4 -6 -7 -6 -2 -2 -8 -6 -7    0   0  55  35   0   1   3   0   0   0   0   0   0   0   0   3   2   0   0   0  1.90 0.72
   57 A    7 -4 -5 -6 -3 -5 -4 -4 -5 -4 -5 -4 -5 -4  2 -2 -2 -7 -6 -4   83   0   0   0   0   0   1   0   0   1   1   0   0   1   9   1   1   0   0   1  1.73 0.73
   58 T    0  1 -2 -3 -5  0  0 -2 -4 -2 -1  5 -3 -4 -3 -1  2 -5 -4 -2    8   5   1   1   0   3   4   3   0   3   7  45   0   1   1   3  15   0   0   2  0.64 0.38
   59 N    0 -2  3 -3 -6  7 -1 -2 -3 -3 -5 -2 -2 -6 -4 -1  0 -6 -5 -1    7   1  12   0   0  56   2   3   0   1   1   1   1   0   1   5   5   0   0   4  1.22 0.60
   60 V    5 -4 -4 -5 -2 -3 -4 -4 -5 -1  1 -3  0 -4 -4  1  2  3 -4 -1   50   0   0   0   0   0   0   0   0   2  13   1   2   0   0  10  12   5   0   3  0.79 0.45
   61 A    6  1 -4 -3 -3 -2 -1 -2 -2 -5 -3 -2 -2 -4 -4  1 -3  1 -4 -4   67   8   0   1   0   1   3   3   1   0   2   2   1   1   0   9   0   2   0   0  1.08 0.54
   62 R    0  2 -1  1 -2  0 -1 -1  5 -3 -2  0 -2  0 -1  2 -1 -2  2 -3    8  11   2   8   1   2   2   5  15   1   3   5   1   3   3  20   3   1   7   1  0.28 0.23
   63 R   -5  3 -5 -5 -5 -4 -3 -6 -2 -3  1 -4 -3  4 -6 -4 -4  7  7 -2    0  17   0   1   0   0   1   0   1   1  12   0   0  16   0   1   0  13  33   3  1.27 0.53
   64 F   -6 -6 -6 -7 -6 -6 -6 -7 -1 -4 -1 -6 -1  7 -7 -6 -6  0  8 -4    0   0   0   0   0   0   0   0   1   0   7   0   1  46   0   0   0   1  43   0  2.18 0.75
   65 S    0  0 -1 -2  5  1  1 -1 -3  1 -2  0 -1 -1 -3  2  0 -4 -3  1    7   5   3   1  13   8  11   4   0   8   1   4   1   3   0  15   5   0   0  11  0.22 0.19
   66 W   -1 -1  1 -1 -1  0 -2 -3  1 -1 -1 -1 -1  0 -3  1  4  4 -1 -1    4   2   8   3   1   4   1   1   4   3   4   3   1   4   0  12  28   7   2   4  0.31 0.24
   67 G    3  3 -1 -3  1 -1 -2  2  1 -3 -2  1 -2 -2 -3  0 -2 -4 -1 -2   27  19   2   0   3   2   1  15   3   0   5  10   0   1   0   6   2   0   2   3  0.34 0.23
   68 L   -4 -6 -6 -7 -5 -5 -6 -7 -5 -2  4 -6  6  6 -7 -6 -5  2 -1 -2    1   0   0   0   0   0   0   0   0   0  37   0  22  33   0   0   0   2   1   1  1.50 0.59
   69 G   -4 -6 -4 -6 -7 -6 -6  8 -6 -8 -8 -6 -7 -7 -7 -5 -6 -7 -7 -8    0   0   1   0   0   0   0  98   0   0   0   0   0   0   0   0   0   0   0   0  2.72 0.89
   70 M   -4 -4 -7 -8 -6 -6 -7 -7 -5 -3 -2 -7  6  8 -7 -6 -6 -4 -1 -2    1   1   0   0   0   0   0   0   0   0   3   0  20  70   0   0   0   0   1   3  2.34 0.81
   71 R   -1  1 -1 -1 -4  3  3 -4  0 -5 -4  2 -3 -5  2 -1  2 -5 -3 -3    5   7   3   3   0  16  20   0   2   0   0  12   0   0   9   4  16   0   0   1  0.51 0.32
   72 F    0  0 -1 -2 -1  0  0 -3 -1  1  2  0 -1 -1  3  0  0 -4 -1  0    8   5   2   0   1   3   8   0   2   8  21   5   1   2  17   6   5   0   2   4  0.20 0.15
   73 S   -1 -3 -5 -5  0 -4 -3 -5 -3  4  1 -4 -1  1 -5 -3  0 -2  0  5    5   1   0   0   2   0   2   0   1  19  10   1   1   5   0   1   4   0   3  45  0.74 0.37
   74 A    7 -4 -5 -5  1 -4 -3  0 -5 -5 -5 -4 -5 -5 -5 -2 -4 -6 -5 -2   83   1   0   0   3   0   1   7   0   0   0   0   0   0   0   1   0   0   0   2  1.67 0.69
   75 K   -4  2 -3 -4 -5  0 -2 -5  1 -4 -4  3 -3  0 -5 -3 -4  1  7 -2    1   9   1   1   0   5   2   1   3   1   1  21   0   2   0   2   1   1  46   3  1.21 0.51
   76 S    1  3 -1 -2 -2  0 -1  0 -2 -3 -3  3 -2 -3 -2  3 -1 -3 -3 -2   11  19   1   1   1   2   2   5   0   1   2  16   1   1   1  29   1   0   1   2  0.45 0.24
   77 D   -2 -2  0  3 -2 -2 -1  5 -3 -3 -4 -2 -3 -3 -3 -1 -2 -3 -3 -3    2   2   3  17   1   1   4  52   0   2   2   1   1   1   1   4   2   0   1   2  0.86 0.32
   78 L   -2 -3 -1 -3 -3  0 -2 -3  1 -1  4 -3  0 -2  4 -2 -1 -3 -3 -2    2   1   3   1   0   4   2   2   4   1  47   1   1   1  21   2   3   0   1   2  0.65 0.29
   79 S   -2  0 -2 -1 -4 -1  6 -3 -2 -4 -3 -1 -3 -4 -2  2  1 -4 -3 -3    3   4   1   1   0   1  52   1   0   1   2   2   0   1   2  17   8   0   1   1  0.87 0.38
   80 T   -3 -3  1 -3 -3 -2 -2 -4  3 -3 -4 -3 -2 -3 -3 -1  7 -4 -3 -3    1   1   5   1   0   2   3   1   8   1   1   1   1   1   1   2  67   0   1   1  1.35 0.53
   81 G   -2  0 -1 -3 -3 -3 -2  6 -3 -4 -4 -1 -4 -4 -3 -2 -3 -4 -4 -4    2   6   3   1   0   1   2  68   1   1   2   4   0   1   1   2   2   0   1   1  1.26 0.43
   82 N   -3 -2  5  0 -2 -2 -1 -3  4 -3 -1 -3 -3 -3 -4  4 -2 -5 -2 -1    0   1  25   3   1   1   3   1  11   2   6   0   0   1   0  36   1   0   1   5  0.73 0.41
   83 M   -2  6 -2 -2 -3  0 -3 -4  1 -4 -3  3 -1 -2 -1 -1  0 -5 -4 -1    3  47   1   2   1   2   0   1   3   0   2  15   2   2   3   5   6   0   0   4  0.82 0.41
   84 V   -1  0  0  3 -3  0  2 -1  4 -1 -2 -1 -3 -2 -2  0  0 -4  1 -1    5   4   3  22   0   4  12   3  10   3   2   3   0   1   1   7   6   0   5   6  0.27 0.20
   85 H   -2  1 -3 -3  0  0 -2 -4  5  1 -1  1 -1  0 -3 -1  1  0  2  2    1   9   0   1   2   3   1   0  15   8   3  11   1   5   0   4  11   1   8  18  0.31 0.24
   86 A    4  0 -1 -2  4 -1 -1 -3  1 -2 -2 -1 -2 -4 -3  0  1 -5 -3  2   40   5   2   2   8   2   5   0   3   1   2   3   0   0   0   4   8   0   0  13  0.46 0.30
   87 S    1 -4 -3 -4 -3 -2 -3 -3 -3 -3 -2 -2 -4 -5 -3  6  2 -5 -4  0    9   0   0   0   0   1   1   1   0   1   4   2   0   0   1  60  12   0   0   6  0.99 0.51
   88 Y   -5 -2 -3 -4 -6 -3  0 -6  7 -1 -2 -4 -3  1 -3 -4 -2  4  7 -3    0   2   1   1   0   1   7   0  23   4   3   1   0   4   1   0   3   5  43   1  1.44 0.58
   89 L    1 -5 -5 -5 -2 -4 -5 -4 -5  0  3 -5 -1 -3 -5 -3 -3 -5 -4  6   11   0   0   0   1   0   0   1   0   1  29   0   1   0   0   1   1   0   0  52  1.02 0.46
   90 L   -3 -5 -5 -5 -4 -4 -5 -5 -4  3  4 -5  1  0 -5 -4 -3  0  3  4    1   0   0   0   0   0   0   0   0  14  37   0   3   3   0   1   0   1   9  28  0.82 0.37
   91 T   -1  6 -2 -4 -4  3  1 -4 -1 -5 -5  3 -4 -6 -4  0 -1 -6 -5 -3    5  40   1   0   0  15   8   1   1   0   0  18   0   0   0   6   3   0   0   2  0.94 0.45
   92 S   -3 -3  4 -4 -3  6 -2 -3  1 -6 -3 -2 -5 -6 -5  4 -3 -6 -5 -6    1   1  21   0   0  43   0   1   3   0   2   1   0   0   0  27   0   0   0   0  1.34 0.64
   93 G   -2 -2  3  1 -3 -3 -2  6 -1 -6 -6 -3 -4 -6 -4 -2 -3 -6 -6 -6    2   2  16   7   1   1   3  62   1   0   0   1   1   0   1   2   1   0   0   0  1.32 0.53
   94 D   -1 -1  2  5 -5  0  1  1  0 -4 -5  3 -3 -5 -1  1 -1 -5 -4 -4    6   1   9  30   0   4   6   9   2   0   1  17   1   0   3   8   2   0   0   1  0.54 0.30
   95 L    1 -5 -4 -6 -2 -5 -6 -6 -6  6  2 -5 -1 -3 -4 -4 -3 -5 -4  3   10   0   1   0   1   0   0   0   0  48  15   0   1   0   0   1   1   0   0  22  1.09 0.46
   96 R   -2  5  4 -3  1 -1 -3 -4 -3  0 -3 -1 -3 -3 -5 -1  1 -5 -1  1    3  32  22   0   3   1   1   1   0   7   1   2   0   1   0   3  10   0   3  11  0.62 0.37
   97 F   -6 -5 -7 -7 -4 -5 -7 -7 -5  1  2 -5 -1  8 -7 -6 -5 -3  0 -1    0   0   0   0   0   0   0   0   0   6  16   1   1  68   0   0   0   0   2   4  1.93 0.67
   98 L   -1 -5 -5 -6 -4 -4 -3 -6 -6  4  2 -5 -1 -3 -5 -3 -2 -5 -4  5    6   0   0   0   0   1   2   0   0  22  18   0   1   0   0   2   1   0   0  46  0.96 0.43
   99 F   -5 -5 -6 -6 -2 -5 -5 -6 -3  2  4 -6 -1  7 -6 -5 -4 -3 -2  2    0   0   0   0   1   0   1   0   1   9  33   0   1  41   0   1   0   0   0  12  1.22 0.49
  100 T   -3 -3  4 -3 -4 -1 -1 -4 -3 -3 -5 -1 -3 -5 -4  2  6 -6 -5 -1    1   1  18   0   0   2   3   0   0   1   0   4   0   0   0  17  47   0   0   4  1.00 0.51
  101 A    3 -4 -2 -3 -3 -3 -3  1 -4 -4 -4 -3 -4 -4 -3  5  1 -5 -4 -4   29   0   1   1   0   0   1   9   0   0   1   1   0   0   1  46   8   0   0   1  0.90 0.44
  102 P    2 -3 -1 -2  0 -3 -2  0 -3 -3 -3 -3 -3 -4  6  0 -2 -4 -1 -2   20   1   3   2   2   1   1   7   0   2   2   1   1   1  45   5   2   0   2   3  0.97 0.36
  103 Y   -2 -2 -1 -3 -3 -3 -3 -3 -1  2  3 -3  1 -1 -2 -3 -1 -2  5  1    2   1   3   1   0   1   1   2   1   9  36   1   2   1   2   2   2   0  20  10  0.50 0.23
  104 S    0  2  2  0  0  0  0 -1  0 -2 -1  1 -2 -2 -2  2  1 -3 -2 -2    7  12   9   5   2   3   6   4   2   2   6   6   1   1   1  18  11   0   1   2  0.15 0.11
  105 P    0 -1 -1 -2 -1 -1 -2 -1 -2 -3 -2 -1 -2 -3  5  2 -1 -3 -3 -2    9   3   2   2   1   3   2   5   1   2   3   3   1   1  35  20   3   0   1   3  0.63 0.24
  106 S    0 -1  1  2 -2  0  1  1  0 -1 -1  0 -1 -2  0  1  0  0 -1 -1    8   2   5  13   1   3   7  12   2   3   5   7   1   2   4  12   7   2   2   3  0.10 0.06
  107 L    0  0  0  0  0  0  0  0  2  0 -1  0  0 -1  0  0  1 -1  0  0    7   4   5   6   2   3   6   5   8   7   7   5   3   2   4   8   9   1   2   6  0.03 0.02
  108 S    0  0  0  1 -1  0  0  0  1 -1 -1  0 -1 -1  1  0  0 -1  0 -1   11   6   4   7   2   4   6   9   5   4   5   5   1   2   6   8   5   1   5   5  0.05 0.01
  109 A    0  0  0  0  0  0  0  0 -1  0  0  0  0 -1  0  0  0  1  0  0   10   4   3   5   2   4   6   9   2   8  11   4   2   3   4   7   7   2   3   7  0.01 0.00
  110 G    0  0  0  1 -1  0  0  1 -1 -1 -1  0 -1 -1  1  1  0 -1 -1 -1    9   4   5   9   1   4   6  12   1   4   6   4   2   3   7  10   5   1   2   5  0.06 0.01
  111 E    0  0  1  1 -1  1  1  0  0 -1  0  0 -1 -1  0  0  0 -1 -1 -1    9   6   6   8   1   6  12   6   2   3   9   5   1   3   4   5   4   1   2   5  0.05 0.01
  112 I    0  0  0  1 -1  0  0  0  0  0  0  0  0  0  0  0  0 -1  0  0    6   4   3  12   1   3   6   6   2   6  10   6   2   6   4   8   5   1   4   7  0.02 0.00
  113 K    0  0  0  1 -1  1  1  0  0 -1 -1  0  0 -1  0  1  0 -1  0 -1    8   4   5   8   1   5  11   6   2   4   6   6   2   3   5  11   5   1   3   5  0.05 0.01
  114 P    0  0  0  0 -1  0  1  0  0 -1 -1  0  0 -1  2  0  0 -1  0  0   10   5   3   7   1   3   8   6   3   4   7   5   2   3  12   7   6   1   3   5  0.08 0.01
  115 T    0  0  0  0  0  0  0  0  0  0  0  0  0 -1  0  0  1 -1  0  0    8   5   4   6   2   3   8   5   2   8   7   5   2   3   5   9   9   1   2   5  0.03 0.00
  116 T    1  0  0  0  0  0  0  0  0 -1 -1  0  0 -1  0  1  1 -1 -1  0   11   4   3   4   2   4   7   7   2   4   7   5   2   3   4  16   7   1   2   5  0.05 0.01
  117 T    0  0  0  0 -1  1  0  0  0  0 -1  0  0 -1  1  1  1  0 -1  0    7   4   4   5   1   6   6   6   2   5   7   8   2   3   5  10  10   1   2   6  0.04 0.01
  118 A    1  0  0  0 -1  0  0  0  0  0  0  0  0 -1  0  1  0 -1  0  0   15   4   3   4   1   4   7   6   2   4   8   5   4   3   4  12   6   1   3   6  0.04 0.01
  119 S    0  0  0  1 -1  0  0  0  0 -1  0  0 -1 -1  2  1  0 -1 -1 -1    7   4   4   7   1   4   7   6   2   5   8   5   2   3   9  14   5   1   2   5  0.06 0.01
  120 I    0  1  0  0 -1  0  0 -1  1  0  0  0  0 -1  0  0  0 -1  0  0    6   8   4   4   1   5   6   5   4  10  11   6   2   3   4   7   5   1   3   6  0.01 0.00
  121 P    0  0  0  0 -1  0  0 -1 -1 -1 -1  0 -1 -1  3  0  0 -1 -1 -1    8   5   4   5   1   4   7   5   2   4   7   6   2   3  17   6   6   1   2   5  0.14 0.02
  122 S    0  0  0  0 -1  0  0  1  0 -1  0  0  0 -1  0  1  0  0  0  0    5   6   5   5   2   4   6  10   2   3  11   6   2   2   3  10   7   1   3   6  0.03 0.01
  123 F    0 -1  0  0 -1  1  2 -1  0 -1  0  0 -1  2 -1 -1 -1 -1  1 -1    6   3   4   3   1   7  18   5   2   3  10   4   1  13   3   4   4   1   5   4  0.09 0.05
  124 D   -1  0  0  2 -2  0  1 -1  0 -1 -1  0 -1 -2  3  1  0 -2 -1 -1    5   4   4  14   1   5   8   4   2   3   6   5   1   2  16  11   3   1   2   3  0.19 0.07
  125 H    0 -1  2  2 -2  0  0  0  4 -1 -1  0 -1 -1  0  0  0 -2  0 -1    8   3  10  13   1   4   4   6  12   3   6   4   1   3   5   6   5   1   2   4  0.12 0.06
  126 G    0 -1 -1  1 -3 -1  1  1  0 -3 -3  1 -2 -3 -1  4  0 -3 -3 -2    5   2   2   8   0   1   7   9   2   2   2   8   1   1   2  38   5   0   1   2  0.37 0.21
  127 S    0 -2 -1  0 -4  1  3 -3  1 -1 -2 -1 -2  1  4 -1 -1 -3 -2 -2    7   2   2   5   0   7  25   1   3   3   3   2   0   7  21   3   4   0   1   3  0.42 0.23
  128 C    3 -3 -4 -4  2 -3 -3 -3 -2  3  0 -3  3  1 -3 -1 -2 -3 -2  1   30   1   0   1   4   0   1   1   1  21   8   0  10   6   1   3   0   0   1  10  0.46 0.26
  129 R    3  2  0 -2 -2  1  0  1  4 -3 -2 -1 -1 -2 -3  0 -1 -3  0 -2   28  10   5   1   1   7   4   9  11   1   4   3   2   1   0   6   3   0   4   2  0.26 0.19
  130 S    1  2  1  3 -4  1  3 -2 -1 -4 -3  0 -3 -3 -2  0 -2 -4  1 -3   13  12   5  15   0   5  23   2   1   0   1   6   0   1   2   7   2   0   6   0  0.38 0.23
  131 F   -4 -3 -4 -5 -4 -4 -4 -5  8 -4 -3 -5 -3  7 -6 -4 -5 -1  3 -4    1   1   0   0   0   0   1   0  38   0   1   0   0  44   0   1   0   1   8   1  1.97 0.64
  132 F    2 -3 -4 -5 -2 -2 -4 -3  1  1  3 -4  1  0 -4 -1 -1 -4 -2  3   20   1   0   0   1   2   0   1   5   7  32   0   2   4   0   4   2   0   1  19  0.43 0.26
  133 S    2  3  0  0 -3  1  2 -2 -1 -1 -2  2 -1 -3 -3  1  0 -4 -3  0   17  16   3   3   0   4  14   1   1   4   2  13   1   0   0   8   6   0   0   6  0.25 0.18
  134 S    0  3 -2  0 -4  2  1 -4 -1 -2  0  4  0 -3 -3 -1 -1 -4 -3 -1    7  15   0   4   0   9   9   0   1   2   9  30   2   1   0   4   2   0   0   3  0.41 0.26
  135 H   -6 -4 -4 -6 -8 -4 -5 -4 11 -8 -7 -5 -6 -6 -7 -6 -6 -7 -2 -8    0   1   0   0   0   0   0   1  96   0   0   0   0   0   0   0   0   0   1   0  3.91 1.09
  136 G   -3 -6 -4 -5 -6 -6 -6  7 -6 -7 -7 -5 -7 -7  1 -3 -5 -6 -7 -7    1   0   0   0   0   0   0  90   0   0   0   0   0   0   7   1   0   0   0   0  2.33 0.75
  137 L   -3 -5 -3  7 -6 -4 -1 -5 -5 -5  1 -4 -3 -5  5 -3 -4 -7 -6 -5    2   0   0  55   0   0   2   0   0   0  14   0   1   0  24   1   0   0   0   1  1.47 0.58
  138 G    3 -5 -3 -4  0 -4 -4  6 -5 -6 -6 -4 -5 -1 -5  3 -3 -5 -5 -4   21   0   1   0   2   0   0  52   0   0   0   0   0   3   0  20   1   0   0   0  1.18 0.49
  139 V    1 -6 -6 -7 -4 -6 -6 -5 -6  3 -3 -6 -3 -4 -6 -5 -4 -6 -5  7   10   0   0   0   0   0   0   1   0  12   0   0   0   0   0   0   0   0   0  76  1.69 0.63
  140 R    1  4 -1 -4  6 -2 -3 -3 -2 -2 -4  5 -2 -5 -3 -2 -3 -5 -5 -1   11  19   2   0  17   1   0   1   1   3   0  35   1   0   1   1   1   0   0   5  0.87 0.41
  141 A    3 -3 -1  6 -4 -4 -2  1 -5 -3 -5 -4 -5 -5 -5 -2 -3 -6 -5  1   24   1   2  50   0   0   1   9   0   1   0   0   0   0   0   2   1   0   0  10  1.07 0.48
  142 V   -4 -6 -6 -6 -4 -5 -6 -6 -6  5  1 -5  5 -2 -6 -5 -4 -2 -4  5    0   0   0   0   0   0   0   0   0  30   9   0  16   1   0   0   0   1   0  42  1.30 0.51
  143 A    7 -5 -5 -6 -1 -5 -5  1 -6 -5 -5 -5 -5 -6 -5  1 -3 -7 -6 -4   81   0   0   0   1   0   0   9   0   0   0   0   0   0   0   7   1   0   0   0  1.69 0.68
  144 I   -5 -6 -7 -7 -5 -6 -7 -7 -5  2  3 -6 -1  8 -7 -6 -5  2 -2  0    0   0   0   0   0   0   0   0   0   9  27   0   1  56   0   0   0   2   0   5  1.67 0.59
  145 E    0  5 -2 -3  0  1  4 -5 -2 -5 -1 -1 -4 -5 -5 -1 -1  4 -4 -3    6  30   2   0   2   4  31   0   0   0   7   1   0   0   0   3   4   6   0   2  0.75 0.40
  146 V   -4 -7 -7 -7 -2 -6 -7 -7 -7 -1 -3 -7 -3 -5 -7 -6 -1 -7 -5  8    0   0   0   0   1   0   0   0   0   1   0   0   0   0   0   0   3   0   0  95  2.33 0.81
  147 E    0  0  0  4 -5  0  3 -2 -2 -5 -4  2 -4 -4  2  0 -2 -6 -4 -2    7   4   4  26   0   2  23   2   1   0   1  12   0   1   9   5   2   0   0   3  0.56 0.30
  148 D   -6 -6  3  8 -6 -3 -3 -5 -4 -7 -8 -4 -7 -5 -6 -3 -5 -8 -7 -7    0   0  13  83   0   1   0   0   0   0   0   0   0   0   0   2   0   0   0   0  2.41 0.80
  149 A    5 -5 -5 -5  4 -5 -5 -4 -5  0  0 -5 -3 -4 -5 -1 -3 -6 -5  4   48   0   0   0   8   0   0   0   0   5   9   0   0   0   0   4   0   0   0  26  0.96 0.46
  150 E    2  1 -1  3 -4  1  3 -2  1 -4 -4  1 -4 -5 -3 -1 -1 -5 -2 -2   17   9   2  20   0   4  21   1   4   0   0  10   0   0   0   4   4   0   1   2  0.45 0.27
  151 S    2  0 -2 -1 -3  1  1  1  1 -2 -1  2 -2  0 -2  1 -1 -2  0 -1   22   4   1   2   0   5   8   9   4   1   5  15   0   5   0  10   3   0   3   3  0.17 0.16
  152 A    5 -5 -4 -5  3 -4 -5 -4 -5  2 -1 -4 -2 -5 -4 -1 -1 -6 -5  2   58   0   0   0   5   0   0   0   0  12   4   0   0   0   0   4   3   0   0  13  0.99 0.47
  153 F   -3 -4 -6 -6 -5 -5 -6 -6  0  1  0 -4  0  5 -6 -5 -4  2  7  1    2   0   0   0   0   0   0   0   2   8   7   1   2  27   0   0   1   3  37  10  1.29 0.50
  154 S    2  2  0  0 -4  2  3 -2  1 -5 -4  2 -3 -4 -3  0  0 -5 -2 -4   17  11   5   5   0  10  22   2   3   0   1  12   0   0   0   5   7   0   1   0  0.42 0.26
  155 I    0  3  0 -2 -3  1  2 -3  4 -2 -2  1 -3 -3 -4 -1  0 -3  1 -1    9  19   5   0   0   5  14   1  12   2   3  10   0   0   0   3   7   0   6   4  0.35 0.23
  156 S    6 -5 -5 -5  0 -4 -4 -4 -5 -1 -1 -4 -2 -5 -4  2  1 -6 -5 -2   65   0   0   0   1   0   0   0   0   3   5   0   1   0   0  15   8   0   0   2  1.17 0.54
  157 V   -2  1 -4 -5 -4 -1 -2 -5 -4  2  1  0  1 -3 -5 -3  1 -5 -4  5    2   7   0   0   0   2   2   0   0  10  14   8   3   0   0   1   7   0   0  42  0.59 0.32
  158 A    3  0 -2  0 -3  1  4 -1 -2 -4 -3  2 -3 -4 -3  1 -1 -5 -4 -3   27   3   1   4   0   5  25   3   0   1   2  13   0   0   0  10   4   0   0   1  0.49 0.31
  159 N    0  4  3 -2 -4  2 -1 -1  4 -4  0  1 -1 -4 -4 -2 -3 -5 -1 -4   10  26  16   1   0   9   3   4  10   0   9   7   2   0   0   2   0   0   2   0  0.48 0.29
  160 G   -4 -7 -3 -2 -4 -6 -5  7 -6 -8 -8 -6 -7 -8 -6 -3 -5 -7 -7 -7    0   0   1   2   0   0   1  94   0   0   0   0   0   0   0   1   0   0   0   0  2.47 0.79
  161 A    7 -6 -4 -6 -3 -5 -4  1 -6 -2 -6 -5 -5 -6 -5 -3 -4 -7 -6 -3   87   0   0   0   0   0   0   8   0   2   0   0   0   0   0   0   0   0   0   1  1.84 0.72
  162 I   -2  2 -3 -3 -4  1  1 -4  0  0 -2  4 -2 -2 -4 -2  2  2 -3  1    1  13   0   0   0   7   8   0   2   6   3  26   0   2   0   1  12   3   0  14  0.40 0.27
  163 P    1 -4 -3 -4 -3 -3 -2  1 -5  2 -2 -4 -2 -4  5  2 -3 -6 -5  2   10   0   0   0   0   0   3  11   0  11   3   0   1   0  27  16   0   0   0  17  0.62 0.34
  164 S    0 -4 -5 -5 -2 -4 -5 -4 -2  3  1 -4  1  1 -4 -1 -3 -4  2  4    8   0   0   0   1   0   0   1   1  20  13   0   3   6   0   4   0   0   8  35  0.63 0.32
  165 S    0  1 -2  1 -3  3  1 -2 -1 -1 -1  2  1  1 -2  0 -1 -4 -2 -1    8   8   1   7   0  16   9   2   1   2   7  13   4   7   1   9   3   0   0   4  0.17 0.16
  166 P    1 -2 -1  0 -5  0  4 -1 -3 -1 -3 -1 -3 -3  4  0 -1 -5 -3 -3   10   1   3   4   0   4  36   5   0   4   2   2   0   1  19   5   3   0   0   2  0.58 0.32
  167 P   -4 -2 -4 -5 -5 -1 -1 -4  0  1 -4 -2 -5 -5  8 -4 -3 -7 -6 -2    1   2   1   0   0   2   4   2   3   9   1   2   0   0  68   1   1   0   0   3  1.82 0.65
  168 I    0  0 -1 -2 -2  2  0 -2  2  1 -2  0 -1 -2 -3 -1  3  4  0  1    7   4   1   1   1  10   7   2   7   8   1   5   1   0   0   2  22   7   4  10  0.27 0.22
  169 V   -2 -2 -2  2 -4 -1  3  2 -3  0 -2 -2 -3 -3 -4 -2  2 -5 -4  1    2   1   1   9   0   2  24  17   0   5   4   2   0   1   0   1  17   0   0  13  0.36 0.26
  170 L   -2 -2 -3 -1 -3 -1  2 -2 -2  0  2 -1  0  0  3 -2 -1 -3  0  1    2   1   1   2   0   1  17   2   1   5  28   2   1   3  15   1   3   0   3  10  0.29 0.21
  171 N   -1 -1  1  1 -4  1  2  1  2 -3 -3  1  4 -4 -3  2  1 -4 -3 -3    5   2   6   7   0   6  12  10   5   0   1   7  15   0   0  15   8   0   0   0  0.30 0.23
  172 E   -3 -3  0  6 -6 -2  3  2  1 -4 -5 -2 -5 -6 -3 -2 -4 -6 -4 -4    2   1   4  49   0   1  19  15   3   1   1   1   0   0   1   1   0   0   0   1  1.11 0.46
  173 A   -1  0 -1  0 -3  0  4  1 -1 -3 -2  1 -2 -2 -2  1  0 -3 -2 -1    5   4   2   4   0   2  36  10   1   1   5   7   0   2   2   9   6   0   1   4  0.33 0.19
  174 V    0 -3 -4 -2  0 -3 -3 -5 -2  2  2 -4 -1  1 -4 -3 -2 -4  0  5    6   1   1   2   2   1   1   0   1   9  21   0   1   5   0   0   1   0   3  43  0.60 0.30
  175 T   -2  4  1 -2 -2  0 -1  0 -2  0 -2  3 -2 -4 -4 -1  1 -3 -3  2    1  23   9   1   1   3   2   6   0   4   2  17   0   0   0   2  10   0   0  18  0.36 0.24
  176 I   -2 -1 -3 -4  0 -3 -3 -4 -2  3  2 -1  3  2 -4 -2  1  3  2  1    2   4   0   0   2   0   1   0   1  22  16   4   8  11   0   2   9   4   6   8  0.34 0.20
  177 A    5 -4 -4 -4 -2 -4 -4 -1 -5 -4 -5 -4 -4 -4  4  1 -2 -6 -5 -1   59   0   0   0   1   0   0   3   0   0   0   0   0   1  19  11   1   0   0   4  1.15 0.50
  178 E    3 -2 -3 -2 -1 -2  2  0 -3 -1 -3  1 -3 -4 -3  0  2 -5 -4  1   28   1   0   1   1   0  18   6   0   4   0   9   0   0   0   6  15   0   0   9  0.37 0.26
  179 V   -4 -5 -6 -6 -4 -5 -6 -6 -6  6  1 -5 -1 -2 -5 -5 -2 -5 -3  4    0   0   0   0   0   0   0   0   0  55   9   0   0   1   0   0   2   0   1  30  1.40 0.50
  180 K    2  2 -2 -2 -2  2  1  0  2 -3 -2  2 -1 -3 -3 -1 -2 -3  2 -3   20  12   0   1   1   9  10   7   7   1   4  17   1   0   1   3   0   0   7   1  0.31 0.22
  181 L    1 -4 -3 -4 -3 -4 -4  4 -5 -2  1 -4 -3 -4 -2 -1  5 -5 -4 -1   10   0   0   0   0   0   0  28   0   1  14   0   0   0   2   2  37   0   0   4  0.72 0.38
  182 Y   -5 -5 -6 -4 -4 -5 -6 -5  0  4 -2 -5 -4  2 -3 -5 -5  5  8 -2    0   0   0   1   0   0   0   1   2  21   2   0   0   8   2   0   0   7  54   1  1.68 0.59
  183 G   -2 -6 -3 -3 -2 -5 -5  7 -6 -7 -7 -5 -6 -7 -6 -3 -4 -6 -7 -7    2   0   1   1   1   0   1  92   0   0   0   0   0   0   0   1   0   0   0   0  2.30 0.71
  184 D   -4 -4 -1  7 -6 -2  2  2 -3 -6 -6 -3 -6 -6 -5 -2 -4 -7 -6 -6    1   1   1  62   0   1  14  16   0   0   0   1   0   0   0   3   0   0   0   0  1.51 0.55
  185 V    0 -4 -1 -4 -1 -4 -4 -4 -4  0  0 -4 -1 -4 -4  2  5 -5 -4  3    7   0   2   0   1   0   0   0   0   3   8   0   1   0   0  14  37   0   0  26  0.70 0.38
  186 V   -2  1 -2 -3 -1 -2 -2 -4 -1  1  1 -2 -1 -3  0 -1  3 -1 -2  3    2  10   1   0   1   1   2   0   2   7  13   1   1   0   5   2  23   1   1  26  0.35 0.24
  187 L   -5 -4 -4 -5 -6 -4 -4 -6 10  1  3 -5 -3 -3 -6 -5 -5 -5 -3 -4    0   0   0   0   0   0   0   0  60   9  27   0   0   1   0   0   0   0   0   1  2.05 0.67
  188 R   -3  4 -3 -4 -4 -3 -3 -5 -3 -3 -3 -1 -1 -3 -5  1  5 -4  5 -2    0  20   0   0   0   0   0   0   0   1   2   2   2   0   0   8  42   0  19   3  0.97 0.47
  189 Y   -5 -5 -6 -6 -5 -5 -6 -6 -5 -2  5 -6 -1  6 -2 -5 -5 -1  2 -3    0   0   0   0   0   0   0   0   0   0  52   0   1  37   2   0   0   1   7   0  1.43 0.52
  190 V   -4 -6 -6 -6 -4 -5 -6 -6 -6  5  0 -5 -2 -3 -5 -3 -3 -6 -2  6    0   0   0   0   0   0   0   0   0  28   5   0   0   1   0   2   1   0   2  61  1.43 0.53
  191 S   -3 -3  0  5 -6  2  5 -4 -3 -6 -6 -3 -5 -6 -4  2 -3 -6 -5 -5    0   0   4  34   0   8  34   0   0   0   0   0   0   0   0  18   1   0   0   0  1.14 0.48
  192 Y   -2  7 -1 -4 -4 -2 -3 -4  0 -4 -2  0 -3 -1 -4 -2 -2 -4  3 -4    2  65   2   0   0   1   1   1   2   1   5   3   0   2   0   2   2   0   9   1  1.30 0.48
  193 K   -1  1  0 -1 -2  0  0 -1  0 -1 -1  2 -1  0  2  0  0  0  2 -1    5   8   3   2   1   3   5   4   2   3   5  17   1   5   9   8   4   1  11   3  0.12 0.07
  194 A    0 -1  1  0 -1  0  0  3  0 -1 -1 -1 -1 -2  0  0  0 -1 -1 -1    8   4   7   4   1   3   6  29   2   3   5   4   1   2   3   5   6   1   2   5  0.18 0.06
  195 E    0  0  0  2 -1  0  1  0  0 -1 -1  1 -1 -1  1  0  0  0  1 -1    6   4   3  13   1   4  13   5   2   3   5   8   1   3   6   5   4   1   6   6  0.08 0.03
  196 D   -1 -1  1  2 -2  0  0  2  0 -1 -2 -1 -1 -2 -1  2  0 -2 -2 -2    4   3   7  14   1   3   6  15   3   5   3   3   2   1   3  18   6   0   1   2  0.16 0.09
  197 T   -1  1  3  2 -1  0  0  1 -1 -1 -2  0 -2 -3 -1  0  1 -3 -2 -2    5   9  18  12   1   4   3  13   1   3   3   6   0   1   3   7   8   0   1   2  0.20 0.11
  198 E   -2 -3 -1  1 -3 -1 -2 -1  1 -2 -2 -2 -3  2 -1 -2 -2  0  8 -3    3   1   3   8   0   2   2   4   2   2   3   2   0   8   3   2   2   1  49   1  0.98 0.37
  199 K   -1  1  1  2 -3  1  0 -1  0 -1 -3  2 -2 -3  0  1  2 -3 -2 -2    3   8   8  11   0   5   6   3   2   4   2  16   0   1   4  10  14   0   1   1  0.21 0.14
  200 S   -1 -1  0 -3 -4 -3 -3  6 -1 -3 -5 -3 -4 -4 -4  2 -1 -5 -2 -1    2   3   4   1   0   0   1  57   1   1   1   1   0   1   0  16   3   0   1   5  0.97 0.39
  201 E    1 -2 -2  0  0 -2 -1 -3 -2  3  0 -2 -1  0  4 -1 -1  0 -2  1   11   1   2   6   2   1   3   1   1  19   7   1   0   5  20   4   4   2   0  11  0.28 0.17
  202 F   -5 -5 -5 -6 -5 -5 -5 -6 -1 -3 -1 -5 -2  8 -6 -5 -5  0  6 -4    1   0   0   0   0   0   0   1   1   1   4   0   1  64   0   0   0   1  23   0  2.04 0.61
  203 L   -2 -3 -4  3 -4 -3 -3 -4 -4 -1  5 -3  3 -1 -3 -3 -3 -1 -2 -1    3   1   0  17   0   0   1   1   0   1  58   1   6   3   1   2   0   1   1   2  0.80 0.36
  204 P   -2 -5 -4 -4 -3 -4 -4 -5 -5  1 -4 -4 -3 -5  8 -4 -4 -5 -5  0    2   0   1   1   1   0   1   1   0   9   1   0   1   0  73   1   1   0   0   8  2.03 0.62
  205 G   -3 -3  1  3 -5 -1 -2  6 -2 -5 -5 -2 -5 -4 -4 -2 -3 -5 -2 -5    1   1   5  19   0   2   2  61   1   0   1   2   0   1   0   1   1   0   2   0  1.24 0.44
  206 F   -3 -5 -4 -6 -3 -5 -5 -6 -2 -3 -2 -5 -3  7 -6 -5 -5 -1  7 -4    2   0   1   0   1   0   0   0   0   1   4   0   0  53   0   0   0   0  34   1  1.92 0.60
  207 E    0  2 -1 -1 -3  2  4 -3 -1 -2 -3  2 -2 -3 -3  0  1 -4 -1  1    6  10   2   1   0   8  28   0   1   2   1  11   1   1   0   5   8   0   2  12  0.34 0.22
  208 R    2  0  0 -1 -4 -1  0 -2 -2 -3 -3  1 -3  2  5 -1 -1  2  0 -3   17   5   4   2   0   2   7   2   0   1   1   8   0   9  26   3   4   3   3   1  0.43 0.23
  209 V   -1  0 -2 -2 -1 -2 -2 -3 -1  2  1 -1  0 -1 -1 -1  0  3  1  3    5   5   1   2   1   1   1   1   2  13  13   3   2   1   4   4   4   4   7  25  0.18 0.14
  210 E   -1  0  0  3 -4  0  3 -2 -2 -3 -4  0 -1 -4  3  0  0  0 -1 -3    4   4   3  19   0   4  25   3   1   1   1   4   1   0  13   6   7   2   2   1  0.44 0.23
  211 D   -1 -1  1  2  0 -1  1  2 -2 -3 -3  0 -2 -3  4  0 -1 -4 -3 -3    3   3   7  14   2   2  10  15   0   1   2   4   1   1  20   8   3   0   0   1  0.39 0.19
  212 A    1  0 -1 -1 -2  0 -1 -2 -1  1  0 -1  0 -1  1  1  0 -2 -1  1   14   4   2   2   0   4   3   1   2   8  10   2   2   3   7  15   6   0   2  12  0.08 0.08
  213 S    0 -1  1  2 -3 -1  1 -1 -1 -1 -1 -1 -2 -1  0  2  0 -3  1  0    6   3   7  16   0   2   8   3   1   2   8   3   0   1   3  17   6   0   6   7  0.12 0.11
  214 S    1  1  2 -1 -3  1  1 -2  0 -2 -1  1 -1 -3  2  1  0 -3  0 -1   11   9  10   1   0   6   8   2   2   2   5  10   1   0   9  13   3   0   3   3  0.17 0.11
  215 F    0  1  1 -1  1  0 -1 -1  2  0  0  1 -1  1  0  0  0 -2  0 -1    5   7   9   3   3   2   3   4   7   5  10   8   1   9   4   7   6   0   3   3  0.03 0.05
  216 P   -1  0 -2 -1 -2 -1 -1 -2 -2 -2  2 -1 -1 -3  6 -1  0 -4 -3 -2    4   5   1   4   1   2   3   3   1   1  21   4   1   1  37   3   7   0   0   2  0.63 0.26
  217 L    0 -1  0 -1 -3 -1  1 -2 -1 -1  1  0 -1 -3  4  0 -1 -4 -3  0    8   3   4   2   0   2  13   3   2   2  14   4   1   0  26   5   3   0   0   8  0.34 0.17
  218 D   -1 -1 -1  4 -4  0  0  2 -1 -3 -4 -1 -3 -4  3  0  0 -5 -4 -3    4   2   2  24   0   4   6  20   1   2   0   3   0   0  17   8   5   0   0   1  0.50 0.24
  219 Y    1 -1 -2 -3  1 -2 -1 -2  1  1 -1 -2 -2  0  0  0  1 -3  3  2   13   3   1   0   4   1   4   1   5   8   3   1   0   3   4   4  10   0  11  22  0.17 0.15
  220 G   -2 -2  2 -1 -4 -2 -3  5 -1 -4 -2 -1 -2 -4  1  0 -2 -5 -4 -3    1   2   9   3   0   1   1  55   2   1   5   3   1   0   7   5   2   0   0   2  0.81 0.32
  221 I   -4 -5 -6 -6 -4 -5 -6 -6 -5  2  5 -5  1  4 -6 -4 -4 -4 -2 -1    0   0   0   0   0   0   0   0   0  12  62   0   3  20   0   1   0   0   0   2  1.22 0.44
  222 R   -1  2  0 -1 -2  2  1 -2  0  0 -1  2 -1 -2  0  0  1 -3  0  0    4  12   5   2   1  12   7   1   2   5   4  14   1   1   3   5  12   0   3   6  0.15 0.12
  223 R    1  3 -1 -3 -1 -1  0 -1  1 -1 -1 -1 -2  2 -3 -1 -1 -3  3  0   16  22   2   1   1   2   8   4   3   3   5   1   1  10   0   2   4   0  11   6  0.22 0.18
  224 L   -4 -6 -4 -6 -1 -5 -6 -4 -6  6  2 -5 -1  1 -6 -5 -3 -5 -4  3    0   0   1   0   1   0   0   1   0  57  16   0   0   5   0   0   0   0   0  18  1.22 0.44
  225 D   -6 -6 -3  8 -8 -4 -2 -5 -5 -7 -8 -5 -7 -8 -3 -2 -5 -8 -7 -7    0   0   0  97   0   0   0   0   0   0   0   0   0   0   1   2   0   0   0   0  2.73 0.79
  226 H   -6 -5 -4 -6 -8 -4 -5 -7 11 -8 -7 -5 -6 -6 -3 -5 -6 -7  0 -8    0   0   0   0   0   0   0   0  97   0   0   0   0   0   1   0   0   0   2   0  3.76 0.98
  227 A    0 -5 -5 -5  6 -4 -5 -4 -2  3  2 -5  1 -1 -5 -3 -2 -4 -3  3   10   0   0   0  19   0   0   0   1  15  23   0   4   2   0   0   1   0   0  24  0.73 0.31
  228 V    0 -5 -3 -6 -4 -5 -2 -6 -6 -1 -3 -5 -3 -4 -5 -4  3 -6 -5  6    8   0   1   0   0   0   2   0   0   0   0   0   0   0   0   0  19   0   0  69  1.37 0.54
  229 G   -1 -4 -3 -4 -1 -1 -3  5  6 -1 -1 -4 -4 -4 -5 -2 -4 -5 -1 -1    4   0   0   0   1   3   1  53  19   4   6   0   0   0   0   2   0   0   2   4  1.02 0.40
  230 N   -5 -5  9 -3  3 -4 -4 -2 -3 -7 -6 -4 -6 -7 -6 -2 -4 -8 -6 -7    0   0  87   0   6   0   0   3   0   0   1   0   0   0   0   2   0   0   0   0  2.44 0.76
  231 V   -4 -5 -5 -6 -4  3 -4 -6 -2 -1 -1 -5  0 -4 -6 -5 -3  5  1  6    0   0   0   0   0  14   0   0   1   0   4   0   2   0   0   0   1   7   4  68  1.34 0.53
  232 P    0 -2  2  0 -4 -2  1 -1  3 -4 -4 -1 -2 -2  5 -2 -2 -1  3 -4    6   1  11   5   0   0  11   4   7   1   1   3   1   1  34   1   1   1  10   1  0.70 0.28
  233 E   -3  3  1  3 -5  2  5 -4 -2 -4 -3  0 -3 -5 -4 -2 -3  2 -4 -3    0  19   6  16   0   8  37   0   0   1   3   4   0   0   0   1   1   3   0   2  0.78 0.35
  234 L   -3 -3 -2 -3 -3 -3 -3 -3 -3 -1  4 -2  8 -2  0 -3 -3 -3 -3 -1    1   1   2   1   0   1   1   2   0   1  37   2  39   1   5   1   1   0   1   3  1.03 0.36
  235 G    0 -3  2  2 -4 -1  2  4 -1 -2 -1 -1 -2 -3 -4 -1 -1 -5 -4 -1    6   0  10  12   0   2  17  32   1   2   6   2   1   1   0   2   3   0   0   5  0.41 0.23
  236 P    0  3  1  0 -4  1  2 -3 -1 -4 -4  1 -3 -5  4  0 -1 -5 -3 -3    8  20   5   6   0   6  11   1   1   0   1   9   0   0  20   8   2   0   0   1  0.48 0.24
  237 A    3 -4 -3 -5 -1 -2 -4 -4 -3 -1 -1 -4  6 -2 -5 -1  1  7 -2  2   27   0   1   0   1   1   0   0   1   2   3   0  25   1   0   3   8  14   0  12  0.84 0.39
  238 L    2 -4 -1  2  4 -3 -3 -3 -4  0  0 -3 -2 -3 -4 -1 -2 -5 -4  4   22   0   3  15   8   1   1   1   0   2   6   1   0   0   0   2   1   0   0  38  0.55 0.31
  239 T    1  0  1  2 -4  0  3 -2  1 -3 -3  1 -3 -2 -2  1  0 -4  1 -1   12   4   8  11   0   3  22   2   3   0   1  10   0   1   0   9   4   0   5   4  0.28 0.18
  240 Y   -4 -6 -6 -7 -6 -5 -6 -6  0 -4 -4 -6 -3  4 -7 -5 -2 11  6 -5    1   0   0   0   0   0   0   0   2   1   0   0   0  18   0   0   2  50  24   0  2.65 0.72
  241 V    1 -5 -5 -6 -5 -4 -5 -4 -2  2 -2 -5 -2  0 -5 -2 -3 -2  8  1   15   0   0   0   0   0   0   1   0  11   2   0   1   1   0   4   0   0  54  11  1.34 0.50
  242 A    1  0  1  1 -2  2  4  0  1 -2 -3  0 -2 -3 -3 -1 -1 -4 -1 -2   12   4   6   6   1   8  31   7   4   2   1   6   0   1   0   3   3   0   2   2  0.34 0.20
  243 G   -3  1  0  1 -5  1  0  0  0 -4 -3  3 -3  4 -4 -1 -2 -2 -1 -4    1   9   5   7   0   6   5   9   2   0   0  25   0  24   0   3   2   0   1   0  0.46 0.26
  244 F   -1 -4  1 -4  3 -4 -4 -4 -2  1 -2 -3  0  4 -5 -3  0 -2  5  3    4   0   7   0   6   0   0   1   0   8   1   1   2  15   0   1   5   0  26  22  0.65 0.31
  245 T   -3 -2 -3 -3 -1 -2  2 -4 -3 -1  3 -3  6  2 -4 -3  2 -4 -3 -2    1   2   1   0   1   0  16   1   0   1  31   0  21   8   0   1  16   0   0   0  0.62 0.33
  246 G   -2  2  1  1 -2  0 -1  5 -2 -5 -3  1 -1 -5 -4 -1 -3 -5 -4 -5    1  12   7   7   1   4   2  50   1   0   3   9   2   0   0   2   1   0   0   0  0.78 0.32
  247 F   -5 -6 -6 -7 -5 -6 -6 -6 -5  1  1 -6  1  8 -7 -6 -5 -1  0 -1    0   0   0   0   0   0   0   0   0   7  15   0   4  70   0   0   0   1   1   3  1.85 0.57
  248 H   -1 -1 -1 -3 -3  0 -1 -2  8 -4 -2  0 -3  4 -4 -2  1 -4 -1 -2    4   2   2   1   0   3   4   3  40   0   4   6   0  16   0   2   8   0   0   4  0.88 0.38
  249 Q   -3  4  5 -1 -5  1  2 -1 -2 -5 -2  0 -3 -5  0 -2 -2 -5 -4 -3    1  27  28   2   0   6  16   5   1   0   4   3   0   0   4   0   1   0   0   1  0.69 0.33
  250 F   -5 -5 -5 -6 -5 -1 -5 -6 -4  0  0 -4  3  8 -6 -5 -3 -2  2 -1    0   0   0   0   0   4   0   0   0   4   9   1   8  63   0   0   1   0   6   3  1.53 0.50
  251 A    2  3 -4 -1 -4  1 -3 -4 -1 -1 -2 -1 -2 -1 -5 -3 -3  9 -2 -1   19  18   0   4   0   7   1   0   1   5   3   4   1   2   0   1   0  31   0   3  1.06 0.41
  252 E   -2 -1 -2 -2  0  0  5 -4  2 -4 -5 -2 -4 -5 -2  4  1 -5 -4 -4    1   3   1   1   2   3  42   0   5   0   0   0   0   0   1  32   7   0   0   0  0.89 0.41
  253 F   -2 -3 -4 -5 -4 -4 -5 -5 -2  3 -2 -4 -2  6 -5 -2 -3 -3  1  4    3   1   1   0   0   0   0   0   1  19   1   1   0  36   0   2   0   0   3  31  0.96 0.37
  254 T   -2  3  1  5 -4 -1 -2 -3 -2 -2 -4 -1 -3 -1 -2 -2  2 -5 -4  0    2  19   5  41   0   2   0   1   1   3   1   1   0   3   1   2  12   0   0   6  0.68 0.31
  255 A    1 -3 -2  5 -4 -2  0  0  0 -4 -4 -3 -4 -1 -2 -2  0 -3  5 -4   13   0   1  35   0   1   7   8   2   0   1   0   0   2   1   2   5   0  21   0  0.69 0.32
  256 D   -2 -1  0  2 -4 -1  2 -2 -1 -4 -3  3 -3  4 -3  1 -1 -3 -2 -4    2   2   3  12   0   1  17   2   1   0   1  22   0  22   0  12   3   0   0   0  0.48 0.27
  257 D   -2 -2 -1  6 -5  3  0 -4  1 -2 -4 -1 -1 -5 -4 -3 -2 -5 -1 -2    2   1   1  55   0  14   4   0   3   3   1   4   2   0   0   1   2   0   3   4  1.02 0.41
  258 V   -3 -6 -6 -2 -4 -6 -6 -7 -6  7  0 -6  2 -1 -6 -5 -4 -6 -4  3    2   0   0   2   0   0   0   0   0  64   4   0   4   2   0   0   0   0   0  22  1.44 0.50
  259 G    0 -2 -1 -2  3  1  2  2  4 -4 -3  1 -3 -3 -3  2  0 -4 -2 -2    8   1   2   0   7   6  15  15  12   0   2   9   0   1   0  16   4   0   0   2  0.34 0.22
  260 T   -3 -5 -3 -4 -4 -4 -4  3 -5 -4 -5 -4 -4 -6 -5  0  7 -6 -5  0    0   0   0   0   0   0   0  20   0   0   0   0   0   0   0   6  69   0   0   5  1.50 0.58
  261 A   -1 -1 -1  2 -4  1  5 -1 -3 -4 -4  2 -4 -5 -1  0 -2 -5 -4 -2    5   1   1  12   0   4  44   5   0   0   1  14   0   0   3   5   1   0   0   3  0.67 0.31
  262 E   -3  0 -3  0 -5 -2  1 -2  1 -3 -1 -2 -2  2 -5 -3 -2 -2  7 -2    1   5   1   7   0   1   9   3   2   1   7   2   1   8   0   1   2   0  47   2  0.90 0.38
  263 S   -2 -4 -3 -4 -4  1 -3 -4 -4 -5 -5 -3 -4 -6 -4  6  4 -6 -5 -4    0   0   0   0   0   5   0   0   0   0   0   0   0   0   0  68  25   0   0   0  1.50 0.60
  264 G    5 -3 -4 -4  1 -4 -3  5 -4 -5 -5 -4 -4 -5 -4  0 -3 -5 -5 -4   47   1   0   0   2   0   1  40   0   0   0   0   0   0   0   7   0   0   0   0  1.15 0.44
  265 L   -5 -5 -7 -7 -5 -5 -6 -7 -6  0  6 -6  5 -2 -6 -6 -4 -5 -4 -1    0   0   0   0   0   0   0   0   0   2  83   0  12   1   0   0   0   0   0   2  1.67 0.56
  266 N   -3  3  4 -2 -5 -2 -2 -4  2 -3 -2  1  5 -2 -4 -1  0 -5  0 -2    1  18  26   1   0   0   1   0   4   0   3  10  19   1   0   5   6   0   3   3  0.59 0.32
  267 S   -1 -5 -3 -4 -5 -4 -4 -1 -5 -3 -6 -4 -5 -6 -5  7 -1 -7 -5 -5    3   0   0   0   0   0   0   3   0   2   0   0   0   0   0  88   3   0   0   0  1.84 0.69
  268 A   -1  2 -3 -4 -4  1 -2 -4 -3  3 -1  4  2 -4 -4 -3  0  1 -4  1    3  12   0   0   0   6   0   0   0  19   4  31   6   0   0   0   5   2   0  12  0.50 0.29
  269 V    3 -6 -6 -6 -4 -5 -5 -5 -6 -1 -1 -5 -3 -4 -5 -4 -3 -6 -5  7   25   0   0   0   0   0   0   0   0   0   4   0   0   0   0   0   0   0   0  71  1.49 0.56
  270 L   -4 -5 -6 -7 -4 -5 -6 -6 -6  0  3 -5  8 -3 -6 -5 -4 -5 -4  4    0   0   0   0   0   0   0   0   0   4  23   0  44   0   0   0   0   0   0  30  1.57 0.56
  271 A    4 -1 -3 -4 -2  1 -3 -3 -2 -1 -4 -2 -2 -5 -4  1  4 -5 -3  0   39   2   0   0   0   7   0   0   1   4   0   1   0   0   0  11  28   0   1   5  0.68 0.36
  272 S    1 -4  6  2 -2 -3 -3 -3 -1 -5 -6 -3 -5 -4 -4  4 -2 -6 -3 -4   11   0  38  12   1   0   0   0   1   0   0   0   0   1   0  34   0   0   1   0  1.06 0.46
  273 N   -1 -1  2 -1 -5 -3 -1  2  0 -5 -5 -1 -4 -1  5  0 -3  0  1 -4    3   3  13   2   0   0   4  19   2   0   0   3   0   3  35   6   0   1   6   1  0.78 0.33
  274 D   -2 -3  5  3  5 -1  1 -3 -1 -5 -5 -3 -4 -4 -4  2  1 -5 -2 -4    2   0  33  17  12   1  10   1   1   0   0   0   0   0   0  13   8   0   1   0  0.82 0.36
  275 E   -3 -1  0 -1 -5 -1  4  5  3 -6 -4 -1 -5 -6 -4 -3 -3 -5 -4 -5    1   2   4   3   0   2  34  42   6   0   2   3   0   0   0   0   1   0   0   0  0.96 0.40
  276 M   -2  3  0 -3 -2 -1 -2 -2 -1 -2 -2  4  2 -2 -4  0  3 -3 -1  0    2  16   4   0   1   2   1   2   1   2   2  27   8   1   0   5  19   0   2   6  0.39 0.25
  277 V   -3 -6 -6 -6 -4 -6 -6 -7 -6  6 -1 -6 -1 -4 -6 -4 -3 -6 -4  6    1   0   0   0   0   0   0   0   0  46   1   0   1   0   0   0   1   0   0  51  1.59 0.54
  278 L   -4  4 -3 -4 -5  2 -2 -5 -2 -4  1  6 -3 -5 -4 -3  0 -5 -4 -2    0  18   0   0   0   9   1   0   1   0  17  47   0   0   0   0   6   0   0   2  0.92 0.41
  279 L   -4 -5 -4 -6 -4 -5 -6 -6 -5  4  3 -5  6  5 -6 -5 -4 -4 -2 -1    0   0   1   0   0   0   0   0   0  25  23   0  22  28   0   0   0   0   0   1  1.22 0.45
  280 P   -4 -6 -4 -5 -6 -5 -5 -3 -6 -6 -6 -5 -6 -7  8 -1  1 -7 -7 -2    1   0   1   0   0   0   0   2   0   0   0   0   0   0  81   4   8   0   0   3  2.43 0.72
  281 I   -4 -6 -6 -6 -4 -5 -6 -7 -6  6  3 -6  3 -1 -6 -5 -4 -5 -4  1    0   0   0   0   0   0   0   0   0  57  31   0   6   2   0   0   0   0   0   5  1.39 0.48
  282 N   -2 -4  8 -3 -2 -3 -4 -4 -3 -2 -1 -4 -5 -6 -6 -2 -3 -7 -6 -6    4   0  83   0   1   1   0   0   0   3   6   0   0   0   0   2   1   0   0   0  2.07 0.69
  283 E   -5 -4 -4 -2 -8  1  8 -6 -4 -7 -7 -3 -6 -7 -5 -4 -5 -7 -6 -7    0   0   0   0   0   4  96   0   0   0   0   0   0   0   0   0   0   0   0   0  2.49 0.79
  284 P   -3 -4 -4 -3 -4 -3 -2 -2 -4 -4 -5 -3 -4 -5  8  0 -3 -5 -4 -4    1   1   1   1   0   1   3   4   0   1   1   1   0   0  75   9   1   0   0   1  2.04 0.55
  285 V    5 -3 -3 -2 -2 -2 -2 -1 -3 -1 -2 -2 -2 -3 -2 -1  1 -3 -2  2   55   1   1   2   0   1   1   3   0   2   2   2   0   1   1   3   8   0   1  16  0.65 0.28
  286 H   -1 -1  0  1 -3  0  2 -2  2 -1 -2  1 -1  1  3  0 -1 -2  1 -1    3   2   4   7   0   4  17   2   6   4   2   7   1   6  14   5   4   0   5   6  0.19 0.11
  287 G   -1 -1 -2 -2 -4 -3 -3  6 -3 -4 -4 -2 -2 -4 -1  1 -1 -4 -4 -3    3   3   1   1   0   1   1  64   0   1   1   2   1   1   3  11   3   0   0   2  1.09 0.36
  288 T    1  0  0 -1 -1  0 -1 -1 -1 -1 -1  1 -1 -1 -1  1  3 -2 -1 -1   11   6   4   2   1   2   3   4   2   2   7  10   1   3   2  13  23   0   1   3  0.14 0.09
  289 K   -1  3 -2  2 -5 -1 -1 -2 -3 -2 -4  6 -3 -5 -3 -1 -3 -5 -4 -3    4  12   0  12   0   2   2   3   0   2   1  55   0   0   1   3   1   0   0   1  0.91 0.37
  290 R   -2  5 -2  1 -2 -1  0  1 -2 -4 -4  4 -1 -4 -1 -2 -2 -4 -4 -4    2  35   1   9   1   1   4  12   0   0   1  26   2   0   3   1   1   0   0   1  0.70 0.30
  291 K   -1  2  1 -3 -5  0 -2 -2 -1 -4 -4  6 -3 -5  0  0 -1 -5 -4 -3    5   8   6   0   0   3   1   3   1   1   1  57   0   0   4   5   3   0   0   1  0.88 0.37
  292 S   -1 -3 -3 -3 -5 -3 -4  2 -5 -6 -6 -4 -5 -6 -5  7 -2 -6 -6 -5    2   1   0   1   0   1   0  15   0   0   0   0   0   0   0  81   0   0   0   0  1.69 0.65
  293 Q   -2 -3 -4 -4 -7  9 -2 -6 -4 -7 -6 -1 -5 -7 -2 -4 -3 -6 -6 -6    2   0   0   0   0  92   0   0   0   0   0   2   0   0   2   0   1   0   0   0  2.60 0.85
  294 I   -3 -7 -7 -7 -5 -6 -7 -3 -7  8 -2 -6 -2 -4 -6 -6 -3 -6 -5  1    2   0   0   0   0   0   0   2   0  89   0   0   0   0   0   0   1   0   0   6  2.09 0.65
  295 Q   -1 -1 -3  2 -6  6  5 -5 -3 -6 -6 -2 -5 -7 -4 -3 -3 -6 -5 -5    5   2   0  13   0  39  40   0   0   0   0   0   0   0   0   0   1   0   0   0  1.38 0.54
  296 T   -2 -1 -4  0 -7 -2  7 -6 -4 -6 -6 -3 -5 -7 -5 -3  2 -6 -6 -6    2   2   0   4   0   0  77   0   0   0   0   0   0   0   0   0  14   0   0   0  1.75 0.64
  297 Y   -6 -6 -6 -7 -6 -6 -6 -7 -3 -5 -4 -6 -4  7 -7 -6 -6 -2  8 -5    0   0   0   0   0   0   0   0   0   0   0   0   0  41   0   0   0   0  59   0  2.59 0.75
  298 L   -4 -2 -5 -6 -1 -5 -6 -6 -6  2  5 -5 -1 -3 -6 -5 -3 -5 -2  3    0   2   0   0   1   0   0   0   0  11  61   0   0   0   0   0   0   0   1  23  1.12 0.43
  299 E   -1  2  0  5 -6  0  4 -4 -3 -4 -3 -1  2 -5 -4 -2 -2 -6 -5 -4    4  10   3  35   0   2  31   0   0   1   2   2   6   0   0   2   2   0   0   1  0.86 0.38
  300 H   -1 -3 -4 -3 -3  2  0 -5  3 -3 -3 -2 -2  6 -5 -1 -3  2  5 -1    6   1   0   1   0  12   7   0   8   1   1   2   1  32   0   4   0   2  20   3  0.79 0.34
  301 N   -5 -4  5 -4 -6 -4 -4 -5  5 -5 -5 -4 -4  1 -5 -3 -4 -3  8 -5    0   0  29   0   0   0   0   0  15   0   0   0   0   5   0   1   0   0  48   0  1.78 0.59
  302 E    0  1  4 -1 -3  0  2  4  2 -5 -4  0 -4 -5 -4 -1 -2 -5 -3 -4    5   9  20   3   0   2  12  30   5   0   1   6   0   0   0   4   1   0   1   1  0.53 0.25
  303 G   -3 -3 -4 -4 -2 -5 -5  7 -5 -7 -7 -5 -6 -6 -5 -2 -2 -6 -6 -6    1   1   0   1   1   0   0  90   0   0   0   0   0   0   0   2   2   0   0   0  2.11 0.62
  304 A    4 -3 -4 -2 -4 -2  3 -2 -4 -5 -5 -3 -4 -5  5  1 -3 -5 -5 -4   36   1   0   1   0   0  22   2   0   0   0   0   0   0  27  11   0   0   0   0  0.96 0.41
  305 G   -3 -6 -4 -5 -6 -5 -6  8 -6 -7 -7 -5 -6 -7 -6 -4 -5 -6 -6 -7    0   0   0   0   0   0   0  98   0   0   0   0   0   0   0   0   0   0   0   0  2.51 0.70
  306 L   -1 -6 -6 -6  1 -5 -6 -6 -6  5  0 -5 -2 -2 -5 -4 -3 -6 -4  5    4   0   0   0   3   0   0   0   0  38   5   0   0   1   0   0   0   0   0  49  1.29 0.46
  307 Q   -5 -3 -4 -5 -7  9 -1 -6 -4 -7 -7 -3 -5 -8 -6 -4 -5 -6 -6 -7    0   0   0   0   0  98   2   0   0   0   0   0   0   0   0   0   0   0   0   0  2.95 0.92
  308 H   -6 -2 -4 -6 -8 -4 -5 -7 11 -8 -7 -5 -6 -6 -7 -5 -6 -7 -3 -8    0   2   0   0   0   0   0   0  98   0   0   0   0   0   0   0   0   0   0   0  3.85 0.99
  309 L   -4 -6 -6 -6 -4 -6 -6 -7 -6  7  3 -6  1  0 -6 -5 -4 -5 -4  2    0   0   0   0   0   0   0   0   0  61  24   0   2   3   0   0   0   0   0  10  1.39 0.47
  310 A    7 -5 -5 -6 -4 -5 -5 -1 -5 -5 -5 -4 -5 -6 -3 -3 -4 -6 -6 -3   96   0   0   0   0   0   0   3   0   0   0   0   0   0   1   0   0   0   0   1  2.03 0.70
  311 L   -4 -5 -6 -7  0 -5 -6 -6 -5  1  5 -5  3  3 -6 -5 -4 -4 -3  0    0   0   0   0   2   0   0   0   0   6  68   0   7  13   0   0   0   0   0   5  1.24 0.45
  312 M    2  2  0 -3 -1  0 -2  0 -1  0  1  0  0 -2 -3  0  0 -3  0 -1   23  13   6   0   1   4   0   6   1   4  17   7   2   1   0   7   4   0   3   3  0.13 0.14
  313 S   -3 -5 -4 -5  3 -4 -4 -5 -5 -3 -5 -4 -4 -6 -5  2  7 -6 -5  0    0   0   0   0   7   0   0   0   0   1   0   0   0   0   0  16  71   0   0   5  1.62 0.62
  314 E   -3 -2  3  6 -5 -1  2 -2  0 -5 -5  0 -4 -5  0  0 -1 -6 -4 -5    1   2  15  45   0   2  10   2   2   0   0   4   0   0   5   8   3   0   0   0  0.90 0.36
  315 D   -5 -5  4  8 -5 -4 -2 -5 -2 -7 -7 -4 -7 -7 -5 -3 -5 -8 -7 -7    0   0  17  81   0   0   0   0   1   0   0   0   0   0   0   0   0   0   0   0  2.29 0.70
  316 I   -5 -7 -7 -7 -5 -6 -7 -7 -7  8  2 -6 -2 -4 -6 -6 -4 -6 -5  0    0   0   0   0   0   0   0   0   0  84  13   0   0   0   0   0   0   0   0   3  2.03 0.63
  317 F   -3 -5 -5 -6 -1 -5 -4 -6 -3  5  1 -5 -1  3 -3 -4 -2 -3  3  3    1   0   0   0   1   0   1   0   0  39  12   0   0  11   1   0   1   0  11  21  0.85 0.34
  318 R    2  2 -1  0 -3  1  1  1  3 -4 -4  1 -3 -4 -3  1  1 -4 -3 -3   19  10   1   5   0   8  11   9   8   0   0   8   0   0   0   9  11   0   0   0  0.30 0.19
  319 T    3 -4 -3 -2  0 -4 -4 -4 -5 -4 -5 -4 -4 -5 -4  1  7 -6 -5 -2   21   0   0   2   2   0   0   0   0   0   0   0   0   0   0   9  63   0   0   2  1.33 0.55
  320 L   -2 -5 -6 -6 -4 -5 -6 -6 -6  4  1 -5  1 -3 -5 -5 -3  3 -3  6    2   0   0   0   0   0   0   0   0  19  12   0   4   0   0   0   0   4   0  59  1.22 0.45
  321 R    0  4  0  3 -3  0  1 -1 -3 -4 -4  1 -3 -5 -3  1  2 -5 -4 -3    6  23   2  15   0   4  10   3   0   0   0   8   0   0   0  12  12   0   0   1  0.43 0.24
  322 E    2  1  1  1 -3  2  2 -1  0 -3 -3  1 -2 -4 -3  0  0 -4 -3 -2   20   6   9   6   0  10  15   3   2   1   2  10   1   0   0   7   7   0   0   1  0.27 0.18
  323 M   -4 -5 -6 -6 -4 -5 -6 -6 -5  1  5 -5  7  1 -6 -4 -4 -1 -4 -2    0   0   0   0   0   0   0   0   0   7  57   0  29   4   0   1   0   1   0   0  1.40 0.51
  324 R   -2  7 -3 -4 -6  0 -3 -5 -3 -4 -5  4 -4 -5 -4 -3 -2 -4 -4 -4    4  62   0   0   0   2   0   0   0   1   0  24   0   0   0   0   2   0   0   1  1.48 0.51
  325 K    4  0 -1  0 -3  1  1 -1 -2 -4 -4  2 -2 -4 -3  0 -1 -4 -3 -3   42   4   2   6   0   6  11   4   1   0   1  14   1   0   0   6   2   0   0   0  0.47 0.26
  326 R   -2  7 -1 -2 -1  0 -1 -2 -1 -3 -2  0 -2 -3 -2 -1 -2 -3 -2 -2    3  63   2   2   1   3   3   2   1   2   3   2   1   1   2   3   2   0   2   2  1.03 0.29
  327 S    0  0  0  0 -1  0  0  1  0  0 -1  0  0 -1  0  2  0 -1 -1 -1    6   4   3   5   1   4   6  10   2   6   8   5   2   3   4  19   5   1   2   5  0.05 0.01
  328 S    0  0  0  0  0  0  0  1  0 -1  0  0  0 -1  0  1  0 -1  0  0   11   4   4   6   3   5   6  10   3   4   8   4   2   3   4  10   5   1   2   5  0.03 0.00
  329 I    0  0  0  0 -1  0  0  0  0  0  0  0  1  0  0  0  0  0  0  0    8   4   4   6   1   3   5   5   2   6   9   4   7   4   4   7   5   1   2  10  0.01 0.00
  330 G    1 -1  2  0  0  0  0  2 -1 -1 -1 -1  0 -1 -1  0  0 -1 -1 -1   14   3  12   3   2   2   6  22   1   4   5   3   2   2   3   6   4   1   2   4  0.12 0.05
  331 G   -3 -3 -3 -4 -5 -4 -4  7 -4 -6 -5 -4 -5 -5 -4 -3 -4 -5 -5 -5    1   1   0   0   0   0   1  91   0   0   1   1   0   0   0   1   1   0   0   1  2.10 0.58
  332 F   -2 -4 -5 -5 -2 -4 -4 -5 -4  2  1 -4  4  4 -4 -4 -1 -4 -2  5    2   0   0   0   1   0   0   0   0   7  11   0  10  17   0   0   3   0   0  46  0.83 0.34
  333 D   -2  1 -2  2 -5  1  5 -2 -2 -5 -5  0 -4 -5  1  0 -1 -5 -4 -4    3   6   1  10   0   6  50   2   0   0   1   5   0   0   6   5   2   0   0   1  0.81 0.35
  334 F   -5 -6 -6 -6 -5 -6 -6 -6 -5 -3  1 -6 -2  9 -6 -5 -5 -3  0 -4    0   0   0   0   0   0   0   0   0   1  11   0   0  84   0   0   0   0   1   0  2.37 0.67
  335 M   -2 -4 -3 -6 -4 -1 -5 -6 -5  3  5 -4  6 -2 -5 -4 -4 -4 -4 -1    3   0   1   0   0   3   0   0   0  14  49   0  26   0   0   0   0   0   0   2  1.11 0.43
  336 P    0 -1  0  2 -2  0  0 -1 -1 -2 -2 -1 -2 -2  4  0  1 -3 -1 -1    6   3   4  15   1   4   6   3   2   1   5   3   1   1  23   7  10   0   3   4  0.33 0.13
  337 S    2  0 -1 -2 -3 -2 -2 -2 -3 -3 -3  0 -2 -3  2  2  4 -3 -2 -1   15   6   1   1   0   1   1   1   0   1   1   6   1   1  10  16  35   0   1   3  0.49 0.26
  338 P   -1 -3 -3 -3 -2 -2 -2 -3 -3  2 -2 -2 -2 -2  5 -2 -2  1 -2  4    5   1   1   1   1   1   2   2   1  12   2   2   1   1  29   3   2   2   1  31  0.63 0.23
  339 P   -4 -5 -1 -5 -6 -5 -4 -3 -4 -6 -4 -4 -6 -6  8 -1 -4 -6 -6 -6    1   0   4   0   0   0   0   2   0   0   2   0   0   0  85   4   0   0   0   0  2.54 0.74
  340 P    1 -2 -1  5 -2  0  1 -2 -2 -5 -5  0 -4 -4  3  0 -2 -5 -4 -3   12   1   1  35   1   4   8   3   1   0   0   6   0   1  16   7   2   0   0   1  0.65 0.31
  341 T    1 -2 -1 -2 -4 -2  0 -3 -2 -3 -4 -2 -3 -5 -4  3  6 -5 -2 -2   10   1   2   1   0   1   6   1   1   1   0   2   0   0   0  22  48   0   2   1  0.84 0.42
  342 Y   -6 -6 -5 -7 -7 -6 -6 -7 -2 -6 -5 -6 -5 -1 -7 -6 -6 -2 10 -5    0   0   1   0   0   0   0   0   0   0   0   0   0   0   0   0   0   0  98   0  3.41 0.97
  343 Y   -6 -6 -6 -7 -7 -6 -6 -7 -2 -6 -5 -6 -5 -1 -7 -4 -6 -2 10 -5    0   0   0   0   0   0   0   0   0   0   0   0   0   1   0   1   0   0  97   0  3.33 0.95
  344 Q   -2  0 -1  5 -5  1  4 -4 -3 -5 -5  1 -4 -5 -3  0  0 -6 -3 -4    2   5   2  33   0   5  33   0   0   0   0   7   0   0   0   6   6   0   1   1  0.84 0.37
  345 N    0 -1  2  2 -3  2  0  0 -2 -2 -1  0  3 -3 -3  0  1 -4 -3 -1    6   3  14  15   0  10   4   6   0   2   7   6  10   0   0   4   9   0   0   2  0.22 0.17
  346 L   -4 -5 -6 -6 -4 -4 -5 -6 -5  2  5 -5  4 -3 -5 -4 -3 -5 -4  3    0   0   0   0   0   1   0   0   0   9  62   0   9   0   0   1   1   0   0  17  1.14 0.44
  347 K   -2  4  0  2 -5  1  2 -2 -1 -4 -2  2 -2 -4  2 -1 -2 -2 -3 -4    2  28   3  10   0   7  14   2   1   1   3  15   0   0   9   2   1   1   1   0  0.51 0.26
  348 K    1  1  0  1 -4  2  4  0 -1 -4 -3  1 -3 -4 -2  0  0 -4 -4 -3   14   9   3   6   0  10  29   7   1   1   1   8   0   0   1   6   4   0   0   1  0.39 0.23
  349 R   -3  8 -2 -5 -7 -1 -3 -5 -4 -5 -3  2 -5 -6 -5 -4 -4  1 -5 -6    1  76   1   0   0   1   1   0   0   0   3  13   0   0   0   0   0   2   0   0  1.86 0.63
  350 V    1 -5 -4 -5 -3 -3 -5 -5 -5  3  4 -4 -1 -2 -3 -3 -2 -4 -2  4   10   0   1   0   0   1   0   0   0  14  42   0   0   1   1   0   1   0   1  28  0.74 0.34
  351 G    1 -2 -2 -2 -5 -1 -1  5 -3 -5 -4  2 -4 -5  3  0 -2 -5 -5 -4   12   1   2   1   0   2   5  43   0   0   1  12   0   0  16   5   1   0   0   0  0.79 0.34
  352 D   -2 -1  1  3 -4  0  2  2  1 -3 -3  2 -3 -2 -2  0 -1 -3 -2 -3    1   1   8  17   0   3  14  19   4   1   2  13   0   2   2   8   4   0   1   1  0.31 0.18
  353 V   -1 -2 -2 -1 -2 -2 -1 -3  1  3  0 -2  1 -1  0 -1  0 -2 -1  3    4   1   1   3   1   1   4   2   5  23   8   2   3   2   4   6   5   0   1  26  0.23 0.13
  354 L   -1  2  0 -1 -2  0  0 -1 -1 -1  2  2  0 -1  0 -1  0 -1 -1  0    3  13   5   3   1   4   4   5   1   2  24  14   2   1   4   3   5   1   2   4  0.09 0.08
  355 S   -1 -1 -2 -2 -3 -2 -1 -2  5  1  0 -2 -1 -3 -2  1  1 -3 -2  3    2   4   1   1   0   1   2   2  20   7   9   1   0   0   1  15  10   0   0  24  0.37 0.22
  356 D   -1 -1  1  4 -4  0  2  2  0 -4 -4  2 -2 -4  0 -1  0 -4 -3 -2    3   1   6  22   0   3  14  14   2   1   1  18   1   0   5   3   5   0   1   2  0.39 0.20
  357 D    0 -2 -3  0 -5  1  7 -3 -3 -4 -2 -2 -3 -5 -3 -3 -2  1 -4 -3    8   1   1   2   0   4  69   2   0   1   5   1   0   0   1   1   2   2   0   1  1.21 0.48
  358 Q   -3 -3  1  5 -5  4  1 -3 -3 -5 -5 -2 -5 -6  4  1 -3 -6 -5 -5    1   0   5  36   0  18   8   1   0   0   0   1   0   0  19  10   1   0   0   0  0.97 0.42
  359 I   -3 -4 -5 -5 -4 -4 -4 -6 -5  5  3 -5  2  2 -5 -4 -2  3  0  3    0   0   0   0   0   0   1   0   0  34  27   0   4   7   0   0   1   4   3  18  0.81 0.33
  360 K    0 -1  0  4 -5  1  4 -2 -1 -5 -3  2 -4 -4 -3 -1 -2 -5 -4 -4   10   3   4  24   0   6  31   2   1   0   3  13   0   0   0   2   1   0   0   0  0.66 0.32
  361 E    0  1 -2  0 -4  1  4 -4 -3 -2 -2  2  0 -4 -1 -2  1 -5 -4  0    9   8   0   3   0   6  31   0   0   2   3  13   3   0   3   1  10   0   0   7  0.39 0.25
  362 C   -4 -5 -6 -6  5 -5 -5 -7 -6  3  5 -6  0 -2 -4 -5 -4 -5 -4  0    0   0   0   0  13   0   1   0   0  16  64   0   2   0   1   0   0   0   0   3  1.29 0.48
  363 E   -1  4 -3 -2 -6  5  3 -4 -2 -5 -4  3 -3 -6 -4 -2 -3 -5 -4 -5    6  22   0   1   0  27  21   1   1   0   1  20   1   0   0   1   0   0   0   0  0.95 0.43
  364 E    0  1 -1  0 -5  2  5 -3 -1 -5 -5  3 -3 -5 -2  0 -2 -5 -4 -3    6   8   2   5   0   7  41   1   1   0   0  20   0   0   1   5   2   0   0   1  0.73 0.35
  365 L   -4  2  1 -4 -3  0 -4 -6  0 -2  5 -3 -1 -2 -5 -4 -4 -4  0 -3    0  14   7   1   1   5   0   0   2   1  65   0   0   1   0   0   0   0   3   0  0.94 0.44
  366 G   -2  1  3 -1 -5 -1 -1  5  1 -6 -5  2 -4 -5 -4  0 -3 -5 -3 -5    1   8  16   3   0   2   4  42   4   0   1  13   0   0   0   5   0   0   1   0  0.77 0.34
  367 I   -5 -5 -7 -5 -5 -6 -7 -7 -7  8  0 -6 -2 -4 -6 -6 -4 -6 -5  1    0   1   0   1   0   0   0   0   0  86   4   0   0   0   0   0   0   0   0   8  2.07 0.66
  368 L   -5 -2 -7 -7 -5 -5 -6 -7 -6 -1  6 -6  1 -1 -6 -6 -4  2 -4 -2    0   2   0   0   0   0   0   0   0   1  90   0   2   2   0   0   0   2   0   1  1.69 0.59
  369 V   -1 -5 -6 -6 -2 -3 -5 -6 -6  5  1 -5  1 -3 -5 -4 -3 -5 -4  6    5   0   0   0   1   1   0   0   0  28   9   0   4   0   0   0   0   0   0  52  1.16 0.45
  370 D   -6 -4 -3  8 -8 -4 -2 -5 -5 -7 -8 -5 -7 -8 -6 -4 -5 -9 -7 -7    0   1   0  98   0   0   1   0   0   0   0   0   0   0   0   0   0   0   0   0  2.84 0.85
  371 R   -2  5 -2 -3 -2 -3 -4  3 -2 -4 -4  1 -2  4 -5 -3 -3  4  3 -4    3  31   1   1   1   0   0  20   0   0   0   7   1  16   0   1   1   6  12   0  0.77 0.37
  372 D   -1 -4  1  7 -6  0  0 -3 -3 -6 -6 -2 -6 -6 -5 -2  0 -7 -6 -6    5   0   4  71   0   4   4   2   0   0   0   2   0   0   0   2   6   0   0   0  1.55 0.55
  373 D   -3 -3  0  5 -6 -1  5 -2  1 -5 -6 -1 -5 -6  1 -2 -1 -6 -4 -5    1   1   3  29   0   1  43   3   4   0   0   2   0   0   8   2   4   0   0   0  1.01 0.43
  374 Q   -2 -1  2  4 -5  3  3  1  1 -5 -5  2 -4 -5 -4 -1 -2  1 -4 -5    2   2  10  21   0  16  17  11   3   0   0  11   0   0   0   2   2   2   0   0  0.58 0.29
  375 G    0 -1 -2 -3 -6 -5 -3  7 -5 -7 -7 -4 -6 -7 -5 -3 -4 -6 -6 -6    5   3   1   1   0   0   2  85   0   0   0   0   0   0   0   1   0   0   0   0  1.90 0.61
  376 T   -4 -4 -3 -6 -5 -1 -5 -6 -2  1  1 -4  1  0 -6 -4  0 -2  8  1    0   0   1   0   0   3   0   0   0   9  16   0   3   1   0   0   5   0  50  11  1.20 0.48
  377 L   -5 -6 -7 -7 -5 -5 -6 -7 -6 -1  6 -6  2 -3 -6 -4 -4 -5 -4 -1    0   0   0   0   0   0   0   0   0   2  91   0   4   0   0   1   0   0   0   3  1.74 0.60
  378 L   -5 -6 -7 -7 -5 -6 -6 -7 -6 -1  7 -6 -1 -2 -6 -6 -5 -5 -2 -2    0   0   0   0   0   0   0   0   0   1  97   0   0   0   0   0   0   0   1   0  1.95 0.65
  379 Q   -5 -2 -4 -5 -7  9 -2 -6 -4 -7 -7 -3 -5 -8 -6 -4 -5 -6 -6 -7    0   1   0   0   0  99   0   0   0   0   0   0   0   0   0   0   0   0   0   0  2.99 0.95
  380 I   -3 -5 -6 -6 -4 -6 -6 -7 -6  7  1 -6  0 -3 -6 -5  0 -6 -5  0    2   0   0   0   0   0   0   0   0  79  10   0   1   0   0   0   5   0   0   2  1.71 0.58
  381 F   -6 -7 -7 -8 -6 -7 -7 -7 -5 -4 -2 -7 -4  9 -8 -6 -6  1 -1 -5    0   0   0   0   0   0   0   0   0   0   2   0   0  97   0   0   0   1   0   0  3.02 0.83
  382 T   -3 -5 -2 -4 -4 -4 -4 -4 -5 -5 -5 -4 -4 -6 -5  2  7 -6 -5 -4    1   0   1   0   0   0   0   1   0   0   0   0   0   0   0  16  81   0   0   0  1.89 0.69
  383 K   -2  1 -1 -2 -6  3  2 -4 -3 -6 -5  6 -4 -6 -4 -3 -3 -6 -5 -5    2   5   3   2   0  15  11   0   0   0   0  61   0   0   0   0   1   0   0   0  1.27 0.50
  384 P   -2 -5  1 -4 -4 -4 -4 -5  2 -5 -5 -4 -5 -6  7 -1  2 -7 -5 -5    3   0   8   0   0   0   0   0   6   0   0   0   0   0  63   5  15   0   0   0  1.76 0.59
  385 L   -1 -3 -5 -5 -1 -4 -4 -5 -5  3  3 -4  4 -2 -3 -3 -2 -4 -3  5    3   1   0   0   1   0   0   0   0  16  25   0  10   0   1   1   1   0   0  40  0.76 0.31
  386 G   -2 -2 -2 -1 -2  4  1  2  2 -2 -1 -2  3  1 -3 -1 -1 -3 -2 -1    2   1   1   2   1  22   9  19   6   1   6   1   9   9   1   3   2   0   1   5  0.30 0.19
  387 D   -1 -2 -1  7 -4  0  0 -1 -2 -3 -4 -2 -3 -4 -1 -1 -2 -4 -4 -1    5   1   2  62   0   4   2   3   1   2   2   1   0   1   3   3   1   0   1   5  1.06 0.35
  388 R   -4  7 -3 -4 -5  0 -1 -5 -3  2 -2 -1 -3 -5 -4 -3 -4 -5 -4 -4    0  70   0   0   0   4   3   0   0  14   3   2   0   0   0   1   0   0   0   0  1.50 0.52
  389 P   -4 -1 -5 -5 -6 -5 -5  3 -6 -6 -6 -4 -6 -7  8 -4 -5 -7 -6 -6    1   4   0   0   0   0   0  22   0   0   0   0   0   0  74   0   0   0   0   0  2.28 0.68
  390 T   -4 -5 -4 -5 -5 -4 -4 -5 -5 -4 -5 -4 -4 -6  4 -2  7 -6 -5 -4    0   0   0   0   0   0   0   0   0   0   0   0   0   0  21   1  77   0   0   0  1.92 0.68
  391 I   -3 -4 -5 -5 -3 -4 -5 -5 -5  3  3 -4  1  3 -5 -4 -3 -4 -2  4    0   0   0   0   0   0   0   1   0  16  34   0   3  13   0   0   0   0   0  31  0.81 0.32
  392 F   -6 -6 -6 -7 -6 -6 -6 -6 -5 -2 -1 -6 -3  9 -7 -6 -5 -3 -1 -4    0   0   0   0   0   0   0   0   0   2   3   0   0  93   0   0   0   0   0   0  2.70 0.74
  393 I   -4 -5 -5 -6 -4 -5 -5 -6 -2  4  2 -5 -1  7 -5 -5 -4  0  2 -1    0   0   0   0   0   0   0   0   1  23  22   0   1  44   0   0   0   1   5   3  1.13 0.40
  394 E   -4 -4 -4 -2 -7 -2  8 -5 -4 -6 -6 -3 -5 -6 -4 -4 -4 -6 -5 -6    0   0   0   0   0   0  97   0   0   0   0   0   0   0   0   0   0   0   0   0  2.35 0.74
  395 I   -3 -5 -5 -5 -3 -5 -5 -6 -5  6  1 -5  1  3 -5 -4 -3 -4 -2  2    1   0   0   0   0   0   0   0   0  53  11   0   3  15   0   0   0   0   1  15  1.04 0.38
  396 I   -4 -6 -6 -6 -4 -6 -6 -7 -6  8 -2 -6  1 -3 -6 -5 -4 -6 -4 -1    0   0   0   0   0   0   0   0   0  94   1   0   3   0   0   0   0   0   0   0  2.22 0.67
  397 Q   -4 -3 -3 -2 -6  8  3 -5 -3 -6 -5 -2 -4 -6 -4 -3 -4 -5 -4 -5    0   0   0   1   0  76  20   0   0   0   0   0   0   0   0   0   0   0   0   0  2.07 0.70
  398 R   -5  8 -4 -5 -6 -2 -4 -6 -4 -6 -5 -1 -5 -6 -5 -4 -4 -6 -5 -6    0  95   0   0   0   0   0   0   0   0   0   1   0   0   0   0   1   0   0   0  2.52 0.74
  399 V   -1  2 -1 -2 -1  0 -1 -2  3  1 -1  3  0 -1 -2 -1 -1 -2 -1  1    2  12   1   2   1   2   2   2   9  12   5  29   2   2   2   2   2   0   2   9  0.24 0.13
  400 G   -1 -2 -1 -2 -1 -1 -1  6 -2 -2 -2 -2 -2 -2 -1 -1 -1 -2 -2 -1    3   2   2   2   1   2   4  58   1   2   3   2   1   2   2   2   4   0   1   5  0.74 0.20
  401 C    1 -1  2  2  5 -1 -1 -1 -1 -2 -2 -1 -2 -2 -1  2 -1 -2 -2 -1   11   2  12  12  18   2   3   3   2   2   4   2   1   2   2  15   2   1   1   3  0.28 0.11
  402 M    0  1  0 -1 -1  0  0 -1  0  0  1  0  3  0 -1  0  0  1  0  0    5   8   3   3   1   4   5   5   2   5  12   4  15   3   3   5   4   2   3   7  0.04 0.03
  403 M    0  0  0  0 -1  0  1  0  0  0  0  0  0  0  0  0  0 -1  0  0    6   6   3   4   1   3  10   6   2   4  10   4   3   4   4   7   9   1   3   9  0.02 0.00
  404 K    0  0  0  0 -1  0  1  0  0  0  0  1  0 -1  1  0  0  0  0  0    6   4   6   4   2   3   9   6   2   6   7  14   2   3   5   6   6   1   3   6  0.04 0.01
  405 D    0  0  0  2 -1  0  0  0  0 -1 -1  0  0  0  0  0  0  0  0  0    8   4   5  16   2   4   5   8   2   4   7   5   2   5   4   6   5   1   3   6  0.04 0.01
  406 E    0  0  0  1 -1  0  1  0  0 -1 -1  0  0  0  0  0  0  0  0  0    7   5   4   9   2   4  13   6   2   5   7   7   2   5   4   6   5   1   3   6  0.04 0.00
  407 E    0  0  0  0 -1  1  1  0  0 -1  0  0  0  0  0  0  0  0  0 -1    7   4   6   6   1   6  12   6   2   5   8   6   2   5   4   7   6   1   2   5  0.04 0.00
  408 G    0  0  0  0 -1  0  0  2  0 -1 -1  0 -1 -1  1  0  0 -1 -1  0    7   4   3   4   1   3   7  18   2   5   7   5   2   3   6   7   4   1   2   7  0.06 0.01
  409 K    0  1  0  0 -1  1  1  0  0 -1 -1  1  0  0  0  0  0  0  0 -1    7   7   3   5   1   8   7   7   2   4   7  12   2   5   4   6   5   1   2   5  0.04 0.00
  410 A    0  0  0  0 -1  0  1  0  0  0  0  0  0  0  0  0  0  0  0  0    7   4   4   4   2   5  11   6   2   7   9   5   2   4   4   8   7   1   3   7  0.02 0.00
  411 Y    0  0  0  0  0  0  1  0  0 -1  0  0  0  0  0  0  0  0  2  0    6   5   4   4   2   4  11   6   2   4   7   5   2   5   5   6   5   1  11   6  0.03 0.01
  412 Q    0  0  0  0 -1  3  0  0  0 -1 -1  0  0 -1  0  0  0  0  0 -1    6   6   4   4   2  18   6   7   2   4   7   5   2   3   5   7   5   1   3   5  0.07 0.02
  413 S    0  1  0  0  0  0  0  0  0 -1 -1  1  0 -1  0  0  0 -1 -1 -1   11  12   3   5   2   4   5   6   2   4   7  11   2   3   4   6   5   1   2   5  0.04 0.01
  414 G    0  0  2  0 -1  0  0  1  3 -1 -1  0 -1  0  0  0  0 -1  0 -1    9   6  12   5   1   3   5  13   9   3   6   4   1   4   4   7   3   1   2   3  0.08 0.03
  415 G   -1 -1  4  0 -2  1  0  3  1 -2 -2  0 -1 -2  0  0 -1 -2 -1 -2    4   3  23   3   1   8   5  22   3   2   4   4   1   2   4   3   3   1   1   3  0.24 0.09
  416 C    2 -2 -1 -1  5 -1 -1 -1  4 -2 -1 -1 -1  2 -2 -1 -1 -1  0 -1   18   2   2   3  17   2   2   3  15   2   4   3   1  13   2   3   2   1   3   3  0.34 0.13
  417 G   -1 -1  1  2 -3  3  2  2 -2 -3 -3  1 -2 -2 -2  0 -1 -3 -3 -3    2   1   6  15   0  16  14  19   0   2   2   9   0   1   1   8   2   0   1   1  0.33 0.15
  418 G   -2 -4 -3 -4 -5 -4 -4  7 -4 -4 -5 -4 -5 -5 -4 -1 -4 -5 -5 -3    1   0   0   0   0   0   0  85   0   1   1   0   0   0   0   5   0   0   0   2  1.81 0.52
  419 F   -6 -6 -7 -7 -6 -7 -7 -7 -5 -4 -3 -7 -4  9 -4 -6 -6 -3 -1 -3    0   0   0   0   0   0   0   0   0   0   0   0   0  97   1   0   0   0   0   2  2.87 0.77
  420 G   -1 -6 -4 -5 -6 -5 -5  7 -5 -7 -7 -5 -6 -6 -5 -4 -5 -6 -6 -6    3   0   0   0   0   0   0  96   0   0   0   0   0   0   0   0   0   0   0   0  2.36 0.66
  421 K    3 -1 -2 -2 -4  0  4 -3 -3 -3 -4  4 -2 -5 -3  0 -2 -5 -4 -3   30   1   1   0   0   3  29   0   0   1   0  28   1   0   0   4   1   0   0   1  0.73 0.36
  422 G   -3 -4 -2 -1 -6 -5 -5  7 -5 -7 -7 -5 -2 -6 -5 -3 -5 -6 -6 -6    0   1   1   4   0   0   0  91   0   0   0   0   2   0   0   1   0   0   0   0  2.12 0.62
  423 N   -5 -4  9 -2 -7 -4 -4 -4 -3 -7 -7 -4 -6 -7 -6 -3 -2 -8 -6 -7    0   0  98   0   0   0   0   0   0   0   0   0   0   0   0   0   2   0   0   0  2.81 0.82
  424 F   -6 -6 -7 -7 -6 -7 -7 -7 -5  1 -3 -7 -3  9 -7 -6 -4 -3  1 -2    0   0   0   0   0   0   0   0   0   6   0   0   0  89   0   0   1   0   2   3  2.51 0.70
  425 S   -3  2  0 -3 -5  2 -2 -4 -3 -2 -4  6 -4 -3 -3  2 -2 -5 -4 -4    0  10   3   0   0   8   0   0   0   3   1  58   0   1   1  13   1   0   0   0  1.01 0.43
  426 E    6 -4 -3 -3 -3 -2  1 -1  0 -4 -4 -2 -4 -3 -4  2 -2  0 -4 -3   65   0   1   1   0   0  10   2   3   0   0   1   0   1   0  14   1   2   0   0  0.96 0.43
  427 L   -5 -5 -7 -7 -4 -5 -6 -7 -6  0  6 -6 -1 -2 -6 -4 -4 -5 -4 -1    0   0   0   0   0   0   0   0   0   2  95   0   0   1   0   1   0   0   0   2  1.75 0.57
  428 F   -6 -6 -7 -7 -6 -7 -7 -7 -5 -3 -3 -7 -3  9 -7 -6 -6 -2  3 -2    0   0   0   0   0   0   0   0   0   1   0   0   0  90   0   0   0   0   6   3  2.65 0.72
  429 K   -2 -1 -2 -1 -6  0  6 -5 -3 -5 -5  3 -5 -6 -4 -2 -3 -6 -5 -3    2   2   1   1   0   3  67   0   0   0   1  20   0   0   0   1   1   0   0   2  1.36 0.51
  430 S    5 -4 -3 -4  0 -3 -3 -2 -4 -5 -5 -3 -4 -5 -4  5 -1 -6 -5 -3   53   0   0   0   2   0   0   1   0   0   0   0   0   0   0  43   1   0   0   0  1.25 0.52
  431 I   -4 -5 -6 -6 -4 -5 -6 -7 -6  7  1 -2  1  0 -6 -5 -4 -5 -2  1    0   0   0   0   0   0   0   0   0  76   8   3   3   3   0   0   0   0   1   6  1.50 0.50
  432 E   -5 -4 -4 -2 -7 -2  8 -6 -4 -7 -7 -3 -6 -7 -5 -4 -4 -7 -6 -6    0   0   0   0   0   0 100   0   0   0   0   0   0   0   0   0   0   0   0   0  2.46 0.76
  433 E   -1  6 -2  1 -5  1  3 -4 -3 -3 -1  0 -2 -5 -4 -1 -2 -5 -4 -3    4  47   1   7   0   4  18   0   0   2   8   4   1   0   0   3   1   0   0   1  0.77 0.34
  434 Y   -3 -3 -3  4 -6  1  5 -5 -1 -5 -4 -3 -4 -3 -4 -3 -4 -4  4 -5    1   0   0  24   0   5  48   0   1   0   2   0   0   0   0   0   0   0  18   0  1.19 0.47
  435 E   -4 -2 -3  0 -7  8  3 -5 -3 -6 -5 -2 -4 -7 -5 -3 -4 -6 -5 -6    0   1   0   4   0  76  18   0   0   0   1   0   0   0   0   0   0   0   0   0  2.01 0.67
  436 K    0  1  0 -1 -4  2  4 -3 -2 -1 -3  4  0 -4 -3 -1 -2 -4 -3 -3   11   7   3   0   0   7  33   0   0   4   1  30   2   0   0   1   1   0   0   0  0.55 0.23
  437 T    2  4 -2 -2 -3 -1 -2 -1 -2 -3 -3  2 -1 -4 -3  1  3 -4 -3 -2   17  24   0   1   0   0   0   3   0   0   1  16   1   0   0   8  29   0   0   0  0.47 0.21
  438 L   -1  3 -3 -3 -3 -1 -1 -1 -3  0  4 -1  0 -1 -3 -1 -2 -3 -2  0    3  22   0   0   0   0   5   4   0   0  56   0   0   0   0   5   0   0   0   3  0.34 0.14
  439 E   -1 -1  2  3 -4  0  4  2 -1 -4 -4  0 -3 -4 -2  0 -2 -4 -3 -4    2   0  10  15   0   1  46  18   0   0   0   4   0   0   0   4   0   0   0   0  0.58 0.15
  440 A    4 -2 -1 -2 -1 -2 -2  0 -2 -2 -1 -2 -1 -3 -2  0  1 -3 -3  0   72   0   3   0   0   0   0   4   0   0   6   0   0   0   0   1  11   0   0   3  0.46 0.13
  441 K   -1  2 -1 -2 -3  0 -1 -3 -2 -1  1  3 -1 -2  3 -1  2 -3 -2 -1    0  15   0   0   0   0   0   0   0   0  18  32   0   0  14   0  20   0   0   0  0.32 0.08
  442 Q    0  3 -1  0 -3  4  3 -2  0 -3 -2  1 -1 -3 -2 -1 -1 -3 -2 -2    8  25   0   0   0  34  25   0   1   0   2   4   0   0   0   0   0   0   0   0  0.48 0.07
  443 L   -1  0 -1 -3 -2  0 -2 -3  0  3  1 -1  0 -1  1 -2 -1 -3 -1  2    0   5   2   0   0   8   0   0   5  37   9   4   0   0   8   0   0   0   0  23  0.18 0.05
  444 V   -1 -3 -3 -3 -1 -2 -3 -3 -3  2  1 -2  2 -1 -3 -2  1 -3 -2  4    0   0   0   0   0   0   0   0   0   7   0   0   7   0   0   0  10   0   0  77  0.38 0.05
  445 G    2 -2 -1 -2 -2 -2 -2  5 -2 -3 -3 -1 -2 -3 -2  0 -1 -3 -3 -2   26   0   0   0   0   0   0  74   0   0   0   0   0   0   0   0   0   0   0   0  0.75 0.02

                      K         Lambda
Standard Ungapped    0.1352     0.3172
Standard Gapped      0.0520     0.2670
PSI Ungapped         0.1693     0.3147
PSI Gapped           0.0520     0.2670
