
Last position-specific scoring matrix computed, weighted observed percentages rounded down, information per position, and relative weight of gapless real matches to pseudocounts
           A  R  N  D  C  Q  E  G  H  I  L  K  M  F  P  S  T  W  Y  V   A   R   N   D   C   Q   E   G   H   I   L   K   M   F   P   S   T   W   Y   V
    1 M   -1 -2 -3 -4 -2 -1 -2 -3 -2  1  2 -2  7  0 -3 -2 -1 -2 -1  0    0   0   0   0   0   0   0   0   0   0   0   0 100   0   0   0   0   0   0   0  0.62 0.06
    2 T    3 -1 -1 -2 -1 -1 -1  0 -2 -2 -2 -1 -1 -3 -1  2  2 -3 -2 -1   56   0   0   0   0   0   0   0   0   0   0   0   0   0   0  19  24   0   0   0  0.36 0.03
    3 A    4 -2 -2 -2 -1 -2 -2 -1 -2  2 -1 -1 -1 -2 -2  1  0 -3 -2  1   62   0   0   0   0   0   0   0   0  23   0   0   0   0   0  12   0   0   0   4  0.32 0.06
    4 S    2 -2  0  1 -2 -1 -1  1 -2 -3 -3 -1 -2 -3 -1  4  1 -3 -2 -2   17   0   0  12   0   0   0  11   0   0   0   0   0   0   0  57   3   0   0   0  0.40 0.06
    5 S    1  1  0 -1 -2  1  0 -1 -1 -3 -3  0 -2 -3 -2  5  1 -3 -2 -2    4   8   0   0   0   9   0   0   0   0   0   0   0   0   0  79   0   0   0   0  0.58 0.10
    6 S    1 -2  0  2 -2 -1 -1 -1 -2 -2 -1 -1  1 -1  0  3  1 -3 -2 -2   15   0   0  15   0   0   0   0   0   0   3   0   6   3   3  47   8   0   0   0  0.29 0.07
    7 L   -2 -3 -4 -4 -2  0 -3 -4 -3  1  4 -3  1  1 -3 -2 -2 -2 -1  0    0   0   0   0   0   6   0   0   0   6  81   0   0   3   0   3   0   0   0   0  0.54 0.09
    8 F   -1 -2 -2 -3 -2 -2 -3  0 -2 -1  1 -2  1  5 -3  1  1 -1  1 -1    0   0   0   0   0   0   0   8   0   0  20   0   3  40   0  16  14   0   0   0  0.29 0.07
    9 S    1 -1  0 -1 -2 -1  0 -1 -2 -3 -3  1 -2 -3  1  4  1 -4 -3 -2    4   0   0   0   0   0   6   0   0   0   0   8   0   0   7  69   6   0   0   0  0.52 0.10
   10 C    1  0  1 -2  5 -1 -1 -1  2 -1 -2 -1  0 -1  0  2  0 -3 -2 -1   17   6  11   0  18   0   0   0   6   6   0   0   3   3   4  24   3   0   0   0  0.21 0.06
   11 S    1  0  0  1 -2 -1  0  0 -2 -2 -3 -1 -2 -3  1  3  2 -3 -2 -1   11   5   0   6   0   0   6   3   0   0   0   0   0   0   5  49  11   0   0   4  0.33 0.07
   12 M    1 -2 -2 -3 -2 -1 -2 -2 -2  1  1 -1  4  1 -2  0 -1 -2 -1  1   14   0   0   0   0   0   0   0   0   8  14   6  27   8   0   9   0   0   0  12  0.17 0.06
   13 H   -1 -1  0  0  2  2  0  1  5 -2 -1  0 -1 -2 -2  1  1 -3 -1 -2    0   0   3   6   5  15   0  11  26   0   8   3   0   0   0  11  11   0   0   0  0.25 0.07
   14 M    0  0 -1  0 -2 -1 -2  2  0  1  0 -1  2 -2 -2  0 -1 -3 -2  2    8   8   0   5   0   0   0  19   2   8   5   4   9   0   0   5   0   0   0  25  0.09 0.04
   15 E    0  0  1  1  1  0  2  2  0 -1 -2 -1 -2 -3 -2  0 -1 -3 -2 -1    8   5  11  10   5   0  18  19   3   9   3   0   0   0   0   7   0   0   0   2  0.15 0.03
   16 V    0  1 -2  0 -2 -1 -2 -3 -2  1  0 -1  2 -2  2  1  1 -3 -2  2    3  10   0   5   0   0   0   0   0  10   7   0  13   0  10  14   7   0   0  21  0.14 0.05
   17 L    0  0 -1 -2  0  0 -1 -2  0 -1  1 -1  0  0 -1  2  2 -3 -1  1    0   5   0   0   2   5   0   0   3   0  17   0   0   5   2  33  16   0   0  13  0.14 0.06
   18 T    1  1  1 -2 -2 -1 -1 -1  1 -2 -2  0 -1  3  0  1  1 -2  0 -2   19   9  10   0   0   0   0   3   4   0   0   5   0  22   3  15   9   0   0   0  0.16 0.06
   19 P    0 -2  0  0 -3  1  0 -2  0 -2 -1 -1 -2 -3  6 -1 -1 -4 -3 -1    9   0   4   5   0   9   7   0   3   0   7   0   0   0  47   0   3   0   0   5  0.76 0.09
   20 K    0  2  1 -1 -3  2  1 -2 -1 -2 -2  3 -1 -1 -2  0  0 -3 -2 -1   10  12   6   0   0  11  10   0   0   0   1  33   2   4   0   3   3   0   0   4  0.27 0.06
   21 I    2  0  0 -2 -1  0 -1 -2 -2  1  0  1  1 -2 -2  1  1  1 -2  1   24   3   5   0   0   2   0   0   0   9   8  10   4   0   0   7  12   3   0  12  0.09 0.04
   22 S    2 -2  1  0 -2 -1  0 -1 -1 -1 -1 -1 -1 -2  1  3  2 -3  0 -1   19   0   8   4   0   0   4   0   0   2   8   0   0   0   5  31  13   0   4   0  0.21 0.07
   23 K    1  1  0 -1 -2  0  1  0 -1 -2 -1  3 -1 -2  0  0  1 -3  0 -2   18   7   5   0   0   0   9   5   0   0   6  28   0   0   3   4  10   0   4   0  0.17 0.05
   24 W   -1 -2 -2 -2  5 -1  0 -1 -1  0  0  0  0  0  0 -1  0  5  3 -1    1   1   1   1  20   0   7   5   0   4  11   6   3   0   4   1   8  10  14   4  0.24 0.06
   25 P    0 -2 -2  0  0  0 -1 -1 -2 -1 -1 -1 -2 -1  6  0 -1 -2  1 -2    9   0   0   6   2   4   0   3   0   4   5   4   0   3  44   8   0   0   7   0  0.67 0.09
   26 K    0  2  0  0 -3  1  0 -1 -1 -1 -1  3 -1 -1  0  0  1 -2  0 -2    6  15   2   3   0   9   0   3   0   4   4  28   0   3   3   6  10   0   3   0  0.18 0.05
   27 D    0  0  2  2 -3  0  2  0 -1 -2 -3  0 -2 -3  2  1  0 -4 -3 -2    7   3  13  10   0   2  23   8   0   5   0   3   0   0  11  13   2   0   0   0  0.29 0.06
   28 F    0 -1  0 -2 -3 -1 -1 -1  2 -1  0  1  0  3  2  0 -1 -2  1 -1    7   0   4   0   0   0   0   3   9   3   8  18   3  24  10   6   0   0   2   3  0.15 0.06
   29 V    1  1 -1 -1 -2 -1 -1 -2  0  1  0 -1  1 -2  1  1  0 -3 -2  2   13  11   2   2   0   0   3   0   3   4   6   2   5   0   8  12   3   0   0  26  0.10 0.05
   30 S    1 -1  0 -1  4 -1 -1 -1 -2 -1  0 -1 -1 -1 -2  3  1 -3 -1  0   10   3   4   2  12   0   3   3   0   2  10   0   0   3   0  34   8   0   2   5  0.18 0.07
   31 C    0  2  2 -1  4  0  0  0 -1 -2 -2  1 -1 -3  1  1  0 -3 -2 -2    5  15  13   2  15   3   3   7   0   0   4   8   2   0   6  12   3   0   0   2  0.20 0.05
   32 H   -1  0  0  1 -3  1  0  0  4 -2  0  2 -1  0  1 -1 -1 -2  1 -2    5   4   2  10   0   6   0   5  20   0  12  17   0   5   7   3   0   0   4   0  0.18 0.06
   33 S    1 -1 -1 -2  0 -1 -1  0 -2 -1  0  0 -1  0  1  3  1 -3  0 -1   10   2   0   0   1   0   2   7   0   2  10   4   0   4   8  33   9   0   3   4  0.16 0.06
   34 K    1  1  2  0 -1  0  0  1 -1 -2 -2  2 -2 -3 -1  1 -1 -3 -2 -1   15  10  11   6   2   3   3   8   0   2   0  21   0   0   2  11   0   0   0   5  0.17 0.04
   35 I    0  0 -2 -2 -2  0  1 -2 -1  1  0 -1  1  1  2  0  0 -2 -1  1    5   6   0   0   0   2  14   0   2  10   5   0   6   7  11   7   6   0   0  19  0.10 0.04
   36 S    0  1  0  1 -3  0  0 -2  3 -2 -1 -1 -2 -3  3  2  1 -3 -1 -2    3   7   2   9   0   2   5   0  14   2   6   0   0   0  17  23   7   0   2   0  0.29 0.07
   37 Y   -1  0 -2 -2  0 -1 -2 -3 -1  0  0 -2 -1  3  3 -1 -2  2  3 -1    4   9   2   2   2   3   0   0   0   8   7   0   0  22  15   6   0   3  16   0  0.28 0.07
   38 V    0  0 -1 -1 -2  1  0 -1 -2  0  0  1  1 -1  0  2  1 -3 -2  1    2   4   0   2   0   7   7   2   0   2   7   9   7   2   4  24   7   0   0  15  0.10 0.05
   39 E    0  1  0  2 -2  1  1 -1  0 -2  0  0 -1 -3  3  1  0 -3 -2 -1    5   8   2  13   0   5  13   3   1   0  12   3   0   0  14  13   3   0   0   4  0.20 0.04
   40 T    1 -1  0 -1 -2  0  0 -1  1 -1 -1 -1  0 -2  3  2  1  0 -2 -1   12   3   2   0   0   4   3   2   6   2   8   2   5   0  17  23   7   1   0   3  0.22 0.05
   41 N    0  0  2  0  1  1  0  2  0 -2 -1  0 -2 -1  1  2  0 -3 -2 -2    3   4  14   3   3   8   2  16   3   0   7   4   0   3   7  22   3   0   0   0  0.17 0.05
   42 Y   -2  1 -1 -1 -3 -1 -1 -3  2 -1 -1 -1  0  4  0  0  0  2  3 -1    0  12   2   2   0   2   4   0   7   0   2   3   2  28   4   7   8   2  11   5  0.22 0.07
   43 L    0 -1 -1 -1  3  0 -2 -2 -2  1  2 -2  0  0  1  0  0 -2 -1  0    8   2   2   2  11   5   0   2   0  10  27   0   1   5   6   5   8   0   0   4  0.10 0.04
   44 K    0  2  0  1  0  0  1 -2  1 -2 -2  1 -2 -2  2  1  0 -3 -1 -1    9  16   2   7   3   0  12   1   3   3   3  10   0   0  13   9   3   0   2   3  0.20 0.04
   45 S    0 -1  0 -1 -2 -1  0  0  0 -1 -1 -1 -1 -1  3  3  0 -3 -1 -1    2   2   2   0   0   1   6   6   2   3   6   0   2   3  18  40   2   0   2   2  0.29 0.09
   46 T    0 -1 -1 -1  0  1  0 -2  0  0 -1  0 -1 -2 -2  2  3 -2  1  0    3   0   0   2   2   6   3   0   3   5   3   5   0   0   0  23  30   0   5   7  0.20 0.08
   47 C    0 -2  1  0  5 -1 -1 -2 -2 -2 -2 -2 -2 -2  5  2  0 -3 -1 -2    6   0   7   4  16   2   1   1   0   0   5   0   0   2  31  20   2   0   3   1  0.55 0.10
   48 Y    1 -1 -1 -2 -1  0  0 -1  0 -1  0 -1  0  1  2  1  0 -1  1 -1   14   1   1   1   1   6   4   4   2   1  12   3   2  10  10  17   3   0   8   4  0.09 0.04
   49 P   -1 -2 -2 -2 -3 -2 -1 -1 -3 -2 -3 -1 -3 -4  7 -1  0 -4 -3 -2    3   2   0   0   0   0   2   5   0   2   1   3   0   0  69   2   6   0   0   2  1.44 0.18
   50 I   -1  2 -1 -2 -2  1  0 -1  1  0  0  0  0  1  0  0 -1 -2 -1  0    4  17   1   0   0  10   7   3   5   5   9   3   4  11   5   5   2   0   0   9  0.07 0.04
   51 S    0 -2 -1 -2 -1  0  0 -2  2 -1 -1 -1 -2 -3  5  2  0 -3 -1 -1    2   0   0   0   1   5   4   0   6   3   5   0   0   0  34  30   2   0   2   5  0.55 0.12
   52 R    0  5  0 -2 -3  0 -1  0  1 -2 -1  2 -2 -3 -1 -1 -2 -3 -2 -2    6  51   3   0   0   2   0   9   5   1   8  10   0   0   2   2   0   0   0   2  0.47 0.12
   53 F    0 -1 -2  0  1  1  0 -2 -2  0  1 -1  1  2  0  0  0 -2 -1  1    5   2   0   6   4   9   6   1   0   1  22   0   4  15   4   5   4   0   0  11  0.06 0.04
   54 L   -1 -1 -1  2 -2  1 -1  0 -2 -1  1 -1  1  2  1  0  0 -2 -1 -1    5   1   0  17   0   8   2   6   0   0  21   0   5  14   8   7   4   0   0   2  0.11 0.06
   55 C    0  0 -1 -1  1  0  1 -1  1 -2 -2  0 -2 -3  3  3  0  1 -2 -2    7   6   0   0   3   2  13   3   4   1   4   2   0   0  13  33   4   2   0   0  0.26 0.08
   56 I    0  0  1 -1 -2  0 -1 -2  0  0 -1  1  0 -2  3  0  0 -3 -1  1    9   6   9   0   0   2   2   0   2   4   5  10   3   0  17   8   5   0   3  15  0.16 0.04
   57 N    0 -1  1  0 -2  2  1 -1  0 -2  0  1 -1 -1  0  2  1  0 -2 -2    4   0   7   4   0  13  11   3   3   0  10   7   0   2   4  20   7   2   0   1  0.14 0.05
   58 N    0 -1  3  1 -2 -1  0  2 -1 -2 -2  0 -1 -2  0  1  0 -3 -2 -1    7   2  24   8   0   0   4  16   0   0   4   6   1   1   4  13   2   0   0   6  0.20 0.06
   59 L    0 -1 -1  0 -2  1 -1 -1 -1  0  1  0  0  0  1  1  1 -2  1  0    4   1   0   4   0   8   0   4   0   7  16   3   0   3   7  20  10   0   6   6  0.07 0.04
   60 S    0 -2  0 -1 -2  0  0  2  0 -2 -1 -1 -1 -1  1  2  1  0  0 -1    5   0   1   0   0   5   5  19   2   0   7   1   2   1   6  25  12   1   4   4  0.16 0.06
   61 K    0  0  1  0 -2  2  0 -1  1 -1  1  2  1 -1  0  0  0 -3 -2 -1    5   4   6   3   0  14   1   4   4   1  18  18   6   2   3   5   3   0   0   3  0.08 0.04
   62 C    0  1 -1 -1  1  0 -1 -1 -2 -1  0  0 -1 -1  3  0 -1  2 -1  0   10   9   2   2   5   4   1   3   0   2  14   8   0   3  18  10   1   3   0   6  0.17 0.04
   63 D    1 -1  0  0 -2  0  1  1  0 -1 -1 -1 -1 -3  3  1  0 -3 -2 -1   12   2   4   5   0   2  14  10   2   6   4   0   2   0  16  12   7   0   0   2  0.20 0.04
   64 K    0  0  0 -1  0  3  0  0  0 -1 -1  0 -1 -2  2  1  0  1  1 -1    8   4   5   2   2  23   2   5   1   6   4   3   0   0  10   9   5   2   8   1  0.15 0.06
   65 M    0 -1  0 -2 -2  0 -1 -1  0  0  2 -1  1 -1  3  0  0 -3 -1  0    9   3   4   0   0   3   2   4   2   5  26   0   6   0  17   8   3   0   2   5  0.16 0.05
   66 I    0  0 -1 -2  0  0 -1 -1  0  1  1 -1  0  0  0  0 -1 -2  1  1   12   4   1   1   3   6   2   3   3  11  12   3   1   2   5   4   0   0   5  20  0.04 0.03
   67 K    0  1 -1 -1 -3  0 -1  0  3 -1  0  1 -1 -2  4  1 -1 -3 -1 -2    8  10   0   2   0   3   0   7  10   2  11  10   0   0  20  13   0   0   1   1  0.25 0.07
   68 T    0 -2 -1  0 -1  0  0  0  2 -1 -1 -1  0  1  3  0  1  1  1 -1    9   0   0   6   2   3   3   6   9   3   4   0   4   8  14   9  10   2   8   3  0.13 0.05
   69 R    0  2 -1  0 -3  2  0 -2  0 -1 -1  1 -1 -1  1  1  0 -1 -1 -1    4  20   1   4   0  15   2   0   3   4   7   4   0   3   8  14   4   1   1   5  0.16 0.06
   70 Q    0  0  0  0 -1  3  0 -1 -1 -1  0  1  0 -2 -2  0  1 -3 -1  0    3   4   5   3   1  21   3   5   0   1  12  10   4   0   0   8  13   0   1   7  0.12 0.06
   71 R    0  1  0 -1 -1  0  0  0 -2  0 -1  0  0 -2  2  2  1 -3 -2  0    3   7   3   0   1   3   5   6   0   4   4   5   3   1  12  22  10   0   0  10  0.13 0.04
   72 D    0  0  1  1 -3  0  2 -2  0 -2 -2  0 -2 -3  4  1  0 -3 -2 -2    9   4   6   9   0   2  18   0   2   2   2   3   0   0  21  16   3   0   1   1  0.36 0.08
   73 G    1  0  0 -1 -2 -1 -1  0 -2  0  0 -1 -1 -2  3  1  0 -3 -2 -1   10   6   3   1   0   1   2   8   0  11  12   1   0   0  19  19   3   0   0   2  0.21 0.06
   74 I    0 -1 -2 -3 -1 -1 -2 -2 -2  2  2 -1  1 -1  1 -1 -1 -2 -2  1    9   3   0   0   1   4   1   1   1  11  34   2   5   1   8   6   0   0   0  12  0.15 0.06
   75 H    1 -1  0  1 -3  2  0 -1  5 -2 -2 -1 -2 -1  2  0 -1 -3  1 -2   13   2   3   7   0  11   2   3  24   0   3   0   0   3  13   5   3   0   4   3  0.29 0.08
   76 C    1  0  0  0  0  1  0 -1  2 -2 -1  0 -1 -1  1  1  1 -2  1 -1   10   5   1   3   3   7   3   2  10   0   9   2   0   0   8  18   8   0   7   2  0.12 0.05
   77 F   -1 -2 -1  0 -2 -1 -2 -2  0  1  2 -2  0  3  0  0  0  0  0  1    4   1   3   6   0   2   1   3   2  10  25   1   1  17   3   7   4   1   2   7  0.08 0.04
   78 S    1  1  0 -1 -2  0 -1 -1 -2  0  0  0  1 -2  1  2  1 -3 -2  0    8   9   4   1   0   2   2   2   0   4  10   5   4   0   5  22  12   0   0   9  0.10 0.05
   79 E    0  1 -1  0 -1  1  0 -1  0 -1 -1  1  1 -2  1  0  1 -2 -2  0    9   9   1   4   1   5   4   4   4   1   5   8   8   0   7   9   9   0   0  12  0.07 0.03
   80 G    0  1  1  1 -3 -1 -1  3  2 -3 -3  0 -2 -3  3 -1 -1 -3 -2 -3    6   8   9   8   0   2   2  27   7   1   2   6   0   0  19   1   1   0   0   1  0.37 0.09
   81 Q   -1 -1  6 -1 -3  2  0 -1  1 -3 -4  0 -3 -4  1  1 -1 -4 -3 -2    4   2  46   0   0   9   4   2   3   0   1   5   0   0   6  14   1   0   0   2  0.59 0.18
   82 K    0  0  0 -1 -1  0  0 -1 -1 -2 -2  1 -2 -3  4  2  0 -2 -3 -2    4   4   2   1   1   2   6   5   1   2   3  12   1   0  26  22   5   1   0   2  0.40 0.12
   83 F   -3 -4 -4 -5 -3 -4 -4 -4 -3 -1  3 -4  5  5 -4 -4 -3  5  1 -1    0   0   0   0   0   0   0   1   0   1  34   0  21  28   0   0   0   8   3   1  0.94 0.29
   84 Q   -1  2  0 -2 -4  1  1 -2  2 -3 -2  3 -2  0 -2 -1 -1 -2  4 -2    5  11   4   1   0   5   9   2   4   0   3  25   0   3   1   3   2   0  20   2  0.34 0.17
   85 L   -2  1  2 -1 -4  2 -2  2  2 -1  0  0  4 -2 -3 -1 -2 -4 -3 -2    0  10  10   2   0  11   0  20   7   2  11   5  18   1   0   2   0   0   0   1  0.32 0.20
   86 D   -3  5  0  1 -4  1  0 -3  2 -5 -3  4 -3 -5 -4 -1 -3 -5 -4 -4    0  36   3   8   0   6   3   1   4   0   1  33   0   0   0   2   0   0   0   0  0.86 0.31
   87 D   -4 -3  3  4 -6 -2 -2 -3  9 -6 -6 -3 -5 -5 -5  0 -4 -6 -2 -6    0   0  16  20   0   0   0   1  53   0   0   0   0   0   0   8   0   0   0   0  1.72 0.49
   88 V   -3 -5 -5 -5 -1 -5 -5 -6 -5  5  3 -5  0  1 -5 -4 -3 -4 -3  3    0   0   0   0   1   0   0   0   0  37  34   0   0   6   0   0   0   0   0  20  0.92 0.30
   89 I   -4 -5 -6 -6 -4 -5 -5 -6 -5  6  3 -5  1 -2 -5 -5 -2 -5 -3  2    0   0   0   0   0   0   0   0   0  59  23   0   2   0   0   0   1   0   0  14  1.19 0.37
   90 E   -1 -3  1  2 -4 -1  1 -2 -2 -5 -5 -2 -4 -5 -3  6  2 -5 -4 -4    1   1   4   9   0   1  11   1   1   0   0   0   0   0   0  61   9   0   0   0  0.96 0.39
   91 A    1 -4 -4 -4 -3 -4 -4 -4 -4  5 -1 -4  2 -2  3 -1 -1 -5 -3  2   12   0   0   0   0   0   0   0   0  37   3   0   6   1  16   5   3   0   0  17  0.63 0.26
   92 Q    0  2  2  0 -3  1  0 -1 -1 -3  0  3  1 -3 -1  0  0 -4 -2 -2    6  12  10   6   0   7   4   5   1   0  10  20   4   0   3   6   5   0   0   0  0.20 0.12
   93 Q   -4 -3 -1  7 -2  5  1 -4 -1 -6 -6 -3  0 -6 -4 -2 -3 -6 -5 -5    0   0   1  61   1  26   5   0   1   0   0   0   3   0   0   1   0   0   0   0  1.49 0.46
   94 F   -4 -5 -6 -6 -1 -5 -6 -6 -2  0  4 -5  0  7 -6 -5 -4 -2  1 -2    0   0   0   0   1   0   0   0   1   3  36   0   2  53   0   0   0   0   2   1  1.39 0.41
   95 D   -2 -3  1  2 -3 -2 -1 -1 -3 -4 -5 -2 -4 -4 -2  5  4 -5 -4 -4    0   0   6  12   0   1   2   4   0   0   0   1   0   0   1  48  24   0   0   0  0.80 0.34
   96 R   -2  6 -2 -3 -4 -1 -2 -4 -2 -1 -2  4 -3 -4 -4 -2 -1 -5 -4  1    1  46   1   1   0   1   0   0   1   4   3  24   0   0   0   1   2   0   0  13  0.86 0.32
   97 D    0 -1  0  4 -5  1  5 -2 -1 -5 -5  0 -4 -5 -1  0 -1 -5 -4 -4   10   2   2  22   0   4  43   2   1   0   0   4   0   0   2   7   2   0   0   0  0.75 0.29
   98 I   -3 -3 -2  5 -5  2  5 -4  0 -3 -3 -1  0 -4 -4 -2 -2  0 -3 -4    1   0   0  33   0   9  40   0   2   2   2   3   2   0   0   2   2   2   0   0  0.93 0.33
   99 L   -3 -5 -5 -6 -4 -3 -5 -6 -5  5  4 -5  2 -1 -5 -4 -2  1 -2  0    0   0   0   0   0   1   0   0   0  34  52   0   3   2   0   0   2   2   1   2  1.00 0.33
  100 N   -2 -2  2  3 -5  0  4 -3  3 -3  0 -1  0 -3 -3 -1 -2 -5 -2 -3    1   0  10  16   0   1  35   1  10   1  14   1   2   1   0   4   2   0   1   0  0.53 0.24
  101 A    0  1 -1  0 -2  1  2 -2  3 -2  0  0  0  0 -3  0  0 -2  2 -1   10   8   1   6   1   5  16   2   8   1  14   3   2   3   0   6   5   0  10   2  0.13 0.10
  102 I   -3 -5 -5 -6 -3 -5 -5 -6 -5  5  4 -5  0 -2 -5 -4 -3 -4 -3  3    0   0   0   0   0   0   0   0   0  36  42   0   1   1   0   0   0   0   0  19  1.00 0.32
  103 F   -4 -5 -5 -6 -2 -5 -5 -6 -4  1  4 -5  1  6 -5 -5 -4 -3  0  0    0   0   0   0   1   0   0   0   0   7  46   0   3  36   0   0   0   0   1   6  1.07 0.33
  104 E    0  0  2  4 -4  1  2 -1  0 -4 -4  1 -3 -4 -3  0  0 -5 -3 -3   10   4  12  26   0   4  18   3   2   0   1   8   0   0   0   7   4   0   1   1  0.44 0.18
  105 I   -2  2 -3 -3 -3 -2  0 -4 -1  0  3 -1  2 -2 -4 -2  2 -4 -2  2    0  12   0   0   0   0   6   0   2   3  29   4   5   0   0   1  16   0   0  21  0.32 0.19
  106 A    6 -4 -4 -5 -2 -4 -4 -1 -4 -4 -4 -4 -4 -5 -4  0  0 -5 -5 -3   87   0   0   0   1   0   0   3   0   0   0   0   0   0   0   3   4   0   0   1  1.50 0.48
  107 R    1  1  1  2 -3  2  2  0  3 -3 -2  0 -2 -3 -3  0 -1 -4 -2 -3   15   9   5  12   0  12  17   5  10   0   4   5   0   0   0   4   1   0   0   0  0.31 0.15
  108 D   -1  2  0  3 -4  2  4 -2 -1 -4 -3  2 -2 -4 -3  0  0 -4 -1 -3    4  10   3  15   0   7  29   2   0   0   2  16   0   0   0   5   4   0   2   0  0.45 0.19
  109 M   -3 -4 -5 -5 -4 -4 -5 -5 -4  4  3 -4  7  3 -5 -4 -3 -3 -2  0    0   0   0   0   0   0   0   0   0  27  26   0  30  12   0   0   0   0   0   2  1.01 0.33
  110 E   -1  3 -1  1 -3  0  4 -2  0 -2 -2  0 -2 -3 -2  0 -1 -2 -2 -2    5  17   2   6   1   2  38   2   2   3   5   5   1   1   1   4   2   0   1   3  0.41 0.14
  111 N    0  1  0  0 -1  0  0 -1 -1 -1  0  1  0 -1  2  0  0 -1 -1 -1    9   8   5   4   1   4   7   4   1   4   9  12   3   2   9   6   4   1   2   5  0.07 0.02
  112 I    0 -1 -1 -1 -1  0 -1 -1 -1  2  1 -1  2  0 -1 -1  0 -1  1  1    7   2   3   4   1   5   4   5   2  20   9   3   7   3   2   2   4   0   7  11  0.05 0.04
  113 E    2 -1 -1  0 -1  0  0 -1 -1  0  0  0  0 -1  0  0  0 -2 -1  1   24   2   1   6   1   3   8   2   1   2  11   5   1   1   4   4   4   0   1  17  0.09 0.07
  114 R   -1  2  3  1 -2  1  1 -2  1 -3 -3  3 -3 -4 -1  0 -1 -4 -2 -3    5  10  14   9   1   6  11   2   4   1   1  28   0   0   1   4   2   0   1   1  0.39 0.16
  115 N    0  2  0  0 -4  1  1  0  0 -4 -3  2 -2 -4  4  1 -1 -4 -3 -3   10  15   3   4   0   4   8   6   2   0   1  12   1   0  23   9   1   0   0   0  0.43 0.16
  116 S    0  1  2  0 -3  1  2  0  2 -3 -3  2 -2 -2 -1  1  0 -3 -1 -2    6   7  10   4   0   7  18   8   6   1   1  13   0   1   2  10   3   0   2   2  0.23 0.11
  117 P    0  1 -2  0 -4  0  0  2 -1 -4 -4  3 -2 -3  5 -1 -2 -4 -2 -3    8   6   1   4   0   2   5  17   1   1   1  19   1   1  27   3   2   0   2   1  0.53 0.19
  118 E   -1  1  1  0 -1  1 -1 -1  0 -2 -1  0 -1  1 -1  0 -1 -1  4  0    3   7   9   4   1  10   3   5   2   1   4   3   0   6   3   6   3   0  20   9  0.15 0.11
  119 S    1  1 -1 -1  0  0 -1 -2 -2 -1  0 -1 -1 -2  2  2  0 -2 -2 -1   11  11   1   4   2   3   1   2   0   3  14   2   1   2  12  24   3   1   0   4  0.18 0.12
  120 Q   -2  1  1  5 -5  1  3 -2  4 -5 -4  1 -4 -4 -2 -1 -2 -5 -2 -4    1   7   7  32   0   5  21   2  13   0   1   6   0   0   1   1   1   0   1   0  0.69 0.24
  121 I    0  0 -4 -4 -1 -2 -2 -4 -3  3  3 -2  2  0 -2 -2  0 -3 -1  2    7   6   0   0   1   0   1   0   0  19  34   2   4   3   1   1   4   0   2  13  0.31 0.15
  122 L   -1 -4 -5 -5  6 -4 -5 -5  1 -1  5 -4  2 -2 -5 -4 -3 -4 -2 -2    5   0   0   0  20   0   0   0   3   2  63   0   4   0   0   0   0   0   1   0  1.07 0.34
  123 K    0  2  0  2 -4  1  2 -3 -1 -4 -4  5 -3 -5 -2  0 -1 -5 -3 -3    6  12   3  11   0   4  14   0   1   0   0  39   0   0   1   5   2   0   0   0  0.59 0.22
  124 G   -3 -3  1 -1 -5 -3 -3  6  3 -6 -6 -4 -5 -5 -5 -2 -4 -5 -4 -6    0   1   8   4   0   0   0  77   8   0   0   0   0   0   0   1   0   0   0   0  1.56 0.40
  125 Y   -2  3 -2 -3 -5 -1 -2 -4 -1 -4 -4  7 -3 -3 -4 -2 -2 -5  1 -5    2  16   1   0   0   0   0   0   1   0   1  70   0   1   0   1   2   0   5   0  1.25 0.39
  126 L   -3 -3 -4 -5 -3 -3 -4 -5 -5  4  2  0 -1 -2 -4 -4 -2 -4 -3  4    0   1   0   0   0   0   0   0   0  32  18   8   0   0   0   0   1   0   0  39  0.77 0.27
  127 M   -3 -4 -5 -6 -2 -4 -5 -5 -5  3  4 -4  5 -2 -5 -4 -3 -4 -3  2    1   0   0   0   0   0   0   0   0  16  52   0  20   0   0   0   0   0   0  10  0.97 0.31
  128 A    6 -4 -4 -4  2 -3 -3  2 -4 -4 -4 -3 -4 -5 -3  0 -2 -5 -4 -3   75   0   0   0   4   0   0  15   0   0   0   0   0   0   0   5   1   0   0   0  1.20 0.39
  129 T   -1 -3  1 -3 -3 -3 -3 -4 -4 -3  0 -3 -1 -4 -3  3  6 -5 -3  0    1   0   5   0   0   0   0   0   0   0  10   0   2   0   0  25  52   0   1   4  0.85 0.34
  130 L   -1 -4 -5 -6  6 -4 -5 -5 -5  0  5 -5  3 -2 -5 -4 -3 -4 -3  0    5   0   0   0  17   0   0   0   0   3  63   0   8   0   0   0   0   0   0   4  1.05 0.33
  131 F   -6 -6 -6 -7 -6 -7 -7 -7 -5 -3 -3 -7 -3  9 -7 -6 -5 -2  0 -4    0   0   0   0   0   0   0   0   0   0   0   0   0 100   0   0   0   0   0   0  2.86 0.62
  132 Y   -5 -5 -3 -6 -3 -5 -6 -6 -2 -3 -3 -5 -2  7 -6 -5 -5 -1  7 -4    0   0   1   0   0   0   0   0   0   0   0   0   1  54   0   0   0   0  44   0  2.10 0.50
  133 E   -4 -3 -3 -1 -7 -1  8 -5 -3 -7 -6 -2 -5 -7 -4 -3 -4 -6 -5 -6    0   0   0   0   0   0  99   0   0   0   0   0   0   0   0   1   0   0   0   0  2.28 0.59
  134 P    1 -5 -5 -5 -5 -4 -4 -4 -5 -5 -5 -4 -5 -6  8 -3 -4 -7 -6 -1   12   0   0   0   0   0   0   0   0   0   0   0   0   0  83   1   0   0   0   4  2.39 0.54
  135 S   -2 -4 -2 -3 -4 -3 -3 -3 -4 -6 -6 -3 -5 -6 -4  7 -2 -6 -5 -5    0   0   0   0   0   0   0   0   0   0   0   0   0   0   0 100   0   0   0   0  2.01 0.58
  136 T   -3 -4 -3 -4 -4 -4 -4 -5 -5 -4 -4 -4 -4 -5 -4 -1  8 -6 -5 -3    0   0   0   0   0   0   0   0   0   0   0   0   0   0   0   0 100   0   0   0  2.23 0.60
  137 R   -5  8 -4 -5 -7 -2 -3 -6 -3 -6 -5 -1 -5 -6 -5 -4 -4 -6 -5 -6    0 100   0   0   0   0   0   0   0   0   0   0   0   0   0   0   0   0   0   0  2.54 0.60
  138 T   -3 -4 -3 -4 -4 -4 -4 -5 -5 -4 -4 -4 -4 -5 -4 -2  8 -6 -5 -3    0   0   0   0   0   0   0   0   0   0   0   0   0   0   0   0 100   0   0   0  2.25 0.61
  139 R   -3  7 -2 -4 -1  0 -3 -5 -3 -4 -5  1 -3 -5 -5  1 -3 -5 -4 -5    0  75   1   0   1   4   0   0   0   1   0   5   0   0   0  12   0   0   0   0  1.55 0.44
  140 L   -1 -4 -5 -5  3 -4 -5 -5 -5 -1  5 -4  4  1 -5 -1 -2 -4 -3 -2    4   0   0   0   6   0   0   0   0   0  66   0  12   5   0   6   1   0   0   0  0.94 0.32
  141 S   -2 -4 -2 -3 -4 -3 -3 -3 -4 -6 -6 -3 -5 -6 -4  7 -2 -6 -5 -5    0   0   0   0   0   0   0   0   0   0   0   0   0   0   0 100   0   0   0   0  2.01 0.58
  142 F   -6 -6 -6 -7 -6 -6 -6 -6 -1 -3 -3 -6 -3  9 -7 -6 -5 -2  0 -4    0   0   0   0   0   0   0   0   2   0   0   0   0  98   0   0   0   0   0   0  2.77 0.61
  143 E   -1 -3 -2  1 -4  2  7 -4 -1 -5 -5 -2 -4 -6 -4 -2 -1 -5 -5 -5    5   0   0   7   0   6  75   0   1   0   0   0   0   0   0   2   4   0   0   0  1.39 0.42
  144 S    4 -3 -3 -3 -3 -3 -3 -2 -4 -3 -4 -3 -3 -5 -3  3  5 -5 -4 -2   36   0   0   0   0   0   0   1   0   0   0   0   0   0   0  23  38   0   0   2  0.92 0.35
  145 A    7 -4 -4 -5 -3 -4 -4 -3 -5 -4 -4 -4 -4 -5 -4  0 -3 -6 -5 -3   96   0   0   0   0   0   0   0   0   0   0   0   0   0   0   4   0   0   0   0  1.75 0.51
  146 M    0 -5 -5 -6 -4 -4 -5 -5 -5  2 -1 -4 10 -2 -5 -4 -3 -5 -4  1    9   0   0   0   0   0   0   0   0   8   1   0  74   0   0   0   0   0   0   7  1.95 0.54
  147 R   -1  0  1 -2 -2  3  0 -3  3 -1  2  3  1 -2 -3 -2 -2 -3  0 -2    3   3   9   0   1  15   3   1  10   3  23  21   3   0   0   1   1   0   3   0  0.30 0.18
  148 R   -4  8  1 -4 -6 -2 -1 -5 -2 -6 -5  0 -4 -6 -5 -2 -4 -6 -5 -6    0  88   5   0   0   0   3   0   1   0   0   2   0   0   0   2   0   0   0   0  2.01 0.51
  149 L   -4 -5 -6 -6  0 -5 -6 -6 -6  0  6 -5  0 -2 -6 -5 -4 -4 -4 -1    1   0   0   0   2   0   0   0   0   2  94   0   0   0   0   0   0   0   0   1  1.59 0.44
  150 G   -3 -5 -3 -4 -6 -5 -5  7 -5 -7 -7 -5 -6 -6 -5 -3 -5 -6 -6 -6    0   0   0   0   0   0   0  99   0   0   0   0   0   0   0   0   0   0   0   0  2.34 0.53
  151 G    1 -5 -3 -4 -3 -4 -5  7 -5 -5 -6 -4 -4 -6 -5 -3 -4 -5 -6 -5   13   0   0   0   1   0   0  86   0   0   0   0   0   0   0   0   0   0   0   0  1.86 0.45
  152 E   -1  3  1  2 -4  1  1 -2 -1 -4 -4  1 -2 -4 -3  3  1 -4 -3 -3    2  16   6  12   0   7   9   2   0   0   0   8   1   0   0  29   6   0   0   0  0.43 0.19
  153 V   -2 -5 -5 -5  1 -5 -5 -5 -6  2 -1 -5 -2 -3 -5 -2  1 -4 -4  6    1   0   0   0   3   0   0   0   0  10   1   0   0   0   0   2   7   0   0  77  1.28 0.39
  154 L   -3 -5 -5 -5 -3 -4 -4 -6 -5  5  3 -5  0 -1 -5 -4 -3 -4 -3  3    0   0   0   0   0   0   1   0   0  47  26   0   1   1   0   0   0   0   0  24  1.00 0.30
  155 T   -1 -4  0  0 -3 -2 -3  6 -1 -5 -5 -3 -4 -5 -1  2  1 -5 -3 -4    2   0   4   6   0   2   0  58   2   0   0   0   0   0   2  14   9   0   1   0  0.93 0.29
  156 T   -3 -5 -3 -5 -4 -5 -5 -5 -4  1  0 -5  4  7 -5 -3  0 -2  0  1    1   0   1   0   0   0   0   0   0   6   6   0  10  58   0   1   8   0   0   9  1.18 0.35
  157 E    2 -2  1  2 -1 -1  1 -1 -2 -3 -3 -1 -2 -3  0  3  1  0 -3 -2   16   1   5  12   1   1  10   3   1   1   1   1   0   0   3  33   7   1   0   2  0.35 0.16
  158 N   -2 -2  2  4 -4  0  2  2 -2 -4 -4 -1 -4 -4 -3  2 -1 -4 -2 -4    1   0  12  32   0   2  16  14   0   0   1   1   0   0   0  17   1   0   1   0  0.62 0.21
  159 A    4 -2 -2 -2 -2 -2 -2  1 -3 -1 -2 -1  0 -3  3  2 -1 -3 -3  0   41   1   1   1   0   1   1   9   0   3   3   2   2   0  13  14   3   0   0   5  0.42 0.18
  160 R    1  1  0  0 -2  0  0  1 -1 -1 -2  1 -1 -2 -1  1  0 -2 -2  0   15   8   4   4   0   3   4  11   1   2   2  12   0   2   2  12   5   0   1  11  0.10 0.05
  161 E   -1 -2  4  1 -3  1  3 -2 -1 -3 -3 -1 -3 -3 -2  3  0 -4 -3 -3    2   1  24   8   0   4  24   1   1   1   2   1   0   1   1  24   4   0   1   1  0.52 0.20
  162 F    1 -1 -1 -2 -1 -1 -2  0 -1 -1 -2 -1 -1  1 -2  2  3 -2  0  0   14   2   1   1   1   2   1   5   2   3   2   2   1   7   1  23  25   0   3   6  0.24 0.13
  163 S   -1 -3 -2 -3 -2 -2 -2 -3 -3 -3 -4 -2 -3 -4 -3  6  3 -4 -4 -3    2   0   0   0   1   0   1   1   0   1   1   1   0   0   0  75  15   0   0   1  1.20 0.38
  164 S   -1 -4 -2 -3 -4 -3 -3 -3 -4 -4  0 -3 -4 -5 -4  7 -1 -5 -4 -4    1   0   0   0   0   0   0   0   0   0  10   0   0   0   0  87   0   0   0   0  1.48 0.48
  165 A    3 -3 -3 -4 -2 -3 -3  0 -3  1 -1 -3 -1 -3 -3  0  1 -4 -3  4   27   0   0   0   0   0   1   6   0   8   1   0   1   0   0   5  11   0   0  38  0.47 0.22
  166 A    3 -1 -1 -2 -3  1 -1 -2 -3 -3 -3  3  0 -4 -3  2  1 -4 -3 -1   29   1   1   0   0   7   2   0   0   0   1  26   2   0   0  18  10   0   0   3  0.46 0.22
  167 K   -4 -1 -3 -4 -6 -2 -2 -4 -4 -6 -6  8 -5 -6 -4 -3 -4 -6 -5 -5    0   0   0   0   0   0   0   1   0   0   0  99   0   0   0   0   0   0   0   0  2.20 0.57
  168 G   -3 -5 -3 -4 -5 -5 -5  7 -5 -7 -7 -4 -6 -6 -5 -3 -4 -5 -6 -6    0   0   0   0   0   0   0  99   0   0   0   0   0   0   0   0   0   0   0   0  2.33 0.52
  169 E   -4 -3 -3 -1 -7  0  8 -5 -3 -7 -6 -2 -5 -7 -4 -3 -4 -6 -5 -6    0   0   0   0   0   1  99   0   0   0   0   0   0   0   0   0   0   0   0   0  2.27 0.59
  170 T   -2 -4  0 -3 -3 -3 -3 -4 -4 -3 -4 -3 -4 -5 -4  5  6 -5 -4 -3    0   0   4   0   0   0   0   0   0   0   0   0   0   0   0  41  54   0   0   1  1.28 0.43
  171 L   -4 -5 -6 -6 -4 -5 -5 -6 -5  1  6 -5  0  0 -5 -5 -3 -4 -3  2    0   0   0   0   0   0   0   0   0   7  78   0   0   4   0   0   0   0   0  11  1.20 0.35
  172 E    4  0 -2 -2 -3  1  2 -1 -2 -2 -3  1 -2 -3 -1  1 -1 -4 -2 -1   47   3   0   0   0   5  13   2   1   2   1   9   1   0   2   9   2   0   1   2  0.45 0.22
  173 D   -5 -5 -1  8 -7 -3 -1 -4 -4 -6 -7 -4 -6 -7 -5 -3 -4 -8 -6 -6    0   0   1  99   0   0   0   0   0   0   0   0   0   0   0   0   0   0   0   0  2.56 0.59
  174 T   -2 -4 -3 -4 -4 -4 -4 -4 -5 -4 -4 -4 -3 -5 -4  2  7 -6 -5 -3    1   0   0   0   0   0   0   0   0   0   0   0   0   0   0  12  87   0   0   0  1.80 0.53
  175 I   -1 -5 -5 -5 -3 -5 -5 -4 -5  6  0 -5  1 -3 -5 -4 -1 -5 -4  4    6   0   0   0   0   0   0   1   0  61   2   0   2   0   0   0   3   0   0  25  1.12 0.34
  176 R   -2  7 -2 -4 -5  2 -2 -4 -1 -5 -2  2 -1 -5 -4  0 -2 -5 -3 -4    1  62   0   0   0   8   0   0   1   0   4  13   2   0   0   7   1   0   0   0  1.17 0.36
  177 T   -2 -4 -4 -5 -2 -4 -4 -5 -5  2 -1 -4  5 -3 -4 -2  4 -5 -4  4    0   0   0   0   1   0   0   0   0  11   0   0  21   0   0   0  29   0   0  38  0.94 0.34
  178 V   -2 -5 -5 -5 -3 -4 -5 -5 -5  4  2 -4  3 -2 -5 -4 -2 -4 -3  5    2   0   0   0   0   0   0   0   0  30  16   0   7   0   0   0   0   0   0  45  0.94 0.30
  179 E    1 -2 -1  1 -3 -1  3  1 -3 -5 -5 -2 -4 -5 -3  5 -1 -5 -4 -4    9   1   1   8   0   1  24   9   0   0   0   0   0   0   0  46   1   0   0   0  0.72 0.30
  180 G    0 -3  2 -2  6  0 -2  3 -2 -2 -4 -2 -3 -4 -4  2  0 -4 -3 -3    7   1  14   0  22   4   1  25   1   2   0   1   0   0   0  17   5   0   1   1  0.63 0.24
  181 Y   -5 -5 -6 -7 -6 -5 -6 -7 -2 -5 -4 -5 -4  1 -7 -5 -5 -1 10 -5    0   0   0   0   0   0   0   0   0   0   0   0   0   2   0   0   0   0  97   0  3.02 0.67
  182 S    5 -4 -3 -4  3 -3 -3 -1 -4 -3 -3 -3 -3 -4 -3  2  0 -5 -4  1   54   0   0   0   5   0   0   3   0   0   0   0   0   0   0  19   5   0   0  13  0.76 0.30
  183 D   -5 -5 -1  8 -7 -3 -1 -4 -4 -6 -7 -4 -6 -7 -5 -3 -4 -8 -6 -6    0   0   1  99   0   0   0   0   0   0   0   0   0   0   0   0   0   0   0   0  2.54 0.59
  184 L    3 -4 -4 -5 -1 -4 -4 -2 -4  4  0 -4 -1 -3 -4 -2 -2 -4 -3  3   34   0   0   0   1   0   0   1   0  31   7   0   1   0   0   0   0   0   0  24  0.68 0.27
  185 I   -1 -5 -5 -5  3 -5 -5 -6 -5  6  1 -5  1  0 -5 -4 -3 -4 -2  2    4   0   0   0   6   0   0   0   0  65   8   0   3   3   0   0   0   0   0  10  1.11 0.33
  186 V    2 -5 -5 -5 -2 -4 -5 -5 -5  2 -2 -4 -2 -3 -4 -3 -2 -5 -4  6   21   0   0   0   0   0   0   0   0   7   0   0   0   1   0   0   1   0   0  71  1.18 0.38
  187 L   -3 -4 -5 -6 -4 -2 -5 -6 -5  3  3 -4  8 -2 -5 -4 -3 -4 -4  0    0   0   0   0   0   1   0   0   0  20  33   0  43   0   0   0   0   0   0   3  1.27 0.38
  188 R   -5  8 -4 -5 -7 -2 -3 -6 -3 -6 -5 -1 -5 -6 -5 -4 -4 -6 -5 -6    0 100   0   0   0   0   0   0   0   0   0   0   0   0   0   0   0   0   0   0  2.54 0.60
  189 H   -5 -4 -1 -5 -7 -3 -4 -6 11 -7 -6 -4 -5 -5 -6 -4 -5 -6 -1 -7    0   0   1   0   0   0   0   0  98   0   0   0   0   0   0   0   0   0   0   0  3.41 0.71
  190 F   -4 -3 -2 -3 -5 -4 -3 -5  0 -5 -5 -2 -5  2  8 -1 -4 -5  1 -5    0   2   2   0   0   0   0   0   2   0   0   2   0   9  72   4   0   0   5   0  1.91 0.46
  191 E   -1  1 -2 -1 -4  3  2 -3 -1 -1  0  3  0 -1 -3  0 -1 -2  0 -1    3   4   0   2   0  15  13   0   1   4  12  27   3   2   0   5   3   0   3   2  0.26 0.15
  192 S    0 -2 -3  1 -5  0  6 -4 -3 -4 -5 -1 -4 -5  1  0 -3 -5 -4 -1    6   1   0   5   0   2  68   0   0   0   0   1   0   0   7   6   0   0   0   4  1.11 0.37
  193 G   -3 -5 -3 -4 -5 -5 -3  7 -5 -7 -7 -4 -4 -6 -5 -3 -4 -5 -5 -6    0   0   0   0   0   0   2  96   0   0   0   0   0   0   0   1   0   0   0   0  2.19 0.51
  194 A    6 -4 -3 -4 -3 -3 -3 -2 -4 -4 -4 -3 -3 -5 -3  3 -1 -5 -4 -2   72   0   0   0   0   0   0   0   0   0   0   0   0   0   0  23   3   0   0   2  1.20 0.40
  195 A    6 -4 -4 -4 -3 -3 -3 -3 -4 -3 -4 -3 -2 -5  3  0 -2 -5 -4  1   70   0   0   0   0   0   0   0   0   0   0   0   0   0  13   5   0   0   0  11  1.08 0.37
  196 R    0  5 -2 -1 -2  2  0 -3 -1 -3  0  2  1 -3 -3 -2 -1 -3 -2 -2    8  38   1   2   1   9   4   0   1   1  11  14   4   1   0   1   3   0   1   1  0.47 0.21
  197 R   -1  1 -3 -4 -3 -2 -1 -4 -2  1  3 -1  2  1 -4 -2 -1 -2  2  2    3  10   0   0   0   1   3   0   1   6  34   2   7   4   0   2   3   0  10  14  0.30 0.15
  198 A    7 -4 -4 -5 -3 -4 -4 -2 -4 -3 -3 -4 -3 -4 -4 -1 -3 -5 -5 -1   93   0   0   0   0   0   0   1   0   1   2   0   0   0   0   1   0   0   0   2  1.57 0.47
  199 A    5 -3 -3 -3  0 -2 -3 -2 -4 -3 -4 -2 -3 -5 -3  4  0 -5 -4 -2   49   0   0   0   2   1   0   0   0   1   0   1   0   0   0  41   5   0   0   1  0.98 0.36
  200 A   -1  1  0  1 -4  2  5 -3  0 -3 -2  2  0 -4 -3 -1 -1 -4 -3 -3    4   6   3   6   0   7  44   1   1   1   4  13   3   0   0   3   2   0   0   1  0.56 0.23
  201 I   -1 -2 -2 -4 -2 -3 -3 -3  3  1 -1 -2  0  5 -4 -2  0 -2  4  2    6   1   2   0   1   0   0   1   7   7   2   2   1  28   0   2   6   0  14  18  0.45 0.20
  202 A    3 -3 -2 -3  3 -3 -3 -2 -4 -2 -3 -3 -3 -4 -3  5  1 -5 -4  1   26   0   0   0   5   0   0   1   0   2   1   0   0   0   0  50   6   0   0  10  0.74 0.31
  203 G   -1  2  2  2 -3  0  1  0 -1 -4 -4  0 -3 -4  2  2  1 -4 -3 -3    2  13   9  15   0   1  10   6   1   0   1   5   0   0  12  15   7   0   0   0  0.36 0.15
  204 I   -2 -2 -2 -4  1 -3 -4 -5 -1  4 -1  1  0 -3 -4 -2 -2 -5 -3  5    1   1   2   0   3   0   0   0   2  24   1  10   1   0   0   2   1   0   0  51  0.75 0.28
  205 P   -4 -6 -5 -5 -6 -5 -5 -6 -6 -6 -6 -4 -6 -7  9 -4 -4 -7 -6 -6    0   0   0   0   0   0   0   0   0   0   0   0   0   0 100   0   0   0   0   0  3.19 0.66
  206 I   -3 -5 -5 -6 -3 -5 -5 -6 -6  5  1 -5 -1 -1 -5 -4 -3 -5 -3  6    0   0   0   0   0   0   0   0   0  31   9   0   0   2   0   0   0   0   0  59  1.20 0.36
  207 V   -4 -6 -6 -6 -4 -5 -6 -6 -6  7  1 -5 -1 -2 -5 -5 -3 -5 -4  2    0   0   0   0   0   0   0   0   0  80  10   0   0   1   0   0   0   0   0   9  1.59 0.42
  208 N   -5 -4  9 -2 -6 -3 -3 -4 -3 -7 -7 -3 -5 -6 -5 -2 -3 -7 -5 -6    0   0  98   0   0   0   0   0   0   0   0   0   0   0   0   2   0   0   0   0  2.59 0.62
  209 A    7 -4 -4 -5 -3 -4 -4  1 -4 -4 -4 -4 -4 -5 -4 -2 -3 -5 -5 -3   91   0   0   0   0   0   0   9   0   0   0   0   0   0   0   0   0   0   0   0  1.60 0.48
  210 G   -3 -5 -3 -4 -6 -5 -5  7 -5 -7 -7 -5 -6 -6 -5 -3 -5 -6 -6 -6    0   0   0   0   0   0   0 100   0   0   0   0   0   0   0   0   0   0   0   0  2.37 0.53
  211 D   -5 -5  0  8 -7 -3 -1 -4 -4 -6 -7 -4 -6 -7 -5 -3 -4 -8 -6 -6    0   0   3  96   0   0   0   0   0   0   0   0   0   0   0   1   0   0   0   0  2.44 0.57
  212 G   -3 -5 -3 -4 -6 -5 -5  7 -5 -7 -7 -5 -6 -6 -5 -3 -5 -6 -6 -6    0   0   0   0   0   0   0 100   0   0   0   0   0   0   0   0   0   0   0   0  2.37 0.53
  213 P    3 -3 -2 -2 -3 -2 -3  3 -3 -1 -3 -1 -3 -4  1  2  0 -4 -4  0   35   0   0   1   0   1   0  22   0   4   0   2   0   0   7  15   5   0   0   8  0.46 0.21
  214 G   -3 -2  5 -2 -5 -1 -3  4  6 -6 -5 -2 -4 -3 -4 -2 -3 -5 -2 -4    0   2  28   0   0   2   1  37  26   0   0   2   0   1   0   0   0   0   0   1  1.15 0.35
  215 Q   -3 -2  0 -2 -4  7  3 -4  3 -5 -3 -2  1 -3 -4 -2 -3 -5 -3 -5    1   0   5   1   0  56  22   0   8   0   2   0   3   1   0   1   0   0   0   0  1.23 0.41
  216 H   -5 -4 -3 -5 -7 -3 -4 -6 11 -7 -7 -4 -5 -5 -6 -4 -5 -6 -2 -7    0   0   0   0   0   0   0   0 100   0   0   0   0   0   0   0   0   0   0   0  3.56 0.73
  217 P   -4 -6 -5 -5 -6 -5 -5 -6 -6 -6 -6 -4 -6 -7  9 -4 -4 -7 -6 -6    0   0   0   0   0   0   0   0   0   0   0   0   0   0 100   0   0   0   0   0  3.19 0.66
  218 S   -3 -4 -3 -4 -4 -3 -4 -4 -4 -4 -4 -3 -4 -5 -4  3  7 -6 -5 -3    0   0   0   0   0   0   0   0   0   0   0   0   0   0   0  18  82   0   0   0  1.74 0.51
  219 Q   -4 -2 -3 -4 -7  9 -1 -5 -3 -6 -6 -2 -4 -7 -5 -4 -4 -5 -5 -6    0   0   0   0   0 100   0   0   0   0   0   0   0   0   0   0   0   0   0   0  2.69 0.68
  220 A    3 -4 -3 -4  1 -3 -4 -3 -4 -3 -4 -3 -2 -5 -4 -1  6 -5 -4 -3   31   0   0   0   3   0   0   1   0   0   0   0   1   0   0   1  64   0   0   0  1.27 0.43
  221 L   -4 -5 -6 -6 -4 -4 -5 -6 -5  0  6 -5  4  1 -5 -5 -3 -4 -3 -2    0   0   0   0   0   0   0   0   0   2  81   0  11   6   0   0   0   0   0   0  1.36 0.39
  222 L   -1 -4 -5 -5 -3 -3 -5 -5 -5  0  5 -4 -1 -2 -5 -3  2 -4 -3 -1    5   0   0   0   0   1   0   0   0   2  74   0   0   0   0   0  17   0   0   0  1.06 0.36
  223 D   -5 -5 -2  8 -7 -3 -2 -5 -4 -6 -7 -4 -6 -7 -5 -3 -4 -8 -6 -6    0   0   0 100   0   0   0   0   0   0   0   0   0   0   0   0   0   0   0   0  2.60 0.60
  224 V   -3 -5 -6 -6 -3 -4 -5 -6 -5  1  5 -5  1 -2 -5 -5 -3 -4 -3  2    1   0   0   0   0   0   0   0   0   7  77   0   2   0   0   0   0   0   0  14  1.18 0.35
  225 Y   -4 -5 -5 -6 -5 -4 -5 -6 -1 -2  1 -5  1  5 -6 -4 -3 -1  7 -2    1   0   0   0   0   0   0   0   1   1  16   0   4  30   0   0   1   0  46   2  1.39 0.38
  226 T   -2 -4 -3 -4 -2 -4 -4 -4 -5 -4 -4 -4 -4 -5 -4  1  7 -6 -5 -3    1   0   0   0   0   0   0   0   0   0   0   0   0   0   0   9  89   0   0   0  1.85 0.53
  227 I   -4 -6 -6 -6 -4 -6 -6 -7 -6  8 -1 -6  2 -3 -6 -5 -4 -5 -4  0    0   0   0   0   0   0   0   0   0  92   2   0   4   0   0   0   0   0   0   2  1.94 0.50
  228 E   -3  5 -2 -3 -4  3  0 -4  0 -3 -2  2 -1 -2 -4 -2 -2  3  2 -3    1  41   1   0   0  12   3   0   2   1   3  15   1   1   0   1   2   4  10   0  0.72 0.26
  229 R   -2  4 -1 -2 -5  2  4 -4  0 -4 -4  3 -3 -5 -3  1 -1 -5 -3 -4    2  24   2   0   0   7  36   0   2   1   0  15   0   0   0   9   2   0   1   0  0.72 0.26
  230 E   -2 -1  1 -1 -2 -1  5 -4 -1 -2  0 -1 -2 -3 -3 -1  3 -4 -1 -2    2   2   6   0   1   0  45   0   1   1  10   1   0   1   0   2  23   0   3   1  0.60 0.27
  231 I   -1  0 -1 -3 -2  3 -1 -3  0  1  1  3  1  2 -3 -2 -2 -3 -1 -1    5   4   1   0   1  21   1   0   2  11  17  22   3   9   0   0   1   0   1   1  0.29 0.17
  232 G   -2 -4 -1 -2 -5 -4 -4  7 -3 -6 -6 -1 -3 -5 -4 -1 -4 -5 -5 -5    1   0   2   1   0   0   0  86   0   0   0   4   1   0   0   3   0   0   0   0  1.75 0.43
  233 K   -2  5 -1 -1 -4 -1 -1 -2  1 -3 -3  2 -3 -4 -1  1  3 -4 -2 -3    1  33   1   3   0   1   1   3   4   1   1  13   0   0   2   9  26   0   1   1  0.55 0.23
  234 L   -3 -4 -5 -6 -2 -4 -5 -6 -5  3  5 -4  0  0 -4 -4 -2 -4 -3  3    0   0   0   0   1   0   0   0   0  16  58   0   0   3   1   0   1   0   0  19  0.91 0.29
  235 D   -3 -2  4  6 -4 -1  3 -2 -2 -5 -5 -1 -5 -5 -4  0 -2 -6 -4 -5    1   1  22  47   0   1  16   2   0   0   0   2   0   0   0   6   2   0   0   0  1.06 0.32
  236 G   -3 -2  5  2 -5 -2 -2  5  1 -6 -6 -2 -5 -5 -4 -1 -3 -5 -5 -5    0   1  35  12   0   1   1  44   3   0   0   2   0   0   0   2   0   0   0   0  1.10 0.33
  237 I   -3 -3 -4 -5 -3 -4 -5 -6  0  3  5 -2  3  0 -5 -4 -3 -4 -3  0    0   1   0   0   0   0   0   0   3  16  66   2   7   2   0   0   0   0   0   2  0.93 0.30
  238 K   -2  1  3 -1 -1 -1 -2 -3  1 -3 -4  3 -3 -4 -3  0  5 -5 -3 -1    0   6  16   2   1   1   1   0   4   1   0  19   0   0   0   5  41   0   0   3  0.64 0.27
  239 V   -3 -5 -6 -6 -4 -5 -6 -6 -6  7 -1 -5 -1 -3 -5 -5 -3 -5 -1  4    0   0   0   0   0   0   0   0   0  67   2   0   0   0   0   0   0   0   2  29  1.46 0.40
  240 G    3 -4 -3 -4 -2 -3 -3  5 -3 -4 -4 -3 -3 -3 -4 -1  3 -4 -1 -3   33   0   0   0   1   0   0  42   0   0   0   0   0   1   0   1  19   0   3   1  0.84 0.30
  241 L   -3 -4 -5 -6 -2 -4 -5 -5 -4  2  4 -4  6  4 -5 -4 -3 -3 -2  0    0   0   0   0   1   0   0   0   0  12  40   0  23  21   0   0   0   0   0   4  0.96 0.30
  242 V   -1 -5 -5 -5  7 -4 -5 -5 -5  1  1 -5  3 -3 -5 -4 -2 -5 -4  5    4   0   0   0  24   0   0   0   0   5  10   0   8   0   0   0   0   0   0  48  1.05 0.33
  243 G   -3 -5 -3 -4 -6 -5 -5  7 -5 -7 -7 -5 -6 -6 -5 -3 -5 -6 -6 -6    0   0   0   0   0   0   0 100   0   0   0   0   0   0   0   0   0   0   0   0  2.37 0.53
  244 D   -5 -5 -2  8 -7 -3 -2 -5 -4 -6 -7 -4 -6 -7 -5 -3 -4 -8 -6 -6    0   0   0 100   0   0   0   0   0   0   0   0   0   0   0   0   0   0   0   0  2.60 0.60
  245 L   -4 -5 -6 -7 -4 -5 -6 -7 -6 -1  6 -5  0 -2 -6 -5 -4 -4 -4 -2    0   0   0   0   0   0   0   0   0   0 100   0   0   0   0   0   0   0   0   0  1.77 0.47
  246 A    0  2 -3 -4 -5 -1 -2 -4 -3 -5 -3  7 -2 -6 -4 -3 -3 -6 -4 -5    7   8   0   0   0   0   0   0   0   0   3  80   1   0   0   0   1   0   0   0  1.50 0.45
  247 N   -5 -4  3 -5 -5 -4 -4 -5  3 -4 -4 -4 -4  4 -6 -4 -4 -1  8 -4    0   0  16   0   0   0   0   0   7   0   0   0   0  18   0   0   0   0  59   0  1.76 0.47
  248 G   -1 -5 -3 -4 -5 -5 -5  7 -5 -7 -7 -4 -6 -6 -5 -2 -4 -5 -6 -6    3   0   0   0   0   0   0  94   0   0   0   0   0   0   0   3   0   0   0   0  2.13 0.49
  249 R   -5  8 -4 -5 -7 -2 -3 -6 -3 -6 -5 -1 -5 -6 -5 -4 -4 -6 -5 -6    0 100   0   0   0   0   0   0   0   0   0   0   0   0   0   0   0   0   0   0  2.54 0.60
  250 T   -2 -4 -3 -4 -4 -4 -4 -5 -5 -4 -4 -4 -4 -5 -2 -2  8 -6 -5 -2    3   0   0   0   0   0   0   0   0   0   0   0   0   0   2   0  94   0   0   2  1.97 0.56
  251 V   -1 -5 -6 -6 -4 -5 -5 -6 -6  2 -2 -5 -2 -4 -3 -4 -2 -6 -4  7    4   0   0   0   0   0   0   0   0   6   0   0   0   0   1   0   1   0   0  88  1.57 0.45
  252 R   -4  1 -1 -4 -6 -3 -3 -5 10 -5 -6 -4 -5 -5 -6 -4 -4 -6 -1 -6    1   8   2   0   0   0   0   0  87   1   0   0   0   0   0   0   0   0   1   0  2.83 0.63
  253 S   -2 -4 -2 -3 -4 -3 -3 -3 -4 -6 -6 -3 -5 -6 -4  7 -1 -6 -5 -5    0   0   0   0   0   0   0   0   0   0   0   0   0   0   0  99   0   0   0   0  1.98 0.58
  254 L   -4 -5 -6 -6 -4 -3 -6 -6 -6 -1  6 -5 -1 -1 -6 -5 -4 -4 -4 -2    0   0   0   0   0   1   0   0   0   0  97   0   0   2   0   0   0   0   0   0  1.68 0.46
  255 A    3 -4 -3 -4  3 -3 -3 -3 -4  3  0 -3 -1 -3 -3  0  1 -4 -3  2   34   0   0   0   8   0   0   0   0  21   9   0   0   0   0   4  11   0   0  13  0.48 0.22
  256 Y   -2  2  0 -2 -2  3  1 -4  2 -3 -2  3  1 -2 -3 -1 -1 -2  4 -2    1  10   4   1   1  18   8   0   6   1   3  18   5   0   0   2   3   0  17   2  0.40 0.20
  257 L    5 -4 -4 -4 -2 -3 -3 -1 -4 -2  2 -3 -1 -3 -3 -1 -1 -4 -2 -1   62   0   0   0   0   0   0   4   0   1  24   0   1   0   0   2   3   0   1   1  0.79 0.32
  258 L   -4 -5 -6 -6 -3 -4 -5 -6 -5  0  6 -5  5 -2 -5 -5 -4 -4 -4 -2    0   0   0   0   0   0   0   0   0   1  81   0  17   0   0   0   0   0   0   0  1.48 0.42
  259 A    3  0 -1 -3  1 -2 -2 -2 -3 -2 -2  0 -1 -4 -3  3  3 -4 -3 -1   24   6   2   0   3   1   0   1   0   2   2   4   1   0   0  29  19   0   0   4  0.40 0.20
  260 K   -3  3  1 -2 -2  1 -1 -4  4 -2  2  2  1 -1 -3 -2 -2 -4 -1 -2    0  23   9   0   1   4   2   0  13   0  22  17   4   2   0   1   0   0   1   1  0.41 0.20
  261 Y   -4 -5 -5 -6 -3 -5 -5 -6 -2 -4 -3 -5 -3  7 -6 -5 -4  1  8 -4    1   0   0   0   1   0   0   0   0   0   0   0   0  46   0   0   0   1  51   0  2.08 0.50
  262 K   -1  1  1  1 -1  1  2 -1  0 -2 -2  2 -1 -2  1  0  0 -2 -1 -2    3   9   6   9   1   7  14   4   3   2   4  13   1   2   8   6   3   0   1   2  0.17 0.05
  263 D   -2 -2  5  3 -3 -2 -1  3 -1 -4 -4 -1 -3 -4  0 -1 -2 -4 -3 -3    2   1  33  19   0   1   1  28   1   1   1   2   0   1   4   2   1   0   0   1  0.71 0.22
  264 V    1 -2  3 -3  2 -3 -3 -3 -3  2 -1 -3 -1 -3  1 -2  0 -4 -3  4   12   1  16   0   4   0   0   0   0  13   1   0   1   0   7   1   4   0   0  39  0.45 0.22
  265 K   -2  4  1  0 -4  1  2 -3  2 -4 -4  4 -2 -4 -3  0  1 -4 -3 -4    0  24   5   3   0   3  14   0   5   0   0  27   1   0   0   6  12   0   0   0  0.57 0.22
  266 I   -4 -4 -5 -5 -4  0 -4 -5 -4  3  2 -4  2  6 -5 -4 -3 -2  1  1    0   0   0   0   0   5   0   0   0  17  21   0   4  44   0   0   0   0   2   7  0.92 0.29
  267 Y   -2  0  1 -3 -3 -1 -3 -4  5  1 -2 -2 -2  1 -4 -2  0 -2  5  2    2   7   7   1   0   3   0   0  15  10   0   1   0   6   0   2   5   0  24  15  0.45 0.21
  268 F   -4 -5 -5 -6 -4 -5 -5 -6 -4 -2  3 -5 -1  7 -6 -5 -2 -2  3 -3    0   0   0   0   0   0   0   0   0   0  34   0   0  53   0   0   2   0  10   0  1.39 0.38
  269 V   -3 -5 -6 -6 -3 -5 -5 -6 -6  6 -1 -5 -1 -3 -5 -4 -3 -5 -4  5    0   0   0   0   0   0   0   0   0  54   1   0   0   0   0   0   0   0   0  45  1.40 0.40
  270 S    4 -4 -2 -3 -1 -3 -3 -3 -4 -5 -5 -3 -4 -5 -3  6 -1 -5 -4 -4   31   0   0   0   1   0   0   0   0   0   0   0   0   0   0  67   1   0   0   0  1.28 0.43
  271 P   -4 -6 -5 -5 -6 -5 -4 -6 -6 -5 -6 -4 -6 -7  9 -4 -3 -7 -6 -6    0   0   0   0   0   0   0   0   0   0   0   0   0   0  99   0   1   0   0   0  3.13 0.65
  272 E   -2  0 -1  3 -5  0  4 -3 -2 -5 -4  2 -4 -5  3 -2 -2 -5 -4 -4    2   3   2  18   0   2  36   1   0   0   0  14   0   0  18   1   1   0   0   1  0.77 0.26
  273 V    1 -2  0 -1 -4  0  4 -1 -2 -1 -2 -2 -2 -3 -3  2  0 -4 -2  0    9   0   4   1   0   2  41   3   0   2   4   0   0   1   0  20   3   0   1   8  0.45 0.23
  274 V   -4 -5 -6 -6 -3 -5 -5 -6 -5  0  6 -5  0 -2 -5 -5 -2 -4 -4  1    0   0   0   0   0   0   0   0   0   1  91   0   0   0   0   0   1   0   0   7  1.49 0.42
  275 K    2  5 -2 -3 -4  2  0 -2 -1 -4 -4  3 -2 -5 -2  0 -1 -4 -3 -3   20  32   1   0   0   8   4   2   1   0   0  22   1   0   1   5   1   0   0   1  0.60 0.24
  276 M   -3 -4 -5 -6 -4 -4 -5 -6 -5  2  2 -4  9 -3 -2 -4 -3 -4 -4  1    1   0   0   0   0   0   0   0   0  10  18   0  61   0   3   0   1   0   0   7  1.55 0.45
  277 K   -4  0 -5 -4 -6 -4 -4 -4 -5 -6 -6  0 -6 -7  8 -4 -4 -7 -6 -6    0   6   0   0   0   0   0   1   0   0   0   6   0   0  87   0   0   0   0   0  2.57 0.56
  278 D    0  2  1  4 -4  2  3 -1 -2 -4 -4  0 -3 -4 -1  0 -2 -5 -3 -3    8  12   5  26   0   7  21   3   0   0   0   5   0   0   3   7   1   0   0   1  0.48 0.19
  279 D   -2 -3 -1  2 -5  0  3 -3  2 -4 -4 -2 -4 -1 -3  0 -2 -2  6 -4    1   0   3  14   0   2  26   1   6   0   0   1   0   0   1   7   1   0  35   0  0.78 0.29
  280 I   -3 -5 -4 -5 -1 -4 -4 -5 -4  6  1 -4  0  0 -5 -3 -1 -4  2  3    0   0   1   0   1   0   1   0   0  52   7   0   2   2   0   1   2   0   8  23  0.88 0.29
  281 K   -2  3 -2 -3  1 -1 -2 -4 -2  2  1  4  0 -3 -3 -2  0 -2 -2  1    0  16   1   0   4   0   0   0   0  13  14  29   2   0   0   0   7   0   1  13  0.35 0.19
  282 D   -1  0  1  3 -4  1  3 -3  1 -2 -2  1 -1 -2 -3 -1 -1 -4  0 -3    5   3   5  22   0   6  26   1   4   2   3   9   1   1   0   3   1   0   5   1  0.38 0.17
  283 Y   -1 -1 -1  3 -4 -1  3 -3  0 -1 -2 -1  2  2 -3 -2 -2 -2  4  0    3   2   1  19   0   1  24   1   2   2   2   1   7  10   0   2   0   0  16   6  0.38 0.19
  284 L   -2 -4 -5 -5  3 -4 -5 -5 -5  2  5 -5  1 -2 -5 -4 -3 -4 -3  2    2   0   0   0   7   0   0   0   0   8  68   0   3   0   0   0   0   0   0  11  0.98 0.31
  285 T    0  2  1  3 -3  1  2 -2  2 -2 -3  2 -3 -3 -2  0  0 -4 -2 -2    8  12   5  17   0   4  14   1   6   2   1  17   0   0   1   3   6   0   0   2  0.31 0.14
  286 S    1  1 -1  1 -3  1  4 -1 -2 -4 -3  2 -2 -4 -1  2 -1 -4 -3 -3   11   7   1   6   0   6  29   5   0   0   1  16   0   0   3  15   1   0   0   0  0.42 0.18
  287 K    1  3  2 -2  0  1  0 -2  3 -3 -3  3 -1 -3 -3  0 -1 -4 -2 -3   13  15  13   0   2   4   3   1   9   1   2  26   1   1   0   7   2   0   1   1  0.37 0.17
  288 G   -2 -3  4 -1 -3 -2 -2  6  0 -5 -5 -1 -4 -5 -2 -2 -3 -5 -4 -5    1   1  19   3   1   1   2  64   2   0   1   3   0   0   2   1   0   0   0   0  1.15 0.32
  289 V    0 -4 -4 -4  1 -2 -4 -4 -1  5  1 -3  2 -2 -4 -2 -1 -4 -2  3    9   0   0   0   4   2   0   1   2  43   7   0   6   1   0   2   3   0   1  19  0.55 0.21
  290 D    0  1  0  0 -3  1  3 -2 -1 -3 -2  2 -2 -3  2  0  0 -1 -3 -2    5   8   3   3   0   6  21   1   1   1   4  18   1   0  12   8   6   1   0   1  0.30 0.13
  291 W   -3 -3 -4 -5 -2  2 -4 -4 -2  0 -1 -3 -1  4 -4 -4 -3  6  6  1    0   0   0   0   1  10   0   1   0   6   4   0   1  16   1   0   0  12  34  13  0.92 0.30
  292 E   -1  2  0 -1 -2  1  2 -3  1 -1 -2  1 -2 -1 -2  2  1 -2  0  0    2  10   2   1   1   5  19   0   3   5   1   9   0   2   0  18  10   0   5   6  0.19 0.12
  293 E   -3 -1 -3 -1 -5  1  6 -5 -3 -1 -1 -1 -2  0 -4 -2 -1 -3 -3 -2    0   2   0   0   0   4  70   0   0   4   8   1   1   4   0   1   3   0   0   2  1.07 0.37
  294 S   -1 -2 -2 -3  0 -2 -2 -4  6 -1 -2 -2 -1  1 -4  1  3 -3  1  2    3   1   0   0   2   0   2   0  26   1   3   1   1   6   0  12  21   0   5  18  0.51 0.24
  295 S    0  0  1  2 -3 -1  3 -1 -1 -3 -3  0 -2 -3 -1  2  3 -4 -3 -2    7   6   6  14   0   1  20   2   1   1   0   3   1   0   2  14  21   0   0   2  0.33 0.16
  296 D   -1  1  2  4 -3 -1  1 -2 -1 -4 -4  0 -3 -4 -3  3  0 -5 -3 -3    2   7  10  27   0   1   8   1   1   0   0   6   0   0   0  29   5   0   0   1  0.52 0.21
  297 L   -4 -4 -5 -6 -3 -4 -5 -6 -5  3  5 -5  2  2 -4 -4 -3 -4 -2  0    0   0   0   0   0   0   0   0   0  20  64   0   5   7   1   0   0   0   1   2  1.00 0.31
  298 V   -2 -1  0  3 -5  0  6 -3 -1 -3 -3 -1  0 -5 -3 -1  0 -5 -3 -3    2   2   3  17   0   1  56   1   1   1   1   1   3   0   0   3   7   0   1   1  0.86 0.30
  299 E   -1 -2  0  4 -5  0  5 -1 -2 -5 -5  0 -3 -5 -1  0 -2 -5 -3 -4    5   1   2  25   0   2  47   5   0   0   0   3   1   0   3   5   1   0   0   0  0.84 0.29
  300 V    2 -4 -3 -4 -1 -4 -3 -3 -2  2 -1 -4 -1 -2 -4 -1 -1 -5 -3  5   19   0   1   0   1   0   1   1   1  12   1   0   0   1   0   3   2   0   0  56  0.75 0.28
  301 A    0 -4 -5 -4 -3 -4 -4 -4 -4  5  3 -4  4 -2 -4 -3 -2 -4 -3  1    8   0   0   1   0   0   0   1   0  44  27   0  10   0   0   0   1   0   0   7  0.77 0.26
  302 S    1 -2  0  1 -4 -1  0  1 -1 -4 -4  0 -3 -4  5  1 -2 -1 -4 -3   13   1   3   8   0   2   6  13   1   0   0   5   0   0  31  14   1   1   0   0  0.60 0.20
  303 E   -2  0  0  4 -5  1  4 -2  0 -4 -4  2 -2 -5 -3  0 -1  0 -3 -4    1   3   2  24   0   6  35   2   1   0   0  13   1   0   0   7   2   2   0   0  0.66 0.24
  304 C    1 -4 -4 -4  2 -3 -4 -4 -4  1  4 -3  0 -2 -4 -1  2 -4 -3  2   11   0   0   0   6   0   0   0   0   6  46   0   0   0   0   5  14   0   0  12  0.49 0.21
  305 D   -5 -5  0  8 -6 -3 -1 -4 -4 -6 -7 -4 -6 -7 -5 -3 -4 -7 -6 -5    0   0   2  96   0   0   1   0   0   0   0   0   0   0   0   0   0   0   0   0  2.41 0.56
  306 V   -2 -5 -5 -6 -2 -5 -5 -6 -6  5 -1 -5 -1 -3 -5 -4 -3 -5 -3  6    1   0   0   0   0   0   0   0   0  35   1   0   0   0   0   0   0   0   0  61  1.33 0.38
  307 V   -3 -5 -6 -6 -4 -4 -5 -6 -5  1  6 -5  0 -1 -5 -5 -3 -4 -3  0    1   0   0   0   0   0   0   0   0   6  84   0   1   2   0   0   0   0   0   6  1.29 0.37
  308 Y   -4 -5 -5 -6 -6 -5 -5 -6 -2 -5 -4 -5 -4  0 -6 -5 -5 -1 10 -5    1   0   0   0   0   0   0   0   0   0   0   0   0   0   0   0   0   0  98   0  2.99 0.66
  309 Q   -3 -4 -5 -6  2  2 -4 -6 -5 -1 -1 -4  9 -3 -5 -4 -3 -5 -4  4    1   0   0   0   5   9   0   0   0   1   0   0  56   0   0   0   0   0   0  29  1.53 0.47
  310 T   -3 -4 -3 -4 -4 -4 -4 -5 -5 -4 -4 -4 -4 -5 -4 -1  8 -6 -5 -1    0   0   0   0   0   0   0   0   0   0   0   0   0   0   0   2  95   0   0   3  2.03 0.57
  311 R   -5  8 -4 -5 -7 -2 -3 -6 -3 -6 -5 -1 -5 -6 -5 -4 -4 -6 -5 -6    0 100   0   0   0   0   0   0   0   0   0   0   0   0   0   0   0   0   0   0  2.54 0.60
  312 I   -3 -5 -6 -6 -3 -5 -5 -6 -6  6 -1 -5  0 -3 -5 -5 -3 -5 -4  5    0   0   0   0   0   0   0   0   0  50   1   0   1   0   0   0   0   0   0  48  1.40 0.39
  313 Q   -4 -2 -3 -4 -7  9 -1 -5 -3 -6 -6 -2 -4 -7 -5 -4 -4 -5 -5 -6    0   0   0   0   0 100   0   0   0   0   0   0   0   0   0   0   0   0   0   0  2.69 0.68
  314 K   -3  5 -3 -3 -6  1  0 -4 -2 -5 -5  6 -4 -6 -4 -3 -3 -5 -4 -5    0  33   0   0   0   4   4   0   0   0   0  57   0   0   0   0   0   0   0   0  1.38 0.40
  315 E   -4 -3 -3 -2 -7 -1  8 -5 -3 -7 -6 -2 -5 -7 -4 -3 -4 -6 -5 -6    0   0   0   0   0   0 100   0   0   0   0   0   0   0   0   0   0   0   0   0  2.31 0.59
  316 R   -5  8 -4 -5 -7 -2 -3 -6 -3 -6 -5 -1 -3 -6 -5 -4 -4 -6 -5 -6    0  99   0   0   0   0   0   0   0   0   0   0   1   0   0   0   0   0   0   0  2.51 0.60
  317 F   -5 -6 -6 -7 -5 -5 -6 -6 -4 -3  0 -6 -3  9 -7 -6 -5 -2  1 -4    0   0   0   0   0   1   0   0   0   0   6   0   0  92   0   0   0   0   1   0  2.48 0.56
  318 G    0 -2 -2  2 -3 -1  0  0 -3 -2 -2 -2 -2  3  4  0  0 -3 -1 -1    7   1   1  13   0   2   5   7   0   1   3   1   0  16  25   7   6   0   0   4  0.40 0.16
  319 E   -3 -3  4  6 -4 -2  2 -2 -2 -5 -5 -2 -4 -5 -3  2 -2 -5 -4 -4    1   0  20  48   0   0  12   1   0   0   1   0   0   0   1  14   1   0   0   0  1.03 0.30
  320 R   -1  1 -1  0 -3  1  4 -3 -1 -3 -1  0 -2 -3  4  0  0 -3 -3 -2    2   6   1   2   0   5  32   1   1   1   8   4   1   1  20   6   5   0   1   1  0.46 0.16
  321 L    1 -1 -1 -1 -1  1  0 -1 -1  0  1  0  1 -1  1  0  0 -1 -1  0   15   3   2   3   1   7   3   4   1   7  14   5   8   2   8   5   4   1   1   6  0.06 0.03
  322 D   -2 -2  1  3 -5  0  6 -3 -2 -5 -4 -1 -4 -5 -3  1 -2 -5 -4 -4    1   0   7  16   0   1  58   1   0   0   1   1   0   0   0  11   0   0   0   0  1.03 0.32
  323 L   -1 -1 -1  3 -2  1  5 -2 -1 -2 -1 -1 -1 -1 -1 -1 -1 -2 -1 -2    3   2   1  15   1   5  43   2   1   2   8   2   1   3   2   3   2   0   2   2  0.45 0.14
  324 Y   -5 -5 -3 -6 -6 -5 -5 -6 -2 -5 -4 -5 -4  2 -6 -5 -5  1 10 -4    0   0   1   0   0   0   0   0   0   0   0   0   0   5   0   0   0   1  92   0  2.78 0.63
  325 E    1  0  0  0 -4  2  4 -3  0  0  0  0 -1 -3 -3 -1 -1 -4 -3  0   11   3   4   3   0   8  38   0   2   8  10   3   1   1   0   2   1   0   0   5  0.34 0.18
  326 K    1  5  1 -3 -4  0  0 -3  2 -4 -4  4 -3 -5 -3 -1 -2 -5 -3 -3   11  38   6   0   0   3   3   0   5   0   0  28   0   0   0   2   1   0   0   1  0.77 0.28
  327 A    0 -3 -4 -5  2 -2 -4 -4 -4  2  2 -4  2 -2 -4 -3 -2 -4 -2  5    9   1   1   0   4   1   0   0   0   8  21   0   6   0   0   1   0   0   1  47  0.63 0.24
  328 R    1  3 -2 -3  0  0 -2 -4 -3 -3 -4  6 -3 -1 -3 -1 -2 -5 -3 -4   12  12   1   0   2   2   0   0   0   1   0  62   0   3   0   3   1   0   0   0  0.99 0.34
  329 G    0 -3  2  4 -4 -2 -2  5 -2 -5 -5 -3 -4 -5 -4  1 -2 -5 -5 -5    6   0  12  28   0   1   0  43   1   0   0   0   0   0   0   9   0   0   0   0  0.91 0.29
  330 K    1 -1 -1 -2  0  2  0 -2  0 -1 -2  1 -2  0 -2  3  1 -3 -1  1    9   2   1   0   2  10   5   0   2   4   1  10   0   5   1  28   8   0   1  10  0.19 0.14
  331 F   -5 -5 -5 -6 -3 -5 -5 -6 -2 -2 -1 -5 -3  5 -6 -5 -5 -1  9 -4    0   0   0   0   0   0   0   0   0   1   4   0   0  20   0   0   0   0  74   0  2.23 0.53
  332 I   -2  2 -2 -4 -3  0 -3 -4 -3  5  0  1 -1 -3 -4 -3 -1 -4 -3  3    0  13   2   0   0   5   0   1   0  40   3   8   0   0   0   1   2   0   0  24  0.56 0.24
  333 V   -3 -5 -5 -6 -3 -4 -5 -6 -5  4  4 -5  0 -2 -5 -4 -3 -4 -3  3    1   0   0   0   0   0   0   0   0  28  51   0   0   0   0   0   0   0   0  21  0.99 0.30
  334 N   -2  1  2  5 -4 -2 -1 -2  0 -4 -4 -1 -4 -5 -3  0  4 -5 -4 -3    0   7  11  36   0   1   1   2   2   0   0   4   0   0   0   4  31   0   0   0  0.76 0.29
  335 Q    2  1  2 -2 -2  0  0 -2 -1 -3 -1  2 -1 -4  3  0 -1 -4 -3 -2   20   9  12   0   0   2   4   2   1   0   6  15   2   0  18   4   2   0   0   1  0.32 0.15
  336 N    1  0  0  3 -4  1  3 -2  2 -4 -3  2 -3 -4 -2  0 -1 -4 -3 -3   14   3   3  17   0   5  26   1   5   0   1  14   0   0   1   7   1   0   0   0  0.44 0.18
  337 I   -2 -1 -2 -1 -3 -1 -2 -3  0  2  2  3  4 -2 -3 -1  1 -4 -2  1    1   0   1   4   0   1   0   0   3  11  18  22  14   0   0   3  11   0   0  10  0.26 0.17
  338 L   -3 -4 -5 -6 -3 -4 -5 -6 -5  1  5 -5  6 -2 -5 -4 -3 -4 -3  1    1   0   0   0   0   0   0   0   0   4  64   0  24   0   0   0   0   0   0   6  1.20 0.36
  339 N    1  0  1  1 -2  1  3 -1  0 -2 -2  2 -2 -4 -2  1  1 -2 -3 -2   11   4   5   6   0   3  23   4   2   1   2  19   1   0   0   9   9   0   0   1  0.27 0.13
  340 A    0  1  2  0 -2  0  0  1  2 -2  0  1 -1 -3 -2  0 -1 -3 -2 -1    8  11  15   6   0   4   2  12   5   1  11  11   1   0   1   4   1   0   0   4  0.13 0.09
  341 M    6 -3 -4 -4  1 -3 -3 -1 -3 -3 -1 -3  2 -4 -3  0 -1 -4 -4  0   70   0   0   0   3   0   0   2   0   0   6   0   6   0   0   3   3   0   0   5  0.90 0.33
  342 Q   -2  4 -2 -2 -5  1 -1 -3 -2 -5 -4  6 -2 -5  0 -1 -2 -5 -4 -4    1  18   1   1   0   5   0   1   0   0   1  60   1   0   4   3   0   0   0   0  1.04 0.33
  343 R   -1  0  0  3 -4  1  3 -3 -2 -4 -4  3 -2 -5  3  0 -1 -5 -4 -4    3   5   2  21   0   5  20   1   0   0   0  22   1   0  14   6   2   0   0   0  0.56 0.20
  344 H   -3  0  5  5 -5 -1  0 -2  4 -5 -5  0 -4 -5 -4  0 -1 -5 -3 -5    0   4  27  35   0   1   4   2  13   0   0   6   0   0   0   5   3   0   0   0  0.87 0.28
  345 A    1 -4 -5 -5 -1 -3 -5 -4 -4 -1  4 -4  8 -2 -5 -2 -2 -4 -3 -1   11   0   0   0   1   0   0   1   0   0  37   0  44   1   0   2   2   0   0   1  1.14 0.38
  346 V   -1  1 -3 -4  0 -2 -3 -4 -3  4  0  2  0 -2 -3 -2  0 -4 -1  2    5  10   0   0   3   0   0   0   0  36   4  18   1   1   1   1   6   0   3  13  0.37 0.19
  347 I   -3 -5 -6 -6 -3 -5 -5 -6 -6  5 -1 -5 -1 -3 -5 -4 -3 -5 -4  6    0   0   0   0   0   0   0   0   0  39   2   0   0   0   0   0   0   0   0  59  1.39 0.39
  348 M   -4 -5 -6 -6 -4 -4 -5 -6 -5 -1  5 -5  8 -2 -6 -5 -4 -4 -4 -2    0   0   0   0   0   0   0   0   0   0  56   0  44   0   0   0   0   0   0   0  1.65 0.46
  349 H   -5 -4 -3 -5 -7 -3 -4 -6 11 -7 -7 -4 -5 -5 -6 -4 -5 -6 -2 -7    0   0   0   0   0   0   0   0 100   0   0   0   0   0   0   0   0   0   0   0  3.56 0.73
  350 P   -4 -6 -5 -5 -6 -5 -5 -6 -6 -6 -6 -4 -6 -7  9 -4 -4 -7 -6 -6    0   0   0   0   0   0   0   0   0   0   0   0   0   0 100   0   0   0   0   0  3.18 0.66
  351 L   -4 -5 -6 -7 -4 -5 -6 -7 -6 -1  6 -5  0 -1 -6 -5 -4 -4 -4 -2    0   0   0   0   0   0   0   0   0   0  98   0   1   1   0   0   0   0   0   0  1.72 0.46
  352 P   -4 -6 -5 -5 -6 -5 -5 -6 -6 -6 -6 -4 -6 -7  9 -4 -4 -7 -6 -6    0   0   0   0   0   0   0   0   0   0   0   0   0   0 100   0   0   0   0   0  3.21 0.66
  353 R   -5  8 -4 -5 -7 -2 -3 -6 -3 -6 -5  0 -5 -6 -5 -4 -4 -6 -5 -6    0  99   0   0   0   0   0   0   0   0   0   1   0   0   0   0   0   0   0   0  2.50 0.60
  354 L   -2 -5 -1 -5 -3 -5 -5 -6 -5  2  0 -5 -1 -3 -5 -4 -1 -5 -4  6    1   0   3   0   0   0   0   0   0   8   7   0   1   0   0   0   2   0   0  79  1.29 0.39
  355 D   -4 -3  6  6 -6 -1 -1 -1 -3 -6 -6 -3 -5 -3 -4 -2 -2 -6 -4 -6    0   0  40  50   0   2   1   4   0   0   0   0   0   1   0   1   1   0   0   0  1.46 0.41
  356 E   -4 -3 -3 -2 -7 -1  8 -5 -3 -7 -6 -2 -5 -7 -4 -3 -4 -6 -5 -6    0   0   0   0   0   0 100   0   0   0   0   0   0   0   0   0   0   0   0   0  2.31 0.59
  357 I   -4 -6 -6 -6 -4 -6 -6 -7 -6  8  0 -6 -1 -3 -6 -5 -4 -6 -4  0    0   0   0   0   0   0   0   0   0  95   3   0   1   0   0   0   0   0   0   1  2.05 0.52
  358 T    3 -2 -1  3 -2 -2 -1 -2  2 -3 -3 -1 -3 -4 -2  3  2 -5 -3 -2   28   1   1  18   0   0   3   0   6   0   1   2   0   0   0  24  15   0   0   1  0.48 0.23
  359 V   -1 -1 -3 -3 -2 -1  0 -4  0  0 -1 -2 -2 -1  5 -1  2 -3  2  2    2   2   0   0   0   2   6   0   3   4   3   2   0   2  30   1  14   0  10  18  0.52 0.21
  360 D   -1 -1 -1  5 -5  0  5 -3 -3 -5 -5 -1 -4 -5 -3  0 -2 -6 -5 -5    5   3   2  37   0   2  43   1   0   0   1   1   0   0   0   5   1   0   0   0  1.05 0.33
  361 V   -3 -5 -6 -6 -3 -5 -5 -6 -6  2 -1 -5 -1 -1 -5 -4 -3 -5 -4  7    0   0   0   0   0   0   0   0   0   6   3   0   0   2   0   0   0   0   0  88  1.59 0.45
  362 D   -5 -5 -2  8 -7 -3 -2 -5 -4 -6 -7 -4 -6 -7 -5 -3 -4 -8 -6 -6    0   0   0 100   0   0   0   0   0   0   0   0   0   0   0   0   0   0   0   0  2.60 0.60
  363 A    0 -1  2  3 -3  0  1 -1 -1 -3 -3  1 -2  0 -2  2  0 -4 -1 -3    7   2  10  18   0   3  10   4   1   1   1  13   0   5   0  19   4   0   1   1  0.28 0.14
  364 D   -3 -4  1  6 -3 -3 -2 -4 -2 -4 -1 -3 -1 -5 -4 -1  4 -6 -4 -4    0   0   5  49   0   0   0   0   1   0   6   0   2   0   0   3  34   0   0   0  1.06 0.36
  365 P   -3 -1 -2 -1 -5  0 -1 -4 -2 -5 -5  1 -5 -6  7 -1 -3 -6 -5 -5    1   2   2   3   0   3   4   0   1   0   0  11   0   0  67   5   0   0   0   0  1.70 0.42
  366 R   -4  6  0 -4 -5  1 -3 -4  6 -5 -5  0 -4 -3 -5 -3 -4 -4  4 -5    0  49   3   0   0   5   0   1  24   0   0   4   0   0   0   0   0   0  14   0  1.30 0.39
  367 A    7 -4 -3 -5 -3 -3 -4 -2 -5 -4 -4 -4 -4 -5 -4 -1 -3 -6 -5 -3   97   0   1   0   0   0   0   1   0   0   0   0   0   0   0   1   0   0   0   0  1.76 0.51
  368 A    3  0 -3 -4  2 -2 -2 -2 -1 -2 -2  1  0 -2 -3 -1 -1  2  4  0   36   6   0   0   5   1   0   1   1   1   3  12   2   0   0   1   3   3  19   9  0.41 0.22
  369 Y   -5 -5 -6 -7 -6 -5 -6 -7 -1 -5 -5 -5 -4  0 -7 -5 -5 -1 10 -5    0   0   0   0   0   0   0   0   1   0   0   0   0   1   0   0   0   0  99   0  3.08 0.68
  370 F   -5 -6 -6 -7 -6 -6 -6 -6 -4  0 -3 -6 -3  9 -7 -6 -5 -2  0 -3    0   0   0   0   0   0   0   0   0   4   0   0   0  95   0   0   0   0   0   0  2.62 0.58
  371 R   -3  5 -2  0 -5  4  3 -4 -2 -4 -4  3 -2 -4 -3 -2 -3 -5 -2 -4    0  34   1   4   0  19  18   0   0   1   0  19   1   0   1   0   0   0   1   0  0.85 0.29
  372 Q   -4 -2 -3 -4 -7  9 -1 -5 -3 -6 -6 -2 -4 -7 -5 -4 -4 -5 -5 -6    0   0   0   0   0 100   0   0   0   0   0   0   0   0   0   0   0   0   0   0  2.69 0.68
  373 A    6 -4 -4 -4 -3 -3 -3 -2 -4 -2 -3 -3  3 -4 -3  0 -1 -5 -4  2   69   0   0   0   0   0   0   0   0   0   0   0  10   0   1   5   2   0   0  12  1.02 0.37
  374 K   -1  3 -2 -2 -4  2  2  0  2 -4 -2  3 -2  2 -3 -1 -1 -2 -1 -3    5  16   0   0   0  10  16   7   7   0   2  21   0  11   0   2   2   0   1   0  0.36 0.18
  375 Y   -4 -4  7 -2  1 -3 -4 -3  0 -4 -2 -3 -3  1 -5 -2 -3 -2  6 -4    0   0  54   0   3   0   0   1   1   0   5   0   0   4   0   1   0   0  30   0  1.36 0.42
  376 G   -2 -5 -3 -4 -5 -5 -5  7 -5 -7 -7 -4 -6 -6 -5 -3 -4 -6 -6 -6    2   0   0   0   0   0   0  98   0   0   0   0   0   0   0   0   0   0   0   0  2.27 0.51
  377 L   -3 -3 -5 -5 -3 -4 -4 -5 -5  2  2 -1  5 -2 -5 -4 -2 -4 -3  4    0   1   0   0   0   0   0   0   0  12  22   4  20   0   0   0   0   0   0  42  0.85 0.29
  378 Y   -3 -4 -5 -5 -3 -3 -4 -5 -1 -2 -3 -4 -4  4  5 -4 -4 -2  7 -3    1   0   0   0   1   1   0   0   1   1   1   0   0  18  27   0   0   0  48   1  1.54 0.42
  379 I    2 -4 -4 -5 -1 -4 -4 -3 -5  3  0 -4  1 -3 -4 -2  0 -5 -3  5   20   0   0   0   1   0   0   1   0  16   5   0   3   0   0   1   4   0   0  49  0.70 0.26
  380 R   -5  8 -4 -5 -7 -2 -3 -6 -3 -6 -5 -1 -5 -6 -5 -4 -4 -6 -5 -6    0 100   0   0   0   0   0   0   0   0   0   0   0   0   0   0   0   0   0   0  2.53 0.60
  381 M   -3 -4 -5 -5 -5  3  0 -6 -4 -2 -2 -3 10 -4 -5 -4 -4 -5 -4 -3    1   0   0   0   0  14   7   0   0   0   0   1  78   0   0   0   0   0   0   0  2.19 0.59
  382 A    7 -4 -4 -5 -3 -4 -4 -3 -5 -4 -4 -4 -4 -5 -4 -1 -2 -6 -5 -3   98   0   0   0   0   0   0   0   0   0   0   0   0   0   0   2   0   0   0   0  1.78 0.51
  383 L   -4 -5 -6 -6 -4 -4 -5 -6 -5  3  6 -5  2 -2 -5 -5 -3 -4 -3 -1    0   0   0   0   0   0   0   0   0  17  78   0   4   0   0   0   0   0   0   1  1.28 0.36
  384 L   -4 -5 -5 -6 -3 -4 -4 -6 -5  4  5 -5  1  0 -5 -5 -3 -4 -2 -1    0   0   0   0   0   0   1   0   0  25  68   0   3   3   0   0   0   0   0   0  1.12 0.33
  385 K    3 -2 -1  0  4 -2 -1 -1 -2 -1  0  1  2 -3 -3  1 -1 -3  0 -2   31   0   2   6  10   0   1   2   0   2  10  11   7   0   0  11   3   0   4   0  0.24 0.16
  386 L   -1 -2 -2 -2 -3 -1 -1 -3  0  0  3  1  3 -1 -3  0  1 -3 -1 -1    3   1   1   2   0   1   4   0   3   2  40  11  10   1   0   6  11   0   2   2  0.28 0.17
  387 L   -2 -4 -5 -5  1 -4 -4 -5 -3  2  3 -4  1 -2 -4 -3 -1 -4 -3  4    2   0   0   0   3   0   0   0   0  10  36   0   2   0   0   1   3   0   0  42  0.73 0.25
  388 L   -4 -5 -6 -6 -4 -4 -5 -6 -5  1  6 -5  3 -1 -5 -5 -3 -4 -3 -1    0   0   0   0   0   0   0   0   0   6  84   0   8   0   0   0   0   0   0   2  1.36 0.38
  389 V    0 -4 -1 -3 -4 -3 -2  6 -4 -2 -2 -2 -3 -4 -4 -2 -1 -4 -5 -2    8   0   2   0   0   0   2  73   0   2   6   1   1   0   0   0   3   0   0   4  1.15 0.29
  390 G   -1 -1 -1 -2 -4 -2 -3  6 -3 -5 -5  0 -4 -4 -3 -1 -2 -4 -4 -4    0   4   0   0   0   0   0  87   0   0   0   7   0   0   0   3   0   0   0   0  1.24 0.16
  391 W   -3 -3 -3 -4 -3 -2 -3 -3  0 -2 -1 -3  1  2 -4 -3 -2 10  6 -2    0   0   0   0   0   0   0   0   0   0   0   0   9   0   0   0   0  51  40   0  1.47 0.07

                      K         Lambda
Standard Ungapped    0.1358     0.3204
Standard Gapped      0.0580     0.2670
PSI Ungapped         0.1893     0.3127
PSI Gapped           0.0580     0.2670
