
Last position-specific scoring matrix computed, weighted observed percentages rounded down, information per position, and relative weight of gapless real matches to pseudocounts
           A  R  N  D  C  Q  E  G  H  I  L  K  M  F  P  S  T  W  Y  V   A   R   N   D   C   Q   E   G   H   I   L   K   M   F   P   S   T   W   Y   V
    1 M   -3 -3 -4 -5 -3 -2 -4 -5 -3 -1  0 -3 10 -2 -4 -3 -3 -3 -3 -1    0   0   0   0   0   0   0   0   0   0   0   0 100   0   0   0   0   0   0   0  2.03 0.36
    2 A    6 -3 -3 -3 -2 -2 -2 -1 -3 -3 -3 -2 -2 -3  0  0  1 -4 -2 -2   88   0   0   0   0   0   0   1   0   0   0   0   0   0   3   0   7   0   1   0  0.92 0.23
    3 V   -1 -4 -4 -4  0 -2 -4 -3 -4  2 -1 -4 -1 -2 -4 -3 -1 -4 -3  6    3   0   0   0   2   1   0   1   0   5   0   0   0   0   0   0   0   0   0  88  0.97 0.23
    4 P   -3 -4 -4 -3 -5 -3 -3 -4 -4 -5 -5 -3 -4 -6  8 -3 -3 -6 -5 -4    0   0   0   0   0   0   0   0   0   0   0   0   0   0 100   0   0   0   0   0  2.76 0.34
    5 K   -2  2 -2 -2 -5  0 -1 -3 -2 -4 -4  7 -3 -5 -3 -2 -2 -5 -3 -4    0   5   0   0   0   0   0   0   0   0   0  95   0   0   0   0   0   0   0   0  1.39 0.28
    6 K   -2  2 -2 -2 -5  0 -1 -3 -2 -4 -4  7 -3 -5 -3 -2 -2 -5 -3 -4    0   9   0   0   0   0   0   0   0   0   0  91   0   0   0   0   0   0   0   0  1.32 0.27
    7 R   -2  6 -2 -3 -5  0 -1 -3  0 -4 -4  4 -3 -4 -3 -1 -2 -4 -3 -4    0  62   0   0   0   0   0   0   2   0   0  35   0   0   0   1   0   0   0   0  1.13 0.22
    8 K   -2 -1 -2 -3 -2  1 -2 -3 -3  0 -2  0  1 -3 -3  0  6 -4 -3 -1    0   3   0   0   0   6   0   0   0   5   1   4   5   0   0   0  75   0   0   2  0.80 0.22
    9 S    0 -2 -1 -2 -3 -2 -2 -2 -3 -4 -4 -2 -3 -4 -2  6  0 -4 -3 -3    0   0   0   0   0   0   0   0   0   0   0   0   0   0   0 100   0   0   0   0  1.31 0.30
   10 K   -1  1  1 -2 -3 -1 -1 -2 -1  2 -1  4  1 -3 -2 -1  0 -4 -3 -1    1   4   7   0   0   0   0   2   1  21   2  48   6   0   0   3   6   0   0   1  0.35 0.14
   11 S    3 -2 -1 -2 -2 -1 -2  0 -2 -3 -3 -2 -1 -3 -2  5  1 -4 -3 -2   24   0   0   0   0   1   0   3   0   0   1   0   2   0   0  65   3   0   0   0  0.68 0.19
   12 R   -2  3 -2 -2 -5  1 -1 -3 -2 -4 -4  6 -3 -5 -3 -2 -1 -4 -3 -4    0  13   0   0   0   3   0   0   0   0   0  82   0   0   0   0   2   0   0   0  1.15 0.24
   13 A   -1  4 -1 -2 -4  0 -1 -3 -2 -4 -3  5 -2 -4 -2  1  0 -4 -3 -3    2  31   1   0   0   0   0   0   0   0   0  48   0   0   0  10   7   0   0   0  0.72 0.17
   14 N   -2  5  3  3 -2  0 -1  0  0 -3 -3  1 -3 -4 -3 -1 -2 -4 -2 -3    0  42  19  20   1   0   0   5   2   1   1   6   0   0   0   1   0   0   1   0  0.59 0.15
   15 S   -1  0 -2 -3 -3  2 -2 -3  0  4  0  0  2 -2 -3  1  0 -3 -2  0    4   5   0   0   0  13   0   0   2  41   2   6   9   0   0  13   4   0   0   0  0.29 0.17
   16 Q   -3  7 -2 -3 -5  1 -2 -4  3 -5 -4  0 -3 -5 -4 -3 -3 -5 -3 -4    0  86   0   0   0   6   0   0   8   0   0   0   0   0   0   0   0   0   0   0  1.63 0.38
   17 N   -2  4  1 -2 -4  1 -1 -3  2 -4 -4  5 -3 -4 -3 -1 -2 -4  0 -4    2  23   7   0   0   2   0   0   6   0   0  53   0   0   0   2   0   0   4   0  0.78 0.24
   18 H    3 -1  4 -1 -2  0 -2 -1  2 -3 -3 -1 -2 -3 -2  1  0 -4 -1 -1   43   2  26   0   0   3   0   1   5   0   0   2   0   0   0   9   5   0   2   2  0.45 0.19
   19 V   -1 -2  1 -2 -2 -1 -2 -3  2  2  0 -2  0  1 -3 -1  2 -3  0  2    2   0   8   0   0   3   0   0   9  18   8   1   1   6   0   3  18   0   2  19  0.18 0.11
   20 W   -5 -5 -7 -7 -5 -5 -6 -5 -5 -5 -4 -6 -4 -2 -6 -6 -5 12  0 -6    0   0   0   0   0   0   0   0   0   0   0   0   0   0   0   0   0 100   0   0  4.27 0.64
   21 K   -2  2  0 -2 -4  1 -1 -3 -2 -2 -2  6  0 -2 -3 -2 -1 -4 -3 -3    0   7   3   0   0   4   0   0   0   2   4  75   2   2   0   0   2   0   0   0  0.94 0.29
   22 R   -1  4  1 -1 -4  1 -1  1  1 -1 -2  3 -2 -3 -3 -1 -2 -4 -3 -3    5  38   6   1   0   5   0  10   5   6   3  19   0   0   0   1   0   0   0   0  0.44 0.17
   23 E   -2  1 -1 -2 -5  2  1 -2 -2 -4 -4  6 -3 -5 -3 -2 -1 -4 -3 -3    0   2   2   0   0   7   9   2   0   0   0  74   0   0   0   0   3   0   0   1  1.02 0.32
   24 I    4 -3 -2 -3  0 -2 -3  4 -3 -1 -3 -2 -2 -4  0  0 -1 -4 -3 -1   51   0   0   0   2   0   0  31   0   4   0   0   0   0   3   3   3   0   0   4  0.61 0.22
   25 V    1 -1  0 -1 -2 -1 -2 -2  0 -1 -1 -1 -2  0 -3  0 -1 -1  5  0   15   2   6   3   0   2   1   1   1   2   7   4   0   2   0   9   1   0  36   6  0.34 0.17
   26 K   -2 -1 -1 -2 -2 -1 -1 -2 -2  0  1  2 -1  1 -3 -2  0  7  0  1    1   2   3   1   1   1   4   3   0   4  20  18   0   7   0   2   5  18   1  10  0.34 0.14
   27 Q    4 -1 -1 -2 -3  3  1 -2 -1 -2 -2  1 -2 -3 -2  0  0 -4 -3 -1   44   0   1   0   0  21  11   0   1   1   1   7   0   1   0   2   7   0   0   5  0.43 0.20
   28 A    6 -2 -3 -4 -2 -3 -3 -1 -3 -1 -3 -2 -3 -3 -3  0 -2 -4  0  0   82   2   0   0   0   0   0   1   0   2   0   0   0   0   0   4   0   0   3   6  0.98 0.33
   29 R   -2  1 -1 -1 -3  4  0 -3 -2  0  2  1  0 -1 -3 -1 -2 -3 -2  0    1   6   2   2   0  30   5   0   0   5  30   8   0   1   0   4   0   0   0   7  0.31 0.17
   30 R   -3  3  0 -2 -5  0 -1 -3 -2 -3 -3  6 -3 -1 -3 -2 -2 -4 -3 -3    0  15   3   0   0   1   2   0   0   1   2  72   0   3   0   0   0   0   0   1  1.06 0.32
   31 A    6 -3 -3 -4  1 -3 -3 -2 -4 -3 -3 -3 -3 -4 -3  1 -2 -5 -4 -2   91   0   0   0   3   0   0   0   0   0   0   0   0   0   0   6   0   0   0   0  1.27 0.38
   32 V   -3 -4 -5 -5 -3 -4 -4 -5 -3  1  4 -4  2  5 -4 -4 -3 -2  0  1    0   0   0   0   0   0   0   0   0   4  45   0   7  35   0   0   0   0   1   8  0.82 0.24
   33 S    0 -3 -1 -2 -3 -2 -2 -1 -3 -4 -4 -2 -3 -4 -3  6  1 -5 -4 -3    2   0   0   0   0   0   0   4   0   0   1   0   0   0   0  86   8   0   0   0  1.23 0.39
   34 L   -2 -3 -5 -5 -3 -2 -4 -5 -4  2  5 -2  0 -1 -4 -3 -2 -3 -3  0    1   0   0   0   0   1   0   0   0  11  80   4   0   0   0   1   1   0   0   1  0.94 0.29
   35 A    4 -4 -2 -3 -3 -3 -3  5 -3 -4 -4 -3 -3 -4 -3  0 -2 -4 -4 -3   45   0   0   0   0   0   0  53   0   0   0   0   0   0   0   2   0   0   0   0  1.10 0.30
   36 K   -3  1 -1 -2 -5  1  0 -4 -3 -5 -4  7 -3 -5 -3 -2 -3 -5 -4 -4    0   5   2   1   0   5   3   0   0   0   0  85   0   0   0   0   0   0   0   0  1.39 0.38
   37 A    1 -3 -2 -2  0 -2 -2 -2 -3 -4 -4 -2 -3 -4 -3  6  0 -5 -4 -3   11   0   0   0   2   0   0   0   0   0   0   0   0   0   0  84   4   0   0   0  1.21 0.39
   38 L   -2 -4 -5 -5 -2 -4 -4 -5 -4  4  3 -4  1  0 -4 -3 -2 -4 -2  4    0   0   0   0   0   0   0   0   0  29  28   0   2   3   0   0   0   0   0  38  0.74 0.23
   39 L   -1 -3 -3 -3  0 -3 -2 -3 -3  0  4 -3  0  1 -3  3 -1 -3  0 -1    2   0   0   0   2   0   1   0   0   3  50   0   0   6   0  30   2   0   3   0  0.47 0.23
   40 G   -1 -1  2 -2 -3 -1 -1 -2 -3 -3 -3 -1 -3 -1 -3  3  5 -4 -2 -2    1   2   8   1   0   1   3   2   0   0   0   2   0   2   0  22  57   0   0   0  0.77 0.29
   41 G   -1 -1  1 -2 -4 -2 -3  6 -3 -5 -5  0 -4 -5 -4 -2 -2 -4 -5 -5    2   3   5   1   0   1   1  79   0   0   0   5   0   0   0   1   1   0   0   0  1.34 0.33
   42 N   -3  4  4 -1 -4  0 -1 -3  2 -4 -2  3 -3 -3 -3 -1 -2 -4 -2 -4    0  31  29   1   0   3   1   0   4   0   3  23   0   1   0   2   1   0   1   0  0.69 0.24
   43 T    2 -2  0 -2 -2 -1 -2 -1 -3 -3 -1 -2 -2 -4 -2  5  1 -4 -3 -3   14   0   4   0   0   2   0   2   0   0   6   0   0   0   1  63   7   0   0   0  0.69 0.28
   44 N   -2  0  3 -1 -4  1 -1 -1  0 -4 -4  5 -3 -3 -3  1  2 -4 -3 -3    0   2  14   1   0   5   1   3   2   0   0  45   0   1   0   7  19   0   0   0  0.58 0.23
   45 F   -1 -2 -1 -2 -1 -2 -2  2 -2 -2 -2  0 -2  3 -3  4  0 -3 -1 -2    0   0   1   0   1   0   0  19   0   1   1   7   0  15   0  47   4   0   2   3  0.47 0.23
   46 L   -4 -4 -1 -5 -4 -5 -4 -5 -3  1 -1 -5 -2  8 -5 -4 -2 -1  1  1    0   0   4   0   0   0   1   0   0   6   3   0   0  74   0   0   2   0   0  10  1.37 0.36
   47 L   -2 -3 -4 -4 -2 -3 -2 -4 -2  1  0 -2  0  5 -4 -2 -2  0  5  2    1   0   0   0   1   0   2   0   0   9   5   2   2  30   0   2   0   1  29  18  0.70 0.23
   48 V   -2 -3 -4 -4  1 -3 -3 -4 -1 -1  1 -3 -1  1  3 -2 -1 -1  6  2    0   1   0   0   4   0   0   0   0   0  13   0   1   4  15   2   2   0  37  21  0.65 0.23
   49 S    0 -1  1 -1 -2  2  1 -2 -1 -1 -2  0 -1 -1  2  2  2 -3 -2 -1    4   2   8   1   0  15   7   1   0   4   2   2   1   3  13  19  16   0   0   2  0.25 0.11
   50 P    0 -1 -1 -1 -3  2  0 -2 -2 -2 -2  2 -1 -2  4  0  2 -4 -3 -1    5   0   0   3   0  12   3   0   0   2   1  21   1   1  25   4  19   0   0   3  0.44 0.14
   51 G    0 -1  2  3 -3  1  2  1  0 -3 -3  0 -2 -3 -2  1  2 -4 -3 -3    4   2  10  21   0   7  15  11   2   0   1   3   0   0   0   8  16   0   0   0  0.32 0.10
   52 P    0 -1  0  2 -3  0  4 -2 -2 -1 -2  0 -1 -3  3  1  0 -4 -3 -1    5   0   2   9   0   2  37   2   0   6   0   1   2   0  13  10   3   0   0   5  0.36 0.11
   53 T    0 -1  4  2 -2 -1  0 -2 -1 -1 -3  0 -2 -3 -1  1  2 -4 -3  0    4   0  35   9   0   0   6   0   0   2   0   5   0   0   3  10  16   0   0   9  0.34 0.11
   54 T    1 -1 -1  2 -2  1  1  0 -2 -2 -2  1 -2 -3  0  1  3 -3 -2 -2   16   0   0  12   0   6   6   7   0   0   0   8   0   0   3   8  30   0   0   0  0.25 0.08
   55 P   -2 -2  1  5 -4 -1  2 -1 -2 -4 -4  0 -3 -4  1  1 -1 -5 -3 -4    0   0   7  56   0   0  12   4   0   0   0   4   0   0   8   9   0   0   0   0  0.75 0.14
   56 I   -1 -2 -3 -2 -2 -2  0  0 -3  3  2 -2  1 -1 -3 -2 -1 -3 -2  2    0   0   0   0   0   0  11   8   0  35  21   0   0   0   0   0   0   0   0  24  0.20 0.03
   57 K    0  0  2  2 -2  1  2 -1 -1 -3 -3  2 -2 -3 -1  3  0 -3 -2 -2    0   0  10  10   0   0  24   0   0   0   0  17   0   0   0  39   0   0   0   0  0.37 0.03
   58 P   -1 -1 -1 -2 -2 -1 -1 -2 -2  1  1  1  0 -1  4  1  0 -3 -2  0    0   0   0   0   0   0   0   0   0  19  21  18   0   0  24  18   0   0   0   0  0.27 0.01
   59 N   -2 -1  5  0 -3  0 -1 -1  4  0 -2 -1 -1 -2 -2  0 -1 -3 -1 -1    0   0  64   0   0   0   0   0  18  18   0   0   0   0   0   0   0   0   0   0  0.43 0.03
   60 P    0 -1 -1 -1 -3 -1 -1 -2 -2 -3 -3  1 -2 -3  6  1  0 -4 -3 -2    0   0   0   0   0   0   0   0   0   0   0  18   0   0  61  21   0   0   0   0  1.12 0.03
   61 K    0  4  0 -1 -3  1  0 -2 -1 -3 -2  3 -2 -3 -2  2  0 -3 -2 -2    0  45   0   0   0   0   0   0   0   0   0  30   0   0   0  26   0   0   0   0  0.44 0.01
   62 K   -1  0 -1  0 -3  1  3 -2 -1  1 -1  2  0 -2 -2 -1 -1 -3 -2  0    0   0   0   0   0   0  32   0   0  33   0  35   0   0   0   0   0   0   0   0  0.20 0.01
   63 Q    0  0 -1 -1 -2  3  0 -2 -1 -1  1  0  0 -1 -2  2  0 -2 -1 -1    0   0   0   0   0  35   0   0   0   0  33   0   0   0   0  32   0   0   0   0  0.18 0.01
   64 T   -1 -1  3  0 -1 -1 -1 -2 -1  0 -1 -1 -1 -2 -2  0  3 -3 -2  2    0   0  33   0   0   0   0   0   0   0   0   0   0   0   0   0  35   0   0  32  0.22 0.01
   65 G    0 -2  0 -1 -2 -1 -1  5 -2 -3 -3 -1 -2 -3 -2  2  0 -3 -3 -3    0   0   0   0   0   0   0  68   0   0   0   0   0   0   0  32   0   0   0   0  0.68 0.01
   66 R   -1  3 -1  0 -3  1  2 -3 -1  1 -1  1  0 -2 -2 -1 -1 -3 -2  0    0  35   0   0   0   0  33   0   0  32   0   0   0   0   0   0   0   0   0   0  0.23 0.01
   67 R   -1  5 -1 -2 -3  0 -1  3 -1 -3 -3  1 -2 -3 -2 -1 -1 -3 -2 -3    0  67   0   0   0   0   0  33   0   0   0   0   0   0   0   0   0   0   0   0  0.55 0.01
   68 P   -1  0 -1 -1 -3  4  1 -2 -1 -3 -3  0 -1 -4  6  0 -1 -3 -2 -2    0   0   0   0   0  50   0   0   0   0   0   0   0   0  50   0   0   0   0   0  0.97 0.00
   69 R   -2  4  4  0 -3  1  0 -1  0 -3 -3  1 -2 -3 -2  0 -1 -3 -2 -3    0  50  50   0   0   0   0   0   0   0   0   0   0   0   0   0   0   0   0   0  0.52 0.00
   70 S    0  0  0  1 -2  1  4 -1 -1 -3 -3  0 -2 -3 -1  3  0 -3 -2 -2    0   0   0   0   0   0  50   0   0   0   0   0   0   0   0  50   0   0   0   0  0.43 0.00
   71 Q   -1  2  0 -1 -3  4  1 -2  0 -3 -2  3 -1 -3 -1  0 -1 -3 -2 -2    0   0   0   0   0  50   0   0   0   0   0  50   0   0   0   0   0   0   0   0  0.49 0.00
   72 R   -1  4  0 -1 -3  1  0 -2 -1 -3 -2  4 -1 -3 -2 -1 -1 -3 -2 -3    0  50   0   0   0   0   0   0   0   0   0  50   0   0   0   0   0   0   0   0  0.56 0.00
   73 R   -2  6  0 -2 -4  1  0 -2  0 -3 -2  2 -1 -3 -2 -1 -1 -3 -2 -3    0 100   0   0   0   0   0   0   0   0   0   0   0   0   0   0   0   0   0   0  0.75 0.00
   74 R   -1  5  0 -2 -3  1  0 -2  0 -3 -2  2 -1 -3 -2 -1 -1 -3 -2 -2    0   0   0   0   0   0   0   0   0   0   0   0   0   0   0   0   0   0   0   0  0.00     0.00
   75 T    0 -1  0 -1 -1 -1 -1 -2 -2 -1 -1 -1 -1 -2 -1  1  4 -2 -2  0    0   0   0   0   0   0   0   0   0   0   0   0   0   0   0   0   0   0   0   0  0.00     0.00

                      K         Lambda
Standard Ungapped    0.1265     0.3138
Standard Gapped      0.0392     0.2670
PSI Ungapped         0.1287     0.3020
PSI Gapped           0.0392     0.2670
