
Last position-specific scoring matrix computed, weighted observed percentages rounded down, information per position, and relative weight of gapless real matches to pseudocounts
           A  R  N  D  C  Q  E  G  H  I  L  K  M  F  P  S  T  W  Y  V   A   R   N   D   C   Q   E   G   H   I   L   K   M   F   P   S   T   W   Y   V
    1 M   -4 -5 -5 -6 -5 -4 -5 -6 -5 -2 -1 -5 10 -3 -6 -5 -4 -5 -4  1    0   0   0   0   0   0   0   0   0   0   0   0  90   0   0   0   0   0   0  10  2.59 0.77
    2 T    0 -3 -2  0 -3 -2  0  0 -3 -3 -4 -1 -3 -4 -1  2  5 -5 -4  0    8   0   0   5   0   0   7   5   0   0   0   2   0   0   2  19  46   0   0   5  0.62 0.35
    3 Q    0 -1 -1 -1 -4  5  3 -2 -2 -3 -3  3 -3 -4 -3  0  0 -4 -3 -1    6   0   2   2   0  28  22   1   0   0   1  21   0   0   0   4   6   0   0   6  0.58 0.33
    4 D   -3 -4 -2  8 -7 -2  2 -5 -4 -6 -7  0 -6 -7 -5 -3 -4 -7 -6 -6    2   0   0  80   0   1  12   0   0   0   0   5   0   0   0   0   0   0   0   0  2.01 0.73
    5 V    0 -4 -2 -4 -3 -1 -1 -5 -5  2 -1 -2  2 -3 -4 -2  1 -5 -4  5    8   0   1   0   0   2   3   0   0   8   4   2   4   0   0   2   7   0   0  57  0.75 0.42
    6 E    0 -3 -1  1 -5  1  5 -3 -1 -4 -4  1  2 -5  0 -1  0 -5 -4 -3    8   0   2   5   0   5  51   1   1   0   1   7   5   0   4   2   6   0   0   2  0.77 0.43
    7 M   -1 -5 -2 -3 -5 -3 -1 -5 -5  1 -1  0  9 -4 -2 -3 -4 -5 -3  0    5   0   2   1   0   0   5   1   0   7   1   5  62   0   2   1   0   0   1   6  1.59 0.72
    8 K    0 -1  1  1 -4  0  1 -1 -2 -2 -4  5 -1 -5 -1  0  0 -5 -4 -1    7   1   8   9   0   3   9   4   0   2   0  39   2   0   2   6   4   0   0   4  0.47 0.32
    9 E   -2 -2 -1  5 -5  0  4 -1 -2 -2 -4 -1 -4 -4  0  0 -3 -5 -4 -2    3   1   2  30   0   4  33   4   1   3   1   3   0   1   5   6   0   0   0   3  0.71 0.39
   10 V    2 -2 -1  1 -3  0  2 -2 -1 -1 -1  0 -1 -3  0  1  1 -4 -3  1   21   0   3   7   0   3  16   2   1   3   3   5   1   0   4   8   7   0   0  14  0.18 0.17
   11 P    0 -2  0  3 -2  0  2 -2  0 -1 -3 -1 -2 -4  3  1  1 -4 -3 -1   10   0   4  16   1   3  16   3   2   4   1   2   1   0  17   8   7   0   0   3  0.34 0.21
   12 A    2 -1  0  1 -3  2  1  0 -1 -2 -2  0 -1 -3  0  2  1 -4 -3 -1   20   1   3   7   0   9  10   5   1   1   4   7   2   0   4  14   7   0   0   5  0.20 0.18
   13 P    2 -2  1  1 -3  0  2  0 -2 -2 -2  1 -2 -4  2  0  1 -4 -3 -1   17   1   6   7   0   2  14   5   1   2   2   8   1   0  11   6  12   0   0   5  0.23 0.18
   14 A    1 -2  1  2 -3  0  1  0 -2 -3 -3  1 -2 -3  2  1  1 -4 -3 -2   14   0   7  11   0   4   9   7   0   1   1  10   1   1   9  11  11   0   0   2  0.24 0.19
   15 P    1 -2 -1  1 -4  2  2  0 -3 -3 -3  0 -2 -4  4  0  1 -4 -4 -2   11   0   2   8   0  11  14   8   0   1   2   6   1   0  20   4   9   0   0   3  0.39 0.26
   16 S    2 -2  0  0 -3  1  3 -1 -3 -1 -3  0 -1 -4  1  2  1 -4 -3  0   18   0   3   3   0   5  22   4   0   3   0   5   1   0   6  14   8   0   0   7  0.28 0.24
   17 N    0 -1  2  2 -4  1  2 -1 -1 -3 -3  2 -3 -4  0  1  0 -4 -2 -1    7   1  10  12   0   6  15   3   1   0   1  14   0   0   5  11   6   0   1   6  0.27 0.21
   18 S    1 -1  0  1 -1  0  3 -1 -2 -2 -2  2 -2 -4 -1  2  0 -4 -2 -2   12   1   3   8   1   4  20   3   0   2   5  14   0   0   3  15   4   0   1   3  0.24 0.20
   19 V   -1 -1  0 -1 -3  1  1 -1 -2  0 -1  2 -2 -3  1  0  0 -4 -1  2    4   2   4   3   0   5  11   3   0   4   6  16   0   0   7   8   4   0   2  22  0.15 0.17
   20 T    0  0  0  0 -1  0  2 -1 -2 -2 -3  2 -2 -3  2  0  1 -4 -3  0    8   5   4   5   1   2  13   4   0   2   1  18   0   1   9   5  12   0   0   9  0.20 0.18
   21 A    0 -2  0  3 -1  0  2 -2 -2 -2 -2 -1 -3 -3  2  1  0 -4  1  0    9   1   3  19   1   3  14   2   1   1   3   3   0   1   9  13   3   0   5   9  0.24 0.20
   22 A    2 -2 -2  0 -3 -1  2 -3 -2 -1 -1  2 -2 -4  2 -1  1 -4 -3  1   22   0   1   4   0   2  15   1   0   3   4  12   0   0  12   3   8   0   0  11  0.29 0.24
   23 T    0 -1 -1  3 -2 -1  2 -2 -1 -1 -3  0 -1 -2  3  0  1 -4 -3  0    9   2   2  20   1   1  13   2   2   2   2   5   2   2  16   4   8   0   0   8  0.31 0.22
   24 P    1  0 -2  0 -3  0  1 -3 -1 -1 -1  1 -1 -3  4  0 -1 -4 -3  0   12   5   1   6   0   4  11   0   1   3   8   9   1   0  21   8   4   0   0   6  0.31 0.21
   25 S    0 -1 -1  1 -3  1  0 -2 -3 -1  0  1 -2 -3  0  2  2 -4 -3 -1    9   1   2   7   0   7   4   2   0   4  12  10   0   0   4  20  15   0   0   4  0.18 0.19
   26 T    1 -2 -2 -3 -3 -2 -3 -4 -4  1  1 -2 -2  0  2  0  4 -4 -3  2   10   1   2   1   0   1   1   0   0   7  11   1   0   3   9   5  29   0   0  18  0.36 0.27
   27 L   -2 -4 -4 -5 -3 -3 -3 -5 -4  2  4 -3  1  0 -2 -3 -2 -4  0  3    2   0   1   0   0   0   2   1   0  10  42   1   2   3   2   2   1   0   3  26  0.63 0.34
   28 Q    1 -2  0  0 -2  3  3 -2  2 -3 -2  0 -3 -3 -1  1 -1 -5 -3 -1   14   0   4   5   1  16  25   1   5   1   3   5   0   1   2  11   2   0   0   4  0.38 0.28
   29 H   -2 -2  1  4 -5  0  4 -3  3 -3 -2 -1 -4 -5 -2 -1 -1 -5 -4 -2    2   2   7  28   0   3  29   1   8   1   4   2   0   0   2   4   3   0   0   4  0.66 0.37
   30 L   -4 -5 -6 -6 -4 -5 -4 -7 -6  6  4 -5  0 -1 -6 -5 -4 -5 -4  1    0   0   0   0   0   0   1   0   0  45  44   0   1   2   0   0   0   0   0   6  1.31 0.55
   31 K   -1  3 -1 -2  0  1  1 -4 -1 -1 -1  5  0 -3 -4 -3 -2 -5 -4 -2    5  17   2   1   2   6   8   0   1   4   7  38   2   1   0   0   1   0   0   3  0.57 0.35
   32 E    0  1  2  1 -4  1  3 -2  1 -2 -2  1 -3 -3 -3  1  0 -4  0 -3   10   6  10   7   0   6  24   2   3   2   3   6   0   0   0  12   5   0   3   1  0.29 0.22
   33 I   -1 -3  5 -3  3  3 -3 -3  4  1 -3 -3 -3 -3 -4  1 -1  0 -3  0    6   0  28   0   6  14   0   1   9  10   1   0   0   1   0  12   3   2   0   7  0.55 0.37
   34 A    2 -5 -5 -5  1 -4 -5 -5 -5  3  2 -4  1  4 -5 -3 -1 -4 -2  2   17   0   0   0   3   0   0   0   0  20  19   0   3  17   0   0   3   0   1  17  0.60 0.33
   35 S    1  2  0 -1 -3  1  0 -1  0 -2 -1  1 -2 -4 -2  2  1 -4 -2 -1   15  13   5   3   0   5   4   2   3   1   5  10   0   0   1  17  10   0   1   5  0.21 0.19
   36 L   -2 -2 -2 -2 -3  3 -1 -4  0  0  4 -3 -1  0 -5 -1 -2 -4  0 -1    3   2   2   2   0  13   4   1   2   3  53   0   1   3   0   4   2   0   3   2  0.59 0.37
   37 I   -4 -6 -6 -6 -4 -6 -6 -7 -6  6  4 -6 -2  0 -6 -5 -3 -5 -4  2    0   0   0   0   0   0   0   0   0  47  38   0   0   3   0   0   1   0   0  10  1.32 0.55
   38 E   -2 -1  1  2 -6  0  6 -3 -2 -5 -5  0 -2 -6 -4  0 -2 -2 -5 -2    3   2   6  11   0   2  55   1   1   0   0   5   1   0   0   7   2   1   0   3  1.02 0.51
   39 S   -1  4 -1 -2 -5  2 -2 -4 -3 -5 -4  5 -4 -3 -3 -1  1 -6 -5 -4    5  24   3   1   0   7   0   1   0   0   1  45   0   1   1   3   7   0   0   0  0.97 0.49
   40 G    5 -5 -4 -4 -1 -4 -4  4 -5 -5 -5 -4 -4 -5 -4  2  0 -6 -5 -2   48   0   0   0   1   0   0  26   0   0   0   0   0   0   0  16   6   0   0   3  1.02 0.52
   41 A    1 -5 -4 -5 -4 -3 -2 -3 -5  1 -3 -4 -3 -4 -4  1  0 -5 -4  6   12   0   0   0   0   1   2   2   0   5   0   0   0   0   0   9   6   0   0  60  1.00 0.50
   42 Y    1 -2 -1  0 -1  0  1 -2 -2 -1  0  0  0 -1 -1  2  1 -3  1  0   15   1   2   4   1   5  10   1   0   3   8   7   2   2   2  18   9   0   5   6  0.13 0.15
   43 A    0 -1  1 -1 -4  2 -1 -1  3 -3 -1 -1 -3 -4 -3  3  3 -4 -1 -3    6   3   5   3   0  11   3   5   7   1   5   3   0   0   0  21  24   0   2   0  0.37 0.29
   44 R   -2  1  1 -2 -4 -1 -2 -4 -3 -1  0  5 -1  3 -4  0 -2 -4 -1 -2    3   8   6   2   0   2   1   0   0   3  10  36   2  16   0   7   1   0   1   2  0.50 0.33
   45 E   -3 -4 -3  6 -7 -2  6 -1 -4 -7 -7 -4 -6 -7 -5 -4 -3 -7 -6 -6    2   0   0  41   0   1  50   4   0   0   0   0   0   0   0   0   1   0   0   0  1.71 0.73
   46 V    0 -3  1 -1 -4  0 -1 -3 -2 -1  0 -1  1 -4  5  1  0 -5 -1  1    7   0   7   2   0   5   4   1   0   3  10   2   4   0  28  11   4   0   2   9  0.45 0.29
   47 R   -4  8 -3 -6 -8 -1 -2 -6  1 -7 -5  1 -6 -4 -6 -5 -5 -7 -1 -7    1  78   1   0   0   2   2   0   3   0   1   8   0   1   0   0   0   0   3   0  2.11 0.84
   48 R   -3  1 -5 -6 -5 -3 -5 -4  0 -2  1  0 -3  6 -3 -4 -2 -3  4 -2    2   7   0   0   0   1   0   1   2   1  15   6   0  41   1   1   2   0  15   3  0.96 0.47
   49 I   -2 -5 -5 -5 -4 -3 -5 -5 -5  5 -1 -5  3 -2 -5 -1  3 -5 -4  3    3   0   0   0   0   1   0   0   0  35   3   0   9   1   0   4  22   0   0  22  0.92 0.48
   50 L    1 -3 -1 -3 -3  0 -3 -1  1  0  2 -3  0 -1 -2  1  1  4  0  0   13   0   3   0   0   4   0   4   5   6  25   0   2   2   2  13   9   6   3   5  0.22 0.22
   51 R   -5  8 -4 -5 -7 -3 -4 -6 -4 -6 -4  3 -5 -6 -5 -2 -5 -6 -5 -6    0  76   0   0   0   0   0   0   0   0   1  17   0   0   0   3   0   0   0   0  2.13 0.82
   52 A    4 -4 -4 -3 -3 -4 -4 -2 -5  0  0 -4  2 -4 -4  0 -1 -5 -4  4   34   0   0   1   0   0   0   3   0   3   7   0   6   0   0   5   2   0   0  36  0.73 0.43
   53 V   -4 -5 -2 -6  0 -5 -6 -6 -5  1  5 -5  1  2 -6 -3 -3 -5 -4  2    0   0   2   0   2   0   0   0   0   7  63   0   3   7   0   2   1   0   0  11  1.06 0.50
   54 R   -5  8 -4 -5 -7  0 -4 -6  1 -3 -4  2 -5 -6 -6 -4 -5 -3 -5 -6    0  80   0   0   0   3   0   0   3   2   1   9   0   0   0   1   0   1   0   0  2.16 0.84
   55 L    0  0  0  0  0  2  0 -1  1 -3  0 -2  0 -1 -3  3  1 -4 -1 -2    7   4   4   6   2  10   5   4   4   0  12   0   3   2   0  24  10   0   2   1  0.21 0.25
   56 T   -4 -5 -3 -6  0 -5 -5 -6 -3  3  4 -5  1  3 -5 -4  3 -2  0  0    0   0   1   0   2   0   0   0   1  20  35   0   3  11   0   0  20   1   3   4  0.78 0.45
   57 I    0 -2 -1 -3 -2 -1 -3 -1 -1 -2 -2  2  2 -2  3  3  1 -5 -4 -1    7   2   3   0   1   1   0   5   2   2   2  12   7   2  17  22  10   0   0   4  0.37 0.31
   58 A    1 -1  1 -2 -1 -1 -2 -1 -1 -2 -3  1 -2 -3  0  3  2 -1 -2 -1   13   3   7   1   2   1   1   3   2   2   2  10   1   1   5  30  12   1   2   4  0.33 0.29
   59 L   -2 -4 -4 -5  0 -4 -4 -5 -5  3  4 -3  2  0 -4 -3  2 -1 -3  1    3   0   0   0   2   0   0   0   0  13  45   1   5   4   0   1  15   1   0   7  0.70 0.39
   60 R   -5  8 -4 -5 -1 -3 -4 -5 -4 -6 -6  1 -5 -6 -5 -1 -5 -6 -5 -6    0  83   0   0   2   0   0   0   0   0   1   6   0   0   0   5   0   0   0   0  2.26 0.89
   61 K   -2  5 -1 -4 -6 -1 -3 -4  1 -5 -3  6 -4 -6 -3 -1 -1 -6 -5 -5    3  31   2   0   0   1   0   1   4   0   3  45   0   0   1   4   5   0   0   0  1.19 0.60
   62 K   -2  4  0 -2 -1  2 -1 -4  3 -3 -2  5 -4 -3 -4 -1 -1 -1 -2 -5    2  23   4   1   1  10   2   0   7   2   4  32   0   1   0   5   4   1   1   0  0.71 0.45
   63 L   -3 -5 -6 -3  1 -5 -5 -6 -2  2  5 -5  1 -1 -3 -4 -2 -1  1  0    1   0   0   1   2   0   0   0   1   9  65   0   2   2   1   1   2   1   4   6  1.07 0.56
   64 N   -1 -2  5  1 -5 -1 -1 -2 -2 -5 -3  2 -4 -5 -3  1  3 -6 -5 -3    4   1  30   8   0   2   2   2   1   0   3  13   0   0   1  11  20   0   0   2  0.68 0.47
   65 A    3 -2  0  1 -1 -1 -1  0  1 -3 -1  0 -1 -2  3  0 -1 -4 -2 -1   25   2   4   9   1   3   4   6   3   1   6   5   2   2  17   6   3   0   1   3  0.27 0.24
   66 S   -1  0  2  2 -4  1  2 -2  2 -2 -3  1 -3 -4  1  1 -1 -4 -1 -1    3   4  10  14   0   7  15   2   5   3   2   7   0   0   6  11   3   0   2   6  0.27 0.24
   67 V   -1 -4 -1 -1 -2 -2 -2 -4  2  3  0 -2 -1 -2 -3 -1  0 -5 -3  5    5   0   3   4   1   2   2   1   6  14   7   2   1   2   1   5   6   0   0  40  0.49 0.36
   68 V   -3 -5 -6 -6 -5 -5 -6 -6  0  2  6 -6  0  0 -6 -5 -3 -5 -4  1    2   0   0   0   0   0   0   0   3   9  70   0   2   3   0   0   1   0   0   9  1.30 0.63
   69 N    1  2 -1 -1  0  0 -1 -1  0 -1 -1  1 -2 -1 -1  1 -1  1  0  0   16  16   2   2   2   4   2   3   2   4   6   8   0   3   2  13   3   2   3   8  0.11 0.15
   70 A    1  0  0  0  0  2  0 -1 -1 -2 -1  2 -2 -2 -3  1  0 -4 -1 -2   13   3   5   5   2  12   6   4   1   2   7  16   0   2   0  13   5   0   2   1  0.19 0.22
   71 F    2 -4 -2 -5 -3 -4 -4 -3 -1  2  2 -3 -2  3 -4 -2 -1 -4  0  2   21   0   2   0   0   0   0   2   1  13  22   2   0  16   0   1   3   0   2  15  0.45 0.34
   72 L    0 -5 -5 -5 -4 -5 -3 -5 -5  5  3 -5  0 -1 -5 -2 -2  0  0  3    7   0   0   0   0   0   2   0   0  36  23   0   1   2   0   2   2   1   3  21  0.79 0.45
   73 N    1  0  2  0  0  2  0 -2  1 -1 -2  1 -2 -4 -1  1  1  0 -3 -1   11   5  12   5   2   9   6   1   3   3   4  11   1   0   2   8  10   2   0   5  0.15 0.17
   74 F    0 -1  0  0 -3  1  2  1  0 -1 -2  0 -1  1 -3  1  0 -3  0  0    5   2   5   3   0   7  16  12   3   4   2   6   2   7   0   9   7   0   4   6  0.12 0.15
   75 S    1 -3 -1 -3 -1  0 -3 -2  1  1  0 -2 -1  2 -2 -1  2 -2  3  1   13   0   2   1   1   5   0   3   4   7  10   1   1   9   1   3  16   0  12  10  0.21 0.23
   76 L   -2 -5 -5 -6 -5 -5 -5 -6 -1  0  4 -5  0  4 -3 -2 -2  1  6 -1    3   0   0   0   0   0   0   0   1   4  35   0   2  17   2   2   2   2  27   3  0.97 0.54
   77 V   -1 -3 -2 -3 -5 -1 -4 -2  0 -3  0 -1 -1  1  6  2  1  0 -1 -1    3   1   1   1   0   2   0   4   2   1   8   3   1   7  36  14   9   1   2   4  0.67 0.44
   78 P    1 -1  1  1 -4 -1  0 -1  0 -2 -3  1 -3 -3  4  2 -1 -4 -1 -3   12   3   7   6   0   2   6   4   2   2   1  10   0   1  19  16   3   0   2   1  0.34 0.26
   79 G    0  0  1  0  2  1  0  0  2 -2 -1  0  1  0  1  0  0 -3 -2 -1    6   6   6   6   6   6   6   6   6   0   6   6   6   6   6   6   6   0   0   6  0.05 0.10
   80 S    1 -4  3  0  0 -2 -2  0  1 -2 -4 -2 -4 -4  0  4 -1 -5  0 -3    9   0  15   5   2   1   2   5   3   3   1   2   0   0   5  38   3   0   4   2  0.54 0.44
   81 E    1 -2  0  1 -4  1  3 -3  0 -3 -3  0 -2 -5  3  1  0 -5 -4 -1   14   1   5   8   0   6  18   0   3   1   2   6   1   0  18   9   5   0   0   4  0.38 0.31
   82 V    1  0 -1 -2  2  0  0 -1 -1  1  0 -1  0  1 -1  0  1 -3 -1  1   11   7   2   1   4   3   6   3   2  10   6   2   1   6   3   7  12   0   2  10  0.05 0.10
   83 H    1  3 -1 -1 -4  0 -1 -2  2 -2 -2  3 -3 -1 -2 -1 -2 -4  1 -1   14  20   2   2   0   3   4   3   4   2   4  23   0   2   2   3   1   0   4   5  0.32 0.28
   84 A    0  0  1  2 -3  1  1  0 -2 -2 -2  1 -1 -3 -1  1  0 -4 -1  0    9   3   6  12   0   7  11   7   0   2   2  10   1   0   2  11   7   0   2   6  0.17 0.17
   85 R    0  1  1 -1 -3  2 -1 -1  1 -1 -1 -1 -1  1  0  0  0 -2  2 -1   10  10   8   2   0  10   3   4   3   4   7   3   1   8   4   7   4   0   9   2  0.09 0.14
   86 L   -2 -2 -5 -6 -4 -2 -3 -6 -5  1  6 -5  0  2 -2 -3 -4 -4 -4  0    3   2   0   0   0   2   2   0   0   5  67   0   1   7   2   2   0   0   0   5  1.08 0.59
   87 A   -1 -2 -2 -2  0 -2  0 -3 -1  0  4 -1  1 -1 -2  0  0  1 -2  0    4   1   2   2   2   1   6   1   1   5  43   4   4   2   2   8   4   2   1   5  0.33 0.29
   88 S    2  0  0 -1 -2  0  1 -1 -3 -2 -1  2 -3 -4  1  2  0 -4 -4 -1   21   4   3   2   1   3  11   3   0   2   7  12   0   0   6  17   4   0   0   4  0.23 0.25
   89 Y    1 -3 -2 -4 -4 -1 -3 -4  2  0  1 -4  1  4 -1 -1 -1  4  4 -1   11   1   2   0   0   3   1   0   4   5  14   0   3  18   3   5   4   5  17   3  0.45 0.33
   90 L   -3 -3 -3 -3 -1 -2 -2 -3 -5  3  4 -3  0  0 -1 -3 -2 -4 -3  2    1   1   1   1   1   2   3   2   0  19  39   2   1   3   4   2   2   0   0  15  0.53 0.36
   91 P    0 -2  2  1 -4  0  2  2  0 -3 -3  0 -4 -4  4  0 -1 -4 -2 -3    7   1   9   9   0   3  13  14   2   2   2   5   0   0  19   8   3   0   2   2  0.37 0.28
   92 K   -1  1  0  1 -3  2  2 -1  1 -1 -2  2  0 -1  1 -1  0 -3 -1 -1    4   9   4   7   0   8  14   5   3   3   4  12   4   2   6   3   5   0   2   4  0.14 0.14
   93 E    0 -3  0  1 -4  1  3 -2 -3 -3 -3  0 -3 -1  3  1  0 -4  1 -2    8   0   4   9   0   7  21   2   0   1   2   5   0   2  13   9   6   0   5   3  0.33 0.29
   94 D    0 -2  1  3 -3 -1  1  0 -1 -2 -2  0  2 -2  2  1  0 -4 -2 -2    6   1   8  16   0   2   8   7   1   2   3   6   6   1  10  14   5   0   1   2  0.22 0.21
   95 E    0  0  0  3 -4 -1  3  0  0 -3 -3  0 -4 -5  0  2  0 -5 -4 -3    7   4   4  18   0   1  19   6   2   2   2   6   0   0   5  17   5   0   0   1  0.37 0.31
   96 H    1 -2  0 -1 -1  0  0  0  3 -1 -1 -1  1  0  0  2  1 -3 -1 -1   11   1   5   3   1   3   5   7   8   3   5   2   5   4   5  15  11   0   1   4  0.11 0.15
   97 D    0  0  1  4 -4 -1  3 -1 -3 -2 -4 -1 -1 -4  1  0  1 -5 -2 -4    9   4   6  21   0   2  19   4   0   2   1   2   2   0   8   7  11   0   1   0  0.40 0.31
   98 M    0 -2  1 -1  1  1  2 -1  0 -1  0  0  5 -1 -3 -1  0 -4 -3  0    8   0   6   3   4   7  13   4   3   4   6   6  21   2   0   4   4   0   0   6  0.26 0.27
   99 E    0 -2  1  4 -4  1  4  0  0 -4 -2  0 -3 -2 -1  0 -1 -4 -4 -3    6   0   7  21   0   7  25   6   2   0   4   5   0   2   3   7   3   0   0   2  0.43 0.32
  100 V   -1 -3  0 -1  0 -3 -1 -2 -3  3  0 -1  1 -1  0 -1  0 -4  0  3    5   0   6   4   2   0   5   3   0  18   8   3   3   2   4   4   6   0   3  25  0.21 0.21
  101 D   -2  0  1  5 -5  1  1 -4 -4 -2 -2 -1 -4 -5  0 -1 -1 -5 -5 -1    4   4   6  40   0   7   8   0   0   3   5   3   0   0   5   5   3   0   0   5  0.64 0.43
  102 T    0 -2  0  0  1  0  0  0  0  0 -1  0  1  1  0  2  1 -3  0 -1    9   0   4   6   3   3   4   5   3   5   5   5   4   6   5  17   8   0   3   5  0.07 0.12
  103 A    1  0  0  0  1  0  0 -1  1 -2 -2  0  0  1  2  1  0 -3  0 -1   11   6   3   5   4   5   5   5   3   0   4   4   4   6  10  13   7   0   3   3  0.10 0.14
  104 M    0  0 -1  0 -1  0  0 -2 -1 -1  0  1  0  1  1  0  1 -3  0 -1   10   4   3   4   1   5   4   1   1   3   8  11   3   6   8   8  12   0   4   3  0.09 0.12
  105 S    0  1  1  0 -4  1 -1 -1 -1 -2 -3  0 -3 -4  3  2  1 -4 -1 -1    8   8   8   6   0   5   3   5   2   2   1   5   0   0  17  16   7   0   3   4  0.29 0.26
  106 A    2  1  0  0 -3  0  0  0 -2 -1 -2  1 -2 -3  1  1  1 -4 -3  0   20   9   4   4   0   4   6   6   1   5   2   8   1   0   6   9   9   0   0   5  0.16 0.18
  107 T    1 -1  0 -1 -1  1  0  0 -1 -2 -2  2 -3 -2  1  1  2 -4 -3 -1   13   3   5   2   1   6   7   7   1   2   2  12   0   1   8  11  15   0   0   4  0.19 0.21
  108 T    0  0  0  1 -3  2  1  0 -2 -3 -3  2 -2 -2  0  1  1 -4 -1  0    6   4   4   8   0   8  10   6   0   0   2  14   0   2   3  13   7   0   2   9  0.17 0.19
  109 T    1  0 -1  1 -1  0  0  0 -1 -1 -2  2 -2 -2  1  1  1 -4 -2  0   12   5   2   7   1   2   5   8   1   2   2  13   0   2   7  10   9   0   1  10  0.12 0.14
  110 L    1 -1 -1 -1 -1  0  0 -2 -1  0 -1  0  0 -2  3  1  1 -3 -1  0   14   3   3   4   2   4   7   2   1   5   6   5   2   2  14  10   9   0   2   6  0.14 0.14
  111 A    1 -1 -1 -1 -3  1  0 -1  0 -1 -1  1 -1 -2  2  1  1 -3  0 -1   14   2   2   4   0   8   4   3   2   4   5  12   1   1  12  12   9   0   4   2  0.16 0.18
  112 K    1 -1 -1  0 -3  2  0 -1 -1 -1 -1  3 -1 -1  1  0  0 -4 -3 -1   10   2   3   5   0  10   5   4   1   4   5  22   2   3   7   7   5   0   0   5  0.17 0.19
  113 H    0 -1  0  1  0  0  2 -3  3 -2 -2 -1 -2 -1  0  1  1 -4 -1  0   10   2   5   9   2   2  16   0  10   2   3   2   0   2   5  11  10   0   2   7  0.19 0.21
  114 S    0 -2  0 -1  0  0 -1 -1  0  0  0  0 -1 -1  3  0 -1 -3 -1  1    9   0   5   4   2   5   3   5   2   7  10   5   0   3  17   6   2   0   2  13  0.14 0.14
  115 L   -1 -1  0 -2  2 -1 -1 -3  1  1  3 -2  1  0 -1  0  0 -3 -2  1    4   2   6   2   5   3   3   0   5   8  33   0   2   4   3   7   4   0   0   8  0.17 0.19
  116 P    0 -1  1  1 -2  1 -1  0  2  0  0  0 -1 -2  1  0  0 -3 -2  0    8   0   7   8   0   7   0   8   7   8   8   8   0   0   8   8   8   0   0   8  0.08 0.09
  117 E   -3 -2 -3 -1 -5  1  7 -2 -3 -5 -3 -2 -4 -5 -3 -2 -3 -5 -4 -2    0   0   0   0   0   4  84   2   0   0   2   0   0   0   0   2   0   0   0   4  1.49 0.57
  118 L   -1 -3 -3 -4  1 -3 -3 -1 -2  3  1 -2  1 -1 -4 -1  1 -4 -2  4    3   0   0   0   4   0   0   4   1  20  12   1   3   1   0   4   9   0   0  38  0.39 0.24
  119 E    0 -2  3  4 -4  0  4 -1 -2 -2 -4  0 -3 -4 -3 -1 -2  1 -3 -1    7   0  14  25   0   2  33   3   0   2   0   5   0   0   0   0   0   2   0   5  0.57 0.28
  120 I    1 -1 -1 -3  2 -2 -3 -2 -3  3  0 -2  1  0 -3  1  0 -3 -1  2   13   3   2   0   5   0   0   2   0  22   4   0   4   3   0  14   5   0   2  20  0.21 0.18
  121 Y   -3 -3 -4 -4 -4 -3 -2 -2 -1 -2  1 -3  1  4 -4 -3 -3  4  7 -2    1   0   0   0   0   0   3   3   0   0  11   1   4  19   0   1   1   4  49   1  1.11 0.41
  122 C    0 -3 -3 -3  4 -3 -3 -2 -3  2  3 -2  1  1 -3 -1  0 -3 -2  1    6   0   0   0  12   0   1   3   0  15  34   3   3   7   0   3   5   0   0   6  0.31 0.19
  123 Y   -1  0 -2 -3  0  0 -2  0  5 -1 -1 -1 -2  1 -3 -1 -1  2  4 -1    6   4   0   0   3   5   0   8  22   5   4   3   0   4   0   5   4   2  19   5  0.33 0.23
  124 L   -2 -2 -1 -3  1 -2 -3 -3 -3  2  3  0  1  0 -3 -1  0 -2  0  0    1   0   3   0   4   0   0   1   0  13  43   7   3   4   0   6   6   0   3   4  0.28 0.21
  125 L    0  1  1 -2 -2 -1 -2 -2 -1  1  1  1  2  2 -2 -1 -1 -1  2  1   10  10   9   0   0   0   1   1   0  10  10  10   9   9   0   1   1   0   9  10  0.08 0.09
  126 V   -1 -4 -4 -4  0 -3 -2 -4 -4  3  2 -4  1  0 -4 -2  1 -4 -1  4    4   0   0   0   2   0   3   0   0  14  16   0   3   4   0   1  11   0   1  40  0.56 0.35
  127 L   -2 -3 -4 -4  0  3 -3 -3 -3  2  3 -2  0 -2 -4 -2 -1 -4 -1  2    2   0   0   0   2  20   0   2   0  12  37   2   1   0   0   3   4   0   3  13  0.48 0.35
  128 I   -1 -2 -3 -2 -1 -3 -3 -3  2  4  1 -3  2 -1 -2 -1 -1 -3  0  3    4   3   0   2   1   0   0   2   6  28  14   0   6   1   2   4   2   0   4  21  0.37 0.27
  129 F    0  0 -3 -4 -4 -2 -3 -3  6 -3 -1 -1 -3  4 -2 -2 -2  1  6 -3    8   6   0   0   0   1   0   2  21   0   7   5   0  16   2   2   2   2  26   1  0.80 0.45
  130 L   -4 -2 -3 -6  0 -4 -3 -4 -5 -1  6 -3  1  1 -5 -3 -4 -4 -1 -2    0   2   2   0   2   0   1   1   0   2  75   1   2   5   0   3   0   0   2   0  1.14 0.58
  131 I   -1 -4 -4 -5 -1 -4 -4 -5  1  4  3 -4  2  2 -3 -2 -1  1  3  0    5   0   0   0   1   0   0   0   4  29  25   0   5   7   1   2   4   2   9   4  0.52 0.34
  132 D   -3 -1  1  7 -6  0 -1 -3  0 -6 -6  0  0 -6 -5 -1 -2 -6 -1 -3    2   3   5  64   0   4   1   1   2   0   0   5   2   0   0   4   2   0   2   2  1.31 0.65
  133 Q    0  0  2 -1 -4  3  1 -1  1 -2 -3  1 -3 -4 -2  2  2 -4  0 -2    7   4  12   1   0  15   8   3   3   2   2   8   0   0   2  16  13   0   4   1  0.30 0.28
  134 K   -2  1  1 -1 -6  0  0  1 -1 -6 -6  6 -5 -6  0 -1 -2 -6 -2 -5    2   4   8   2   0   3   6   9   1   0   0  52   0   0   5   5   2   0   2   0  0.87 0.53
  135 K   -1  2  2  1  0  3  1 -4  2 -4 -1  2 -1 -2 -2 -1  0 -5 -2 -2    4  13   9   8   2  16   9   0   4   0   6  15   1   1   2   2   4   0   1   2  0.34 0.29
  136 Y   -2 -3 -1 -4 -4 -1 -2 -3  2  1  1 -2 -1  2 -2 -1 -2  1  6 -1    3   0   3   0   0   2   2   2   4   7  17   2   1   9   2   4   2   2  32   4  0.54 0.35
  137 S    0 -1  0  2 -4  3  3 -1 -2 -2 -2  2 -3 -4  0  0  0 -4 -3 -2    5   2   5  11   0  16  18   3   0   3   4  12   0   0   4   7   7   0   0   2  0.31 0.26
  138 E   -1  2  0  0 -4  2  3 -3  1 -2 -2  2  2 -4 -1 -1 -1 -4 -3 -2    5   9   3   5   0  10  25   0   3   3   4  13   6   0   3   4   4   0   0   3  0.33 0.26
  139 A    4 -3 -3 -4  2 -1 -3  2 -4 -1  0 -1  1 -4  0  0 -2 -4 -4 -1   38   0   0   0   5   3   0  17   0   4  11   3   4   0   5   5   0   0   0   3  0.43 0.34
  140 K    1  0  0  0  0  0  0 -1  1  0  0  0  0  0 -2  0  0 -2  1  0   15   4   4   5   2   3   6   3   4   8   6   8   3   3   0   9   4   0   6   6  0.03 0.06
  141 A    1 -1  0  2 -2  1  3 -3 -3 -1 -2  3 -3 -2 -3  0  0 -4 -3 -1   15   2   4  10   1   6  20   1   0   4   3  17   0   1   0   7   4   0   0   4  0.29 0.26
  142 C   -2 -5 -3 -6  7 -5 -2 -6 -5  1  2 -5 -1  5 -6 -4 -2  1 -1  0    2   0   1   0  24   0   3   0   0   6  22   0   1  27   0   1   2   2   1   6  1.07 0.54
  143 S    2 -4  2 -4  1 -4 -4  0 -4  0 -2 -2 -2 -5 -2  4 -1 -1 -5  0   19   0  10   0   3   0   0   5   0   5   3   2   1   0   2  38   3   1   0   8  0.61 0.46
  144 S   -1  0  2  3 -4  1  2 -1  0 -2 -2  2 -1 -3 -2  1  1 -5 -4 -2    3   3   8  15   0   7  11   4   3   2   4  12   2   1   1  13   8   0   0   3  0.25 0.23
  145 A    2 -1  1  1 -4  1  1 -2  1 -1 -1  2 -3  0 -2 -1 -1  0  0 -2   18   2   8   8   0   7  11   2   4   3   6  13   0   4   2   4   3   1   3   2  0.17 0.19
  146 S   -1 -4 -1 -1  1  0 -3 -2  0  1  4 -4  0 -2 -4  0  0 -4 -1  1    4   0   4   3   3   4   2   3   2   7  40   0   2   1   0   7   6   0   2  10  0.36 0.29
  147 I   -1 -5 -5 -2  0 -5 -5 -6 -5  4  1 -5  4  0 -5 -2 -1 -5  0  4    6   0   0   3   2   0   0   0   0  26  13   0  11   4   0   3   3   0   3  27  0.77 0.44
  148 A    0 -1  1  2 -4  3  2 -3 -1 -2 -1  2 -1 -4 -2  0  0 -1 -2 -1    8   3   6  11   0  14  14   1   1   2   7  11   2   0   1   7   5   1   1   3  0.24 0.22
  149 R   -1  4 -1 -3 -4 -1 -2 -3 -1 -1  1  3 -1  0 -1 -1 -1 -1  1 -1    4  25   2   1   0   2   2   1   1   3  13  19   2   5   3   4   3   1   5   5  0.36 0.29
  150 V   -1 -4 -5 -5  2 -1 -4 -5  1  4  3 -4  2  0 -5 -2 -1 -4  0  2    4   0   0   0   5   3   0   0   3  26  27   0   6   3   0   3   3   0   4  11  0.57 0.35
  151 K   -1  1  0 -1  0  3  0  0  1  0  0  1  0 -1 -1  0 -1 -3  0 -1    4   7   5   3   3  16   3   8   4   6  10   8   2   2   3   8   3   0   3   3  0.09 0.13
  152 N    0  0  1 -1 -3  1  0  0  1  0 -1  0  0  0 -1  1  1 -3  1 -1    8   3   7   3   0   7   7   6   4   8   7   5   2   4   3  10   9   0   5   4  0.05 0.08
  153 L   -1 -2  1 -2 -3  0 -1 -1  2  0  0  0  1  1 -3  1  0  3  1  0    4   0   7   0   0   4   4   5   7   4  10   5   4   8   0  13   7   5   4   6  0.09 0.14
  154 N   -3  0  5  1 -4  0  0 -1  1 -1 -2  1 -3 -3  0  0  0 -4  1 -3    0   5  33   6   0   4   6   5   4   4   4   7   0   0   4   6   5   0   5   0  0.40 0.31
  155 R   -3  6 -1 -3 -2  0  1 -4  0 -1 -2  2 -2 -4 -4  0 -1 -5 -2 -4    0  52   2   0   1   2   9   0   2   4   4  11   1   0   0   6   3   0   1   0  0.89 0.46
  156 R   -2  7 -3 -4  0 -1 -3 -3  0 -1 -4  0  1 -1 -4 -2  0 -5 -4 -1    2  62   0   0   2   1   0   1   2   5   0   3   4   2   0   3   6   0   0   5  1.13 0.55
  157 T    1 -2 -1 -1  2 -2 -2 -3  1 -1 -2 -3 -3 -3 -3  2  5 -4 -2 -2   11   1   2   4   4   1   2   0   3   4   3   0   0   1   0  17  43   0   2   2  0.59 0.39
  158 V   -1 -1 -4 -5 -3 -1 -4 -5 -4  0  5 -4  3  0 -4 -3  0 -3  1  0    5   3   0   0   0   2   0   0   0   3  58   0   9   3   0   0   5   0   4   5  0.74 0.40
  159 E   -3 -2 -1  7  0 -3  0 -4 -4 -5 -6 -3 -5 -2 -4  0 -4 -6 -1 -5    1   2   2  75   2   0   4   0   0   0   0   0   0   2   0   6   0   0   2   0  1.69 0.68
  160 V    0 -2 -2 -1  0  1 -1 -2  0  0  1 -2 -1  0  2  1 -1 -3  1  0    9   2   0   2   2   7   2   2   3   5  20   1   0   3  11  16   2   0   6   7  0.14 0.17
  161 L   -4 -4 -5 -5 -1 -4 -5 -5 -4  4  4 -3  0  3 -2 -4 -3 -3  0  1    0   0   0   0   1   0   0   0   0  24  48   1   1  11   2   0   0   0   3   7  0.86 0.42
  162 A    3 -2  2 -2  2  0 -2  0 -3  0  0 -2 -2 -1 -3  1 -1 -4 -1 -1   32   2  14   1   5   5   1   6   0   5  10   0   0   2   0   9   2   0   2   3  0.26 0.25
  163 S    5 -2 -1  0 -3 -3 -2  0 -4 -3 -3 -3 -4 -5 -4  2 -1 -5 -4 -3   61   2   3   5   0   0   2   5   0   2   2   0   0   0   0  15   3   0   0   0  0.90 0.52
  164 R   -3  4 -3 -3 -5  0  0 -3 -3 -1 -2  6 -3 -2 -4 -3 -2 -5 -2 -3    0  21   0   0   0   3   4   2   0   4   3  53   0   2   0   1   1   0   1   1  1.02 0.53
  165 L    0 -4 -4 -4  5 -3 -4 -3 -4  2  2 -1  1 -1 -2 -1 -1 -4 -3  3    9   0   0   0  13   0   0   2   0  13  21   3   3   1   2   4   4   0   0  23  0.44 0.28
  166 Y   -2 -4 -5 -5  2  0 -2 -5 -3  1  0 -4 -3  2 -5 -4 -4  8  6 -2    3   0   0   0   4   5   3   1   0   7   9   1   0   9   0   1   1  21  33   2  1.27 0.56
  167 F   -3  1 -5 -2 -5 -4 -1 -5 -1 -4 -1 -1 -3  7 -5 -3  0  0  3 -3    3   8   0   2   0   0   5   0   2   0   6   3   0  51   0   2   7   1  10   1  1.15 0.58
  168 Y   -1 -5 -3 -6  2 -1 -5 -6 -1 -5 -2 -1 -4  2 -6 -1 -2 -2  9 -3    5   0   1   0   4   3   0   0   1   0   4   4   0   6   0   4   2   0  63   2  1.73 0.80
  169 Y   -2 -2 -4 -5  1 -2 -4 -5  4  2  1 -2 -3  3 -5 -3 -1  2  6  0    3   2   0   0   3   2   0   0  11  12  11   2   0  12   0   2   4   3  26   6  0.70 0.42
  170 S    1 -2 -2  1  3 -1  0 -1 -3 -2 -3 -3  1 -2 -4  4 -1 -4  1 -1   13   2   1   7   5   3   6   4   0   2   2   0   4   1   0  37   3   0   5   5  0.45 0.39
  171 L   -3  5 -2 -3 -5 -1 -1 -5 -4  1  3  0  0  0 -5 -4 -4  1  0 -1    2  34   2   2   0   2   4   0   0   6  28   4   2   4   0   0   0   2   4   3  0.74 0.46
  172 S    2 -4 -2 -4  5 -3 -2 -1 -4  0 -2 -1 -1  3 -2  2  0  0 -3  1   14   0   2   0  13   0   3   5   0   5   4   3   2  12   2  15   6   1   0  11  0.36 0.29
  173 Y    0 -1  1 -1  2 -1 -2 -1  6 -3 -2 -1  0  1 -2 -2 -1  0  4 -3    7   3   7   4   5   3   2   4  19   1   3   4   2   7   3   3   4   1  17   2  0.49 0.33
  174 E   -2 -1 -1 -1 -6  0  6 -2  2 -6 -3 -1 -5 -5 -1 -4 -1 -5 -1 -5    3   4   3   3   0   4  56   4   5   0   3   4   0   0   4   0   4   0   3   0  1.06 0.63
  175 L   -1  0 -1 -1  1  1  0 -4  1  0  2  1  1  0  0 -1 -1 -3  0 -1    4   6   3   4   3   6   5   0   4   4  26   8   4   4   4   3   4   0   3   4  0.12 0.16
  176 T    0  0  0  0  2  0  0 -1  1  0 -1  0  1  0  0  0  0 -2  1  0    5   5   5   5   5   5   5   5   5   5   5   5   5   5   5   5   5   0   5   5  0.03 0.05
  177 G    0  0  3  1 -4  0  0  4  0 -4 -4  0  0 -5 -1  0 -1 -5 -2 -3    7   5  17   9   0   3   5  28   2   0   0   6   3   0   4   5   3   0   1   2  0.42 0.32
  178 D   -1  2  2  1 -4  3  0 -2  0 -2 -3  2  0 -4  2  0 -1 -5 -1 -4    5  12   8   7   0  16   5   2   2   3   3  15   2   0  10   6   3   0   2   0  0.34 0.30
  179 L   -1 -2 -1 -2 -4 -2 -2 -4 -4  0  4 -1  2  0 -1 -1 -2  1 -1  0    4   2   3   2   0   2   3   0   0   5  46   4   4   4   4   5   2   2   2   6  0.43 0.34
  180 A    0 -1  0  1 -3  0  0 -2  0  1 -1 -1 -1  0  0  0  0  0  2  0   10   3   5  10   0   4   7   2   2   8   4   2   1   3   5   9   5   1   7   8  0.06 0.11
  181 E   -1 -1  0  2 -4  0  2 -2  0 -2 -1  1  0  0  1  1  0  0 -1 -2    4   2   3  15   0   4  15   2   2   2   5  11   3   4   6   9   5   2   2   3  0.17 0.18
  182 I    1 -1 -2 -1  3 -1 -1 -1  0  2  1 -2  1  0 -1 -1  0 -3 -2  1   12   4   0   3   9   3   3   4   4  19  11   0   3   3   3   4   5   0   0   8  0.11 0.15
  183 R    0  1 -1 -2  2  1  0  0  2  0  0  0 -1  1 -2  0  0 -2 -1  0    7   7   0   0   7   7   7   7   7   7   7   7   0   7   0   7   7   0   0   7  0.05 0.10
  184 G    1  0  0  0 -3  1  0  1 -2 -2 -3  1 -2  0  2  1 -1 -1 -2 -1   11   5   3   5   0   7   3  12   0   3   0  11   1   5  12  13   3   1   1   3  0.19 0.19
  185 N   -1  0  0  0 -1  1  1 -2  0  0  0  0 -1  1  2  0  1  1 -1  0    3   4   4   4   2   9  11   2   2   8   9   4   1   7   9   5  10   2   1   5  0.08 0.12
  186 L   -3 -4 -3 -5 -1 -1 -3 -5 -5  1  5 -4  3  1 -5 -3 -3 -4  0 -1    2   0   1   0   1   3   2   0   0   5  63   0   7   6   0   2   1   0   2   1  0.94 0.54
  187 L   -3 -2 -2 -4  1 -1 -3 -4  4  0  3 -2  4  1 -2 -1 -2 -3 -1 -1    1   2   2   0   3   3   0   1  13   5  35   3  14   6   2   4   1   0   1   3  0.51 0.37
  188 A    2 -1  0 -1 -1  1  0  1  0 -2  0  0 -1 -1 -2  1  0 -3  0 -1   24   2   5   2   1   8   5   8   2   1   9   7   1   2   0  11   4   0   3   4  0.13 0.17
  189 L    2  1 -2 -2  3 -2 -2 -1 -3  0  1 -1 -2  0  0  1 -1  0 -1  0   21  10   0   2   7   1   1   4   0   4  13   3   0   5   5  13   2   1   2   6  0.14 0.19
  190 H   -2 -2  1 -2  2  0 -2 -4  4  0  3 -2  0  2 -4 -3 -3 -2  4 -1    2   2   6   2   5   4   2   1  10   4  33   2   1   7   0   1   0   0  14   3  0.40 0.32
  191 R    0  6 -2 -4 -1  2 -3 -2 -1 -3 -3  1 -4 -3 -2 -1 -1 -5 -4 -2    7  54   1   0   1   9   0   3   2   1   2   6   0   1   1   3   3   0   0   3  0.95 0.55
  192 I    0 -2  0 -3 -1  0 -2 -2 -3  1 -1  0  2 -3 -3  1  4 -4 -3  0    8   2   4   0   1   3   2   2   0  10   5   5   5   0   0   9  35   0   0   7  0.41 0.35
  193 A    4 -2  0 -2  3 -2 -3 -1 -2 -3  0 -2 -3 -4 -1  2 -1 -5 -1 -2   45   2   4   2   7   1   1   3   1   1   9   1   0   0   2  14   3   0   2   2  0.53 0.44
  194 T    0 -1 -3 -2  4 -2 -1 -3 -3  0 -2  1  0 -1 -2  2  3 -4 -2  1    8   2   0   2  10   0   3   1   0   4   3  10   2   2   1  15  22   0   1  12  0.32 0.32
  195 L   -2 -2 -3  0 -3  1  1 -3 -3  1  4 -2 -1 -1 -1 -1 -1  0 -3  0    3   1   0   6   0   6   9   2   0   6  42   2   0   2   3   6   4   1   0   6  0.31 0.30
  196 R   -3  6  2  0 -5  1 -1 -4  3 -2 -2  1 -4 -4 -4 -2  0 -5 -1 -2    2  40   8   4   0   4   4   0   7   2   4   7   0   0   0   3   7   0   2   3  0.68 0.46
  197 H   -1  1  2  0 -5  0 -1 -1  7 -4 -3  2 -4  0 -2  1 -1 -4  0 -3    6   8   9   4   0   3   2   5  27   0   2  13   0   4   1   9   3   0   2   2  0.56 0.41
  198 D   -1 -1  2  6  0 -1 -1 -3 -1 -5 -4  2 -2  0 -1 -2 -2 -6 -5 -5    5   3  10  46   2   2   3   2   2   0   2  12   1   4   3   2   2   0   0   0  0.87 0.54
  199 E    0  0  0  2 -1  0  2  0  1 -1 -2  1 -2 -1  1  0  0 -3  1 -1    6   5   4  11   1   4  15   8   3   4   2   9   0   2   5   6   5   0   5   4  0.12 0.13
  200 L   -1 -2 -1  2 -4  0  3 -2 -1 -1  0 -1  1  0 -1 -1  0  4  0 -2    6   2   2  13   0   4  22   3   1   4  12   2   4   3   3   3   5   6   3   2  0.22 0.24
  201 G    0  0  0  0  2  0 -1  2 -3 -1  0  0 -2 -3 -1  0  3 -4 -3 -1    7   4   3   5   5   3   3  17   0   3   9   4   0   0   3   7  23   0   0   4  0.18 0.22
  202 Q   -1  1 -1 -1  1  3  1 -3  1 -1  0  0  2 -1  1  0  0 -3 -2  0    3   6   3   3   3  17   8   0   4   4   9   4   7   3   6   6   5   0   0   5  0.12 0.20
  203 E    2 -2 -2 -3  1  0  0 -1  1 -1  0 -1  1  0  0  1  0 -3  0  0   23   0   0   0   3   4   5   5   3   4  12   4   3   3   3  11   6   0   4   5  0.11 0.18
  204 T    1 -1 -1 -2  3  0 -1 -1  1 -1 -1  1  0  0  0  1  2 -3  0  1    9   2   3   0   9   3   3   3   3   2   3  10   3   3   4  13  14   0   3  10  0.13 0.17
  205 L   -1 -3 -3 -3  2 -2 -3 -1 -3  1  2  0  3 -2  0 -1  1 -3  0  1    5   0   0   0   4   0   0   4   0   9  28   7   8   0   4   4   8   0   4  12  0.21 0.20
  206 L    0 -2  0 -2  2  0 -2  0  2  0  0  0  1  1  1  0  0 -2  1  0    6   0   6   0   6   6   0   6   6   6   6   6   6   6   6   6   6   0   6   6  0.06 0.12
  207 N    0 -4  6 -3  2 -3 -4 -1 -2 -3 -5 -3 -4 -5  0  0  2 -6 -5 -1   10   0  46   0   5   1   0   4   1   1   0   1   0   0   5   7  15   0   0   6  0.97 0.60
  208 L   -2 -2 -2 -1  4  3 -2 -4 -2  0  4  2  0 -3 -3 -2 -3 -1 -3 -1    3   1   2   3   9  14   1   1   1   4  39  13   2   0   1   2   0   1   1   3  0.49 0.39
  209 L   -3 -5 -3 -5  4 -2 -4 -6 -5  3  5 -5  1  0 -5 -3 -4 -1 -2  1    1   0   2   0   9   2   1   0   0  16  51   0   3   4   0   2   0   1   1   7  0.86 0.49
  210 L   -3 -5 -6 -6 -3 -5 -6 -6 -2  0  5 -4  2  5 -6 -5 -4 -4  0 -1    2   0   0   0   0   0   0   0   1   3  55   1   4  27   0   0   0   0   2   3  1.25 0.65
  211 R   -2  6 -1 -1 -1  1 -1 -4 -2 -4 -5  5 -3 -4 -3 -2 -4 -5 -2 -4    3  38   2   3   2   4   4   1   1   1   0  35   1   1   1   2   0   0   1   1  1.09 0.63
  212 N   -2 -2  4 -1  2 -2 -3 -3 -2  2 -1 -3  1 -2  2  0  1 -4 -1  0    2   2  23   4   5   1   0   1   1  16   6   0   3   1  12   6  10   0   3   5  0.37 0.33
  213 Y    1 -5 -6 -6  4 -3 -6 -5 -1 -5  0 -4 -2  1 -6 -3 -4 -3  8 -3   11   0   0   0   9   1   0   1   1   0  10   1   1   4   0   1   1   0  57   2  1.69 0.86
  214 L   -3 -5 -5 -4 -1 -3 -5 -6 -1  2  4 -3  0  5 -5 -4 -2 -4 -2 -1    2   0   0   1   1   1   0   0   2  13  44   1   2  24   0   1   3   0   1   3  0.92 0.53
  215 H    0  2 -1 -2 -4  1  0 -3  4 -3  0  3 -2 -3  0  1 -2 -4 -2 -3    6  10   2   1   0   7   6   1  12   1  11  21   1   0   5  11   2   0   0   1  0.36 0.33
  216 Y   -1 -1  1 -2 -2 -1 -1 -2  0  1  1 -1 -1  1 -3  0  1 -2  3  0    5   2   7   2   1   2   3   2   3  10  18   3   0   6   0   7  12   0  12   6  0.16 0.20
  217 N   -1  0  5 -2 -2 -2 -2  1  2 -4  0  2 -3 -3 -4  0 -2 -5 -4 -4    6   5  32   1   1   1   1   9   5   0  12  16   0   1   0   8   1   0   0   0  0.54 0.42
  218 L   -1  0  0  2  1  1  0 -3  2  0  2  1  1 -3 -3  0  0 -4 -3 -2    4   5   5  13   3   7   4   1   6   5  20   8   4   1   0   7   5   0   0   1  0.16 0.21
  219 Y   -2 -3 -5 -3 -2 -4 -5 -5  1  3  1 -5  1  2 -2 -4  0 -1  6  2    3   1   0   1   1   0   0   0   3  16  12   0   3   7   2   1   5   1  31  13  0.76 0.49
  220 D   -1 -1  2  4 -5  1  2 -2  3 -4 -3  0 -4 -3 -2  1 -1 -1 -4 -4    6   2   8  29   0   5  11   2   9   0   2   5   0   1   2  13   3   1   0   1  0.54 0.40
  221 Q   -1 -1 -2 -4 -4  5 -1 -4 -2  1  3 -2  3 -2 -1 -1 -2 -4 -1 -1    6   2   1   0   0  26   2   0   1   8  28   1   7   1   3   5   2   0   2   4  0.49 0.42
  222 A    5 -3 -4 -5  6 -4 -4 -2 -5 -1 -2 -4  0 -3 -2  1  0 -5 -5 -3   49   1   0   0  18   0   0   2   0   3   4   0   2   1   2  10   7   0   0   1  1.02 0.64
  223 E    0  1 -1  3 -4  0  2 -1 -1 -3  0  3 -2 -1 -3  0 -2 -4 -1 -2    8   7   2  18   0   2  11   3   1   1   9  20   1   2   0   8   1   0   3   2  0.28 0.28
  224 K   -2  0  3  1 -4 -1 -1 -2  1  1 -1  3 -1 -4  2  0  0 -5 -4 -2    1   4  16   7   0   3   2   2   4  12   6  18   1   0  11   7   4   0   0   1  0.31 0.31
  225 L   -2 -4 -2 -3  2 -4 -3 -4 -4  2  4 -4 -1  3 -3 -2 -2 -2  0  1    2   0   2   2   4   0   1   1   0  11  40   0   1  12   1   4   2   1   3  11  0.54 0.38
  226 R   -2  0 -2 -3 -4  1 -3 -5 -2  4  2  0  0 -2 -3 -2 -2 -4 -2  3    1   5   2   1   0   7   1   0   1  28  18   7   2   1   1   2   2   0   1  20  0.48 0.37
  227 S    0  1  1  1 -2 -1  2 -2 -3 -2 -3  0 -2 -5 -2  4 -1 -5 -4 -3    7   7   5   8   1   1  16   2   0   2   3   6   1   0   2  35   3   0   0   1  0.49 0.43
  228 K    1  0  1  0 -4 -1 -1 -1  3 -2 -3  4 -3 -4 -2  1  1 -5 -4 -1   12   5   6   5   0   2   2   4   6   2   2  29   0   0   1  12   7   0   0   4  0.38 0.35
  229 A    1 -2 -1 -1  1 -1 -2  0 -1  1 -1 -2  1 -2 -1  2  2 -4 -3  1   12   2   3   3   3   2   2   8   1  10   4   1   4   1   3  15  17   0   0   9  0.18 0.22
  230 P   -1 -2  1  0 -2  1  2 -2 -1  0 -2 -1 -3 -2  4  0  1 -4 -2  0    3   1   7   6   1   7  13   2   1   5   3   4   0   2  21   6  10   0   1   6  0.33 0.29
  231 R   -2  0 -1 -1 -4  0 -1 -4  2  1  1 -1  0  5  0 -1 -1 -3  2 -2    2   5   3   3   0   4   4   1   5   9  12   3   2  28   5   4   4   0   5   2  0.37 0.30
  232 F   -2 -2 -2 -1 -4 -2 -2 -3  0 -1 -2  0 -1  3  6 -1 -1  0  0 -3    2   2   2   4   0   2   3   2   2   4   5   6   1  11  39   5   5   1   3   2  0.73 0.47
  233 E   -1 -2  1  2 -4  1  4 -1  0 -1 -1  0 -1 -1 -1  0  0 -4 -2 -2    3   1   6  12   0   5  29   4   2   3   5   4   1   2   3   6   7   0   1   2  0.32 0.29
  234 A    1  0  2  1 -1  1  0 -1  0  0 -1 -1  1 -2  0  1  0 -4 -2 -1   14   5  11   8   1   8   3   4   3   7   4   2   5   1   4  10   5   0   1   5  0.09 0.15
  235 H    2 -1  0  0 -1 -3 -2 -2  2 -1 -2 -3  2  4 -2 -1 -1 -3  3  0   19   3   4   6   2   0   2   2   6   3   3   0   5  16   1   4   4   0  12   8  0.31 0.31
  236 S   -1 -2  0  1 -4  1 -1  1 -1 -2 -3 -1  1 -1  3  2  1 -4 -1 -2    4   2   4   8   0   6   2  10   2   2   2   2   3   2  17  20   7   0   2   2  0.30 0.31
  237 N    0  0  3  0  0 -1 -1 -2  3 -1 -1  0  0 -3  1  1  0 -4  0 -1    7   5  15   5   2   2   3   2   8   3   8   4   3   0   7  10   6   0   3   5  0.13 0.18
  238 Q    0  1  1 -1  0  1  0  0  1  0 -2  1  0 -1  1  1 -1 -3 -2 -1    5   6   9   3   3   6   5   5   4   6   3  12   3   3   7  10   3   0   0   3  0.06 0.15
  239 Q    0  0  0  0 -2  0  0  0  1  0 -1  0  1  0  0  0  0 -2  1  0    5   5   5   5   0   5   5   5   5   5   5   5   5   5   5   5   5   0   5   5  0.00 0.06
  240 F   -1  0 -1 -1 -1  1  0 -3  0  0  1 -1  0  4 -4 -2 -2  4  2  0    4   5   3   3   1   7   7   1   2   5  12   3   2  17   0   2   2   6   6   6  0.17 0.22
  241 C    0 -4 -4 -5  4 -4 -4 -1 -4  1  2 -4  1  1 -4  0  0 -4  1  2    7   0   0   0  10   0   0   4   0   6  24   0   4   5   0   6   7   0   4  15  0.30 0.29
  242 R    0  0  0  0  2  1  0  0  1  0 -1  0  1 -2  1  0  0 -3 -2  0    6   6   5   6   5   5   6   6   5   6   6   6   5   0   6   6   6   0   0   6  0.02 0.09
  243 Y   -4 -4 -2 -5 -5 -4 -4 -5  1 -3  0 -4 -3  4 -5 -4 -2  3  8 -3    1   0   2   0   0   0   0   1   2   0   9   0   0  16   0   0   3   3  60   0  1.64 0.51
  244 L   -2  0  0 -1  0 -1 -1 -2  4 -1  1  0  0  1 -3  0 -1 -2  4 -1    2   5   4   2   3   2   2   2  12   3  18   8   3   5   0   9   1   0  18   2  0.23 0.18
  245 F   -4 -4 -5 -5 -5 -4 -5 -5  2  1 -1 -4 -3  4 -5 -4 -4 -1  8 -1    0   0   0   0   0   0   0   0   3   7   5   0   0  15   0   0   0   0  60   5  1.63 0.55
  246 Y   -1 -4 -1 -4  0  1 -4 -5  3 -4 -1 -4 -3  2 -5 -2 -2 -1  8 -2    6   0   3   0   2   7   0   0   6   0   4   0   0   5   0   2   2   0  59   2  1.35 0.51
  247 L    1 -1 -1 -2  1  0 -1  0  0  1  1 -1  1 -1 -2  0  0 -2  0  0   14   4   4   1   3   4   4   8   3   8  22   4   4   0   1   4   5   0   3   5  0.05 0.07
  248 G    1  2 -1 -1 -1 -1 -1  2 -1 -1 -1  0 -1 -2 -1  1  0 -2 -2  1   18  18   1   1   0   1   1  18   0   1   2   1   0   1   1  18   1   0   1  18  0.13 0.03
  249 K   -1  0  1 -2  2  1  0  0  2  0  0  0  1  1 -2  0  0 -3 -1  0    0   7   7   0   6   7   7   7   6   7   7   7   6   6   0   7   7   0   0   7  0.06 0.12
  250 I   -2 -2 -5 -6 -2 -5 -5 -6 -5  6  2  0  3 -2 -5 -5 -2 -2 -3  1    3   2   0   0   1   0   0   0   0  49  18   7   6   1   0   0   3   0   1   7  1.01 0.55
  251 R    1  3  0 -3  1  0 -1 -3  3 -3 -1  1 -1  0 -4  0 -3 -1  5 -4   15  15   4   1   3   3   4   1   8   1   5   9   1   4   0   6   0   1  19   0  0.42 0.34
  252 T    3 -4 -4 -5  2 -4 -4 -3 -4  1  1 -4  4  3 -4 -1  2 -4 -3  0   27   0   0   0   4   0   0   2   0   7  12   0  13  12   0   4  13   0   0   4  0.53 0.40
  253 I    1 -1 -4 -4 -1 -1 -3  0 -4  4  1 -3  0  3 -4 -2 -2 -3  0  2   13   3   0   0   1   3   1   8   0  24  14   1   2  13   0   2   1   0   2  13  0.37 0.29
  254 Q   -3  0  1  2 -3  5  2 -1 -1 -3  1  0  0 -2 -4 -2 -3 -2 -3 -2    1   5   7  12   1  29  12   4   1   1  13   4   2   1   0   2   1   1   1   3  0.49 0.40
  255 L   -2 -1 -2  0 -3 -3  2  1 -2 -2  3  3 -1 -2 -4  0 -3 -2 -4 -3    1   3   2   5   1   0  14  11   1   2  32  19   1   1   0   6   0   1   0   1  0.39 0.37
  256 E   -2  2  4  4 -3  0  3 -4 -1 -5 -5  2 -5 -4 -4 -2 -4 -6 -3 -3    2   9  19  24   1   4  21   1   1   0   1  10   0   1   0   1   0   0   1   2  0.80 0.52
  257 Y   -6 -4 -6 -4 -6 -6 -6 -7 -1 -5 -2 -3 -2  5 -4 -6 -4  5  9 -2    0   1   0   1   0   0   0   0   1   0   4   2   1  18   1   0   1   6  59   3  2.10 0.98
  258 T    0  0 -1  0 -2  1  2 -2 -1 -2 -2  1 -2 -1 -1  2  2 -4 -3 -1    7   3   2   5   0   7  12   2   2   1   5   9   1   4   2  18  15   0   0   5  0.21 0.24
  259 D    0  2 -1  3 -2  1  3 -3  1 -3 -2  2 -2 -5 -3 -1 -1 -5 -3 -2   10  10   2  16   1   6  21   1   3   1   5  13   1   0   1   4   4   0   1   2  0.37 0.31
  260 A    7 -5 -5 -6 -5 -5 -5 -3 -6 -6 -6 -1  0 -6 -5 -1 -3 -6 -6 -5   85   0   0   0   0   0   0   1   0   0   0   3   2   0   0   5   1   0   0   0  1.94 1.01
  261 K   -1  0  0  1 -2  0  3 -3  5 -1  1  1 -1  0 -4 -1 -3 -4  0 -2    6   4   4   6   1   2  22   1  14   3  16   7   2   3   0   3   0   0   4   1  0.33 0.30
  262 E   -2  1  0  2 -5  2  4 -2  0 -4 -3  1 -4 -2 -4 -1  1 -2  1 -4    3   7   4   9   0  10  31   2   2   1   3   8   0   1   0   4   8   0   5   1  0.48 0.38
  263 S   -2 -2  0  0  3  0  1 -3  5 -4 -2  0  0  3 -4  1 -2 -1  3 -4    3   1   5   5   7   3   8   1  17   0   4   5   2  14   0   9   2   1  12   0  0.47 0.35
  264 X   -1 -1 -1 -1 -1 -1 -1 -1 -1 -1 -1 -1 -1 -1 -1 -1 -1 -1 -1 -1    1   0   0   0   2   0   0   0   0   2  60   0   2  19   0   0   2   0   2   2  0.00     0.00
  265 L   -1 -2 -1 -1 -3  2  1 -2 -1  0  1 -1  1  0 -3  1  2 -4 -2 -1    4   1   3   2   0   9  12   2   1   6  17   3   3   4   0  11  16   0   1   4  0.18 0.23
  266 Q    0 -2  0 -2 -2  4  1 -3  3 -1 -2 -1  1  2 -1 -1 -1  3  3 -2    7   2   5   1   1  20   8   2   6   4   4   3   3   9   2   3   4   3  10   3  0.29 0.29
  267 A    6 -3  0 -5  3 -2 -4 -3 -5 -2 -3 -4 -2 -5 -3  0 -2 -6 -5 -1   66   1   5   0   5   2   0   1   0   2   2   0   1   0   1   6   2   0   0   5  1.20 0.71
  268 A   -1 -3 -5 -4 -1 -3 -3 -4 -3  3  2 -4 -1  4 -3 -3  0  4 -1  1    6   1   0   1   1   1   2   1   1  18  20   0   1  21   1   1   5   5   2  11  0.54 0.36
  269 R   -1  5  0 -2  0  1  0 -3 -1 -1 -3  1 -1 -4 -4  1  1 -2 -1  0    3  33   4   1   2   5   6   2   1   3   2   6   2   0   0   9  10   0   2   9  0.44 0.36
  270 K    0  0  2 -2 -3 -1 -2 -3  5 -2 -1  4  0 -3 -2 -1  1 -4 -1 -1    7   5  11   1   1   1   1   1  13   2   6  27   3   1   2   3  11   0   1   4  0.42 0.35
  271 A    4 -2 -5 -5  8 -4 -4 -3 -5 -5 -4 -4 -3 -3  3  0 -1 -5  0 -3   31   2   0   0  27   0   1   1   0   0   1   0   1   1  17   8   4   0   3   1  1.15 0.65
  272 P    1 -3 -1 -1 -2 -2 -4 -2  5 -5 -2 -3 -1 -5  6 -1 -2 -5 -2 -3   12   1   2   4   1   1   0   3  13   0   5   1   2   0  44   4   3   0   1   1  1.09 0.61
  273 V   -1  1  0 -1 -1  3  0 -3  0  0 -2  1  3 -3  1  0  1 -4 -2  0    6   8   3   2   1  17   5   1   2   4   3   9   8   1   6   7   7   0   1   8  0.20 0.22
  274 A    2  0  1  1  2  0 -2 -1  0 -2 -2 -1 -1 -2 -2  2  2 -5 -2 -1   14   5   6   8   4   4   2   4   2   2   3   4   1   2   1  18  14   0   2   4  0.22 0.24
  275 A    4 -2  0 -2  2 -2 -2  0  0 -3 -2 -1  0 -2 -1  2 -1 -5 -1  0   32   2   4   2   4   2   2   6   2   1   4   4   3   2   4  16   3   0   2   7  0.34 0.32
  276 L    0  0  0 -1  1 -1 -1 -2  0  0  0  0  1 -1  1  2  0  1 -1  0    5   5   6   3   3   2   3   2   3   6  10   7   4   2   6  20   4   2   2   5  0.09 0.14
  277 G    1  1  0 -1 -1  0 -2  3  1 -3 -3  2 -4 -4  0  0 -1  2 -1 -2   14   8   4   3   1   4   2  24   4   2   2  11   0   0   4   6   3   3   2   2  0.29 0.25
  278 F   -2 -1  4 -2 -5 -1 -5 -5  0  3 -2 -2  1  6 -5 -2 -4 -4  0 -2    3   4  22   2   0   2   0   0   2  17   4   2   4  28   0   3   0   0   3   3  0.84 0.51
  279 R   -1  4 -3 -4 -4  2 -2 -2  0 -1 -1  2  2 -1 -1  0  0  1  0  0    5  21   0   0   0   8   2   2   2   4   6  14   6   2   3   5   5   2   4   6  0.30 0.27
  280 V   -2  1 -1  0 -4  4  0 -3 -3  1  1  0  0  0 -4 -1 -1  1 -3  1    2   9   2   7   0  19   5   2   0  10  14   4   2   4   0   5   3   2   0   8  0.22 0.23
  281 Q    0  0 -1 -1 -1  2  2 -2  2 -1  0  0  1 -2 -1 -1  1 -4 -1 -1   10   4   2   3   2  11  16   3   5   2  10   6   4   1   3   3  10   0   2   4  0.13 0.16
  282 C    3 -3  0 -4  4  0 -3 -3 -4  2  0  0  1 -3 -3  1  0 -4 -3  2   23   0   6   0   9   4   0   0   0  10   9   5   4   0   0   8   5   0   0  14  0.32 0.25
  283 N   -1  0  2 -2  1  1 -1 -3  3 -1  0  0  1  0 -1 -1  0  2  2 -1    4   3  11   1   3   7   4   1  10   4  11   7   4   3   4   4   7   3   7   3  0.14 0.15
  284 K   -2  0 -2 -2 -5  0  0 -3 -3 -1 -2  6 -1 -5 -4 -2  2 -5 -3 -3    2   2   1   2   0   4   4   1   0   4   3  60   1   0   0   1  12   0   1   1  0.96 0.50
  285 W   -2 -1 -2 -4  1 -3 -3 -4 -1 -2  2  3  0  1 -3 -3 -2  4  6 -1    2   3   1   0   4   0   0   1   1   1  19  21   2   5   1   1   1   5  28   4  0.62 0.36
  286 A   -1 -3 -2 -4 -1 -2 -3 -2  1  0  4 -3  1  1 -4 -2 -2  2  3  0    6   1   2   0   1   1   2   3   4   3  47   0   2   4   0   3   1   2  11   4  0.46 0.30
  287 V   -1 -3 -4 -4  2 -4 -4 -2 -4  5  0 -3  0 -2 -4 -3 -1 -4 -1  3    4   1   0   0   4   0   0   3   0  44   7   1   1   0   0   2   2   0   2  25  0.77 0.38
  288 I   -2 -4 -4 -2  0 -4 -4 -4 -4  2  3 -4  0 -3  5 -3 -1 -4 -4  2    2   0   0   3   2   0   0   1   0  11  27   0   2   0  29   1   3   0   0  18  0.72 0.37
  289 V    0 -4 -4 -4  4 -4 -3 -3 -4  2  0 -4  1 -3 -4 -1 -1 -4 -3  5    7   0   0   0   9   0   1   2   0   8   9   0   3   0   0   4   3   0   0  51  0.76 0.40
  290 R   -2  3  0 -1  1  3  2 -2  2 -3 -3  2  0 -3 -3  1  0 -4 -2 -3    1  16   4   2   3  13  15   2   7   0   2  11   2   1   0  13   5   0   1   1  0.34 0.24
  291 L   -3 -4 -5 -5 -1 -4 -5 -5 -5  1  5 -4  5 -1 -5 -4 -3 -4 -3 -1    2   0   0   0   1   0   1   1   0   6  69   0  13   1   0   1   0   0   0   2  1.20 0.52
  292 L   -3 -2 -3 -5 -1 -3 -3 -4 -1  3  5 -4  1 -1 -4 -2 -3 -4 -3  0    1   3   1   0   1   1   2   2   1  14  61   0   3   2   0   3   0   0   0   4  0.81 0.41
  293 L   -2  0 -2 -4 -2  1 -2 -4  2  0  3 -1  5 -2 -4 -2  1 -3 -2 -1    3   4   2   0   1   8   1   1   6   3  32   4  21   1   0   3   8   0   1   1  0.47 0.32
  294 G   -1 -3  0 -3  1 -3 -4  6 -1 -4 -5 -3 -4 -5 -3  0  0 -4 -4 -4    4   1   4   1   3   1   1  67   1   1   1   0   0   0   1   6   5   0   0   1  1.22 0.51
  295 E   -2  0  0  3 -4  2  2 -2  3 -2 -3  2 -2 -2 -1  0 -1 -4  0 -2    2   5   3  16   0   8  15   2  10   3   1  16   1   2   2   6   4   0   3   3  0.32 0.24
  296 I   -2 -3 -2 -4 -3 -1 -3 -4 -1  4  2 -3  3  2 -4 -2  0 -3  1  2    2   1   2   0   0   2   1   0   2  30  16   0   9   7   0   2   7   0   5  11  0.47 0.29
  297 P   -3 -3 -1 -3 -2 -1 -2 -5 -5 -3  0 -3 -3 -4  8 -1 -3 -6 -5 -3    2   1   3   1   1   3   2   0   0   1   9   2   1   1  66   4   1   0   0   2  1.66 0.70
  298 E   -2  0  0  2 -2  0  2 -2 -1 -1 -3  1 -3 -3  3  2  0 -4 -3 -3    2   5   4  11   1   3  15   2   1   4   2  10   0   1  16  15   6   0   0   1  0.35 0.25
  299 R   -1  4  0 -2  0 -1 -1 -3 -1 -1  1  1  0 -1  0  0  0 -3 -1 -2    5  24   5   2   2   2   2   1   1   3  19   8   2   3   6   6   6   0   2   2  0.20 0.19
  300 T    1 -1 -1  0 -4  0  0 -2 -1 -3 -3  1 -3 -4  4  3  1 -1 -1 -3   10   2   2   5   0   4   7   2   1   1   3   9   1   1  18  22   7   1   3   1  0.35 0.30
  301 V   -1  0 -2 -3 -3  0 -2 -3 -3  1  2  2  0  1 -2  0  1 -3 -3  1    3   4   1   1   0   4   2   2   0   9  26  15   1   5   2   6   8   0   0   9  0.19 0.20
  302 F   -2 -5 -5 -5 -3 -4 -3 -2 -3 -2  3 -5 -1  6 -5 -3 -3  0  4 -1    3   0   0   0   0   1   2   3   1   2  28   0   1  34   0   2   2   1  15   4  0.94 0.49
  303 M    0  4  0 -1 -2  0 -1 -3  1  0 -1  0  1 -2 -3  0  2 -4 -4 -1    7  21   4   3   1   3   4   2   3   4   7   6   4   1   1   7  15   0   0   4  0.23 0.26
  304 Q   -1  0  1 -2 -1  5  0 -1  1 -3 -3  1 -2 -2 -1  1 -1 -5 -2 -2    5   5   7   2   1  28   5   5   3   1   2   9   1   2   3  11   4   0   1   3  0.42 0.39
  305 K   -1  1  0 -2 -5  1 -2 -3  0 -4 -1  2 -1  0  5 -1 -2 -4  2 -3    6   7   4   2   0   7   2   2   3   1   6  11   1   4  27   5   2   0   8   2  0.46 0.37
  306 G    0  0  0  0 -1  0  0  0  0  0  0  0  0  0  1  0  0 -2  0  0    6   6   6   4   2   3   5   7   2   8   7   4   4   6   6   8   6   0   2   9  0.02 0.03
  307 M   -1 -1 -2 -1  0 -2 -2 -3 -1  0  3 -2  5  1 -1 -2 -1 -4  0  1    4   3   2   4   2   2   2   2   2   4  30   2  13   7   3   2   3   0   3  10  0.37 0.28
  308 E   -2  3 -1  0 -1  0  2 -3 -1 -2 -2  4  0 -2 -2  0 -2  1 -2 -3    2  14   3   5   1   4  15   2   2   3   5  23   2   2   2   6   3   2   2   2  0.35 0.31
  309 K   -1  4  0 -1 -5  2  0 -2  1 -2 -3  3 -4 -2  0 -1 -1 -5  3 -2    5  19   4   3   0  10   5   3   4   2   2  18   0   2   5   4   3   0  10   2  0.41 0.34
  310 A    2 -3  1  0  0  0 -1 -1  2 -2  0 -2  0  2 -1  1 -1 -1  1 -2   18   0   7   5   2   3   4   3   6   2  11   2   2  10   2  13   3   1   4   2  0.14 0.19
  311 L   -1 -3 -2 -3  4 -3 -5 -4 -5  2  5 -5  0  2 -5 -2 -3 -4 -2 -2    6   1   2   1   8   1   0   1   0   9  54   0   2   7   0   2   1   0   1   2  0.82 0.49
  312 R    0  1 -1 -2  0  2  1 -1  1  0  0  3  1 -2 -1 -1  0 -3 -1 -1    7   8   3   1   2   8   9   4   3   5   8  19   5   1   2   3   5   0   2   5  0.14 0.16
  313 P    0 -3 -4 -3 -5 -1  1 -3  0 -2 -2 -3 -2 -3  7 -2 -3 -5 -3 -1    7   1   0   1   0   3   8   2   3   3   4   2   1   1  53   2   2   0   1   5  1.20 0.64
  314 Y   -5 -5 -5 -6  1 -1 -5 -6 -3 -4  0 -5  0  2 -5 -5 -5 -2  9 -4    1   0   0   0   2   3   1   1   0   0   9   1   3   8   0   1   1   0  69   1  2.16 0.95
  315 F   -1 -2 -1 -2  1  0  0 -1  2  0  1  0  1  4 -3 -1  0  2  2 -1    4   2   2   1   4   3   6   4   5   4  11   6   3  22   1   4   6   2   6   3  0.18 0.18
  316 X   -1 -1 -1 -1 -1 -1 -1 -1 -1 -1 -1 -1 -1 -1 -1 -1 -1 -1 -1 -1    7   2   5  16   1   7  20   2   5   1   4   1   1   1  11   4   1   0   1   1  0.00     0.00
  317 L   -3 -5 -6 -2 -4 -5 -5 -6 -5  2  5 -5  0  3 -5 -5 -4 -4  0  2    2   0   0   3   0   0   0   0   0  12  51   0   2  12   0   0   0   0   4  13  0.95 0.54
  318 T    2 -1 -3 -1  2 -1 -3  0 -3  2 -1 -3  1 -3 -3  0  2 -4 -1  2   20   3   0   3   5   3   0   7   0  11   3   0   4   0   0   6  15   0   3  17  0.23 0.26
  319 N   -1  1  3  1 -3  2  0 -2  0 -2 -2  1  1 -1 -1  1  0 -4 -3 -2    4   8  14   8   0  11   6   2   2   2   4  11   5   2   2  10   4   0   0   2  0.19 0.19
  320 A    0  0 -2 -2  2  1  0  0  2  0  0 -1  1  1  1  0  0 -2  1  0    6   6   0   0   6   6   6   6   6   6   6   0   6   6   6   6   6   0   6   6  0.06 0.12
  321 V   -4 -5 -5 -6  2 -5 -5 -2 -4  2 -1 -1  2  2 -5 -5 -4 -4  5  4    0   0   0   0   4   0   0   4   0  11   6   4   4   8   0   0   0   0  23  34  0.94 0.50
  322 R   -1  4 -1 -3  0  1  0 -2  0 -1 -2  3  0 -2 -1  0 -1  1 -3 -1    5  25   3   0   2   6   4   3   2   4   4  18   2   2   3   7   3   2   0   4  0.32 0.24
  323 I    0  2  1  0  0  1  0 -2  0  0 -1  0  0 -1  0  0  1 -3 -1 -1    6  12   8   6   2   7   4   3   2   6   4   6   2   2   3   8  11   0   2   5  0.09 0.11
  324 G    0  0  2  0  1 -1 -3  5  1 -4 -2  0 -3 -4 -1  0 -1 -4 -1 -4    6   5   9   5   3   3   1  40   4   0   4   5   0   0   3   6   3   0   3   1  0.50 0.33
  325 D   -1 -1  4  4 -4  1  1 -2  0 -2 -3  0 -3 -4 -3  2 -1 -4  0 -4    3   3  21  21   0   6  10   3   2   3   3   4   0   0   0  14   3   0   4   0  0.45 0.35
  326 L    0 -1 -1 -1  0 -1 -2 -2  0  2  2 -1  0  0  1 -1 -1  4  0  0    8   4   4   3   2   2   2   2   2  14  20   2   2   3   9   4   2   6   2   5  0.12 0.14
  327 E    1  1  0  1 -2  2  2 -1  0 -3 -2  2 -2 -4 -2  1  0 -4 -2 -2   13   8   5   7   1   8  16   4   2   1   4  12   0   0   1  10   4   0   1   2  0.23 0.21
  328 L    0  2 -1  0 -4  1  2  0 -1 -2  1  2 -1 -2 -3  0 -1 -4 -2 -2    9  10   2   5   0   5  17   6   1   1  16  13   2   1   0   6   4   0   1   2  0.19 0.20
  329 F   -3 -6 -6 -6 -5 -6 -6 -6 -5 -2  3 -6 -2  7 -5 -4 -4 -3  2  1    2   0   0   0   0   0   0   0   0   1  26   0   1  51   1   1   1   0   6   8  1.50 0.69
  330 R   -2  3  2  3 -5  2  2 -1  0 -3 -2  0 -2 -4 -4 -1  0 -5 -3 -4    3  15  11  18   0  11  16   4   2   1   3   3   1   0   0   3   5   0   1   1  0.46 0.34
  331 X   -1 -1 -1 -1 -1 -1 -1 -1 -1 -1 -1 -1 -1 -1 -1 -1 -1 -1 -1 -1   13   5   8   5   0  11  14   5   2   1   3  10   0   0   0  10   9   0   0   2  0.00     0.00
  332 V    2 -3 -3 -4  1 -1 -1 -3 -2  3 -1 -2 -1 -1 -4 -1  1 -4 -1  3   22   1   1   0   3   3   5   1   1  16   5   2   1   2   0   3  10   0   2  24  0.37 0.30
  333 A    1 -3 -5 -6 -1 -3 -5 -5 -5  2  4 -5  3  0 -5 -4 -3 -5 -3  3   12   1   0   0   1   1   0   1   0  13  39   0   8   4   0   1   1   0   0  17  0.72 0.42
  334 D    0  0  1  2 -4  2  4 -1 -1 -3 -3  0 -1 -5 -4  1  0 -5 -4 -3   10   4   7  11   0  10  26   4   1   1   2   5   1   0   0  10   7   0   0   2  0.40 0.31
  335 K    0  1  1 -1 -5  2  1 -3 -1 -3 -1  4 -1 -4 -4 -1  1  0 -2 -1    7   7   6   4   0   8   7   1   1   1   5  34   1   0   0   3   7   1   1   4  0.42 0.32
  336 F   -2 -2  3 -3 -3 -1 -2  0  7 -5 -4 -3 -3  3 -1 -2 -4  1  4 -4    3   2  13   1   0   2   3   9  25   0   1   1   0  13   3   3   0   2  16   1  0.87 0.49
  337 A    1  1 -1 -2 -2  2  3  0  0 -1 -3  1 -2 -3 -4  1 -1 -5 -3 -3   12   9   2   1   1   9  25   7   2   3   1   9   1   1   0  10   3   0   1   1  0.35 0.29
  338 S    1  0  1  3 -4  1  2 -1 -1 -3 -3  0 -1 -3  0  1  0 -5 -3 -3   15   4   5  15   0   5  17   5   2   1   2   5   1   1   3  11   5   0   1   1  0.26 0.23
  339 T   -1  1 -1 -2  1  1  1 -4 -2  1  0  0 -2  2 -2 -1  2 -1 -1  1    6   8   3   1   3   8   9   0   1   8   7   7   0   9   1   2  16   1   1  10  0.14 0.18
  340 F   -6 -7 -7 -7 -6 -7 -7 -7 -6 -1  2 -7 -2  8 -7 -4 -6  3  1 -5    0   0   0   0   0   0   0   0   0   4  16   0   1  70   0   1   0   4   3   0  2.22 0.89
  341 T   -1  1 -2 -2 -2  1  1 -3 -2  3  0  0  0 -2 -3  0  1 -2 -1  2    4   9   1   2   0   7   9   1   1  20   7   4   2   1   1   5   9   0   2  14  0.17 0.19
  342 A    1  4  0 -1 -3  2  1 -1  1 -4 -4  4 -2 -4 -3  1 -2 -5 -4 -5   12  20   4   3   0   8   7   4   4   0   1  24   1   0   1   8   2   0   0   0  0.51 0.36
  343 D   -1  1 -2  7  2 -1  2 -5  0 -5 -2 -2 -2 -6 -5 -1 -3 -2 -6 -6    5   7   1  55   4   3  10   0   3   1   4   2   1   0   0   3   1   1   0   0  1.16 0.59
  344 R   -2  2  3 -1 -2 -1 -2  4  2 -6 -4  2 -4 -2 -5  0 -2 -5 -1 -5    2  13  12   4   1   3   1  33   6   0   1  14   0   2   0   7   1   0   2   0  0.61 0.38
  345 T   -3 -5  5 -4 -2 -4 -5 -5  0  3  0 -4 -2 -5 -1 -2  4 -6 -5  0    1   0  30   0   1   0   0   0   2  15   8   0   1   0   4   1  30   0   0   6  0.91 0.55
  346 H   -2 -3 -3 -5 -1  0 -1 -4  3 -1  1 -3  2  3 -5 -1 -1  4  6 -2    4   1   1   0   1   4   4   1   6   3  11   1   7  11   0   4   3   5  30   3  0.70 0.41
  347 N   -2 -2  2 -1 -1  0 -3  4  0 -2  2 -3 -1  0 -3 -1  1 -4  1 -3    1   1   9   4   1   4   1  29   2   1  24   0   1   4   1   3   9   0   4   1  0.37 0.30
  348 L   -2 -6 -7 -7  1 -6 -6 -7 -6  2  6 -6  0 -2 -3 -5  0 -5 -5  0    3   0   0   0   3   0   0   0   0   8  70   0   2   1   2   0   5   0   0   6  1.27 0.61
  349 I   -1 -5 -5 -5  1 -5 -5 -4 -5  5  2 -5  1 -1 -5 -4 -2 -5 -2  4    4   0   0   0   3   0   0   1   0  28  20   0   3   2   0   0   2   0   1  33  0.86 0.42
  350 V   -2  1 -1 -1 -2  0  3 -3 -1  0 -1  3  0 -4 -3 -1 -2 -4 -1  1    3   9   2   2   1   4  24   1   1   5   6  19   2   0   0   4   2   0   2  13  0.33 0.26
  351 R   -4  6  0 -4 -6  4 -1 -3 -2 -5 -2  3 -4 -3 -2 -2 -3 -5 -4 -5    0  43   5   0   0  22   3   1   1   0   4  14   0   1   2   2   1   0   0   0  1.09 0.56
  352 L    1 -5 -5 -3  4 -4 -5 -1 -5  1  4 -4  0 -2 -5 -2 -2 -4 -2  2   10   0   0   2   8   0   0   4   0   7  47   0   2   1   0   2   2   0   1  12  0.64 0.37
  353 R   -2  6 -3 -2 -5 -1 -1 -3  1  0  0  2 -2 -1 -2 -1 -2 -5 -2  0    2  42   0   2   0   2   4   2   3   6   9  10   1   3   2   4   2   0   1   6  0.59 0.37
  354 H    0 -1  0  1 -1  2  1 -3  4 -1 -1  0 -1 -1 -2  1  0 -4 -1 -2    9   2   3   9   1  11   9   1  14   4   5   4   1   3   1  13   7   0   2   1  0.24 0.21
  355 N    0 -1  4 -1 -1  1 -2 -2 -1  2  0 -3 -3 -2 -3  2  0 -5 -2  0    8   2  26   2   1   5   1   2   1  13   8   0   0   1   1  17   4   0   1   6  0.36 0.30
  356 V    1 -4  0 -5  3 -3 -5 -4 -1  0  1 -3  1 -1 -5 -3  0 -5 -1  5   11   1   4   0   6   1   0   1   1   3  14   2   4   3   0   1   5   0   2  42  0.59 0.39
  357 I   -3  1 -4 -4 -2 -3 -5 -6  1  5  1 -3 -1  0 -1 -4 -1  1  5  0    1   7   1   1   1   1   0   0   3  34  13   1   1   3   3   1   3   2  19   5  0.66 0.40
  358 R   -4  6 -4 -3 -3  2 -3 -5 -4 -3 -4  4 -1 -3 -5 -3 -4 -2 -5 -3    1  50   0   1   1   7   1   0   0   2   1  28   1   1   0   1   1   1   0   2  1.38 0.67
  359 T   -1  3  3 -2 -2 -1 -1 -1 -1 -2 -3  1 -2  0 -4 -1  3  2 -1 -1    4  15  14   2   1   1   3   5   1   2   1   9   1   4   0   3  25   3   2   4  0.35 0.30
  360 G    0  0  2 -4 -4 -1 -4  3 -4 -2  3 -1 -2 -2 -4 -1 -2  3 -2 -2    7   5  12   0   0   3   0  24   0   2  29   3   0   1   0   5   1   4   1   1  0.43 0.33
  361 L   -3 -6 -6 -6 -1 -6 -6 -6 -6  5  3 -6  0  4 -6 -5 -4 -5 -3  3    2   0   0   0   1   0   0   0   0  37  24   0   2  16   0   0   0   0   0  16  1.12 0.51
  362 R   -3  6 -4 -4 -6  3 -2 -3  0 -1 -2  4 -4 -5 -5 -2 -3 -6 -5 -3    2  44   0   0   0  14   1   1   2   4   4  22   0   0   0   2   1   0   0   2  1.10 0.57
  363 N   -2  4  2 -3 -3  0 -2 -3 -1 -1 -3  5  3 -5 -4 -1 -1 -5 -4 -3    2  25   8   0   1   2   1   1   1   4   1  33   8   0   0   4   4   0   0   1  0.74 0.43
  364 I   -2 -4 -5 -5 -1 -4 -4 -5 -3  5  4 -2  1 -3 -5 -4 -2 -4 -4  3    3   0   0   0   1   0   1   0   1  32  36   2   3   0   0   0   2   0   0  16  0.86 0.42
  365 S    0 -2  0 -3  1 -2 -1 -2  0 -1 -3 -1 -2  0 -3  3  3  3  1 -2    6   2   5   0   3   1   3   3   2   4   1   4   1   4   0  27  23   4   6   1  0.42 0.33
  366 I   -1  0 -1 -2 -3  2  0 -3 -1  2  3  2 -1 -1 -2 -2 -1 -4 -3  0    3   5   2   2   0  11   5   2   2  11  30  14   1   2   1   3   2   0   0   6  0.24 0.22
  367 S    2 -1  0 -3  0 -1 -1 -1  1  1 -1 -1  0 -3  0  1  2  3 -1  0   20   3   5   0   2   3   3   3   3   8   4   4   2   0   4  10  14   4   2   6  0.14 0.19
  368 Y   -2 -1  0 -1 -4  0 -3 -1  3 -2 -2 -1  1  2 -4  0  0  4  6 -1    2   3   5   3   0   5   0   4   8   2   4   3   3   9   0   7   7   5  26   4  0.49 0.38
  369 S   -1 -1  1 -3 -3 -1 -1  0  5 -1 -1  0  0 -2 -3  3  2 -4 -3 -1    5   2   6   0   0   3   2   7  16   3   7   5   2   2   0  23  13   0   0   4  0.34 0.33
  370 R   -2  4 -1 -1 -1  4 -1 -2 -3 -2 -2  2 -1 -4 -1 -1  3 -5 -1 -2    3  24   2   2   2  18   2   3   0   2   3  11   2   0   3   3  17   0   2   2  0.48 0.41
  371 I   -4 -5 -5 -1 -4 -4 -5 -5 -1  6  3 -5  1 -1 -2 -3 -3  1  0  1    0   0   0   3   0   0   0   0   2  44  25   0   3   2   3   2   0   2   3   8  0.86 0.48
  372 S   -1 -1  0 -1 -4  0 -1  0  2 -4 -3  0 -4 -3  3  4 -1 -4 -1 -4    4   2   3   4   0   4   4   5   5   0   3   5   0   1  17  35   3   0   2   0  0.50 0.37
  373 L   -1 -4 -5 -2 -3 -2 -4 -5 -4  3  4 -4  2  1 -2 -4 -2 -4  0  2    4   0   0   3   0   2   0   0   0  16  45   0   5   5   2   0   2   0   3  11  0.63 0.37
  374 V    2  0  0  1  0  0  1 -1 -1 -2 -2  1 -2  0  1  1  0 -3 -2 -1   20   5   4   8   2   5   9   3   1   3   1   8   0   6   6  10   5   0   0   3  0.14 0.16
  375 D    0 -2  0  5 -2 -1  2 -3  1 -1 -2 -1  0 -1 -3  0  0 -4 -1 -2    8   1   3  36   1   2  12   1   3   4   3   4   2   3   1   5   4   0   2   3  0.47 0.33
  376 V    0  0 -1  0  2 -1  0  0  2  0  0 -1  1  1 -2  0  0 -2  1  0    7   7   0   7   6   0   7   7   6   7   7   0   6   6   0   7   7   0   6   7  0.04 0.11
  377 A    5 -2 -4 -3  4  2 -2 -1  0 -3  0 -2 -1 -5 -3 -1 -1 -1 -2 -2   46   2   0   1   9   9   1   5   3   1   9   2   1   0   1   4   3   1   2   2  0.64 0.49
  378 R    1  1  0 -1 -1  0  1 -2  1 -1  0  1 -1  0 -3  0  1 -3 -1 -1   14   6   4   2   1   4   9   2   3   3  12  12   1   4   0   7   8   0   1   4  0.08 0.13
  379 K    3  3 -2 -3 -4  0  0 -3 -1 -2 -3  4 -1 -2 -4  0  0 -5 -2 -2   25  14   1   1   0   3   4   1   1   3   2  27   2   1   0   5   4   0   1   2  0.49 0.40
  380 L   -2 -3 -5 -5  1 -1 -3 -6 -5  1  4 -3  1  1 -5 -3 -2  4 -2  2    3   1   0   0   2   3   1   0   0   7  48   2   3   4   0   2   2   5   1  14  0.73 0.46
  381 R   -1  2  0  0 -1  3  0  2  3 -4 -3  1  1 -2 -1  0 -2 -4 -1 -2    5   9   5   4   1  13   4  16   7   0   2  11   5   2   2   7   1   0   2   4  0.23 0.24
  382 L   -2 -3 -3 -5  0  0 -2 -2 -4  2  4 -3  3  1 -5 -2 -2  4 -1  0    2   1   1   0   2   4   3   4   0  10  40   2   7   5   0   3   2   5   2   5  0.49 0.36
  383 D   -1 -2  1  3 -1  0  2  1  0 -1 -3 -1 -1 -2 -1  1 -1 -4 -2  0    5   2   6  21   1   5  12  10   3   4   2   2   2   1   2  12   3   0   1   6  0.23 0.22
  384 S   -1 -1  1  1  1 -1  0  3 -2 -2 -3 -1  0 -4 -3  3  0 -4 -2 -2    5   2   7   8   3   2   5  20   1   2   2   2   3   0   1  28   4   0   1   2  0.36 0.31
  385 P    1 -1  0  2 -2 -1  2 -1 -1 -2 -1 -1 -1 -4  2  0 -1 -4 -3 -1   14   3   3  14   1   2  17   5   1   2   5   3   2   0  12   8   3   0   0   5  0.25 0.23
  386 N   -1  0  1  1 -1  1  3 -1  0  0 -1  1  1 -1 -2  0  0 -3 -1  1    2   4   7   7   1   7  19   3   2   6   3   7   5   2   2   5   5   0   1  11  0.13 0.15
  387 P   -1 -1 -1  4 -1  0  0 -1  0 -2 -2  0 -1 -3  1  1  1 -3 -2 -2    5   3   2  27   1   3   6   3   2   3   3   7   2   1   6  13   8   0   1   3  0.31 0.22
  388 V    0 -2 -1 -1 -2  0  0 -2 -2  2  1 -1  2 -1  0 -1  0 -1  0  2    8   1   2   4   0   3   6   3   1  15  11   2   7   2   4   4   5   1   3  16  0.10 0.11
  389 A    0 -1 -1  5 -1  1  2 -1 -1 -3 -2 -1  0 -3 -1 -1 -1 -3 -2 -2   10   2   2  32   1   5  13   5   1   1   4   4   2   1   2   5   3   0   1   3  0.42 0.28
  390 D   -3 -2 -1  4 -5 -1  6 -3 -1 -5 -4 -2 -4 -5 -4 -1 -3 -5 -2 -3    2   2   3  24   0   2  51   2   1   1   2   2   0   0   1   4   1   0   1   2  1.14 0.58
  391 A    4 -4 -4 -5 -4 -2 -4 -3 -5  0  0 -4  1 -4 -4 -2  1 -5 -4  4   38   0   0   0   0   2   0   2   0   5   9   0   3   0   0   1   8   0   0  29  0.75 0.48
  392 E   -2 -1 -4 -2 -2  1  7 -6  0 -4 -6 -2 -2 -6 -5 -4 -5 -6 -2 -4    3   4   0   1   1   4  76   0   2   1   0   2   1   0   0   0   0   0   1   1  1.78 0.87
  393 S    0  0 -1 -2  6 -1  0  0 -1 -2  0  0  0  0 -3  1 -1  1  3 -2    6   4   3   2  20   2   5   6   1   0   8   5   3   4   0  11   1   2  13   1  0.29 0.23
  394 I   -2 -2 -3 -1 -1 -2 -2 -4  2  4  2 -3  1  0 -4 -2 -1 -3  3  1    3   1   0   3   1   1   2   0   7  27  21   0   4   3   0   1   4   0  11   8  0.38 0.26
  395 V   -2 -4 -4 -5  2 -4 -4 -5 -4  3  3 -4  2  0 -4 -3 -1 -4 -3  4    2   0   0   0   4   0   0   0   0  15  28   0   4   3   0   2   2   0   0  36  0.69 0.37
  396 S    3  1 -2 -3 -2  0 -1 -1  0 -1  1 -1  1  0 -3  0  0 -3 -1  1   29   8   0   0   0   5   2   2   2   2  13   3   3   5   0   8   4   0   2  11  0.15 0.17
  397 K   -1  2  3  1  0  1  1 -1  0 -2 -2  3 -1 -4 -3  0 -1 -4 -3 -3    3  11  15   8   2   7   9   3   2   3   3  24   2   0   0   4   3   0   0   0  0.31 0.21
  398 A    2 -3  0 -3  2 -1 -3 -2 -3  0  1 -3  6 -1 -3  0 -1 -3  0 -1   18   0   6   0   5   3   0   3   0   3  13   0  29   2   0   6   3   0   3   3  0.37 0.31
  399 I   -1 -5 -1 -5 -3 -4 -5 -2 -5  6  0 -4  1 -3 -5 -1 -1 -5 -3  2    4   0   4   0   0   0   0   4   0  59   5   0   4   0   0   4   4   0   0  13  0.83 0.44
  400 R   -1  3 -1  0 -1  0  1 -2  2 -3 -1  2 -1  0 -3 -1 -2 -2  4 -2    5  16   2   6   1   4  10   2   5   0   5  15   1   4   0   4   1   0  17   2  0.29 0.24
  401 D   -1  0  1  4 -5  0  2 -2  1 -3 -3  3  0 -5 -3  0 -1 -5 -4 -3    4   5   6  30   0   2  12   1   3   1   2  19   3   0   0   8   2   0   0   1  0.51 0.31
  402 G   -2 -1  2  0 -5 -1 -1  6 -1 -6 -4  0 -5 -6 -5 -1 -4 -5 -5 -3    2   3  11   4   0   2   4  61   2   0   2   5   0   0   0   3   0   0   0   2  1.07 0.49
  403 A   -1  0 -1 -1 -3  1  2 -3  1  0  1  1 -1  0 -3 -1  0  1  2  1    5   4   3   3   0   7  17   1   4   4  13   8   1   3   0   1   5   2   9  11  0.12 0.14
  404 I   -4 -5 -6 -6 -4 -5 -6 -6 -6  7  0 -5  4 -3 -5 -5 -4 -5 -4  3    0   0   0   0   0   0   0   0   0  60   7   0  10   0   0   0   0   0   0  18  1.38 0.57
  405 D   -1  2  1  2 -2  0  1 -2  1 -3 -3  4 -3  1 -3  0 -1 -4  0 -3    3  10   7  11   1   3   7   1   4   1   1  27   0   6   0   6   3   0   4   1  0.31 0.25
  406 A    5 -4 -4 -4  0 -4 -4  5 -4 -4 -5 -4 -4 -5 -4 -1 -3 -5 -5  0   46   0   0   0   2   0   0  41   0   0   0   0   0   0   0   2   0   0   0   6  1.16 0.51
  407 T   -2  3 -2 -3 -2  0 -2 -3 -1 -2 -2  0 -1 -2 -4  1  2 -1  6 -1    1  16   1   0   1   4   2   1   1   2   2   6   1   0   0  10  15   1  27   4  0.50 0.33
  408 I   -4 -5 -5 -5 -4 -5 -5 -6 -5  7  2 -5  1  1 -5 -5 -4 -5 -4  1    0   0   0   0   0   0   0   0   0  66  14   0   2   5   0   0   0   0   0   8  1.42 0.52
  409 D    0 -3  3  5 -2 -2  0 -3  0 -3 -4 -3 -2 -4 -3  3 -1 -5 -1 -2    9   0  16  33   1   0   4   0   2   1   1   0   1   0   0  24   2   0   2   2  0.68 0.36
  410 H   -3  1 -1 -2 -4  4  0 -2  8 -3 -4  0 -3 -2 -1 -2 -3  0  0 -3    2   7   1   1   0  20   4   2  40   2   1   4   0   2   3   3   1   1   2   1  1.04 0.43
  411 A    0  0 -2  1 -4  3  3 -2  0 -2 -3  3 -3 -4 -2  0 -1 -4 -3 -1    9   4   0   6   0  13  26   3   2   1   2  19   0   0   1   5   2   0   0   6  0.40 0.25
  412 N   -1  1  3  3 -4  2  0 -1  2 -3 -3  3 -1 -4 -2  0 -1 -4 -2 -2    4   7  16  16   0   9   5   3   5   1   2  19   1   0   1   6   2   0   1   2  0.36 0.22
  413 G    0  1  0 -1 -4  2 -1  5 -1 -3 -3  3 -2 -4 -3 -2 -3 -4 -4 -4    6   6   4   4   0  10   2  43   1   2   2  17   1   0   0   1   0   0   0   0  0.66 0.33
  414 W   -2 -3 -2 -4  0 -3 -2 -3 -1  2  1 -2  4  1 -2 -2  0  4  3  1    1   0   2   0   2   0   3   2   1  12  10   3  16   6   2   1   7   5  13  12  0.35 0.23
  415 M   -2 -4 -5 -5 -3 -4 -4 -5 -4  2  2 -4  5 -1 -4 -3 -3 -4 -1  5    2   0   0   0   0   0   0   0   0   8  15   0  18   2   0   2   0   0   2  46  0.90 0.42
  416 V   -1  0 -2 -2 -2  2  1 -2  0  1 -1  0 -1 -2 -3 -1  0 -4 -1  4    2   6   1   1   1   9  10   2   2   5   4   5   1   1   0   4   7   0   2  38  0.31 0.25
  417 S   -2 -3 -1 -3  0 -3 -3 -2 -3 -2  0 -2 -1  5 -1  4  0 -3 -1 -2    1   0   2   0   2   0   0   2   0   1  11   2   2  27   2  38   5   0   1   2  0.62 0.39
  418 K    0  1  0  0 -3  0  0 -1  1 -2 -1  4 -1 -3 -2  2 -1 -2 -2 -3    6   5   4   4   0   3   3   3   4   2   7  30   2   1   1  20   1   0   1   1  0.32 0.25
  419 E   -1 -1  0  3 -3  3  4 -2 -1 -4 -4  2 -2 -4 -1 -1 -2 -2 -4 -2    3   1   3  17   0  13  33   2   1   0   1  12   1   0   3   3   2   1   0   4  0.59 0.33
  420 T    0 -1  3  3 -2  0  0 -1 -2 -1 -1  0  0 -3 -1  1  2 -4 -3  0    5   2  16  16   0   4   4   4   1   3   6   4   3   0   3   8  14   0   0   6  0.20 0.17
  421 G   -1  0 -1 -1 -1 -2 -1  2 -3 -1 -1  1 -1 -3  4 -1  1 -4 -3 -1    2   5   3   2   1   1   3  19   0   3   6   9   1   1  25   3   8   0   1   6  0.39 0.23
  422 D   -1 -2  1  6 -5 -1  2 -2 -3 -2 -4 -2 -4 -1  0 -1 -3 -5 -3 -3    4   2   7  48   0   1  16   3   0   2   1   1   0   3   5   4   1   0   1   1  0.86 0.41
  423 I    0 -1 -2 -2 -3  1 -2  0 -3  3  0  0 -1  2 -3 -1  0 -3 -1  2    7   2   1   1   0   8   1   7   0  20   8   9   0  10   0   4   5   0   2  14  0.13 0.15
  424 Y   -3 -4 -4 -2 -5 -3 -4 -4  0 -4 -3  0 -4  2  0 -3 -3 -2  9 -3    2   0   0   2   0   1   0   1   1   0   2   7   0   8   4   1   1   0  66   1  1.70 0.65
  425 S    1 -1  1  1  0 -1  0  1 -1 -2 -3  0 -3 -4 -3  3  1 -4 -2 -2   13   2   6   9   2   2   5  11   1   2   1   5   0   0   0  30   8   0   2   1  0.32 0.24
  426 T   -1  0  1  0 -4 -3 -1 -1  1 -1 -2  0 -3  0  0  2  4 -5 -4 -3    4   4   5   4   0   0   4   5   3   4   4   5   0   4   6  13  33   0   0   0  0.39 0.35
  427 N    0  0  0  0  1  0  0 -1  1 -1 -1  0  0 -2  2  0  0 -3  1 -1   10   6   5   6   3   4   5   4   3   3   4   7   4   0  12   6   6   0   7   4  0.11 0.10
  428 E    0 -1  0  2  1  1  4 -1 -3 -2 -2  0 -3 -1 -3  0 -1 -4 -1 -2    6   3   3  13   3   4  35   4   0   2   3   6   0   3   0   6   3   0   2   2  0.41 0.31
  429 P    0 -1 -4 -1  0  0 -3 -4 -4  0 -1 -3  5 -1  5 -3 -1 -5 -4  1    7   4   0   4   2   4   0   0   0   6   3   0  18   2  31   0   3   0   0  12  0.74 0.45
  430 Q   -1 -2 -3  0 -4  4 -1 -1 -1  0  2  0  2  2 -4 -1 -1 -3 -2 -1    4   1   0   5   0  25   2   5   2   4  20   5   5   9   0   5   2   0   0   4  0.29 0.30
  431 A    0  1  0  1 -1  2  3 -2  2 -1 -1  1  0 -2 -1  0 -1 -4 -3 -1    9   6   5   6   2   8  20   2   5   3   7   9   3   1   2   8   2   0   0   3  0.17 0.17
  432 A    3  0  0  0 -3  1  0 -2  2 -1 -2  1 -1 -3  0  0  0 -4 -2  0   27   4   5   5   0   7   7   2   6   4   2   8   2   0   4   5   4   0   1   8  0.18 0.20
  433 F   -2 -5 -5 -5 -4 -4 -2 -5 -4  1  3 -5  0  6 -5 -4 -1  2  1  0    4   0   0   0   0   0   4   0   0   9  25   0   2  39   0   0   4   2   3   7  0.89 0.46
  434 N   -3 -2  1  4 -5  2  2  0  5 -5 -3 -2 -1 -2 -4  0 -2 -5 -3 -3    1   1   7  27   0   9  14   6  18   0   2   1   2   2   0   6   1   0   0   1  0.66 0.42
  435 S    1  2  0  0 -2  3  2 -2 -1 -1 -4  2 -1 -4 -3  2  0 -4 -3 -3   10  11   4   5   1  17  12   1   1   5   0  11   1   0   0  14   4   0   0   1  0.33 0.28
  436 R   -4  6  0 -3 -5  3  1 -1 -3 -5 -3  1 -4 -5 -4 -1 -3  0 -1 -3    0  48   4   0   0  15   9   4   0   0   2   6   0   0   0   5   0   2   2   2  0.95 0.53
  437 I   -4 -5 -5 -5 -4 -5 -5 -6 -5  7  1 -5  4 -3 -5 -5  0 -5 -4  1    0   0   0   0   0   0   0   0   0  66  11   0   9   0   0   0   5   0   0   5  1.44 0.61
  438 A    2  2  1 -1 -2  3 -1  0 -1 -3 -2  1 -2 -4 -3  1  0 -4 -2 -1   19  10   5   2   1  19   2   7   1   1   4   9   1   0   0   9   7   0   1   5  0.26 0.23
  439 F    0  2  0 -1 -4  0  0 -2 -1  0 -2  0 -2  5 -3 -2 -2 -2  2 -1    9  12   5   3   0   4   5   3   1   6   2   7   0  30   0   2   0   0   7   4  0.35 0.26
  440 C   -1 -2 -5 -5 10 -4 -3 -5 -5  0 -1 -4 -3 -2 -5 -1  0 -5 -1  1    5   3   0   0  55   0   2   0   0   5   6   0   0   2   0   5   5   0   2  10  1.55 0.60
  441 L   -2 -3  0 -4 -3 -2 -2 -4 -2  3  4 -2  4 -1 -4 -3 -1 -3 -2  1    1   0   6   0   0   1   2   0   1  16  39   2  14   2   0   0   4   0   1   8  0.54 0.32
  442 N   -1  0  2  2 -4  3  3  0  1 -2 -2  0 -3 -4 -3  0 -1 -4 -3 -3    5   3   8  13   0  18  20   8   3   2   3   4   0   0   0   7   2   0   0   1  0.36 0.26
  443 M   -4 -4 -5 -5 -2 -2 -3 -5 -5  1  5 -2  3 -1 -5 -2 -1 -4 -3  0    0   0   0   0   1   1   2   0   0   8  67   2   6   1   0   3   3   0   0   5  0.96 0.48
  444 H    0  0  1 -1 -4  0  1 -3  8 -4 -4 -2 -3 -3 -3 -1  1 -4  2 -2    7   5   6   3   0   4   8   1  43   1   1   1   0   0   1   3   8   0   7   2  0.95 0.44
  445 N   -1 -1  5  3 -4  1  1 -2 -2 -4 -3  3 -2 -5 -3  0 -1 -5 -4 -4    4   2  32  17   0   7   8   1   0   0   2  17   1   0   0   5   3   0   0   0  0.66 0.37
  446 E   -3 -1  2  2 -5  4  4 -4 -1 -4 -4  1 -1 -4 -3  0 -2 -4  1 -4    0   2   9  11   0  25  31   0   1   0   0   6   2   0   0   5   1   0   6   0  0.71 0.40
  447 A    2  1 -2 -2  2 -2 -2 -3 -3  3 -1 -1  0 -3 -3  2  0 -4 -2  0   19   7   1   2   4   1   0   1   0  22   2   3   3   0   0  22   4   0   1   5  0.27 0.25
  448 V   -2 -3 -1 -3 -3  2 -1 -4 -3  3  2 -1  0 -2 -4 -1 -1 -4 -3  4    0   0   2   0   0  10   3   0   0  14  16   4   1   0   0   6   1   0   0  39  0.46 0.31
  449 R   -1  1  1 -1  2  1  0  0 -2  0  0  0  1 -2 -2  0  0 -3 -2  0    1   7   7   0   7   7   7   7   0   7   7   7   7   0   0   7   7   0   0   7  0.03 0.12
  450 A    3  0 -2 -1 -2  0  0  0  2 -1 -1  0 -2 -3 -2  1  0 -3 -2 -1   37   4   0   4   0   4   4   5   6   4   7   7   0   0   0   9   4   0   0   4  0.20 0.21
  451 L    1  1 -2 -2 -2 -1 -1 -2 -1  0  1 -1  2  2  3 -1 -1 -1  0 -1   15  15   1   1   0   1   1   1   0   1  16   1  15  15  15   1   1   0   0   1  0.17 0.06
  452 R   -1  4  1  2 -3  2  1 -2 -1 -1 -1  1 -1 -3 -2 -1 -1 -3 -2 -2    6  33   6  13   0  13   6   1   0   6   6   6   0   0   1   1   1   0   0   1  0.29 0.11
  453 F   -2 -2 -2 -3 -2 -2 -2 -3  0 -1  1 -2  0  5 -3 -2 -2  1  5 -1    1   1   1   1   0   1   1   1   0   1  13   1   0  37   1   1   1   0  35   1  0.56 0.10
  454 P   -1  1 -2 -1 -3 -1  1 -2  0  0 -2 -1 -2 -3  6 -1 -1 -3 -3 -1    4   9   0   3   0   0  10   3   2   8   1   1   0   0  47   3   3   0   0   5  0.78 0.16
  455 A    1 -1  1  1 -2  1  0 -1 -1 -2 -1 -1  3 -3  3  1 -1 -3 -2 -1   13   2   8  10   0   6   7   2   1   0   6   2  13   0  16   9   2   0   0   3  0.22 0.12
  456 N   -1 -2  4  3 -3 -1  0 -1  2 -1 -2  1  0 -3 -3  0  1 -4 -1 -3    5   0  22  18   0   0   4   4   5   3   3  10   3   0   0   6  12   0   2   0  0.33 0.19
  457 S    2 -1  1  0 -2  1 -1 -1 -1 -2  0  0  2 -3 -1  2  1 -3 -3 -1   21   2   7   5   0   8   2   2   1   1  10   4   7   0   2  19   7   0   0   2  0.17 0.15
  458 H   -2 -1  1  0  1  1  1 -2  6 -3 -3  2 -3 -2  0  0 -1 -3  3 -2    1   2   5   6   3   6   7   2  25   0   2  12   0   0   5   7   3   0  12   3  0.45 0.24
  459 K    0  2 -1  1 -4  1  0  0 -1 -2 -2  4 -2 -4 -3  0 -1 -4 -3 -2    8  13   1   7   0   5   3   7   1   3   4  37   0   0   0   6   3   0   0   1  0.38 0.23
  460 D   -1 -1  2  3 -4  0  4 -2 -2 -2 -4  1 -2 -4  1  0 -1 -4 -3 -2    4   1   9  19   0   3  28   3   0   2   0   7   1   0   7   8   3   0   0   4  0.42 0.23
  461 K   -1  1  1 -2 -3 -1  0 -3 -1  0  2  2 -1  0  1 -1 -1 -1  0  0    2   9   8   1   0   1   7   0   1   4  27  15   0   3   6   1   4   1   4   6  0.14 0.15
  462 E   -1  0  1  2 -4  1  4 -2 -2 -1 -2  2 -3 -4 -3 -2 -1 -4  1 -1    4   4   8  10   0   4  36   3   0   4   3  12   0   0   0   0   2   0   5   4  0.42 0.28
  463 S    0 -2  2  0 -3 -1  0 -2 -2 -2  0  1 -2 -2 -3  3  1 -4 -3 -2    8   0  13   6   0   2   7   2   0   2  10   9   0   1   0  30   8   0   0   2  0.27 0.23
  464 A    3 -2  1  1 -3 -1  1  0 -3  1 -2  0 -2 -3 -2  1 -2 -4 -3 -1   38   1   7   7   0   2   8   4   0  11   3   6   0   1   1   8   0   0   0   4  0.27 0.23
  465 E    1 -1  1  1 -4  3  4 -3 -2 -3 -3  1 -3 -4 -2  0  0 -4 -4 -3   11   2   7   8   0  13  36   0   0   1   1   6   0   0   1   6   5   0   0   1  0.54 0.32
  466 K    1  0  0  1 -3  2  4 -1  0 -1 -3  2 -3 -3  0 -1 -1 -4 -2 -2   10   3   3   6   0   8  31   3   2   4   2  13   0   1   4   3   2   0   1   3  0.34 0.24
  467 R    2  4  1 -1 -3  0  1  0 -2 -2 -1  1 -2 -3 -3  0 -1  0 -3 -1   19  27   7   2   0   3  11   6   0   1   6   5   0   0   0   5   2   1   0   4  0.28 0.22
  468 R   -1  6  1  0 -4  0  0 -2  0 -1 -2  1  0 -4 -3 -1 -2 -4 -3 -1    4  48   7   5   0   3   5   2   2   3   4   5   2   0   0   3   1   0   0   4  0.63 0.33
  469 E    0 -1  0  1 -4  0  5 -3 -1 -4 -3  3 -3 -4 -1 -1 -2 -4 -4 -4    7   2   5   7   0   2  46   1   1   0   3  17   0   0   2   3   0   0   0   0  0.71 0.37
  470 R    0  6 -2  1 -4 -1 -1 -3 -2 -2 -1  1 -1 -4 -3  0  0 -4 -3 -2    7  46   0   9   0   2   2   1   0   3   6   7   1   0   0   6   6   0   0   3  0.62 0.33
  471 Q   -1  1 -1  2 -3  2  2 -2  1 -1 -1  1 -1 -1  1  0 -1  2 -2 -2    5  10   1  12   0  11  13   1   5   4   7   9   1   3   6   4   1   3   1   2  0.17 0.12
  472 Q   -1  2 -1  1 -3  4  1 -1 -1 -2 -1  1 -1 -2 -1  0  0 -3 -1 -2    5  10   2   7   0  26   7   5   1   3   7   9   1   2   2   7   4   0   2   2  0.23 0.17
  473 Q   -1 -1  0  3 -3  4  2 -2  0 -1 -1  0 -2 -1 -2  0 -1 -3 -2 -2    6   2   3  15   0  26  17   3   2   3   6   3   0   3   1   4   3   0   1   1  0.36 0.21
  474 E   -4 -1 -3  4 -6  1  6 -4 -1 -2 -2 -2 -4 -5 -4 -2 -3 -5 -4 -4    0   2   0  21   0   4  60   0   2   2   6   0   0   0   0   2   0   0   0   0  1.21 0.54
  475 Q   -1  2 -1  0 -3  1  2  0 -2  0  1  0  3 -1 -3 -1 -2 -3 -2  0    2  11   1   4   0   7  20   8   0   4  13   5  12   2   0   4   0   0   0   5  0.18 0.17
  476 E   -3 -2 -2  3 -5  0  7 -4 -3 -4 -5 -1 -4 -1 -4 -1 -3 -5 -4 -5    1   1   1  14   0   2  70   0   0   1   1   2   0   3   0   3   0   0   0   0  1.36 0.56
  477 L   -2 -1 -3 -2 -3 -3 -4 -5 -4  2  4 -4  2  2 -4 -3 -3  2  0  0    3   4   1   2   0   0   0   0   0  11  54   0   5   9   0   2   0   3   2   3  0.62 0.32
  478 A    4 -2 -3  0 -3  0  0 -3 -3  1  2 -3  2 -3 -3 -1 -2 -4 -3  0   43   1   0   6   0   4   7   0   0   7  19   0   5   0   0   1   0   0   0   7  0.41 0.30
  479 K    1  2  1  1 -4  2 -1 -3 -2 -4 -3  5  0 -4 -2  0 -2 -4 -2 -3   14   9   6   8   0   7   1   0   1   0   2  41   3   0   1   4   0   0   1   0  0.54 0.32
  480 H    2 -1 -2  2 -4  0  4 -1  3 -4 -4 -1 -3 -4 -3 -1  0 -4 -1 -3   20   3   0  14   0   2  33   4   9   0   1   2   0   0   0   2   6   0   2   1  0.52 0.32
  481 I   -2 -3 -2 -3 -3 -3  0 -2 -4  5  2 -3  4  0 -4 -2 -2 -3 -1  1    2   0   2   0   0   0   9   4   0  38  16   0  16   3   0   2   0   0   1   5  0.51 0.30
  482 A    2 -2 -1  0 -3  2  3 -1 -2 -1 -1 -1  1 -2 -3  1 -1 -4 -3 -1   24   0   2   4   0  13  20   5   0   2   7   0   6   1   0  10   1   0   0   4  0.27 0.23
  483 E   -3 -2 -2  4 -5  0  6 -4 -3 -4 -2 -2 -4 -1 -3  0 -3 -5 -4 -4    0   1   0  25   0   2  53   0   0   0   4   0   0   3   0   8   0   0   0   0  1.04 0.46
  484 E   -1 -3 -2  3 -4 -1  3  3 -3 -3 -1 -2 -2  0 -2 -1 -2 -4 -3 -2    3   0   0  19   0   0  28  26   0   0   8   1   1   5   2   3   1   0   0   4  0.47 0.29
  485 D   -3 -4  0  7 -5 -2  3  0 -3 -5 -5 -3  1 -2 -4 -1 -3 -6 -5 -5    0   0   3  62   0   0  17   6   0   0   0   0   5   2   0   5   0   0   0   0  1.22 0.49
  486 D   -3 -3 -1  5 -4 -2  1  0 -2 -1  2 -3  0  1 -4 -2 -3 -4 -3 -3    0   0   1  40   0   0  10   7   0   3  28   0   2   5   0   2   0   0   0   0  0.59 0.33
  487 D   -3 -4 -1  7 -6 -3  1  0 -3 -5 -3 -3 -5 -6 -4 -2 -2 -6 -5 -5    1   0   0  80   0   0   6   6   0   0   4   0   0   0   0   2   2   0   0   0  1.57 0.52
  488 E   -3 -2 -1  6 -5 -1  3  1 -3 -5 -5 -2 -4 -5 -3 -1 -2 -5  0 -5    1   1   0  59   0   0  23   9   0   0   0   0   0   0   0   4   1   0   4   0  1.10 0.38
  489 F   -4 -5 -5 -6 -4 -5 -5 -5 -3 -2 -1 -5  2  8 -6 -4 -4 -1  1 -3    0   0   0   0   0   0   0   0   0   0   0   0   6  93   0   0   0   0   1   0  1.96 0.46

                      K         Lambda
Standard Ungapped    0.1323     0.3197
Standard Gapped      0.0461     0.2670
PSI Ungapped         0.1509     0.3147
PSI Gapped           0.0461     0.2670
