
Last position-specific scoring matrix computed, weighted observed percentages rounded down, information per position, and relative weight of gapless real matches to pseudocounts
           A  R  N  D  C  Q  E  G  H  I  L  K  M  F  P  S  T  W  Y  V   A   R   N   D   C   Q   E   G   H   I   L   K   M   F   P   S   T   W   Y   V
    1 M   -3 -4 -5 -5 -3 -3 -4 -5 -4 -1  2 -4  9 -2 -5 -4 -3 -4 -3  1    0   0   0   0   0   0   0   0   0   0  18   0  73   0   0   0   0   0   0   9  1.58 0.46
    2 D   -1 -2  1  5 -5  1  5 -3 -2 -4 -3 -2 -1 -1 -3 -2 -2 -5 -4 -1    3   0   5  32   0   5  42   0   0   0   2   0   2   3   0   0   0   0   0   6  0.78 0.31
    3 E   -1 -2  1  3 -4  1  5 -3 -2 -4 -2  0 -1 -4 -3  1  0 -5 -4 -4    3   0   7  15   0   4  47   1   0   0   4   3   2   0   0   9   6   0   0   0  0.65 0.29
    4 S   -1 -2 -1  3 -3  1  1 -1  1  0 -1  0  0 -3  0  1  0 -4 -3  0    4   0   0  23   0   9   9   3   3   7   3   6   4   0   4  14   4   0   0   7  0.21 0.15
    5 L   -3 -2 -3 -2 -4  2  3 -2  0 -1  2  0  1  3 -2 -2 -1 -3 -1 -2    0   0   0   0   0  12  21   4   2   2  28   4   4  16   2   2   3   0   0   0  0.31 0.24
    6 E    0 -1  1  1 -4  2  4 -3 -2 -3 -4  1 -1 -4  1  1  0 -4 -3 -2    9   2   6   8   0   7  33   0   0   0   0  10   2   0   7   8   5   0   0   4  0.42 0.23
    7 H   -1 -1  0 -1 -3  1  0 -1  3  0  0 -1  3  1  0 -1  1 -3  0  0    2   3   4   2   0   9   5   5  10   5   8   3  12   6   4   3  11   0   2   6  0.09 0.12
    8 Q    0 -1  0  1 -4  3  3 -3  0 -4 -2  2 -3 -4  2  0 -2 -4 -3 -2    9   1   3   7   0  16  26   0   2   0   5  12   0   0  10   4   1   0   0   3  0.42 0.25
    9 T    0 -2  0  0 -3  0  1 -3 -3 -2 -1  0 -2 -1  2  2  3 -4 -3 -1    8   0   4   5   0   4  10   0   0   1   5   4   0   3  10  16  26   0   0   4  0.29 0.23
   10 Q    0 -1 -2  0 -4  1  1 -1  1 -2  1  0  5 -3  1  0  0 -4 -3 -2    7   2   1   5   0   6  10   4   4   1  12   4  22   0   8   7   5   0   0   2  0.26 0.26
   11 T    1 -2  2  1 -3 -1  0  1 -3 -2 -2  0  1 -2 -1  2  2 -4 -3 -2   11   1  12   7   0   1   6   9   0   1   3   6   4   2   2  16  18   0   0   1  0.23 0.21
   12 H   -1  2  0  1 -4  1  0 -2  2 -3 -2  3 -1 -3 -1  1 -1  1 -3 -2    5  12   4   6   0   5   5   2   6   1   3  26   2   0   3  12   4   2   0   3  0.30 0.24
   13 D    0 -1  1  3 -4  1  2  1 -3 -3 -4  3 -3 -3 -3  0 -2 -5 -4 -1    9   1   5  19   0   5  12   9   0   2   1  24   0   1   0   7   1   0   0   4  0.41 0.30
   14 Q   -1 -2  1  2 -5  2  3  3  2 -4 -1 -2 -2 -5 -1 -1 -2 -5 -4 -4    3   0   7  13   0  10  25  20   5   0   7   1   1   0   2   3   1   0   0   1  0.46 0.33
   15 E   -1 -1 -1  3 -5 -1  5 -2 -3 -4 -4  2 -3 -6  1  0 -3 -6 -5 -3    5   3   2  14   0   1  40   3   0   1   2  13   0   0   7   8   0   0   0   1  0.68 0.43
   16 S    1 -1  2  1 -3  0  0  0  0 -1 -2  1 -1 -2 -2  2  0 -4 -2  0   11   2  14   9   0   4   7   5   2   2   2   8   1   2   1  17   3   0   1  10  0.16 0.17
   17 E    2 -3 -3  2  1  0  4 -2 -3 -1 -3  1  0 -2 -2  0 -1 -5 -4 -1   21   0   0  12   3   3  31   2   0   5   2   7   2   1   1   4   2   0   0   4  0.42 0.32
   18 I   -1 -1  0  0  1 -1 -1 -2 -1  3  1 -1  2  0 -2  0  0 -3 -2  1    3   3   4   5   4   2   4   2   1  21  17   4   5   4   1   7   5   0   0   9  0.11 0.13
   19 V    0 -1 -1  0 -1 -1  0 -2 -1  1  1  0  0  2  0 -1  0 -2  1  0   12   1   3   5   1   1   6   2   1  10  16   6   2  10   4   3   7   0   5   5  0.04 0.08
   20 T   -1 -1  0  0 -3 -2  1  0 -3  0 -1 -1 -1 -3 -1  0  4 -4 -2  2    4   2   4   4   0   1   8   8   0   3   4   4   2   0   3   4  33   0   1  14  0.29 0.28
   21 E    0 -3 -1  1  6 -1  3 -3 -1  1 -2  1 -1 -4 -3  0  0 -5 -4 -3    7   0   2   8  18   1  25   2   1   9   3   8   1   0   1   5   7   0   0   0  0.48 0.35
   22 G    1 -1  1  1 -4  1  1  2 -1 -4 -2  1 -2 -3  2  2 -1 -4 -3 -3   10   3   6   8   0   5  10  14   2   0   3   9   0   1  12  15   1   0   0   0  0.28 0.22
   23 S    2 -4 -2 -1 -1  0  0 -2 -4 -4 -3 -2  1 -2  6  3 -1 -5 -5 -3   15   0   1   3   2   3   6   3   0   0   2   1   3   2  35  20   2   0   0   1  0.77 0.45
   24 A    1 -3  0  2 -4  0  4 -1 -2 -3 -3 -1 -2 -3 -1  1  0 -4  2 -2   15   0   4  12   0   2  27   5   0   1   1   3   1   0   2  11   5   0   9   2  0.38 0.31
   25 V    0 -2 -1  0 -2 -1 -1 -1 -1 -1  1 -1  1  1 -2  1  0 -2  4 -1    6   1   2   7   0   3   3   5   1   2  16   5   5   4   2  10   5   0  20   4  0.16 0.19
   26 V    3 -3 -1 -2 -3 -1 -1 -1 -3  0  0  0  1  0 -1  0  1  0 -3  2   31   0   2   2   0   2   3   3   0   3   7   5   3   4   2   6   9   1   0  15  0.21 0.23
   27 H   -2 -2  0  1 -5  0  2 -1  2 -4 -3  0 -2  0  1  0 -1 -3  5 -3    2   1   5   9   0   3  15   4   4   0   1   7   1   3   7   7   3   0  26   2  0.44 0.33
   28 S    0 -2  0  0 -4  0  0  4 -1 -3 -4 -2 -3 -3  1  2  0  0 -2 -2    7   2   5   5   0   4   5  33   1   1   1   1   1   1   6  17   5   1   1   2  0.40 0.28
   29 E    1 -2 -2  2 -4  2  4 -1 -3 -1 -2  1 -3 -3 -1  1 -1 -5 -4 -3   13   0   1  11   0   7  32   4   0   4   4   9   0   1   2   9   2   0   0   1  0.44 0.33
   30 P    0 -2  0  1 -1 -1 -1  0 -1 -1 -2 -1 -2 -3  5  1  0 -4 -4 -2    9   2   3   7   1   3   3   6   1   5   4   2   1   1  30  13   5   0   0   3  0.45 0.27
   31 S    0 -3  0 -1 -3 -1  0  3 -1 -1  0 -2  0 -2  1  1  0 -4 -3  0    9   0   4   3   0   2   7  26   1   4  11   2   4   1   6  10   5   0   0   5  0.19 0.16
   32 Q   -1  0  1  1 -3  2  3 -3 -1 -3 -4  0 -2 -4  0  3  0 -5 -2 -3    4   6   5   8   1  11  23   0   1   1   1   3   1   0   5  25   4   0   1   2  0.44 0.33
   33 E   -1 -2 -2  2 -5  0  4 -1 -2 -2 -2  0 -4 -2  4 -2 -1 -5 -4 -2    3   1   0  14   0   3  30   6   1   3   3   6   0   2  21   1   4   0   0   3  0.58 0.36
   34 G    1 -2 -1  0 -2 -2  0  2 -3 -2 -1 -2 -1 -2  4  0  0 -4 -2  0   11   1   2   6   1   1   7  17   0   1   5   2   2   1  22   6   4   0   2   8  0.33 0.23
   35 N    1 -1  1  3 -4 -1  2 -2 -2 -4 -2  2 -2 -4  0  1  0 -2 -3 -2   15   2   7  20   0   0  13   2   1   0   4  14   1   0   4   9   5   1   1   3  0.31 0.25
   36 V    0 -3 -3 -2 -3 -3 -1  0 -3  4  0 -1 -1 -1 -1  0 -2  1  0  3    9   1   0   1   0   0   4   7   1  27   5   3   1   3   3   8   1   2   3  21  0.27 0.23
   37 P   -2 -2 -1 -3 -2 -3 -1 -4 -3 -4 -3 -2 -4 -5  7  1  0 -5  0 -3    3   2   3   1   1   1   3   1   1   1   2   3   0   0  56  11   5   0   3   2  1.32 0.59
   38 P   -2 -4 -2 -1 -5 -2 -1 -3 -3 -2 -2 -1 -3 -5  7 -2 -1 -6 -5 -2    2   0   2   3   0   2   5   1   1   2   5   3   1   0  62   3   3   0   0   3  1.48 0.63
   39 K   -1  0  5  0 -2  0  1 -2 -1 -3 -3  4 -4 -4 -1 -2 -2  4 -4 -2    4   5  30   5   1   3   7   3   1   1   2  24   0   0   3   1   1   5   0   3  0.59 0.37
   40 V    3 -2 -2 -1 -3 -1  2 -2 -2 -1  0 -1  2 -2 -3  0  0 -4 -3  2   29   1   2   3   0   2  13   1   1   3  10   2   6   2   0   5   5   0   0  15  0.26 0.25
   41 D   -3 -1  0  4 -4  1  2  0  1 -4 -4 -1 -3 -5 -1 -1  3 -5 -3 -3    1   2   4  27   0   6  15   9   3   1   1   3   1   0   3   2  20   0   1   2  0.54 0.35
   42 S   -1 -3 -2  2 -1 -1  1 -3 -1  0  1 -1  1  3 -2  1  0  2 -1 -1    3   0   1  11   1   2  11   1   1   5  16   2   3  16   2  12   4   3   1   4  0.17 0.17
   43 E   -2 -3 -2  1 -2  1  4 -4 -1  2 -1 -1 -1  0 -2 -1  0  4 -2  0    2   0   1   6   1   5  34   1   1  11   4   3   1   4   2   3   7   5   1   7  0.41 0.29
   44 A    0 -1 -1  2 -2 -1  0 -1 -2  1  0  0  1  1 -1  0  0  0 -1  1    5   3   2  13   0   2   5   3   0   7  10   5   5   6   2   9   3   2   1  16  0.07 0.10
   45 E   -3 -1  0  2 -4 -1  5 -3 -3  0 -1 -2 -2 -4 -1 -1 -1 -2 -3  1    1   4   4   9   0   2  44   1   0   6   6   1   1   0   3   4   3   1   1  10  0.58 0.37
   46 V   -2 -4 -3 -2  2 -2 -2 -3 -2  2  4 -3  1 -2 -2 -1  1 -1 -2  2    2   0   1   2   4   1   3   2   1  10  39   1   3   1   1   3  11   1   1  13  0.39 0.27
   47 L   -2 -1  0 -2 -4 -1  1  4 -2  0  1  0 -1 -3 -2 -2 -1 -2 -4 -1    2   2   4   1   0   2   9  34   1   6  18   8   1   1   2   2   3   0   0   3  0.34 0.26
   48 D   -2 -5  3  7 -4 -3 -1 -2  0 -6 -5 -4 -6 -7 -5 -1 -2 -7 -6 -3    3   0  12  66   0   1   2   3   3   0   1   1   0   0   0   5   2   0   0   2  1.59 0.73
   49 E   -2  0 -1  0 -6 -1  2  5 -3 -6 -5  1 -5 -3 -5 -2 -4  2 -5 -5    2   6   2   6   0   2  16  47   0   0   1  10   0   1   0   2   0   3   0   0  0.88 0.49
   50 K   -2  0 -1 -3 -1  1 -3  5  1 -5 -3  2 -3 -2 -3  2 -1 -5 -2 -5    1   4   3   1   1   6   1  42   3   0   3  13   0   2   1  14   3   0   2   0  0.66 0.42
   51 V   -2 -6 -6 -6 -2 -6 -6 -6 -6  5  2 -6 -2  1 -6 -5 -2 -5 -4  5    2   0   0   0   1   0   0   0   0  36  15   0   0   5   0   0   2   0   0  38  1.21 0.58
   52 S   -2  1 -3 -3 -4  0  0 -4 -1  2  2  2  2  0 -4 -2  0 -4 -1  2    1  10   0   1   0   4   5   0   2  14  19  12   5   4   0   2   7   0   2  13  0.24 0.23
   53 K   -5  3 -5 -5 -4 -2 -3 -6 -1 -5 -6  8 -2 -7 -6 -4 -5 -7 -6 -5    0  14   0   0   1   1   1   0   1   1   1  78   1   0   0   1   0   0   0   1  2.10 0.96
   54 Q   -3  4 -1  0 -2  2  0 -3  0 -4 -3  4 -3 -2 -4 -1  1 -5 -1 -4    1  21   3   4   1   8   5   1   2   1   2  32   0   2   0   4  11   0   2   1  0.64 0.43
   55 I   -2 -1 -6 -6 -4 -3 -5 -6 -6  6  0 -4  0 -3 -5 -5  1 -6 -4  4    2   3   0   0   0   2   0   0   0  46   5   1   2   1   0   0   8   0   0  29  1.15 0.58
   56 I   -3 -2 -5 -5 -2 -2 -4 -5 -5  4  4 -1  1 -2 -4 -3  0 -5 -2  1    1   2   0   0   1   1   1   1   0  27  42   4   2   0   1   2   6   0   1   8  0.74 0.44
   57 K   -2  3 -1 -2 -3  2  0 -3  4 -1 -3  4 -3 -4 -4 -1  0 -5 -1  1    2  17   2   2   0   9   5   2  10   4   1  26   0   0   0   3   5   0   2  12  0.48 0.37
   58 E    1  1 -2  1 -3  0  4  0 -2 -5 -4  2 -4 -4  2 -1 -2 -5 -4 -3   11   7   1   7   1   4  29   7   1   0   1  13   0   1  11   3   2   0   0   2  0.48 0.36
   59 G    0 -4 -3 -6 -7 -6 -6  7 -6 -7 -7 -3 -2 -7 -6 -1 -4 -7 -7 -7    6   1   1   0   0   0   0  83   0   0   0   1   1   0   0   4   1   0   0   0  2.11 0.91
   60 H    0  0  0  0 -3  1  3 -2  3 -1 -3  1 -3 -4 -2  0  2 -5 -2 -1    6   5   5   5   1   6  22   3   7   3   1   7   0   0   2   7  12   0   1   5  0.27 0.25
   61 G   -1 -3 -3  0 -6 -4 -2  6 -2 -6 -4  0 -5 -1 -4 -1 -4 -2  0 -4    4   1   1   5   0   1   2  63   1   0   1   6   0   3   1   4   1   1   3   1  1.21 0.61
   62 S   -2 -1 -1  4 -5  0  3 -3 -3 -1 -3 -1 -2 -1  0  1  0  1  1 -2    3   2   2  21   0   3  23   1   0   4   2   3   1   2   5  12   7   2   5   2  0.37 0.32
   63 K   -2  3 -1 -2 -1 -1  0 -3  0  1  1  3 -1 -1 -1 -2  0 -4 -3  0    2  19   2   1   2   2   4   1   3   7  14  20   1   3   3   2   6   0   0   6  0.27 0.25
   64 P   -3 -6 -4 -4 -2 -5 -2 -5 -6 -1 -5 -4 -6 -3  8 -4 -2 -7 -4  1    2   0   1   1   1   0   3   1   0   4   1   1   0   1  69   1   3   0   1   9  1.91 0.92
   65 S   -1  0  4 -1 -3  1  0 -2 -1 -3 -3  1 -1 -3  3  0  1 -5 -4 -2    5   5  25   3   1   7   6   2   1   1   2   9   2   1  13   6   9   0   0   2  0.41 0.33
   66 K   -1  0  0  4 -2  0  2 -2 -1 -2 -1  2 -2 -2  2 -1 -1 -1 -1 -3    3   4   3  22   1   2  16   3   2   2   6  14   1   2   9   3   3   1   2   1  0.32 0.26
   67 Y   -2 -2  0  2  2 -4 -2  6  0 -3 -4 -1 -4 -3 -4 -2 -1 -5 -1 -4    2   2   4  11   4   0   2  54   2   1   2   3   0   1   0   2   4   0   3   1  0.90 0.48
   68 S    3 -2 -1  0  0  2  0 -1 -2 -4 -3 -3 -1 -4 -2  3  1 -5 -2 -2   29   1   2   6   2   8   5   4   1   0   1   0   1   0   2  25   8   0   1   1  0.45 0.36
   69 T   -1  2 -1  0 -1  0  0 -2 -1  0  0  1 -1 -1 -1  1  1  0 -2  0    4  12   2   5   1   4   7   2   1   5   9  11   1   2   2   9  12   1   1   9  0.08 0.11
   70 C    0 -5 -5 -5  7 -5 -5 -5 -2  0 -1 -5 -1 -2 -2 -3  0 -5 -4  5    8   0   0   0  20   0   0   0   1   2   3   0   1   1   2   1   4   0   0  52  1.09 0.56
   71 F   -1  1  0 -1 -3  0  1 -2 -1  0 -1  1 -2  0 -3  0  3  2 -1  0    5   8   3   3   0   3   9   1   1   5   6  11   0   3   0   3  24   3   2   9  0.17 0.19
   72 L   -1 -4 -5 -5  1 -4 -4 -5 -4  3  0 -1  1  3 -4 -4 -3 -4  0  5    5   0   0   0   3   0   0   0   0  20   6   4   3  11   0   0   0   0   3  43  0.71 0.39
   73 H   -2  0  2  0 -4  1  0 -2  6 -2 -2  2 -3 -1 -3 -1 -1  1  0  0    3   4   9   4   0   6   4   2  28   2   4  12   0   3   0   3   3   2   2   7  0.44 0.29
   74 Y   -1 -1 -4 -5  1 -3 -4 -4 -2  1  2 -4  0  3 -4 -2 -3  1  6  0    4   4   0   0   3   0   0   1   0   8  17   0   3  12   0   3   0   2  36   5  0.75 0.39
   75 R   -1  1  0 -1  0  1  1 -3 -2  2 -1  1  0 -1 -3  1  1 -3 -2  0    2  10   3   3   3   5   8   0   0  14   4  11   2   2   0  12  12   0   0   7  0.13 0.15
   76 A    0  0  0 -2  2 -1  0  0 -2  0  0  0  1  1  1  0  0 -2  1  0    6   6   6   0   6   0   6   6   0   6   6   6   6   6   6   6   6   0   6   6  0.04 0.09
   77 W   -2  3 -3 -3 -2 -1 -2 -4  1 -3 -2  3  2  0 -4  0  1  4  4 -2    2  13   1   1   1   2   1   1   3   1   4  20   6   3   0   8   8   6  17   2  0.54 0.37
   78 T   -2 -1 -1 -3  3 -2 -4 -2  1  0  4  0 -1  1 -2 -2 -1  2 -3  0    2   4   3   1   7   1   1   3   3   4  43   6   1   5   2   2   4   2   1   5  0.43 0.29
   79 K   -1 -2 -2  2  2  2  5 -1  0 -3  0 -1 -2 -4 -2 -1 -2 -4 -3 -2    5   1   1  10   4   8  34   5   2   1  11   3   1   0   2   5   2   0   1   3  0.46 0.33
   80 N   -2 -3  3  5 -5 -2  0  2  2 -3 -5 -2 -4 -2 -2  0 -2 -4  0 -3    3   1  14  35   0   1   4  13   5   1   1   2   0   2   2   7   2   0   4   2  0.71 0.40
   81 S   -1 -1  0  1 -3 -1  2  4 -2 -3 -2 -2  0 -3 -1  0  0 -1 -4 -2    3   4   4   8   1   2  12  34   1   2   4   2   3   1   3   8   5   1   0   2  0.41 0.27
   82 Q   -2  0 -1  2 -2  0  1  1 -1 -2 -2  0 -1 -3 -1  0  4 -3 -3 -2    2   5   2  12   1   3  10  13   1   2   3   6   2   1   3   5  25   0   1   3  0.30 0.23
   83 H    0  1 -1 -1 -2  0  2 -2  2 -1 -1  1 -1  0 -1  0  1 -2 -1  1    6   7   2   2   0   4  15   2   5   4   6  10   1   4   3   5   9   0   2  12  0.09 0.10
   84 K   -1 -2 -2 -1 -3 -2 -1 -3 -2  1 -1  1 -2  2  3 -1 -1 -2 -2  3    3   2   2   3   0   2   4   2   1   8   5   9   1   9  18   4   4   1   1  23  0.32 0.22
   85 F   -2 -3 -3 -3 -1 -3 -2 -2 -3  2  1 -3 -2  6 -2 -3 -1 -1  3  0    3   1   1   2   2   1   3   3   0  12  11   2   1  36   2   2   3   1   9   5  0.69 0.32
   86 E   -3 -1  0  6 -2 -1  2 -2  0 -2 -3  2 -1 -3 -3 -2 -3 -1  0 -3    2   3   4  41   1   2  12   4   2   2   3  11   1   1   1   2   2   1   3   2  0.70 0.37
   87 D   -2  0  0  5 -1 -1 -1  0 -3 -3 -4  1 -4 -4 -3  4  0 -2 -4 -2    1   4   3  28   1   2   3   7   0   2   1   9   0   1   1  28   6   1   0   2  0.61 0.38
   88 T   -2  1  1 -2 -3  0 -2  1 -3 -3 -2  0 -2 -3 -3  3  3 -4 -3  0    2   9   7   2   0   3   2  11   0   1   4   5   1   1   1  26  19   0   1   6  0.39 0.31
   89 W   -2  3 -3 -4  0 -2 -2 -1  2  1  0  0  0 -1 -3 -2 -1  3  2  3    2  18   1   0   2   1   1   5   6   7   9   5   2   2   1   3   3   4   8  20  0.28 0.23
   90 H   -1 -1  0  2 -1  1  2 -1  1 -2  0  0 -1  3 -1 -1  0 -1 -1 -1    4   2   3  12   1   6  12   4   3   2   8   7   1  15   3   5   6   1   1   3  0.13 0.15
   91 E   -2  4 -2  3 -3  0  3 -2 -1 -2 -2  0  0 -4 -2 -2 -2 -2 -1  0    3  21   2  17   0   3  21   3   1   2   3   5   3   0   1   2   1   1   2   6  0.46 0.33
   92 Q   -2  0  1  1  0  2  3  4 -2 -5 -4  1 -4 -3 -2  0 -2 -5 -1 -3    1   5   7   8   2   8  17  28   1   0   1   8   0   1   1   6   1   0   2   2  0.47 0.33
   93 Q   -2  3 -1  1 -5  2  3 -2  1 -3 -2  3 -1 -4 -1 -1  1 -5 -3 -2    2  13   3   7   0   9  19   3   3   1   3  17   1   1   3   4   8   0   1   2  0.38 0.29
   94 P   -2 -2  0  2 -5 -2  2 -2 -2 -5 -4  0 -5 -4  6 -1 -2 -3 -5 -5    4   3   5  10   0   2  13   3   1   1   2   5   0   1  44   5   2   1   0   1  1.04 0.57
   95 I   -2  0 -3 -4 -2 -4 -1 -5 -1  0  2 -2  4  5 -5 -4 -2 -1  1  1    3   6   1   1   1   0   4   1   2   3  19   3  13  24   0   1   3   1   4  12  0.56 0.36
   96 E   -3 -1 -1 -2 -1  1  5 -5  1 -3 -2  3 -2 -4 -4  0  2 -6 -4 -1    2   3   2   2   1   5  34   0   3   1   3  15   1   1   0   7  13   0   0   5  0.60 0.43
   97 L   -5 -6 -7 -5  1 -5 -5 -7 -4  2  2 -6  4  7 -7 -6 -3 -2  0  0    1   0   0   1   3   1   1   0   0  12  18   0   8  45   0   0   2   1   3   6  1.34 0.63
   98 V   -2  1 -1 -2  1  0  0 -1  1  3 -2  1 -2 -2 -4 -2  2 -5 -2  2    2   6   2   2   3   4   7   5   4  16   2  11   1   1   0   1  14   0   1  19  0.24 0.24
   99 L   -3 -5 -5 -5 -3 -3 -3 -5 -6  4  4 -5  0 -2 -5 -2  1 -5 -2  2    2   0   0   0   0   1   2   0   0  25  35   0   2   1   0   2  10   0   1  16  0.78 0.45
  100 G   -4 -5 -4 -3 -3 -5 -5  7 -5 -2 -5 -5 -4 -5 -5 -3 -4 -5 -5 -4    1   1   0   2   1   0   1  84   0   2   1   1   1   0   1   2   1   0   0   1  2.08 0.84
  101 K   -1  1  1  3 -3  1  3 -1 -1 -3 -3  3 -1 -2 -1 -1 -1 -3 -3 -3    4   6   7  15   0   4  20   4   1   2   3  18   1   2   3   4   2   0   1   2  0.36 0.22
  102 E   -1 -2 -2  4 -3  1  4  1  0 -4 -4  1  1 -4 -3 -1 -2  1 -3 -4    4   2   1  22   1   7  27   9   2   1   1   9   4   1   1   3   2   2   1   1  0.60 0.39
  103 K   -1 -1  0  0  1 -2  2  3  1 -3 -3 -1 -2  3 -2  0 -2 -1  0 -2    4   3   4   6   4   1  13  22   3   1   2   4   1  16   2   7   2   1   2   3  0.28 0.23
  104 K   -1 -1  0  3 -1  3  2 -1 -2 -1 -2  3  0 -4 -2 -1 -1 -3 -3 -2    5   1   5  14   2  12  13   5   0   5   5  18   2   0   1   4   4   0   1   3  0.28 0.25
  105 E   -2 -3 -4 -2 -3 -1  1 -4 -2  2  0 -3 -2 -1 -3 -2  0 -3 -3  5    3   1   1   2   0   3   9   1   1  11   9   1   1   2   1   3   6   0   0  43  0.59 0.34
  106 L   -4 -6 -3 -5  1 -5 -4 -5 -2  5  3 -6  1 -2  3 -4 -2 -2 -3  1    1   0   1   0   2   0   1   1   1  34  24   0   3   2  17   1   2   1   1   8  0.88 0.50
  107 A   -1 -1 -3  1 -1  3  4 -4  0 -2 -4  1 -4 -4  2 -1 -1  3 -3 -3    4   3   1   9   2  12  29   1   2   2   2   8   0   1  12   4   4   4   1   2  0.55 0.41
  108 G    2 -5 -5 -3 -3 -4 -3  6 -3 -2 -5 -4 -5 -3 -6 -4 -5 -6 -5  2   14   0   0   1   1   0   2  60   1   2   1   1   0   1   0   1   0   0   0  13  1.33 0.68
  109 L   -6 -5 -7 -8 -3 -6 -7 -7 -3  2  4 -7  2  1 -7 -7 -5  8 -4  2    0   1   0   0   0   0   0   0   1  12  41   0   5   5   0   0   0  23   0  11  1.52 0.71
  110 A   -4 -3 -3  6 -3 -3  6 -3 -2 -8 -8 -5 -7 -8 -6 -5 -4 -8 -5 -5    2   1   1  37   1   1  52   2   1   0   0   0   0   0   0   0   1   0   0   1  1.83 0.90
  111 I   -1  2 -3 -2 -2  0  0 -4 -2  3  2  1  3 -1 -4 -2  0 -4 -2  0    5  11   1   1   1   5   5   0   1  16  19  11   7   2   0   1   7   0   1   6  0.26 0.24
  112 G    5 -6 -5 -6  5 -5 -5  2 -6  1 -1 -5 -1 -6 -4 -1 -1 -3 -6  0   44   0   0   0  12   0   0  16   0   7   5   0   2   0   1   4   3   0   0   5  0.91 0.55
  113 V   -2 -5 -7 -7 -2 -6 -7 -7 -7  4  4 -6 -1 -1 -7 -6 -4 -6 -5  5    3   1   0   0   1   0   0   0   0  19  34   0   1   2   0   0   0   0   0  39  1.27 0.63
  114 A    1  2 -3 -3  1  3  2 -2 -4 -3  0  1  2 -5  0  1 -1 -5 -4 -3   13  11   0   1   3  12  12   2   0   1   8  10   6   0   5   9   4   0   0   1  0.30 0.30
  115 S   -2 -1  0 -5 -3 -1 -3 -4  1 -4  1  2  2 -5 -5  3  4 -6 -4 -4    2   4   4   0   0   3   0   1   3   0  13  14   5   0   0  25  23   0   0   0  0.62 0.49
  116 M   -5 -8 -9 -9 -8 -7 -6 -9 -8 -4 -2 -8 11  0 -6 -8 -6 -2 -7 -3    1   0   0   0   0   0   0   0   0   0   3   0  88   4   0   0   0   1   0   2  3.67 1.48
  117 K   -1  4  1 -1  0  2  1 -4  2 -4 -3  4 -3 -6 -4 -1 -1 -6 -1 -3    4  19   6   3   2   8   8   0   5   1   3  29   0   0   0   3   3   0   2   2  0.62 0.42
  118 S   -2  1 -3 -2 -3  0  0 -4 -1  1  0  4  0 -4  1 -2 -1 -5 -4  2    3   7   0   1   0   4   7   0   2   7  11  25   2   0   7   2   3   0   0  17  0.36 0.31
  119 G   -4 -2  2 -3 -3 -3 -1  6  1 -7 -5 -2 -5 -3 -6 -2 -5 -6 -1 -7    1   2  10   2   1   1   4  65   4   0   1   3   0   1   0   3   0   0   3   0  1.45 0.72
  120 E   -5 -6 -6 -1 -8  0  8 -6 -6 -8 -8 -5 -7 -8 -6 -6 -6 -8 -7 -8    1   0   0   2   0   3  92   1   0   0   0   0   0   0   0   0   0   0   0   0  2.73 1.23
  121 R   -3  2 -2 -4 -2  1  1 -5  1  2 -1  3 -3 -3 -5 -3  1 -5 -3  3    1  11   1   0   1   6   8   0   3  12   4  16   0   1   0   1   8   0   0  25  0.45 0.35
  122 A    6 -6 -6 -3  5 -6 -6 -5 -6 -3 -6 -6 -6 -4 -6  3 -4 -7 -6 -3   60   0   0   2  11   0   0   0   0   2   0   0   0   1   0  22   1   0   0   1  1.60 0.86
  123 L   -2  2 -3 -2 -1  2  3 -5 -4  1  2  0  0 -2 -5 -1 -1 -5 -3 -1    2  12   1   1   1   8  22   0   0   9  22   6   2   1   0   5   3   0   1   4  0.39 0.33
  124 V   -3 -7 -7 -7 -4 -7 -7 -7 -6  3  3 -7 -1  6 -4 -5 -5 -5 -2  4    2   0   0   0   0   0   0   0   0  13  23   0   1  33   1   0   0   0   1  23  1.28 0.64
  125 H   -2  2 -3 -3 -1 -1 -1 -5  2  2  0  1 -2 -2 -4 -1  3  3  1  0    2   9   1   1   1   2   5   0   5  10  11   9   0   1   0   3  24   4   5   7  0.34 0.30
  126 V   -2 -6 -6 -6  6 -6 -5 -7 -6  5  1 -6 -2  0 -6 -2  0 -6 -5  3    3   0   0   0  14   0   1   0   0  35  13   0   1   4   0   3   6   0   0  19  1.09 0.56
  127 G    0 -2 -1  4  1  1 -1  0  2 -4 -4  2 -3 -4  1  0  0 -5 -4 -4    8   2   2  26   3   7   2   7   6   1   1  15   0   1   7   7   5   0   0   1  0.46 0.34
  128 W    1 -4 -3 -4 -5 -2 -4 -2 -1 -2 -4  0 -3 -4  6  1  0  1  0 -3   13   1   1   1   0   2   1   3   2   2   1   6   1   1  42  11   5   2   4   2  0.95 0.55
  129 E   -2  3  0  2 -4  2  3 -3  0 -5 -4  3  0 -5 -2  0 -1 -5 -4 -3    3  16   4  11   0   8  19   1   2   0   1  17   3   0   2   6   4   0   0   2  0.50 0.35
  130 L   -3 -4 -4 -3 -4 -4 -3 -6  2 -3  2 -5 -1  4 -6 -4 -5 -1  8 -3    2   1   1   2   0   1   2   1   5   1  18   1   1  16   0   2   1   1  44   2  1.41 0.67
  131 A    5 -5 -4 -3  1 -4 -4  3 -5 -3 -2 -3 -2 -4  0 -2 -2 -5 -3 -2   51   0   0   2   3   0   1  20   0   1   5   1   1   1   4   2   3   0   1   2  0.91 0.53
  132 Y   -2 -5 -5 -4 -3 -4 -3 -5 -3 -5 -3 -4 -2  6 -5 -4 -4 -1  8 -4    3   1   0   1   1   1   2   1   0   1   2   1   1  31   1   1   1   1  48   1  1.91 0.82
  133 G   -2 -1 -4  0 -5 -2 -4  7  1 -4 -5  0 -4 -5 -2 -3 -5 -5 -5 -3    3   3   0   4   0   2   1  67   3   1   1   6   0   0   3   1   1   0   0   2  1.43 0.66
  134 K    0 -1  0  2 -2  0  2 -2 -1 -4 -3  2 -2 -3 -1  2  1 -5 -2 -3    9   2   4  13   1   3  15   2   2   1   2  15   1   1   3  17   7   0   1   1  0.35 0.29
  135 E    0  0 -2  0 -1  1  3 -2 -1 -1  1  1  1  0 -3  0 -1 -3 -1  0    7   3   1   5   1   7  19   2   1   3  16   9   3   4   1   7   3   0   2   6  0.16 0.17
  136 G   -3 -4 -3 -1 -3 -4 -4  6 -2 -4 -5 -3 -5 -5  0 -1 -1 -5 -4 -2    1   1   1   4   1   1   1  67   1   1   1   1   0   1   5   4   5   0   1   3  1.41 0.67
  137 N   -1  2  2  0 -1  1 -1 -1  1 -1 -1  2 -1 -1 -1  1 -1 -2  0 -2    4  11  11   4   2   5   3   4   3   3   8  14   1   2   3  13   3   0   4   3  0.13 0.12
  138 F    0  1 -1  0 -1  1  2  0 -1 -2 -1  1 -1  0  1  0 -1 -1 -1 -2    6   8   3   4   1   7  15   7   1   2   6   9   1   6   8   7   4   1   2   2  0.12 0.10
  139 S    0 -2 -2  2  6 -2  2 -2  1 -3 -3  0 -2 -4 -2  2  0 -1 -3 -3    6   1   1  12  16   1  14   3   4   1   2   7   1   1   2  19   4   1   1   2  0.48 0.30
  140 F   -1 -1 -2 -2  3 -2 -2 -1  2 -1  1 -2 -1  3  4 -2 -2 -2  1 -2    4   4   1   3   5   1   3   5   6   2  17   2   1  14  20   3   1   1   4   3  0.37 0.24
  141 P    1 -2 -2  1  1 -2  0  1 -2 -2 -3 -2 -3 -3  6 -2 -2 -4 -1 -2   11   3   2   7   3   1   5  10   1   2   3   2   1   1  39   3   2   0   3   3  0.73 0.36
  142 N   -1  2  3  2 -2  0  1  1  1 -1 -1  1 -1 -2 -2  0 -1 -4 -1 -1    4  11  14  10   1   4   7  10   3   3   6   8   2   2   1   5   3   0   2   5  0.15 0.14
  143 V   -4 -6 -5 -4 -1 -4 -6 -3 -6  6  0 -4 -1  0 -5 -5 -2 -4 -5  4    1   0   1   1   1   1   0   2   0  50   7   1   1   3   1   1   3   0   0  26  1.30 0.62
  144 P   -1 -5 -4 -2 -2 -3 -1 -3 -6 -5 -5  1 -6 -7  8 -3 -4 -7 -7 -5    5   0   1   2   1   1   4   3   0   1   1   9   0   0  67   2   1   0   0   1  1.93 0.91
  145 P    0 -5 -2 -3 -4  1  2  0 -1 -5 -6 -2 -6 -6  7 -1 -3 -6 -6 -5    8   0   2   1   0   5  13   6   1   0   0   3   0   0  52   4   1   0   0   1  1.37 0.71
  146 M   -3 -2  6  2 -1 -2 -3  1  1 -5 -4 -1  1 -3  1 -2 -4 -2 -3 -4    1   2  43  12   1   1   1  11   3   1   1   4   3   1   7   3   1   1   1   1  0.92 0.54
  147 A    5 -2 -3 -2  1  0  0 -3 -1 -4 -4 -1 -2 -5 -4  3  0 -6 -4 -2   43   2   1   2   3   5   6   1   2   1   2   3   1   0   0  21   5   0   1   3  0.73 0.50
  148 D   -2 -3  0  4 -5 -2  2 -3  1 -3 -3 -2 -3 -4  1  0  4 -2 -3  0    3   1   5  21   0   2  14   2   3   1   2   2   0   0   6   6  23   1   1   7  0.49 0.38
  149 L   -2 -4 -4 -2 -4 -4 -5 -3 -4  3  4 -5  1 -3 -2 -5 -3 -5 -3  4    2   1   1   3   0   1   1   2   0  16  37   0   3   1   2   0   1   0   1  28  0.85 0.47
  150 L   -1 -1 -1  0 -1  1  1 -2 -1  1  1  0  0 -1 -2 -1  1 -3  0  1    4   3   2   4   2   7  11   3   1  11  18   5   2   1   2   2   9   0   3  11  0.09 0.13
  151 Y   -2 -6 -6 -7 -3 -6 -5 -7 -4 -2 -1 -6 -1  7 -7 -5 -6  2  7 -2    3   0   0   0   1   0   1   0   0   2   7   0   1  39   0   1   0   2  38   3  1.86 0.82
  152 E   -3 -1 -3  1 -6 -1  6 -5 -1  0 -5  2 -3 -6 -5 -2  1 -2 -5  0    2   3   1   8   0   1  45   0   1   7   1  12   1   0   0   3  10   1   0   6  0.87 0.55
  153 V   -4 -6 -3 -5 -2 -5 -4 -5 -4  5  1 -5  0 -2 -6 -4 -3 -6 -3  5    1   0   2   1   1   0   1   1   1  32  10   0   2   1   0   1   1   0   1  44  1.25 0.60
  154 E   -4 -1 -3 -1 -4  1  6 -5  3 -4 -5  0 -5 -1 -5 -4  2 -6 -3 -4    1   3   1   2   0   5  54   0   7   1   1   5   0   2   0   0  13   0   1   1  1.19 0.66
  155 V   -4 -6 -6 -7 -5 -6 -5 -5 -6  0  6 -6  2 -2 -5 -5 -4 -5 -5  1    1   0   0   0   0   0   1   1   0   5  74   0   4   2   1   1   1   0   0   8  1.53 0.72
  156 I   -2 -3 -2 -3  0 -3 -3 -4 -1  3  3  2 -1 -2 -5 -3 -1 -5 -2  3    2   1   3   1   2   1   1   1   2  15  31  14   1   2   0   1   3   0   1  19  0.51 0.34
  157 G   -1 -1  1  4 -1  0  0  1 -1 -4 -4  1 -2 -4 -4  3 -2 -2 -2 -4    3   3   7  22   1   4   6  10   1   1   2   9   1   0   1  24   2   1   1   1  0.47 0.33
  158 F   -2 -4 -5 -5 -2 -4 -4 -3 -1  1 -1 -2  0  7 -4 -3 -4  1  2  2    4   1   1   1   1   1   1   2   1   7   5   3   3  45   1   2   1   2   7  14  1.09 0.50
  159 D   -2  0 -2  3 -4  0  4 -3 -2  0  0  0 -3 -1 -3 -2  1 -2 -3  0    2   4   1  14   0   3  30   2   0   5  10   6   0   2   1   3   9   1   0   7  0.39 0.29
  160 E   -1  0  0  4 -3 -1  1 -2 -1 -3 -1  3 -1 -3  0 -1  0 -2 -1 -3    4   5   4  22   1   1  10   2   1   1   8  21   2   1   4   4   5   1   3   2  0.35 0.26
  161 T    1 -1 -1  0  0 -1  1 -2  0 -1 -2 -1 -1  0  3  1  0  0 -1  1   14   2   2   5   2   2  10   2   2   3   3   3   1   4  14  12   4   1   2   9  0.17 0.16
  162 K    0  0 -1 -1 -4 -2  0  2 -2 -3 -3  4  0 -4  3 -1 -1 -4 -4 -1    6   4   3   4   0   1   5  16   1   2   2  28   2   1  14   5   3   0   0   4  0.44 0.30
  163 E   -1 -2  0  4  0  0  5 -3 -2 -4 -3  0 -2 -3 -2  0 -2 -2 -1 -3    4   2   3  21   2   4  34   2   1   1   2   5   1   1   2   7   3   1   2   2  0.62 0.36
  164 G    1 -1 -1  0 -2 -1  0  1 -1 -1 -1 -1  0 -1  0  2 -1  3  3 -1   10   3   2   5   1   2   6  10   1   4   6   4   2   1   4  17   3   4  12   4  0.15 0.15
  165 K   -1  1 -1  2 -3  1  2 -2  0 -2 -2  3 -2 -2  2 -1 -1  1 -1 -2    5   7   3  11   1   5  11   3   3   2   5  20   1   2   9   5   4   2   3   2  0.21 0.14
  166 A    1 -1  0  2 -1  0  2 -1 -1 -2 -1  0 -2 -2  0  1  1 -3 -2 -2   10   2   3  14   1   3  16   4   1   2   5   6   1   2   5  10   9   0   1   3  0.18 0.13
  167 R   -1  1  0 -1 -1 -1 -1 -2  0  1  1  0  0  2  1  0  1 -1  1  0    3   7   4   4   1   2   4   2   2   9  12   5   2  10   7   5   8   0   6   5  0.06 0.06
  168 S   -2 -3 -3  1  0  0  0 -2 -2 -3 -2 -1 -3  0 -3 -1 -1 10  1 -3    4   1   1   9   2   5   6   3   1   2   4   4   1   4   1   5   4  37   4   2  1.22 0.54
  169 D    0 -1  1  2 -2  1  3 -2  0 -2 -1  0 -1 -2  0  0  0 -3 -1 -2    8   2   7  12   1   7  23   3   2   2   5   5   2   1   4   7   6   0   2   2  0.24 0.19
  170 M   -3 -2 -2 -3 -1 -3 -4 -5 -3  0  4 -1  8 -2 -4 -4 -3  0 -1 -2    2   2   2   1   1   1   1   1   1   5  32   4  37   2   1   1   1   1   2   2  1.12 0.55
  171 T   -1 -2  3  3 -4 -1  0 -3 -2 -4 -4 -1 -4 -5  1  4  3 -5 -4 -4    3   1  12  14   0   2   6   1   1   1   2   3   0   0   6  29  18   0   0   1  0.61 0.42
  172 V    1 -2  1  1 -3 -1  0 -1 -2 -1 -1 -1 -2  1  2  0  1 -3  0  0   12   1   6   9   0   3   4   5   1   4   6   4   0   7  10   7  11   0   3   9  0.11 0.13
  173 E    0 -1  0  3 -5  2  5 -2  0 -3 -4  1 -3 -3 -1 -1 -1 -5 -3 -3    8   3   4  13   0   7  37   2   2   1   1   7   0   1   3   4   3   0   1   1  0.59 0.39
  174 E   -3 -3 -2  1 -6  2  7 -5 -2 -5 -5  0 -5 -6 -5 -3 -3 -6 -3 -5    2   1   1   7   0   8  65   1   1   1   1   6   0   0   0   1   2   0   1   1  1.50 0.73
  175 R   -3  4 -2 -4 -3  1 -3 -5 -4  1 -1  6 -2 -5 -5 -3 -3 -6 -5 -1    2  21   2   0   1   7   0   0   0   8   5  46   1   0   0   1   1   0   0   5  1.04 0.56
  176 I   -2 -1 -3 -5 -3 -2 -2 -5 -2  4  3 -2  4 -1 -5 -4 -3 -1  2  1    2   3   1   0   0   2   2   0   1  23  33   3   9   1   0   0   1   1   7   8  0.62 0.35
  177 G    1 -1  0  1 -3  2  4 -2 -2 -3 -3  3 -2 -5 -1 -1 -1 -5 -4 -3   10   3   4   6   0   9  29   3   1   1   3  19   1   0   3   5   3   0   0   1  0.49 0.34
  178 A    2  0 -3 -2 -2  2  0 -3  0  1  0  0 -1 -1 -1 -1 -1 -2  2  1   21   5   1   1   1  11   6   1   3   7  11   5   1   2   2   2   3   0   7  10  0.15 0.18
  179 A    5 -5 -5 -5  2 -5 -5  1 -5 -1 -3 -5 -4 -5 -5  1 -1 -6 -5  2   52   0   0   0   4   0   0  10   0   3   2   0   0   0   0   9   3   0   0  14  0.98 0.55
  180 D    1 -1  2  1 -2  0  2 -1  0 -2 -1  1 -1 -2  1 -1  0 -4 -3 -2   11   3  11   6   1   3  14   4   2   2   7  10   1   2   8   3   6   0   0   3  0.16 0.16
  181 R    0  3 -1  0 -3  1  1 -3  1  0 -1  3 -1 -3 -3  0  0 -2 -2  0    6  15   2   6   1   5   8   1   3   7   5  18   1   0   0   5   7   1   1   8  0.22 0.20
  182 R   -2  2 -2 -3 -1 -1  1 -4  1  1  2  3  1 -1 -4 -3 -2 -4  1  1    3  10   1   1   1   2   8   0   4   9  19  20   4   3   0   1   1   0   5   9  0.29 0.24
  183 K   -5  4 -3 -5 -1 -2 -4 -6  3 -1 -4  7 -3 -2 -5 -5 -5 -6 -3 -6    0  23   1   0   1   1   0   0   7   4   1  55   1   2   0   0   0   0   1   0  1.55 0.74
  184 M    0 -3  1  2 -2  1  5 -1 -2 -2  0  0  0 -5 -4 -1 -1 -5 -5 -2    8   1   8   9   1   5  37   4   1   2   8   4   2   0   0   3   3   0   0   3  0.52 0.37
  185 D   -2  3 -2  1 -1  1  3 -4  0 -1 -3  3 -2  1 -4 -2  0 -5 -1 -3    3  17   1   7   2   7  19   0   3   5   2  17   1   6   0   2   5   0   2   1  0.42 0.31
  186 G    1 -6 -5 -6 -6 -6 -6  7 -6 -7 -7 -6 -6 -7  0 -5 -6 -6 -2 -6   11   0   0   0   0   0   0  80   0   0   0   0   0   0   5   0   0   0   2   0  2.07 0.87
  187 N   -1 -3  8 -4 -6 -3 -3 -4 -4 -5 -5  0 -2 -6 -6 -2  3 -7 -6 -3    4   1  61   0   0   1   1   1   0   1   1   7   1   0   0   3  15   0   0   2  1.62 0.77
  188 S    1  1  0  2 -2  1  2 -2 -1 -2 -2  0  0  0 -3  0  1  2  1  0   11   6   5  10   1   5  14   2   1   1   4   6   2   4   0   4   9   4   6   6  0.14 0.15
  189 L   -1 -2 -3 -4  5 -1 -3 -5  2 -2  3 -1 -1  3 -5 -3 -4  4  5 -3    5   2   1   1  10   3   1   0   5   2  27   3   1  11   0   2   0   6  19   1  0.72 0.41
  190 F   -5 -6 -6 -6 -2 -6 -6 -6 -2 -2 -2 -6  1  8 -6 -5 -5 -3  5  0    1   0   0   0   1   0   0   1   1   2   4   0   3  60   0   1   0   0  18   6  1.95 0.77
  191 K   -2  3  0 -3 -5  2 -2 -3 -2 -4 -3  6 -2 -4 -4 -2 -1 -5  0 -4    3  13   4   1   0   7   1   2   1   1   2  52   1   1   0   3   3   0   3   1  1.01 0.54
  192 E    1  3  0  0 -2  3  2 -1 -2 -3 -2  2 -1 -4 -3  0 -1 -4 -4 -3   12  17   3   4   1  12  13   4   1   1   3  15   1   1   0   7   3   0   0   2  0.35 0.26
  193 E   -1 -2  2 -2 -1  3  0  4 -1 -5 -3  2 -2 -2 -4 -1 -3 -5 -3 -4    4   2   9   2   1  12   5  36   1   0   3  13   1   2   0   5   1   0   1   1  0.60 0.37
  194 K   -3  3  3  2 -2  0  2 -2  0 -5 -3  4 -1 -5 -4 -2 -3 -2 -3 -5    1  13  14  13   1   4  13   3   2   0   3  29   1   0   0   2   0   1   1   0  0.67 0.40
  195 L   -4 -5 -3 -4 -3 -3 -5 -6  1  0 -1 -5 -2  5 -2 -4 -3  3  7 -1    1   0   2   1   1   1   0   1   3   5   7   0   1  23   2   1   1   4  41   5  1.35 0.60
  196 E    1  1  0  0 -2  1  2 -2 -1 -2 -2  2 -1 -2 -1  0  0 -2  0 -1   10   6   5   4   1   7  14   2   1   2   4  17   1   2   2   6   7   1   3   4  0.17 0.16
  197 E   -1  2  1  1 -3  2  2 -1  0 -2  1  0  1 -1 -2 -1 -1 -1 -2 -2    5  13   5   7   0  12  12   4   2   2  13   6   4   3   1   5   2   1   1   1  0.17 0.17
  198 A    7 -5 -5 -5 -5 -5 -5 -4 -5 -5 -5 -5 -5 -6 -5 -1 -4 -6 -5 -4   89   0   0   0   0   0   0   1   0   0   1   0   0   0   0   4   0   0   0   0  2.16 0.93
  199 M    1 -1 -2 -3 -1 -1 -1 -3 -2  4  0  0  1 -1 -2  0 -1 -4 -1  1   14   3   2   1   1   3   5   1   1  25   8   7   3   3   2   9   4   0   2   9  0.20 0.18
  200 Q    0  3  1  0 -3  1  0 -2  1 -1 -2  3 -2 -2 -3  0 -1 -4 -1 -1    8  15   8   5   1   7   5   2   4   5   3  20   1   1   1   5   4   0   2   5  0.24 0.20
  201 Q    0  2 -2 -2  3  2  0 -3  1 -3  0  4  1 -1 -4  0 -2 -4 -2 -3    7  12   1   2   7  11   5   1   3   1   9  24   3   2   0   7   1   0   1   2  0.37 0.28
  202 Y   -7 -7 -7 -8 -8 -7 -7 -8 -5 -7 -7 -7 -7  1 -8 -7 -7  0 10 -7    0   0   0   0   0   0   0   0   0   0   0   0   0   5   0   0   0   1  90   0  3.62 1.41
  203 E   -1  2  0  1 -3  1  2 -1  0 -3 -2  3 -2 -3 -4  1 -1 -5  0 -3    4  11   5   7   0   7  14   5   2   2   4  19   1   1   0  10   4   0   3   2  0.30 0.25
  204 M   -3  4 -3 -1 -2  0  2 -5 -2 -2 -2  5  1 -4 -5 -2 -3 -6 -3 -4    2  24   1   3   1   3  11   1   1   2   4  38   4   1   0   2   1   0   1   1  0.93 0.53
  205 A    6 -6 -6 -7  1 -6 -4  0 -7  1 -3 -6 -6 -7 -6 -1 -5 -7 -7  1   63   0   0   0   3   0   1   8   0   8   2   0   0   0   0   5   0   0   0   8  1.41 0.79
  206 I   -1 -4 -6 -4  1 -4 -4 -5 -4  4  4 -3  0 -2 -5 -2 -2 -2 -3  2    6   1   0   1   3   1   1   1   0  18  41   2   2   1   1   3   2   1   1  14  0.76 0.44
  207 A    0  3  1  2 -3  0  1 -1 -1 -3 -3  2 -2 -3 -4  2 -1  0 -3 -2    7  17   7   9   1   4   8   5   1   2   3  13   1   1   0  14   3   1   0   2  0.31 0.27
  208 Y   -2 -4 -4 -6  4 -5 -3 -6 -1  2  1 -3  0  2 -5 -2 -2  4  7 -1    4   1   1   0   7   0   2   0   1  11  13   2   2   8   1   3   2   6  31   4  0.94 0.52
  209 M   -3 -6 -7 -7  0 -6 -7 -7 -6  3  5 -6  1  0 -6 -6 -3 -1 -1  1    2   0   0   0   2   0   0   0   0  13  58   0   3   4   0   0   2   1   2  10  1.27 0.66
  210 G   -1 -1  0  3 -1  0  5  0  0 -3 -3  1 -3 -6 -3  0 -1 -6 -3 -3    4   3   5  13   1   4  34   6   2   2   3   8   1   0   2   6   4   0   1   1  0.55 0.41
  211 D   -2  0  2  2 -1  1  1 -2  1 -2 -2 -1 -1  0 -1  1  0  1  3 -2    3   5  11  13   1   5   8   3   4   3   4   3   2   4   3  11   5   2  10   2  0.19 0.19
  212 D   -1 -1  0  3  2 -1  2 -2 -2 -1  1 -1  0 -4 -1  1 -1 -4 -2 -1    4   3   4  20   5   2  12   2   1   3  13   4   3   1   3  11   4   0   1   3  0.25 0.23
  213 F   -1  0 -2 -1 -1  1  1 -1  2 -1 -2  0  3  1  0  1  0  1  1 -1    5   4   2   3   1   8   9   5   6   3   3   6   8   6   4  11   6   2   5   3  0.11 0.16
  214 M    0 -1 -1  1 -1 -1  1 -1 -1 -1  1  0  3 -2  0  1  0 -4 -2 -1    6   2   3   8   1   2  10   4   2   3  13   7  10   1   5  11   7   0   1   5  0.11 0.15
  215 F   -1  0  0  0 -2 -1 -1 -2  0 -1  0  2  1  3 -1 -1 -1  2  0  1    4   5   5   5   1   2   4   2   2   3   7  15   3  15   3   4   4   3   3   9  0.14 0.16
  216 Q   -2 -1  0  3 -2  2  3  1 -2 -2 -3 -1 -4 -3  0  1  0 -1 -5 -2    2   3   5  15   1   8  22   9   1   2   2   3   0   1   5  11   5   1   0   2  0.38 0.33
  217 L    0 -1  0  1 -2  1  1 -1 -1  0  1  1  0  0  0 -1 -1  0 -2 -1    9   2   5   8   1   6  11   4   2   5  19   9   2   3   4   3   2   1   1   3  0.08 0.12
  218 Y   -1 -3  0  2 -5 -2  3 -2 -2 -1 -3 -1 -1  0  4  1  1 -5 -3 -3    4   1   3  11   0   1  16   3   1   4   3   4   1   4  18  12   9   0   1   2  0.37 0.33
  219 G   -1 -2  1  4 -1 -1  3  1 -1 -4 -3 -1 -5 -3  2 -1 -3  2 -3 -3    5   2   5  20   1   3  21  12   1   1   3   4   0   1   9   5   1   3   1   2  0.46 0.38
  220 K   -1 -1  1  2  1  0  3 -1  0 -2 -3  2 -1 -2 -1  0 -1 -5 -4 -2    4   2   6  13   4   4  23   3   2   2   2  14   2   2   3   6   4   0   0   2  0.30 0.28
  221 Y   -1 -1 -1  1  0  1  3 -2  2 -1 -1  0  0 -1  0  0  0 -4  1 -1    3   2   2   9   2   7  23   2   6   3   7   5   2   2   5   5   4   0   5   4  0.20 0.23
  222 Q    0  1  0  0 -4  2  2 -1  0 -1  0  1  0 -3  0  0 -1  1 -3 -2    6   9   5   5   0  11  14   3   2   3  10   9   2   0   4   5   3   2   0   3  0.16 0.19
  223 D    0  0 -1  1  0  3  1 -3  1 -3 -3  3 -2 -2 -1  0 -1  5 -2 -3    7   3   2   9   2  13  10   2   4   1   2  18   1   1   3   7   3   9   1   2  0.37 0.27
  224 M    0  0  0 -1 -3  2  2 -2 -1  0  1  2  1 -3 -2 -1  0 -4 -3 -1    9   3   4   3   0   8  16   2   1   6  13  16   4   1   2   4   5   0   0   3  0.18 0.18
  225 A    2  0 -1 -2 -1  0  0 -1 -2  1  1  0  1 -1 -2  0 -1 -3 -1  1   19   6   2   1   1   4   6   4   1   9  14   6   3   3   1   8   2   0   1   9  0.08 0.12
  226 L   -1  0  2 -1 -1  0  1 -3  0 -1  2  2  0 -2 -2 -2 -1 -2 -3 -2    4   5  10   3   1   5  10   1   2   3  27  16   1   1   1   3   3   1   0   2  0.23 0.22
  227 A    1 -1  0  2  0  1  2 -1 -2 -3  0  2 -1 -4  0  0  0 -4 -3 -2   16   1   5  10   2   6  13   4   1   1   8  12   1   0   5   7   5   0   0   2  0.19 0.19
  228 V    0 -4 -5 -1 -4 -1 -2 -5 -1  2  4 -4  2 -1 -5 -3  0 -4 -2  2    7   0   0   3   0   2   2   1   1  11  41   1   5   2   0   2   6   0   1  12  0.54 0.35
  229 K   -1  4 -3 -4 -4  1 -1 -4 -2  0  1  5 -1 -3 -3 -2 -3 -5 -3 -2    6  21   1   0   0   6   3   1   1   5  12  34   1   1   1   3   1   0   1   3  0.66 0.43
  230 N   -2 -1  1 -4 -1 -3 -3 -3  0  2  3 -2  0 -2 -4  0  1 -3 -2  2    3   3   8   0   1   1   1   2   2  10  32   3   2   1   0   8   8   0   1  15  0.33 0.26
  231 P    2 -1 -2 -2 -3  0 -2 -2 -2  0 -1  1 -1 -3  3  2  1 -4 -2 -1   17   3   1   1   0   4   1   2   1   7   7   9   1   1  13  17  10   0   2   5  0.25 0.24
  232 C    0 -5 -3 -6  7 -5 -5 -4 -6  1  4 -5 -2 -1 -5 -2 -1 -5 -4  1    9   0   2   0  24   0   1   1   0   7  34   0   1   3   0   3   3   0   0  10  0.94 0.49
  233 H   -4 -2  3 -3 -3 -2 -3 -4  6 -1  2 -3 -1  2 -3 -3 -4  2  5 -2    0   2  12   1   1   2   1   1  18   3  18   2   1   7   1   1   1   3  23   2  0.82 0.48
  234 L   -3 -5  3 -5 -2 -2 -5 -2 -5 -2  5 -5 -3 -3 -3 -1  0 -6 -5 -3    3   0  13   0   1   2   0   3   0   2  62   0   0   1   1   5   6   0   0   1  1.06 0.61
  235 N   -7 -6  9 -2 -8 -3 -6 -4 -5 -8 -5 -6 -7 -8 -4 -3 -5 -8 -7 -8    0   0  91   1   0   1   0   1   0   0   2   0   0   0   1   1   0   0   0   0  2.98 1.24
  236 I   -2 -3  0 -3 -4 -3 -5 -4 -3  1  4 -3  4 -2 -3 -2 -2 -2  2  0    2   1   6   1   0   1   0   1   1   9  46   1   9   1   1   4   2   1   9   5  0.66 0.42
  237 A    6 -6 -5 -6  3 -5 -5  0 -6 -4 -4 -5 -1 -6 -5  3 -3 -7 -6 -4   61   0   0   0   6   0   0   6   0   1   2   0   2   0   0  20   1   0   0   1  1.39 0.75
  238 A    4 -4 -2 -5 -2  3 -3 -4 -3  0  2 -4  3  0 -5 -2 -1 -5 -4  0   38   1   2   0   1  12   1   1   1   4  18   0   8   4   0   1   4   0   0   6  0.64 0.46
  239 C    0 -8 -7 -8 11 -7 -7 -6 -8 -4 -5 -7 -3 -7 -7 -1  1 -7 -7  1    8   0   0   0  66   0   0   1   0   1   1   0   1   0   0   4   8   0   0  10  2.72 1.08
  240 L   -2 -2 -1 -3  2  3 -2 -5  4 -5  0  3 -3 -1 -5 -3 -4 -1  6 -5    3   1   3   1   5  15   2   0   9   0   9  19   0   2   0   1   0   1  28   0  0.92 0.56
  241 I   -3 -5  1 -6 -5 -1 -4 -7 -2  1  6 -6  2 -3 -5 -4 -3 -6 -3 -2    3   1   8   0   0   3   1   0   1   8  66   0   4   1   0   1   1   0   1   2  1.18 0.63
  242 K   -5  1 -2 -5 -5 -1 -3 -6  1 -2 -1  7 -3 -6 -6 -3 -5 -7 -4 -4    0   7   2   0   0   2   1   0   3   2   5  72   1   0   0   1   0   0   1   1  1.72 0.85
  243 L   -2 -1 -1 -5  0  2 -2 -5 -3  0  4 -2  3 -2 -6 -2  0 -5 -5 -1    4   3   3   0   2  11   3   0   0   5  47   2   8   1   0   3   5   0   0   4  0.64 0.43
  244 K   -2  0  3  1 -1  1  3  3 -1 -6 -6  3 -3 -5 -5 -1 -4 -6 -5 -5    3   5  12   7   1   7  17  18   1   0   0  20   1   0   0   5   0   0   0   0  0.60 0.42
  245 R    0  2  1  4 -3  2  4 -5  1 -4 -3  1  0 -6 -5 -1 -4 -6 -3 -5    7  10   7  22   0   8  23   0   3   1   3   9   2   0   0   3   0   0   1   0  0.65 0.44
  246 Y   -5 -7 -1 -7  0 -5 -5 -4  2 -4 -3 -6 -6  4  4 -5 -4  7  7 -6    1   0   3   0   2   0   1   2   5   1   2   0   0  14  18   1   1  12  38   0  1.62 0.80
  247 D   -1  1 -1  2 -3  1  1 -2  0 -2 -2  3 -2 -1 -1  0  0 -4  3 -2    6   8   3  10   0   7   9   2   2   2   3  17   0   2   3   7   6   0  11   3  0.23 0.22
  248 E    1  1 -1  1 -3  1  4 -1  0 -4 -2  2 -2 -4 -2 -1 -1 -6 -3 -4   11   9   2   7   0   6  28   6   3   0   5  13   1   1   1   3   3   0   1   0  0.41 0.33
  249 A    6 -6 -6 -7  4 -6 -6 -2 -7 -5 -6 -6 -5 -7 -6  0  0 -7 -6  3   60   0   0   0   8   0   0   3   0   0   0   0   0   0   0   5   5   0   0  20  1.45 0.78
  250 I   -2 -2 -3 -5  4 -5 -1 -6 -6  5  3  0 -1 -3 -6 -4 -3 -6 -4  2    3   3   1   0   9   0   4   0   0  31  28   5   1   0   0   1   1   0   0  12  0.80 0.46
  251 G   -1  1 -1  2 -4  1  3 -2 -1  0 -2  3 -1 -2 -4 -1 -1 -1 -3 -2    5   7   2  12   0   5  21   2   2   5   3  20   2   2   0   4   3   1   0   3  0.38 0.30
  252 H    0 -3  2 -1  1  0 -1 -5  6 -4  0 -3  0 -2 -5  2  0  1  4 -3    7   0  11   4   3   4   3   0  18   0   8   1   2   1   0  17   4   2  12   1  0.52 0.39
  253 C    2 -7 -7 -7 10 -7 -7  0 -7 -2 -4 -7  0 -4 -7 -2  0 -7 -7 -1   14   0   0   0  58   0   0   7   0   2   1   0   2   1   0   3   7   0   0   4  2.23 0.93
  254 N   -3  0  4  3 -4 -1  2 -2 -2 -4 -3 -1 -3 -4 -5  2  3 -6 -5 -4    0   5  21  14   0   2  13   2   0   1   3   3   0   1   0  17  16   0   0   1  0.61 0.43
  255 I    0  1 -2  0 -6  2  2 -5 -1 -2 -3  5 -2 -2 -4  0 -1 -6 -4 -4    7   6   2   5   0   8  13   0   1   3   2  37   1   2   0   6   4   0   0   1  0.63 0.43
  256 V    4 -4 -7 -7 -5 -5 -6 -5 -7  2 -2 -6 -4 -4 -4 -4 -4 -7 -6  6   36   1   0   0   0   0   0   1   0  11   3   0   0   1   1   1   0   0   0  46  1.32 0.71
  257 L   -6 -4 -8 -8 -6 -6 -6 -8 -7  1  6 -4  0 -4 -3 -7 -5 -6 -3 -2    0   1   0   0   0   0   0   0   0   6  85   1   1   0   1   0   0   0   1   1  1.87 0.82
  258 T   -1  2  1  1 -4  1  4 -2 -3 -1 -4  2 -3 -3 -3 -1 -1 -5 -4 -3    6   9   8   7   0   7  33   3   0   4   1  11   0   1   1   4   3   0   0   1  0.50 0.35
  259 E   -1  0 -1 -1  1 -1  0 -3  1  2  2  1  2 -1 -4 -2 -2 -1 -1  1    3   5   3   3   3   2   8   1   4  17  21  10   5   1   0   2   2   1   2   7  0.18 0.17
  260 E   -3 -2  1  6 -3  2  3 -2  2 -4 -5 -1 -5 -4 -2 -2 -4 -4  0 -2    1   2   5  45   1   8  15   3   4   1   1   4   0   1   2   2   0   0   3   3  0.93 0.50
  261 E   -1 -3  0  0 -6  2  2 -2  0 -6 -6  1 -3 -3  6  1 -3 -6 -5 -5    4   1   4   4   0   8  11   3   2   0   0   8   1   1  37  13   1   0   0   1  0.85 0.49
  262 K   -1  0  3  2 -1  1  1  0  0 -3 -3  2 -3 -3  0  1  1 -5 -4 -2    4   5  16  13   1   5   7   8   2   1   1  13   1   1   5   8   7   0   0   2  0.29 0.23
  263 N   -4 -5  8 -4  1 -4 -5 -5  2 -2 -4 -3 -2 -6 -5  1  0 -7 -5 -5    1   0  67   0   3   0   0   0   5   2   2   1   1   0   1   9   5   0   0   1  1.81 0.82
  264 P    2 -4 -4 -2  0 -2  1 -3 -5  1 -1 -4 -1 -3 -1 -1  1 -1 -4  5   16   0   0   2   2   1   9   2   0   7   4   0   1   1   3   5   7   1   0  39  0.52 0.37
  265 K   -6 -1 -5 -6 -7 -4 -4 -6 -6 -7 -7  8 -6 -7 -6 -5 -5 -7 -6 -3    0   3   0   0   0   0   0   0   0   0   0  93   0   0   0   0   0   0   0   2  2.68 1.09
  266 A    7 -6 -5 -6 -1 -5 -5  1 -6 -3 -3 -5 -5 -3 -5 -1 -2 -6 -6 -3   76   0   0   0   1   0   0   8   0   1   3   0   0   1   0   4   2   0   0   2  1.58 0.77
  267 L   -5 -5 -6 -7 -2 -4 -6 -7  2 -1  6 -6  0  0 -6 -6 -4 -1  4 -2    0   1   0   0   1   1   0   0   4   2  66   0   1   4   0   0   1   1  15   2  1.38 0.65
  268 F   -6 -6 -7 -7 -7 -4 -7 -7 -1 -5 -2 -7 -2  7 -7 -6 -6 -3  8 -5    0   0   0   0   0   1   0   0   1   0   3   0   1  48   0   0   0   0  43   0  2.45 0.95
  269 R   -6  8  0 -6 -4  1 -4 -6  0 -5 -4  0 -4 -6 -6 -5 -4 -6 -2 -3    0  73   5   0   0   5   0   0   2   1   2   5   0   0   0   0   1   0   2   2  1.95 0.85
  270 R   -5  7 -3 -5  3 -1 -1 -6  1 -4 -2  2  1 -2 -2 -4 -4 -3  0 -4    0  53   1   0   6   3   4   0   3   1   4  13   3   2   2   0   1   0   3   1  1.22 0.61
  271 G    4 -5 -5 -5 -2 -6 -6  6 -6 -6 -4 -5 -6 -7 -6 -2 -5  1 -6 -4   28   0   0   1   1   0   0  62   0   0   2   0   0   0   0   2   0   2   0   1  1.65 0.75
  272 K   -4  2 -2 -3 -2  5  1 -5 -2 -3 -2  4  0 -6 -5 -3 -1 -6 -4  0    1  10   1   1   1  30   6   0   1   1   4  30   2   0   0   1   3   0   0   7  0.90 0.53
  273 A    7 -6 -6 -6  2 -5 -5 -1 -6 -1 -4 -5 -5 -6 -5 -2 -4 -7 -6 -1   78   0   0   0   4   0   0   4   0   4   1   0   0   0   0   3   1   0   0   4  1.70 0.81
  274 K   -3  1  0 -5  3  0 -3 -6  5 -3  3 -2 -2  0 -5 -3 -4  2  5 -4    2   8   4   0   6   4   1   0  16   1  26   2   1   3   0   2   0   3  20   0  0.78 0.46
  275 A    2  0 -4 -3 -2  0 -2 -3  0  1  3 -3  5 -2 -3 -1 -1 -5 -2 -1   18   6   0   1   1   4   2   2   3   8  26   1  17   1   1   5   3   0   1   3  0.41 0.32
  276 E    2 -1  1 -2  1  1  2  1  1 -2  0  0  0 -3 -4  0 -1 -4  0 -3   21   2   6   1   3   7  13  12   4   2   8   5   3   0   0   5   3   0   3   0  0.20 0.22
  277 L   -1 -1 -2 -4 -3  1 -3 -4 -4  1  4  0  4 -1 -5 -3 -1 -5 -3  1    5   2   2   1   0   6   1   1   0   7  37   7  13   2   0   1   4   0   1  10  0.52 0.35
  278 G    0 -2  3 -1 -2 -2 -2  4 -1 -5 -5  0 -3 -4 -5  0  0  6 -4 -3    8   2  14   4   1   2   2  36   1   0   1   7   1   0   0   5   6  10   0   2  0.72 0.43
  279 Q   -4 -1  3  5 -5  1  5 -4 -1 -6 -5 -2 -4 -3 -5 -2 -4 -7 -4 -5    1   3  12  29   0   6  37   1   1   0   1   2   0   2   0   2   0   0   0   1  1.12 0.60
  280 M   -3 -5 -3 -4 -4 -4 -1 -6 -1 -1  2 -5 -1  4 -1 -3  0  2  6 -1    2   0   1   1   0   1   5   0   2   4  20   0   1  19   4   1   5   2  28   4  0.80 0.46
  281 D    0 -1  0  5 -6  1  4 -3 -2 -4 -5  0 -4 -4 -4 -1 -1 -6 -5 -3    8   3   4  31   0   7  30   2   1   1   1   4   0   1   1   4   3   0   0   2  0.82 0.49
  282 S   -1  1 -2  1 -5  1  4 -2 -2 -3  0  3 -3 -5 -4  0 -3 -5 -4 -4    6   7   2   8   0   6  30   3   1   1  12  17   0   0   0   5   0   0   0   1  0.52 0.38
  283 A    7 -6 -6 -6 -3 -6 -6 -3 -6 -6 -6 -6 -6 -7 -6 -1 -4 -7 -6 -5   93   0   0   0   0   0   0   1   0   0   0   0   0   0   0   4   1   0   0   0  2.32 1.02
  284 R   -2  4 -3 -3 -4  0  1 -4 -4  1  0  3  2 -4 -4 -2 -2 -5 -2  0    3  26   1   1   0   4  11   0   0  10   9  19   6   0   0   2   1   0   1   5  0.53 0.36
  285 D    2  1  0  1 -2  0  2 -1 -1 -2 -2  2  0 -3 -1  0  0 -3 -3 -1   17   6   5   8   1   4  16   3   1   2   3  14   2   1   3   5   5   0   0   3  0.20 0.19
  286 D   -3 -2 -1  7  0 -3 -1 -5 -3 -1 -3 -2 -2  1 -5 -1 -2 -3  1 -3    2   2   2  54   2   1   4   0   0   4   3   2   1   7   0   6   3   0   5   2  1.02 0.55
  287 F   -5 -6 -7 -7 -4 -6 -7 -7 -6  2  5 -6 -1  6 -7 -5 -5 -4  0 -2    0   0   0   0   0   0   0   0   0  10  49   0   1  33   0   1   0   0   2   2  1.51 0.67
  288 R   -1  1  0 -2 -5  3  1 -4 -1 -2  0  4  0 -5 -4 -1 -1 -5 -2  0    6   7   4   2   0  16  10   0   1   2   9  27   2   0   0   3   2   0   1   7  0.45 0.34
  289 K    0  3 -3 -3 -6  2  0 -5 -1 -2 -3  6  0 -4 -5 -2 -2 -6 -3 -4    7  15   1   1   0   9   4   0   1   2   2  49   2   1   0   2   2   0   1   1  1.01 0.56
  290 A    6 -6 -6 -6 -1 -5 -5 -2 -6  0 -2 -5  1 -4 -5 -3 -3 -6 -5  3   61   0   0   0   1   0   0   3   0   4   4   0   3   0   0   0   1   0   0  22  1.28 0.68
  291 Q    0 -1 -3 -4 -4  3 -4 -5  0  1  4 -1  0 -2 -5 -2 -3 -2  1  0    7   3   1   0   0  16   0   1   3   6  44   3   2   1   0   3   1   1   4   5  0.58 0.40
  292 K    1  1 -2  0 -5  2  4 -3 -1 -3 -4  4 -4 -5 -4  0  0 -3 -5 -3   11   6   1   5   0   9  27   2   1   1   2  22   0   0   0   5   5   0   0   2  0.58 0.40
  293 Y   -2 -4 -4 -5 -3 -2 -2 -5 -1  4  4 -1  1 -1 -5 -4 -3 -5 -1  1    4   0   1   0   0   2   4   0   2  20  45   4   2   2   0   1   1   0   2  10  0.72 0.41
  294 A   -1 -4  1  5 -1  2  5 -5 -2 -6 -6 -3 -4 -6 -5 -1 -3 -4  0 -4    6   0   6  31   1   7  34   0   1   0   1   1   0   0   0   5   1   0   3   1  1.01 0.56
  295 P   -3 -5 -3 -5 -8 -4 -3 -5 -4 -8 -8 -1 -7 -8  8 -3 -4 -8 -8 -6    3   0   2   1   0   1   2   1   0   0   0   4   0   0  84   2   1   0   0   0  2.67 1.10
  296 D   -1 -1  3  2 -4  1  2  0  0 -5 -4  1 -4  0 -4  2  0 -5 -2 -4    5   2  15   9   0   6  12   6   2   0   1   9   0   5   0  20   5   0   1   1  0.38 0.30
  297 D   -3 -5  7  4 -3 -2 -3 -4 -2 -5 -3 -3 -1 -7 -5  0 -1 -7 -6 -4    3   0  56  19   1   1   1   1   1   0   3   1   2   0   0   6   4   0   0   1  1.51 0.74
  298 K    0  3 -3 -3 -6  0  0 -3  3 -4 -4  5 -2 -6  1 -1  0 -6 -5 -3    7  13   0   1   0   3   6   2   6   1   1  41   1   0   7   4   5   0   0   2  0.76 0.47
  299 A    3 -4 -1  4 -4 -2  2 -1 -3 -2 -3 -2 -2 -4 -3  0  0 -6 -5 -1   30   0   2  22   0   1  15   3   0   3   2   2   1   1   1   6   7   0   0   5  0.52 0.38
  300 I    3 -6 -6 -7 -3 -6 -6 -4 -6  6 -2 -6 -2  0 -6 -4 -3 -6 -5  4   24   0   0   0   1   0   0   1   0  41   2   0   0   3   0   0   1   0   0  27  1.22 0.62
  301 R    1  3  1 -2 -5  3 -1 -3  2 -1 -1  3 -2 -5 -4  0 -1 -5 -4 -2   11  16   8   1   0  14   2   1   6   4   5  19   1   0   0   7   3   0   0   3  0.41 0.33
  302 R    1  2  3  0 -5  1  0 -4 -2 -3 -1  3 -1 -5 -4  0 -1 -5 -4 -1   13  13  18   4   0   5   6   0   0   1   6  19   2   0   0   7   3   0   0   3  0.39 0.31
  303 E    0 -2 -4 -1 -5  4  6 -4 -2 -4 -1 -2 -1 -4 -5 -2 -3 -6 -3 -4    8   2   0   3   0  16  54   1   1   1   7   1   1   1   0   2   1   0   1   1  1.13 0.65
  304 L   -3 -6 -6 -7 -3 -2 -6 -6 -4  3  5 -4  2  0 -6 -5 -3 -3  1 -1    1   0   0   0   1   2   0   0   0  15  61   1   4   3   0   1   1   0   6   3  1.13 0.57
  305 R    1  3 -1 -2 -3  1  0 -2 -2  0 -1  3 -1 -4 -4  1 -1 -5 -3 -1   14  14   3   2   0   7   4   2   1   5   7  23   1   0   0   9   4   0   0   4  0.29 0.26
  306 A    0  1  0 -1 -4  0  0 -3 -3  2  0  3 -1 -3 -4  0  0 -5 -3  0    8   8   4   3   0   4   6   1   0  12  10  25   1   0   0   5   6   0   0   7  0.25 0.24
  307 L   -1 -6 -5 -6  6 -5 -6 -6 -6  2  5 -5  1 -2 -6 -5 -2 -5 -2  2    5   0   1   0  17   0   0   0   0   8  49   0   3   1   0   0   2   0   1  12  1.09 0.54
  308 A    0  0  2  1 -3  2  2 -3 -2 -3 -3  5 -3 -3 -4 -1 -2 -5 -4 -1    8   4   9   7   0   8  13   2   0   1   2  34   0   1   0   3   2   0   0   5  0.50 0.36
  309 E    0  1  0  0 -1  3  2 -2  0 -1 -2  3 -1 -4 -4  0 -1 -5 -4 -2    9   5   5   3   1  15  16   2   2   3   3  19   2   0   0   8   3   0   0   3  0.34 0.28
  310 Q   -1  3 -3 -2  1  2 -1 -5  1 -3 -1  5 -1 -4 -5 -2 -2 -6 -1 -3    5  17   1   2   3   7   3   0   3   1   8  41   1   0   0   2   2   0   2   1  0.75 0.47
  311 E   -2  0 -3 -2 -4  2  1 -3  1  4  1 -1  2 -2 -4 -2 -2 -1  1  0    3   5   1   2   0  12   8   1   3  24  12   4   6   0   0   2   1   1   6   6  0.31 0.28
  312 K    1  4 -1 -3 -4  2  0 -4 -1 -5 -4  5 -2 -6 -5  0 -1 -6 -5 -3   13  22   3   1   0  10   5   1   2   0   1  33   1   0   0   5   3   0   0   2  0.79 0.49
  313 A    1  0 -2  2 -4  1  4 -3 -2 -3 -2  3 -3 -4 -4 -1 -3 -6 -5 -3   13   5   2  12   0   6  33   1   1   1   4  17   0   1   0   3   1   0   0   1  0.62 0.42
  314 L    0  0 -2 -1 -2  4  1 -4  2 -2 -3  1 -2 -1 -5 -1 -3 -2  5 -1    7   5   2   3   1  21   8   1   6   2   2   9   1   2   0   5   1   0  21   4  0.53 0.39
  315 Y   -1  2  3  2 -5  0  1 -3  1 -3  0  3  0 -3 -3 -2 -1 -3  0 -2    5  12  16  10   0   3   8   1   3   1  11  17   3   0   0   1   4   0   3   2  0.30 0.27
  316 Q    0  1  0  2 -5  3  3 -4 -1 -4 -3  3 -2 -4 -4 -1 -3 -6 -5 -2    9   6   3  12   0  12  23   1   1   1   2  21   1   1   0   4   1   0   0   3  0.57 0.40
  317 K   -1  2 -1 -3 -6  1  1 -3  0 -1 -4  5  0 -3 -5 -1 -2 -6 -3 -2    5  12   3   1   0   7  10   2   2   4   1  43   2   1   0   3   2   0   1   3  0.73 0.47
  318 Q   -2 -3 -3  4 -4  3  6 -6 -3 -7 -4 -2 -2 -5 -5 -2 -3 -3 -3 -4    3   1   0  20   0  13  51   0   0   0   2   1   1   0   0   2   1   0   1   1  1.29 0.71
  319 K    1  4 -3 -4 -7  1 -2 -5 -5 -5 -6  6 -2 -7 -5 -2 -2 -7 -6 -5   12  20   1   0   0   5   1   0   0   0   0  53   1   0   0   2   2   0   0   0  1.34 0.71
  320 E    1  1  0  1 -5  1  2 -2 -2 -2 -2  4 -3 -5 -3 -1 -2 -5 -3 -4   11   8   5   7   0   7  14   2   1   2   5  31   0   0   0   4   2   0   1   0  0.48 0.36
  321 M    0  1 -4 -5 -4  0 -4 -3 -1  2  2  0  5  1 -5 -3 -1 -3 -2  1    8   9   0   0   0   4   0   2   1  12  24   5  16   7   0   1   4   0   0   7  0.41 0.31
  322 Y   -2 -6 -7 -8  5 -5 -7 -6 -2 -5 -1 -6  1  5 -5 -4 -6  5  8 -4    4   0   0   0  10   0   0   0   1   0   6   0   4  19   1   1   0   7  47   1  1.77 0.81
  323 K    3  3 -2 -4  0  2 -2  1  0 -5 -4  4 -3 -5 -4  1 -2 -4 -4 -5   22  14   1   0   2   8   2  12   3   0   1  24   0   0   0  10   2   0   0   0  0.57 0.41
  324 G   -2  3  5 -3 -6 -3 -3  2 -3 -7 -6  4 -5 -5 -5 -2 -2 -7 -6 -6    3  18  25   0   0   0   0  18   0   0   0  29   0   0   0   3   2   0   0   0  1.02 0.58
  325 I   -1 -6 -6 -8  1 -6 -7 -7 -7  2  2 -6 10 -2 -7 -6 -5 -6 -4 -3    5   0   0   0   3   0   0   0   0   9  15   0  65   1   0   0   0   0   1   1  2.28 0.99
  326 F   -5 -7 -8 -8 -7 -8 -8 -6 -6 -2  2 -8  1  9 -8 -7 -6 -4 -2 -3    1   0   0   0   0   0   0   1   0   1  18   0   3  75   0   0   0   0   0   1  2.40 0.96
  327 K    1  0  0  1 -5  2  0  4 -3 -5 -5  2 -4 -5 -4  1 -1 -5 -5 -4   14   4   4  10   0   8   6  29   0   0   0  12   0   0   0   8   3   0   0   0  0.51 0.34
  328 G   -2  2  1 -1 -5  2 -2 -1 -3 -2 -2  4 -2 -4  2  1 -1 -5 -3 -3    2   9   8   2   0   8   1   5   0   2   3  33   1   0  10  10   4   0   1   2  0.47 0.34
  329 K   -1  0  0 -1  1  0 -1 -1 -1 -1  0  2  2  2  2 -1 -1 -3 -1 -1    4   4   4   2   3   2   4   4   2   1  11  20   6  11   9   3   3   0   1   5  0.12 0.15
  330 D    2 -2  1  2 -4  0  1 -1 -3 -3 -4  1 -3 -5  2  2  0 -5 -4 -3   21   0   6  10   0   3  10   5   0   1   1  11   0   0  12  16   5   0   0   0  0.39 0.28
  331 E    0  1  1  2 -4  2  3 -2 -2 -3 -2  3  0 -3 -1  0 -2 -5 -3 -2    8   5   8  10   0   9  21   2   0   1   4  18   3   1   2   6   1   0   0   2  0.32 0.24
  332 G   -1  0  1  0 -3  1  1  1  0 -2 -1  1  0 -2  1  0  0 -3  1 -2    4   5   8   4   0   8  11  12   2   2   5   9   3   1   8   6   6   0   6   1  0.13 0.12
  333 G   -1 -2  1  4 -4 -1  2  1 -3 -3 -4  2 -4 -4  1  1  0 -5 -4 -3    4   0   5  24   0   0  14  11   0   2   1  15   0   1   8  10   4   0   0   1  0.44 0.28
  334 A    2 -1  1  1 -3  1  1 -2 -1 -2 -2  2 -3 -3  1  2  1 -4 -3 -2   16   2   6   8   0   5   7   1   1   1   2  16   0   0   7  14  12   0   0   3  0.26 0.21
  335 K   -1  1 -1  0 -2  2  2 -3 -3 -4 -4  5 -1 -4 -2  0 -2 -5 -4 -1    6   4   2   4   1   9  12   0   0   1   0  45   1   1   2   8   1   0   0   4  0.67 0.39
  336 S    1 -1  0  1  1  0  1 -1 -1 -3 -3  1 -2 -4  2  1  2 -4 -3 -1   12   2   3   8   3   3   8   5   1   0   2  12   0   0  12  14  13   0   0   3  0.25 0.18
  337 K   -1  1  2  0 -4  1  2 -1 -2 -4 -4  3 -3 -4  2  1  0 -5 -3 -4    4   6   9   3   0   5  17   4   0   0   1  25   0   1  11   9   4   0   1   0  0.42 0.26
  338 S    3  0  2 -1 -3 -1 -1  1 -2 -2 -3  0 -2 -2 -2  2  1 -1 -2 -1   26   4  12   1   0   2   2  11   0   1   1   6   1   1   1  14  10   1   1   5  0.24 0.19
  339 L    0  1 -1 -2  0  0  1 -1 -2  0  0  3  0 -2 -2  0  0 -3 -1  0    9   6   1   0   2   3   8   5   0   9   8  24   2   1   1   7   5   0   3   8  0.10 0.11
  340 F   -1  0  2 -1  0 -1 -2  1  0 -1  0  1 -1  2 -1  0 -1  2  0 -1    3   4  13   3   3   1   0  11   3   4  13  10   0  12   2  10   2   3   2   1  0.07 0.09
  341 W    1  0 -3 -3  0 -2 -2 -3 -1 -1  0 -1  1  1  0  1  1  7  0 -2   13   7   0   0   2   0   2   0   1   4   8   2   3   8   4  14   8  21   2   0  0.46 0.22
  342 L    0  0  0 -3  1 -2 -1  1 -2 -1  1  1  0 -1 -3  0 -1  6 -1 -2    7   5   6   0   4   0   2  10   0   1  20  15   2   1   0   8   3  14   1   1  0.25 0.16
  343 I   -1  1 -1 -1 -2  0 -1  0 -1  1  1  0  0  0 -2  2  1 -3  0  1    1   8   1   2   0   3   2   6   1  11  12   3   2   4   0  23   6   0   4   9  0.07 0.10
  344 V    0 -2 -1 -2 -1 -2 -2 -1 -3  2  3 -1  0 -1  0 -1 -2 -3 -2  2   10   1   4   2   1   0   2   5   0  17  32   3   1   2   5   4   0   0   0  13  0.19 0.14
  345 L   -2 -3 -1 -2  0 -3 -3 -3 -3  1  2 -3  2  1  4  0 -1 -3  1  1    1   0   3   2   2   0   0   1   0   6  26   0   6   6  21   7   2   0   6  10  0.32 0.16
  346 W   -2 -4  0 -4 -1 -4 -4  1 -4 -3  0 -1 -3  1 -5  0 -1 10 -1 -4    2   0   5   1   1   0   0  10   0   1  12   4   0   4   0   7   3  51   0   0  1.56 0.44
  347 Q    1 -1  0 -1 -3  2 -1  1 -1 -2 -2  3 -2 -1  1  1  0  0 -2  0   12   1   3   1   0  12   0  12   1   0   2  24   0   3   7   9   5   1   0   8  0.20 0.14
  348 W   -3 -4 -4 -5 -4 -4 -4 -4 -3 -1  1 -4 -2  4 -2  1 -1 10  3 -3    1   0   0   0   0   0   0   0   0   4  12   0   0  16   2  12   3  42   7   0  1.36 0.37
  349 F   -2 -3 -4 -4 -3 -3 -4 -1 -3  0  4 -2  0  3 -4 -3  0  1  1  0    2   0   0   0   0   0   0   6   0   3  57   2   0  16   0   0   6   2   3   3  0.54 0.23
  350 V    0 -3 -3 -3 -2 -3 -3  0 -3  2  2 -3  0  0 -3  0  0  1 -2  3    9   0   0   0   0   0   0   8   0  10  22   0   0   2   0   7   7   2   0  33  0.26 0.15
  351 S    3 -3 -2 -2 -2 -2 -1  1 -3 -1 -2 -2 -2  1 -1  2  0 -3 -2  2   29   0   0   0   0   0   3  11   0   0   0   0   0   9   2  23   4   0   0  20  0.28 0.17
  352 L   -1 -3 -1 -1 -2 -3 -3 -4 -3  2  3 -3  1  0 -3 -2 -1 -3  0  3    3   0   4   4   0   0   0   0   0  13  40   0   2   2   0   2   3   0   4  24  0.35 0.15
  353 F    1 -4 -3 -3 -3 -3 -4  4 -3  0  0 -3 -2  5 -4 -2 -3 -2  1 -1   11   0   0   0   0   0   0  39   0   5   7   0   0  30   0   0   0   0   2   4  0.58 0.21
  354 S    2  1 -1  0 -3 -1  0  3 -1 -3 -3 -1 -2 -2 -2  2 -1 -3  2 -2   20  10   0   5   0   0   4  28   1   0   1   0   0   0   0  17   2   0   9   3  0.31 0.14
  355 R    0  1 -1 -3  0 -2 -2 -1 -2  1  1  0  0 -1 -3  1  1 -3  0  2    5   9   1   0   1   0   0   5   0   5  20   4   0   0   0  14   9   0   4  22  0.11 0.09
  356 I   -1 -3 -3 -4 -2 -3 -3 -2 -3  1  3 -3  0  3 -3 -1  1 -2 -1  2    5   0   0   0   0   0   0   3   0   6  37   0   0  18   0   5   9   0   0  18  0.32 0.14
  357 F    0 -3 -4 -4 -2 -3 -3 -4 -3  3  1 -3  0  4 -3 -2 -2  4  0  2    8   0   0   0   0   0   0   0   0  29  11   0   0  29   0   2   0   6   0  15  0.43 0.14
  358 R   -2  2 -1 -2 -3  0 -1 -1  4 -3 -1  3 -2 -1 -3 -1  0 -1  4 -2    0   9   1   0   0   0   0   5  16   0   7  30   0   0   0   0   8   0  22   0  0.36 0.13
  359 R   -2  5 -2 -3 -4  1 -1 -3 -1 -1  0  1  0  0 -3 -2 -2 -2  1  0    0  59   0   0   0   8   0   0   0   2   9   0   3   5   0   0   0   0   6   8  0.54 0.15
  360 H   -2  1 -2 -2 -3  0  1 -2  1 -1  1 -1  0  4 -3 -2 -2 -1  3 -1    0   8   0   0   0   5  14   3   4   0  23   2   0  28   0   0   0   0  14   0  0.27 0.09
  361 R   -2  6 -1 -2 -4  0  0 -3 -1 -4 -3  3 -2 -4 -3 -1  0 -4 -2 -3    0  70   0   0   0   0   2   0   0   0   0  22   0   0   0   0   7   0   0   0  0.84 0.13
  362 V   -1  3 -1 -2 -2 -1 -1 -2  2  1  1  0  2 -1 -1  0 -1 -3  0  0    0  27   0   0   0   0   0   2  10  15  13   4  12   0   2   7   0   0   2   5  0.14 0.05
  363 K   -1  1 -1 -1 -3  2  0 -2  1 -1 -2  4 -1 -3 -2  1 -1 -3 -2  1    0   0   0   0   0  14   0   0   5   0   0  49   0   0   0  15   0   0   0  18  0.30 0.07
  364 A    1 -1  1  0 -2  2  1 -1 -1 -2 -1  0  2 -2 -2  2  1 -3 -2 -1   16   0   7   5   0  15   6   0   0   0   0   5  18   0   0  22   6   0   0   0  0.19 0.05
  365 D   -2 -2  0  6 -4  0  4 -2 -1 -4 -4 -1 -3 -4 -2 -1 -2 -5 -3 -4    0   0   0  67   0   0  33   0   0   0   0   0   0   0   0   0   0   0   0   0  0.98 0.11

                      K         Lambda
Standard Ungapped    0.1319     0.3155
Standard Gapped      0.0453     0.2670
PSI Ungapped         0.1470     0.3098
PSI Gapped           0.0453     0.2670
