
Last position-specific scoring matrix computed, weighted observed percentages rounded down, information per position, and relative weight of gapless real matches to pseudocounts
           A  R  N  D  C  Q  E  G  H  I  L  K  M  F  P  S  T  W  Y  V   A   R   N   D   C   Q   E   G   H   I   L   K   M   F   P   S   T   W   Y   V
    1 M   -2 -3 -4 -5 -3 -2 -4 -4 -3  1  2 -3  8 -1 -4 -3 -2 -3 -2  0    0   0   0   0   0   0   0   0   0   6  16   0  75   0   0   0   0   0   0   3  1.14 0.23
    2 M   -2 -3 -3  0 -3 -2 -1 -3 -3  1  2 -3  7 -2 -2 -3 -2 -3 -3  1    1   0   0   6   0   1   3   2   0   6  20   0  52   0   2   0   0   0   0   9  0.78 0.25
    3 K   -1 -1  0  3 -4  1  5 -3 -2 -3 -4  2 -3 -4 -2  1 -1 -4 -3 -2    2   1   2  15   0   3  46   0   0   1   0  14   0   0   0  10   3   0   0   2  0.65 0.19
    4 G   -1 -3 -1  2 -3  0 -2 -1 -3 -1  4 -2  0 -1 -3  0 -1 -3 -3 -1    3   0   3  17   0   6   1   6   0   0  53   0   0   1   0   8   2   0   0   1  0.34 0.16
    5 L   -4 -5 -5 -5 -5 -4 -4 -5 -5 -4  1 -1 -1 -5  8 -4 -4 -6 -5 -4    0   0   0   0   0   0   0   0   0   0  16   4   1   0  78   0   0   0   0   0  2.18 0.51
    6 I   -3 -5 -5 -5 -6 -5 -4 -5 -5 -2 -3 -4 -5 -6  8 -4 -3 -7 -6  1    1   0   0   0   0   0   0   0   0   2   2   0   0   0  83   0   1   0   0  11  2.41 0.56
    7 G   -3 -5 -3 -4 -6 -5 -5  7 -5 -7 -7 -5 -6 -6 -5 -3 -5 -6 -6 -6    0   0   0   0   0   0   0 100   0   0   0   0   0   0   0   0   0   0   0   0  2.43 0.56
    8 Y   -6 -6 -6 -7 -6 -6 -6 -7 -4 -3 -2 -6 -3  9 -7 -6 -5 -2  3 -4    0   0   0   0   0   0   0   0   0   0   1   0   0  91   0   0   0   0   9   0  2.64 0.61
    9 R   -5  8 -4 -5 -7 -2 -3 -2 -4 -6 -6 -1 -5 -6 -5 -4 -4 -6 -5 -6    0  96   0   0   0   0   0   3   0   0   0   0   0   0   0   0   0   0   0   0  2.45 0.62
   10 F   -6 -6 -7 -7 -6 -7 -7 -7 -5 -4 -3 -7 -3  9 -7 -6 -6 -2  0 -4    0   0   0   0   0   0   0   0   0   0   0   0   0 100   0   0   0   0   0   0  2.96 0.66
   11 S   -5  1 -3 -4 -6  0 -3 -5 10 -6 -6 -4 -5 -4 -5 -2 -5 -5  2 -6    0   8   0   0   0   4   0   0  78   0   0   0   0   0   0   3   0   0   7   0  2.55 0.61
   12 P   -4 -6 -6 -5 -6 -5 -5 -6 -6 -6 -6 -5 -6 -7  9 -4 -5 -7 -7 -6    0   0   0   0   0   0   0   0   0   0   0   0   0   0 100   0   0   0   0   0  3.24 0.70
   13 T   -3 -3 -3 -4 -4 -4 -4 -5 -5 -4 -4 -3 -2 -5 -4  0  8 -6 -5 -3    0   1   0   0   0   0   0   0   0   0   0   1   1   0   0   3  94   0   0   0  2.11 0.60
   14 G   -5 -5 -2  8 -7 -3  0 -1 -4 -6 -7 -4 -6 -7 -5 -3 -4 -7 -6 -6    0   0   0  91   0   0   4   5   0   0   0   0   0   0   0   0   0   0   0   0  2.28 0.57
   15 E   -3 -3 -3  1 -7 -1  7 -5 -3 -6 -6 -2 -5 -6 -4 -3 -3 -6 -5 -2    1   0   0   7   0   1  87   0   0   0   0   0   0   0   0   0   1   0   0   4  1.87 0.54
   16 E   -4 -3 -4 -2 -7 -1  8 -6 -3 -7 -6 -2 -5 -7 -4 -3 -4 -6 -5 -6    0   0   0   0   0   0 100   0   0   0   0   0   0   0   0   0   0   0   0   0  2.40 0.64
   17 V   -4 -5 -6 -6 -4 -5 -6 -6 -6  1  6 -5 -1 -2 -6 -5 -4 -4 -4  0    0   0   0   0   0   0   0   0   0   4  92   0   0   0   0   0   0   0   0   4  1.61 0.45
   18 I   -3 -5 -6 -6 -2 -5 -5 -6 -6  5  1 -5 -1 -3 -5 -4 -3 -5 -4  6    0   0   0   0   0   0   0   0   0  36   7   0   1   0   0   0   0   0   0  56  1.30 0.39
   19 N   -1  0  3  1 -1 -1 -1  1 -1 -1 -1 -1  1 -3 -3  1  2 -2 -2  1    3   5  17  11   1   1   1   9   1   2   5   1   4   0   0  10  16   0   0  12  0.17 0.13
   20 H   -4 -2 -3 -4  0 -1 -4 -5  8 -4 -4 -4 -3  3 -5 -3 -4 -2  7 -5    0   2   0   0   2   3   0   0  37   0   0   0   0   9   0   2   0   0  44   0  1.78 0.48
   21 Y   -5 -5 -6 -7 -6 -5 -6 -7  1 -5 -5 -5 -5 -1 -7 -5 -5 -1 10 -5    0   0   0   0   0   0   0   0   3   0   0   0   0   0   0   0   0   0  97   0  3.13 0.72
   22 L   -4 -5 -6 -6 -4 -5 -6 -6 -6 -1  6 -5 -1 -2 -6 -5 -4 -4 -4 -2    0   0   0   0   0   0   0   0   0   0  99   0   0   0   0   0   0   0   0   0  1.83 0.50
   23 K   -1  3 -2 -2  5 -1 -2 -3  1 -3 -2  5 -2 -3 -3 -1  0 -3 -2 -3    5  14   0   1  13   1   0   0   3   1   4  43   0   1   0   3   6   0   1   1  0.64 0.27
   24 N   -3  5  3 -3 -3  0 -1 -2  0 -4 -3  3 -3 -5  1 -1 -2 -5 -3 -4    1  39  19   0   0   1   2   2   2   0   3  20   0   0   6   3   0   0   0   0  0.78 0.29
   25 K   -4  1 -3 -4 -6  0 -2 -5 -4 -5 -5  7 -1 -6 -4 -3 -4 -6 -5 -4    0   4   0   0   0   3   0   0   0   0   0  89   2   0   0   0   0   0   0   1  1.90 0.54
   26 L    1 -3 -3 -5  3 -4 -4 -5 -5  5  0 -4 -1 -2 -4 -3 -2 -5 -3  4   11   2   1   0   8   0   0   0   0  36   4   0   0   0   0   0   1   0   0  37  0.81 0.29
   27 L    2 -1  1 -1  0 -1 -1 -2  0 -1  2 -2  2  0 -3  0  0 -3 -1  0   23   2   9   2   2   3   4   1   3   2  21   1   8   5   0   6   7   0   1   4  0.13 0.11
   28 G   -1 -2  2  2 -2 -2 -2  5 -2 -4 -4 -2 -3 -3 -3  3 -2 -4 -2 -4    2   1   8  10   1   0   1  46   0   0   1   1   0   1   0  24   0   0   1   0  0.77 0.27
   29 K   -1  2  2  0 -1  2  0 -1  1 -2 -1  3  0 -3 -1  0 -1 -4 -2 -2    4  10  11   3   1  14   3   4   4   1   7  23   4   0   2   6   1   0   0   1  0.24 0.14
   30 Y   -1  2  1  1 -3  0  0 -1  1 -3 -3  2 -2 -3  4  1  1 -4 -2 -2    4  10   5   8   0   2   4   3   4   1   1  15   0   0  19   9  10   0   1   1  0.34 0.14
   31 W   -2 -2 -2 -2  2 -2 -3 -3 -2  3  1 -3  0  4 -1  0 -2  5  0 -1    2   2   1   2   5   1   1   2   1  23  11   1   1  23   3   8   0  10   1   1  0.40 0.18
   32 L    0  0 -1  1  0  0  1 -2  0 -1  1  0 -1  1  2  1 -1 -3 -1 -2    6   6   1  10   3   4  12   1   2   3  17   3   0   7  10  12   1   0   1   1  0.11 0.08
   33 V   -1 -2 -3 -3  3 -3 -2 -2 -3  1  2 -2  0  1  1 -2  0 -3 -1  4    4   1   1   1   6   0   2   2   0   3  17   1   2   6   6   2   5   0   1  39  0.32 0.17
   34 D    1 -1  0  4 -2 -1  0  0 -1 -1 -1 -1 -1 -2 -1  0  0  0 -1  0   15   2   4  28   1   2   5   7   1   4   6   2   1   2   2   5   3   1   2   7  0.18 0.07
   35 E   -1  1  0  1 -2  1  2 -1  0 -1 -2  0 -1 -2  3  1  0 -2 -2 -1    4   8   3   7   1   4  20   5   2   3   3   5   1   1  15  10   4   0   1   3  0.23 0.08
   36 A    3 -4 -4 -3 -3 -3 -4 -3 -3  4 -1 -3 -1 -2 -3 -2  0 -4 -3  3   28   0   0   1   0   0   0   0   0  32   3   1   0   1   0   0   5   0   0  26  0.62 0.25
   37 I   -4 -5 -6 -6 -4 -5 -6 -6 -6  8 -1 -5 -1 -2 -5 -5 -3 -5 -4  1    0   0   0   0   0   0   0   0   0  92   1   0   1   1   0   0   0   0   0   3  1.97 0.50
   38 S    3  1 -1 -3  2 -2 -2  1 -2 -3 -3  0 -3 -4  3  1 -1 -4 -4 -2   31   8   3   0   4   0   0  13   0   0   0   7   0   0  18   9   3   0   0   2  0.46 0.20
   39 E   -4 -3 -2  3 -6  0  6 -5 -3 -5 -5 -2 -4 -2 -4 -3 -2 -5 -3 -1    0   0   1  15   0   2  72   0   0   0   1   0   0   2   0   0   1   0   1   6  1.39 0.44
   40 I   -2 -5 -5 -5 -3 -5 -5 -5 -5  5  0 -5 -1 -3 -5 -4 -1 -5 -3  5    3   0   0   0   0   0   0   0   0  33   7   0   0   0   0   0   2   0   0  55  1.14 0.35
   41 N   -5 -4  4  8 -6 -3 -1 -4 -4 -6 -6 -3 -6 -6 -4 -3 -4 -7 -6 -6    0   0  16  80   0   0   2   0   0   0   0   0   0   0   0   0   0   0   0   0  2.04 0.52
   42 I   -3 -5 -5 -6 -3 -4 -5 -6 -5  4  5 -5  0 -1 -5 -4 -3 -4 -3  1    0   0   0   0   0   0   0   0   0  30  59   0   1   1   0   0   0   0   0   8  1.09 0.33
   43 L   -4 -4  4 -4  5 -4 -4 -5  0 -4 -1 -4 -4 -1 -5 -3 -4 -2  8 -4    0   0  22   0  14   0   0   0   1   0   6   0   0   0   0   1   0   0  55   0  1.60 0.47
   44 S   -3  2  1 -3 -5 -1 -2 -4 -1 -5 -5  7 -4 -5 -4  0 -2 -5 -4 -5    0   9   6   0   0   1   0   0   1   0   0  74   0   0   0   6   1   0   0   0  1.41 0.43
   45 H   -3 -3 -2 -5  6 -4 -4 -4  4  0 -1 -4  0  5 -5  0 -2  5  2 -2    0   1   1   0  22   0   0   0  10   6   3   0   2  27   0   7   1   7   8   2  0.87 0.29
   46 K   -3 -3  0  5 -6 -1  6 -4  1 -5 -5 -1 -5 -5 -4 -2 -3 -5 -4 -4    2   0   3  31   0   0  55   0   4   0   0   2   0   0   0   1   0   0   0   1  1.29 0.39
   47 P   -4 -5 -5 -5 -6 -5 -4 -5 -5 -6 -6 -4 -6 -7  9 -4 -4 -7 -6 -6    0   0   0   0   0   0   0   0   0   0   0   0   0   0  98   0   0   0   0   0  3.15 0.67
   48 S   -5 -6 -6 -7 -2 -5 -6 -6 -5 -4 -5 -6 -5 -3 -3  0 -5 12 -2 -6    1   0   0   0   1   0   0   0   0   1   0   0   0   0   1   7   0  87   0   0  3.88 0.76
   49 K    0  0  0  0 -1  1  0  0  0  0  0  0  0  0  0  0  0  1  0  0    7   5   4   5   2   9   6   6   3   4   7   7   2   3   4  10   5   2   4   7  0.03 0.00
   50 D   -3 -3  0  6 -4 -1  4 -3 -2 -4 -4 -2 -4 -4 -3 -2 -2 -4 -4 -4    1   1   4  58   0   1  25   1   0   1   2   1   0   1   1   1   1   0   1   1  1.21 0.31
   51 L   -4 -5 -6 -6 -4 -4 -5 -6 -5 -1  6 -5  0  1 -5 -5 -4 -4 -3 -2    0   0   0   0   0   0   0   0   0   1  92   0   0   4   0   0   0   0   0   1  1.57 0.45
   52 P   -2 -2 -4 -4 -4  1 -3 -4 -4 -5 -6 -3 -5 -6  8 -1 -4 -6 -5 -5    3   3   0   0   0   7   1   0   0   0   0   1   0   0  80   4   0   0   0   0  2.24 0.53
   53 K    0 -2 -1  3 -3 -1  3  3 -2 -4 -4  0 -3 -2 -3  1 -2  1 -3 -3    9   1   1  16   0   0  27  21   0   0   0   7   0   2   0  13   0   2   0   1  0.47 0.21
   54 L   -2  1 -3 -3 -2  0 -2 -4 -3 -2  2  5  3  0 -4 -2 -3 -4 -2 -2    1   8   0   0   1   4   1   0   0   1  22  45   9   4   0   1   0   0   1   2  0.63 0.28
   55 A    5 -4 -3 -4  4 -3 -3 -2 -4 -4 -4 -3 -4 -4 -3  4 -1 -5 -4 -3   47   0   0   0  10   0   0   0   0   0   0   0   0   0   0  41   1   0   0   0  1.10 0.40
   56 R   -1  2 -1 -2  1 -1 -1 -3 -2  0  1  4 -1  1 -3  0 -1 -3 -2  0    2  13   1   1   3   0   2   1   0   4  15  31   1   8   0   5   3   0   0   8  0.26 0.16
   57 I   -3 -4 -5 -5 -3 -4 -4 -5 -3  4  2 -4  5  3 -5 -4 -2 -3  2  1    0   0   0   0   0   0   0   0   0  28  21   0  18  14   0   0   1   0   8   7  0.73 0.26
   58 Q   -2  0 -2 -3 -5  1 -2  5 -3 -5 -5  3 -4 -5  2 -2 -3 -5 -5 -5    0   5   1   0   0   7   1  54   0   0   0  21   0   0   9   1   1   0   0   0  1.00 0.32
   59 S   -1 -2 -1 -1 -4 -1  5 -2 -2 -4 -4  0 -3 -4 -3  3  2 -4 -1 -3    2   1   2   1   0   1  40   2   0   0   0   3   0   0   0  31  12   0   2   0  0.72 0.30
   60 E   -2  4  2  2 -4  0  1 -1 -2 -4 -4  4 -3 -4 -3 -2 -1 -4 -3 -4    1  23  10  11   0   1   8   4   0   0   1  35   0   0   0   1   3   0   0   0  0.66 0.24
   61 D   -1 -1  0  5 -2  0  1 -1 -1 -2 -2 -1 -2 -2  0 -1 -1 -2 -2 -2    4   2   2  48   1   3  10   3   1   2   4   3   1   2   4   4   3   1   1   3  0.58 0.13
   62 L   -1  0  0 -1 -2  2  0 -1 -1 -1  1  0  1 -1  3  0  0 -2 -1 -1    4   5   4   3   1  14   3   4   1   2  16   5   5   2  15  10   3   1   1   3  0.16 0.06
   63 E   -4 -3 -3 -1 -6  0  7 -5 -3 -1 -5 -1  0 -6 -4 -3 -4 -6 -5 -2    0   0   0   1   0   3  85   0   0   4   0   2   2   0   0   0   0   0   0   3  1.74 0.52
   64 W   -7 -5 -8 -8 -6 -6 -7 -7 -6 -7 -6 -7 -5 -2 -8 -7 -6 13  1 -7    0   1   0   0   0   0   0   0   0   0   0   0   0   1   0   0   0  95   4   0  4.56 0.87
   65 Y   -5 -5 -6 -7 -6 -5 -6 -6  0 -4 -3 -5 -4  4 -6 -5 -5 -1  9 -4    0   0   0   0   0   0   0   0   2   0   1   0   0  17   0   0   0   0  80   0  2.56 0.61
   66 F   -6 -6 -7 -7 -6 -7 -7 -7 -5 -4 -2 -7 -3  9 -7 -6 -6 -2  0 -4    0   0   0   0   0   0   0   0   0   0   1   0   0  98   0   0   0   0   1   0  2.88 0.65
   67 F   -6 -6 -6 -7 -6 -6 -7 -7 -4 -3 -2 -6 -3  9 -7 -6 -5 -2  2 -4    0   0   0   0   0   0   0   0   0   0   1   0   0  94   0   0   0   0   5   0  2.71 0.62
   68 S   -1 -4 -2 -4  7 -3 -4 -2 -4 -4 -4 -4 -4 -5 -4  5  0 -5 -4  0    3   0   1   0  26   0   0   2   0   0   0   0   0   0   0  55   5   0   0   8  1.24 0.42
   69 P   -2 -1 -4 -4 -5 -1 -3 -5  4 -4  0 -3 -1 -2  7 -3 -2 -5 -4 -1    3   4   0   0   0   3   0   0  12   0  11   0   1   2  57   1   2   0   0   4  1.39 0.39
   70 I   -4  7 -3 -4 -6 -1 -3 -5 -3 -2  0  4 -3 -5 -4 -3 -4 -5 -4 -3    0  63   0   0   0   1   0   0   0   3   9  22   0   0   1   0   0   0   0   1  1.35 0.42
   71 E   -4 -4 -2  8 -7  0  2 -4  0 -6 -7 -3 -6 -6 -4 -3 -4 -7 -5 -6    1   0   0  82   0   4  11   0   2   0   0   0   0   0   0   0   0   0   0   0  2.00 0.52
   72 Y   -3  7 -1 -4 -6 -2 -3 -5 -3 -5 -4  3 -3 -4 -5 -3 -4 -4  3 -5    1  67   2   0   0   0   0   0   0   0   0  18   0   0   0   0   0   0  12   0  1.57 0.46
   73 T   -4 -1 -3 -4 -6 -2 -2 -5 -4 -6 -6  8 -5 -6 -4 -3  0 -6 -5 -5    0   0   0   0   0   0   0   0   0   0   0  95   0   0   0   0   5   0   0   0  2.13 0.59
   74 N   -4 -5 -1 -6 -6 -5 -5 -4  2 -5 -5 -5 -4  0 -6 -2 -1 -1  9 -5    1   0   3   0   0   0   0   1   4   0   0   0   0   0   0   3   4   0  86   0  2.46 0.62
   75 P    0 -2 -4 -4 -4 -1 -1  0 -5 -5 -5 -3 -5 -6  8 -2 -2 -6 -5 -5    9   2   0   0   0   2   4   7   0   0   1   0   0   0  71   1   2   0   0   0  1.84 0.47
   76 N   -3 -3  7 -2 -5 -3 -3 -3 -2 -4 -5  0 -4 -5 -3  0  4 -6 -5 -4    0   0  53   0   0   0   0   0   0   0   0   6   0   0   1   5  34   0   0   0  1.34 0.44
   77 K   -3 -3 -3 -4 -5 -4 -5  7 -5 -6 -6 -1 -5 -6 -5 -1 -4 -5 -6 -2    0   1   0   0   0   0   0  86   0   0   0   5   0   0   0   4   0   0   0   4  1.82 0.47
   78 M    1  0  0 -2 -2 -1 -2  0  0 -1  0  0  1 -1 -3  3  1 -4 -2  0    9   5   5   0   0   1   0   5   3   3  10   4   5   3   0  32   9   0   0   5  0.20 0.15
   79 K   -4  8 -4 -5 -6 -1 -2 -5 -3 -6 -5  1 -4 -6 -5 -4 -4 -6 -5 -2    0  88   0   0   0   2   1   0   0   0   0   6   0   0   0   0   0   0   0   3  2.13 0.56
   80 M   -2 -1 -3 -4 -4  0 -3 -4 -4 -3 -2 -3  1 -1  5  0  5 -5 -4 -3    2   4   0   0   0   3   0   0   0   0   2   0   4   3  28   6  47   0   0   0  0.99 0.36
   81 K   -5 -3  8 -2 -6 -3 -3 -4 -3 -6 -6  1 -5 -6 -5 -1 -3 -7 -5 -6    0   0  89   0   0   0   0   0   0   0   0   7   0   0   0   3   0   0   0   0  2.27 0.59
   82 R   -5  8 -4 -5 -7 -2 -3 -6 -3 -6 -5 -1 -5 -6 -5 -4 -1 -6 -5 -6    0  95   0   0   0   0   0   0   0   0   0   0   0   0   0   0   4   0   0   0  2.40 0.60
   83 T    6 -3 -4 -4 -3 -3 -3 -2 -4 -4 -4  0 -3 -5 -3  0  2 -5 -4 -1   76   1   0   0   0   0   0   0   0   0   0   5   0   0   0   3  12   0   0   3  1.19 0.42
   84 T    3 -4 -3 -4 -4 -3 -1 -4 -5 -4 -4 -3 -4 -5 -4 -1  7 -5 -5 -3   22   0   0   0   0   0   4   0   0   0   0   0   0   0   0   0  74   0   0   0  1.52 0.50
   85 G    0  0  0  0 -3  0  2  3 -2 -3 -3  2 -1 -4 -1  0  0 -4 -3 -1    8   4   5   5   0   2  17  22   0   0   0  15   2   0   3   5   5   0   0   5  0.27 0.13
   86 S    3  0  0 -2  0 -1 -2 -2 -2 -3 -4  0 -2 -4 -3  4  1 -4  0 -3   34   5   4   0   1   1   1   1   0   0   0   4   0   0   0  34   8   0   4   0  0.54 0.26
   87 G   -3 -5 -4 -5 -6 -5 -5  7 -5 -7 -7 -5 -6 -6 -5 -3 -5  3 -6 -6    0   0   0   0   0   0   0  96   0   0   0   0   0   0   0   0   0   4   0   0  2.32 0.55
   88 F   -5 -5 -6 -7 -6 -5 -6 -7 -2 -4 -4 -5 -4  4 -7 -5 -5 -1  9 -5    0   0   0   0   0   0   0   0   0   0   0   0   0  18   0   0   0   0  82   0  2.69 0.64
   89 W   -7 -7 -8 -9 -7 -6 -7 -7 -7 -7 -6 -7 -6 -3 -8 -7 -7 13 -2 -7    0   0   0   0   0   0   0   0   0   0   0   0   0   0   0   0   0 100   0   0  4.91 0.92
   90 K   -4 -1 -3 -4 -6 -2 -2 -5 -4 -6 -6  8 -5 -7 -4 -3 -4 -6 -5 -6    0   0   0   0   0   0   0   0   0   0   0 100   0   0   0   0   0   0   0   0  2.33 0.62
   91 P    6 -4 -4 -4 -3 -3 -3 -3  1 -4 -4 -3 -3 -5  1  0  2 -5 -4 -1   74   0   0   0   0   0   0   0   4   0   0   0   0   0   5   4  11   0   0   2  1.15 0.41
   92 T   -3 -4 -3 -4 -4 -4 -4 -5 -5 -4 -5 -4 -4 -5 -4  0  8 -6 -5 -3    0   0   0   0   0   0   0   0   0   0   0   0   0   0   0   6  94   0   0   0  2.12 0.61
   93 G   -3 -6 -4 -4 -6 -5 -5  7 -5 -7 -7 -5 -6 -6 -5 -3 -5 -6 -6 -6    0   0   0   0   0   0   0 100   0   0   0   0   0   0   0   0   0   0   0   0  2.45 0.57
   94 V    0  2 -1 -3 -4 -1 -1 -3 -3 -3 -2  5 -3 -5 -3 -1  2 -5 -4 -1   10  13   2   0   0   0   2   0   0   0   3  47   0   0   0   3  15   0   0   5  0.68 0.29
   95 D   -5 -5 -2  8 -7 -3 -1 -3 -4 -6 -6 -4 -6 -7 -2 -3 -4 -7 -6 -2    0   0   0  91   0   0   1   2   0   0   0   0   0   0   2   0   0   0   0   4  2.21 0.56
   96 R   -4  6 -3 -4 -6 -2 -2 -5 -3 -5 -5  6 -4 -6 -4 -3 -4 -6 -5 -3    0  48   0   0   0   0   0   0   0   0   0  49   0   0   0   0   0   0   0   2  1.64 0.47
   97 E    1 -1 -1  1 -1  0  3 -3 -2 -2 -3  2 -2 -4  4 -1  0 -5 -4  0   11   2   2   7   1   2  21   0   0   2   1  14   0   0  22   2   4   0   0   7  0.43 0.18
   98 I   -4 -6 -6 -6 -4 -5 -6 -6 -6  7 -1 -5 -1 -3 -5 -5 -3 -5 -4  4    0   0   0   0   0   0   0   0   0  71   0   0   0   0   0   0   0   0   0  29  1.67 0.46
   99 R   -1  1 -1 -2 -2 -1  0 -3  2 -1  0  2  0  2 -2 -1 -1 -1  3  0    3   9   3   1   1   1   7   1   6   3  11  14   3  11   1   2   4   0  14   8  0.16 0.10
  100 D    0  0  1  2  2 -1 -1 -2  2 -2 -2  0 -1 -2 -1  3  1 -3 -1 -2    5   5   5  14   6   1   2   2   6   2   4   3   2   1   2  28   8   0   2   1  0.23 0.12
  101 K    0  1  0 -1 -1  1  1  1  0 -2 -1  2 -1 -2  0  1  0 -2 -1 -1    8   7   2   2   1   8   9  10   2   2   5  15   1   1   5  14   3   0   1   3  0.13 0.05
  102 R    0  2  0 -1  0  0  0  0  1 -2 -2  1 -1 -1 -1  2  0  1 -1 -1    4  17   3   2   2   2   3   8   4   2   4  10   1   2   3  20   5   3   2   3  0.14 0.07
  103 G    0 -1  0  0  0 -1 -1  4 -2 -2 -2 -1 -1 -2 -1  1  1 -1 -2 -2    6   2   3   6   2   2   3  38   1   2   3   3   1   1   3  12   8   1   1   2  0.34 0.10
  104 N   -1  0  3  0 -1  0 -1  1  1 -2 -2  1 -2 -2  0  0  2 -2 -2 -2    3   5  23   4   1   2   2  12   4   2   3   8   1   1   4   7  15   0   1   2  0.24 0.10
  105 G    0  1  1 -1 -1  0 -1  2  0 -2 -2  2 -2 -3  2  1 -1  1 -2 -2    5   6   6   3   1   3   2  18   2   1   2  18   1   1  10  12   3   3   1   2  0.22 0.09
  106 V    0  3  0 -1  2  1  1 -1 -1 -2 -2  2 -1 -3 -2 -1 -1 -3 -2  0    8  20   4   1   5   5  10   5   1   2   3  19   1   1   1   3   3   0   0   7  0.21 0.10
  107 V    0 -2 -2 -3  0 -2 -1 -3 -2  1  2  0  1 -1  1 -1  1 -3 -1  2    6   1   1   1   2   1   3   1   0   9  31   6   2   0   7   3  10   0   2  15  0.18 0.11
  108 I   -2 -5 -5 -5 -2 -5 -5 -5 -5  5  1 -4  0 -2 -5 -4 -2 -5 -3  5    1   0   0   0   0   0   0   0   0  42   8   1   1   0   0   0   1   0   0  45  1.12 0.34
  109 G   -2 -5 -3 -4 -5 -5 -5  7 -5 -7 -7 -4 -6 -6 -5 -3 -5 -5 -6 -6    2   0   0   0   0   0   0  97   0   0   0   0   0   0   0   0   0   0   0   0  2.30 0.54
  110 I   -3 -4 -4 -5 -4 -2 -1 -5  0  3  0 -3  8 -1 -5 -3  0 -4 -1  2    1   0   1   0   0   1   4   0   2  18   6   1  45   1   0   1   4   0   2  13  0.95 0.34
  111 K   -4  4 -3 -4 -3 -2 -2 -5 -3 -3 -5  7 -4 -6 -4 -3 -4 -6 -5 -4    0  21   0   0   0   0   0   0   0   1   0  76   0   0   0   0   0   0   0   1  1.72 0.49
  112 K   -4  1 -3 -4 -6  1 -2 -5 -4 -6 -6  8 -4 -6 -4 -3 -4 -6 -5 -5    0   4   0   0   0   4   0   0   0   0   0  92   0   0   0   0   0   0   0   0  2.05 0.56
  113 T    3 -4 -3 -4 -4 -3 -4 -1 -4 -4 -4 -3 -3 -5 -4 -1  7 -5 -4 -1   23   0   0   0   0   0   0   4   0   0   0   0   0   0   0   2  69   0   0   2  1.35 0.46
  114 L   -4 -5 -6 -7 -4 -5 -6 -7 -6 -1  6 -5 -1  0 -6 -5 -4 -4 -4 -2    0   0   0   0   0   0   0   0   0   0  96   0   0   4   0   0   0   0   0   0  1.73 0.49
  115 V   -3 -5 -2 -6 -4 -5 -5 -6 -6  1 -1 -5 -2 -4 -5 -5 -3 -6 -4  7    0   0   2   0   0   0   0   0   0   3   4   0   0   0   0   0   0   0   0  91  1.76 0.51
  116 Y   -5 -6 -6 -7 -6 -6 -6 -6 -4 -3 -3 -6 -3  9 -7 -6 -5 -2  5 -4    0   0   0   0   0   0   0   0   0   0   0   0   0  82   0   0   0   0  18   0  2.49 0.58
  117 H   -5 -5 -5 -6 -6  0 -5 -6  6 -5 -3 -5 -4 -1 -6 -5 -5 -2  9 -5    0   0   0   0   0   4   0   0  16   0   2   0   0   0   0   0   0   0  77   0  2.43 0.61
  118 E    0  4 -1 -2 -3  1  1 -2 -2 -2 -2  4  0 -3 -3  0  0 -4 -3 -2   10  22   1   0   0   3  11   2   0   2   2  30   3   1   0   6   4   0   0   1  0.45 0.20
  119 G   -3 -5 -2 -4 -6 -5 -5  7 -5 -7 -7 -5 -6 -6 -5 -3 -5 -5  0 -6    0   0   1   0   0   0   0  95   0   0   0   0   0   0   0   0   0   0   4   0  2.22 0.54
  120 K   -4  7 -3 -4 -3 -2 -3 -2 -2 -6 -5  4 -4 -6 -5 -3 -4 -6 -5 -5    0  72   0   0   1   0   0   4   0   0   0  23   0   0   0   0   0   0   0   0  1.78 0.49
  121 S    6 -4 -4 -1 -1 -3 -3 -1 -4 -2 -4 -3 -4 -5  3 -1 -3 -5 -4 -1   70   0   0   4   1   0   0   3   0   2   0   0   0   0  13   2   0   0   0   4  1.08 0.39
  122 P   -3 -2 -5 -5 -6 -5 -4 -6 -3 -6 -6 -4 -6 -7  8 -2 -4 -7 -6 -6    1   2   0   0   0   0   0   0   1   0   0   0   0   0  94   2   0   0   0   0  2.93 0.65
  123 H   -2  4  2  0 -5  0 -1 -2  3 -5 -3  5 -3 -5 -3 -1 -2 -5 -3 -4    3  22   9   4   0   3   0   2   8   0   3  45   0   0   0   2   1   0   0   0  0.80 0.30
  124 G   -1 -5 -3 -4 -6 -5 -5  7 -5 -7 -7 -2 -6 -6 -5 -3 -5 -6 -6 -6    3   0   0   0   0   0   0  95   0   0   0   2   0   0   0   1   0   0   0   0  2.19 0.53
  125 V   -1 -1  1  1 -2  2  3 -3 -2  1 -1  0 -1 -3 -3 -1  1 -4 -3  2    2   2   6   6   1  11  24   1   0   8   3   3   0   0   0   3  10   0   0  18  0.26 0.16
  126 R   -4  5 -3 -4 -6 -2 -2 -5 -3 -5 -3  6 -4 -6 -4 -3 -4  2 -4 -5    0  31   0   0   0   0   0   0   0   0   2  65   0   0   0   0   0   3   0   0  1.60 0.47
  127 T   -3 -4 -3 -4 -4 -4 -4 -4 -5 -4 -4 -4 -3 -5 -4  3  7 -6 -5 -3    0   0   0   0   0   0   0   0   0   0   0   0   0   0   0  18  81   0   0   0  1.79 0.55
  128 P   -3  0  6  5 -3 -2 -1 -1 -1 -5 -6 -1 -5 -6  1 -1 -3 -6 -5 -5    1   4  44  32   1   0   2   4   1   0   0   3   0   0   7   2   0   0   0   0  1.10 0.35
  129 W   -7 -7 -8 -9 -7 -6 -7 -7 -7 -7 -5 -7 -6 -3 -8 -7 -7 13 -1 -7    0   0   0   0   0   0   0   0   0   0   0   0   0   0   0   0   0  99   0   0  4.85 0.91
  130 V   -3 -5 -5 -6 -3 -5 -5 -6 -6  5 -1 -5  0 -3 -5 -4 -3 -5 -4  6    1   0   0   0   0   0   0   0   0  40   1   0   1   0   0   0   0   0   0  57  1.40 0.41
  131 M   -2 -2 -3 -3 -2 -2 -3 -3 -3  3  1 -2  8  0 -3 -2 -1 -2 -2  0    1   1   1   1   0   1   1   1   0  16   4   1  60   3   1   1   3   0   1   3  0.89 0.26
  132 H   -2 -2  1 -2 -3 -1 -2 -3  9 -3 -2 -2 -2 -1 -3 -2 -2 -2  3 -3    1   1   5   1   0   1   1   1  65   1   4   1   0   1   1   1   1   0  12   1  1.33 0.29
  133 E   -2 -1 -1  0 -4  2  6 -1 -1 -3 -3 -1 -3 -3 -2 -1 -2 -3 -3 -3    1   1   1   1   0   8  74   5   0   1   1   1   0   1   1   1   1   0   1   1  0.97 0.25
  134 Y   -3 -3 -3 -3 -3 -2 -3 -3  0 -2 -2 -3 -2  3 -3 -3 -3  0  8 -2    1   1   1   1   0   1   1   1   0   1   1   1   0   8   1   1   1   0  77   1  1.51 0.32
  135 H   -2  6 -1 -2 -3  2 -1 -3  2 -3 -3  1 -2 -3 -2 -1 -1 -3  0 -3    1  62   1   1   0   8   1   1   6   1   1   6   0   1   1   1   3   0   3   1  0.80 0.21
  136 I   -1 -2 -2 -2 -2 -1 -2 -3 -1  1  3 -2  2  0 -1 -1 -1 -2  1  0    4   1   1   3   0   2   1   1   1   7  50   1   5   2   2   3   2   0   8   4  0.26 0.11
  137 T    0 -1  0  2 -1  1  2 -1  2 -1 -1  0 -1 -2  1  0  1 -2 -1 -1   12   2   3  12   2   5  18   2  10   5   6   2   1   1   5   3   9   0   1   4  0.13 0.06
  138 C   -1  0  1  4  1 -1  1  1 -1 -2 -2 -1 -2 -3 -1  0  0 -3 -1 -2    4   7   6  27   3   2   8  13   1   2   3   2   1   1   2   7   8   0   2   2  0.27 0.13
  139 L    0 -1  1  1  0  0  1 -1 -1 -1 -1  1 -1 -1  0  2  0 -3 -1  0    5   2   6  10   2   1   8   4   1   2   6  11   1   3   5  19   7   0   1   7  0.10 0.07
  140 P   -1 -1  1  3  0 -1  1 -1  1 -2 -2  0 -2  0  3  1  0 -3 -2 -2    2   3   6  17   2   1   8   4   5   2   3   7   1   5  14  10   7   0   1   2  0.25 0.13
  141 H    0  1  0  0 -1 -1 -1 -1  2 -2  0 -1 -1 -1  3  1  0 -3 -2 -2    5   9   4   5   1   2   3   4   6   2  11   3   1   3  18  14   5   0   1   2  0.21 0.13
  142 H    0 -1  0  0 -1  1  0 -1  2 -2 -1  0 -1 -1  1  2  0  0 -1 -2    8   3   4   6   1   8   4   4   7   1   6   6   2   3   6  25   4   1   1   2  0.15 0.13
  143 K    0  0 -1 -2 -4  4  1 -2 -2 -3 -1  4 -2 -4  0  0 -2 -4 -3 -1    6   2   3   1   0  21   7   3   1   1   8  31   1   0   5   5   1   0   0   4  0.46 0.25
  144 R   -3  2  1  6 -3 -1  3  0 -2 -4 -5  0 -5 -5 -4 -1 -3 -5 -5 -4    1  13   5  42   0   1  19   8   1   1   0   4   0   0   0   4   0   0   0   1  0.91 0.37
  145 K    2 -3 -1  4 -4 -1  4  0 -3 -4 -4  0 -4 -5 -1  0 -1 -5 -2 -3   20   0   2  22   0   1  28   7   0   0   1   5   0   0   2   4   4   0   1   1  0.58 0.30
  146 Y   -5 -4 -6 -6 -3 -5 -5 -6 -2 -1 -4 -2 -3  3 -6 -5 -4 11  6 -4    0   1   0   0   1   0   0   0   1   3   1   3   1  11   0   0   1  51  22   1  2.51 0.69
  147 V    2 -5 -1 -5 -4 -4 -5 -4 -5 -1 -3 -4 -3 -4 -5 -3 -3 -5 -4  6   19   0   3   0   0   0   0   1   0   1   1   0   0   0   0   1   0   0   0  71  1.38 0.52
  148 V   -3 -4 -5 -5 -4 -4 -5 -5 -5  3  5 -4 -1 -3 -5 -2 -3 -4 -4  4    0   0   0   0   0   0   0   0   0  14  53   0   0   0   0   3   0   0   0  25  1.01 0.38
  149 C   -3 -6 -6 -6 11 -6 -6 -6 -6 -5 -2 -6 -5 -2 -6 -2 -5 -5  0 -4    2   0   0   0  83   0   0   0   0   0   3   0   0   2   0   3   0   0   3   0  3.24 0.83
  150 Q   -4  8 -4 -5 -6  0 -3 -5 -2 -6 -5  2 -5 -6 -5 -4 -4 -1 -5 -4    0  79   0   0   0   3   0   0   1   0   0  11   0   0   0   0   0   1   0   1  2.06 0.65
  151 V   -1 -5 -5 -5 -4 -5 -5 -5 -5  5  2 -5 -1 -3 -5 -4 -2 -5 -4  5    4   0   0   0   0   0   0   0   0  33  15   0   1   0   0   0   1   0   0  44  1.13 0.41
  152 K   -4 -1 -4 -5 -3 -4 -4 -5  0 -1 -2 -1  0  7 -5 -4 -3 -2  6 -2    1   4   1   0   0   0   1   0   2   3   1   4   3  51   0   1   1   0  24   2  1.45 0.49
  153 Y   -3  2  3 -2 -5  3 -1 -4  3 -5 -4  5 -2 -4 -4 -2 -3 -2  1 -4    1  10  15   2   0  15   2   0   7   0   1  37   1   0   0   1   1   0   5   1  0.81 0.37
  154 K   -4  1 -2 -4 -6 -2 -3 -5 -4 -6 -5  8 -5 -6 -4 -4 -4 -6 -5 -5    0   4   1   0   0   0   0   0   0   0   0  90   0   0   0   0   0   0   0   0  2.21 0.68
  155 G    0  0  2  1 -2  0 -1  1 -1 -2 -3  2 -2 -3  1  2  1 -4 -3 -3    8   4  13   8   1   2   2   9   1   2   1  15   1   1   6  18   8   0   0   1  0.25 0.16
  156 E   -1 -2  2  1 -2 -1  2  2 -1 -2 -1 -1 -1 -3  1  0  1 -4 -2 -2    4   1  12   7   1   1  15  17   1   2   9   2   1   0   8   6  10   0   1   2  0.22 0.15
  157 A    2 -2 -1  0  0  0  0  2 -1 -1 -2  0 -1 -3  0  1  1  0 -3 -1   16   1   2   5   2   3   6  19   1   3   3   6   2   1   4  14   8   1   0   3  0.18 0.13
  158 A    1 -1  0 -1 -2  1 -1  2 -1  0  0  1  0 -2  1  0 -1  1 -2  0   15   3   4   2   0   7   3  15   1   6   9   9   2   2   7   5   3   2   0   5  0.09 0.08
  159 E   -1  2  0  0 -3  2  2 -2 -2 -3 -2  4 -2 -4  0 -1  0 -3 -3 -3    4  10   4   4   0   9  13   2   1   1   3  31   1   0   5   4   5   0   1   2  0.43 0.24
  160 I   -1  0  2 -2 -1  0 -1  0 -2  1 -1  3 -1 -3  0  0  0 -4 -3  1    4   3  11   1   1   3   4   7   1  12   4  22   1   0   4   6   5   0   1  10  0.17 0.15
  161 S    1  0  0 -1 -1  1  0  2  0 -1 -1  0  0 -2  0  2  0 -3 -1 -1   12   4   5   2   1   6   4  15   2   4   5   6   2   1   5  16   4   0   3   2  0.12 0.10
  162 Y    0 -1  0  0 -2  2  2  0  1 -3 -2 -1 -1 -1  0  0 -1  1  3 -2    8   2   5   4   1  11  12   8   4   1   3   3   2   2   5   8   3   2  14   3  0.19 0.15
  163 E   -2 -1 -1  1 -2  3  3 -2  0  1 -2 -1  2 -3  1  1 -1 -2 -1 -2    2   3   3   9   1  13  17   2   2   8   3   3   7   1   6  10   3   0   3   2  0.24 0.19
  164 P    0 -1 -1  0 -1  1  1 -1 -1 -4 -3 -2  0 -3  5  1 -1 -3  1 -3    8   3   2   4   1   7   8   5   1   1   2   2   3   1  27  12   4   0   6   2  0.45 0.26
  165 S    0 -1  0 -1 -1  0  0  1 -1 -3 -3 -1 -1 -3  2  3  1 -3 -1 -1    9   3   4   2   1   3   4  11   1   1   2   4   1   1   9  26  10   0   2   4  0.26 0.20
  166 P    1 -1  0 -1 -1  1  0  0  1 -3 -2 -2  0 -4  5  1  0 -2 -2 -2   14   3   5   3   2   6   7   6   3   1   3   2   2   0  25   9   5   1   1   2  0.40 0.24
  167 S    0 -2  0  0  1  0 -1 -1  0 -2 -3  0  0 -3  4  2  0 -1 -1 -1    8   2   4   4   3   5   4   4   2   2   2   4   2   1  18  19   7   1   3   3  0.27 0.20
  168 L   -1 -1 -1 -1  0 -1  1 -2  0 -1  0  0  2  3 -2  0  1  2  0 -1    5   4   2   2   2   2  11   3   2   3   8   5   7  16   2   6  11   3   2   5  0.14 0.14
  169 V    0 -1  0 -1 -2  0  1  0  0  0 -1 -1  1 -1  1  1  0 -2  0  0    8   4   4   3   1   3   8   7   2   6   6   3   4   2   8  14   4   0   4   9  0.06 0.08
  170 S   -2 -2  0  1 -2  0  3 -1 -1 -3 -1 -2 -2 -4  0  3 -1 -3  0 -1    3   2   5   9   1   3  20   5   1   2   6   2   1   1   6  21   4   0   4   5  0.29 0.23
  171 D   -1  0  1  3 -5  0  2 -1  1 -3 -3 -1 -2 -2  1  2 -1 -2 -2 -3    4   5   6  20   0   4  16   5   3   1   3   3   1   2   7  15   3   1   1   2  0.35 0.23
  172 S    0 -2  0  2 -2  1  1 -2  2 -3 -2 -1 -1 -2  1  2 -1  0 -1 -1    7   2   5  10   1   8  11   3   4   1   5   3   2   2   7  18   3   1   2   4  0.19 0.17
  173 H   -1 -2  0  1 -2  0  1  0  4 -2 -3 -1 -2 -2  0  1  1  5 -1  0    6   2   5   9   1   4  10   6   9   1   2   4   1   1   5   9   7   8   2   7  0.22 0.17
  174 T    0 -2  1  1 -2  0  1 -1 -1 -2 -2 -2  0 -2  1  3  3 -5 -1 -1    6   1   6   7   1   3   7   5   1   2   3   2   3   2   8  20  16   0   3   4  0.25 0.21
  175 V   -1 -1  0  1 -2  1  1 -1  1 -1 -1 -1  1  0  0  2  1 -4 -2  0    5   2   5   7   1   6   8   5   3   4   7   2   4   4   5  16   9   0   1   7  0.09 0.11
  176 I    0 -1  0  1  0 -1  0 -1  1  1 -1  0  2 -1 -1  1  0 -1 -1  0    7   3   4   9   3   2   7   5   4   9   6   4   7   2   2  12   5   1   2   6  0.05 0.07
  177 A    0 -2 -1  2 -2  0  1 -1  1 -2 -1 -2  0 -3  1  3  1 -3 -2 -1    9   2   3  13   1   4   8   5   4   2   5   2   2   1   6  20   7   0   1   4  0.21 0.18
  178 I    0 -3  0  0  0 -1  0 -3 -1  1  0 -3  1  1  1  2  1 -4 -2  1    7   1   4   6   2   2   5   2   1  10   8   1   4   7   6  17   7   0   1   9  0.14 0.14
  179 T   -1 -1  1  0  0  0  1 -1 -1 -2 -1 -2  0 -1  1  2  2  0  0  1    4   2   7   5   2   3   9   4   1   2   7   1   2   2   7  16  12   1   3   9  0.12 0.14
  180 G   -1  0  0  2 -2 -1  0  3  0 -2 -2 -1 -1 -1  0  2 -1 -5 -2 -1    4   4   4  13   1   2   7  20   2   3   3   3   1   3   4  17   3   0   1   5  0.24 0.18
  181 E   -1 -2  1  1 -2  1  2 -1 -1 -1 -1 -1  0 -1  0  2  0 -3 -1 -1    5   2   8   9   1   6  12   4   1   4   5   3   3   3   5  18   5   0   2   4  0.16 0.15
  182 P   -1 -3 -2 -2 -3  1 -1  0  1  0 -1 -4  1 -4  5  1  1 -6 -4 -1    5   1   2   2   1   6   4   7   3   5   5   1   3   1  31  10   9   0   1   4  0.57 0.35
  183 E    0 -1  1  1 -3  0  2 -2 -3 -3  0  0 -1 -2  1  3  0 -5 -1 -2    6   4   7   7   1   5  13   3   0   1   9   5   1   2   8  21   4   0   2   2  0.22 0.20
  184 P   -2 -3  2  0 -3  1  0 -3  1 -4 -1 -3 -3 -3  5  2  0 -4 -3 -2    3   1   9   5   1   6   6   2   4   1   5   1   1   1  29  16   5   0   1   3  0.61 0.38
  185 E   -2 -2  1  2 -3  1  2 -2  1 -3 -2 -1  2  0  2  1 -1 -4 -1 -2    3   2   8  12   1   7  14   3   3   1   5   3   5   4  11  10   3   0   3   2  0.25 0.20
  186 L    0 -1 -2 -1  0  0  0 -2  0  1  1 -2  3 -1  1  0  1 -4 -1  0    8   3   1   3   2   5   5   2   2   9  17   2   8   2   6   7   8   0   1   8  0.12 0.11
  187 Q    0 -2  0  1 -2  3  1  0  1 -2 -1 -1  0 -2  1  1  0 -4 -2  0    7   1   3   8   1  14   7   6   4   1   5   2   3   2   8  13   6   0   1   7  0.17 0.17
  188 V    0 -1  0  1 -1  1  0 -2  0  0  1 -1  2 -2 -1  1  0 -1 -2  1    7   2   4   7   1   8   5   2   2   6  12   2   6   2   3  11   7   1   1  11  0.08 0.10
  189 E   -1 -2  1  2 -2  0  3 -2  1 -3 -2 -2  2 -4 -1  2  0 -4 -3 -2    4   2   7  13   1   5  23   3   4   1   4   2   6   1   3  13   5   0   1   3  0.38 0.28
  190 Q    1 -2  0  1 -3  3 -1 -2  0 -1  0 -1  1  0  1  1  1 -3 -1 -2   10   1   5   8   0  13   4   2   2   3  10   4   4   4   6  11   9   0   2   2  0.15 0.16
  191 P    0 -3 -2 -2 -1 -1  0 -1  0 -2 -2 -4 -1  0  6  1 -2 -6 -3  0    7   2   2   3   1   3   6   5   3   3   5   1   2   4  37   9   2   0   1   6  0.69 0.41
  192 G    0 -2  1 -2  2 -1 -2  2 -2 -1 -1 -2  1  0  1  2  0 -4  1 -1    8   2   8   2   4   3   2  17   1   3   6   2   4   3   8  15   4   0   4   4  0.19 0.18
  193 K    0  0  1  0 -2  1  0 -1  2 -1 -1  1  0 -2  0  2  1 -4  0 -1    7   5   7   5   1   6   5   4   5   4   5   7   3   1   4  16   7   0   4   3  0.11 0.12
  194 E   -1 -1  1  3 -1  1  2 -2  3 -2 -2 -2 -2  0  0  1 -1 -3 -1 -1    5   2   8  16   1   5  14   3   7   2   3   2   1   4   5  12   3   0   2   4  0.27 0.21
  195 N   -1 -2  2  2 -2  0  1  0  3 -2 -2 -2 -1  0 -1  2  1 -2  1 -2    6   2  11  11   1   4   7   6   7   3   4   2   1   4   3  14   7   0   5   2  0.20 0.18
  196 L   -1 -1 -1 -2  2  0 -1 -2  0  1  1 -1  1  2  0  1  0 -1  1  0    5   3   2   2   5   4   3   2   2   9  15   4   3   9   5  10   5   1   4   6  0.08 0.08
  197 L    0 -2 -1 -1  0  0 -1 -1  0 -1  1 -1  2  1  1  0  1 -1  0  0    7   1   3   4   2   4   3   4   3   3  16   3   7   7   6   9   9   1   3   5  0.08 0.10
  198 G   -1 -3  0  0 -1  0 -1  2  2 -4 -3 -1 -2 -1  2  2 -1 -1  3 -2    6   1   4   6   1   4   4  16   5   1   2   4   1   2  10  13   4   1  12   4  0.27 0.23
  199 M    0 -1  0  0  0  0  0 -1  1 -1  0 -1  2  1 -1  1  0  1  0  0    6   2   4   5   3   5   5   4   4   4  12   3   7   7   3   9   7   2   3   6  0.04 0.07
  200 S    0 -3  1  2 -2  1  2 -1  2 -2 -2 -2  0 -3  0  2  1 -2 -3 -2    8   1   5  13   1   6  11   4   4   3   5   2   2   1   4  17   9   1   1   2  0.24 0.21
  201 V    0 -2 -1 -1  0 -1  0 -2  0  0  1 -2  2  0  1  1  1 -2 -1  1    6   1   3   3   2   3   7   3   2   5  12   1   6   3   6  13  10   1   2  11  0.10 0.12
  202 D   -1 -2  0  3 -2  1  2 -3  2 -2 -4 -2 -1 -2  1  4 -1 -6 -3 -4    5   2   4  14   1   6  12   2   4   2   2   2   1   2   7  27   3   0   1   1  0.46 0.34
  203 D   -2 -3  2  5 -3  1  0 -2  1 -3 -4 -2 -1 -3 -1  1  0 -6  0 -3    3   2   9  32   0   6   6   4   4   1   2   2   2   1   4  10   7   0   4   2  0.58 0.37
  204 L   -1 -3  0  0 -1  1 -1 -3 -1  1  2 -3  0  1  1  2 -1  0  0  0    5   1   6   5   1   6   5   1   1   7  18   1   2   5   7  16   3   1   4   5  0.15 0.16
  205 I   -2 -2 -2  0 -2  0 -1 -1 -1  2  2 -2  2  2 -1  0 -1 -3 -1  1    2   2   1   5   1   4   4   4   2  11  20   2   5   8   3   9   4   0   2  11  0.17 0.14
  206 E    0  0  1  2 -1  1  1 -1 -1 -1 -3 -1  0 -3  2  1  0 -2 -2 -2    8   5   7  10   1   8  11   4   1   4   3   3   3   1  10  10   7   1   1   3  0.18 0.17
  207 P    0  1 -2  0  0  1  0 -1  0 -3 -1  0  0  1  4  0 -1  2 -1 -3    7   7   2   6   2   7   6   4   3   2   7   5   3   5  20   7   3   3   2   1  0.24 0.20
  208 M   -1 -2  0 -3 -1  0 -1 -1  2  1  2 -2  4  2  0 -1 -1 -1  1 -1    4   2   5   1   1   4   4   4   4   8  17   2  13   7   5   5   4   1   5   4  0.21 0.17
  209 N    0 -2  4  1 -4  0  0 -1  5 -4 -2 -3 -1 -1 -1  1  0 -6 -2 -4    7   2  19   8   0   5   7   4  13   1   4   2   2   3   4  11   5   0   1   1  0.46 0.32
  210 Q   -1 -2  2  1  2  2 -1 -1  1 -1 -2 -1  1 -2 -1  2  1 -5  0 -1    4   1   9   8   5   9   4   4   4   3   4   3   3   2   3  18   9   0   3   4  0.20 0.20
  211 Q    0 -2  1  3  0  3  0 -3  1 -1 -2  0  0 -1  1  1 -1 -3 -3 -3    7   2   6  17   2  14   6   2   3   3   4   5   2   3   7  10   3   0   1   2  0.28 0.23
  212 E   -3  0  2  0 -4  1  3 -3  3 -2 -3 -2 -2 -4  0  4 -1 -6 -3 -1    2   5   8   4   0   7  16   2   6   2   3   2   1   1   5  28   3   0   1   4  0.49 0.37
  213 E   -2 -1  1  2 -2  1  2 -1  0 -2 -2 -1 -1  1 -2  2  1 -3 -2 -3    3   3   6  13   1   5  13   6   3   3   3   3   2   6   2  17   8   0   1   2  0.24 0.21
  214 P   -1 -4  2 -1  5 -1 -2 -4 -1  0 -1 -3 -2  0  4  0 -1 -5  1  0    4   1  11   3  11   3   2   1   1   5   6   2   1   5  22   7   3   0   5   6  0.50 0.33
  215 Q   -1 -2  2 -1  0  4 -1 -1 -3 -4 -2  0 -3 -1 -3  3 -1 -1 -1 -2    4   2   9   4   2  18   3   4   1   1   4   6   1   3   2  25   4   1   2   3  0.41 0.33
  216 G   -1 -2  1 -1 -4 -1  1  1 -1 -1  1 -2  0  0  0  1  1  1 -1 -2    6   2   7   2   0   3   9  10   2   4  17   2   2   5   5  12   8   2   2   2  0.10 0.14
  217 P    0 -3  1 -2 -4 -1 -2 -2  3 -1 -3 -3 -2 -3  6  1 -1 -4 -3 -1    6   1   7   3   0   3   3   3   7   4   3   1   1   1  35  10   3   0   1   5  0.74 0.45
  218 H   -1 -1  1 -1 -2  1  0 -1  5 -1 -1 -3 -1 -2 -1  1  1 -2 -1  1    5   3   7   4   1   8   5   6  13   3   6   1   1   1   4  12   9   1   2   9  0.20 0.19
  219 L   -1 -3 -2 -2 -1 -2 -2 -2 -3  1  4 -4  1  0 -3 -1  0 -1 -1  1    5   1   2   3   1   2   2   4   1   7  40   1   3   4   2   4   6   1   2  10  0.45 0.28
  220 A    1 -2  0 -1 -1  1  0 -1 -2 -1  0 -2  0 -2  2  3  0 -2 -1 -1   10   2   4   3   1   6   6   4   1   4  10   2   2   1  11  20   5   1   2   5  0.17 0.19
  221 P   -2 -3  1  1 -3  2  1 -1 -1 -2 -2 -3 -2  0  4  0  0 -1 -3  0    3   1   7   8   1   8   8   5   1   3   5   2   1   4  24   8   6   1   1   6  0.38 0.29
  222 N   -1 -1  5  0 -1  0  1 -2  0 -2 -1 -1 -1 -2 -1  2  0 -5  0 -3    4   4  24   5   2   5  10   3   2   2   6   3   1   1   4  14   5   0   3   2  0.36 0.28
  223 D   -2 -3  3  4 -1  1  0 -1  1 -2 -2 -1 -1  2 -1  0 -1 -3 -2 -1    3   1  13  22   2   6   5   6   3   3   3   4   1   9   3   7   3   0   1   5  0.35 0.25
  224 D   -1 -3  1  4 -3  0  0 -3  1 -1 -1 -2 -1 -1  2  1  0 -1 -2 -1    6   1   6  21   1   4   7   2   3   4   6   2   1   2   9  12   6   1   1   5  0.27 0.22
  225 E    1 -1  2  1  1  1  1 -1  0 -2 -2 -1 -2 -3  1  1  0 -2  0 -2   10   2  11   8   3   7  10   4   2   2   4   4   1   1   6  13   6   1   4   2  0.17 0.16
  226 F   -2 -3 -1 -1  1  0  0 -3  0 -1  0 -2  0  5  1  1 -1 -1  1 -2    3   1   3   4   3   5   6   2   2   3  10   2   2  24   7  10   4   1   4   3  0.34 0.23
  227 I   -1 -3  1  0  1  1 -1 -2 -2  1  0 -2  1  2  0  1  0  1  0  1    4   1   6   5   3   6   3   3   1   8  10   2   4   8   4  11   5   2   4  11  0.09 0.11
  228 R   -1  0  1  1 -1  1  1  0  0 -2 -1  0  0  0  1  2  0 -4 -1 -2    5   4   6   7   2   7   9   7   3   2   6   4   2   4   6  14   6   0   2   3  0.10 0.12
  229 G   -1 -3  3  1 -1 -1 -1  3  0 -3 -3 -2 -1 -2 -1  2  0 -1 -3 -3    5   1  15   8   1   3   4  20   2   1   3   3   2   2   3  15   6   1   1   2  0.35 0.26
  230 L   -1 -3 -1 -2  0  0 -1 -2  0  1  2 -1  3  1 -1  0 -1 -2  2  0    6   1   3   2   2   3   5   2   2   8  20   3   8   6   3   7   4   0   9   6  0.17 0.14
  231 R    0  1  2  1 -1  1  0 -3 -1  0  0 -2  0 -1  2  1  0 -2 -2 -2    7   8  11   7   1   6   6   2   2   5   9   2   2   2  12  10   6   1   1   3  0.16 0.16
  232 H    0  0  1  0 -3  0 -1  0  4 -2 -2  0  0 -2  2  1  0 -3  1 -2    8   4   6   5   1   5   4   9   9   2   4   5   2   1  10  10   7   0   5   3  0.16 0.15
  233 V    0 -2 -1 -1 -1 -1 -1 -2  0  2  1 -2  0 -1 -1  1  1  2 -1  2    7   2   4   4   1   3   3   3   2  10  12   2   2   3   3  11   8   3   2  15  0.12 0.12
  234 D   -2 -3  3  4 -2 -1  0 -2 -1 -2 -2 -2 -1  0  0  2  0 -3  0 -2    3   2  13  23   1   3   6   3   1   2   4   2   2   5   6  14   5   0   3   3  0.38 0.27
  235 R   -1  0  3  2 -2  0  0 -1  2 -3 -2 -1  0 -2  1  1  1 -3 -3 -2    4   6  12  12   1   5   6   5   4   1   5   3   2   1   8  12   8   0   1   3  0.22 0.19
  236 G   -1 -2  1 -1 -3  1  1  2 -1 -2  0 -1  0 -1  0  1  0  2  1 -2    5   2   6   4   0   6   9  15   2   2   9   3   2   3   5  12   5   3   5   3  0.12 0.14
  237 T    0 -3  2 -1 -3  2  0 -2  1 -1  0 -1  0  1  1  2  1 -2 -2 -2    7   1  11   3   1   9   6   3   4   4   8   3   3   6   8  14   8   1   1   3  0.17 0.18
  238 V   -1 -2  1  0 -1  0  0 -2  0  0  0 -1  1  1  2  1 -1  0  0  0    6   1   7   6   1   5   5   2   2   4  11   4   3   6  11  10   3   1   4   8  0.09 0.11
  239 E   -2 -2  2  3  0  2  2 -2  1 -1 -2 -1 -5 -3  0  2 -1 -1 -2 -2    3   2   8  15   2  10  15   3   3   3   4   3   0   1   5  14   3   1   2   3  0.32 0.27
  240 Y   -2 -3  2 -1 -3  1 -2 -3  4 -2 -1 -2 -1  3  0  1  0 -1  4 -2    4   1  11   3   0   6   3   2  10   2   7   3   1  11   5   9   5   1  14   3  0.38 0.27
  241 L   -1 -2  0  2 -3  1  0 -2  0  0  1 -2  0  1  2  0 -1  0 -1  0    5   2   4  10   1   6   6   3   2   6  12   2   3   7  11   7   4   1   1   7  0.11 0.11
  242 F   -1 -3  0 -1 -3  1 -1 -1  1  0  0 -1  0  4 -1 -1 -1  3  0  0    4   1   5   4   0   8   3   5   3   4  11   4   2  18   4   5   5   4   3   6  0.22 0.17
  243 A    1 -3  0 -1 -2  0  0 -1  0 -1  0 -2 -2  0  2  2 -1 -2 -1 -1   12   1   5   4   1   4   6   5   3   4   8   2   1   4  12  18   4   1   2   4  0.19 0.19
  244 N   -1 -3  4  1 -3  1 -1  1  2 -3 -2 -3 -1 -1  0  2  0 -5 -2 -2    5   1  18   8   1   6   4  10   4   1   5   1   2   3   5  17   6   0   1   4  0.31 0.26
  245 E   -1 -3  2  0 -4  3  2 -1  3 -4 -2 -1 -2  1 -2  2 -2 -3 -1 -3    4   1  10   6   0  15  15   5   6   1   4   4   1   5   2  13   3   0   3   2  0.36 0.30
  246 E   -1 -3  2  2 -4  2  3 -3  0 -1 -2 -2  3 -1  0  1 -1 -3 -2 -3    5   1   9  10   0  11  17   2   2   4   4   2   7   3   4  11   4   0   2   2  0.33 0.28
  247 N   -2 -4  4  1  0  2 -1 -2 -1 -3 -2 -1  0  1  1  1 -1  2  2 -1    3   0  18   7   2   9   4   3   1   2   4   3   3   7   7   9   3   2   7   5  0.30 0.25
  248 M   -2 -4  0 -2  0 -1 -2 -3  0  2  1 -3  4  3  0 -1 -1 -2  2  1    2   1   5   2   2   3   3   2   2   9  15   1  10  13   4   5   5   0   6   8  0.30 0.22
  249 D   -2 -2  2  4 -1  2 -1  0  0 -3 -2 -2 -1  0  0  1 -1 -3 -3 -4    4   2   8  23   2  10   4   8   2   1   5   2   2   5   5  11   5   0   1   1  0.38 0.30
  250 G    0 -3  1  0 -3  1  0  2 -1 -3 -2 -1  1 -2  0  3  0  0  1 -2    6   1   7   5   1   6   6  15   2   1   4   3   3   1   4  19   6   2   5   2  0.23 0.22
  251 L   -1 -1  0  0 -4  1 -1 -2  1  0  2 -1  2  1  0  0  0 -2  2  0    3   3   5   5   0   7   3   3   3   5  18   3   6   6   5   6   5   0   6   7  0.10 0.11
  252 S   -2 -2  2  0 -2  2  0 -2  1 -2 -2 -1  0 -5  2  3  0  3  1 -2    3   2  10   4   1  10   6   4   3   2   5   4   2   0   9  19   5   3   4   3  0.28 0.26
  253 M   -1 -2  0 -1 -1  1 -1 -1 -1  0  2 -1  3  1 -2  0  0 -3  0  0    6   2   5   3   1   6   3   5   1   6  21   5   8   7   2   6   5   0   4   6  0.12 0.12
  254 N   -1 -3  4  4 -4 -1  1 -1  0 -3 -4 -3 -2 -5  0  2 -1 -6 -2 -2    5   2  20  19   0   3   8   5   2   1   2   1   1   1   5  16   4   0   2   3  0.52 0.37
  255 D   -3 -2  1  4 -1  2  1 -1 -3 -2 -2  0 -1 -4  1  2 -1 -6 -3 -3    2   2   5  26   1   8   7   6   1   3   5   5   2   1   7  14   4   0   1   2  0.43 0.32
  256 L   -3 -3 -1 -2 -1 -1 -1 -3 -3 -1  3 -3  1  3  2 -1 -1  0  2  0    2   1   3   3   1   3   4   2   1   2  27   1   3  14   9   5   3   1   8   6  0.39 0.27
  257 R   -1  0  0 -1 -4  4  0  0 -1 -2 -1 -1  2  0  0  2  0 -1 -1 -1    6   6   4   3   0  17   5   6   1   3   7   3   4   4   5  16   4   1   2   4  0.20 0.21
  258 I    0 -2  0 -1 -2  0  0 -2 -2  0  1 -1  1  2  0  1  0 -2 -1  0    7   1   5   4   0   4   6   3   1   5  14   3   4  11   6  11   7   0   2   7  0.09 0.11
  259 P   -3 -5  2 -1 -2  1 -1 -2 -1 -5 -2 -2 -1 -2  6  1 -3 -7 -3 -3    2   1   9   4   1   6   5   4   2   1   5   2   2   2  41   9   2   0   1   2  0.92 0.57
  260 M   -1 -2  0 -2 -2  0 -1 -2  0  0  1 -1  4  1  0  1 -1  0  2 -1    5   2   5   2   1   4   4   4   3   4  14   5  11   7   5  10   3   1   7   4  0.14 0.16
  261 I   -1 -2  1  0  0  3  0 -3  0  0  1 -2  2  0  0  0  0 -1 -2 -1    6   2   8   4   2  13   7   2   2   5  17   2   5   3   4   6   5   1   1   4  0.14 0.16
  262 V    0 -1  3 -1 -3  0  0 -2  0  0 -1 -1  0  0 -1  1 -1 -3  0  1    8   3  17   3   0   5   6   2   2   6   5   3   3   4   4  12   4   0   3  10  0.16 0.17
  263 Q   -2 -1  0  1 -4  4  1 -2 -1 -4 -1  0 -1 -4  3  1 -1 -2 -2 -3    3   3   5   9   0  20   8   3   1   1   6   6   2   1  15  11   4   1   1   2  0.42 0.36
  264 Q   -1 -1  1 -1 -3  4  1 -2  3 -3 -2 -1 -1  0 -2  2  0  0  1 -2    5   3   7   3   0  18   8   3   6   1   4   3   2   4   3  15   6   1   5   3  0.30 0.28
  265 E   -2  0  1  0 -1  2  4 -3  0 -2 -3  0 -1 -3  2  1 -1 -6 -1 -3    3   4   6   5   1   9  25   2   2   3   3   6   2   1  11   9   4   0   2   2  0.37 0.31
  266 D   -1 -3  2  4 -3  2  1 -3  1 -3 -1 -2  0 -2  3  0 -2 -6 -2 -2    4   1  10  22   1   8   7   2   3   2   7   2   3   2  13   7   3   0   1   3  0.40 0.32
  267 L   -2 -3  0 -1  2  1  0 -2 -1  0  1 -1  0  3 -1  1 -1  2  1  0    2   1   4   4   4   6   6   3   2   5  11   4   3  16   3  10   4   3   4   6  0.15 0.15
  268 S   -1  0  0  0 -5  1  1  0 -1 -2 -3  0  0 -2  0  4  1 -6 -3 -3    4   6   4   4   0   7   8   6   1   2   3   6   3   2   5  31   7   0   1   2  0.37 0.33
  269 E   -1 -2  1  1 -2  2  1 -1 -1 -1  0 -1  1  0  0  2 -1 -4  0 -2    6   1   6   6   1  10   9   4   1   3  12   4   3   5   5  16   3   0   3   2  0.13 0.17
  270 W   -3 -3 -3 -2 -1 -1 -1 -3 -2  0  1 -4  2  2  2  0 -2  7  3 -1    2   1   1   3   1   4   5   2   1   4  14   1   4   9  11   7   2  15   8   4  0.53 0.35
  271 E   -1  0  3  3 -3  2  0  1  0 -4 -3 -1  0 -4  0  2 -1 -6 -1 -3    4   5  12  18   0   8   6   9   2   1   2   3   2   1   4  14   3   0   2   1  0.34 0.29
  272 G   -1 -2  2 -1 -5  2 -1  3  0 -2 -1 -1 -1 -3  1  1  0 -5 -2  0    4   2   9   4   0  11   4  19   2   2   6   4   2   1   6  12   4   0   1   7  0.22 0.22
  273 F   -2 -2 -1 -2 -3  1 -1 -2 -1  0  2 -2  0  5 -3  0 -2  1  2  0    3   3   3   2   0   7   5   3   1   4  17   2   2  22   1   8   3   2   6   6  0.31 0.24
  274 N   -1 -2  4  3 -5  2 -2 -2 -1  0 -1 -2 -2 -3 -1 -1 -1 -2 -1  1    5   2  19  16   0  10   2   3   1   7   6   2   1   1   4   5   3   1   2  11  0.33 0.28
  275 A    1 -2  1  2 -3  0  1 -2  0  0 -3 -2  0 -1  3  2  0 -5 -2 -1   11   2   6  11   0   3   9   2   2   5   3   2   2   3  13  14   5   0   2   5  0.21 0.21
  276 D   -2 -3  1  4  1  1  2  1  3 -3 -2 -1 -3 -1 -1  1 -1 -5 -1 -3    2   1   5  21   3   6  11  10   6   2   4   3   1   3   3  12   4   0   3   1  0.34 0.27
  277 T   -1  0  3  1  0  1 -1 -1  1 -1 -2  0  2 -2 -1  1  1  0 -2 -1    5   4  14   9   2   6   4   3   4   3   4   7   6   2   3  10   9   1   1   3  0.16 0.17
  278 F   -2 -2  0 -1 -4 -2 -1 -3  0  0  2 -3  0  4  0  1 -1 -4  2  0    3   2   4   3   0   2   4   2   3   4  21   1   3  15   4  10   3   0   8   8  0.26 0.22
  279 F   -2 -1  1 -2 -3  1  0 -1 -3 -2  0 -1  1  4 -3  2 -2 -1  1 -1    3   3   7   3   1   7   7   5   0   2   8   3   3  21   1  15   2   1   5   4  0.30 0.26
  280 S    0 -2  1  0  0  1  0 -1 -3 -2 -2 -2  0  0 -1  3  0 -2  0  0    8   2   7   4   2   7   5   5   0   2   4   2   2   4   2  28   5   0   3   7  0.24 0.25
  281 D   -1 -3  1  3 -3  1 -1 -2 -3 -3 -2 -4  0 -1  3  1  0 -1 -1 -2    6   1   8  19   1   6   4   3   1   1   5   0   2   3  17  12   5   1   3   3  0.39 0.33
  282 N   -1 -2  4  0  0 -1  0 -1  0 -1 -2 -1  3 -2 -2  1  0 -1  0 -1    5   1  22   5   2   2   6   6   2   3   4   4   7   2   2  12   6   1   3   4  0.27 0.25
  283 N   -2 -2  5  2 -1  1  0  0  0 -2 -2 -1  0 -4 -1  1 -1 -1 -2 -4    4   2  29  10   1   6   5   7   2   3   5   3   2   1   3  10   4   1   2   1  0.46 0.35
  284 N   -1 -3  5  0 -2  1 -1  0  1 -2 -4 -2  0 -1 -1  2  0 -6  1 -4    4   1  29   5   1   6   5   7   3   2   2   2   2   3   3  15   5   0   5   1  0.53 0.40
  285 N    0 -1  4  0 -3  0  0  0  2 -3 -1 -1  1 -2  0  2 -1 -5 -1  0    6   3  18   5   0   5   5   6   4   1   5   3   3   2   5  17   3   0   2   6  0.25 0.25
  286 Y   -1 -2  3  0 -2  2  1 -1  0 -1 -1 -2  1  0 -2  1  1 -1  2 -2    5   1  12   6   1   8   8   4   2   4   6   1   3   5   2  12  10   1   6   3  0.16 0.19
  287 N   -2 -1  2  2 -2 -1  0 -1  1  0 -1 -2  2  0  1  1  0 -1 -2  0    1   3  12  11   1   2   5   4   3   5   6   2   5   5   6  12   5   1   1   8  0.15 0.17
  288 L    0 -1  0 -1 -2  1 -1 -1  0  0  1 -1  1  1  1  0  0 -1  0  0    7   2   4   4   1   6   4   5   2   5  17   3   3   8   8   7   4   1   3   6  0.06 0.08
  289 N   -1 -4  4  0 -2  0  0 -1 -2 -3 -3 -1  0  3  1  1 -1  1  0 -3    6   0  21   5   1   5   5   6   1   2   3   3   2  11   8  12   3   2   4   1  0.34 0.29
  290 V   -1 -1  0  0 -4  2  0 -1 -3  0  0 -1 -1  1  1  0  0 -2 -2  2    4   3   4   5   0   9   7   5   0   6   9   2   1   6   9   8   7   1   1  14  0.10 0.14
  291 H    0  0  0  2  0  0  0 -1  3 -1  0 -2  0  1  0  0  0 -2 -1 -2    9   5   5  10   2   5   6   3  10   4  10   1   2   6   4   7   6   1   1   2  0.11 0.14
  292 H   -2 -1  3  1 -5  0 -2  0  5 -5 -2 -1 -1 -1  2  1  0 -5  2 -3    4   3  13   7   0   5   3   8  13   0   4   3   1   3  10   9   5   0   7   2  0.36 0.29
  293 Q   -1 -1  0  0 -2  3  1 -2  2  0  0 -1  0  0 -2  1  0  0  1  0    5   2   5   4   1  14   9   2   5   5   9   2   3   3   2  11   5   1   5   8  0.12 0.16
  294 L    0 -3  0  0 -3  0 -1 -1  0  0  2 -1  2  1 -1  0  0 -1 -1 -1    6   1   5   5   0   5   4   5   2   5  22   3   6   8   3   8   5   1   2   4  0.11 0.13
  295 T    0 -4  1  3 -3 -2  0 -1 -2 -1 -2 -2  0 -2  1  2  2  0 -1 -2    7   0   8  16   1   1   5   5   1   4   4   1   3   2   7  15  14   2   3   2  0.27 0.25
  296 P    0  0  1 -1 -3  2  1 -2 -1 -2 -3 -1  1 -2  5  1 -2 -1 -3 -2    9   5   7   3   1   8   8   3   2   2   3   3   3   2  26  11   2   1   1   3  0.44 0.34
  297 Y   -1  0  3  0 -2 -1  0 -2  2 -1 -2 -2  1  3  0 -1 -2  0  4  0    4   6  13   5   1   2   7   2   4   3   4   2   3  11   4   5   2   1  13   7  0.24 0.22
  298 G   -1 -2  0  3  0  0  0  2 -2 -2 -1 -1  1 -2  0  1 -1 -2  0 -2    3   1   5  16   2   3   7  17   1   2   8   3   4   2   5  10   4   1   3   3  0.20 0.19
  299 D   -3 -2  2  5  1  0  0 -1 -2 -2 -2 -2  0 -3  1  1  0 -6 -3 -2    1   2   8  33   3   5   4   6   1   3   5   2   2   1   6  11   5   0   1   3  0.52 0.37
  300 G   -1 -3  1  3 -3  0  3  1  1 -2 -2 -1 -1 -2  0  0 -2 -3 -1 -2    4   1   6  16   1   5  19  11   3   3   4   4   2   2   5   8   2   0   3   3  0.27 0.24
  301 Y   -1 -2  1 -1 -1 -1  0 -4  2 -2  0 -3 -1  5 -2  0 -2  2  5 -2    5   2   7   4   1   3   5   1   6   2   8   1   2  21   3   7   2   2  18   2  0.48 0.34
  302 L   -1 -2 -1 -1 -1  0 -1  0  0  0  1 -2  1  1  0  0  0  4  1  1    3   1   2   4   1   4   5   8   3   4  18   1   4   6   5   9   5   5   4   9  0.10 0.12
  303 N    0 -2  3  1 -4  0  0  1  0 -1 -2 -1  0 -2  0  2 -1 -5 -1 -1    8   1  14   8   0   4   5  12   2   5   4   3   3   2   4  16   3   0   2   4  0.19 0.20
  304 A    0 -4  2  1 -1  0  0  2 -1 -3 -2  0  0 -5  0  3 -1 -5  0 -4    6   0   9   9   1   5   6  18   1   1   4   5   3   0   4  21   3   0   3   0  0.33 0.30
  305 F   -1 -1 -1 -1 -1  1  0 -2  1  0  1 -1  1  3  0 -1 -1 -3  2  0    5   2   3   4   1   8   7   3   3   4  13   3   3  14   5   5   3   0   7   5  0.13 0.15
  306 S   -1 -3  1  1  0 -1 -2 -2 -2  0  2 -2  3  0  0  1  1 -2  0 -1    4   1   7   8   2   3   2   3   1   4  18   2   8   3   6  10  10   1   3   3  0.13 0.17
  307 G    0 -2  1 -1 -2 -1  0  3 -2 -3 -2 -1  1  2 -2  2 -1  0  1 -2    7   1   6   3   1   3   6  23   1   1   5   3   3  10   2  16   3   1   4   3  0.28 0.26
  308 Y    0 -2 -1 -2 -2  0 -1 -2  1 -1  0 -1  2  2 -1  2  0  1  3 -2    9   1   3   2   1   5   3   3   3   3   9   3   5   9   4  15   5   2  13   2  0.19 0.21
  309 N   -3 -2  5  2 -3  1  0 -1  1 -4 -2 -3 -2  0 -1  0  0 -1  0 -3    2   2  31   9   1   7   6   4   4   1   4   1   1   4   4   8   5   1   4   1  0.52 0.39
  310 E   -1 -2  2  1 -2  1  2  3  1 -2 -2 -2 -1 -2 -3  1 -1 -5 -2 -2    5   2  10   6   1   7  12  23   4   3   3   2   2   2   1  10   3   0   1   3  0.27 0.24
  311 G    0 -3  2  3 -1  1  1  2 -2 -1 -2 -3 -1 -2 -2  1  0 -5 -3 -3    7   1   8  19   1   5   8  16   1   4   5   1   1   2   1  12   5   0   1   1  0.30 0.26
  312 N   -1 -3  5  1  1 -1 -2  0  1 -1 -1 -3 -4  2 -3  1 -1 -1 -1 -2    4   1  25   8   3   3   1   8   4   5   5   1   0  11   1   9   3   1   2   3  0.36 0.30
  313 P   -1 -2  0 -1 -1 -1 -2 -3  1  1  1 -3  0  1  3  1 -1  0 -1  1    3   1   6   3   1   2   2   1   4   8  14   1   2   6  15  10   3   1   1  12  0.20 0.20
  314 P   -2 -3 -1  0 -2 -3  0 -2  1 -2 -1 -1  1 -4  5  3  0 -6 -3 -1    3   1   3   5   1   1   7   3   3   2   5   4   4   1  27  22   5   0   1   4  0.53 0.41
  315 D   -2  1  1  4 -5  0  2  0 -2 -3 -3  0  1  1 -1  0 -1 -5 -1 -4    3   8   7  25   0   3  12   9   1   1   3   4   3   6   3   6   3   0   2   1  0.36 0.29
  316 H    0 -1  0  2 -5  3  1 -2  2 -2 -3  0  1 -2  3  0 -1  0 -3 -3    8   3   5  11   0  13   8   2   5   2   2   5   4   1  17   7   4   1   1   1  0.34 0.29
  317 E   -1  0  1  3 -1  1  2 -3  1 -4 -2  0 -1 -5 -4  1  2 -5 -4 -2    6   4   6  19   2   5  16   2   3   0   5   6   2   0   0  12  12   0   0   2  0.37 0.31
  318 L    0 -3  1 -3 -2 -1 -1 -2 -1  0  2 -2 -1  1 -2  1  2 -4  0  1    6   0   7   1   1   3   3   2   1   5  21   1   1   7   2  12  13   0   4  10  0.20 0.22
  319 V   -1 -2  2 -3  1  0 -3 -2 -3  2  1 -3 -1  1  0  2  0 -4 -1  1    3   2  10   1   4   6   0   3   0  12  12   0   1   6   4  21   4   0   2  10  0.23 0.26
  320 M   -2 -3 -1 -2  0  2 -3 -1 -2  0  3 -1  5  1 -1 -2 -1 -4  0 -1    2   1   3   2   2   9   1   6   1   6  28   3  15   6   3   3   4   0   3   3  0.33 0.29
  321 Q    0 -3  0  0 -2  4  0 -2 -3 -1  1 -2  0 -2 -2  1  1  0 -2  0    7   0   4   5   1  22   6   3   0   2  12   1   2   2   2  12  11   2   1   7  0.27 0.29
  322 E   -2 -3  2  1 -1  2  4 -3 -3 -3 -3 -2 -4 -1  0  2  0 -5 -2 -2    3   0   9   9   1   9  28   2   0   1   3   2   0   3   4  18   5   0   1   3  0.49 0.39
  323 N   -1 -2  5  1 -5  0 -1  0  3 -5 -2 -3 -2 -1  0  1 -1 -1  0 -2    5   2  31   8   0   3   3   6   8   0   4   0   1   2   6  11   3   1   3   3  0.53 0.39
  324 R   -2  3  2  1 -4  1  0 -2  1 -1  0  0  0  1 -1 -1 -1  2  1 -1    2  17   9   7   0   6   7   2   3   4   9   5   2   6   3   4   2   4   4   4  0.14 0.16
  325 N   -1 -1  4  2 -4  2  0 -1  2 -2 -2 -1 -1 -3 -3  1  0  0  0 -2    3   2  20  12   0   9   6   5   6   2   5   3   2   1   1  10   5   1   4   3  0.29 0.26
  326 D   -2 -3  1  4  0  1  3  0  0 -3  0 -3 -3 -4  0  0  0 -4 -2 -3    2   0   7  26   2   7  18   7   2   1  10   1   0   0   4   5   5   0   1   1  0.43 0.32
  327 H   -2  0  1  1 -4  1  0 -2  4 -1 -2 -2  0  0 -1  1 -1 -3  4 -1    1   5   7   8   0   7   5   2  13   4   4   2   2   4   3  10   3   0  14   4  0.28 0.24
  328 M    1  2  1 -1 -3  2  0 -1  1 -2 -1  0  2  0 -1  0 -1 -3  1 -1   12  13   6   3   0  10   5   3   3   1   7   6   6   4   3   6   3   0   6   3  0.12 0.15
  329 P   -1 -2  1 -1  1  0  0 -2 -1 -4 -2 -2 -2 -1  6 -1  0  0 -2 -3    5   1   6   4   3   5   7   3   1   0   5   2   1   3  38   5   5   1   1   1  0.67 0.40
  330 R   -2  1  1  0 -3  2  1 -1 -1 -1  0  2  0 -1 -3  0  1 -3 -1 -1    2   7   9   6   0  10   9   4   1   3  10  14   2   2   0   6   8   0   2   4  0.14 0.15
  331 K   -1 -1  2  1 -3  2  2 -1  1 -1 -1  1 -2 -1 -2  0  0 -3 -1 -2    5   2  12   7   0   8  16   4   3   5   7  11   0   2   2   8   5   0   2   2  0.18 0.17
  332 P   -1 -1  0  1 -1 -2  1 -2 -3 -1 -2 -3  0 -1  5  2  0  0  0 -2    5   3   4   8   1   1   9   3   0   3   5   0   3   3  26  14   5   1   3   2  0.39 0.29
  333 V   -1 -3 -1  0 -1 -1  1 -3 -1  2  3 -3  1  1 -1 -2 -1 -3  2  1    3   0   2   5   1   2   9   2   1  12  28   0   3   7   3   2   3   0   8   9  0.24 0.22
  334 T   -1 -1  2 -1  2  1 -2  0 -3  1 -1 -1 -2 -1 -2  3  2  1 -3 -1    4   3  10   3   4   6   1   6   0   8   6   2   0   2   1  22  13   2   0   3  0.20 0.23
  335 G    0 -2  1 -1 -1  0 -1  4 -3 -3 -3 -1 -3 -2  0  2  1 -4 -4 -2    5   2   8   3   1   4   4  33   0   2   2   3   0   2   4  15  10   0   0   3  0.43 0.30
  336 T   -1 -2  0  0 -1 -2 -1  0 -1  1  1 -1  0  1  0 -1  1 -2  0  1    4   2   5   6   1   0   3   8   1   9  15   2   3   6   5   4  10   0   3  14  0.05 0.09
  337 I   -1 -2  0  0 -3  1  0 -2 -1  2  1  0 -1  1 -1 -1 -1 -3  0  1    4   0   4   5   0   7   8   3   2  16  17   7   0   6   3   5   4   0   3   8  0.08 0.12
  338 D   -1 -4  2  5  1  2  0 -1 -1 -3 -5 -1 -4 -3 -1  1 -1 -6 -5 -3    5   0   9  38   3  10   4   3   1   1   0   3   0   1   3  12   3   0   0   1  0.71 0.45
  339 Y   -2 -3 -2  2 -4  0  0 -3  1 -1  0 -1  0  3 -1  2  0  0  3 -1    2   0   1  12   0   4   6   1   3   2  10   2   2  12   3  15   7   1  13   3  0.23 0.24
  340 S    0 -3  2 -2 -4 -3 -1  0 -1 -2 -1 -2 -1  3 -1  3 -1  0  0 -1    8   0   9   1   0   0   4   8   1   1   8   2   1  12   3  30   2   1   3   3  0.31 0.31
  341 S    0 -4  1 -1 -1  1  0 -1 -1 -3  0 -2 -3  1 -3  4  1 -1 -2 -4    5   0   5   4   1   7   6   4   1   1   8   1   0   6   1  39   7   1   1   0  0.44 0.40
  342 D   -2 -2  2  6 -2  2  0 -2 -1 -3 -4  0  0 -3 -1 -1  0 -6 -1 -3    2   1   9  43   1   8   4   2   1   2   1   5   3   1   4   4   5   0   2   1  0.73 0.47
  343 S   -2 -2 -1  0  2  0 -1 -1  0 -1  0  0  0  1 -2  2  2 -3  1  1    1   1   1   6   4   4   3   3   2   1   8   5   2   6   1  17  15   0   5  13  0.14 0.21
  344 G   -1 -2  4  4 -5 -2 -1  2 -4 -5 -3 -3 -5 -1  0  2 -1  1 -4 -4    3   2  20  22   0   1   4  15   0   0   3   0   0   3   4  16   4   2   0   1  0.56 0.41
  345 S   -1 -3  2  0 -4  2 -1  0 -3 -3 -2 -1 -2 -1 -1  4  0 -5 -1 -3    2   0  10   5   0   9   3   7   0   1   4   2   1   3   3  40   6   0   3   1  0.51 0.43
  346 D   -1 -1 -2  5 -5  0  1  0 -1 -1 -3 -2 -4 -1 -4  0 -1 -4  3 -1    5   2   0  31   0   3   8   9   1   4   3   1   0   2   0   8   4   0  13   4  0.45 0.36
  347 A    2 -1  0  0 -1  0  1  0 -1  0 -1 -1  0 -2 -1  1  1 -3 -1  0   19   2   5   5   1   3  11   7   1   6   6   2   2   1   2   8   8   0   3   8  0.07 0.11
  348 G    0 -1  1  1 -3  1  2  2 -1 -1 -1 -1 -2  0 -2  0  0  0 -3 -1    7   2   6  10   0   7  14  19   1   4   5   1   0   4   1   6   7   1   0   4  0.17 0.18
  349 S    0 -2 -1  0 -3  0 -1 -2 -3 -1  1  0  2  1  0  3 -1 -4 -3 -2    8   0   3   6   0   4   3   2   0   4  16   7   6   7   4  25   2   0   0   1  0.19 0.24
  350 I    0 -1 -1 -2 -3  0  1 -1 -1  1  0 -1  3  1 -1  1  0  0 -1  0    9   2   2   1   0   5   9   4   2  10   8   2  10   7   2  13   5   1   1   7  0.07 0.13
  351 S    0 -1  1  2 -4  0  1 -1 -1 -4 -3 -1 -1 -4  1  3  1 -5 -4 -1    8   2   7  11   0   4  10   4   1   0   2   3   1   0   6  27   8   0   0   4  0.32 0.28
  352 T    1 -1  1  0  2 -1 -1  0  1 -1  0 -2  1 -1 -1  1  1 -3  0  0   14   2   6   6   6   2   1   5   3   2  11   0   4   2   3  11  11   0   3   7  0.09 0.14
  353 T   -1 -1  2  0 -3  0  0 -2 -3 -1 -2 -2  1  0 -1  2  3  2 -3  0    3   2  11   4   0   3   4   2   0   3   2   1   4   4   3  21  20   3   0   9  0.26 0.28
  354 S    0  0  2  1  0 -1  0  0 -1 -2 -2 -2 -3 -2  1  3  0 -4 -2 -1    5   4  11   9   3   3   6   6   1   2   3   0   0   2   7  31   3   0   1   4  0.29 0.28
  355 Y   -1 -3  0 -1 -3 -1  0 -2  2  1  0 -2  2  1 -1 -1  0  3  4 -1    5   0   4   4   0   2   5   3   6  12   7   2   6   6   3   3   5   5  19   2  0.23 0.22
  356 Q   -1 -1  2  1 -4  5  1 -2 -3 -4 -2  0 -1 -2 -2 -1  0  0 -4 -1    4   2   9   8   0  34  10   3   0   0   5   5   1   2   1   3   7   2   0   5  0.50 0.39
  357 G    0 -1  2  1 -3 -1  1  2  0  0 -1 -1 -1 -3  1  1  0 -3 -1  0    7   2  10  10   0   0   9  15   2   6   5   2   1   0   6   9   6   0   2   7  0.13 0.13
  358 T   -1  0  0 -2  2 -1 -2 -1 -1  1  0 -1  0  2 -2  2  2 -3  1 -1    4   5   5   1   4   3   0   3   1  10   6   3   3   9   1  19  16   0   4   2  0.14 0.20
  359 S    1 -1  1 -1 -3 -1  1  1  2 -2  0 -1 -2  1  0  1 -1  0  0 -1   10   2   9   2   0   2  10  12   5   2   9   2   0   7   5  15   2   2   3   4  0.10 0.15
  360 S    0  0  1  2  0  0  1 -1 -2 -1 -1  0 -2  0 -1  2 -1 -4 -3 -2    9   4   7  15   2   2  11   3   0   5   8   4   0   5   3  18   2   0   0   1  0.16 0.19
  361 P   -1 -2  1  0 -6  1  0 -3 -4 -5 -4 -1  0 -6  7 -1 -4 -6 -1 -3    4   2   7   4   0   6   7   2   0   0   1   4   3   0  53   3   0   0   3   2  1.22 0.62
  362 N    0 -2  3  2 -4 -2 -1 -3 -3  1 -2 -2  0  2 -1  2  0 -4 -1 -3    7   2  19  14   0   0   4   0   0  11   3   2   3   9   3  19   4   0   1   0  0.33 0.31
  363 I    0  0  2  4 -1  1  0 -2 -2 -1 -2 -1 -1 -1 -2  0 -1 -4 -3 -1    8   6  12  27   2   7   6   2   0   3   4   2   2   3   2   7   3   0   0   4  0.30 0.25
  364 S    1  0 -1 -1 -3 -1 -2  1 -3 -1 -2 -1  0 -4  2  4  0 -4 -4 -1   13   6   2   2   0   2   0   9   0   3   4   4   3   0   9  33   5   0   0   5  0.33 0.30
  365 V    0  0  0 -2 -3  1 -1 -1  2  0  1 -2  1  1 -3  0  0  1  0  1    6   7   5   0   0   9   2   6   5   6  12   0   5   7   0   6   4   2   2  15  0.07 0.13
  366 G   -1 -1  0 -1  0  1  0  4  1 -2 -3 -1 -1 -3 -2 -1  1  1 -1 -2    3   2   5   2   2   7   5  38   4   2   2   2   2   0   2   4  10   2   2   2  0.40 0.27
  367 S    1 -2  2  2 -1  0 -1  1  0 -3 -2 -1 -1 -1  0  2  1 -4 -3 -2   11   0  11  12   1   5   2  10   2   0   2   2   2   4   4  22   7   0   0   2  0.23 0.22
  368 S    1 -2  0  0 -3  0  2 -1 -2 -1 -1 -1 -2  0 -1  3  0  1 -1 -1   12   0   5   4   0   4  13   4   0   4   7   2   0   3   2  27   5   2   2   4  0.18 0.21
  369 S   -1 -2  5  3 -4 -1  0 -2  3 -4 -5 -1 -4 -4 -1  2  1 -5 -2 -3    4   2  28  17   0   1   4   2   7   0   0   2   0   0   3  16  10   0   1   2  0.59 0.39
  370 R   -1  3  2  0  0  2  1 -1  1 -1 -1  0 -2 -3 -3 -1  0 -4 -3  0    4  17  12   5   2  10  11   4   4   3   5   2   0   0   0   2   7   0   0  10  0.20 0.20
  371 H   -2  1  0  1  1  2  0  1  4 -3 -3  1 -2  2  0 -2 -1  2  1 -2    2   9   4   8   3   9   5  11  13   0   1   8   0   9   4   0   2   3   4   3  0.23 0.21
  372 L   -1 -3  0 -2 -3 -1 -3 -2  0  1  1 -3  0  4  0  1 -1  1 -1  1    4   0   5   3   0   2   0   3   2   7  16   0   2  24   4  12   2   2   0   9  0.24 0.22
  373 S    0  0  2  2 -3  1  0  0 -2  0  0 -1  1 -3 -1  2 -1 -3 -3 -1    7   7  10  12   0   7   4   6   0   8   8   0   4   0   2  18   2   0   0   2  0.14 0.17
  374 S    0  1  2  0 -3  3  0  1  0 -2 -1  0 -2 -1 -1  0  1 -3 -1 -2    9   8  11   5   0  17   4  10   2   2   7   4   0   2   2   4   9   0   2   1  0.16 0.16
  375 C    0  0  1  0  0  2  0  0  0 -1  0  0 -1  1  0  1  0 -2  0 -1    4   4   9   4   2  11   4   9   3   2  10   3   0   6   4  10   5   0   4   4  0.05 0.08
  376 S    0 -2  1 -1 -1  0  1  3 -2 -2 -3  0 -2  0  1  1  0 -3  0 -1    6   1   9   3   2   4   8  22   0   1   1   4   0   5   6  12   6   0   4   6  0.19 0.16
  377 S   -1  0  0  2 -3  1 -1  1 -1  0 -1  0  0  0  0  2  0 -3 -2 -2    0   4   5  12   0   6   2  14   2   7   7   4   2   5   5  17   6   0   0   0  0.13 0.17
  378 T   -1 -1  1  2 -3  0 -1 -2  0 -1  0 -1  1  2 -1  1  1 -3 -2 -1    4   3   9  17   0   3   2   3   2   2  10   2   4  13   2  11   9   0   0   2  0.15 0.17
  379 D   -2 -1  1  1  0  3  2 -1 -2 -2 -3 -1  0 -2  2  1  1  1 -1 -3    0   2   6   8   2  13  15   4   0   2   1   2   4   2  11  12  11   2   2   0  0.28 0.24
  380 S   -1  0 -2  0 -3 -1  0 -1 -2 -1  1  1  2  1  1  2 -1 -3 -1 -1    4   4   0   6   0   0   8   4   0   2  16   9   7   6   8  19   2   0   2   2  0.13 0.17
  381 C    0  0 -1  0  2  0  0 -3  3 -1  0 -1  0 -1  0  2  1 -3 -1  0    7   6   2   4   5   4   4   0   8   2   8   2   2   2   4  21   7   0   1  10  0.12 0.16
  382 K   -1  1  3  1 -4  2  2 -1  0 -2 -2  1 -2 -3  1  0 -1  2 -1 -3    4   6  16   6   0  12  12   4   2   2   4   8   0   0   7   6   2   4   2   0  0.26 0.20
  383 D   -1  0  0  3  0  1  1 -1  0 -2 -2 -1  0  0  0  0  1 -3 -2 -2    4   6   4  22   2   7  10   4   2   2   2   2   4   4   4   5  12   0   0   2  0.20 0.18
  384 L    0 -2 -1 -1 -2 -2  0 -1 -1  1  2  0  1  1 -3  0  1 -3  0  1    8   0   2   4   0   0   6   5   2   8  23   6   5   6   0   4  10   0   2   9  0.08 0.11
  385 Q   -1 -1  0 -1 -4  5  2 -1  0 -2 -2 -2 -2 -4 -3  1  0  2 -1  0    5   2   4   2   0  33  13   4   2   3   4   0   0   0   0  10   7   3   2   6  0.42 0.34
  386 T    1 -3 -1 -1 -2  0 -2 -2 -3  0  1 -2  2  0  0  1  2 -3 -1  1   10   0   2   3   0   5   0   2   0   4  14   0   6   4   5  11  19   0   2  12  0.16 0.19
  387 C   -1 -1  1 -2  0  3  0  0 -2 -1 -2 -1 -2 -3  1  2  1 -3  1 -3    4   2   6   0   2  18   5   7   0   4   2   2   0   0   8  22  11   0   5   0  0.29 0.27
  388 T    0 -1  0  1 -3  2  1  1  0 -1 -2  1  0  0 -2  1  0 -3  0  0    8   0   2   8   0  12   8   9   2   2   3   8   2   4   0  12   7   0   4   8  0.11 0.13
  389 D   -1 -1  1  2 -3  2  2 -1  2 -2 -1 -1 -1  1 -1  1 -2 -3 -2 -2    5   2   8  12   0  12  17   4   5   2   4   2   2   8   2  12   0   0   0   2  0.22 0.21
  390 P    0 -3 -1  1 -4 -1  0  0 -3 -3 -1 -1 -3 -4  6  0 -1 -5 -4 -1    8   0   2   7   0   3   6   7   0   0   5   4   0   0  42   6   4   0   0   5  0.76 0.38
  391 S    0 -1  2 -1 -3  1  1  1 -2 -2 -2  0 -3 -4 -1  3  1 -4 -3 -3    6   3  11   2   0   6  11   8   0   2   4   4   0   0   2  32   6   0   0   0  0.32 0.26
  392 I   -1 -1  0 -1  0  2  0 -1  0  0  0  0  1  1 -1  1  0 -2  0  0    3   3   5   3   2  11   7   2   2   4   9   4   4   9   2  14   7   0   4   7  0.06 0.09
  393 I   -1  1  0 -1 -2 -2 -1 -1 -3  2  1 -1  0 -2  0 -1  0  1 -2  1    4   9   5   4   0   0   4   6   0  16  18   2   2   0   4   2   8   2   0  13  0.09 0.13
  394 S    0  1  2 -2  0  1 -1 -1 -2 -2 -2  1 -2 -2 -1  3  2 -4 -3 -1    8   7  13   0   2   6   2   4   0   2   2   8   0   2   2  24  13   0   0   4  0.23 0.23
  395 R    1  4 -1 -2 -4  3  0 -3  0 -3 -2  2 -2 -3 -3  1 -1 -3  1  0   11  26   2   0   0  13   5   0   2   0   3  11   0   0   0  12   3   0   5   7  0.37 0.28
  396 E   -2  0  0  0 -3  2  3  0  2 -3 -1  2  0 -1 -2  1  1 -3 -2 -3    0   2   5   5   0   9  20   8   5   0   5  12   3   3   0  15   7   0   0   0  0.25 0.21
  397 I    0  0  1 -1  0 -1  0  0  0  1  0  0  1 -1 -1  0  0 -3 -2  1    5   5   8   0   3   0   9   9   3  10   8   8   4   3   3   3   8   0   0  11  0.03 0.07
  398 R   -1  2  1 -1  0  0 -1 -2 -2  2 -1  1  0  0 -1 -1  0 -3 -2  2    2  13  10   3   2   3   3   3   0  20   1   9   3   5   2   2   5   0   0  15  0.13 0.17
  399 E    0  0  1  2 -3  1  3 -1 -2  0 -1  0 -2 -3  0  0  0 -4 -3  0    7   6   7  11   0   5  23   3   0   4   8   2   0   0   4   6   5   0   0   9  0.17 0.16
  400 L   -1 -1 -2 -1 -3  1  1  0 -2 -2  0 -1  0 -2  3  0  0  2  3  0    3   2   0   3   0   7  10   8   0   0  10   2   2   0  16   5   7   2  13   8  0.21 0.19
  401 T   -1  2  1 -2 -3  2  0 -1  1 -1 -2  3 -2 -1 -1  2  0 -3 -2 -2    3  12   5   0   0  10   5   3   3   5   3  19   0   3   3  20   5   0   0   0  0.26 0.21
  402 Q   -1  1  1  0 -3  4  1 -1  1 -3 -2  1 -2  0  0  1  0 -3  0 -3    3   9   7   5   0  23   9   3   3   0   2   6   0   6   3  10   7   0   3   0  0.27 0.21
  403 E    0  0  1  1  0 -1  2 -2 -2  0  0  1  0 -2 -2  1  1 -3 -2 -1    6   2   6   6   2   0  17   0   0   6  12  13   3   0   0   9  14   0   0   3  0.14 0.15
  404 V    0  0  0  1 -2 -1 -2 -1 -2  0  0 -1  1  0 -2  2  1  1 -2  2    5   5   3   8   0   3   0   3   0   5   6   3   5   3   0  19   7   3   0  22  0.12 0.16
  405 K    0 -1  1 -2  0  1  3 -1  1 -2  0  3 -2 -4  2 -1 -2 -4 -3 -3    8   0   6   0   3   5  20   3   3   3  10  28   0   0   9   3   0   0   0   0  0.32 0.26
  406 Q    0  0  0 -1  0  5 -1 -3 -2 -1 -1  1  0 -3  1  1  0 -3  1 -3    5   5   3   3   2  37   0   0   0   3   5   6   3   0   6  12   5   0   6   0  0.42 0.33
  407 E   -1 -2 -1  4 -4  0  3 -1 -2 -3  0  0  0 -4 -1  2  0 -4 -3 -2    3   0   0  24   0   3  21   3   0   0  11   3   3   0   3  19   5   0   0   3  0.36 0.27
  408 I    1  0  0 -2  2  1 -1  0 -2  0  0  0  0 -2 -2  1  1  2  0  0   12   6   6   0   6   6   3   6   0   7  12   4   3   0   0  10  10   3   3   3  0.06 0.08
  409 P   -1 -2  0  0 -3 -2 -2  0  1 -2  0  1 -2 -1  4  2  0 -4 -3 -1    3   0   3   5   0   0   0   9   3   0  11   9   0   3  19  25   6   0   0   3  0.30 0.23
  410 R   -1  2  0 -1 -3  0  1 -3  1 -3 -3  2  2 -4 -3  3  0 -4 -3 -2    3  14   3   3   0   3  11   0   3   0   0  14   8   0   0  31   3   0   0   3  0.38 0.28
  411 A    2 -2  0  2 -3  1 -1 -1  1 -2 -2  1  0 -3 -1  1  1 -4 -3  0   27   0   3  15   0   5   0   3   3   0   3   8   3   0   3  10  11   0   0   6  0.23 0.21
  412 V    0 -1  0 -3  1 -1 -1 -2 -3  1  1 -2 -1  1 -3  1  0 -3 -2  3    6   3   6   0   3   3   3   3   0   8  11   0   0   6   0  14   3   0   0  32  0.19 0.20
  413 D   -1 -2  3  4  1  0  2  0 -2 -4 -5 -1 -4 -5  0  1  0 -5 -4 -4    3   0  19  29   3   3  11   8   0   0   0   3   0   0   3  12   5   0   0   0  0.55 0.31
  414 A    2 -2  0  0 -2  1  1 -1 -2 -3 -2  0 -2 -3  0  3  2 -4 -3 -1   17   0   3   3   0   5   9   3   0   0   3   6   0   0   3  29  15   0   0   3  0.31 0.23
  415 P    1 -2 -1 -2  3 -2 -2  0 -2  1 -2  0  0 -1  2  2  1 -3  0 -1   10   0   3   0   9   0   0   7   0  10   0   7   3   3   9  22  12   0   3   0  0.21 0.19
  416 M   -1 -3 -1 -3 -2 -2 -1 -1  0  3  0 -1  2  0 -1  2 -1 -3  0  2    3   0   3   0   0   0   3   3   3  21   7   3   7   3   3  22   0   0   3  15  0.17 0.19
  417 N   -2  1  2  3 -4 -1  2 -1  2 -2 -2  2 -2  1 -3  1 -2 -3  0 -3    0   7  11  17   0   0  14   3   7   3   3  15   0   7   0  10   0   0   3   0  0.28 0.21
  418 N   -1  0  1 -2 -3  0  0 -1  1 -1 -2  2 -2  1  1  2 -1 -3  0  0    3   4   8   0   0   4   3   3   3   3   0  20   0   9   7  21   0   0   3   9  0.18 0.19
  419 E   -2  2  0  1 -4  1  4 -2 -2 -2 -2  2  0 -4 -3  0  0 -4 -3 -3    0  12   4   7   0   3  33   3   0   3   3  15   3   0   0   7   6   0   0   0  0.41 0.26
  420 S    0 -2  1 -2  1  2  2 -1 -2 -2 -3 -2 -3 -3  2  3  1 -3  1 -3    6   0   6   0   3   9  15   3   0   3   0   0   0   0  10  28  10   0   7   0  0.35 0.26
  421 S    0 -1  1  0  0  0  0  2 -2 -1 -3  0  0 -4  1  3  1 -4 -3 -3    3   3   7   3   3   4   3  18   0   4   0   3   4   0   7  31   6   0   0   0  0.29 0.22
  422 L   -2  0  0 -3  1  0 -3 -1 -3  1  2 -2  5  1 -1  0 -2 -3 -2  0    0   6   4   0   4   4   0   4   0   6  20   0  26   7   4  11   0   0   0   4  0.28 0.24
  423 V   -1 -1  0 -3 -2 -2 -2 -1  1  1  0 -2 -1  0 -3  0  1 -3 -2  4    1   4   4   1   0   0   1   4   4   7   7   1   0   4   1   8   9   0   0  44  0.29 0.22
  424 K   -1  2  2  0 -3  2  0 -2 -2 -3 -3  4 -2 -4 -2  0  0 -4 -3 -1    4  13  12   5   0   8   5   1   0   0   1  38   0   0   0   4   4   0   0   4  0.45 0.23
  425 T   -1 -1  1  1  1 -2 -1 -2  1  0 -2 -2 -2 -3  2  0  3 -3 -2  1    1   4   9  10   4   0   1   1   5   5   1   1   0   0   9   5  31   0   0  14  0.27 0.19
  426 E   -2 -1  1  0 -4  2  5 -3 -2 -3 -3  0 -3 -4 -2  1 -2 -4 -3 -1    1   0   5   0   0   9  59   1   0   0   1   5   0   0   0  12   1   0   0   5  0.79 0.34
  427 K   -1  0  2  1 -3  1  1 -2  1  1 -2  4 -2 -2 -2 -1 -1 -3  0 -2    5   0  10   9   0   5   8   1   4  14   1  35   0   0   0   1   1   0   4   1  0.28 0.18
  428 K    0  1  1  0 -4  2  1  0 -2 -4 -4  4 -3 -4  1  0 -2 -4 -3 -3    5   6   6   5   0  10  10   5   0   0   0  43   0   0   5   5   0   0   0   0  0.47 0.21
  429 G   -1 -2 -1  3  0 -1  0  3 -2 -3 -1 -2 -2 -3 -2  3  1 -4 -3 -3    0   0   0  18   3   0   6  28   0   0   6   0   0   0   0  32   7   0   0   0  0.42 0.19
  430 L   -2  0 -2 -3 -2 -2 -2 -3  2 -1  3 -2  4 -1 -3  1 -1  4 -1 -1    0   6   0   0   0   0   0   0   7   0  39   0  19   0   0  20   0   8   0   0  0.40 0.21
  431 F    0 -3 -2 -3 -2 -2  0 -3 -2  2  0 -2  0  5 -3 -1  1 -1  1  1    8   0   0   0   0   0   7   1   0  14   6   0   0  40   0   1  14   0   0   8  0.32 0.15
  432 I    0 -3 -3 -3 -2 -2  0 -3 -3  4  0 -2  0  1 -3 -2 -1 -3 -1  3    8   0   0   0   0   0   8   1   0  40   1   0   0   9   0   1   0   0   0  30  0.33 0.14
  433 V   -1 -2 -2 -2 -2 -1  0 -3 -1 -1  1 -2 -1  1  2 -1  3 -1  3  0    1   0   0   0   0   0   8   1   0   0  15   0   0   7  11   1  31   0  16   7  0.24 0.12
  434 E   -1 -1  1  1 -3  0  4 -2 -1 -2 -1  2  1 -3 -2  1 -1 -4 -3 -2    0   0   8   7   0   0  39   0   0   0   7  15   8   0   0  15   0   0   0   0  0.37 0.16
  435 D   -1 -1  1  4 -3  3  4 -2 -1 -3 -3  0 -2 -4 -2  0 -1 -3 -3 -3    1   0   8  25   0  15  39   1   0   0   1   0   0   0   0   8   0   0   0   0  0.61 0.17
  436 A    3 -2 -2 -1 -1 -1  1 -1 -1 -1 -1 -1 -1 -1  2  0  1 -2  1  0   44   1   1   1   0   1   9   1   0   1   1   1   0   1   9   1  10   0   9   9  0.23 0.10
  437 M    0 -1 -2 -2 -2  1 -1 -2 -2  2  0 -1  5 -1 -2  0  1 -2 -2  0   10   1   1   1   0   9   1   1   0  15   1   1  37   1   1   9   9   0   0   1  0.24 0.13
  438 E   -1 -1 -1  2 -3  2  4 -2 -1 -3 -3  1 -2  1 -2  1  1 -3 -2 -3    0   0   0   9   0   9  46   0   0   0   0   8   0   9   0  10   9   0   0   0  0.44 0.13
  439 R    0  4  1 -2 -3  0 -1  0  4 -2 -3  1 -2 -3 -2 -1 -1 -3 -1 -1    9  37  10   0   0   0   0   9  17   0   0   8   0   0   0   0   0   0   0   9  0.36 0.12
  440 N   -1  2  5  0 -3  2  0  1 -1 -4 -4  2 -2 -4 -2  1 -1 -4 -3 -3    0  10  49   0   0   9   0   9   0   0   0  15   0   0   0   8   0   0   0   0  0.55 0.15
  441 R   -1  5 -1 -2 -3  2 -1  0 -1 -4 -3  2 -2 -4 -2  1 -1 -3 -3 -3    0  55   0   0   0   8   0   9   0   0   0   9   0   0   0  19   0   0   0   0  0.61 0.17
  442 K   -1  1  3  2 -3  0  3 -2 -1 -3 -1  1 -2 -3 -2  1 -1 -3 -2 -2    0   8  20   9   0   0  24   0   0   0  10  11   0   0   0  18   0   0   0   0  0.30 0.10
  443 K    0 -1  5  1 -3 -1 -1 -1 -1 -2 -2  0 -2  1 -2  1  0 -3 -1  0    9   0  44   9   0   0   0   0   0   0   0   7   0  10   0   9   4   0   0   9  0.33 0.12
  444 P    0 -3 -2  1 -3 -2 -1 -3 -3 -2 -1 -2 -2 -3  7 -1  1 -4 -3 -2    9   0   0  10   0   0   0   0   0   0   9   0   0   0  62   0  10   0   0   0  1.16 0.17
  445 R   -2  5 -1 -2 -4  2 -1 -3 -1 -2  0  1  2 -3  1 -2 -2 -3 -2 -2    0  64   0   0   0   9   0   0   0   0  10   0  10   0   7   0   0   0   0   0  0.63 0.16
  446 F   -1  1 -2 -2 -3  1 -1  0  0 -2 -2 -1 -1  3 -3  0 -1  5  5 -2    0  11   0   0   0  11   0  10   0   0   0   0   0  14   0  12   0  10  32   0  0.42 0.10
  447 I   -1 -3  1  1 -2 -2 -2 -3 -3  4  0 -2  0 -1 -3 -2 -1 -3 -2  3    0   0  11  12   0   0   0   0   0  52   0   0   0   0   0   0   0   0   0  24  0.29 0.09
  448 Y   -2  1 -2 -3 -3 -1 -2 -3  0 -2  0  1 -1  1 -3  0 -1  0  6 -2    0  13   0   0   0   0   0   0   0   0  12  12   0   0   0   9   0   0  54   0  0.49 0.11
  449 L   -2 -3 -4 -4 -2 -3 -4 -4 -3  1  5 -3  2  0 -4 -3 -2 -2 -2  0    0   0   0   0   0   0   0   0   0   0 100   0   0   0   0   0   0   0   0   0  0.72 0.14
  450 M   -1 -1 -2 -3 -2 -1 -2  1 -2  2  1  0  5 -1 -2 -1 -1 -2 -2  2    0   0   0   0   0   0   0  13   0   9   0  11  38   0   0   0   0   0   0  25  0.21 0.08
  451 K   -1  3  5  0 -3  0 -1  1  0 -3 -3  1 -2 -3 -2  0 -1 -3 -2 -3    0  28  45   0   0   0   0  13   0   0   0  10   0   0   0   0   0   0   0   0  0.49 0.09
  452 M   -2 -2  1 -3 -2 -1 -3 -3 -2  0  1 -2  6  2 -3 -2 -1 -2 -1  1    0   0  12   0   0   0   0   0   0   0   0   0  63  13   0   0   0   0   0  13  0.47 0.15
  453 I   -1 -3 -2  1 -2 -2 -2 -3 -3  4  0 -2  0 -1 -3 -2  1 -3 -2  3    0   0   0  12   0   0   0   0   0  51   0   0   0   0   0   0  12   0   0  25  0.31 0.09
  454 I    0 -3 -4 -4 -2 -3 -3 -3 -3  4  2 -3  1 -1 -3 -2 -1 -3 -2  2   13   0   0   0   0   0   0   0   0  64  24   0   0   0   0   0   0   0   0   0  0.41 0.10
  455 G   -1  1 -1  1 -3 -2 -2  5 -2 -4 -4 -1 -3 -4 -3 -1 -2 -3 -3 -4    0  13   0  12   0   0   0  75   0   0   0   0   0   0   0   0   0   0   0   0  0.86 0.12
  456 N   -1 -2  1 -1 -2 -1  1 -2 -1  1 -1 -1 -1  4 -2  1  0 -1  0  1    0   0  10   0   0   0  12   0   0  13   0   0   0  29   0  25   0   0   0  11  0.15 0.07
  457 I   -2 -3 -4 -4 -2 -3 -4 -4 -4  4  3 -3  1  0 -3 -3 -1 -3 -2  2    0   0   0   0   0   0   0   0   0  63  37   0   0   0   0   0   0   0   0   0  0.54 0.11
  458 I   -1 -1 -3 -4  4 -2 -3 -4 -3  2  3 -2  1 -1 -3 -2 -1 -3 -2  2    0   5   0   0  12   0   0   0   0  19  39   0   0   0   0   0   0   0   0  24  0.33 0.07
  459 S   -1  0 -1 -2 -2 -1 -1 -2 -2  0  2  1  0  2 -2  1 -1 -2 -1 -1    0   6   0   0   0   0   0   0   0   0  42  14   0  13   0  25   0   0   0   0  0.14 0.06
  460 V   -1 -3 -4 -4 -1 -3 -3 -4 -3  3  3 -3  1  0 -3 -2 -1 -3 -1  3    0   0   0   0   0   0   0   0   0  39  32   0   0   0   0   0   0   0   0  29  0.39 0.05
  461 L    2 -2 -1 -2 -1 -1 -2  2 -2  0  0 -1  0 -2 -2  1  0 -3 -2  1   32   0   0   0   0   0   0  23   0   0  13   0   0   0   0  15   0   0   0  17  0.20 0.03
  462 L   -2 -3 -4 -4 -2 -3 -3 -4 -3  3  3 -3  1  3 -3 -3 -1 -1  0  1    0   0   0   0   0   0   0   0   0  32  45   0   0  23   0   0   0   0   0   0  0.40 0.05
  463 P    0 -2 -1 -2 -2 -1 -1  2 -2  0 -1 -1 -1 -2  3  1  1 -3 -2  1    0   0   0   0   0   0   0  22   0   0   0   0   0   0  18  22  10   0   0  28  0.28 0.02
  464 V   -1 -2 -3 -3 -1 -2 -3 -3 -3  2  2 -2  1 -1 -3 -1  1 -2 -1  3    0   0   0   0   0   0   0   0   0   0  37   0   0   0   0   0  13   0   0  50  0.27 0.02
  465 K   -1  2  0  0 -3  4  3 -2  0 -3 -3  3 -1 -3 -1  0 -1 -3 -2 -3    0  13   0   0   0  37  27   0   0   0   0  23   0   0   0   0   0   0   0   0  0.50 0.02
  466 R   -1  3  4  0 -3  2  0 -1  0 -3 -3  1 -2 -3 -2  0 -1 -3 -2 -3    0  32  50   0   0  18   0   0   0   0   0   0   0   0   0   0   0   0   0   0  0.48 0.01
  467 L   -2 -2 -4 -4 -1 -2 -3 -4 -3  2  4 -3  2  0 -3 -3 -1 -2 -1  1    0   0   0   0   0   0   0   0   0   0 100   0   0   0   0   0   0   0   0   0  0.47 0.01
  468 I   -2 -1  5  0 -2 -1 -1 -1  0  1 -1 -1 -1 -2 -2  0  0 -4 -2  0    0   0  68   0   0   0   0   0   0  32   0   0   0   0   0   0   0   0   0   0  0.33 0.01
  469 P   -1 -2 -2 -2 -3 -1 -1 -2 -2 -3 -3 -1 -3 -4  8 -1 -1 -4 -3 -3    0   0   0   0   0   0   0   0   0   0   0   0   0   0 100   0   0   0   0   0  2.06 0.02
  470 V    3 -2 -2 -3 -1 -2 -2 -1 -2  1  1 -2  0 -1 -2  0  0 -3 -2  2   50   0   0   0   0   0   0   0   0   0  18   0   0   0   0   0   0   0   0  32  0.19 0.00
  471 K   -1  1 -1 -2 -2  1  0 -2 -1  0  1  3  4 -1 -2 -1 -1 -2 -2  0    0   0   0   0   0   0   0   0   0   0   0  50  50   0   0   0   0   0   0   0  0.22 0.01
  472 K   -1  2  0 -1 -3  1  1 -2 -1 -3 -3  5 -1 -3 -1  0 -1 -3 -2 -2    0   0   0   0   0   0   0   0   0   0   0 100   0   0   0   0   0   0   0   0  0.54 0.01
  473 L   -2 -3 -3 -4 -2 -3 -3 -3 -2  0  2 -3  1  5 -4 -3 -2  0  2  0    0   0   0   0   0   0   0   0   0   0  32   0   0  68   0   0   0   0   0   0  0.52 0.01

                      K         Lambda
Standard Ungapped    0.1335     0.3141
Standard Gapped      0.0427     0.2670
PSI Ungapped         0.1401     0.3077
PSI Gapped           0.0427     0.2670
