
Last position-specific scoring matrix computed, weighted observed percentages rounded down, information per position, and relative weight of gapless real matches to pseudocounts
           A  R  N  D  C  Q  E  G  H  I  L  K  M  F  P  S  T  W  Y  V   A   R   N   D   C   Q   E   G   H   I   L   K   M   F   P   S   T   W   Y   V
    1 M   -1 -2 -3 -4 -2 -1 -3 -3 -2  2  2 -2  6  0 -3 -2 -1 -2 -1  2    0   0   0   0   0   0   0   0   0   5  11   0  68   0   0   0   0   0   0  16  0.40 0.03
    2 S    2  0  1 -1 -1 -1 -1  1 -1 -2 -2 -1 -2 -3 -2  3  1 -3 -2  0   18   4   9   0   0   0   2  13   0   0   0   0   0   0   0  40   8   0   0   8  0.25 0.04
    3 T    0 -1  2  0 -2 -1 -1 -1 -1 -1  0  0 -1 -2  1  2  2 -3 -2  0    6   2  18   3   0   0   0   2   0   3  13   3   0   0   6  22  17   0   0   5  0.15 0.03
    4 V    1 -1  2 -1 -2 -1  0 -1 -1 -1 -1  0  2 -1  1  1  1 -3 -2  0   12   0  15   2   0   0   3   0   0   2   1   5  19   2   5  18  12   0   0   5  0.13 0.03
    5 E    0  1  1  2 -2  0  1  0 -1 -3 -3  0 -2 -3  2  2  0  3 -2 -2    5  10   6  16   0   3  12   6   0   0   0   0   0   0   9  23   5   6   0   0  0.28 0.03
    6 S    2 -1  3  0 -2  0 -1 -1 -1 -1 -1  0 -1 -2  0  1  2 -3 -2 -1   24   2  22   1   0   1   0   0   0   4   6   7   0   0   2  11  17   0   0   3  0.17 0.03
    7 S    2 -1  1  0 -2  1  0 -1 -1 -2 -1  0 -1 -2  0  2  2 -3 -1 -1   20   0   5   4   0   6   2   0   0   0   6   5   1   0   2  31  16   0   2   0  0.20 0.04
    8 K   -1  0  0  0 -3  1  2 -2  1 -1 -2  2 -1  0 -1  1  0 -2  2 -1    3   0   5   4   0   6  20   0   4   5   0  19   1   3   2  10   6   0  10   2  0.16 0.03
    9 P    0 -1 -1 -1 -2  0  0 -2  0 -1 -1  1  1 -3  4  2  0 -3 -2  1    7   1   0   3   0   1   3   0   3   1   0  11   7   0  20  26   2   0   0  15  0.26 0.05
   10 K   -2  2  0 -1 -4  1  1 -2 -1 -4 -3  6 -2 -4  0 -1 -1 -4 -3 -3    0   8   4   0   0   0   5   2   0   0   0  78   0   0   3   0   0   0   0   0  0.74 0.13
   11 I   -1 -3 -2 -2 -2 -3 -3 -4 -3  4  3 -3  1 -1 -3 -2 -1 -3 -2  2    2   0   3   2   0   0   0   0   0  51  30   0   0   0   0   1   3   0   0   9  0.41 0.08
   12 I    0 -2 -1 -2 -2 -1 -1 -2 -2  1  0  0  0 -2  3  1  0 -3 -1  2    5   0   2   1   0   0   3   1   0  13   4   8   1   0  18  13   3   0   1  28  0.22 0.05
   13 N    0  0  2  0 -2  1  1  0  1 -2 -2  0 -1 -2 -1  1  2 -2  0 -1    6   2  13   3   0   7  14   7   3   1   0   6   1   0   1   9  17   0   6   3  0.16 0.03
   14 G    0 -2  1 -2 -3  1 -2  5  1 -4 -4 -2 -3 -3  0  0 -2 -3  1 -3    6   0   8   0   0   8   0  60   4   0   0   0   0   0   4   4   0   0   7   0  0.64 0.10
   15 S   -1 -1  1  5  0 -1  1 -1  1 -3 -2 -1 -3 -4  1  0 -1 -4 -3 -2    5   4   7  48   2   0   9   2   5   0   5   0   0   0   7   5   1   0   0   2  0.48 0.10
   16 C    1 -2  0  0  1 -2 -2  2 -1 -2 -1 -2 -1  3 -1  0 -1 -2  0 -1   17   0   3   7   5   0   0  24   1   0   6   0   0  21   2   7   3   0   2   3  0.17 0.06
   17 G   -1 -3 -1  2 -3 -2 -2  5 -1 -4 -4 -2 -3 -3 -1  1 -1 -3  0 -4    0   0   0  12   0   0   0  64   1   0   0   0   0   0   2  13   2   0   5   0  0.78 0.13
   18 Y   -1  0 -3 -4 -3 -3 -3 -2 -1  0 -2 -3 -2  5 -4  0 -1  3  6 -2    4   6   0   0   0   0   0   2   0   7   0   0   0  26   0   7   4   3  42   0  0.70 0.16
   19 V   -1 -3  0  0 -2 -2 -2 -4 -1  3  1 -1  0 -1 -3 -2  0 -3  2  3    1   0   5   6   0   0   0   0   1  24   8   5   0   0   0   0   6   0   9  35  0.27 0.11
   20 L   -2 -3 -4 -4 -2 -3 -4 -5 -4  3  4 -4  1  1 -4 -3 -1 -3 -2  2    0   0   0   0   0   0   0   0   0  21  52   0   2   6   0   0   1   0   0  16  0.61 0.17
   21 E   -1  1  1  3 -4  2  5 -3 -1 -4 -2  0 -1 -4 -2  0 -2 -4 -3 -3    2  10   5  14   0   6  49   0   0   0   3   4   2   0   0   4   0   0   0   0  0.63 0.19
   22 D   -3  2  2  5 -5 -1  1 -3  0 -5 -5  2 -4 -5  2 -1 -2 -5 -4 -4    0  15  11  41   0   0   8   0   2   0   0  12   0   0  10   1   0   0   0   0  0.74 0.23
   23 V   -2 -4 -5 -5  2 -4 -5 -5 -5  3  2 -4 -1 -2 -4 -4 -2 -4 -3  5    1   0   0   0   4   0   0   0   0  14  22   0   0   0   1   0   1   0   0  58  0.89 0.29
   24 P   -3 -3  0 -1 -5 -2 -3 -4 -4 -5 -2 -3 -4 -5  8 -2 -3 -6 -5 -4    1   1   6   4   0   1   0   0   0   0   4   0   0   0  78   2   0   0   0   0  2.02 0.45
   25 H   -3  0  1 -1 -5  1 -1 -4  9 -5 -2 -2 -2 -2 -2  0 -2 -5 -1 -4    0   4   7   3   0   5   2   0  62   0   4   1   1   1   1   6   1   0   0   1  1.42 0.40
   26 L   -3 -4 -5 -5 -3 -4 -4 -4 -4  2  5 -4  0  0 -1 -4 -2 -3 -3  0    1   0   0   0   0   0   0   1   0  11  73   0   1   3   3   0   2   0   0   3  0.89 0.29
   27 S    0  1  0  0  0  0  0 -2 -2 -1 -2  1 -2 -3  0  2  4 -3 -3 -1    5   6   2   4   2   5   4   1   0   5   1   8   0   0   4  19  32   0   0   2  0.30 0.16
   28 D   -2 -3  0  6 -4  0  1 -3  2 -1 -3 -2 -3 -4 -1  1 -1 -4 -3 -1    1   0   1  53   0   4   7   1   5   5   1   1   0   0   3  10   2   0   0   5  0.75 0.25
   29 Y   -1  1 -2 -1 -3 -2  1 -3 -1  0 -1 -2 -2  2 -2 -2 -1  5  5  1    6   9   1   4   0   0  11   1   0   5   2   1   0  10   1   2   3   9  23  11  0.33 0.15
   30 L   -1 -3 -3 -2  1 -3 -3 -3 -3  2  3 -3  0  3 -3 -1 -1 -2  1  0    4   0   1   3   4   0   1   1   0  15  39   1   1  14   1   5   4   0   4   3  0.33 0.15
   31 P   -1 -2 -3 -1 -3 -2 -1 -3 -2 -3 -1 -1 -3 -3  7  0  0 -4 -1 -2    4   2   1   3   0   1   3   1   1   1   9   2   0   1  53   8   8   0   2   2  1.02 0.26
   32 G    0  0  2  2 -4 -1  0  5  2 -3 -4 -2 -4 -4 -4 -1 -3 -5 -4 -4    7   5  11  15   0   1   7  43   5   2   1   1   0   0   0   3   0   0   0   0  0.64 0.25
   33 L    0 -2 -3 -3  0 -2  0 -4 -3  2  3 -1 -1 -2  3 -2  0 -4 -3  0    7   1   1   0   2   0   8   0   0  11  35   5   0   0  16   2   8   0   0   4  0.34 0.18
   34 P    1  0 -2  0  5  0  1 -2 -3 -4 -4  1 -3 -5  5 -1  0 -5 -4 -2   12   4   0   6  14   5   8   3   0   0   0  11   0   0  27   2   7   0   0   2  0.58 0.23
   35 T   -1  2 -1 -2  0  0  0 -3 -2 -2 -2  2 -2 -4  0  1  4 -4 -3 -2    4  13   2   1   2   3   4   0   1   3   2  16   0   0   5  10  32   0   0   1  0.38 0.20
   36 Y   -3  0 -2 -4 -3 -3 -4 -5  1  4 -1 -3 -1  4 -2 -3 -3 -2  5  0    0   6   2   0   0   1   0   0   3  33   3   0   1  15   2   1   1   0  27   3  0.74 0.29
   37 P   -1 -2 -2  1 -2  0  0 -2 -3 -1 -3 -1 -1 -4  6  0  0 -5 -4 -1    5   2   0   8   1   5   7   2   0   4   2   2   1   0  43   8   6   0   0   4  0.78 0.26
   38 N   -2 -3  6 -2 -3 -3 -3 -3 -2 -5 -6 -3 -4 -5 -4  5  2 -6 -5 -5    1   1  40   1   0   0   0   0   1   0   0   0   0   0   0  46  11   0   0   0  1.28 0.47
   39 P   -4 -3 -5 -3 -6 -3 -5 -5 -6 -6 -6 -3 -6 -3  8 -4 -1 -7 -6 -4    0   1   0   1   0   1   0   0   0   0   0   1   0   1  89   0   4   0   0   1  2.65 0.66
   40 L   -1 -4 -4 -5 -3 -4 -4 -5 -4  3  5 -4  2  2 -4 -1 -1 -3 -2  0    4   0   0   0   0   0   0   0   0  17  55   0   4   9   0   4   3   0   1   2  0.73 0.28
   41 Q    1  0 -1  0  1  2  1 -1  0 -1  0  1  0 -2 -2  1  0 -3 -1 -1   12   3   1   5   4  15   8   4   2   4  14  10   2   1   1  10   4   0   2   1  0.11 0.09
   42 D   -1  1  1  2 -3  0  0  0  1 -2  0  1  0 -2  0  0  0  0 -1 -2    2  12   6  16   0   2   6   9   3   1  10   8   3   1   5   4   7   1   2   2  0.12 0.08
   43 N   -1  1  4 -1 -2 -1  0 -1  4 -3 -2  0 -1 -2 -2  2 -1 -3  0 -2    3   6  27   2   1   1   6   5  12   1   5   6   1   1   1  17   1   0   4   2  0.35 0.18
   44 P   -1  0  0 -1 -3  1 -1  1 -1 -2 -1  0 -1 -2  4  1  1 -3 -2 -1    2   4   3   2   0   7   2  10   2   2   7   7   1   1  24  11   8   0   1   4  0.31 0.13
   45 A    1  0  2 -1 -2 -1  0  0  1 -2 -2  0 -2  0 -2  1  0  2  2  0   18   5  11   2   1   1   4   6   3   1   3   6   0   4   1  11   4   3  11   6  0.11 0.09
   46 Y    0  0 -2 -2  1 -1 -1 -2  2 -1  0 -1  0  2 -1  0  0 -1  5 -2    7   6   1   1   3   2   3   2   5   2   7   3   3   9   4   9   6   0  25   1  0.24 0.13
   47 S    0  2  0  0 -2  1  0  1  2 -2 -3  0 -2 -2  0  2  0  0 -2 -2    5  17   3   4   0   5   5  11   7   1   2   3   0   2   5  21   4   1   1   3  0.20 0.11
   48 V   -1 -1 -1  1 -2 -1  1  0 -2  0 -1 -1  0 -2  3  1  0 -3 -2  1    3   4   2  10   0   2   8   8   1   5   7   2   2   2  16  10   5   0   0  13  0.15 0.08
   49 V   -1  0 -1 -1 -2 -1 -1 -1 -2  0  0 -1  0  0  1  0  1 -2  0  2    2   4   2   4   0   3   2   4   1   4   9   3   2   4   8   9  10   0   3  25  0.08 0.08
   50 K   -1  1  1  1 -3  0  1  0  0 -1 -2  3 -2 -2  0  0  0  3 -1 -2    4   7   9   9   0   3   7   5   2   6   4  23   1   1   4   3   5   5   1   1  0.17 0.10
   51 Q    0 -1  1  1 -1  3  1  2 -1 -3 -3  0 -2 -2  0  0  1  0 -2 -2    7   3   9   8   1  18  11  16   1   1   1   3   0   2   4   3   9   1   1   1  0.24 0.14
   52 Y    1  0  2 -1 -2 -2 -1  0  3 -2 -2 -1 -2  2  0  0  0  0  3 -2   12   7  12   3   1   0   4   6   9   1   1   1   1   9   4   4   6   1  16   2  0.19 0.13
   53 F   -5 -5 -4 -5 -3 -3 -5 -6 -3 -2 -1 -5 -2  8 -5 -3 -4 -1  6 -3    0   0   0   0   1   1   0   0   0   1   3   0   1  58   0   2   1   0  30   1  1.73 0.48
   54 V   -2 -3 -5 -4 -3 -2 -5 -5 -5  4 -1 -4  1 -2 -5 -3  0 -5 -4  6    1   2   0   1   0   2   0   0   0  24   2   0   3   1   0   1   6   0   0  58  1.00 0.36
   55 D   -1 -2  4  3 -4 -2  0  0  2 -4 -3 -1 -3 -1 -2  2  1 -4  1 -3    2   1  20  18   0   0   5   7   5   0   1   3   0   3   1  20   7   0   7   0  0.39 0.20
   56 A   -2 -2  1  4  1 -1  3 -2  0 -2 -4  0 -3 -4  2 -1  0 -5 -3 -2    2   1   7  31   4   2  19   2   2   3   1   5   0   0  12   2   5   0   1   3  0.48 0.21
   57 D   -1 -1  3  5 -1 -1  0  1 -1 -3 -4 -1 -1 -4 -3  0  0 -5 -4 -3    3   3  15  38   2   2   5  11   1   1   1   2   2   0   0   7   5   0   0   1  0.57 0.23
   58 D   -1 -3 -1  6  1 -1  2 -3 -3 -4 -4 -2 -3 -4 -3  2  0 -5 -4 -3    5   1   1  50   3   2  13   1   0   0   1   1   0   0   0  15   4   0   0   2  0.85 0.31
   59 S   -1  4 -2 -3 -1 -2 -2 -2  0  0 -2  0  0  2 -3 -1  1 -2  2  1    4  27   0   0   2   0   1   2   2   5   1   6   3  10   1   3  13   0   9  10  0.28 0.17
   60 V    0 -4 -4 -5 -3 -2 -4 -5 -5  4  0 -3 -1 -2 -4 -2 -2 -4 -3  5    7   0   0   0   0   1   0   0   0  24   4   2   0   1   0   3   1   0   0  55  0.84 0.31
   61 P    0  0 -3 -4  0 -3 -3 -4 -4  1  4 -3  2 -2  0 -1  0 -3 -2  0    9   7   1   0   2   0   1   0   0   8  51   0   4   0   4   3   6   0   1   2  0.42 0.21
   62 Q   -1  0  1  0 -3  2  0 -1  0 -1  1  0  0  1 -3  0 -1 -2  2  0    3   6   7   5   0  13   7   3   1   2  19   4   1   8   0   6   1   0   8   6  0.09 0.09
   63 K   -1  0  2  3 -4  1  1 -2  3 -3 -3  3 -2 -3 -2 -1  1 -4 -1 -3    3   3   9  17   0   6   6   2   9   0   1  26   1   1   1   3   9   0   2   1  0.39 0.19
   64 I    1 -3 -3  0 -3 -3 -2 -3 -2  3  0 -2 -1 -2  0  0  0 -4 -2  3   12   0   1   6   0   0   1   1   1  24   5   1   0   0   5   6   6   0   0  31  0.34 0.19
   65 V   -1  0  0 -1 -2 -1  0 -3 -1  2 -1 -1  0  1 -3  0  1  1  0  2    4   6   5   3   0   2   6   1   1  15   2   3   2   6   0   6   9   2   2  25  0.11 0.11
   66 V   -1  1 -1 -1  1 -1 -1 -2 -2  0  0  0 -1  3 -2 -1  0  0  2  2    5   8   3   3   3   2   4   2   0   5   6   7   1  14   2   1   4   1   9  20  0.10 0.10
   67 H   -1  0  2  2 -4  1  0  1  4 -3 -2  0 -2  1 -1  0 -1 -3  2 -3    2   3  10  15   0   7   6  13  12   1   2   5   1   6   2   6   2   0   8   0  0.24 0.13
   68 K    1  0  0 -1 -1  0  1  0 -2 -2  0  2  0 -2  3  1 -1 -1 -1 -1   12   3   4   1   1   1   8   5   0   2   9  20   2   1  14  11   1   1   2   3  0.17 0.11
   69 D    0  0  1  2 -1  0  0  0 -1 -1 -1  0  0 -3  0  2  1 -4 -2 -1    5   5   8  16   1   3   5   7   1   4   4   3   3   0   3  21   8   0   0   5  0.15 0.10
   70 G    0  0  0  0  1  0  0  2  0 -1 -2  0 -1 -3  2  2  0 -4 -3 -2    5   4   2   4   4   4   7  15   2   5   4   5   1   0  12  20   4   0   0   1  0.19 0.10
   71 P    1  0 -1  0 -2  1  1 -1 -2 -2 -2  0 -2 -3  4  0  1 -1 -1 -1   13   3   1   5   0   9  10   4   0   2   2   6   0   1  22   6  10   1   2   3  0.33 0.13
   72 R   -1  3  1 -1 -1  2  1 -2  0 -2 -2  0 -1 -3 -1  2  0 -1 -2 -1    2  22   6   2   1  10   9   1   2   2   4   3   1   0   2  22   6   1   0   4  0.25 0.14
   73 G    2 -2 -1 -1 -1 -1  0  2  0 -2 -2 -1 -2 -2  4  1  1 -4 -3 -2   18   2   2   3   1   2   5  16   2   1   2   3   0   2  20  11   8   0   0   2  0.33 0.14
   74 I   -1  0 -1 -1 -1  1  0 -2 -2  0  0  2 -1 -1  1 -1  0 -3 -2  1    3   5   3   3   1  10   4   3   0   6  11  16   1   2   7   2   7   0   0  16  0.09 0.08
   75 H    1  2 -1 -2 -1  0 -1 -2  4 -2 -1  0 -2  1 -2  1 -1  6  0 -2   14  12   1   2   1   4   4   1  13   1   6   5   0   7   1  10   3  11   2   2  0.26 0.14
   76 F   -2 -4 -4 -5  1 -4 -4 -4 -3 -1  0 -4  0  6 -4 -3 -3  7  4  1    4   0   0   0   3   0   0   0   0   3   9   0   2  37   0   1   0  14  14  12  0.91 0.27
   77 R   -2  2 -2 -1 -4  0  4 -4  4 -1  1 -1  0 -3 -2 -2 -1 -2 -2  0    2  14   1   1   0   2  34   0  12   3  18   0   2   0   1   0   2   1   1   7  0.41 0.21
   78 R   -1  6 -2 -3 -2  0 -1 -4 -2 -3 -1  2 -1 -4  0 -2 -2 -4 -3 -2    4  60   0   0   1   4   3   0   0   1   8   8   2   0   5   1   1   0   0   2  0.89 0.31
   79 A    6 -4 -4 -4  0 -3 -3 -1 -4 -4 -4 -3 -3 -4 -3  0 -2 -5 -4 -3   86   0   0   0   1   0   0   3   0   0   0   0   0   0   0   6   1   0   0   0  1.33 0.43
   80 G   -2 -5 -3 -4 -3 -4 -4  7 -4 -6 -6 -4 -5 -5 -4 -3 -4 -5 -5 -5    2   0   0   0   1   0   0  94   0   0   0   0   0   0   0   0   0   0   0   0  2.05 0.49
   81 P   -1 -5 -5 -2 -5 -3 -2 -3 -5 -5 -5 -4 -5 -6  8 -4 -4 -6 -6 -5    4   0   0   2   0   1   2   2   0   0   0   0   0   0  88   0   0   0   0   0  2.53 0.58
   82 R   -3  8 -3 -4 -5  0 -2 -5 -3 -5 -5  0 -1 -5 -5 -3 -3 -5 -4 -5    1  90   0   0   0   2   2   0   0   0   0   1   2   0   0   0   1   0   0   1  2.02 0.54
   83 Q   -1  2 -1  0 -4  3  4 -2 -1 -4 -3  3 -3 -4 -1  0 -2 -3  0 -3    5  12   1   2   0  13  29   1   0   0   2  21   0   0   2   5   0   0   5   2  0.49 0.22
   84 K   -2  2  0 -1 -4  2  1 -3  3 -3 -3  4 -1 -1 -3  0  1  0 -2 -3    1  10   4   1   0   9   9   1  10   0   1  32   1   3   0   5   9   1   1   1  0.42 0.20
   85 V   -3 -3 -1 -3 -1 -4 -4 -5 -4  5  2 -3  1 -2 -4 -3  0 -4 -3  3    0   1   3   1   1   0   0   0   0  44  20   1   2   0   0   0   5   0   0  19  0.66 0.25
   86 Y   -1 -2 -4 -5 -1 -4 -4 -5  3 -3 -2 -4 -2  5 -5 -3 -4  2  8 -2    5   2   0   0   1   0   0   0   5   0   2   0   0  24   0   1   0   2  53   1  1.43 0.41
   87 F   -4 -3 -5 -4 -5 -5 -5 -5 -1 -2 -2 -4  1  8 -3 -5 -4  0  3 -2    0   2   0   1   0   0   0   0   1   1   0   1   4  77   1   0   0   1   7   2  1.83 0.49
   88 E   -2  1  2  5 -4  1  2 -2  0 -3 -3  1 -2 -4 -1  0 -1 -4 -3 -3    2   6  11  33   0   7  15   1   2   1   2   7   1   0   2   6   4   0   0   1  0.52 0.21
   89 S   -1 -4 -4 -4 -5 -3 -3 -2 -4 -5 -5 -3 -5 -6  8  2 -1 -6 -5 -5    3   0   0   0   0   1   1   3   0   0   0   1   0   0  70  17   2   0   0   0  1.88 0.50
   90 D    1 -1 -1  2 -3  2  2 -1  0 -3 -3  2 -2 -4  0  2  0 -4 -3 -2   16   1   1  12   0   9  13   4   2   0   1  13   1   0   3  21   4   0   0   1  0.31 0.17
   91 E   -2  1  0  0 -4  1  4 -3  2 -2 -3  3 -1 -4 -2  0  1 -2 -1 -3    2   6   3   5   0   5  28   1   7   2   1  20   1   0   1   5   9   0   3   1  0.40 0.20
   92 V   -2 -2 -4 -5 -3 -3 -4 -5 -5  0  0 -2  7 -3 -4 -2  2 -5 -4  5    2   2   0   0   0   1   0   0   0   2   5   3  28   0   0   1  14   0   0  41  0.93 0.39
   93 H   -3  6  0 -4 -5 -2 -2 -4  3 -5 -5  5 -4 -5 -4 -2  0 -5 -3 -3    1  41   4   0   0   0   0   1   6   0   0  35   0   0   0   2   7   0   1   1  1.12 0.43
   94 A    4 -4 -5 -5  3 -4 -4 -3 -5  4 -1 -4 -1 -1 -4 -2 -3 -5 -3  2   40   0   0   0   5   0   0   1   0  29   3   0   1   2   0   1   0   0   1  17  0.78 0.35
   95 C    4 -5 -4 -4  3 -4 -4  5 -5 -5 -2 -4 -4 -5 -4 -2 -4 -5 -5 -3   39   0   0   0   5   0   0  50   0   0   4   0   0   0   0   0   0   0   0   1  1.25 0.45
   96 I   -3 -6 -6 -6 -4 -5 -6 -6 -6  7  0 -5  2 -3 -5 -5 -2 -5 -4  3    1   0   0   0   0   0   0   0   0  66   5   0   4   0   0   0   1   0   0  21  1.51 0.49
   97 V   -3 -5 -5 -6  0 -5 -4 -6 -6  0  4 -5  0 -3 -5 -3 -3 -5 -4  5    0   0   0   0   2   0   1   0   0   1  42   0   1   0   0   1   1   0   0  50  1.15 0.43
   98 T   -4 -5 -3 -5 -1 -4 -4 -5 -5 -4 -5 -4 -4 -6 -5  0  8 -6 -5 -2    0   0   1   0   1   0   0   0   0   0   0   0   0   0   0   4  91   0   0   1  2.16 0.71
   99 C   -1 -5 -4 -5  9 -3 -5  3 -5 -5 -5 -5 -5 -6 -5  2 -3 -6 -5 -2    4   0   0   0  49   1   0  24   0   0   0   0   0   0   0  17   0   0   0   3  1.74 0.54
  100 G   -3 -6 -4 -3 -6 -5 -6  8 -6 -7 -7 -5 -6 -7 -6 -4 -5 -6 -7 -7    0   0   0   1   0   0   0  97   0   0   0   0   0   0   0   0   0   0   0   0  2.49 0.69
  101 G   -3 -5 -4 -5 -6 -5 -6  7 -6 -7 -7 -5 -6 -7 -5 -2 -5 -6 -7 -7    0   0   0   0   0   0   0  96   0   0   0   0   0   0   0   2   0   0   0   0  2.42 0.68
  102 L   -4 -5 -3  6 -5 -4 -3 -5 -5  0  4 -4 -2 -4 -5 -4 -4 -6 -5 -2    0   0   0  44   0   0   0   0   0   6  48   0   0   0   0   0   0   0   0   1  1.26 0.48
  103 C   -1 -7 -6 -3 11 -7 -7 -6 -7 -5 -4 -7 -5 -6 -7 -4 -5 -6 -6 -2    5   0   0   2  87   0   0   0   0   0   1   0   0   0   0   1   0   0   0   3  3.41 0.84
  104 P   -4 -6 -6 -5 -7  0 -5 -6 -6 -7 -7 -5 -6 -7  9 -4 -5 -7 -7 -6    1   0   0   0   0   5   0   0   0   0   0   0   0   0  93   1   0   0   0   0  3.03 0.82
  105 G   -1 -6 -4 -5 -1 -5 -6  7 -6 -7 -7 -5 -6 -7 -6 -3 -5 -6 -6 -6    4   0   0   0   1   0   0  92   0   0   0   0   0   0   0   1   0   0   0   0  2.28 0.65
  106 L   -4 -5 -6 -6 -4 -5 -4 -6 -6  3  6 -5  1 -2 -6 -5 -3 -5 -4 -1    0   0   0   0   0   0   1   0   0  16  78   0   2   1   0   0   1   0   0   1  1.45 0.49
  107 N   -6 -5  9 -3 -7 -4 -4 -5 -4 -7 -8 -4 -6 -7 -6 -4 -3 -8 -6 -7    0   0  98   0   0   0   0   0   0   0   0   0   0   0   0   0   1   0   0   0  2.96 0.86
  108 T    4 -4  2  4 -4 -3 -3 -3 -4 -2 -4 -3 -4 -5 -2 -1  2 -6 -5  0   42   0   9  24   0   0   0   1   0   2   0   0   0   0   1   2  12   0   0   7  0.76 0.38
  109 V    0 -6 -5 -6 -4 -5 -6 -6 -6  1 -3 -5 -1 -4 -6 -5  0 -6 -5  7    6   0   0   0   0   0   0   0   0   4   0   0   1   0   0   0   4   0   0  82  1.70 0.59
  110 I   -5 -7 -7 -7 -5 -6 -7 -7 -7  8 -1 -6  2 -4 -6 -6 -4 -6 -5  2    0   0   0   0   0   0   0   0   0  83   2   0   5   0   0   0   0   0   0   9  2.07 0.64
  111 R   -4  8 -4 -6 -7 -1 -4 -6 -2 -7 -6 -1 -5 -3 -6 -4 -5 -7 -4 -7    1  92   0   0   0   2   0   0   1   0   0   1   0   1   0   0   0   0   0   0  2.52 0.77
  112 E    3 -3 -2 -2 -4  1  3  3 -2 -5 -5 -2 -4 -5 -4  2 -3 -5 -5 -4   31   0   1   0   0   8  20  25   1   0   0   1   0   0   0  13   0   0   0   0  0.73 0.36
  113 I    0 -5 -6 -6 -4 -5 -5 -6 -6  5  2 -5 -1 -3 -5 -4 -3 -5 -4  4    7   0   0   0   0   0   0   0   0  36  21   0   0   0   0   0   0   0   0  34  1.05 0.40
  114 V   -2 -6 -6 -6  0 -5 -6 -5 -6 -1 -3 -5 -3  0 -5 -4  2 -6 -1  7    3   0   0   0   2   0   0   1   0   0   0   0   0   4   0   0  11   0   2  77  1.52 0.56
  115 S   -3  3 -1 -3  2 -1 -2 -3  2 -1  1  3  4  0 -4 -3 -2 -4 -2 -1    0  21   2   1   5   2   1   2   6   2  17  18  13   4   0   1   1   0   1   3  0.41 0.25
  116 S    0  0 -1 -2  3 -1  1  1  0 -3 -4  1 -2 -4 -3  2  4 -5 -4 -2    6   6   3   0   6   2  10  11   2   0   0  11   1   0   0  14  27   0   0   1  0.38 0.24
  117 L    3 -5 -5 -5  0 -4 -5  1 -5 -1  5 -4  0 -2 -5 -2 -3 -5 -4 -2   26   0   0   0   2   0   0  12   0   2  53   0   1   1   0   2   0   0   0   0  0.83 0.39
  118 S   -1 -2  0  0  1 -1 -1 -2  3  2 -1 -2 -1  0 -2  0  0  4  2  1    4   2   5   6   3   1   4   2   9  15   3   1   1   3   1   8   5   6  10  10  0.16 0.12
  119 Y   -1  0  2  0 -3  0  2 -1  4 -2 -1  0 -2 -1 -3  0  0 -2  3 -1    2   6  12   4   0   5  13   4  11   1   7   3   1   2   0   4   7   0  14   4  0.22 0.16
  120 M   -1  2  2  1 -2  1  1 -1  2 -1  0  0  2 -2 -3 -1 -1 -4 -2 -1    6  12  13   8   0   7   9   3   7   5   8   6   7   1   0   3   3   0   1   4  0.14 0.11
  121 Y   -5 -2 -5 -6 -2 -4 -5 -4  4 -4 -4 -4 -4  0 -6 -4 -2 -2  9 -3    0   2   0   0   1   0   0   1   9   1   1   1   0   2   0   1   2   0  77   2  2.33 0.70
  122 G   -2 -2  1  1 -4 -2 -2  6  1 -6 -5 -1 -5 -5 -4 -3 -4 -5 -5 -5    1   3   6   7   0   2   3  67   3   0   1   4   0   0   1   1   0   0   0   0  1.27 0.43
  123 V    0 -3 -3 -1 -2 -2 -1 -1 -3  1 -1 -3  2 -1 -3 -2 -2  2  1  5    6   1   1   3   1   1   4   4   1   4   3   1   5   3   1   1   1   3   6  51  0.53 0.25
  124 K   -1  2  0  1 -2  1  2 -3  2 -3 -2  2 -3 -3  1  0  0  0 -2 -2    3  12   4   9   1   7  17   1   5   1   3  15   0   0   6   8   4   1   0   3  0.29 0.16
  125 R   -1  2  1  1 -3  1  3 -2 -1 -3 -3  1 -2 -3 -2  0  1 -3 -3 -3    3  13   8   7   0   5  26   2   1   1   2  10   0   1   1   7   9   0   1   1  0.36 0.17
  126 I   -2 -6 -6 -6 -2 -5 -6 -6 -6  6 -2 -5 -1  2 -4 -5 -3 -5 -3  5    2   0   0   0   1   0   0   0   0  43   1   0   1   9   1   0   1   0   0  41  1.28 0.46
  127 L   -3 -3 -5 -5 -3 -4 -4 -5 -2  3  2 -2  0  2 -5 -2 -2  2  4  3    1   1   0   0   0   0   0   0   1  17  18   2   1   9   0   3   2   3  18  25  0.60 0.27
  128 G   -4 -6 -4 -5 -6 -6 -6  8 -6 -7 -7 -5 -6 -7 -6 -4 -5 -6 -7 -7    0   0   0   0   0   0   0  99   0   0   0   0   0   0   0   0   0   0   0   0  2.61 0.74
  129 I   -1 -6 -6 -6 -4 -5 -6 -6 -5  6  0 -5 -2  6 -6 -4 -4 -4  1  2    5   0   0   0   0   0   0   0   0  45   4   0   0  31   0   1   0   0   4  10  1.21 0.43
  130 D   -2  5 -3 -1 -4  3  2 -4  1 -3 -2  3 -1 -4  1 -2 -2 -5 -3 -3    2  38   0   2   0  11  11   1   3   1   5  15   1   0   6   1   1   0   0   1  0.69 0.32
  131 G   -2 -2  2  4 -4 -2 -2  0  2 -4 -4 -3 -2  3 -4 -1 -3  0  5 -4    3   2  10  29   0   1   1   8   4   0   1   0   1  13   0   3   0   1  21   0  0.71 0.33
  132 G   -3 -6 -4 -5 -6 -6 -6  8 -6 -8 -7 -5 -7 -7 -6 -4 -5 -6 -7 -7    1   0   0   0   0   0   0  98   0   0   0   0   0   0   0   0   0   0   0   0  2.58 0.72
  133 Y   -6 -6 -6 -7 -6 -6 -6 -7 -3 -4 -1 -6 -4  5 -7 -6 -5  9  8 -5    0   0   0   0   0   0   0   0   0   0   7   0   0  24   0   0   0  24  44   0  2.21 0.64
  134 R   -1  6 -1 -2 -5  2  1 -2 -1 -5 -3  3 -3 -5 -3 -2 -3  0 -3 -4    4  42   2   2   0   9   8   2   1   0   2  21   0   0   1   2   1   1   1   1  0.85 0.36
  135 G   -4 -6 -4 -4 -6 -6 -6  8 -6 -8 -8 -5 -7 -7 -6 -4 -5 -6 -7 -7    0   0   0   1   0   0   0  99   0   0   0   0   0   0   0   0   0   0   0   0  2.59 0.72
  136 F   -2 -5 -6 -6 -4 -5 -6 -6 -5  0  4 -5 -1  6 -1 -5 -4 -3 -1  1    2   0   0   0   0   0   0   0   0   4  41   0   1  40   3   0   0   0   0   8  1.16 0.42
  137 Y   -2 -3 -3 -5 -4 -4 -4 -5 -1  3  2 -4  1  2 -5 -2 -1 -1  6  1    2   1   1   0   0   0   0   0   1  17  19   0   4   7   0   3   4   1  29  11  0.67 0.30
  138 A   -1 -2  1  3 -4 -1  4  0 -1 -5 -4 -1 -4 -3  0  1 -1 -4  1 -4    5   1   5  18   0   2  29   9   1   0   1   2   0   0   5  13   3   0   6   1  0.45 0.25
  139 K   -1  1  2  2 -1 -1  1  2  4 -5 -4  1 -2 -3 -1 -1 -2 -4  0 -4    3   8  10  14   2   1  11  19  13   0   1   8   1   0   2   2   1   0   4   0  0.40 0.21
  140 N   -2  2  3  5 -5  0  2 -2  2 -4 -4  0 -4 -5 -2  0 -1 -6 -4 -4    3  11  13  35   0   3  11   3   4   1   1   6   0   0   1   4   3   0   0   1  0.62 0.28
  141 T   -1 -1 -3 -4 -2 -3 -2 -3  0  0  0 -3  0  2  2 -2  2  5  2  2    4   3   1   0   1   0   2   2   3   5   7   0   2  11  12   2  14  10   8  14  0.34 0.20
  142 V   -1  2 -4 -4 -3 -2 -1 -5 -3  4  1 -1  4 -1 -4 -3 -1 -3 -3  3    3  13   0   0   0   1   4   0   0  24  10   4  12   2   0   0   3   0   0  22  0.44 0.24
  143 S   -2  0 -1  1 -4  1  3 -4 -2 -2 -2  2  1 -5  5 -1 -1 -3 -4 -3    2   5   2   7   0   5  24   0   1   3   3  11   4   0  25   2   3   0   0   1  0.57 0.27
  144 L   -5 -6 -7 -7 -5 -6 -6 -7 -6 -1  6 -6  2  0 -6 -6 -5 -5 -4 -1    0   0   0   0   0   0   0   0   0   1  90   0   4   3   0   0   0   0   0   2  1.77 0.58
  145 D   -2 -2  2  4 -4 -3 -2 -2 -1 -3 -4 -1 -2 -3  0  1  5 -5 -3 -3    1   2   8  23   0   0   2   3   1   1   0   3   1   1   5   9  41   0   0   0  0.73 0.36
  146 S   -1  2 -1  0 -3  0  0 -4 -2 -1  0  0 -2 -3  5  0 -1 -1 -3 -1    5  15   3   4   0   4   5   0   1   4  11   4   1   1  32   6   2   1   0   3  0.51 0.23
  147 K    0  1  1  3 -4  1  3 -2  0 -4 -4  3 -3 -4 -1  0 -1 -5 -3 -3    7   7   7  16   0   4  21   1   2   0   1  20   0   0   2   7   3   0   1   1  0.44 0.22
  148 V    1  0  0  2 -3 -1  0 -2 -1  0 -1  0  0 -2 -3  1  0 -3  0  1   12   6   5  15   0   2   4   2   1   4   6   5   3   1   0  13   5   0   3  12  0.10 0.10
  149 V   -3 -3 -6 -6 -2 -5 -5 -6 -6  1 -1 -5 -1  1 -5 -5 -2 -5 -4  7    1   2   0   0   1   0   0   0   0   6   3   0   1   5   0   0   2   0   0  78  1.50 0.52
  150 N    0  3  2  2 -3  1  2 -2 -1 -4 -4  1 -2 -4 -3  3 -1 -5 -4 -3    9  15   8  12   0   5  12   2   1   0   1   8   1   0   0  22   2   0   0   1  0.40 0.22
  151 D   -2 -1  3  3 -5 -2 -1  5  2 -5 -5 -2 -5 -4 -3 -2  0 -5 -4 -5    1   4  15  20   0   1   2  40   6   0   0   1   0   1   1   2   6   0   0   0  0.83 0.33
  152 I   -4 -6 -6 -6 -3 -6 -6 -7 -6  8  1 -6 -1 -2 -6 -5 -4  2 -4  0    1   0   0   0   0   0   0   0   0  79  11   0   1   1   0   0   0   3   0   3  1.81 0.56
  153 H   -3 -3  0 -3 -5  0 -4 -3  8 -1  3 -4 -2 -3 -4 -1 -3 -5 -1 -2    2   0   4   1   0   5   0   1  41   3  35   0   0   0   0   4   0   0   1   2  1.14 0.44
  154 K    0  0  1  0 -3  1  0 -2  3 -2  0  2 -1 -3  2 -1  1 -4 -1 -2    7   5   6   4   0   5   5   2  11   2  10  16   1   0  12   3   8   0   2   0  0.22 0.15
  155 R   -1  4 -1 -1 -4  2  1 -4 -1 -1  0  1  1  0 -3 -1 -1 -3 -1 -2    3  32   2   3   0  11   9   0   1   3   9   8   3   6   0   2   4   0   1   2  0.36 0.20
  156 G   -3 -6 -4 -5 -6 -5 -5  7 -5 -7 -7 -5 -6 -6 -4 -4 -5 -6 -6 -6    0   0   0   0   0   0   0  98   0   0   0   0   0   0   1   0   0   0   0   0  2.42 0.64
  157 G   -3 -6 -4 -5 -6 -5 -5  7 -5 -7 -7 -5 -6 -6 -5 -3 -5 -6 -6 -6    0   0   0   0   0   0   0  98   0   0   0   0   0   0   0   1   0   0   0   0  2.42 0.64
  158 T   -3 -4 -3 -4  0 -4 -4 -4 -5 -4 -5 -4 -4 -5 -4  3  7 -6 -5 -3    0   0   0   0   2   0   0   0   0   0   0   0   0   0   0  19  77   0   0   0  1.75 0.60
  159 I   -3 -5 -5 -6 -4 -5 -5 -6 -4  7  0 -5  2  2 -5 -5 -3 -4 -2  2    2   0   0   0   0   0   0   0   0  64   5   0   5   9   0   0   1   0   1  12  1.25 0.41
  160 L   -4 -5 -6 -6 -4 -5 -6 -6 -6  0  6 -5 -1 -3 -6 -5 -4 -5 -4 -2    0   0   0   0   0   0   0   0   0   3  95   0   0   0   0   0   0   0   0   1  1.78 0.55
  161 G   -2 -2 -3 -4 -5 -2 -3  7 -3 -6 -6 -3 -5 -6 -5 -2 -4 -3 -3 -4    2   2   0   0   0   1   1  86   1   0   0   2   0   0   0   2   0   0   1   1  1.84 0.53
  162 T   -2 -4 -3 -4 -1 -3 -3 -4 -4 -4 -4 -3 -3 -5 -4  4  6 -5 -1  0    2   0   0   0   1   0   0   0   0   0   0   0   0   0   0  37  49   0   2   7  1.15 0.47
  163 S    1 -3 -1 -3  1 -3 -3 -2 -3 -5 -5 -3 -4 -5 -4  6  1 -6 -5 -4    9   0   2   0   2   0   0   2   0   0   0   0   0   0   0  75   8   0   0   0  1.35 0.52
  164 R   -2  8  2 -4 -4 -2 -2 -5 -3 -6 -5 -1 -5 -6 -5 -4 -4 -6 -3 -6    3  83  10   0   0   0   1   0   0   0   0   0   0   0   0   0   0   0   1   0  2.02 0.60
  165 G   -2  0 -2 -1 -3 -1 -1  5 -3 -4 -2 -1 -2 -2 -4 -1  2 -4 -4 -1    0   5   0   3   0   3   3  54   0   0   3   3   1   2   0   3  12   0   0   4  0.74 0.30
  166 G   -1 -3  3  0 -3 -1  0  4  1 -5 -4  0 -3 -5  3 -2 -3 -5 -4 -4    3   1  16   6   0   3   5  40   4   0   1   5   0   0  14   1   1   0   0   1  0.69 0.28
  167 H   -1 -1  1 -1  1  3 -2 -2  2 -3 -4 -2 -3  4  4 -2 -3 -4 -2 -3    6   2   9   4   3  19   1   3   6   1   0   1   0  19  23   2   0   0   0   1  0.57 0.28
  168 D   -2 -2  1  5 -5 -2  0  1 -2 -4 -4  0 -3  2  1  0 -3 -5 -3 -3    2   2   7  42   0   1   4  10   0   0   0   7   1   9   8   5   0   0   0   2  0.64 0.28
  169 T    0  0 -3 -3 -2 -2 -2 -2 -3  2  1  0  0 -2  2  0  1 -4 -2  2    5   5   0   0   0   1   1   2   0  11  13   7   2   0  13   8  10   0   0  20  0.22 0.14
  170 T    0  0  0  3 -3  1  3  0  0 -2 -2  0  1 -3 -1  1 -1 -4 -3 -2    6   4   4  16   0   5  23   5   2   1   3   5   5   1   2  14   2   0   0   3  0.27 0.16
  171 K   -1  3  0  1 -5  1  3 -2 -1 -3 -2  4 -2 -4 -3 -2 -2 -4 -3 -2    4  16   3   8   0   5  24   2   1   1   4  25   0   0   0   0   1   0   0   4  0.49 0.24
  172 I    0 -5 -5 -5 -1 -4 -4 -5 -5  6 -1 -5  4 -3 -5 -4 -1 -5 -4  3    7   0   0   0   1   1   1   0   0  56   2   0  13   0   0   0   2   0   0  16  1.09 0.39
  173 V   -1  0 -4 -4 -1 -2 -2 -4 -4  2  1  1  1 -3 -1 -3 -2 -2 -3  5    5   5   0   0   1   1   1   0   0   7  10  12   3   0   3   1   0   0   0  49  0.54 0.27
  174 D   -1  0  1  5 -5  1  3 -2 -1 -3 -5  1 -4 -5 -3 -1 -2 -5 -4 -4    6   5   6  43   0   5  18   2   1   1   0   7   0   0   0   2   2   0   0   0  0.78 0.30
  175 S    1  0  3 -2  1 -1 -1 -1  0 -2 -3 -2 -1 -1 -3  2  2 -2 -1  0   14   5  19   1   4   1   2   3   2   0   1   1   1   3   0  16  18   1   1   6  0.27 0.19
  176 I   -3 -4 -5 -5 -1 -3 -5 -5 -4  4  4 -4  3  0 -5 -4 -3 -3  2  0    2   0   0   0   1   1   0   0   0  27  48   0   6   3   0   0   0   0   7   4  0.84 0.32
  177 Q    0  1 -1  1 -3  2  3 -3  1  0 -3  2 -1 -3 -3 -1 -1 -4 -1  0   10   7   1   7   0  12  26   1   4   5   1  11   1   0   0   4   2   0   1   6  0.31 0.18
  178 D    1  3  0  3 -4  0  2 -3 -1 -3 -2  3 -1 -3 -3 -1 -2 -5 -3 -3   12  21   5  16   0   3  14   1   1   0   3  18   2   1   0   2   1   0   0   0  0.43 0.22
  179 R   -2  3  2 -2 -4  0 -1 -4  4 -2  2 -1  3 -1 -4 -3 -3  3  1 -3    2  19  11   1   0   3   3   0  13   1  23   3  11   2   0   0   0   4   5   0  0.42 0.24
  180 G   -1  0  3 -1 -4 -2 -1  6 -1 -6 -6  0 -5 -5 -4 -2 -3 -5 -3 -5    2   6  16   2   0   1   5  58   1   0   0   5   0   0   1   1   0   0   1   0  1.05 0.37
  181 I   -3 -5 -6 -6 -4 -5 -5 -6 -5  6  2 -5  0  2 -5 -5 -3 -4 -1  3    1   0   0   0   0   0   0   0   0  46  21   0   1   8   0   0   0   0   2  20  1.00 0.35
  182 N   -4 -3  6  6 -4 -2  0 -1 -2 -6 -6 -1 -5 -5 -4 -1 -2 -7 -5 -6    1   0  36  46   0   1   4   4   1   0   0   3   0   0   0   3   2   0   0   0  1.33 0.45
  183 Q    2 -3 -3 -4  4  4 -2 -1 -2  2 -2 -3  4 -1 -4 -2 -2 -4 -3  0   23   0   0   0   9  25   0   3   1  13   1   0  14   3   0   0   0   0   0   7  0.52 0.28
  184 V   -3 -5 -6 -6 -1 -5 -5 -6 -3  2  5 -5  0 -1 -5 -5 -3 -4 -3  3    0   0   0   0   1   0   0   0   0   8  65   0   1   1   0   0   0   0   0  24  1.08 0.36
  185 Y   -4 -5 -5 -6 -3 -5 -5 -6 -3  3 -1 -5 -2  6 -5 -4 -4 -2  5  2    0   0   0   0   0   0   0   0   0  21   1   0   0  36   0   0   0   0  24  17  1.17 0.37
  186 I    2 -4 -3 -4  4 -3 -4 -3 -4  3 -1 -4  1 -1  0 -2  0 -4 -3  4   19   0   1   0   9   0   0   1   0  19   3   0   4   1   5   0   7   0   0  31  0.49 0.23
  187 I   -4 -5 -6 -6 -4 -5 -6 -6 -6  7  2 -5 -1 -3 -5 -5 -3 -5 -4  2    0   0   0   0   0   0   0   0   0  69  18   0   0   0   0   0   0   0   0  13  1.41 0.42
  188 G   -3 -6 -4 -5 -1 -5 -5  7 -5 -7 -7 -5 -6 -6 -5 -3 -5 -6 -6 -6    0   0   0   0   2   0   0  98   0   0   0   0   0   0   0   0   0   0   0   0  2.36 0.58
  189 G   -3 -5  0 -4 -6 -5 -5  7 -5 -7 -7 -5 -6 -6 -5 -3 -5 -6 -6 -6    0   0   4   0   0   0   0  96   0   0   0   0   0   0   0   0   0   0   0   0  2.27 0.57
  190 D   -4 -2  4  7 -6 -2  3 -4 -3 -5 -4 -3 -5 -5 -4 -3 -3 -6 -4 -2    0   1  18  59   0   0  16   0   0   0   2   0   0   0   0   0   0   0   0   3  1.38 0.44
  191 G   -2 -4 -3  1 -6 -4 -2  7 -2 -7 -7 -3 -6 -6 -5 -3 -4 -6 -6 -6    1   1   0   8   0   0   3  86   1   0   0   1   0   0   0   0   0   0   0   0  1.88 0.52
  192 T   -2 -4 -3 -3  0 -4 -4 -2 -5 -4 -4 -4 -4 -5 -4  2  7 -6 -5 -3    2   0   0   1   2   0   0   3   0   0   0   0   0   0   0  16  76   0   0   0  1.55 0.54
  193 Q   -3 -3 -1 -4  0  3 -3 -5  5  0  3 -3  5 -2 -5 -4 -3 -4 -3 -2    1   0   3   0   2  16   0   0  18   4  36   0  18   1   0   0   1   0   0   0  0.80 0.35
  194 R    1  4 -1 -2 -4 -1 -1  1 -1 -4 -4  4 -2 -4 -3  0  1 -5 -3 -3   14  27   2   1   0   0   1  11   1   0   0  27   1   0   0   6   8   0   0   0  0.55 0.26
  195 G    2 -4 -3 -3  0 -2 -3  5 -4  0 -3 -3 -2 -3 -3  0  0 -4 -3  0   19   0   0   0   2   1   1  45   0   7   1   0   0   0   0   8   7   0   1   8  0.64 0.26
  196 A    6 -4 -4 -4 -3 -4 -4 -2 -4 -2 -4 -4 -4 -5 -4  0 -2 -5 -5  0   85   0   0   0   0   0   0   2   0   1   1   0   0   0   0   4   1   0   0   5  1.45 0.50
  197 S    0  1  3 -1 -2  1  0 -2  3 -2  0  0 -1 -2 -3  1  0 -2  0 -1    9   7  19   2   1   6   3   2   9   1  12   6   1   1   0  11   3   0   3   3  0.17 0.13
  198 V    2  2 -2  1 -3  0  1 -2 -1 -2  0  2  0 -2 -3 -1 -1  1 -2 -1   24  13   0   7   0   4  10   1   1   1  10  14   2   1   0   2   2   3   1   5  0.19 0.14
  199 I   -4 -5 -6 -6 -4 -5 -5 -6 -5  6  4 -5  0  1 -5 -5 -3 -4 -3  1    0   0   0   0   0   0   0   0   0  49  41   0   1   5   0   0   0   0   0   4  1.16 0.37
  200 F    2 -1 -1 -1 -1  1 -2 -1  4 -2 -2 -2 -1  2 -3  2  0 -1  2 -1   18   3   2   3   1   9   0   3  13   2   3   1   1  11   0  16   3   1   6   4  0.23 0.16
  201 E   -1  1  2  2 -3  2  4 -2  0 -2 -2  1 -2 -3 -3 -1 -2 -3 -2 -3    5   7   9  12   0  11  32   2   2   2   3   8   0   1   0   1   1   0   2   0  0.43 0.19
  202 E    0 -2 -1  0 -4  1  6 -1 -2 -2 -2  0 -1 -4 -3 -2 -2 -4 -2 -2    7   1   2   4   0   4  59   4   0   2   3   5   1   0   0   1   1   0   1   2  0.79 0.30
  203 I    1 -2 -2 -2  5 -2 -2 -2 -2  3  1 -2  0  0 -2 -1 -1 -2 -1  1   11   2   2   2  15   1   2   3   1  23  12   2   2   4   2   2   2   0   1  11  0.22 0.09
  204 R    0  3 -1 -1 -1  0  1 -1 -1 -1 -1  2  0 -2 -1  0  0 -1 -1 -1   11  21   2   3   1   3   9   3   1   5   6  12   3   1   2   6   4   1   2   3  0.12 0.06
  205 R    0  4  0 -1 -2  1  1 -1  0 -2 -2  3 -1 -2 -1 -1  0 -2 -2 -2    7  24   3   3   1   4   8   3   1   2   4  25   1   1   2   4   4   0   1   2  0.31 0.11
  206 R   -1  6 -1 -2 -2  0 -1 -2  0 -2 -2  2 -1 -2 -2 -1 -1 -2 -2 -2    4  54   2   2   1   4   3   2   2   2   3   9   1   1   2   3   2   0   1   2  0.72 0.19
  207 G   -1  0  2 -1 -2 -1 -1  4  0 -3 -3  3 -2 -2 -1  0 -1 -2 -2 -2    3   5   9   3   1   2   2  31   2   2   3  25   1   1   2   4   2   0   1   2  0.38 0.13
  208 L   -1 -1 -2 -2 -1 -1 -1 -2  1  0  3 -1  3 -1 -2 -1 -1 -2  0  1    3   2   1   2   1   1   5   2   4   3  41   2  11   1   1   5   2   0   4   7  0.25 0.12
  209 K   -1  0  2 -1  0  0 -1  4 -2 -4 -4  4 -3 -5  0 -1 -2 -5 -4 -3    3   2  11   3   2   2   3  33   1   0   0  32   0   0   4   1   1   0   0   2  0.60 0.26
  210 V   -2 -4 -5 -5  3 -4 -5 -5 -5  5  2 -4  1 -1 -4 -4 -2 -4 -2  3    1   0   0   0   7   0   0   0   0  41  19   0   2   1   0   0   1   0   1  25  0.77 0.25
  211 A    3 -1  2 -2 -2 -1 -2 -1 -2 -3 -4  0 -3 -4  3  3 -1 -4 -3 -2   24   2  11   1   0   1   0   3   1   0   0   4   0   0  17  32   2   0   0   1  0.54 0.23
  212 V   -2 -5 -5 -5  0 -5 -5 -5 -5  4 -1 -5  0 -2 -5 -4 -2 -5 -3  6    0   0   0   0   2   0   0   1   0  23   2   0   1   1   0   0   1   0   0  69  1.19 0.36
  213 I    0 -5 -5 -5  3 -4 -5 -4 -5  4 -1 -4  0 -1 -4 -3 -1 -5 -3  5    7   0   0   0   6   0   0   1   0  27   0   0   2   1   0   0   2   0   0  53  0.89 0.29
  214 G   -1 -4 -2 -4  2 -4 -4  6 -1 -2 -3 -4 -3 -5 -4 -1 -2 -5 -5 -1    4   0   1   0   4   0   0  74   2   2   3   0   0   0   0   2   2   0   0   6  1.22 0.33
  215 I   -3 -5 -5 -5  0 -4 -5 -5 -5  6  1 -4  0 -2 -5 -4 -2 -5 -3  5    0   0   0   0   2   0   0   0   0  50   7   0   1   0   0   0   0   0   0  40  1.10 0.32
  216 P   -4 -5 -5 -4 -6 -4 -4 -5 -5 -6 -6 -4 -5 -7  9 -4 -4 -7 -6 -5    0   0   0   0   0   0   0   0   0   0   0   0   0   0  98   0   0   0   0   0  3.05 0.60
  217 K   -3  0 -2 -3 -6 -1 -2 -4 -3 -5 -5  8 -4 -6 -4 -3 -3 -6 -5 -5    0   1   1   0   0   0   0   1   0   0   0  96   0   0   0   0   0   0   0   0  1.93 0.51
  218 T   -3 -4 -3 -4 -4 -3 -3 -4 -4 -4 -4 -3 -4 -5 -4  2  7 -5 -4 -3    0   0   0   0   0   0   0   0   0   0   0   0   0   0   0  14  86   0   0   0  1.72 0.50
  219 I   -4 -6 -6 -6 -4 -5 -6 -6 -6  8 -1 -5 -1 -3 -5 -5 -3 -5 -4  2    0   0   0   0   0   0   0   0   0  88   0   0   0   0   0   0   0   0   0  12  1.76 0.45
  220 D   -4 -4 -1  8 -6  0  1 -4 -4 -6 -6 -3 -6 -6 -4 -3 -4 -7 -6 -6    0   0   0  90   0   4   6   0   0   0   0   0   0   0   0   0   0   0   0   0  2.11 0.50
  221 N   -4 -3  9 -2 -6 -3 -3 -1 -2 -6 -7 -2 -5 -6 -5 -2 -3 -7 -5 -6    0   0  94   0   0   0   0   4   0   0   0   1   0   0   0   0   0   0   0   0  2.28 0.56
  222 D   -5 -4  1  8 -6 -3  0 -4 -4 -6 -7 -3 -6 -6 -4 -3 -4 -7 -6 -6    0   0   5  93   0   0   2   0   0   0   0   0   0   0   0   0   0   0   0   0  2.21 0.52
  223 I   -3 -5 -5 -5 -3 -5 -5 -6 -5  6  3 -5  0  1 -5 -4 -2 -4 -3  2    0   0   0   0   0   0   0   0   0  58  27   0   0   4   0   0   1   0   0  10  1.05 0.31
  224 P    1 -2  1  1 -1 -1 -1  0 -1 -2  0 -2  0 -1  4  1 -1  3  0 -2   13   1   8   7   1   1   2   6   1   0  11   1   4   2  21  12   0   5   3   1  0.28 0.13
  225 V    0 -3 -2 -3  1 -2 -2  1 -1  2  1 -3  0  2 -3 -1 -2 -1  3  1   11   1   1   0   3   0   2  14   2  16  14   0   1  12   0   2   0   0  11   8  0.18 0.11
  226 I   -1 -4 -3 -4 -1 -3 -4 -3 -4  4  0 -3  2 -3 -4 -1  4 -4 -3  1    5   0   1   0   1   0   0   1   0  35   4   0   6   0   0   1  37   0   0   9  0.68 0.27
  227 D   -4 -4 -1  7 -6  1  1 -3 -1 -5 -6 -3 -5 -5 -3 -1 -2 -6 -5 -4    0   0   0  76   0   8   7   1   1   0   0   0   0   0   1   4   1   0   0   1  1.56 0.41
  228 K   -2  3 -2 -2 -4  1  1 -3 -1 -1 -2  4  1 -1 -2 -1 -2 -3  3  0    1  21   1   0   0   6   9   0   1   3   1  28   4   1   1   2   1   0  13   6  0.40 0.19
  229 S   -2 -3 -2 -3  3  0 -3 -3 -4 -4 -4 -3 -3 -5 -3  4  5 -5 -4 -3    0   0   0   0   6   4   0   0   0   0   0   0   0   0   0  41  49   0   0   0  1.11 0.39
  230 F   -5 -6 -6 -6 -5 -6 -6 -6 -4  0 -2 -6  2  9 -6 -5 -5 -2  0 -3    0   0   0   0   0   0   0   0   0   5   1   0   4  90   0   0   0   0   0   0  2.26 0.52
  231 G   -3 -5 -3 -4 -5 -5 -5  7 -5 -7 -7 -4 -6 -6 -5 -3 -4 -5 -6 -6    0   0   0   0   0   0   0 100   0   0   0   0   0   0   0   0   0   0   0   0  2.29 0.50
  232 F   -5 -6 -6 -6 -3 -6 -6 -6 -1 -3 -2 -6 -3  9 -7 -5 -5 -2  2 -3    0   0   0   0   0   0   0   0   1   0   1   0   0  93   0   0   0   0   4   1  2.41 0.54
  233 D   -3 -3  1  6 -5  3  3 -3  1 -4 -4 -2 -2 -5 -3 -1 -2 -5 -3 -4    1   0   6  49   0  18  15   1   3   1   1   0   1   0   0   2   1   0   1   1  0.97 0.31
  234 T   -3 -4 -3 -4 -4 -3 -3 -4 -4 -4 -4 -3 -4 -5 -4  2  7 -5 -4 -3    0   0   0   0   0   0   0   0   0   0   0   0   0   0   0  13  87   0   0   0  1.73 0.50
  235 A    6 -4 -4 -4  0 -3 -3 -2 -4 -4 -4 -3 -3 -5 -3  0  0 -5 -4 -1   88   0   0   0   2   0   0   0   0   0   0   0   0   0   0   3   4   0   0   3  1.37 0.43
  236 V   -2 -4 -5 -6 -2 -4 -5 -6 -4  2  0 -5 -1  1 -5 -4 -2 -5 -1  6    0   1   0   0   1   0   0   0   0   8   4   0   0   6   0   0   0   0   1  77  1.19 0.37
  237 E    0 -2  1  2 -4  2  5 -1  0 -4 -4 -1 -3 -4 -3  1 -1 -4 -2 -3    9   0   7   8   0   9  44   5   2   0   0   0   0   0   0  12   3   0   1   1  0.58 0.23
  238 E   -1 -1 -2 -2 -3  0  4 -2 -2  3 -1  1  0 -2 -3 -2  0 -4 -3  1    3   1   0   0   0   2  33   3   1  22   1   9   2   1   0   1   7   0   0  13  0.34 0.19
  239 A    6 -4 -4 -4 -1 -3 -3 -2 -4 -4 -4 -3 -3 -5 -3  0  0 -5 -4 -1   88   0   0   0   1   0   0   1   0   0   0   0   0   0   0   2   4   0   0   3  1.37 0.43
  240 Q    1 -1 -2 -3 -1  4 -1 -3 -2  0 -2 -2  0 -4 -3  0  4 -4 -3  1    9   2   0   0   1  24   1   0   0   6   0   1   3   0   0   3  38   0   0  12  0.55 0.26
  241 R   -2  3  2  3 -5  1  4 -3 -1 -4 -4  2 -3 -5 -1 -1 -2 -5 -3 -4    1  18  10  16   0   5  33   0   0   1   1   9   0   0   2   1   1   0   1   0  0.61 0.22
  242 A    6 -4 -4 -4 -1 -3 -3 -2 -3 -2 -3 -3 -2 -3 -1  0 -1 -5 -4  0   82   0   0   0   1   0   0   0   0   1   0   0   0   1   2   5   1   0   0   6  1.15 0.38
  243 I   -3 -5 -5 -5 -3 -5 -5 -5 -5  7  2 -5  1 -2 -5 -4 -2 -5 -3  2    0   0   0   0   0   0   0   0   0  70  14   0   2   0   0   0   1   0   0  12  1.24 0.35
  244 N   -1  2  3  5 -5  0  1 -3  1 -4 -3  0 -2 -4 -3 -1 -2 -5 -2 -4    4  15  15  39   0   2   8   0   3   0   2   5   1   0   0   3   1   0   1   0  0.62 0.22
  245 A    3  4 -2 -2  4 -2 -2 -1 -3 -3 -4  0 -2 -4 -3  2 -1 -4 -4 -1   26  33   0   2  10   0   0   3   0   0   0   3   0   0   0  18   1   0   0   3  0.58 0.25
  246 A    5 -4 -4 -4 -3 -3 -3 -1 -4  1  3 -3 -1 -3 -3 -1 -2 -4 -3  0   53   0   0   0   0   0   0   3   0   9  29   0   0   0   0   1   0   0   0   6  0.66 0.27
  247 H   -2  1 -1 -4 -5 -1 -2 -4  9 -5 -2  0 -3  1 -5 -3 -3  0  4 -4    3   8   1   0   0   1   1   0  54   0   4   6   0   4   0   1   0   1  14   0  1.34 0.38
  248 V   -1 -3 -1 -2 -1 -1 -2 -3 -3  2 -1 -1  0 -2 -3  1  4 -4 -2  3    4   0   2   1   1   2   0   0   0  11   3   3   2   1   0   8  34   0   0  27  0.40 0.20
  249 E   -1 -3 -3 -2 -5 -1  6 -4 -3 -4 -4 -2  1 -5 -4 -2  5 -5 -4 -4    3   0   0   0   0   0  56   0   0   0   0   0   3   0   0   0  37   0   0   0  1.20 0.40
  250 A    6 -4 -4 -4  1 -3 -3  0 -4 -3 -4 -3 -3 -5 -3  1 -1 -5 -4  0   78   0   0   0   3   0   0   5   0   0   0   0   0   0   0   7   2   0   0   5  1.10 0.37
  251 E   -1  1  0  0 -2  2  3 -2  2 -1 -1  1 -1 -3 -2  1  0 -4 -2 -1    4   8   4   3   1   7  28   1   5   5   5   8   1   0   0  10   7   0   0   3  0.24 0.13
  252 S    0 -3 -1  0  2 -3 -3  1 -3 -5 -5 -3 -4 -5 -3  6 -1 -5 -4 -4    4   0   1   4   4   0   0  12   0   0   0   0   0   0   0  75   0   0   0   0  1.14 0.39
  253 I    3 -2 -2 -3 -1 -1 -2 -2  7 -2 -2 -1 -2 -1 -3 -1 -1  4  0  0   29   0   1   1   1   2   1   1  33   2   3   3   1   2   0   4   3   7   1   8  0.62 0.23
  254 E   -2  0 -1 -1 -4  2  2 -3  6 -2 -3  0  0 -1  3  0 -2 -3  1 -2    1   3   1   1   0   9  13   0  27   3   1   7   4   2  14   6   0   0   6   3  0.51 0.21
  255 N   -3  5  5  0 -5 -1 -2  0  2 -5 -5 -1 -2 -3 -4 -2 -3 -1  2 -5    0  33  38   5   0   0   0   8   4   0   0   1   1   0   0   0   0   1  10   0  0.88 0.31
  256 G    0  2 -1 -2  1 -2 -2  5 -2 -3 -3 -1 -2 -3 -2  0 -1 -2 -3 -2    8  12   1   1   3   1   2  52   1   1   2   1   1   1   1   4   3   0   1   3  0.60 0.16
  257 I   -3 -4 -5 -5  4 -4 -5 -5 -5  5  0 -4 -1 -2 -4 -4 -2 -4 -3  4    0   0   0   0   8   0   0   0   0  45   4   0   1   0   0   0   0   0   0  39  1.00 0.30
  258 G   -1 -3 -3 -3 -4 -3 -3  5 -3 -2 -1 -1  5  1 -4 -2 -3 -3 -3 -2    2   0   0   0   0   0   0  53   0   1   5   4  23   6   0   2   0   0   0   1  0.88 0.27
  259 V   -2 -4 -4 -5 -3 -4 -4 -5 -4  4  3 -4  1 -1 -4 -3 -1 -4 -3  4    0   0   0   0   0   0   0   0   0  30  33   0   2   1   0   0   3   0   0  28  0.73 0.23
  260 V   -1 -4 -4 -2  0 -4 -4 -5 -5  3  0 -4 -1 -3 -4 -3 -2 -4 -3  6    3   0   0   3   2   0   0   0   0  15   7   0   1   0   0   0   0   0   0  67  0.94 0.30
  261 K   -3  3 -2 -2 -6  1  5 -2 -2 -5 -5  5 -4 -5 -3 -2 -3 -5 -4 -5    0  13   0   0   0   5  37   3   0   0   0  42   0   0   0   0   0   0   0   0  1.02 0.33
  262 L   -3 -4 -5 -5  0 -4 -4 -5 -5  1  4 -2  0 -2 -4 -4 -1  2 -3  4    0   0   0   0   2   0   0   0   0   3  46   3   0   0   0   0   2   3   0  40  0.79 0.28
  263 M   -4 -4 -5 -6 -5 -3 -5 -2 -5 -2 -1 -2 10  1 -4 -4 -4  1 -4 -1    0   0   0   0   0   0   0   3   0   0   0   3  83   4   1   0   0   2   0   3  2.17 0.57
  264 G   -2 -4 -3 -3 -5 -1 -1  7 -4 -6 -6 -4 -5 -5 -4 -3 -4 -5 -5 -5    0   0   0   0   0   3   4  91   0   0   0   0   0   0   0   0   0   0   0   0  1.86 0.43
  265 R   -4  8 -3 -3 -5 -1 -3 -5  3 -5 -4 -1  1 -5 -4 -2 -3 -5 -4 -5    0  83   0   1   0   1   0   0   7   0   0   0   3   0   0   2   0   0   0   0  1.75 0.45
  266 Y   -2 -1  2  1 -3  1  1 -3  6 -4 -1  1 -3 -2 -3  0 -2 -3  3 -3    0   0  11   8   0   4   9   1  29   0   7   9   0   1   0   8   1   0  11   0  0.54 0.21
  267 S    3 -3 -2 -1 -1 -2 -2 -2 -3 -3 -3 -2 -3 -4 -3  4  1 -4  0  1   33   0   0   3   1   0   0   0   0   0   0   0   0   0   0  43   7   0   3  10  0.65 0.28
  268 G   -2 -5 -3 -4 -5 -4 -5  7 -5 -6 -6 -4 -5 -6 -5  0 -4 -5 -6 -6    0   0   0   0   0   0   0  93   0   0   0   0   0   0   0   7   0   0   0   0  2.03 0.47
  269 F   -5 -4 -1 -6 -5 -3 -5 -5  1 -3 -1 -5 -3  7 -6 -4 -5  9  1 -4    0   1   3   0   0   1   0   0   4   0   3   0   0  52   0   1   0  32   2   0  1.94 0.46
  270 I   -3 -5 -5 -5 -3 -4 -5 -5 -5  7  2 -4  1 -1 -4 -4 -3 -2 -3  2    0   0   0   0   0   0   0   0   0  71  13   0   3   1   0   0   0   1   0   8  1.17 0.34
  271 A    6 -4 -4 -4  3 -3 -3 -2 -4 -2 -3 -3 -3 -4 -2 -1  1 -5 -4 -2   81   0   0   0   6   0   0   0   0   1   1   0   0   0   1   1   7   0   0   1  1.19 0.40
  272 M    2 -1 -4 -4  2 -3 -3 -4 -3 -1  4 -3  4 -2 -4 -1 -1 -4 -2  0   20   4   0   0   4   0   0   0   0   0  43   0  15   0   0   5   3   0   0   5  0.48 0.23
  273 Y   -2 -2  2 -2 -4  1  1 -2  7 -3 -2 -2 -2  1 -4 -2 -2 -1  5 -3    3   1  10   0   0   7   9   2  32   1   4   0   1   5   0   2   1   0  21   1  0.75 0.28
  274 A    5 -3 -3 -4 -2 -3 -3 -1 -4 -3 -4 -3 -3 -4 -3  3  1 -5 -4 -1   68   0   0   0   1   0   0   2   0   0   0   0   0   0   0  19   6   0   0   4  0.96 0.36
  275 T    2 -3 -2 -3  0 -3 -3  4 -3 -3 -3 -2 -3 -4 -3  2  3 -4 -4 -1   23   0   0   0   1   0   0  34   0   0   0   0   0   0   0  13  22   0   0   5  0.60 0.23
  276 L   -3 -3 -1 -4 -1 -3 -1 -2 -4  2  4 -3  4 -1 -4 -3 -2 -3 -3  1    0   0   4   0   1   0   4   3   0  13  49   0  16   0   0   0   1   0   0   6  0.58 0.23
  277 A    6 -3 -3 -4 -3 -3 -3 -1 -4 -2 -3 -3 -2 -4 -3  1 -2 -4 -4 -2   82   0   0   0   0   0   0   3   0   2   1   0   1   0   0   6   0   0   0   2  1.15 0.38
  278 S    1 -1  0 -1  0  0 -1  0 -2 -2 -1 -1  0 -1 -2  4  1 -2 -2 -2   12   2   4   2   2   4   1   6   0   1   5   3   2   3   1  42   7   0   1   2  0.29 0.14
  279 R   -1  3  0 -2 -3  0 -2  5  1 -4 -4  0 -3 -4 -1  0 -2 -3 -3 -3    4  19   3   1   1   5   1  47   3   1   1   4   0   0   2   6   1   0   0   1  0.62 0.20
  280 D   -1 -3  0  4  2  0  1  4 -1 -3 -3 -2 -3 -4 -3 -1 -2 -4 -4 -2    4   0   4  27   4   5   9  35   2   1   2   0   0   0   0   3   1   0   0   3  0.55 0.21
  281 V    4 -3 -4 -4 -2 -3 -3 -3  0  0 -2 -3 -2 -3 -3 -1 -1 -4 -3  4   49   0   0   0   0   0   0   0   2   2   1   0   0   0   0   1   2   0   0  40  0.78 0.31
  282 D   -4 -3  5  6 -5 -2  0 -2  5 -5 -5 -3 -4 -5 -4 -2 -3 -5 -3 -5    0   0  27  49   0   0   2   2  15   0   0   0   0   0   0   1   1   0   0   0  1.26 0.37
  283 C    0 -4 -4 -3  4 -2 -3 -3 -3  2  0 -3  0  3 -4 -2 -2 -1  1  3    9   0   0   1  10   1   1   1   0  16   7   0   2  14   0   1   0   1   5  31  0.41 0.18
  284 C   -2 -5 -5 -5  8 -4 -5 -5 -5  4 -1 -4 -2 -2 -4 -3 -1 -4 -4  3    2   0   0   0  38   0   0   0   0  30   1   0   0   1   0   0   4   0   0  21  1.23 0.35
  285 L   -3 -4 -5 -5 -2 -4 -5 -5 -5  0  6 -4  0 -1 -5 -4 -3 -4 -3 -1    0   0   0   0   1   0   0   0   0   1  90   0   1   1   0   0   0   0   0   2  1.33 0.39
  286 I   -2 -5 -5 -5 -3 -4 -5 -5 -5  6  1 -4  0  0 -5 -4 -2 -4 -3  3    1   0   0   0   0   0   0   0   0  62  11   0   1   4   0   0   0   0   0  20  1.07 0.33
  287 P   -4 -5 -5 -4 -6 -4 -4 -5 -5 -6 -6  0 -5 -6  9 -4 -4 -7 -4 -5    0   0   0   0   0   0   0   0   0   0   0   6   0   0  92   0   0   0   1   0  2.78 0.61
  288 E   -2  0 -3 -1 -6 -1  7 -5 -3 -6 -6 -2 -5 -6 -4 -3 -4 -6 -5 -5    3   4   0   0   0   0  92   0   0   0   0   0   0   0   0   0   0   0   0   0  1.91 0.55
  289 S   -1  0 -1 -2 -2  0 -1 -4  0  3  0 -1  1  2 -3  0 -1 -3  1  3    3   5   2   1   0   6   2   0   2  21   4   2   3  12   0   7   1   0   4  24  0.20 0.13
  290 P   -3  0  0  1 -4  1  0 -3  2 -5 -5 -1 -4 -5  7 -2 -3 -6 -4 -5    1   6   4   9   0   6   5   1   5   0   0   4   0   0  58   2   0   0   0   0  1.34 0.36
  291 F   -3 -5 -5 -5 -3 -4 -3 -4 -3  0 -2 -5 -1  8 -3 -4 -2  3  4 -1    1   0   0   0   0   0   2   1   0   4   1   0   1  65   1   0   3   4  13   4  1.41 0.39
  292 Y   -1 -1  1  5 -4 -1  1 -3 -1 -4 -3  0 -3 -2  0  1  0 -4  1 -2    4   2   5  40   0   2   8   0   1   0   2   6   0   1   3  11   7   0   7   2  0.49 0.20
  293 L   -2 -4 -5 -5 -3 -4 -4 -5 -4  4  4 -4  3 -1 -4 -4 -2 -1 -2  2    2   0   0   0   0   0   0   0   0  23  51   1   6   1   0   0   1   1   1  10  0.82 0.30
  294 E   -2  0  0  4 -4  0  4 -3  3 -4 -4 -1 -3 -2 -1 -1 -2 -3  2 -3    1   4   3  27   0   3  31   1   6   1   1   2   0   1   2   2   2   0  10   1  0.63 0.25
  295 G    0  0  0  1 -2 -1  0  5 -1 -2 -2  0 -2 -2 -1  0 -1 -2 -2 -2    4   5   3   7   1   3   5  44   1   2   4   4   1   1   3   4   3   0   1   3  0.42 0.13
  296 E   -1 -1  0  0 -1  0  2 -2 -1  1  0  1  0 -2  3 -1 -1 -2 -1  0    3   3   3   5   1   2  21   3   1   9   8   7   2   1  18   3   2   0   1   6  0.22 0.09
  297 G    0  0  2 -1  1  0  0  2  0 -1 -2  1 -2 -2 -2  0  0  0 -1 -1    8   6  13   3   4   2   6  19   3   6   3  11   1   1   1   4   4   1   3   2  0.12 0.07
  298 G    0 -2 -1  0 -3  1  1  5 -2 -4 -4  1 -3 -4 -3 -1 -3 -4 -4 -2    6   1   2   5   0   7  11  48   1   1   1  10   0   0   0   2   0   0   0   4  0.66 0.26
  299 L   -3 -4 -5 -5  0 -4 -4 -5 -2  2  3 -3  0  2 -4 -4 -1 -2 -2  4    1   0   0   0   2   0   0   0   1  12  31   1   1  10   0   0   2   1   0  37  0.68 0.28
  300 F   -1 -3 -4 -5  5 -4 -4 -5 -4  1  4 -4  1  2 -4 -3 -2 -2  0  1    5   1   1   0  15   0   0   0   0   8  43   0   3  11   0   1   2   0   2   8  0.63 0.26
  301 E    1  2 -1  1 -4  1  4 -3  0 -4 -4  2 -3 -4  0 -1 -1 -4 -3 -3   17  13   2   7   0   5  31   1   2   0   0  10   0   0   4   3   3   0   0   1  0.45 0.22
  302 Y    1 -1 -2 -2 -3 -1 -2 -3  6 -2 -1  0  0  2 -3 -1 -2  5  4 -1   12   3   1   2   0   1   1   1  20   2   4   6   3   8   0   5   1   7  19   3  0.50 0.23
  303 I   -3 -3 -4 -5  2 -4 -4 -4 -4  4  3 -4  2 -2 -4 -4 -2 -4 -3  3    1   1   1   0   4   0   0   1   0  27  33   1   4   0   0   0   1   0   0  26  0.71 0.27
  304 E   -1  2  0  0 -2  1  4 -2 -1 -4 -4  3 -2 -4 -3 -1 -1 -2  1 -3    4  11   3   2   1   5  37   2   1   0   1  17   1   0   0   3   4   0   7   1  0.53 0.26
  305 K   -1  4  0 -1 -5  2  2 -3  2 -4 -4  3 -3 -4 -3  1 -2 -4 -1 -4    4  26   3   2   0  10  13   1   6   1   0  19   0   0   0  10   1   0   2   0  0.55 0.25
  306 R   -2  7 -3 -4 -1  0 -2 -3  0 -3  0  0 -3 -4 -5 -3 -3 -5 -3  0    3  64   0   0   1   4   1   2   2   1   9   3   0   0   0   0   1   0   1   8  1.11 0.42
  307 L   -1 -1 -2 -3 -3 -2 -2 -4  0  3  3 -1  1  3 -4 -2 -1 -3  0  1    4   4   1   1   0   2   2   1   3  18  32   3   3  14   0   2   2   0   2   6  0.29 0.16
  308 K    1  2  0  1 -3  2  2 -3  0 -3 -2  3 -1 -4 -3 -1 -2 -4 -3 -3   13  11   3   9   0  11  15   0   2   1   4  25   2   0   0   1   1   0   0   1  0.39 0.21
  309 E    0  3 -1  0 -4  1  2  2  1 -2 -2  2 -1 -4 -3  0  0 -4 -3 -3    7  17   1   3   0   5  13  17   3   2   2  11   2   0   0   7   8   0   0   0  0.27 0.15
  310 S   -2  3  2 -1 -5  1 -1  2 -1 -5 -5  5 -3 -5 -4 -1 -2 -3 -4 -5    2  18   8   2   0   6   2  18   1   0   0  38   0   0   0   4   0   0   0   0  0.69 0.30
  311 G   -2  3  0 -3 -5  0 -3  4  0 -5 -5  3 -3 -3 -1  0 -3 -5  0 -5    1  14   3   0   0   4   0  39   3   0   0  21   0   1   3   6   0   0   4   0  0.73 0.34
  312 H    0 -1 -2 -4 -4 -3 -4 -5  8 -4 -4 -2 -4  5 -5  0 -1 -2  4 -5    8   2   2   0   0   0   0   0  39   0   0   2   0  22   0   8   3   0  11   0  1.28 0.48
  313 M    4 -4 -3 -4  4 -3 -2 -1 -3 -1 -2 -3  2  0  2  2  0 -5 -4 -2   34   0   0   0   9   0   1   4   0   3   3   0   7   4  10  16   5   0   0   2  0.49 0.29
  314 V   -4 -6 -6 -6 -4 -6 -4 -7 -6  6  0 -6  1 -4 -6 -5 -3 -6 -4  6    0   0   0   0   0   0   1   0   0  40   7   0   3   0   0   0   0   0   0  49  1.44 0.50
  315 L   -4 -6 -6 -6  0 -6 -6 -6 -6  6  1 -6 -1 -3 -6 -5 -4 -6 -4  5    0   0   0   0   2   0   0   0   0  47  11   0   0   0   0   0   0   0   0  39  1.42 0.49
  316 V    0 -6 -6 -7  5 -6 -6 -6 -6  1 -2 -6 -2 -4 -6 -4 -3 -6 -5  7    8   0   0   0  11   0   0   0   0   7   2   0   0   0   0   0   0   0   0  71  1.54 0.55
  317 I   -1 -6 -6 -7 -1 -6 -6 -6 -7  3 -1 -6 -1 -4 -6 -5 -3 -6 -5  7    5   0   0   0   1   0   0   0   0  12   2   0   1   0   0   0   1   0   0  78  1.66 0.58
  318 A    7 -5 -5 -5 -4 -4 -2 -3 -5 -5 -5 -4 -5 -6 -5  1 -3 -6 -6 -4   88   0   0   0   0   0   2   1   0   0   0   0   0   0   0   9   0   0   0   0  1.85 0.67
  319 E   -4 -4 -4 -1 -8 -2  8 -6 -4 -8 -7 -3 -6 -8 -5 -4 -3 -7 -6 -7    1   0   0   3   0   0  96   0   0   0   0   0   0   0   0   0   1   0   0   0  2.49 0.81
  320 G   -3 -6 -4 -4 -7 -6 -6  8 -6 -8 -8 -6 -7 -3 -6 -4 -6 -6 -7 -7    1   0   0   1   0   0   0  97   0   0   0   0   0   1   0   0   0   0   0   0  2.54 0.74
  321 A    7 -5 -5 -5 -1 -4 -4 -3 -5 -2 -5 -4 -4  2 -4 -1 -2 -6 -4 -1   82   0   0   0   1   0   0   0   0   2   0   0   0   8   0   2   1   0   0   3  1.56 0.59
  322 G    0 -1 -2 -3 -3 -1 -2  5  1  0 -2  2  0 -2 -3 -2 -1 -4 -3  0    5   3   1   0   1   2   2  44   5   6   3  13   3   1   1   1   3   0   0   7  0.53 0.26
  323 Q   -2 -2 -2 -1 -5  6  0 -4 -1 -3 -2 -2 -3 -3  5  0 -2 -5 -2 -2    3   1   1   3   0  39   5   0   2   1   5   0   0   1  25   8   2   0   1   2  0.91 0.42
  324 D    0  0  0  3 -4 -1  3 -2  1 -2 -3  2 -2 -4  0  0  0 -4 -3 -2    8   4   4  19   0   1  21   1   3   2   2  14   0   0   4   8   5   0   0   2  0.34 0.19
  325 L   -2 -3 -2  1 -3 -1  1  1 -1  0  3 -2  1  1 -1 -2 -2  0  0 -1    1   0   1  10   0   2  13  11   1   4  32   2   3   8   4   1   1   1   4   3  0.21 0.17
  326 M   -1 -1 -3 -1 -1 -2 -1  3 -2  1  2 -2  3  1 -4 -2 -2 -3 -2  0    2   5   1   4   1   1   3  25   1   7  21   1  10   7   0   2   1   0   0   8  0.27 0.18
  327 S    1  0 -1  3 -3  1  1  1 -1 -3 -3  0 -3 -4  1  1  1 -4 -3 -2   11   4   2  19   0   7  11  11   1   2   1   4   0   0   7  10  10   0   0   2  0.27 0.15
  328 K    0  1  0  0  0  0  2  0 -1 -1 -1  1  2 -2  0  0 -1 -2  0  0    8   7   4   5   2   3  15   7   1   2   5  11  11   1   3   4   3   0   3   6  0.09 0.09
  329 S    0 -1  0  1  0  0  1 -1  0  0 -1  0  0  0 -1  1  1 -2 -1  0    9   2   3   7   2   5   8   3   3   4   4   7   4   4   2  13  11   0   1   8  0.06 0.06
  330 M   -1 -1 -1 -1 -1 -1 -1  0  0  1  1 -1  2  0  0 -1  0 -1  0  2    4   2   2   3   1   2   4   7   3  10  16   2   7   4   4   3   4   1   4  16  0.06 0.06
  331 E    0  0  1  1 -3  1  3  0  0 -2 -2  1 -2 -3  0  1  0 -3 -2 -1    7   5   5   6   0   6  21   8   3   2   3   8   1   1   4   8   4   0   1   5  0.17 0.10
  332 S    1  0  0  2 -3  1  1 -1  1 -2 -2  2 -2 -2 -1  1  0 -2 -1 -2   11   3   4  11   0   8  11   3   3   1   4  18   1   1   2   9   5   1   2   2  0.18 0.10
  333 M    0  1  0 -1 -2  0  1  1 -1 -1 -1  2  0 -2  0  0  1 -2 -1  0    6   7   3   2   0   3   8  10   1   3   7  16   3   1   3   7  10   0   2   6  0.09 0.06
  334 T    0  0  2  0 -2 -1  0  3 -1 -2 -2 -1 -1 -2 -2  0  1 -3 -1  0    6   4   9   6   1   2   7  30   1   2   3   2   1   1   1   6   8   0   2   7  0.22 0.12
  335 L    0  0 -1  0 -2  0  2  0 -1  0  0  0  0 -1  0  0 -1 -2 -1  0    9   5   2   4   0   4  15   9   1   4  11   8   3   2   3   5   3   0   2   9  0.05 0.04
  336 K   -1  2 -1 -2 -2  0  0 -2  0 -1 -1  2 -2 -2 -1 -1  3 -3 -2  0    3  13   1   2   1   4   6   2   2   4   6  18   1   1   2   3  23   0   1   6  0.23 0.14
  337 D   -3 -2 -1  8 -6 -2  0 -1 -4 -5 -6 -1 -4 -6 -3 -3 -2 -6 -6 -6    1   2   1  75   0   1   4   4   0   0   0   4   0   0   1   1   3   0   0   0  1.72 0.55
  338 A    4 -1 -2 -2 -2  0  1 -1 -3 -2 -2  0 -2 -4  0  1 -1 -4 -2 -2   47   3   1   2   0   4  12   4   0   1   3   6   1   0   3   9   2   0   1   1  0.49 0.28
  339 S   -1 -2 -2 -2 -2 -2 -3 -1 -1 -4 -3 -2 -2  4  0  5 -1 -4  1 -3    2   2   1   1   1   1   1   3   1   0   2   2   1  20   4  50   2   0   4   1  0.78 0.40
  340 G   -1 -4 -1  1 -5 -3 -2  7 -4 -6 -6 -2 -5 -6 -4 -3 -4 -5 -4 -5    5   1   3   7   0   1   3  74   0   0   0   2   0   0   0   1   1   0   1   1  1.54 0.52
  341 N   -3  1  7 -1 -5 -2 -2 -3  6 -4 -5 -1 -4 -5  1 -2 -2 -6 -3 -4    1   8  49   2   0   1   2   1  20   1   1   3   0   0   6   2   1   0   0   1  1.27 0.49
  342 K    0  0 -2 -2 -3 -1  1 -4 -2  2 -1  2  0 -3  3 -1 -1 -4 -3  2    6   5   1   1   0   2   9   0   1  14   4  17   2   0  15   3   3   0   0  16  0.30 0.20
  343 L   -3  5 -3 -4 -4 -1 -3 -4 -1  1  0  4  0 -4 -3 -3 -2 -5 -3  1    1  33   0   0   0   2   0   1   1   8  11  23   3   0   1   1   2   0   0  12  0.64 0.33
  344 L   -3 -4 -4 -5 -4 -3 -4 -6  0 -2  5 -2 -1  4 -3 -2 -3 -3  3 -2    2   0   0   0   0   1   1   0   3   0  58   3   1  17   1   3   1   0   8   1  0.94 0.40
  345 K    0 -2 -1 -2 -3  1  0  5 -1 -1 -1 -1 -2 -4  1  0  0  0 -4 -3    5   1   2   1   0   8   5  41   1   3   6   4   0   0   8   6   5   1   0   1  0.47 0.25
  346 D   -2 -4  1  6 -6 -3 -2  4 -4 -6 -6 -4 -4 -6 -4  0 -4 -6 -6 -6    2   0   5  47   0   0   1  36   0   0   0   0   0   0   1   6   0   0   0   0  1.37 0.51
  347 V   -3 -6 -6 -6 -4 -5 -6 -6 -6  7 -2 -4 -1  0 -6 -4 -3 -6 -4  4    2   0   0   0   0   0   0   0   0  57   1   1   1   4   0   1   1   0   0  32  1.49 0.53
  348 G    2 -6 -4 -4  1 -5 -5  7 -5 -5 -6 -5 -6 -6 -5 -1 -4 -6 -3 -5   16   0   0   1   2   0   0  73   0   1   0   0   0   0   0   5   0   0   1   1  1.68 0.58
  349 L   -1 -1  1 -1 -3  1  2 -2  1 -1  1  0 -1 -2  1 -1  0 -3  1  1    5   3   7   3   0   8  15   2   3   3  14   4   1   1   6   2   5   0   7  12  0.10 0.12
  350 W   -2  0 -4 -4 -5  1 -1 -4  2  0  0 -1 -2  4 -5 -3 -3  7  4  0    3   5   0   0   0   6   5   1   4   4   7   4   1  18   0   1   1  17  16   7  0.71 0.32
  351 L   -4 -6 -7 -7 -4 -5 -6 -7 -6  3  5 -6  2 -1 -6 -6 -4 -5 -4  2    0   0   0   0   0   0   0   0   0  16  66   0   4   2   0   0   0   0   0  12  1.33 0.49
  352 S    4  2 -3 -3  0  2 -2  0 -3 -4 -5  3 -2 -5 -4  1 -1 -5 -3 -3   35   9   0   1   2   9   1   6   0   0   0  23   1   0   0   9   3   0   1   0  0.60 0.34
  353 Q   -1  1  1  3 -4  3  2 -2  1 -3 -4  1 -3 -4  0  0 -1 -4 -2 -2    6   9   5  19   0  16  12   2   4   1   1  10   0   0   5   4   2   0   1   3  0.38 0.22
  354 S   -1  2 -3 -1 -6  2  5 -4 -2 -3 -2  3 -1 -5 -4 -1 -2 -5 -1 -4    5   9   0   3   0  10  43   0   1   2   4  15   1   0   0   4   2   0   2   1  0.75 0.37
  355 I   -2 -6 -7 -7 -5 -6 -6 -7 -7  7  2 -6  0 -2 -6 -5 -2 -6 -5  1    3   0   0   0   0   0   0   0   0  66  21   0   2   1   0   0   2   0   0   6  1.53 0.54
  356 K   -1  0  0 -2 -5  1  4 -2 -2 -1 -3  4 -3 -5 -3 -1  1 -5 -4 -2    4   4   4   1   0   6  33   3   1   4   2  24   0   0   0   3   7   0   0   3  0.56 0.31
  357 D    1  1  0  3 -5  1  3 -2 -1 -4 -5  3 -3 -5 -2 -1 -2 -5 -2 -4   11   8   3  14   0   5  24   2   1   0   0  23   1   0   1   4   2   0   2   0  0.53 0.28
  358 H   -2  4 -2 -2 -1 -2 -1 -4  6 -3 -1 -1 -2  2 -5 -3 -3  3  5 -3    3  26   1   2   1   1   3   0  19   1   5   3   1   8   0   1   1   4  20   1  0.82 0.37
  359 F   -3 -5 -5 -5  2 -5 -5 -5 -3  0  1 -4  1  6 -5 -3  4  2 -1 -2    2   0   0   0   5   0   0   1   0   6  14   1   3  35   0   0  29   2   1   1  0.95 0.42
  360 N    0  1  0  1 -5 -1 -1  4 -2 -4 -5  4 -4 -5 -3  0 -2 -5 -4 -4    6   6   3   8   0   1   4  34   1   1   1  27   0   0   1   6   2   0   0   1  0.65 0.31
  361 Q    0  1  0  0 -3  1  1 -2  0  1 -1  3  0  0 -3  0 -1 -4 -1 -2   10   7   3   5   0   6   8   2   2  11   4  23   3   4   0   6   2   0   2   1  0.17 0.15
  362 K   -2  1  0  2 -5  1  5 -4  0  0 -4  2 -3 -5 -3 -2 -2 -5 -4 -3    3   6   4   9   0   4  44   0   2   6   1  13   0   0   1   1   2   0   0   1  0.74 0.36
  363 K    1 -1  2 -1 -1 -2 -2  3  0 -2 -3  1 -1 -3 -2  0  3 -4 -2  0    9   2  10   2   1   1   1  21   2   2   1  10   1   0   1   6  19   0   1   9  0.26 0.18
  364 M   -2  5 -2 -3 -3  0 -1 -4 -2  2  0  0  3 -2 -3 -2 -1 -4 -2  0    2  40   2   1   0   4   4   1   0  11   7   3   9   2   1   1   4   0   1   6  0.56 0.29
  365 V    1 -2 -1  0 -1 -1  2 -1  2 -2 -2 -2 -2 -4  4  0  1 -4 -3  1   11   1   3   3   1   1  17   3   5   1   3   1   1   0  19   7   9   0   0  13  0.31 0.20
  366 M    1 -4 -3 -4  0 -3 -4 -3 -1  3 -1 -4  1 -1 -3 -1  4 -2 -2  3   12   0   0   0   2   0   0   1   2  17   4   0   3   3   1   3  29   1   1  20  0.49 0.28
  367 N   -2 -4  3  2 -4 -3 -1 -4 -4  1 -3 -3 -2 -4 -4 -1  3 -5 -3  4    1   0  15  11   0   0   4   0   0   8   1   0   0   0   0   4  24   0   0  30  0.60 0.33
  368 L   -3 -5 -6 -6 -3 -5 -6 -6 -6  3  5 -5  1 -3 -6 -5 -3 -5 -4  3    1   0   0   0   0   0   0   0   0  13  58   0   3   0   0   0   0   0   0  24  1.19 0.45
  369 K   -4  2 -4 -4 -6 -3 -3  5 -4 -6 -5  6 -5 -5 -5 -4 -4 -6 -5 -6    0  11   0   0   0   0   0  38   0   0   1  49   0   0   0   0   0   0   0   0  1.42 0.55
  370 Y   -5 -5 -5 -6 -6 -4 -5 -6  8 -3 -3 -5 -5  2 -6 -5 -5 -3  8 -1    0   0   0   0   0   0   0   0  34   2   3   0   0   5   0   0   0   0  51   4  2.16 0.70
  371 I   -4 -5 -5 -6 -4 -5 -5 -6 -2  7  1 -5 -2 -1 -5 -3  1 -5 -4  2    0   0   0   0   0   0   0   0   1  60  12   0   0   2   0   2   8   0   0  13  1.23 0.46
  372 D   -5 -4 -2  6 -6  6 -1 -5 -4 -5 -6 -3 -5 -6 -5 -3 -2 -6 -6 -1    0   0   1  52   0  36   1   0   0   0   0   0   0   0   0   0   2   0   0   6  1.65 0.62
  373 P   -2 -2 -2 -2 -2 -2 -2 -2 -2 -2 -2 -2 -2 -3  7 -2 -2 -3 -2 -2    3   2   2   2   1   2   2   3   1   2   4   2   1   1  62   3   2   1   1   3  1.42 0.32
  374 T   -1 -2 -1 -1 -2 -1 -1  1 -2 -2 -1 -1 -1  0 -1  3  3 -2 -2 -2    3   2   2   2   1   2   4  10   1   2   5   2   1   4   2  29  24   0   1   2  0.32 0.15
  375 Y   -2 -2 -2 -2 -2  0 -2 -2  3 -2 -2 -2 -2  0 -2 -2 -2  2  8 -2    3   2   2   2   1   4   2   3   8   2   3   2   1   2   2   3   3   2  51   2  1.08 0.28
  376 M   -1 -2 -2 -2 -2 -1 -2 -2 -1  2  0 -2  7 -1 -2 -1  1 -2  0  0    4   2   2   2   1   3   3   3   1  13   7   2  35   2   2   3   9   0   3   3  0.55 0.20
  377 I   -1 -2 -2 -2 -2  1 -2 -2 -2  5  0 -2 -1 -1 -2 -2 -1 -2 -2  2    4   2   2   2   1   9   2   3   1  44   5   2   1   1   2   3   3   1   1  11  0.46 0.17
  378 R   -6  9 -5 -6 -7 -3 -4 -6 -4 -7 -6 -2 -5 -7 -6 -5 -5 -7 -6 -7    0  98   0   0   0   0   0   0   0   0   0   0   0   0   0   0   0   0   0   0  2.87 0.87
  379 A    3 -4 -3 -4 -3 -4 -4  5 -5 -5 -5 -4 -5 -6 -4  3 -1 -5 -5 -5   24   0   0   0   1   0   0  46   0   0   0   0   0   0   0  25   3   0   0   0  1.14 0.47
  380 V   -1 -4 -4 -5  4 -3 -5  5 -4  1 -3 -4  0 -4 -5 -2 -3 -5 -5  3    4   1   0   0  10   1   0  46   0   7   1   0   2   0   0   2   1   0   0  25  0.94 0.39
  381 P    0  1 -2 -3 -4 -2 -1 -4 -3 -2 -4 -2 -4 -5  6  2  3 -5 -5 -1    6   9   1   1   0   1   3   1   0   2   0   2   0   0  37  16  17   0   0   5  0.85 0.38
  382 S    4 -5 -5 -5  0 -4 -4 -3 -5 -5 -5 -4 -5 -6  6  1  0 -6 -5 -4   38   0   0   0   2   0   0   1   0   0   0   0   0   0  45   8   4   0   0   0  1.48 0.55
  383 N   -3 -4  6 -1  2 -3 -3 -4 -3 -2 -3 -3 -4 -5 -5  2  4 -6 -5 -3    1   0  42   2   5   0   0   0   0   2   2   1   0   0   0  13  29   0   0   1  1.12 0.49
  384 A    5 -5 -4 -5 -1 -4 -4 -2 -5 -4 -5 -4 -4 -5  4  1  0 -6 -5 -3   59   0   0   0   1   0   0   2   0   1   0   0   0   0  21   8   6   0   0   1  1.20 0.51
  385 S    0 -3  1 -2 -4 -2 -2 -2  2 -3 -2 -3 -3  4 -4  2  0  0  5 -3    7   1   7   1   0   1   2   3   6   1   2   0   0  18   0  20   4   1  24   1  0.59 0.32
  386 D   -6 -6 -3  9 -7 -4 -3 -5 -5 -7 -7 -5 -7 -7 -6 -4 -5 -8 -7 -7    0   0   0  98   0   0   0   0   0   0   0   0   0   0   0   0   0   0   0   0  2.89 0.86
  387 N    1  6  3 -4 -3 -1 -3 -2 -2 -5 -5 -1 -4 -6 -5  2 -1 -6 -5 -5   10  53  12   0   1   1   0   3   1   0   0   2   0   0   0  14   3   0   0   0  1.10 0.47
  388 V   -2 -5 -2 -5 -1 -4 -5 -6 -2  5  1 -2 -1 -3 -5 -4 -2  1 -3  5    2   0   2   0   1   1   0   0   1  29   9   3   1   0   0   1   1   2   0  46  0.94 0.39
  389 Y   -5 -5 -6 -6 -4 -3 -5 -6 -1 -2  5 -5  2  3 -6 -5 -4 -3  6 -2    0   0   0   0   0   1   0   0   1   1  51   0   4  12   0   0   0   0  27   1  1.27 0.48
  390 C    4 -6 -5 -6 10 -5 -5  0 -6 -5 -5 -5 -5 -6 -5  1 -3 -6 -6 -4   31   0   0   0  52   0   0   6   0   0   0   0   0   0   0   9   1   0   0   0  1.99 0.64
  391 T   -1 -4 -1 -2 -4 -3 -2  0 -3 -2 -2 -2  0 -4 -4  2  6 -4 -4 -3    3   0   2   1   0   0   2   6   1   2   4   2   3   0   0  14  58   0   0   1  0.97 0.46
  392 L   -3  6 -3 -4 -1  1 -3 -4 -2  0  1 -1 -1  1 -5 -3 -2 -5 -3  1    1  48   1   0   1   7   1   1   1   6  13   1   1   7   0   1   3   0   0   9  0.80 0.38
  393 L   -4 -5 -6 -6 -2 -5 -6 -6 -5 -1  5 -5  2  4 -6 -5 -4 -3  3 -1    0   0   0   0   1   0   0   0   0   1  61   0   4  20   0   0   0   0   9   3  1.25 0.47
  394 A    4 -6 -4 -5 -5 -5 -5  6 -6 -6 -7 -5 -6 -7 -5 -2 -5 -6 -6 -6   31   0   0   0   0   0   0  67   0   0   0   0   0   0   0   1   0   0   0   0  1.79 0.62
  395 Q    0 -1  0 -3 -4  4 -2 -2  4 -2 -1 -2  2 -3 -4  0  0  2 -1  1    9   3   4   0   0  27   1   2  12   2   6   1   6   0   0   6   4   3   2  13  0.42 0.29
  396 S    2 -1  5 -2 -4 -1 -1 -1  5 -5 -3  0 -4 -4 -4  2 -2 -5  0 -4   22   2  27   1   0   2   2   4  17   0   2   4   0   0   0  13   1   0   4   0  0.66 0.35
  397 A    7 -6 -6 -6 -3 -5 -5 -3 -6 -4 -5 -5 -5 -6 -5 -3 -3 -7 -6 -2   95   0   0   0   0   0   0   1   0   0   0   0   0   0   0   0   1   0   0   3  2.12 0.76
  398 V    2 -5 -6 -6 -2 -5 -5 -4 -5  2 -2 -5 -1 -4 -5 -3  0 -6 -5  6   17   0   0   0   1   0   0   1   0  10   1   0   1   0   0   1   4   0   0  62  1.20 0.49
  399 H   -5 -1  0  3 -7  0  2 -5  9 -6 -6 -1 -5 -6 -5 -4 -4 -3 -3 -6    0   3   4  16   0   3  13   0  54   0   0   3   0   0   0   0   1   0   0   0  1.78 0.62
  400 G    4 -5 -4 -5 -3 -3 -3  4 -5 -3  2 -4  1 -3 -4 -2 -3 -5 -5 -2   40   0   0   0   0   1   1  30   0   1  19   0   4   0   0   2   0   0   0   1  0.81 0.40
  401 A    5 -5 -5 -5  3 -4 -4  0 -5  3 -2 -4 -2 -4 -4 -2 -3 -4 -4  3   49   0   0   0   6   0   0   5   0  15   3   0   1   0   0   2   0   0   0  19  0.85 0.41
  402 M    0 -2 -2 -4 -5 -2 -2 -5  4 -1  0 -3  8  3 -6 -3 -3 -4 -2 -3    9   2   2   0   0   1   2   0  12   2   7   2  44  13   0   1   1   0   1   1  1.15 0.50
  403 A    5  1  0  1 -2  0  1 -3 -2 -5 -5 -1 -4 -5 -4  0 -2 -6 -4 -4   54   6   5   8   1   4  10   0   1   0   0   3   0   0   0   6   1   0   0   0  0.76 0.40
  404 G   -4 -3 -3 -4 -6 -3 -1  7 -3 -8 -7  0 -6 -7 -6 -3 -5 -6 -7 -7    0   2   1   0   0   1   4  85   1   0   0   5   0   0   0   1   0   0   0   0  2.01 0.66
  405 Y   -1  2 -1  2 -4  0  1 -3 -1 -3 -2  3 -2  3 -4 -2 -3 -3  4 -4    4  10   2  10   0   5  11   2   1   0   3  17   1  15   0   1   1   0  17   0  0.45 0.27
  406 T   -4 -5 -4 -5 -3 -4 -4 -5 -3 -4 -4 -5 -1  5 -5  1  5  4  3 -4    0   0   0   0   0   0   0   0   0   0   0   0   2  24   0  11  44   6  10   0  1.22 0.53
  407 G   -2 -3  1  0 -3 -3 -2  7  0 -6 -7 -1 -6 -7 -5 -3 -5 -6 -6 -6    2   1   6   5   1   1   2  75   2   0   0   4   0   0   0   1   0   0   0   0  1.61 0.56
  408 Y   -2  1 -2 -4  2  0 -2 -4  0  1  0  1  4  4 -4 -2 -1 -3  1  0    2   8   2   0   4   4   1   0   3   9   7   8  11  24   0   1   4   0   5   8  0.35 0.22
  409 I    0 -5 -5 -6 -2 -4 -5 -5 -5  0  0 -5  8 -3 -5 -1  3 -5 -4  2    6   0   0   0   1   0   0   0   0   4   6   0  43   1   0   5  19   0   0  17  1.21 0.52
  410 S    0 -6 -5 -6  0 -5 -6 -6 -6  3 -2 -5 -2 -4 -3 -2  0 -6 -5  6    6   0   0   0   2   0   0   0   0  13   0   0   0   0   1   3   6   0   0  69  1.33 0.53
  411 G    4 -5 -4 -4  3 -4 -4  5 -5 -4 -5 -4 -5 -6 -4  1 -2 -6 -5 -1   34   0   0   0   6   0   0  42   0   0   0   0   0   0   0  12   2   0   0   4  1.06 0.45
  412 L   -3  1 -3 -5 -3 -1 -4 -5  2  2  4 -2  3 -1  1 -3 -2 -3 -1  0    1   7   1   0   0   2   0   0   5  10  46   2   8   2   6   1   1   0   2   5  0.53 0.29
  413 V   -3  3 -3 -3  4  1 -3 -5  2  1 -2  1 -1 -4 -5 -3 -3  5 -3  3    1  20   1   1   8   7   0   0   5   7   3   9   1   0   0   1   0   9   0  27  0.57 0.32
  414 N   -3 -1  6 -1 -6 -1 -3  4  4 -5 -6 -3 -3 -5 -4  0 -3 -6 -2 -6    1   3  40   2   0   2   1  32   9   0   0   1   1   0   0   5   1   0   2   0  1.12 0.46
  415 G   -2  0  4  1 -4  0  0  2  0 -4 -5 -2 -2 -5 -2  1  3 -5 -4 -4    1   4  20   9   0   5   5  19   2   0   0   0   1   0   2   9  23   0   0   0  0.56 0.31
  416 R   -2  4  1  2 -5  0  2 -4  5 -5 -4  2 -2 -5 -4 -1 -2 -5 -3 -3    3  23   7  14   0   3  15   0  13   0   0  14   1   0   0   3   1   0   0   2  0.65 0.32
  417 Q   -3 -5 -3 -5 -3 -2 -4 -6  2  5 -1 -5  1  3 -4 -4  1 -3  5  1    1   0   1   0   0   2   0   0   5  34   4   0   3  14   1   0   8   0  20   8  0.82 0.37
  418 T    1 -2 -3 -3  3 -3 -1 -2 -4  0 -2 -1 -2 -4 -4 -1  1 -5 -4  5   13   2   1   1   7   1   5   3   0   4   1   4   0   0   0   4  10   0   0  46  0.57 0.33
  419 Y   -2  2 -2 -3 -4 -2 -3 -4  5 -3  0 -1  2  0 -2  1 -2 -2  6 -3    3  11   1   1   0   1   1   0  16   0  10   3   5   3   2  11   2   0  28   0  0.67 0.35
  420 I   -3 -6 -6 -4 -4 -5 -5 -6 -6  5  2 -5  0 -2 -6 -5 -3 -6 -4  5    1   0   0   1   0   0   1   0   0  29  18   0   1   1   0   0   1   0   0  46  1.16 0.45
  421 P   -3 -5 -4 -1 -7 -4 -4 -4 -5 -7 -7 -3 -7 -7  8 -2 -3 -8 -7 -6    1   1   0   4   0   0   1   1   0   0   0   1   0   0  86   3   2   0   0   0  2.67 0.83
  422 F   -5 -6 -6 -7 -4 -5 -6 -7 -6  5  4 -6  3  3 -6 -5 -3 -5 -3 -1    0   0   0   0   0   0   0   0   0  34  45   0   7  11   0   0   0   0   0   1  1.24 0.47
  423 Y    2 -1 -1  1 -4  0  3 -2  0 -4 -4  1 -4 -4  2  2  0 -5  0 -3   17   2   2   9   0   2  21   2   2   1   1   7   0   0  11  16   4   0   3   0  0.38 0.24
  424 R   -1  1 -1  2 -4  0  5 -4 -2 -1  1 -1  0 -4 -3 -2 -2 -5 -2 -1    5   9   1  12   0   3  40   0   0   3  13   1   2   0   1   1   2   0   1   5  0.52 0.31
  425 I    4 -5 -5 -5 -2 -4 -5 -3 -5  3  0 -4  2 -3 -3 -2 -2 -5 -4  4   37   0   0   0   1   0   0   1   0  14   5   0   5   0   1   1   1   0   0  33  0.83 0.40
  426 T    2 -4 -1 -4 -1 -4 -3 -4 -3  3  0 -4 -2 -4 -4 -2  3 -5 -4  3   20   0   4   0   1   0   1   0   0  20   6   0   0   0   0   1  21   0   0  24  0.59 0.33
  427 E    1  1  0  0 -3  1  1  3 -1 -4 -4  0 -3 -4 -3  2  0 -4 -2 -3    9   7   3   5   0   5  12  26   1   1   1   6   0   0   0  19   5   0   1   1  0.37 0.22
  428 K    0  2  0 -2 -3  1  1  1  2 -4 -4  4 -3 -4 -3  0  1 -4 -1 -3    7  12   4   1   1   7  10  10   5   0   0  25   0   0   0   5   8   0   3   2  0.37 0.23
  429 Q   -2  3  0 -3 -3  2 -2 -4 -2  0  2  0 -1 -3  2 -2  0 -4 -4 -1    3  19   5   0   0  10   1   0   1   4  28   6   1   0  11   2   6   0   0   3  0.35 0.24
  430 N   -4  4  4 -4 -7 -2 -3 -5 -1 -6 -6  6 -5 -7 -5 -3 -4 -7 -4 -6    0  23  20   0   0   1   0   0   1   0   0  53   0   0   0   0   0   0   0   0  1.53 0.59
  431 H   -2  2 -1 -3 -2  2 -1 -3  2 -2  0  2  0 -2  0 -1  3 -4 -1  0    1  13   2   0   1   9   2   1   5   1   9  17   2   1   4   2  20   0   2   7  0.26 0.21
  432 V   -4 -6 -7 -7 -4 -6 -6 -7 -7  2  1 -6  1 -4 -6 -5 -3 -6 -5  7    0   0   0   0   0   0   0   0   0   9  11   0   2   0   0   0   0   0   0  77  1.72 0.62
  433 V   -3 -3  3  5 -5 -1 -1 -4 -4 -2 -5 -1 -4 -5  4  0 -1 -6 -4  0    1   1  13  34   0   2   1   0   0   3   0   3   0   0  24   5   3   0   0   9  0.87 0.38
  434 I    0  0 -1  0  2  1  0 -2  2  0  0  0  1 -2  1  0  0 -3 -2  0    7   7   0   7   6   7   7   0   6   7   7   7   6   0   7   7   7   0   0   7  0.09 0.12
  435 T   -1  0  1  3  1  0  1 -1  1 -1 -2  1  0 -1 -3  0  1 -4  0 -1    4   4   7  20   3   3   9   3   3   3   3   8   3   3   0   7   9   0   3   3  0.18 0.18
  436 D   -1 -1  1  3  1  0 -1  3  3 -4 -2 -3 -3 -4 -4  2 -2 -5 -4 -2    3   3   5  21   3   3   4  26   7   0   6   0   0   0   0  16   0   0   0   3  0.45 0.34
  437 R   -2  4  0  2 -5  1  1 -2  2 -2 -1 -1 -1 -3  1 -1 -1  0  2 -3    2  23   4  11   0   6   8   3   5   2   6   3   2   0   7   4   3   1   9   2  0.32 0.28
  438 M   -1  1 -2 -3 -4  0 -1 -5 -1 -1  3  0  6  0 -5 -2  0  1  2 -2    4   6   2   1   0   3   4   0   2   2  27   5  23   3   0   1   7   2   6   2  0.49 0.38
  439 W   -6 -6 -7 -6 -6 -5  1 -6 -6  0 -1 -6  1  0 -7 -6 -6 11  1  1    0   0   0   0   0   0   8   0   0   6   7   0   3   3   0   0   0  54   4  11  2.36 0.88
  440 A    3  3  0 -2 -4  3  1 -3  2 -3 -2 -1  0 -2 -4  0 -2 -1 -2 -2   25  18   5   2   0  13   9   1   6   1   3   2   3   1   0   5   1   1   1   2  0.39 0.32
  441 R    2  5 -2 -1 -5  0 -2 -2 -4 -3 -4 -1 -1 -5 -4  2  0  5 -2 -2   16  35   1   3   0   3   2   3   0   1   1   1   1   0   0  15   6   7   1   2  0.66 0.45
  442 L    2 -5 -5 -6  3 -5 -5 -2 -6  1  1 -3  2 -4 -5 -4 -1 -6 -4  5   16   0   0   0   6   0   0   4   0   5  14   2   4   0   0   0   3   0   0  45  0.82 0.47
  443 L   -4  4 -5 -3 -1 -2 -5 -6 -5  1  5 -1  1 -3 -5 -5 -3 -5 -4  0    0  20   0   2   1   1   0   0   0   7  53   3   3   0   0   0   1   0   0   7  0.91 0.48
  444 S    3 -2 -1  0  0 -1  3 -2 -3 -4 -2 -2  0 -2 -3  3  1 -5 -4 -3   28   2   2   5   2   2  19   1   0   0   3   0   3   2   0  22   8   0   0   0  0.46 0.35
  445 S    3 -3 -2 -3 -3 -1 -3 -1 -3  2 -2 -3  0  0 -3  4  0 -1 -3  1   23   0   1   0   0   3   0   3   0  13   2   0   2   3   0  34   4   1   0  10  0.44 0.33
  446 T   -2 -4  0 -4 -4 -4 -1 -5 -5  0 -5 -1 -4 -6 -5 -1  7 -6 -5 -3    2   0   5   0   0   0   3   0   0   5   0   4   0   0   0   1  80   0   0   0  1.64 0.71
  447 N    0  1  3 -2 -2 -1 -3  5  0 -5 -3 -3 -1 -5 -4 -2 -3 -5 -5 -5    6   9  18   1   1   2   1  54   2   0   2   0   2   0   0   1   0   0   0   0  0.98 0.44
  448 Q   -4 -3 -4 -4 -7  9  0 -6 -3 -6 -6 -2 -4 -7 -5 -4 -4 -6 -5 -1    0   0   0   0   0  90   4   0   0   0   0   0   0   0   0   0   0   0   0   6  2.38 0.84
  449 P   -1 -3 -4 -3 -6  1 -4  1 -5 -6 -5 -2 -5 -6  8 -2 -4 -6 -6 -5    5   1   0   1   0   6   0  10   0   0   1   2   0   0  72   2   0   0   0   0  1.92 0.59
  450 S    0 -1  2  3  0 -1 -1 -2 -1 -1 -2 -2  1 -1  0  2  1 -1  0  0    5   2  11  19   2   1   2   0   1   2   1   0   6   3   5  21   7   1   3   9  0.22 0.18
  451 F   -3  0 -3 -5  3 -3 -3 -5  0 -2  0 -3  1  7 -5 -2  0  1  2 -2    1   7   1   0   7   1   2   0   3   1   8   1   4  49   0   3   5   1   4   1  0.85 0.36
  452 L   -2 -2 -2 -4 -3 -2 -3 -4 -3  1  3 -3  5  4 -2 -2 -1 -3 -1  1    3   1   1   0   0   2   1   0   0   9  27   0  22  18   2   3   4   0   0   6  0.49 0.25
  453 G    0  1  2 -1 -1  0  0  2 -1 -2 -2  2 -2 -2  1  1 -1 -4 -2 -2    8   9  12   1   1   4   3  18   1   3   2  14   1   1   7  11   3   0   1   2  0.20 0.13
  454 P    1 -2  3  0 -3  0  1  0  0 -3 -2 -1 -3 -3  3  0  1 -4  0 -2   12   1  17   4   0   4  10   8   3   0   2   3   0   0  18   3   8   0   4   3  0.32 0.17
  455 K   -1  1 -1  1 -4  1  3  0  0 -2 -2  4 -2 -3 -1 -1  0 -4 -3 -3    5   6   2   6   0   4  19   8   2   2   3  31   1   1   2   1   6   0   0   0  0.35 0.19
  456 D   -3  0  0  5 -4 -1  2 -2  3 -2 -2  0 -3  0  0 -1 -1 -4 -3 -2    0   4   4  40   0   1  16   3   7   2   3   4   0   5   4   3   2   0   0   2  0.53 0.23
  457 V   -1 -3 -1  1  1 -2  0 -2 -3  3  1 -1  0 -1 -3  0 -1 -4 -2  3    2   0   2   9   4   0   6   2   0  19  15   3   1   1   0   7   0   0   0  30  0.24 0.16
  458 F    0  1  0  0  2 -1  1 -3  1  1 -1  0  0 -1  3 -1  0 -3 -1 -1    6   9   4   4   6   1  13   0   4  11   4   6   3   3  17   2   5   0   1   1  0.19 0.11
  459 D   -1  1 -1  2 -4  2  3 -1  1 -2 -3  2 -1 -4  1 -1 -2 -4 -3 -3    2   9   1  13   0  11  28   4   4   3   2  13   1   0   7   2   0   0   0   1  0.40 0.19
  460 N    0  2  2  2 -3  0  1  1  1 -3 -2  2 -1 -4  0  0 -2 -4 -3 -2   11  13  10  10   0   3  12   9   4   0   4  15   1   0   3   3   0   0   0   1  0.23 0.12
  461 K    0  1 -1  1 -4  2  0 -3 -2 -1 -3  4 -2  0 -3  0 -1 -4 -2 -1    9   8   1   8   0  10   3   0   0   4   0  37   0   5   0   8   3   0   0   6  0.34 0.19
  462 E   -1  3 -1  1 -4  3  3 -2  1 -3 -4  0 -3 -4 -3  1  1 -4 -1 -3    2  17   0   9   0  18  23   1   4   2   0   2   0   0   0  10  10   0   2   0  0.45 0.21
  463 K    1 -1 -1  2 -4  1  4 -1 -1 -4 -2  2 -3 -4  0  0 -2 -4 -1 -3   11   1   1  12   0   4  33   3   1   0   4  17   0   0   4   6   0   0   2   1  0.40 0.19
  464 P   -2 -1 -1  2 -4  1  2 -3  2 -3 -2  0  1 -4  5 -1 -2 -4 -3 -2    1   3   2  12   0   5  19   1   7   0   4   6   4   0  29   3   0   0   0   2  0.57 0.20
  465 M    2  1  1  0  1  1  2 -2  2 -2 -2  0 -1 -3  2  0  1 -4 -2 -2   23   8   6   3   3   7  13   0   5   1   4   2   2   0   9   4   8   0   0   1  0.20 0.12
  466 S    1 -1  0 -2 -2 -1  0 -2 -2  0 -1  2  0 -3  1  1  2 -3 -2  1   16   0   3   0   0   0   3   0   0   6   6  17   3   0   7  13  15   0   0  10  0.17 0.11
  467 A    2 -1  0  0 -3  4  0 -2 -1 -2 -2  0 -2 -3  2 -1 -1 -3  0 -2   23   0   5   5   0  29   4   1   1   2   3   6   0   0  11   2   2   0   4   2  0.35 0.18
  468 L    0 -1  0 -2 -2  1  0 -3 -1  1  2  1  3 -1 -2  0 -1 -3 -2  0    6   0   6   0   0   7   5   0   1   8  32  10  12   1   1   6   0   0   0   2  0.16 0.11
  469 L    0  0 -3 -3 -2 -1 -3 -1 -3  1  3 -2  2  1 -3 -1 -1 -2 -1  1    6   7   0   0   0   3   0   6   0   8  37   0   8   8   0   3   2   0   0  12  0.22 0.11
  470 D   -1  1  1  4 -4  0  3 -3  1 -4 -4  2 -1 -4  0  0 -1 -4 -3 -3    3   6   7  30   0   0  22   0   4   0   0  14   2   0   5   5   2   0   0   0  0.49 0.16
  471 D   -1 -2  2  4 -4 -1  1  3 -2 -4 -2  1 -3 -4 -3 -1 -2 -4 -4 -4    3   0  13  25   0   2  12  31   0   0   6   8   0   0   0   0   0   0   0   0  0.51 0.17
  472 G   -1 -2  2  3 -4  1  4  1  0 -4 -3 -1  0 -4 -2  1  0 -4 -3 -3    0   0   9  16   0   3  37  12   1   0   0   0   4   0   0  12   5   0   0   0  0.48 0.15
  473 N   -2  2  5  0 -3  0  0 -2  2 -4 -4  2 -3 -4  0  1  1 -4 -2 -3    0  13  36   2   0   3   5   0   6   0   0  12   0   0   4  10   8   0   0   0  0.48 0.16
  474 C    1 -2  0 -2  5 -1  0  0 -1  0 -1 -2 -1  0 -2  1  0 -3 -1  1   15   0   3   0  19   2   8   8   2   5   3   0   0   7   0  12   3   0   0  12  0.17 0.08
  475 N    0 -1  5  1 -3  0  1 -2  3 -3 -2  1 -2 -3 -1  1  1 -3 -2 -2    8   0  36   6   0   0   8   1   9   0   3   9   0   0   2   7   8   0   0   1  0.37 0.12
  476 G    1 -1 -1  1 -2  0  1  3 -2 -3 -3  0 -2 -3  0  2  1 -3 -3 -2   15   3   0  10   0   4   7  23   0   0   0   4   0   0   3  23   7   0   0   0  0.30 0.10
  477 V    0 -2 -1 -1 -2 -1 -1 -3 -2  1  1  0  2  0 -2 -1  3 -3 -2  1    7   0   3   4   0   0   3   0   0   9  14   8   9   5   0   0  26   0   0  11  0.13 0.08
  478 V   -1  0 -2 -2 -3 -1  0 -2 -2  0  0  4 -1  1 -2 -1  0 -3 -2  2    3   0   0   0   0   0   4   2   0   2   8  41   0   7   0   0   7   0   0  26  0.23 0.12
  479 D   -1  0  3  4 -3  0  1 -2 -1 -3 -2  1 -2 -4 -2  1  1 -4 -3 -3    0   5  16  34   0   4   6   0   0   0   4   8   0   0   0  12  12   0   0   0  0.43 0.11
  480 V    1 -2  1  1  1 -1 -1  0 -2  1 -1 -1 -1 -2 -2  1  0 -3 -2  1   10   0   8  13   5   3   0   7   0  11   0   0   0   0   0  16   6   0   0  20  0.11 0.05
  481 P   -1 -2  3  2 -3 -1  0 -1 -2 -3 -4  0 -3 -4  5  1  1 -4 -3 -3    0   0  21  16   0   0   3   3   0   0   0   5   0   0  28  14  10   0   0   0  0.59 0.10
  482 P    0 -2 -2 -2 -3 -1  1  0 -2 -2  0 -1 -1 -3  5  1 -1 -4 -3 -1    4   0   0   0   0   0  14   8   0   0  16   0   0   0  40  12   0   0   0   6  0.60 0.10
  483 V    3 -2 -3 -3 -1 -2 -2 -2 -3  1  1 -2  3 -2 -2 -1  0 -3 -2  3   36   0   0   0   0   0   0   0   0   5   6   0  16   0   0   0   6   0   0  31  0.29 0.09
  484 T    0 -1  2  0 -2  1  0 -1 -1 -2 -2  1 -1 -3 -1  2  3 -3 -2 -1    4   0  11   0   0   6   4   0   0   0   0   8   0   0   0  30  37   0   0   0  0.31 0.02
  485 K    0  1  0 -1 -3  2  1 -2  1 -3 -3  4 -1 -3 -1  1  1 -3 -2 -2    0   0   0   0   0   7   0   0   6   0   0  61   0   0   0  18   8   0   0   0  0.36 0.02
  486 E   -1  0  4  1 -3  2  3 -1  0 -3 -3  0 -2 -3  2  1  0 -3 -2 -3    0   0  34   0   0   6  41   0   0   0   0   0   0   0  11   9   0   0   0   0  0.47 0.01
  487 I   -1 -3 -3 -3 -1 -2 -3 -3 -3  3  2 -2  1  0 -3  0  0 -3 -1  2    0   0   0   0   0   0   0   0   0  45  24   0   0   0   0  13   0   0   0  18  0.24 0.01
  488 T    0 -1  3  0 -2  0 -1  1 -1 -2 -3  0 -2 -3 -1  3  2 -3 -2 -2    0   0  30   0   0   0   0   9   0   0   0   0   0   0   0  40  21   0   0   0  0.35 0.01
  489 K   -1  4  0 -1 -3  1  1 -2 -1 -3 -3  4 -1 -3 -1  0 -1 -3 -2 -3    0  26   0   0   0   0   0   0   0   0   0  74   0   0   0   0   0   0   0   0  0.51 0.00

                      K         Lambda
Standard Ungapped    0.1374     0.3182
Standard Gapped      0.0484     0.2670
PSI Ungapped         0.1576     0.3125
PSI Gapped           0.0484     0.2670
