
Last position-specific scoring matrix computed, weighted observed percentages rounded down, information per position, and relative weight of gapless real matches to pseudocounts
           A  R  N  D  C  Q  E  G  H  I  L  K  M  F  P  S  T  W  Y  V   A   R   N   D   C   Q   E   G   H   I   L   K   M   F   P   S   T   W   Y   V
    1 M   -2 -2 -3 -4 -2 -1 -3 -4 -2  1  1 -2  8 -1 -3 -2 -1 -2 -2  0    0   0   0   0   0   0   0   0   0   0   0   0 100   0   0   0   0   0   0   0  0.97 0.13
    2 A    5 -2 -2 -2 -1 -1 -1  0 -2 -2 -2 -1 -2 -3  0  1 -1 -3 -2 -1   96   0   0   0   0   0   0   0   0   0   0   0   0   0   4   0   0   0   0   0  0.64 0.09
    3 A    4 -2 -2 -2  2  0 -1 -1 -2 -1 -2 -1 -1 -3 -1  1  2 -3 -2  0   69   0   0   0   5   3   0   0   0   0   0   0   0   0   0   0  16   0   0   7  0.38 0.06
    4 H   -2 -1  2 -1 -4  3  0  1  7 -4 -3 -1 -2 -3 -3 -1 -1 -3  0 -3    0   0  12   0   0  21   0  10  54   0   0   0   0   0   0   0   3   0   0   0  0.70 0.08
    5 T    1 -2  0 -1  1 -1 -1  1 -2 -2 -2 -1 -1 -3 -2  3  4 -3 -2 -1    6   0   0   0   3   0   0  10   0   0   0   0   0   0   0  26  53   0   0   0  0.40 0.06
    6 I   -1 -3 -3 -4 -2 -3 -3 -4 -3  4  2 -3  2  0 -3 -2 -1 -3 -2  2    4   0   0   0   0   0   0   0   0  59  22   0   5   0   0   0   0   0   0   8  0.40 0.05
    7 L   -2 -3 -4 -4 -2 -3 -3 -4 -3  2  4 -3  2  1 -3 -3 -2 -2 -1  1    0   0   0   0   0   0   0   0   0   9  79   0   0   5   0   0   0   0   0   4  0.51 0.06
    8 A    2 -2 -1 -2 -1 -1 -1 -1 -2 -1 -1 -1 -1  1 -2  3  2 -2 -1 -1   27   0   0   0   0   0   0   0   0   3   3   0   0  12   0  32  23   0   0   0  0.27 0.06
    9 S    3 -2 -1  1 -1 -1 -1 -1 -2 -1 -2 -1 -1  1 -2  2  2 -2 -1  0   41   0   0   8   0   0   0   0   0   0   0   0   0  13   0  19  14   0   0   6  0.23 0.05
   10 A    2 -1 -1 -2 -1 -1 -1 -1 -1  0 -1  0 -1 -1  1  2  1 -2  1  1   23   0   0   0   0   0   0   0   0   3   0   8   0   0   6  18  13   0   7  19  0.14 0.03
   11 P    0 -2 -1 -2  4 -1 -1 -2 -2 -2 -2 -1 -2 -3  6  2  1 -3 -2 -2    5   1   0   1  12   0   1   1   0   1   1   1   0   0  40  24  11   0   0   1  0.71 0.06
   12 S    1 -1 -1 -1 -1  0 -1 -1 -2 -2 -1 -1  2 -2  3  3  1 -3 -2 -1   16   0   0   0   0   3   1   1   0   0   3   0  12   0  13  42   6   0   0   1  0.29 0.05
   13 H    0  0 -1 -1 -2  0 -1 -1  2 -1 -1  0 -1 -1  3  1  1 -2  0  0   10   3   1   1   0   3   1   1  10   1   4   9   0   3  15  14   9   0   3  13  0.15 0.02
   14 T    0  1  0 -1 -1 -1 -1 -2 -1 -1  0  0  0 -2  1  1  3 -2 -2  0    1  13   3   1   0   1   1   1   0   1  15   1   0   1   7  14  34   0   1   4  0.17 0.03
   15 T    0  2  0  1 -2  0 -1 -1  3 -1  0  0 -1 -1 -1  1  1 -2 -1 -1   11  15   3   9   0   1   1   1  14   1  14   1   0   3   1   8  16   0   0   1  0.10 0.02
   16 F   -1 -1 -1 -2  3 -2 -2 -2  2  0  1 -2  0  4 -2 -1 -1  0  2 -1    1   3   3   1  11   1   1   1   9   4  16   1   0  29   1   6   1   0   9   1  0.18 0.03
   17 S    0 -1  0  1 -2 -1  0 -1  0 -1  0  0 -1  0  3  1  1 -2 -1 -1    5   1   1  12   0   1   1   1   3   1  11   8   0   6  14  21   9   0   0   5  0.15 0.02
   18 L   -1 -2 -2 -2  3  0  0 -3  0  0  2 -2  1  3 -2 -1 -1 -1  1  0    3   0   0   0  11   8   8   1   3   3  26   1   7  19   0   1   3   0   5   1  0.15 0.03
   19 I    0 -2 -2 -2 -1  0 -2 -2 -2  2  3 -2  1  0  1 -1 -1 -2 -1  1   10   1   1   1   0   6   1   1   0  16  47   1   0   2   7   1   1   0   0   4  0.19 0.03
   20 S    1 -1  0 -1 -2  0 -1 -1 -1 -1 -1 -1  1  2  3  2  0 -2 -1 -1   15   1   3   1   0   4   1   3   0   5   1   1   8  14  18  23   1   0   0   1  0.21 0.03
   21 P    0 -2 -2 -2 -2 -1 -1 -2 -1 -1 -1 -1 -1  1  6  0  0 -2 -1 -1    4   1   1   1   0   2   1   1   2   1   3   1   0  12  48  10   5   0   0   7  0.73 0.06
   22 F    1 -2 -1 -1 -2 -1 -1 -1 -2  0  0 -1  1  1  4  2  0 -2 -1  0   11   1   1   1   0   1   1   1   0   4   6   1   7   9  21  30   3   0   0   4  0.27 0.04
   23 S    1 -1  0 -1 -1 -1 -1 -1 -2 -1 -1 -1 -1 -2  3  2  2 -3 -2 -1   11   1   4   1   0   0   1   1   0   3   5   1   0   0  18  31  20   0   0   2  0.33 0.04
   24 S    2 -1  1 -1  2 -1 -1 -1 -1 -2 -2 -1 -1 -3  1  3  1 -3 -2 -1   26   1   9   1   6   0   1   1   0   1   1   1   2   0   6  41   4   0   0   1  0.30 0.05
   25 T    0  3  0 -1  0  0 -1 -2  0 -2 -2  0 -2 -2  4  2  1 -3 -1 -2    6  22   3   0   2   0   1   1   3   0   1   0   0   2  21  25  10   0   2   1  0.35 0.05
   26 P   -1 -1  2 -1 -2 -1 -1 -2 -2 -1 -1 -1 -2 -3  6  0  0 -3 -2 -2    4   3  16   1   0   0   1   1   0   6   7   1   0   0  47   7   4   0   0   1  0.74 0.06
   27 T    0  0  0 -1 -2 -1 -1 -2 -2 -1 -1 -1 -1  0  2  2  3 -2 -1 -1    5   5   3   0   0   0   0   1   0   0   8   0   0   7   9  28  31   0   0   0  0.24 0.05
   28 N    0 -1  1 -1 -2  0 -1 -2  1 -1  0  0 -1 -1  4  2  0 -3 -2 -1    2   2  11   0   0   2   1   1   5   0  11   6   0   2  23  22   5   0   0   5  0.29 0.04
   29 A    1  1  0 -2 -2 -1 -1 -2 -2 -1  1 -1  0  0  2  2  0 -2 -1  0   12   9   3   1   0   0   1   1   0   1  21   1   0   5  12  24   5   0   0   5  0.13 0.03
   30 L    0 -1  1 -1 -2 -1 -1  0 -2  0  2 -1  0  0  2  1  0 -2 -1 -1    3   4  10   1   0   1   1   8   0   2  32   1   0   5  12  14   4   0   0   1  0.11 0.03
   31 S    0  1 -1 -1 -2  0 -1  0  1 -1 -2 -1 -1 -2  5  1  0 -3 -2 -1    3   9   1   1   0   3   1   7   5   6   1   1   0   2  30  21   3   0   0   4  0.39 0.04
   32 S    0  1  0 -1 -2  0 -1  0  4 -1  0  0 -1 -2 -2  2  1 -2 -1 -1    4   9   4   1   0   2   1   7  20   4  12   1   0   1   1  24   7   0   0   3  0.13 0.03
   33 S    0 -1  0 -1 -2  1 -1  0  1 -1  0 -1 -1 -2  4  1  0 -2 -1 -1    9   1   2   1   0  10   1   7   4   1  14   1   0   1  24  18   1   0   2   4  0.27 0.03
   34 L    2 -2 -1 -2 -1 -1 -1 -1 -1  0  1 -1  0 -1  3  0  0 -2 -1  0   25   1   2   1   0   2   1   3   2   3  25   1   0   2  16   9   2   0   0   5  0.18 0.03
   35 Q   -1  0 -1 -2  0  0 -2 -2 -2  1  2 -1  1  1  0  0  0 -2 -1  0    2   7   3   0   3   4   0   2   0  11  41   0   0   6   5   9   5   0   0   2  0.10 0.03
   36 S   -1  2  0 -1 -2  1  0 -1  4 -2 -1  0 -1 -2  1  1  1 -3 -1 -2    3  21   2   0   0   9   0   4  17   0  10   2   0   0   8  12  11   0   0   0  0.20 0.04
   37 S    1 -1  0 -1 -2  1 -1 -1 -2 -1 -2 -1 -1 -1 -2  4  2 -3 -2 -1   10   2   0   0   0   6   0   1   0   5   2   0   0   2   0  57  13   0   0   0  0.33 0.07
   38 S    0 -1  0  1 -2  0  0  0  0 -3 -2 -1 -2 -3  1  4  1 -3 -2 -1    2   2   0   5   0   4   5   5   2   0   2   0   0   0   7  62   1   0   0   3  0.37 0.07
   39 F   -3 -3 -4 -4 -3 -4 -4 -4 -2 -1  0 -4 -1  8 -4 -3 -2  0  2 -2    0   0   0   0   0   0   0   0   0   0   2   0   0  92   0   0   2   0   0   0  1.16 0.14
   40 N    0  1  1  0 -2  1  0 -1  4 -2 -1  1 -1 -2 -2  1  1 -3 -1 -2    3  10   5   5   0   6   0   3  18   0   8  14   0   0   0  18   8   0   0   1  0.17 0.04
   41 G    0 -2 -1 -2 -1 -2 -2  5 -2 -2  0 -1  3 -2 -2  0 -1 -3 -3 -2    2   0   0   0   2   0   0  59   0   0   8   3  15   0   0   9   0   0   0   0  0.55 0.08
   42 L    0 -2  0 -2 -1 -2 -2 -3 -2  2  2 -2  3 -1 -2  0  0 -3 -2  3    5   0   5   2   0   0   0   0   0   6  20   0  14   1   0  11   0   0   0  33  0.17 0.05
   43 S    1  1 -1 -1 -2  1 -1 -1 -1 -2 -1  0 -1 -1 -1  3  1 -3 -2 -1   12   7   0   0   0  10   0   2   0   0   6   0   0   4   2  43   6   0   0   4  0.21 0.06
   44 F   -1  0 -3 -3 -2 -1 -2 -3 -2  1  3 -2  1  1 -3 -1 -1 -2  1  3    1   6   0   0   0   2   0   1   0   0  37   0   0   8   0   3   0   0   6  34  0.23 0.06
   45 K    0  2  0 -1 -3  0  0 -2  0 -2 -1  3  0  1 -1 -1 -1 -2 -1 -1    9  14   5   0   0   0   4   1   3   0   6  36   3  11   2   2   1   0   0   3  0.18 0.05
   46 L   -1 -2 -2 -3 -2 -2 -3 -3 -3  2  3 -2  1  1 -3 -1 -1 -2 -1  2    4   0   2   0   0   0   0   1   0  11  50   0   0   6   0   5   2   0   0  15  0.28 0.06
   47 S    1 -1  0 -2 -2 -1 -1 -1 -1  0  0 -1 -1  0  2  1  0 -3 -1  0   17   4   4   0   0   0   0   3   2   8  12   1   0   4  13  21   6   0   0   5  0.14 0.04
   48 P    1  1 -1 -2 -2 -1 -1 -2 -1 -1 -2  0 -1 -2  5  1  1  2 -2 -1   12  12   2   1   0   0   1   1   1   6   3   4   0   0  29  12   8   3   0   2  0.40 0.06
   49 T    0  0 -1 -2 -2  2  0 -1  0  0  1  1  0 -2  0  0  1 -2 -1  1   10   2   1   1   0  20   1   2   2   4  16   9   0   0   3   2  12   0   1  13  0.09 0.04
   50 T    1  0 -1 -2  1 -1 -1 -1  0  0  0 -1 -1  2  0  1  1 -2  0  1   14   5   0   0   4   3   0   1   3   3   7   0   0  17   3  12  13   0   0  11  0.07 0.04
   51 Q    1  0 -1 -1 -2  1 -1 -2  1  0  1 -1  1  0 -1  1  1 -2 -1  0   13   7   0   3   0   9   1   1   4   6  22   1   4   5   1  15   7   0   0   1  0.06 0.03
   52 S    1 -1 -1 -2  4  1 -1 -1 -2 -1 -1 -1 -1  0  1  2  2 -2 -1  0   10   2   0   0  14   8   0   1   0   0   3   0   0   5   8  20  20   0   1   5  0.22 0.07
   53 L    0  1 -3 -3 -2 -1 -2 -3  0  1  3 -2  2  0 -1 -1 -1  2 -1  0   12  10   0   0   0   2   0   1   3   4  46   0   6   3   2   2   1   3   0   3  0.21 0.08
   54 S    1  0 -1 -2  2 -1 -1 -2 -1 -1  0 -1  0 -1 -1  2  2 -2  0  1   14   6   0   0   5   0   3   0   1   0  10   0   2   2   2  23  13   0   3  13  0.11 0.06
   55 L    0 -2 -3 -3 -1 -2 -3 -3 -3  2  2 -2  1  2 -2 -1  1 -2 -1  1   10   1   0   0   1   0   0   0   0  20  26   0   3  13   1   4   9   0   0  11  0.20 0.07
   56 S    3 -2 -1 -1  2 -1 -1 -1 -2 -1 -1  0 -2 -3  0  3  1 -3 -2 -1   28   0   0   2   5   0   0   0   0   3   5   4   0   0   4  40   5   0   1   2  0.33 0.12
   57 T    1 -1  2 -1 -2 -1 -1 -1 -2 -1  0 -1  0  0  1  1  1 -3 -2  0   17   3  17   0   0   0   0   1   0   3  10   2   1   6   7  12  14   0   0   5  0.14 0.07
   58 S    2  0 -2 -2  0  0 -1 -1 -2  0  0 -1 -1  2 -1  1  0 -2  0  0   32   4   0   0   3   3   3   1   0   6   7   2   1  12   2  12   5   0   2   5  0.11 0.07
   59 A    3 -1 -1 -1  1 -1 -1  0 -1  0 -1 -1 -1 -1  1  1  0 -2  0  1   36   2   1   2   4   0   1   5   1   4   3   2   0   1   7  10   3   0   5  12  0.15 0.06
   60 A    2  0  0 -1  0  1  0  0 -1 -1  0  0 -1 -1  1  0  0 -2  0 -1   26   4   5   1   2  12   4   5   0   1  13   2   0   3   7   6   6   0   3   2  0.10 0.05
   61 S    2 -1 -1 -1 -2  0 -1  0 -1 -1 -2  0 -1 -3  4  1  0 -3 -2  0   19   2   1   1   0   4   1   7   2   1   3   5   0   0  21  15   6   0   0  10  0.28 0.06
   62 K    0  3 -1 -2 -3  2  1 -1  0 -2 -2  3 -2 -3 -1  0  0 -3 -1 -2    7  22   0   0   0   9   6   2   2   2   2  31   0   0   2   6   8   0   2   0  0.34 0.10
   63 P    1 -2  1 -1 -1 -2 -2 -2 -2 -1  0 -1 -1 -3  5  1  0 -4 -3  0   19   0   8   2   1   0   0   1   0   3  10   2   0   0  31  11   5   0   0   7  0.45 0.10
   64 L   -1 -1 -2 -1 -2 -1  0 -3  0  1  2  0  1  1 -3 -1  1  1 -1  1    2   3   0   2   0   0   8   0   2   4  35   6   4   7   0   3  11   2   0   9  0.12 0.06
   65 T    1 -2  0 -2  0 -1  0 -2  0 -1 -2 -1 -2 -3  2  1  4 -3 -1  1   15   1   4   0   2   0   4   1   2   1   0   0   0   0   9  10  37   0   2  11  0.29 0.11
   66 I    0 -1 -1 -3  1 -1 -1 -2 -3  3  0 -2  0 -1 -1 -1  0 -3 -2  3    8   5   3   0   3   3   3   2   0  19   4   0   1   1   2   3   4   0   0  39  0.19 0.09
   67 V    1 -2 -1 -2  1  0 -1 -2 -2  1  0 -1  1  0 -1  0  1 -3 -2  3   13   0   3   0   3   6   3   0   0   1   5   3   5   4   2   5   8   0   0  37  0.14 0.08
   68 A    4 -1 -1 -1  0 -1 -1 -1 -1 -1 -1  0 -1 -1 -2  1  0 -2  0  0   49   2   2   4   2   0   2   1   1   3   4   6   1   2   1   5   6   0   5   3  0.23 0.10
   69 A    4 -1 -2 -2 -2  0  0  2 -2 -1 -2 -1  0 -3 -2  1  1 -3 -3 -1   44   2   0   1   0   5   5  13   0   2   3   1   2   0   0   8   9   0   0   2  0.31 0.13
   70 T    2 -2 -1 -2 -1  0  0  0 -2 -2 -2 -1  0 -3  2  2  3 -4 -3  0   23   1   1   1   1   3   4   4   0   1   2   1   2   0   8  18  25   0   0   6  0.30 0.14
   71 K   -1  0 -1 -2 -3  0  0 -3  0  1  1  3  3 -2 -2 -1  0 -3 -1  1    2   4   3   2   0   2   4   0   2   7  10  28  15   0   1   3   6   0   2  10  0.19 0.13
   72 K   -3  2 -2 -2 -6 -1  0 -4 -3 -5 -4  7 -4 -5 -4 -2 -3 -5 -2 -4    1   7   1   1   0   1   5   0   0   0   1  79   0   0   0   2   1   0   1   0  1.48 0.46
   73 A    7 -4 -3 -5 -3 -4 -4 -1 -5 -3 -4 -4 -4 -5 -4 -1 -3 -6 -5 -3   93   0   1   0   0   0   0   3   0   1   1   0   0   0   0   1   0   0   0   0  1.69 0.54
   74 V   -3 -5 -6 -6  0 -5 -5 -5 -6  4 -2 -5 -1 -4 -5 -4 -2 -6 -4  7    0   0   0   0   1   0   0   1   0  17   0   0   1   0   0   1   1   0   0  77  1.51 0.47
   75 A    5 -5 -5 -5  8 -4 -4 -3 -5 -3 -4 -4 -4 -5 -3 -2 -2 -5 -5  1   54   0   0   0  34   0   0   0   0   0   0   0   0   0   1   1   2   0   0   8  1.49 0.47
   76 V   -3 -5 -5 -6  0 -5 -5 -6 -1  1  0 -3 -2 -1 -5 -4 -1 -5  1  7    0   0   0   0   2   0   0   0   2   4   5   1   0   2   0   0   3   0   4  77  1.25 0.43
   77 L   -4 -5 -6 -6 -4 -4 -6 -6 -6  2  6 -5  1 -2 -5 -5 -4 -4 -4  1    0   0   0   0   0   0   0   0   0  10  80   0   3   0   0   0   0   0   0   6  1.33 0.42
   78 K   -1  3  2 -2 -4  0 -1 -1 -2 -2 -3  4 -3 -4 -3  1  1 -5 -4 -2    4  18  10   0   0   3   1   4   0   2   1  34   0   0   0  11  10   0   0   2  0.51 0.24
   79 G   -2 -3 -3 -3 -5 -3 -4  7 -4 -6 -6 -3 -5 -4 -2  1 -3 -5 -5 -5    1   1   0   0   0   1   1  79   0   0   0   1   0   1   2  12   0   0   0   0  1.61 0.45
   80 T   -1 -3  2  5 -4  1  0 -2 -2 -4 -4 -2 -3 -4  0  2  1 -4 -4 -4    6   0  12  38   0   6   3   2   0   1   1   1   0   0   4  15  10   0   0   0  0.63 0.25
   81 S    1 -2  0  0 -2 -1  2  2 -1 -3 -4 -2 -3 -4 -2  4  0 -4 -3 -2   12   1   4   4   0   1  13  17   1   0   1   1   0   0   1  34   6   0   0   3  0.40 0.20
   82 N   -1  1  2  1 -3  0  1  2  0 -3 -3  1 -1 -3  1  0  0 -3 -2 -2    3   7  14   8   0   4   8  18   1   1   1  11   2   1   8   5   5   0   1   2  0.23 0.10
   83 V   -1 -5 -5 -6 -4 -5 -4 -6 -6  2 -2 -5 -2 -4 -3 -4 -1 -5 -4  7    3   0   0   0   0   0   1   0   0   8   1   0   0   0   1   0   3   0   0  82  1.48 0.46
   84 E   -1  1  1 -1 -1  1  2 -2  1 -3 -4  3 -2 -3 -3  2  2 -4 -3 -3    3   5   7   2   1   4  13   1   4   1   0  22   1   1   0  19  14   0   0   1  0.35 0.19
   85 G   -3 -6 -4 -5 -6 -5 -5  7 -5 -7 -7 -5 -6 -6 -5 -3 -5 -6 -6 -5    1   0   0   0   0   0   0  98   0   0   0   0   0   0   0   0   0   0   0   1  2.36 0.58
   86 V   -2 -3  1 -3 -2 -2 -3 -3 -2  1 -2 -2 -2 -2 -4  1  5 -2 -3  3    1   0   8   0   0   1   1   1   1   7   2   2   0   2   0   9  43   0   0  22  0.61 0.29
   87 V   -2 -5 -5 -5 -3 -5 -4 -5 -5  5  1 -4 -1 -2 -5 -1 -3 -5 -4  5    1   0   0   0   0   0   0   0   0  32   9   0   0   1   0   6   0   0   0  51  1.04 0.35
   88 T   -3 -1  1 -3 -3 -1 -2 -4  4 -1 -2  0 -3  3 -4 -1  4  2  3 -1    0   3   8   0   0   2   1   0  13   2   1   5   0  12   0   2  31   3  12   3  0.49 0.25
   89 L   -5 -6 -6 -7 -5 -6 -6 -6 -5  0  2 -6 -3  9 -5 -6 -5 -2  0 -3    0   0   0   0   0   0   0   0   0   4  15   0   0  80   0   0   0   0   0   0  2.10 0.54
   90 T   -2 -2 -1 -1 -3  1  4 -3  2  0 -3  0 -2 -3 -3  1  3 -4 -1  0    1   1   1   1   0   6  30   1   6   5   1   4   0   1   0  11  23   0   1   6  0.41 0.22
   91 Q   -4 -2 -3 -3 -6  9  0 -5 -2 -6 -5 -2 -4 -7 -3 -3 -3 -5 -5 -6    1   0   0   1   0  93   2   0   0   0   0   0   0   0   1   0   1   0   0   0  2.40 0.67
   92 E   -1 -2  2  4 -5  1  4 -3 -1 -4 -4  0 -4 -5 -1  1  0 -5 -4 -3    3   1  12  21   0   5  34   0   1   1   1   5   0   0   2   9   4   0   0   1  0.62 0.25
   93 D    0 -2  0  2 -1 -1  2  3 -1 -4 -4  0 -3 -4  0  2 -1 -4 -4 -3    8   1   4  10   2   2  16  25   1   0   0   5   0   0   4  19   2   0   0   1  0.39 0.18
   94 D   -2  1  3  4  2 -1  3 -1 -1 -4 -4 -1 -4 -4 -2  1  0 -5 -4 -4    2   8  15  28   5   1  18   4   1   0   1   2   0   0   1   9   4   0   0   0  0.51 0.21
   95 G    1 -3 -1 -1 -3  1 -1  5 -2 -5 -4 -2 -3 -5 -2  2 -2 -4 -4 -4   10   1   1   2   0   7   4  48   1   0   1   1   0   0   1  21   1   0   0   0  0.76 0.27
   96 P   -1 -2 -2 -2 -4  2 -1 -3 -2 -2 -3 -1 -4 -5  7  0 -1 -5 -3 -3    4   1   1   1   0  11   4   1   1   2   2   4   0   0  57   7   3   0   1   1  1.27 0.34
   97 T   -2 -4 -3 -4  1  1 -3 -4 -4  0 -1 -3 -2 -4 -4 -2  5 -5 -4  5    2   0   0   0   2   6   1   0   0   1   4   0   0   0   0   0  41   0   0  42  0.88 0.35
   98 T   -1  0 -1 -3 -2  0  0 -3  4 -1  0  2 -1 -2 -3  0  4 -4 -2  0    2   3   2   0   1   2   4   0  11   2   9  16   2   1   0   3  37   0   1   5  0.39 0.22
   99 V   -3 -5 -5 -6 -3 -5 -4 -5 -5  5  0 -5  3 -2 -5 -4 -3 -5 -3  5    0   0   0   0   0   0   0   0   0  32   5   0   7   1   0   0   0   0   0  54  1.12 0.35
  100 N   -2  0  1 -1 -2  0  0 -3  0 -2 -3  0 -2  1 -3  2  4 -1 -1 -2    0   4   7   1   0   2   6   0   2   1   0   5   0   7   0  21  37   1   2   2  0.43 0.23
  101 V   -1 -5 -3 -4 -4 -4 -4  6 -4 -1 -4 -4 -3 -3 -5 -3 -4  6  1  2    3   0   0   0   0   0   0  62   0   3   0   0   0   0   0   0   0  11   5  15  1.21 0.36
  102 R   -1  2  2  1 -4  1  4 -2 -1 -3 -4  1 -3 -4 -3  2  1 -4 -1 -3    2   9  10   6   0   4  29   1   0   0   0  10   0   0   0  16   8   0   2   1  0.42 0.19
  103 I   -3 -5 -6 -6 -3 -5 -5 -5 -5  6  2 -5 -1 -1 -3 -5 -3 -5 -3  3    0   0   0   0   0   0   0   0   0  58  18   0   0   2   1   0   0   0   0  20  1.14 0.34
  104 S    1 -1  0 -2 -1 -1  0 -3 -1 -2 -3  2 -2 -3 -3  3  4 -4 -1 -2   10   1   4   0   1   1   6   0   1   2   1  13   0   0   0  22  34   0   2   2  0.44 0.22
  105 G   -3 -5  0 -3 -2 -4 -5  7 -4 -6 -6 -4 -5 -5 -5 -3 -4 -5  1 -6    0   0   4   0   1   0   0  88   0   0   0   0   0   0   0   0   0   0   6   0  1.89 0.47
  106 L   -3 -4  1 -4 -3 -3 -4 -4  2 -1  5 -4  0 -1 -4 -3 -3 -4 -3 -1    1   0   9   1   0   0   0   0   5   1  76   0   1   1   0   1   0   0   0   2  0.95 0.31
  107 A    2 -1 -1  1 -3 -1 -1 -2 -3 -3 -3  2 -2 -4  0  1  4 -4 -3 -2   18   2   1   7   0   1   2   1   0   1   1  15   1   0   5  10  34   0   0   1  0.42 0.20
  108 P   -1 -2  1  0 -4 -1  1 -3 -3 -4 -4  1 -4 -5  7 -2 -2 -5 -4 -4    3   1   8   4   0   1  11   1   0   1   1   8   0   0  57   2   1   0   0   0  1.32 0.32
  109 G    2 -4 -1 -3 -4 -3 -4  6 -4 -5 -5 -3 -4 -5 -4 -1 -3 -4 -4 -4   15   0   2   1   0   0   0  75   0   0   1   0   0   0   0   3   0   0   0   0  1.41 0.35
  110 K   -2  0 -1 -1 -4  1  1 -4 -2 -2  3  3 -1 -2 -1 -2  0 -4 -3 -2    0   2   2   4   0   5  10   0   1   0  39  26   0   1   3   0   7   0   0   0  0.36 0.21
  111 H   -5  3 -3 -4 -6  1 -3 -5 10 -5 -6 -2 -5 -4 -5 -4 -5 -5  0 -6    0  16   0   0   0   7   0   0  74   0   0   1   0   0   0   0   0   0   2   0  2.32 0.55
  112 G   -2 -3 -3 -4 -6 -5 -4  7 -5 -7 -7 -4 -6 -6 -5 -3 -4 -6 -6 -6    1   1   0   0   0   0   1  97   0   0   0   0   0   0   0   0   0   0   0   0  2.21 0.50
  113 F   -5 -6 -6 -7 -1 -6 -6 -6 -4 -2 -2 -6  1  9 -7 -5 -5 -2  0 -4    0   0   0   0   1   0   0   0   0   1   1   0   4  92   0   0   0   0   0   0  2.42 0.56
  114 H   -5 -4 -3 -5 -6 -3 -4 -6 11 -6 -6 -4  3 -5 -6 -4 -4 -6 -2 -6    0   0   0   0   0   0   0   0  93   0   0   0   7   0   0   0   1   0   0   0  3.17 0.68
  115 L   -3 -5 -4 -6 -3 -5 -5 -6 -6  5  0 -5 -1 -3 -5 -4 -3 -5 -4  6    0   0   1   0   0   0   0   0   0  36   6   0   0   0   0   0   0   0   0  57  1.26 0.37
  116 H   -5 -4 -3 -5 -7 -3 -4 -6 11 -7 -6 -4 -5  1 -6 -4 -4 -6 -1 -6    0   0   0   0   0   0   0   0  93   0   0   0   0   6   0   0   1   0   0   0  3.14 0.68
  117 E    2 -2 -3 -1 -4  4  5 -3 -3 -4 -4 -2 -2 -5 -2 -1  1 -5 -4 -2   18   0   0   0   0  24  42   0   0   0   0   0   1   0   1   1  11   0   0   2  0.84 0.33
  118 F   -3 -3 -5 -5 -5 -4 -5 -5 -3 -3  1  0 -2  7 -5 -3 -3  0  5 -3    1   1   0   0   0   0   0   0   0   0  13   8   0  54   0   1   1   1  21   0  1.29 0.37
  119 G   -3 -5 -3 -4 -3 -5 -5  7 -5 -6 -6 -4  2 -6 -5 -3 -4 -5 -6 -6    0   0   0   0   1   0   0  93   0   0   0   0   6   0   0   0   0   0   0   0  2.10 0.50
  120 D   -3 -5  0  8 -6 -3 -1 -4 -4 -3 -6 -4 -6 -6 -4  0 -4 -7 -4 -6    1   0   2  88   0   0   0   0   0   2   0   0   0   0   0   6   0   0   1   0  2.05 0.51
  121 T   -2 -2  5 -2 -3 -2 -3 -3 -2  0  1 -1  3 -1 -4 -1  4 -4 -1 -1    1   1  32   0   0   0   0   0   1   4  15   2   8   2   0   2  28   0   2   3  0.55 0.26
  122 T   -1 -3 -3 -4 -4 -3 -3 -3 -4 -3 -4 -3 -3 -5 -4  2  7 -5 -4  0    2   1   0   0   0   0   0   2   0   0   0   0   0   0   0  17  73   0   0   6  1.34 0.44
  123 N   -4 -2  8  0 -5  0 -2 -1 -2  0 -5 -2 -3 -5 -5 -1 -3 -6 -5 -5    0   1  75   4   0   5   1   3   0   6   1   1   0   0   0   2   0   0   0   0  1.52 0.44
  124 G   -2 -3 -2 -4 -5 -5 -5  7 -5 -7 -7 -4 -6 -6  1 -2 -4 -5 -6 -6    0   1   1   0   0   0   0  91   0   0   0   0   0   0   6   1   0   0   0   0  1.98 0.48
  125 C   -4 -6 -6 -7 11  1 -6 -6 -6 -5 -5 -6 -5 -6 -6 -3 -4 -6 -6 -4    0   0   0   0  93   6   0   0   0   0   0   0   0   0   0   1   0   0   0   0  3.47 0.70
  126 M   -1 -3  0 -3 -3 -3 -3 -3 -4  2  0 -2  5 -3 -4 -2  4 -4 -3  1    5   0   4   1   0   0   0   1   0  15   8   2  23   0   0   0  35   0   0   6  0.60 0.27
  127 S   -2 -4 -2 -2 -4 -3 -3 -3 -4 -5 -6 -3 -5 -6 -4  7  0 -6 -5 -5    0   0   0   1   0   0   0   1   0   0   0   0   0   0   0  95   2   0   0   0  1.81 0.55
  128 T    5 -3 -3 -4 -3  1 -3 -3 -4 -3 -3 -3 -1 -5 -3  0  4 -5 -4 -3   53   0   0   0   0   6   0   0   0   0   2   0   1   0   0   3  35   0   0   0  0.95 0.36
  129 G   -1 -5 -3 -4 -5  1 -4  7 -5 -6 -6 -4 -5 -6 -5 -3 -4 -5 -6 -6    3   0   0   0   0   6   0  90   0   0   0   0   0   0   0   0   0   0   0   0  1.96 0.47
  130 P    2 -4 -3  1 -4 -3 -2  0 -4 -5 -4 -2 -4 -5  7  0 -2 -6 -5 -4   17   0   0   7   0   0   2   8   0   0   1   2   0   0  56   7   1   0   0   0  1.33 0.36
  131 H   -5 -4 -3 -5 -7 -3 -4 -6 11 -7 -6 -4 -5 -5 -6 -4 -5 -6 -2 -7    0   0   0   0   0   0   0   0  99   0   0   0   0   0   0   0   0   0   0   0  3.47 0.72
  132 F   -5 -6 -6 -6 -5 -6 -6 -6 -3  0 -2 -6 -3  8 -6 -5 -5  0  5 -3    0   0   0   0   0   0   0   0   0   6   2   0   0  74   0   0   0   0  17   1  1.99 0.48
  133 N   -5 -4  9 -1 -6 -3 -3 -4 -3 -6 -1 -3 -5 -6 -5 -3 -3 -7 -5 -6    0   0  93   1   0   0   0   0   0   0   6   0   0   0   0   0   0   0   0   0  2.28 0.58
  134 P   -4 -6 -5 -5 -6 -5 -4 -6 -6  0 -6 -4 -5 -7  9 -4 -4 -7 -6 -4    0   0   0   0   0   0   0   0   0   6   0   0   0   0  93   0   0   0   0   1  2.83 0.61
  135 D   -1 -2  1  1 -2  1  0 -3  5 -2 -1 -1 -1  4 -3 -1  0 -1  2 -2    7   1   7   8   1   9   5   1  16   0   7   2   1  21   0   1   6   0   6   2  0.29 0.16
  136 K   -1 -1  4 -2 -4  2 -1  4  0 -5 -5  3 -4 -5 -3  0 -2 -5 -4 -4    1   1  20   1   0   9   3  36   2   0   0  19   0   0   0   7   1   0   0   0  0.68 0.25
  137 K   -2  0 -1 -3  0  0 -1 -4 -2 -3 -1  6  2 -4 -4 -3 -2 -5 -4  1    2   3   2   0   2   3   1   0   0   0   5  62   5   0   0   0   1   0   0  12  0.83 0.32
  138 T   -2 -3  2  3 -4 -1  2 -3 -1 -3 -3  0 -3 -4 -3  0  5 -5 -4 -2    1   0   9  21   0   2  16   0   1   0   1   5   0   0   0   2  39   0   0   1  0.64 0.27
  139 H   -5 -4 -3 -5 -6 -3 -4 -6 11 -7 -6 -4 -5 -5 -6 -4  0 -6 -2 -6    0   0   0   0   0   0   0   0  94   0   0   0   0   0   0   0   6   0   0   0  3.18 0.69
  140 G   -1 -5 -3 -4 -5 -5 -5  7 -5 -7 -6 -4 -5 -6 -5 -2 -4  4 -5 -6    3   0   0   0   0   0   0  90   0   0   0   0   0   0   0   1   0   6   0   0  2.02 0.48
  141 A    5 -2 -2 -1  3 -3 -3  3 -1 -4 -4 -3 -4 -5 -3 -1 -3 -5 -4 -3   55   2   1   4   6   0   0  27   1   0   0   0   0   0   0   3   0   0   0   0  0.87 0.32
  142 P   -4 -2 -5 -5 -6 -3 -4 -5 -5 -4 -4 -3 -5 -7  8  0 -4 -7 -6 -4    0   3   0   0   0   1   0   0   0   1   1   1   0   0  86   7   0   0   0   1  2.47 0.55
  143 E   -1 -1  2  2 -1  1  4 -1 -1 -3 -3  0 -2 -3 -3  1  3 -4 -3 -2    2   2   8   9   1   4  31   5   1   0   1   4   0   1   0   8  22   0   0   1  0.43 0.20
  144 D   -1 -4  0  8 -2 -3 -1 -4  0 -6 -6 -3 -6 -6 -4 -1 -4 -7 -6 -6    6   0   2  84   1   0   1   0   2   0   0   0   0   0   0   4   0   0   0   0  1.85 0.48
  145 E    0 -2  0  2 -5  0  5 -2 -2 -3 -4  0 -3 -5  0  0 -1 -5 -4 -2    9   1   3   9   0   3  53   2   0   2   1   4   0   0   3   5   4   0   0   2  0.70 0.27
  146 V   -2 -3  3  0 -3 -2  3 -4 -2  3 -2 -2  0 -3 -4 -2  0 -5 -3  3    1   0  19   4   0   0  22   0   0  20   1   1   2   0   0   1   4   0   0  23  0.42 0.22
  147 R   -5  8 -4 -5 -3 -2 -3 -6 -3 -6 -5  1 -5 -6 -5 -4 -4 -6 -5 -6    0  95   0   0   1   0   0   0   0   0   0   4   0   0   0   0   0   0   0   0  2.34 0.57
  148 H   -5 -4 -3 -5 -7 -3 -4 -6 11 -7 -7 -4 -5 -5 -6 -5 -5 -6 -2 -7    0   0   0   0   0   0   0   0 100   0   0   0   0   0   0   0   0   0   0   0  3.54 0.74
  149 A    3 -4 -5 -5 -3 -4 -4 -4 -5  1 -1 -4 -2 -3 -4 -3 -2 -5 -1  5   33   0   0   0   0   0   0   0   0   6   4   0   0   0   0   0   1   0   2  54  0.87 0.33
  150 G   -3 -5 -3 -4 -6 -5 -5  7 -5 -7 -7 -5 -6 -6 -5 -3 -5 -6 -6 -6    0   0   0   0   0   0   0  99   0   0   0   0   0   0   0   1   0   0   0   0  2.33 0.53
  151 D   -5 -5 -2  8 -7 -3 -2 -5 -4 -7 -7 -4 -6 -7 -5 -3 -4 -8 -6 -7    0   0   0 100   0   0   0   0   0   0   0   0   0   0   0   0   0   0   0   0  2.59 0.60
  152 L   -4 -5 -6 -6 -3 -5 -6 -6 -5 -1  6 -5  2 -1 -6 -5 -4 -4 -2 -1    0   0   0   0   0   0   0   0   0   0  93   0   4   1   0   0   0   0   1   1  1.55 0.43
  153 G   -3 -2 -3 -4 -6 -5 -5  7 -5 -7 -7 -4 -6 -6 -5 -3 -5 -6 -6 -6    0   2   0   0   0   0   0  98   0   0   0   0   0   0   0   0   0   0   0   0  2.27 0.52
  154 N   -5 -4  9 -2 -6 -3 -3 -4 -3 -6 -7 -3 -5 -6 -5 -3 -3 -7 -5 -6    0   0  98   0   0   0   0   0   0   0   0   1   0   0   0   0   0   0   0   0  2.56 0.61
  155 I   -3 -5 -5 -5 -3 -5 -5 -6 -5  6  0 -5 -1  0 -5 -4 -3 -5 -2  4    0   0   0   0   0   0   0   0   0  56   5   0   0   3   0   0   0   0   1  34  1.20 0.35
  156 V   -1 -2 -1 -1 -3  0  2 -3 -2  1 -1  1 -1 -3 -2 -1  3 -4 -2  3    1   0   3   2   0   4  20   0   0   7   3  10   1   0   1   1  21   0   1  25  0.31 0.19
  157 A    6 -4 -4 -4 -3 -3 -3 -2 -4 -3 -3 -3 -3 -3 -3  0  2 -5 -3  1   70   0   0   0   0   0   0   1   0   0   0   0   0   1   0   4  14   0   0  10  0.99 0.36
  158 N   -2 -3  4  4 -4 -2 -1  4 -1 -4 -5 -2 -4 -5 -3  0 -1 -5 -2 -4    1   0  22  30   0   0   1  33   1   0   0   1   0   0   1   4   4   0   1   1  0.81 0.26
  159 T    3 -2 -1  1 -1  0  2  1 -2 -3 -4  0 -3 -4 -1  1 -1 -4 -2 -2   36   0   1  10   1   2  14  12   0   0   0   6   0   0   2  11   3   0   1   1  0.37 0.18
  160 D   -2 -2  3  5 -3  2  2 -2 -1 -5 -5 -1 -4 -4 -3  0  0 -5 -4 -4    2   0  14  43   0   9  13   2   1   0   0   3   0   0   0   8   5   0   0   0  0.78 0.26
  161 G   -2 -3 -1 -4 -3 -3 -4  7 -2 -6 -6 -2 -5 -6 -5 -2 -4 -3 -5 -5    2   1   2   0   1   1   0  88   1   0   0   2   0   0   0   2   0   0   0   0  1.80 0.44
  162 V   -2 -3  1 -3 -2 -3 -1 -4 -4  1 -1 -2 -1 -3 -1 -2  2 -5 -2  5    1   1   9   1   1   1   3   0   0   7   3   3   0   0   3   0  15   0   1  52  0.56 0.25
  163 A    6 -4 -4 -4  1 -3 -3 -1 -4 -2 -3 -3 -3 -4 -3  0  0 -5 -4  0   75   0   0   0   2   0   0   2   0   2   1   0   0   0   0   4   6   0   0   7  1.04 0.37
  164 E   -1  0  1  1 -3  0  3 -3  2 -2 -3  4 -2 -4 -2  0  0 -4 -3 -1    4   1   8   8   0   3  20   0   7   3   1  29   0   0   1   6   5   0   0   4  0.38 0.18
  165 A   -1 -4 -4 -4  3 -4 -4  1 -4  3  0 -4 -1  2 -4 -3 -1 -4 -2  4    4   0   0   0   7   0   0  14   0  21   4   0   0  11   0   0   4   0   0  34  0.47 0.21
  166 T   -2  1  4  3  0  0  0 -3  0 -3 -4 -1 -3 -3 -3  2  3 -5 -2 -3    1   6  20  17   2   3   3   0   1   0   1   2   0   1   0  21  19   0   1   1  0.47 0.21
  167 I   -3 -4 -4 -4 -3 -3 -4 -5 -4  6  1 -2  2  2 -4 -4 -2 -3  0  1    1   1   0   0   0   1   0   0   0  58   8   3   6   8   0   0   2   0   3   6  0.81 0.27
  168 V   -1 -1 -1 -2 -2  2  1 -3 -2  0 -2  1 -1 -3 -3  1  4 -4 -3  2    2   1   1   1   1  12   9   0   1   4   0  10   0   1   0  13  29   0   0  16  0.35 0.20
  169 D   -4 -4 -1  8 -6 -3 -1 -4 -4 -6 -6 -4 -6 -6 -4  1 -3 -7 -6 -5    0   0   1  86   0   0   0   0   0   0   0   0   0   0   0  10   1   0   0   1  2.01 0.51
  170 N   -1  0  2  0  1  0 -1 -2  0 -4 -3  3 -2 -3 -1  2  0  4 -2 -3    3   3  13   4   3   2   0   0   3   0   2  28   1   1   2  22   4   8   1   1  0.41 0.20
  171 Q   -2 -2 -2 -3 -4  5 -1 -4  3  1  2  0  2 -1 -4 -3 -2 -4 -1  1    1   0   1   0   0  32   0   0   8   7  21   6   6   3   0   0   0   0   2  13  0.46 0.24
  172 I   -3 -5 -6 -6 -4 -5 -6 -6 -6  7  0 -5  0 -3 -5 -5 -2 -5 -4  2    1   0   0   0   0   0   0   0   0  78   6   0   2   0   0   0   1   0   0  12  1.51 0.41
  173 P   -1  1 -2 -2 -2  1 -1 -3 -2 -4 -4  2 -2 -5  4  3  2 -5 -4 -3    3   7   1   0   0   7   1   0   0   1   0  16   1   0  21  29  13   0   0   0  0.61 0.25
  174 L   -4 -5 -6 -6 -4 -5 -5 -6 -5  0  6 -5  0 -2 -5 -5 -4 -4  2 -2    0   0   0   0   0   0   0   0   0   1  91   0   0   0   0   0   0   0   6   0  1.49 0.42
  175 T   -1 -2  0 -2  1 -1 -2 -3 -2  1  0 -1 -1  1 -3  2  3 -3  1  0    1   2   5   1   3   1   1   0   1  11  11   2   0   6   0  24  22   0   5   3  0.22 0.15
  176 G   -3  0 -3 -4 -5 -4 -5  7 -3 -6 -6 -4 -5 -6 -5 -3 -4 -5 -6 -6    0   6   1   0   0   0   0  92   1   0   0   0   0   0   0   0   0   0   0   0  2.00 0.48
  177 P    0 -3 -2 -1 -4  0  2 -4 -2 -4 -4 -1 -3 -4  7 -1 -1 -5 -4 -2   10   0   1   3   0   4  12   0   1   0   0   4   0   1  55   4   2   0   0   2  1.23 0.33
  178 N   -3  1  5  0 -4  0  0 -3  6 -3 -1 -2 -2 -1 -4 -2 -1 -3  2 -4    0   6  35   4   0   3   4   0  25   1   7   0   1   2   0   0   2   0   7   0  0.76 0.28
  179 S   -1 -4  1 -3 -2 -3 -2 -2 -3 -5 -4 -3 -4 -5 -4  7  1 -6 -4 -4    2   0   5   0   1   0   1   2   0   0   1   0   0   0   0  82   6   0   0   0  1.37 0.46
  180 V   -3 -6 -6 -6 -2 -5 -6 -6 -6  7 -1 -5 -1 -3 -5 -5 -3 -5 -4  4    0   0   0   0   0   0   0   0   0  65   1   0   0   0   0   0   0   0   0  34  1.49 0.41
  181 V   -3 -5 -6 -6 -3 -5 -5 -6 -6  6  1 -5 -1 -3 -5 -5 -3 -5 -4  4    0   0   0   0   0   0   0   0   0  63  12   0   0   0   0   0   0   0   0  24  1.27 0.36
  182 G   -3 -5 -3 -4 -5 -5 -4  7 -5 -7 -7 -4 -6 -6 -5 -3 -4 -5 -6 -6    0   0   0   0   0   0   1  98   0   0   0   0   0   0   0   0   0   0   0   0  2.26 0.51
  183 R   -5  8 -4 -5 -7 -2 -3 -5 -3 -6 -5 -1 -4 -6 -5 -4 -4 -6 -5 -6    0  99   0   0   0   0   0   0   0   0   0   0   0   0   0   0   0   0   0   0  2.46 0.59
  184 A    4 -3 -3 -3 -2 -3 -3 -1 -4 -4 -4 -3 -3 -5 -3  3  4 -5 -4 -3   42   0   0   0   1   0   0   4   0   0   0   0   0   0   1  18  34   0   0   0  0.85 0.33
  185 L   -2 -4 -5 -5 -2 -4 -5 -5 -5  2  3 -4  5  1 -5 -4 -2 -4 -3  4    1   0   0   0   0   0   0   0   0  10  25   0  15   6   0   0   0   0   0  42  0.80 0.28
  186 V   -3 -5 -6 -6 -4 -5 -5 -6 -6  0 -2 -5 -1 -4 -5 -2 -3 -6 -4  7    0   0   0   0   0   0   0   0   0   1   0   0   1   0   0   2   0   0   0  96  1.78 0.49
  187 V   -3 -5 -6 -6 -1 -5 -5 -6 -6  3 -1 -5 -2 -2 -5 -4 -2 -5 -4  7    0   0   0   0   1   0   0   0   0  16   3   0   0   1   0   0   0   0   0  79  1.41 0.40
  188 H   -5 -4 -3 -5 -7 -3 -4 -6 11 -7 -6 -4 -5 -5 -6 -3 -4 -6 -2 -7    0   0   0   0   0   0   0   0  98   0   0   0   0   0   0   1   1   0   0   0  3.34 0.69
  189 E    5 -3 -2 -1 -4 -1  4 -1 -3 -4 -4 -2 -3 -5 -3  0 -2 -5 -4 -3   52   0   0   2   0   1  34   2   0   0   0   1   0   0   0   5   1   0   0   1  0.86 0.32
  190 L   -2 -2  1  5 -4 -1 -1  3 -3 -3  0  1 -1 -3 -3 -2 -3 -4 -2 -4    0   1   4  35   0   2   2  25   0   0  14  11   2   1   0   1   0   0   1   0  0.54 0.22
  191 E    0 -1 -2 -2 -3  2  4 -4 -3 -2 -4 -1 -2 -5  4 -1  2 -5 -4 -1    6   3   0   0   0  12  29   0   0   2   0   2   0   0  23   1  15   0   0   6  0.62 0.24
  192 D   -5 -5 -2  8 -7 -3 -1 -4 -4 -6 -7 -4 -6 -7 -5 -3 -4 -8 -6 -6    0   0   0 100   0   0   0   0   0   0   0   0   0   0   0   0   0   0   0   0  2.55 0.57
  193 D   -5 -5 -2  8 -7 -3 -1 -4 -4 -6 -7 -4 -6 -7 -5 -3 -4 -8 -6 -6    0   0   0 100   0   0   0   0   0   0   0   0   0   0   0   0   0   0   0   0  2.55 0.57
  194 L   -4 -5 -6 -6 -4 -5 -5 -6 -3 -1  6 -5  0  0 -6 -5 -4 -4 -1 -1    0   0   0   0   0   0   0   0   1   0  94   0   0   3   0   0   0   0   2   1  1.51 0.41
  195 G   -3 -5 -3 -4 -5 -5 -5  7 -5 -7 -7 -4 -6 -6 -5 -3 -4 -5 -6 -6    0   0   0   0   0   0   0 100   0   0   0   0   0   0   0   0   0   0   0   0  2.31 0.50
  196 K   -2  4 -2 -3 -5  0 -2 -4 -3 -3 -1  6 -3 -5 -4 -3 -3 -5 -4 -3    2  21   0   1   0   3   0   0   0   1   7  64   0   0   0   0   0   0   0   1  1.14 0.36
  197 G   -2 -4 -3 -3 -5 -3 -5  7 -5 -6 -6 -4 -5 -6 -5 -2 -1 -5 -6 -6    0   0   0   1   0   1   0  92   0   0   0   0   0   0   0   1   4   0   0   0  1.95 0.45
  198 G   -2 -4  2  1 -2 -3 -3  6 -4 -5 -6  0 -5 -5 -4 -2 -2 -5 -5 -4    1   0   9   7   1   0   1  72   0   0   0   5   0   0   0   1   2   0   0   1  1.29 0.34
  199 H   -3 -1  4  0 -5 -1 -2 -3  9 -6 -5 -1 -4 -1 -5 -1 -2 -5 -2 -5    1   2  23   4   0   1   1   1  57   0   0   3   0   3   0   3   1   0   0   0  1.56 0.42
  200 E   -1 -3 -1  2 -5  0  6 -4 -3 -5 -5 -1 -4 -5  1 -1 -1 -5 -4 -3    3   0   2  11   0   1  65   0   0   0   0   1   0   0   8   3   3   0   0   1  1.09 0.34
  201 L   -3 -3 -2  3 -4 -1  4 -3 -3 -2  4 -2 -1 -2 -4 -3 -3 -4 -1 -2    1   0   1  15   0   1  34   1   0   0  44   0   0   1   0   0   0   0   2   0  0.65 0.28
  202 S   -2 -4 -2 -3 -4 -3 -3 -3 -4 -5 -6 -3 -5 -6 -4  7 -1 -6 -5 -5    0   0   0   0   0   0   0   0   0   0   0   0   0   0   0  99   1   0   0   0  1.92 0.55
  203 P   -2  0 -3 -3 -4 -1 -2 -4 -2 -2  3  5 -1 -3 -3 -2 -1 -4 -3 -2    2   3   1   0   0   0   0   0   1   0  41  46   0   0   1   2   3   0   0   0  0.72 0.29
  204 T   -2 -1 -2 -3 -4 -1 -1 -4 -3 -2 -3  5 -3 -5 -3  2  5 -5 -4 -2    0   1   0   0   0   0   1   0   0   2   1  40   0   0   0  15  38   0   0   1  0.85 0.32
  205 T   -3 -4 -3 -4 -4 -4 -4 -5 -5 -4 -4 -4 -4 -5 -4 -1  8 -6 -5 -3    0   0   0   0   0   0   0   0   0   0   0   0   0   0   0   1  99   0   0   0  2.12 0.56
  206 G   -3 -5 -3 -4 -5 -5 -5  7 -5 -6 -7 -4 -6 -6 -5 -3 -4 -5 -6 -4    0   0   0   0   0   0   0  99   0   0   0   0   0   0   0   0   0   0   0   1  2.24 0.49
  207 N   -4 -2  8  0 -6 -3 -3 -3  3 -6 -6 -3 -5 -6 -5 -2 -3 -7 -5 -6    0   1  90   3   0   0   0   0   6   0   0   0   0   0   0   0   0   0   0   0  2.18 0.52
  208 A    7 -3 -4 -4 -3 -3 -3 -2 -4 -4 -4 -3 -4 -5 -3  1 -2 -5 -4 -3   90   0   0   0   0   0   0   0   0   0   0   0   0   0   0   9   0   0   0   0  1.50 0.44
  209 G   -2 -5 -3 -4 -5 -5 -5  7 -5 -7 -7 -4 -6 -6 -5 -3 -4 -5 -6 -6    0   0   0   0   0   0   0 100   0   0   0   0   0   0   0   0   0   0   0   0  2.27 0.48
  210 G    3 -3 -1 -1 -4 -3 -3  5 -4 -4 -4 -2 -4 -5  2  1 -2 -5 -4 -4   27   0   2   3   0   0   0  47   0   0   0   1   0   0  11   7   1   0   0   0  0.84 0.25
  211 R   -4  8 -3 -5 -1 -2 -3 -5 -3 -6 -5 -1 -4 -6 -5 -4 -4 -6 -5 -6    0  98   0   0   2   0   0   0   0   0   0   0   0   0   0   0   0   0   0   0  2.32 0.53
  212 L   -1 -4 -3 -4 -3 -3 -4 -4 -4  3  3 -2  0 -2  2 -2 -2  0 -3  3    3   0   1   0   0   1   0   0   0  17  39   2   0   0  11   2   0   2   0  23  0.49 0.19
  213 A    6 -4 -4 -4 -1 -3 -3  1 -4 -4 -4 -3 -3 -5 -3 -1 -2 -5 -4 -1   84   0   0   0   1   0   0  10   0   0   0   0   0   0   0   1   1   0   0   2  1.26 0.38
  214 C   -4 -7 -6 -7 12 -6 -7 -6 -7 -5 -5 -7 -5 -6 -6 -4 -4 -6 -6 -4    0   0   0   0 100   0   0   0   0   0   0   0   0   0   0   0   0   0   0   0  3.77 0.66
  215 G   -1 -5 -3 -4 -3 -4 -4  7 -5 -6 -6 -4 -5 -6 -5 -1 -4 -5 -6 -5    4   0   0   0   1   0   0  92   0   0   0   0   0   0   0   2   0   0   0   0  1.93 0.42
  216 V   -2 -5 -5 -5 -3 -5 -4 -6 -5  4 -1 -4 -1 -3 -5 -4 -2 -5 -3  6    0   0   0   0   0   0   1   0   0  29   0   0   0   0   0   0   1   0   0  68  1.26 0.35
  217 V   -4 -5 -5 -6 -4 -5 -6 -6 -6  7 -1 -5 -1 -2 -5 -5 -3 -5 -4  3    0   0   0   0   0   0   0   0   0  83   0   0   0   0   0   0   0   0   0  16  1.58 0.40
  218 G    0 -5 -3 -4 -5 -4 -5  7 -5 -6 -6 -3 -5 -3 -5 -3 -4 -5 -5 -4    6   0   0   0   0   0   0  91   0   0   0   1   0   1   0   0   0   0   0   1  1.85 0.40
  219 L   -3 -4 -4 -5 -3 -4 -5 -5 -5  5  4 -4  1 -1 -5 -4 -3 -2 -1  2    0   0   0   0   0   0   0   0   0  46  39   0   3   1   0   0   0   0   1   9  0.89 0.25
  220 T    4 -2 -2 -3  2 -2 -2 -2 -2 -3 -3 -2 -3 -4 -3  2  4 -4 -3 -1   45   1   1   0   4   1   0   1   1   0   0   1   0   0   0  16  29   0   0   2  0.64 0.22
  221 P   -2  0 -2 -2 -4  3  1 -3 -2 -4 -3  4 -3 -5  5 -2 -2 -4 -4 -4    1   0   1   0   0  16   8   0   0   0   2  40   0   0  32   0   0   0   0   0  0.91 0.20
  222 V   -2 -3 -4 -4 -2 -3 -4 -4 -4  4  2 -3  1 -1 -3 -3 -1 -3 -2  4    0   0   0   0   0   0   0   0   0  38  22   0   2   0   0   0   0   0   0  38  0.54 0.10

                      K         Lambda
Standard Ungapped    0.1279     0.3104
Standard Gapped      0.0565     0.2670
PSI Ungapped         0.1831     0.3115
PSI Gapped           0.0565     0.2670
