
Last position-specific scoring matrix computed, weighted observed percentages rounded down, information per position, and relative weight of gapless real matches to pseudocounts
           A  R  N  D  C  Q  E  G  H  I  L  K  M  F  P  S  T  W  Y  V   A   R   N   D   C   Q   E   G   H   I   L   K   M   F   P   S   T   W   Y   V
    1 M   -1 -1 -2 -3 -2  0 -2 -3 -2  1  2 -1  6  0 -3 -2 -1 -2 -1  1    0   0   0   0   0   0   0   0   0   0   0   0 100   0   0   0   0   0   0   0  0.33 0.01
    2 A    4 -2 -2 -2  0 -1 -1  0 -2 -1 -2 -1 -1 -2 -1  1  0 -3 -2  0  100   0   0   0   0   0   0   0   0   0   0   0   0   0   0   0   0   0   0   0  0.41 0.01
    3 L    1 -2 -3 -3 -1 -2 -2 -2 -2  1  3 -2  3  0 -2 -1 -1 -2 -1  1   20   0   0   0   0   0   0   0   0   0  59   0  21   0   0   0   0   0   0   0  0.28 0.02
    4 S    1 -1  3  0 -2  0 -1 -1 -1 -3 -3 -1 -2 -3 -1  4  1 -3 -2 -2    0   0  17   0   0   0   0   0   0   0   0   0   0   0   0  83   0   0   0   0  0.54 0.08
    5 M   -1  1 -2 -3 -2 -1 -2 -3 -2  1  2 -1  5 -1 -3  0 -1 -2 -2  1    0  11   0   0   0   0   0   0   0   0  24   0  44   0   0   8   0   0   0  12  0.31 0.09
    6 E    0  1 -1  0 -3  1  5 -2 -1  0 -2  0 -2 -3 -2 -1 -1 -3 -2 -1   12   8   0   0   0   0  68   0   0  11   0   0   0   0   0   0   0   0   0   0  0.51 0.10
    7 F    0 -3 -3 -4  4 -3 -3 -3 -2  0  1 -3  0  5 -3 -1 -2 -1  1 -1   14   0   0   0  15   0   0   0   0   0  19   0   0  48   0   5   0   0   0   0  0.42 0.08
    8 G    1 -3 -1 -2  6 -2 -2  4  3 -3 -2 -2 -2  0 -3 -1 -2 -2 -1 -2   14   0   0   0  26   0   0  40  12   0   0   0   0   7   0   0   0   0   0   0  0.52 0.08
    9 F    1 -2  1 -2 -2 -2 -2  1 -1 -2 -1 -2 -1  5 -3  1 -1 -1  1 -2   12   0  11   0   0   0   0  14   0   0   0   0   0  48   0  15   0   0   0   0  0.32 0.08
   10 S    0 -1  0 -1 -2  0 -1 -1 -2 -2 -1  1 -1 -3 -2  4  1 -3 -2 -2    0   0   0   0   0   0   0   0   0   0  11  14   0   0   0  76   0   0   0   0  0.43 0.11
   11 I    0 -3 -4 -4 -2 -3 -3 -3 -3  3  3 -3  1  0 -3 -2 -1  4 -1  2    8   0   0   0   0   0   0   0   0  24  48   0   0   0   0   0   0   9   0  11  0.41 0.09
   12 G    2 -1  1 -1 -2  1 -1  3 -1 -3 -3 -1 -2 -3 -2  3  0 -3 -3 -2   19   0   8   0   0  11   0  27   0   0   0   0   0   0   0  34   0   0   0   0  0.41 0.10
   13 S    0 -2 -1 -2 -2 -1 -1 -2  3 -2 -2 -1 -2  4 -2  4  0 -2  0 -2    0   0   0   0   0   0   0   0   9   0   0   0   0  25   0  66   0   0   0   0  0.51 0.18
   14 C   -1 -3 -3 -3  8  0 -3  0 -3 -1 -1 -3 -2 -3  2 -2 -2 -3 -3  0    0   0   0   0  55   8   0   9   0   0   7   0   0   0   9   0   0   0   0   8  0.85 0.18
   15 F   -2 -3 -3 -3 -2 -3 -3  0 -2  2  0 -3  0  5 -3  0 -1 -1  1  1    0   0   0   0   0   0   0  10   0  19   0   0   0  47   0   8   0   0   0  12  0.39 0.13
   16 K    0  2 -1 -2 -3  0 -1  0 -2 -3 -3  3 -2 -3  3  0  1 -3 -2 -2    8  17   0   0   0   0   0   7   0   0   0  25   0   0  19   5  15   0   0   0  0.39 0.10
   17 A    2 -1 -1 -1 -1  1 -1 -1 -2 -2 -1  1 -1 -2  1  2  1 -3 -2 -1   33   0   0   0   0   8   1   1   0   0   8  13   0   0   7  17  10   0   0   1  0.21 0.08
   18 P    0  3 -1 -1 -2  1  1 -2 -1 -2  0  0 -1 -2  5 -1 -1 -3 -2 -2    8  28   1   1   0   7   8   1   0   1  10   1   0   1  29   1   1   0   1   1  0.47 0.10
   19 N   -1  1  4 -1 -2  0 -1 -2  2 -2  0  1 -1  0  2  0 -1 -2 -1 -2    1   9  30   1   0   1   1   1   7   1  13   8   0   6  13   8   1   0   0   1  0.23 0.08
   20 P   -1 -2 -2 -2 -3 -2 -2 -3 -3 -1  1 -2 -1 -3  7 -1  0 -3 -3  0    1   1   1   1   0   0   1   1   0   1  17   1   0   0  59   1   9   0   0   7  1.08 0.18
   21 P    1 -2 -2 -2 -2 -2 -2 -2 -2 -2 -1 -2 -2 -3  6  0  0 -3 -3  0   15   1   1   1   0   0   1   1   0   1   7   1   0   0  54   5   6   0   0   7  0.93 0.15
   22 V   -1 -2 -2 -3 -2  0 -2 -3 -2  2  2 -2  1  1 -2  0  1 -2 -1  2    0   0   0   0   0   8   0   0   0  14  29   0   0   9   0   6  14   0   0  18  0.19 0.08
   23 L   -1  0 -2 -3 -2 -2 -2 -3 -2  2  2 -2  2  3 -3  0  0 -2  0  1    0   6   0   0   0   0   0   0   0  16  22   0   8  18   0  14   8   0   0   8  0.16 0.08
   24 I    1  1 -3 -3 -2 -2 -2 -1 -3  2  2 -1  0 -1  1 -1 -1 -3 -2  0   22  10   0   0   0   0   0   4   0  25  28   4   0   0   6   0   0   0   0   0  0.16 0.10
   25 S    0  1  0  1 -2 -1 -1 -2  2  2 -1 -1 -1 -2 -2  3  0 -3 -2  0    4  11   3   8   0   0   0   0   6  25   3   0   0   0   0  35   4   0   0   0  0.18 0.12
   26 A    2 -2  1  1 -2 -1 -1 -1 -2 -2 -2  0 -2 -3 -2  3  3 -4 -2  0   26   0   5   7   0   0   0   0   0   0   0   3   0   0   0  26  27   0   0   6  0.34 0.15
   27 S    1 -2  0 -1 -2  0  0  0 -2 -1 -1 -1 -1 -3  0  2  2 -3 -2 -1   16   0   4   0   0   5   5   4   0   5   8   0   0   0   3  28  21   0   0   0  0.22 0.11
   28 P    0  1 -1  0 -3  2  0 -2 -2 -3 -3  1 -2 -1  4  2  1 -3 -2 -2    6   9   0   5   0  15   0   0   0   0   0   9   0   3  25  18  10   0   0   0  0.45 0.14
   29 N    0  0  2  0  4 -1 -1 -2  1 -1 -2  0 -2 -1 -2  2  2 -3 -2 -2    6   4  16   4  13   0   0   0   4   4   0   7   0   2   0  23  17   0   0   0  0.27 0.14
   30 K    0  1  0 -1 -2  0  0 -2  2  0  0  1  1  0  0  0  1 -3 -1 -1   10  10   6   0   0   0   3   0   9   7  11  12   5   4   4   7  11   0   0   0  0.07 0.06
   31 I   -1 -1 -1 -3 -2 -2 -2 -3  1  2  0 -2  3  0  0 -1  2 -2  2  2    4   3   4   0   0   0   0   0   6  19   0   0  13   2   4   0  18   0  10  15  0.17 0.12
   32 N    1  0  4  1 -2 -1 -1  1 -1 -3 -3 -1 -2 -3  1  2  0 -3 -3 -2   16   6  29   6   0   0   0  10   0   0   1   0   0   0   8  20   2   0   0   0  0.36 0.14
   33 F   -2 -2 -3 -3  4 -1 -1 -4 -3  0  0  0  6  4  0 -2 -1 -2 -1  0    1   0   0   0  12   2   5   1   0   3   2   6  32  21   5   0   3   0   0   6  0.48 0.25
   34 T    0 -1  0 -1  0  2  0  0  2 -1 -3  0 -2 -3  0  2  3 -3 -2 -2    3   0   2   0   2  12   3   6   7   4   1   5   0   0   5  22  27   0   0   1  0.29 0.17
   35 L    0 -1 -1 -1 -2 -2 -2 -2 -2  1  2 -2  1  0 -1  2  0  3  1  0    5   3   2   3   0   0   1   1   0   9  23   1   2   2   2  23   5   6   7   5  0.14 0.12
   36 R   -1  4 -1 -2 -3  1  0 -1 -2 -1 -1  2 -2  0  1  1 -1 -3 -2 -2    1  32   0   0   0   7   3   5   0   3   4  15   0   5   8  10   3   0   0   2  0.32 0.17
   37 R   -1  5  1  0 -4  0 -1  1  0 -3 -3  2 -2 -4 -3  0 -1 -4 -3 -3    3  47   6   4   0   3   0  10   3   2   1   9   0   0   0   8   2   0   0   0  0.54 0.23
   38 R    0  2  0 -1  3  2  0 -1  0 -2 -1  1  1 -1 -2  0  1 -3 -2 -1    6  12   5   3   9  13   2   4   2   0   6   9   5   3   0   6  11   0   0   2  0.12 0.10
   39 K   -1  3  2 -1 -3  2 -1 -1 -1 -1 -2  3 -2 -3 -1  2 -1 -3 -3 -2    1  19  13   0   0   9   0   3   0   4   5  22   0   0   2  18   1   0   0   0  0.33 0.18
   40 K   -1  0  1 -1 -3  2  0  0  0 -3 -2  3  1 -3  0  3 -1 -3 -3 -3    1   2   6   0   0  11   2   7   2   0   3  20   5   0   4  32   1   0   0   0  0.32 0.21
   41 R   -2  3  0 -1 -3  0  0 -2  1 -2  1  0  0 -2  2  0  0 -3 -2 -2    1  26   5   3   0   3   8   2   3   0  20   0   1   1  12   5   7   0   0   1  0.23 0.15
   42 F   -1 -1  0  2 -3 -1  1 -2  2 -1 -1 -1 -1  2 -1  1  1 -2  0 -1    4   3   4  18   0   0   8   1   9   3   7   0   0  16   3  10   9   0   2   4  0.15 0.12
   43 L   -2 -3 -3 -1  2 -2 -2 -3 -3  1  2 -1  1  0  5 -1 -2 -3 -2  1    1   0   0   4   6   0   2   1   0  12  21   4   5   4  28   3   0   0   0   8  0.43 0.18
   44 L   -2  1 -3 -3  0 -2 -1 -3  0  2  2 -2  1  2 -3 -2 -2 -2 -1  2    1   9   0   1   2   0   4   1   4  18  26   1   4  11   1   2   1   0   0  15  0.23 0.14
   45 R   -2  3  0  0 -3  2  2 -3 -1 -3 -1  1 -2 -3  3  1 -1 -3  0 -2    1  17   5   3   0  11  17   1   0   0   6   5   0   0  16  10   0   0   5   2  0.35 0.18
   46 V    0  1  0 -2 -2  1 -1 -2  0  1  0  0  0 -1 -2  1  0 -3 -2  1    7  11   3   0   0   7   2   1   3  13  11   3   2   1   0  16   4   0   0  15  0.10 0.11
   47 S    1  0 -1  0  2  2  0  1  0 -3 -3 -1 -2 -3  2  3 -1 -3 -3 -1    9   4   0   5   6  10   5  10   2   0   2   2   0   0  11  27   0   0   0   3  0.27 0.18
   48 A    2 -2  0  1 -1 -1  1  2  3 -3 -2 -1 -2 -3  2  1 -1 -3 -2 -2   21   1   4   6   2   0   8  16  10   1   4   1   0   0   9  12   2   0   0   2  0.25 0.15
   49 V    0 -3 -3 -4 -1 -3 -3 -1 -1 -1  1 -3  1  1  2 -2 -2  8  0  1    7   1   0   1   2   0   1   5   1   2  12   1   4   5  12   2   2  26   1  14  0.65 0.26
   50 S   -1  2 -2 -3 -3 -2 -1 -1 -3  0  2 -2  0 -1 -1  3 -1 -3 -2 -1    3  16   0   0   0   0   3   4   0   5  29   0   1   2   2  30   0   0   0   2  0.29 0.25
   51 Y   -4 -4 -4 -5 -4 -4 -4 -5  2  1 -2 -4 -3  4 -5 -4 -4  7  7 -3    0   0   0   0   0   0   0   0   6  10   3   0   0  14   0   0   0  18  45   0  1.53 0.55
   52 K   -1  3 -2  2 -5  5  0 -2  4 -4 -4  2  0 -4 -3 -1 -2 -4 -3 -4    5  19   0  13   0  27   2   2  10   0   1  14   2   0   0   3   1   0   0   0  0.64 0.37
   53 E   -2  0  0  1 -1  2  2 -3 -3 -4 -5  2 -4 -5  5 -2 -3 -2 -4 -4    2   4   4   8   1   8  17   1   0   1   0  15   0   0  35   2   0   1   0   0  0.85 0.42
   54 F   -5 -6 -6 -6 -5 -6 -6 -6 -5 -2  3 -6 -2  8 -6 -5 -5  0  1 -2    0   0   0   0   0   0   0   0   0   0  33   0   0  60   0   0   0   1   3   2  1.73 0.68
   55 A    2 -3 -4 -5  0 -2 -4 -4 -1  2  4 -3  3 -1 -4 -1 -2  0 -2  1   22   0   0   0   2   1   0   0   1   9  39   1   7   1   0   3   1   2   1   9  0.48 0.32
   56 E   -1  0  2  4 -5  0  3 -3  3 -4 -3  2 -2 -3 -3 -1 -2 -5 -3 -2    3   4   9  28   0   3  23   0   7   0   2  11   1   1   0   3   2   0   0   3  0.58 0.34
   57 S   -1  0 -1  1  0 -1  0 -2  3 -3 -2 -1 -2  3 -3  1  1  1  3 -2    4   4   2   9   3   2   7   2  10   0   3   2   0  13   0  15   8   1  12   1  0.25 0.23
   58 A    4 -4 -1 -4 -3 -1 -4 -4 -4  3  3 -3  0 -2 -4 -2 -1 -4 -3  0   36   0   3   0   0   3   0   0   0  18  30   0   2   1   0   1   4   0   0   2  0.56 0.38
   59 L    0 -1 -3 -3 -2 -1  2 -4  1  3  2 -2  0 -1 -4 -2 -1  3 -2  1    7   3   1   0   1   3  19   0   3  20  24   0   1   2   0   1   3   4   0   8  0.30 0.26
   60 E    1  0  1  3 -4  2  3 -1 -2 -4 -4  1 -2 -5 -3  1  0 -5 -4 -3   15   3   6  15   0  12  20   3   0   0   0   7   1   0   0  13   4   0   0   0  0.44 0.31
   61 E    0  0  0  0 -1  1  2 -1  1 -1 -1  1 -2 -2 -2  0  0 -3 -1  0    9   5   5   3   1   6  20   4   4   3   8  10   0   1   0   4   7   0   2   6  0.13 0.14
   62 T   -3 -3 -5 -5 -3 -4 -5 -4 -5  3  4 -5  1 -2 -5 -3  2  7 -3  0    2   1   0   0   0   0   0   1   0  15  39   0   3   1   0   0  15  17   0   5  0.92 0.48
   63 R   -2  4  0  0 -4  3  2 -1  1 -3 -3  2 -3  1 -3  0 -1 -1 -2 -3    1  22   3   5   0  14  12   5   4   1   1  12   0   7   0   7   3   1   0   1  0.38 0.28
   64 K    0  2  1  0 -3  2  1  0  1 -3 -2  2 -2 -2 -1  1  0 -4 -1 -3    9  11   5   4   0  10   9   7   4   0   3  14   1   1   3  14   4   0   1   1  0.21 0.18
   65 R   -2  5  0 -2 -3  0  0 -2  4 -4 -2  1 -3  0 -4  0 -1 -1  3 -4    2  37   3   2   1   3   5   2  12   0   4   5   0   3   0   5   4   1  10   0  0.57 0.35
   66 I   -2 -2 -2 -4 -3 -3  0  0 -1  1  3 -3 -1  3 -1 -1  1  0 -2 -1    1   2   2   0   0   0   8   7   2  10  34   0   1  16   4   4   9   1   0   1  0.29 0.27
   67 V   -1 -2  1  3  2  1  2  0  2 -2 -1 -2 -2 -3 -1  0 -1 -4 -2  0    3   0   6  23   4   5  13   7   6   1   8   1   0   1   2   7   3   0   1   7  0.23 0.21
   68 L   -4 -1 -5 -5 -4 -1 -3 -6 -5  0  5 -3  1 -1 -2 -3 -2 -4 -3  1    0   4   0   0   0   2   1   0   0   4  69   1   2   2   2   2   2   0   0   8  0.94 0.49
   69 E    0  0 -1  0 -3  2  3 -2  1  0  0  0 -2 -1 -3  1  0 -4 -3  1    5   4   2   3   0   9  23   1   4   7   8   4   0   2   0  15   4   0   0  10  0.20 0.21
   70 P   -2 -3 -3  0 -2 -1 -2 -4 -4 -3 -4 -3  0 -5  8  1 -2 -5 -5 -4    2   2   1   4   1   3   1   0   0   1   1   1   2   0  67  11   1   0   0   0  1.73 0.68
   71 S   -2  0 -2  0  1 -2 -1 -3  2 -1  0  0 -2  0 -4  2 -2 -2  5 -2    2   7   1   7   4   1   3   1   6   4  10   5   0   3   0  19   1   0  26   1  0.38 0.31
   72 H    0 -3 -2 -2 -4  0  1 -3  4 -2 -2  0 -3 -4  6 -1 -1 -5 -1 -2   10   1   1   1   0   3   9   1  11   2   5   5   0   0  39   4   4   0   2   2  0.78 0.41
   73 L   -2 -3 -5 -5  1 -4 -3 -5 -5  4  4 -4  0  1 -5  0 -1 -4 -3  3    1   1   0   0   2   0   1   0   0  24  37   0   2   5   0   7   2   0   0  17  0.65 0.37
   74 Q   -1 -4 -3  2 -6  4  1 -5 -4 -6 -5 -1 -5 -6  6 -1 -1 -6 -5 -4    5   0   0  12   0  22   8   0   0   0   0   2   0   0  43   3   3   0   0   1  1.23 0.61
   75 E    0 -2  1  1 -4  0  4 -3  0 -4 -3 -1 -1 -4  3  1 -1 -4 -1 -3    9   2   7   5   0   3  32   1   2   0   2   2   2   0  14   9   3   0   2   1  0.44 0.32
   76 K   -1 -1  1  3 -1  0  3  3  0 -3 -4  1 -2 -3 -2 -2 -2 -4 -1 -2    3   2   5  17   2   2  21  20   3   2   1  10   1   1   1   0   1   0   3   3  0.36 0.26
   77 Y   -3 -3 -3 -5  0 -4 -4 -5  1 -2  3 -4  1  5 -4 -3 -2  1  4 -1    1   1   1   0   2   0   0   1   3   0  36   0   3  24   0   1   2   1  16   3  0.73 0.40
   78 S    0  0  1  0 -2  1  3  2 -2 -3 -1  0 -3 -4 -1  1 -1 -4 -3 -3    7   5   7   3   1   5  25  14   0   1   7   5   0   0   2  14   2   0   0   0  0.26 0.23
   79 S   -1  0  1 -1 -1  0  1 -2  1 -2 -2 -1 -3  2 -3  2 -1 -2  5 -2    5   4   6   2   1   3  10   2   3   1   2   2   0   8   0  17   3   0  24   3  0.33 0.28
   80 M   -1  0  1 -2  1  1 -2 -3 -2  2 -1  2  2 -2 -1 -2 -2 -3  1  2    4   5   7   2   3   9   1   1   0  16   3  17   6   0   2   1   1   0   7  15  0.18 0.21
   81 T   -1  0  0  0 -1  1  3 -3  1  0 -2  0 -1 -2 -2  1  1 -3 -2  0    4   6   3   5   2   4  25   1   3   6   3   5   1   1   0  13   9   0   1   7  0.19 0.19
   82 G    1 -1  1 -1 -1 -1 -2  4 -3 -3 -3 -2 -3 -2 -2  3 -2  0 -3 -2   14   3   5   2   1   2   2  29   0   2   1   1   0   2   1  28   1   2   0   2  0.47 0.31
   83 L   -1 -1  1  1 -3  1  2 -1 -1 -1  0  1  1 -2 -1  1  1 -3 -2 -1    4   2   6   6   0   8  14   3   1   3  10  11   4   1   2   9   9   0   0   5  0.10 0.11
   84 D   -1  0  0  3 -3 -1  0  1 -2 -2 -1  1 -1 -2 -1  0  1 -3  0 -1    2   6   4  18   0   1   7  14   0   0   5   8   1   1   3   7  11   0   5   6  0.14 0.14
   85 G   -1  0 -1  2 -2  0  2  4 -3 -2 -3 -1 -3 -4 -2  0 -2 -4 -4 -1    2   5   1  11   1   4  13  38   0   2   2   3   0   0   1   6   1   0   0   5  0.44 0.27
   86 K   -1  2  1  0 -4  0 -1  1 -2 -4 -4  5 -3 -2 -2  1 -1 -4 -3 -4    3  11   7   4   0   4   3  10   0   0   1  37   0   2   1  10   4   0   0   1  0.48 0.30
   87 T    1 -2 -1 -2 -1 -2 -1  1 -2  1  1 -1  1 -2 -1  1  1 -3 -1  1   13   2   2   1   1   0   5  10   0   8  16   2   4   0   2  10  12   0   2   9  0.09 0.12
   88 E   -1  1 -1 -1 -2  0  1 -3  0  1 -1  2 -1 -1 -1  0  2  1 -1  1    2   8   2   1   1   3  10   1   2   7   5  14   0   2   2   8  13   2   1  15  0.12 0.15
   89 L   -1 -2 -1 -3 -3 -3 -3  0 -2  4  2 -2  0 -1 -3 -2  1 -4 -3  1    3   2   4   0   0   1   0   7   1  37  20   3   1   2   0   2   8   0   0   7  0.38 0.25
   90 Q    0  1  0 -1  0  3  3 -2  0 -1 -2  1 -2 -2 -2  0  0 -3 -1 -2    5   8   4   1   2  14  26   2   2   4   2   8   0   2   0   8   6   0   2   2  0.27 0.20
   91 M    1 -1  5 -2 -3 -2 -2 -3 -2 -2  0 -2  3 -2 -3  2  1 -4 -3 -1   10   3  34   0   0   0   0   1   0   1   9   0   8   1   0  16  10   0   0   4  0.51 0.33
   92 L   -2  1  1 -1  0 -1  1 -3  2  0  1 -2 -1  0 -3 -1 -1  8  1 -1    3   9   6   3   2   1  10   1   6   5  13   1   1   3   0   3   5  21   4   3  0.47 0.26
   93 A    2 -1 -2 -3  6 -2 -2  0 -3 -1  1 -2  1 -1 -3  1 -1 -3 -3  0   21   3   2   0  20   1   2   7   0   2  15   1   3   3   0  10   2   0   0   5  0.35 0.23
   94 F   -2 -1 -1 -4  2 -3 -4 -2  3 -3  0 -3 -2  4 -4 -3 -2  5  6 -2    2   3   3   0   5   0   1   2   7   0   7   1   0  21   0   1   3   7  33   2  0.88 0.39
   95 K   -1  1 -1  0  0  5  1 -3  1 -4 -4  2 -3 -4 -2  2  1 -4 -2 -3    3   7   2   4   2  30   7   1   4   0   1  12   0   0   2  16   8   0   1   0  0.52 0.32
   96 S    1 -2 -2 -1  4 -2 -2  1  0 -3 -2 -2 -1 -2 -3  3  2 -4 -3  0    9   1   0   2  10   1   0  13   3   0   4   1   1   1   0  29  16   0   0   6  0.37 0.27
   97 S   -1  1 -1  1 -4  0  1 -3  1 -3 -3  2 -3 -4  5  1  0  1 -3 -3    3   8   2  10   0   3  10   1   3   1   2  12   0   0  27  10   4   2   0   1  0.51 0.26
   98 K   -1  2 -2 -2 -4  2  2  1  0 -3 -3  3 -3 -2  0 -1 -2 -3  0 -2    5   9   0   1   0  12  12  14   2   1   2  24   0   1   5   2   1   0   4   3  0.32 0.22
   99 I   -3 -4 -4 -5  0 -4 -4 -3 -3  4  2 -4  0  6 -4 -4 -3 -2  1  1    1   0   0   0   2   0   0   2   0  28  18   0   2  34   0   1   0   0   4   7  0.80 0.35
  100 R   -2  7  0  2 -5  0 -2 -4 -3 -5 -2  0 -4 -5 -4 -2 -3 -5 -4 -4    2  68   4  12   0   2   0   1   0   0   4   2   0   0   0   2   0   0   0   0  1.35 0.55
  101 L   -2  1 -3 -3 -4  2 -2 -2 -3 -3  0  5  1  1 -3 -3 -3  4 -1 -3    3   7   0   0   0  11   0   2   0   0  12  43   4   7   0   1   0   6   1   0  0.66 0.39
  102 L    0 -4 -4 -4 -3 -3 -4 -4 -4  3  3 -4  4  0 -4 -2 -1  3 -3  1    9   0   0   0   0   0   0   1   0  21  32   0  14   2   0   3   4   5   0   7  0.59 0.32
  103 R   -4  6 -3 -4 -5 -2 -3 -5  8 -2 -3 -1 -4 -4 -5 -4 -2 -5  0 -1    1  46   0   0   0   0   0   1  33   2   2   2   0   0   0   0   2   0   3   6  1.49 0.62
  104 S    1 -2 -2 -2  2 -2  2 -3  3  1  0 -2  0 -1 -3  0 -1 -3  2  0   14   1   1   0   4   0  18   1   8   9  12   1   2   1   0   8   1   0   9   8  0.19 0.20
  105 M    2 -3 -2 -1 -3 -1  2 -2 -3 -1  2 -2  0 -3 -3  1  2 -4 -3  0   18   0   0   3   0   2  13   2   0   1  21   0   2   0   0  11  17   0   0   8  0.25 0.24
  106 A    2  0 -2 -2  3 -2 -1 -2  2 -1 -1 -2 -2 -1 -3 -1  1  5  2  0   23   6   2   2   7   0   3   2   6   3   6   1   0   2   0   3  10   9  10   6  0.29 0.23
  107 I    1  0 -3 -3  1 -1 -3 -2 -1  3  2  0  0 -1 -2 -2 -1 -3 -1  2   11   7   0   0   3   3   0   2   1  20  17   8   2   3   2   2   2   0   1  16  0.19 0.18
  108 E   -2  1  0  2 -3  1  2 -1 -1 -1 -1  0 -2 -1 -2 -1 -1  3  0  1    2   7   4  14   0   6  20   6   1   3   6   3   0   2   1   3   3   4   3  11  0.17 0.17
  109 N   -1 -4  2 -1 -4 -1 -1  5 -3 -5 -5 -2 -4 -5 -4  0  2 -5 -2 -4    2   0  10   3   0   3   5  52   0   0   1   2   0   0   0   7  12   0   2   0  0.88 0.46
  110 E    0  0  1  2 -4  0  2  1 -2 -4 -3  1 -1 -4  3 -1 -1 -1 -3 -2    8   3   5  11   0   4  15  11   0   0   2  11   1   0  17   4   3   1   0   2  0.35 0.24
  111 T    1 -1  2 -1 -3  0  0  2 -1 -2 -2  1  1 -3  0  2  1 -3 -1 -2   14   2  10   1   0   3   4  13   1   2   2  10   5   0   3  17   7   0   3   2  0.19 0.19
  112 M    1 -3 -4 -4  0 -3 -3 -4 -4  1  4 -1  2  0 -1 -1 -1 -3  0  0   12   0   0   0   2   0   0   0   0   6  42   4   6   4   3   6   3   0   3   6  0.39 0.28
  113 Q   -3 -1  1  4  0  5  1 -2  0 -4 -3  0 -3 -5 -4  1 -3 -5 -4 -3    0   2   5  23   2  33   6   3   2   0   3   5   0   0   0  12   0   0   0   2  0.71 0.44
  114 V   -1 -4 -1 -4  2 -3 -4 -4 -4  4  0 -3  0  1 -4 -2 -1 -4 -2  4    3   0   4   0   6   0   0   0   0  39   0   0   0   5   0   3   0   0   0  40  0.58 0.25
  115 F    0 -3 -4 -4  1 -3 -3 -4  0  0  3 -3  1  4 -4 -2  0 -2  2  1    7   0   0   0   3   0   0   0   3   2  44   0   3  20   0   0   5   0   6   8  0.42 0.20
  116 D   -2 -2  6  2  0  0 -1 -2  5 -4 -4 -2 -3 -4 -3  1  1 -4 -2 -4    0   0  46   9   3   3   0   0  21   0   0   0   0   0   0   8   8   0   0   0  0.83 0.31
  117 F    0 -3  0 -3  4 -3 -3 -2 -3  1  1 -3  0  3 -3  0  0 -2 -1  1    5   0   5   0  13   0   0   2   0   9  16   0   2  21   0   9   8   0   0  11  0.25 0.15
  118 A    1 -3 -3 -3  1 -2 -3 -3  1  2  1 -3  2 -2 -3  0  1 -4 -2  4   12   0   0   0   3   0   0   0   4   7  12   0   5   0   0   6   8   0   0  42  0.33 0.19
  119 G    0 -3 -3 -4  3 -3 -3 -1 -3  3  1 -3  3  1 -3 -2  0  3  1  2    6   0   0   0   9   0   0   6   0  29   5   0  12   7   0   0   6   5   5  11  0.31 0.19
  120 F   -3 -3  0 -3  2 -3 -3 -4  2  0 -1 -3 -2  5  0 -1  0  5  5 -2    0   0   6   0   5   0   0   0   5   5   5   0   0  29   5   5   7   8  22   0  0.56 0.27
  121 M   -2 -5 -5 -5 -6 -5 -5 -5 -6 -2  0 -4  0 -6  8 -2 -2 -7 -6 -5    3   0   0   0   0   0   0   0   0   3   9   0   3   0  77   3   2   0   0   0  2.13 0.73
  122 E   -1  3  3  2 -2  0  1 -1  2 -3 -3  1 -3 -3 -3  0 -1  1 -2 -4    5  22  14  14   1   2   8   4   4   1   3   9   0   1   0   8   2   2   1   0  0.34 0.22
  123 P    0  0 -1 -4  0 -2 -2 -4  3 -3 -1 -2 -2  1  6 -1  1 -4  2 -2    7   5   3   0   2   1   1   0   8   1   5   1   1   6  38   4   8   0   8   1  0.72 0.35
  124 E   -1  1  2  1 -1  1  3 -1  2 -2 -3  0 -3 -4 -3  1  0 -4 -2 -3    4   6  12   7   2   7  26   5   6   2   2   4   0   0   0  12   4   0   1   0  0.33 0.22
  125 Y   -3 -2  0 -4 -1 -4 -2 -3  0  1 -2 -4 -3  4 -2  0 -1 -1  7 -1    1   2   5   0   1   0   2   1   2   9   3   0   0  17   2   6   4   0  43   3  0.88 0.43
  126 D    0 -2  1  6 -5 -1  1 -1 -3 -3 -5 -1 -5 -5  0 -2 -3 -6 -5 -5    7   2   7  57   0   2   9   5   0   2   0   2   0   0   4   1   0   0   0   0  1.06 0.45
  127 T    0 -4 -4 -5 -3 -2 -4 -5  0  2  4 -3  2  0 -4 -2  0 -4 -3  2    7   0   0   0   0   2   0   0   3  12  46   1   4   4   0   1   6   0   0  14  0.52 0.29
  128 P   -4 -6 -5 -5 -6 -5 -5 -6 -6 -6 -6 -4 -6 -7  9 -4 -5 -7 -6 -6    0   0   0   0   0   0   0   0   0   0   0   0   0   0 100   0   0   0   0   0  3.22 0.79
  129 I   -2 -4 -2 -4  1 -3 -4 -5  4  4  1 -4  3  2 -4 -2 -3 -3 -2  1    2   0   2   0   3   0   0   0  14  37  13   0  10  11   0   2   0   0   0   6  0.60 0.28
  130 F   -5 -5 -6 -6 -5 -5 -6 -6 -4 -2  3 -5  2  8 -6 -5 -4 -2  1 -2    0   0   0   0   0   0   0   0   0   0  26   0   5  67   0   0   0   0   2   2  1.66 0.51
  131 C    1 -4 -3 -4  5 -2 -4  6 -4 -5 -2 -4 -4 -5 -4 -2 -1 -5 -5 -4    9   0   0   0  12   2   0  68   0   0   5   0   0   0   0   2   3   0   0   0  1.28 0.42
  132 A    3 -4 -4 -4  4 -3 -4 -2 -4  2  1 -3  3  2 -3 -2  0 -3 -2  1   33   0   0   0  11   0   0   2   0  15  10   0   8   9   0   0   4   0   0   9  0.42 0.24
  133 N   -1 -4  2  7 -6 -2  2 -4  0 -6 -6 -3 -5 -6 -4 -2 -3 -7 -5 -5    5   0  11  71   0   0   9   0   2   0   0   0   0   0   0   2   0   0   0   0  1.57 0.50
  134 F   -1 -4 -5 -5 -3 -4 -5 -5 -4  2  3 -4  0  4 -5 -2 -3  5 -1  1    5   0   0   0   0   0   0   0   0  13  35   0   1  24   0   3   0  10   0   8  0.73 0.29
  135 F   -2 -4 -5 -5 -3 -4 -5 -1 -4  1  1 -4  2  4 -5 -4 -3 -3 -2  5    2   0   0   0   0   0   0   6   0   6  12   0   5  20   0   0   0   0   0  48  0.74 0.32
  136 T    2 -3 -1 -3 -1 -1 -2  3 -3 -2 -3 -1 -2 -4 -3  2  3 -4 -4 -1   18   0   2   0   1   3   2  28   0   1   1   3   1   0   0  17  23   0   0   3  0.48 0.25
  137 S    0  0 -1 -3 -2 -2 -2  0 -2  0  1 -1  0  3 -1  1  1  0 -1  0    7   7   3   0   0   0   0   6   0   2  18   3   2  16   2  16   9   1   0   8  0.12 0.13
  138 T    1  1 -1 -3 -4 -2 -2  3 -2 -5 -5  0 -4 -5  5  0 -1 -5 -4 -4   12  10   3   0   0   0   2  29   1   0   0   4   0   0  32   6   2   0   0   0  0.82 0.30
  139 N    0  1  3  0 -3  3  1  2 -1 -4 -4  1 -3 -4 -3  0  1 -4 -3 -3    6   7  15   5   0  16   8  17   1   0   0  11   0   0   0   5   8   0   0   1  0.34 0.18
  140 V   -1  1 -1 -3 -3 -1 -2  2 -3  1 -2  3  0 -1 -3  0 -1 -4 -1  2    1   6   2   0   0   2   0  17   0  12   0  28   3   2   0   6   2   0   2  17  0.25 0.19
  141 N   -2 -1  2 -2 -3 -2 -2 -3  5 -1  1  0 -1 -1 -3  3  1  0 -1 -1    1   2  12   0   0   0   0   1  16   3  16   6   1   3   0  28   7   1   2   2  0.32 0.23
  142 I    2 -4 -4 -4 -3 -3 -4 -4 -4  3  3 -4  0  2 -4 -2 -2 -3 -2  1   27   0   0   0   0   0   0   0   0  18  36   0   0   9   0   0   1   0   0  10  0.51 0.25
  143 V    3 -4 -4 -4  1 -3 -3 -3 -3  3  1 -3  0  2 -3 -2 -2 -3  1  2   35   0   0   0   4   0   0   1   0  18  13   0   2   8   0   1   0   0   5  14  0.40 0.22
  144 V    1 -4 -4 -4 -2 -2 -4 -1  0  4 -1 -4 -1  0 -4 -3 -1 -4  0  4   13   0   0   0   0   2   0   4   3  36   1   0   0   4   0   0   2   0   4  31  0.54 0.27
  145 L    1 -3 -4 -4 -2 -3 -4 -4 -4  1  4 -3  2  1 -4 -3 -2 -3 -2  3   11   0   0   0   0   0   0   0   0   5  48   0   6   5   0   0   0   0   0  22  0.57 0.24
  146 D   -7 -7 -4  9 -9 -6 -4 -7 -6 -9 -9 -6 -9 -9 -7 -6 -6-10 -9 -9    0   0   0 100   0   0   0   0   0   0   0   0   0   0   0   0   0   0   0   0  3.29 1.29
  147 L   -3 -6 -6 -7  0 -6 -6 -7 -5  0  5 -6  3  4 -2 -6 -5 -4  1 -1    2   0   0   0   2   0   0   0   0   5  57   0   6  19   2   0   0   0   4   3  1.20 0.59
  148 N   -1 -4  1 -4  0  6 -2 -5 -2 -1 -4 -4 -2 -6 -3  5 -3 -6 -5 -5    4   0   7   0   2  32   2   0   1   4   1   0   1   0   1  45   0   0   0   0  1.22 0.74
  149 P   -4 -6 -6 -6 -1 -6 -6 -6 -6 -7 -7 -5 -7 -7  9 -5 -6 -7 -7 -6    2   0   0   0   2   0   0   0   0   0   0   0   0   0  93   0   0   0   0   0  3.17 1.21
  150 L    0  1 -4 -4 -1 -3 -4 -3 -4  0  3 -3  1 -3 -4 -1  1 -4 -3  4    8   7   0   0   1   1   1   2   0   3  30   0   2   0   0   4  11   0   0  27  0.46 0.32
  151 H   -1 -1  2 -1 -1 -1 -1  0  3  0  0 -1 -1  2 -3  1  1 -2  1  0    3   3  11   2   1   1   4   6   9   5   8   4   1  12   1  11   8   0   5   5  0.13 0.14
  152 Q   -1  1  1  2 -4  3  1  0  1 -3 -3  2 -3 -4  0  0  0 -4 -3 -3    5   7   7  14   0  15  10   6   3   1   3  11   0   0   5   6   5   0   0   1  0.29 0.21
  153 L    0  0  0  1  0  0  0  0  0  0  0  0  0 -2  0  0  1 -2 -1  0    8   5   5   9   2   3   6   6   2   7  12   4   1   1   3   5  11   0   1   9  0.03 0.04
  154 T    0  1 -1 -1 -2  0  0  0  0  0  1  0  0 -1  0  0  1 -2 -1  0    7  10   3   2   1   3   7   6   2   6  14   4   2   2   5   8  12   0   2   5  0.05 0.06
  155 D    0 -1  1  2 -2  0  0 -1  0 -1  1 -1  0 -1  2  0  1 -2 -2 -1    6   2   6  15   0   3   5   4   3   4  15   4   2   2   9   8   8   0   1   3  0.12 0.10
  156 Q   -2  0  0  4 -4  1  1 -3  1 -3  0 -1 -3 -3  1  0 -1 -4  0 -2    3   5   3  29   0   6   9   1   4   1  11   2   0   0   8   7   4   0   3   2  0.37 0.27
  157 T    0  1  0 -1 -2 -1  2 -2 -2 -1  0  1 -2 -3  4 -1 -2 -4 -1 -1    9   8   4   2   1   2  15   3   1   3   8   9   1   1  21   4   2   0   2   4  0.29 0.22
  158 D    1 -1  0  3 -3  0  1 -2  1 -2 -3  0 -3 -4  0  2  0 -2 -2 -2   15   3   3  21   0   4  10   2   3   3   2   6   0   0   4  13   6   1   1   2  0.29 0.23
  159 Y   -3 -4 -2 -2 -3 -2 -2 -5  4 -2  0 -4 -4  0 -2 -2 -2 -2  8 -2    3   1   2   2   1   2   2   1  10   3  10   1   0   2   3   3   2   0  51   2  1.29 0.66
  160 Q   -1  1  1 -2 -3  2 -1 -2  0  0  1  0  0 -1  1 -1  1  1  1 -1    3   8   7   1   0  13   3   2   2   5  18   6   1   2   7   4   8   2   7   2  0.14 0.19
  161 D    0  0  1  2  0  3  3 -2  2 -2 -3  0 -3 -4 -1  0  1 -4 -2 -2    9   3   5  12   2  14  17   2   4   2   2   5   0   0   3   7   7   0   1   3  0.27 0.25
  162 K    1  3  0 -1 -4  2 -1 -2  1 -3 -2  4 -1 -3  0 -1 -1 -4 -4 -3   13  17   4   2   0   8   3   2   3   1   3  27   1   1   4   4   3   0   0   1  0.43 0.33
  163 Y   -2 -4 -6 -4 -5 -2 -5 -5  1 -3  2 -5  0  1 -6 -3 -4  2  7  1    3   1   0   1   0   2   0   1   3   0  23   0   2   5   0   2   1   3  43   9  1.20 0.67
  164 Y    0 -2 -2 -3  1 -1  0 -4 -1  1  1 -1  0  1 -4  1  0  4  3  0    8   2   1   0   3   3   6   0   1   9  16   2   1   5   0  13   5   5  12   5  0.20 0.22
  165 N    0 -1  0  1 -5  3  3 -1  2 -5 -3  1 -2 -3 -1  1 -1 -5 -2 -4    8   3   3   9   0  16  21   5   5   0   3   9   1   1   2  11   3   0   1   0  0.38 0.33
  166 K    1  0  0 -1 -4  0 -1  0 -3  0  0  0 -2 -4  4  0 -1 -4 -4 -1   11   6   5   4   0   3   4   8   0   5  13   6   0   0  20   8   3   0   0   4  0.25 0.22
  167 I   -1 -3 -4 -1 -2 -2 -2 -3 -2  2  4 -2  2 -1  1 -3 -1 -4 -2 -1    4   1   0   4   1   2   2   2   1   9  46   2   6   2   8   2   4   0   1   3  0.49 0.36
  168 M    0  2 -1 -1 -3  0  0 -1 -1  1  0  1  2 -3  2  0  0  0 -3 -1    8  11   3   4   0   4   4   4   1   8  11  12   7   0   9   5   6   1   0   2  0.12 0.16
  169 S    1 -2 -1  0 -5 -1  0 -2 -1 -2 -2  0 -2 -2  6  1 -2 -5 -2 -3   10   2   3   6   0   3   6   2   2   2   5   6   1   2  37  11   2   0   1   1  0.65 0.43
  170 I    0 -3 -1 -2 -4 -1 -2 -4 -2  3  3 -3  1 -1 -3 -2 -1  0 -2  1    7   1   4   3   0   3   2   1   1  19  36   1   2   1   1   3   4   1   1   9  0.39 0.30
  171 Y   -2  1 -1 -3 -5  0 -2 -1  2 -3 -1  1 -3  6 -2 -1 -4  0  3 -2    3   9   3   1   0   4   2   5   4   1   4  10   0  35   2   4   0   1   8   3  0.60 0.42
  172 H    0  1  1  0 -4  2  3 -4  1 -4 -1  1 -1  0 -4  1  0 -4  0 -3    6   8   6   4   0  11  18   0   3   0   8   7   1   5   0  12   7   0   3   1  0.25 0.27
  173 K   -1  2 -1 -1 -5  4  1 -3  3 -5 -4  4 -4 -5 -2  1 -1 -5 -4 -3    3  13   3   3   0  17   7   1   7   0   2  25   0   0   2  12   3   0   0   2  0.59 0.43
  174 Y   -2 -1 -1 -1  2  1 -2 -4  2 -2 -1 -2 -1  2  2 -4 -1  3  6 -1    2   3   3   4   4   6   2   1   4   2   6   2   1   6  11   0   3   3  29   5  0.55 0.39
  175 A   -1  3  0  1  1  1  0 -1  1 -1 -1  1  0 -3  1  0 -1 -4  0 -1    4  20   3   7   3   8   5   4   4   3   4   6   3   0   6   8   3   0   3   3  0.17 0.18
  176 E    0  1  0  2 -4  1  3 -1  1 -4 -4  1 -3  0  0  0  0 -4 -3 -1    7   9   5  12   0   7  19   4   4   0   1   8   0   4   4   7   5   0   0   4  0.26 0.23
  177 T    0  0 -2 -1 -3  0  0 -2  1  0  3  0 -1  2 -3 -1  0 -3 -1 -1    6   6   1   3   0   3   6   2   3   4  37   5   0  10   0   5   5   0   0   2  0.19 0.19
  178 F   -1 -2  0  0  1 -2 -1 -2 -3  0  3 -2 -1  1  3 -1 -1  1 -2 -1    6   2   6   6   3   1   3   2   0   4  31   2   0   6  18   4   2   2   0   4  0.27 0.21
  179 P   -1 -1  1 -1 -4  1  2  1 -2 -4 -4 -2 -4 -2  6  0 -2 -5 -4 -2    3   2   6   3   0   8  12  11   1   1   1   1   0   2  39   5   1   0   0   3  0.78 0.38
  180 W   -1  0  1  1 -4 -2  2 -3 -1 -1  0  0 -3 -1 -4 -1 -2  9 -1 -3    5   5   6   9   0   1  15   1   1   4   8   5   0   2   0   3   1  30   1   1  0.82 0.39
  181 G    0 -3  0 -1 -3 -2 -1  4 -2 -3  0  0  2 -1  0 -1  0  3 -3 -1    7   0   4   3   0   0   3  35   1   0  10   7   6   2   5   2   5   4   0   3  0.33 0.22
  182 G   -1  2  0  1 -3 -1  2  3 -2 -3 -2 -1  0 -3  0  1  0 -3 -3 -3    4  13   4   7   0   1  13  25   0   1   3   2   3   1   4  11   7   0   0   1  0.28 0.18
  183 K    0 -1 -1  2 -3 -1  0 -2  0 -2 -2  3  3 -1  2  0 -1  0 -1 -1    6   2   1  14   0   2   6   1   3   2   2  22   9   3  10   5   2   2   2   6  0.22 0.17
  184 L   -2  2  0 -2 -2 -1 -2 -3 -2  2  1  1  1  2 -2 -1 -1 -2  0  0    1  15   4   2   0   1   1   1   0  16  17  12   3  10   1   5   3   0   2   5  0.16 0.14
  185 T   -1 -2 -2 -2 -3 -2 -2 -3 -2  0 -1 -2 -2  3  5  1  1  1  0 -1    3   1   1   1   0   1   1   2   1   5   4   1   1  16  29  11  12   2   3   5  0.52 0.24
  186 G    0 -2 -2  1 -3 -1  2 -1 -1 -2 -2 -1 -1  2  0  0 -1 -1  4 -2    6   1   1   7   0   2  19   4   1   1   2   4   2  10   4   9   4   0  20   2  0.28 0.18
  187 E   -1  0  0  4 -3 -1  3 -2 -2 -3 -3 -1 -2 -1 -2  0 -2  5 -2 -3    6   6   5  26   0   2  22   2   1   1   2   3   1   3   1   5   2  10   1   2  0.50 0.23
  188 S    2 -2 -1 -1 -2  0  0  1 -2 -1 -1 -1  0  0  0  1  0 -2 -2  0   25   1   1   3   0   3   7   9   1   1   4   4   3   4   5  14   4   0   1   9  0.14 0.12
  189 I    0  0  2  0 -2  1  0  0  0 -1  0  1 -1 -1 -1  0  0 -2  0 -1   10   5  12   3   0   8   6   8   1   3   9   7   1   2   1   8   6   0   5   4  0.07 0.06
  190 K    0  2  1 -1 -2  3  0 -1  0 -2 -1  2  0 -3  2  0  0 -2 -2 -2    8  10   7   1   0  18   2   5   2   2   5  12   2   1  13   4   5   0   1   2  0.25 0.15
  191 F   -2 -3 -3 -3 -2 -2 -3 -3  0  4  0 -3  0  4 -1 -2 -2 -1  4  0    2   1   1   1   0   1   1   1   3  30   6   1   2  20   3   1   1   0  21   3  0.51 0.21
  192 F    0 -2 -4 -4 -3 -1 -4 -4 -3 -1  0 -4  1  8 -4 -3 -3 -1  0 -2    7   2   0   1   0   3   1   1   0   3   5   1   4  67   1   1   1   0   0   2  1.20 0.40
  193 S   -1 -3 -2 -2 -3 -2 -2 -2 -3 -4 -4 -2 -3 -4 -3  7  1 -4 -4 -3    1   0   0   1   0   0   1   1   0   0   1   1   0   0   1  86   5   0   0   1  1.40 0.53
  194 P   -2 -1 -1  0 -4  0  1 -3 -1 -4 -4  1 -4 -5  7  0 -2 -5 -4 -4    0   2   3   5   0   3  10   0   1   0   0  10   0   0  55   9   0   0   0   0  1.24 0.39
  195 L   -1 -2  0 -2  0  0 -1 -1  1  0  0  0 -1  2 -3 -1 -1  6  3 -1    5   1   5   2   3   4   3   5   4   7   7   5   1   9   0   5   3  16  12   3  0.27 0.14
  196 V    1 -3 -3 -3  6 -3 -3 -3 -3  0  1 -3  3  1 -3  0 -1 -2  0  2   17   0   0   1  21   0   1   1   0   2  11   1  10   8   0   5   3   0   3  17  0.39 0.21
  197 M   -1 -2 -4 -4  2 -2 -3 -4 -4  3  4 -2  1  1 -4 -2 -2 -3 -1  1    3   2   0   0   5   2   0   0   0  22  45   3   3   4   0   2   1   0   2   6  0.46 0.23
  198 W   -2 -4 -4 -5  3 -4 -4 -4 -1  0 -1 -4 -1  6 -4 -4 -3  7  3  0    4   0   0   0   6   0   0   0   2   5   2   0   1  45   0   0   0  15   9   7  1.07 0.37
  199 T    1 -2 -1 -3  5 -2 -3 -1 -3  2 -1 -2  0 -1 -1  0  1 -3  1  2   16   2   2   0  14   1   0   4   0  17   1   0   1   2   2   3  12   0   5  15  0.23 0.16
  200 R   -2  6 -2 -3 -4  0 -2 -2 -2 -1 -2  2 -2 -4 -3 -1  0 -4 -3  0    1  56   0   1   0   2   1   3   0   5   3  12   0   0   0   3   6   0   0   6  0.79 0.32
  201 F    0 -2 -1 -2 -2 -2 -2  1 -2  0  0 -1  0  2  4  1 -1  0  0 -1    5   1   2   1   0   0   1  14   0   5   8   4   2  11  23  11   3   1   3   5  0.29 0.14
  202 S    1 -1  0  1  2  1  1  1 -2 -2 -3  0 -1 -4  3  0  1 -4 -3 -1   13   3   3   8   4   6  10  10   1   1   1   5   1   0  15   6  10   0   0   3  0.24 0.16
  203 S    0 -1  2  1 -3  0  0  0 -2 -3 -1  1 -2 -4  2  2  1 -4 -3 -2    9   2  11   9   0   4   4   5   1   0   8   8   0   0  12  18   7   0   0   2  0.24 0.18
  204 S    1 -1  0  1 -3 -1  1  0  0 -2 -1  0  0 -1  1  1  2 -4 -2 -2   10   3   3   8   0   1  11   6   2   1   6   7   3   3   7  12  16   0   0   2  0.15 0.14
  205 K    0 -1 -2  2 -4  2  5 -2 -1 -2 -1  0 -3 -2 -1 -1 -2 -4 -4 -3    6   2   1  13   0  11  38   2   1   2   7   5   0   2   3   4   2   0   0   1  0.52 0.32
  206 E   -1 -1 -1  2 -5  0  5 -3 -1  0 -2 -2 -2 -4 -1 -2  0 -5 -1 -1    4   2   2  13   0   3  46   2   1   6   3   0   1   0   2   1   7   0   3   4  0.62 0.36
  207 K    0 -1  0  0 -2 -1  2 -1 -2  1 -1  0 -1 -2 -2  0  0 -3 -3  2   10   3   6   4   1   0  17   4   0   7   5   5   1   2   1   5   7   0   0  23  0.14 0.15
  208 H   -1  0  1  2 -3  1  2 -1  2 -1 -1  0  0 -1 -1  0  0 -3  0 -1    6   4   7  16   0   7  14   3   5   4   8   3   2   2   2   5   5   0   4   4  0.14 0.11
  209 K    0  1  1  1 -1  2  2  0  0 -3 -2  0 -1 -2  0  0  1  1 -2 -2    5   8   8   6   1  10  13   6   2   0   4   6   1   1   4   8  11   2   0   2  0.16 0.14
  210 A    0  1 -1  0 -1  1  0 -1  1  0  0  0  0  0 -2  0 -1 -2  0  1    8   9   2   7   2   6   5   3   4   3   8   7   2   5   1   8   2   0   4  14  0.03 0.05
  211 L   -1 -3 -3 -2 -1 -1 -2 -3 -3  1  3 -3  0  1 -2 -2 -1 -1 -1  3    5   1   1   3   1   2   3   1   0   7  34   1   2   6   2   3   4   1   1  23  0.33 0.20
  212 F   -1  1  0 -2 -1  0 -2  0  0 -2  0 -1  2  4  0 -2 -2  1  3 -1    4  10   5   2   1   4   2   6   2   1  10   2   5  23   5   1   1   2  10   3  0.25 0.17
  213 S    1  0  0  2 -2  0  1 -2  1 -2 -2  1 -2 -2  3  1  1 -3 -2 -2   10   3   3  11   1   5  11   2   4   1   3   7   0   1  14  12   9   0   1   2  0.24 0.15
  214 A    5 -1 -3 -3  1 -2 -3 -2 -3  0 -1 -2  0 -3 -3  0 -1 -3 -3  2   48   4   1   1   2   1   1   3   0   4   5   1   2   1   1   6   3   0   1  15  0.53 0.31
  215 F   -1 -2 -5 -6 -1 -5 -5 -5 -4 -1 -1 -5 -2  8 -5 -5 -4 -3  2  1    5   2   0   0   1   0   0   0   0   3   5   0   1  62   0   0   0   0   5  10  1.55 0.61
  216 L   -1  1 -1  0  0  1  0 -1  1  0  1  2  1 -1 -3  0 -1 -3 -1  0    5   9   2   5   2   8   3   4   4   3  16  14   4   3   0   5   3   0   1   9  0.07 0.10
  217 E    1 -1 -1  4 -5  2  4 -2 -2 -5 -4  0 -4 -5 -3 -1 -2 -5 -3 -4   12   3   2  26   0   7  30   3   1   0   1   5   0   0   1   4   2   0   1   1  0.69 0.40
  218 Y   -2  1 -3 -5 -1 -2 -3 -6 -2 -2 -2 -4  1  3 -6 -3 -3 -1  8 -2    4   9   1   1   2   2   2   0   0   2   4   0   3  13   0   2   1   0  52   2  1.35 0.61
  219 Y   -1 -4 -5 -5 -4 -4 -5 -5  0  1  4 -4  2  0 -5 -3 -2  1  2  3    5   0   0   0   0   0   0   0   3   6  38   0   5   3   0   2   2   2   8  25  0.67 0.38
  220 Q   -1  1  1  2 -4  3  2 -2  0 -2 -1  1  0 -2 -3  0  0  2 -1 -2    3   7   6  14   0  14  13   2   1   1   8  11   3   2   0   4   4   3   2   2  0.24 0.20
  221 A    2  0 -1 -1  0  0 -1 -1  0  1  0  0  0 -2 -3  0  1  0 -1  1   22   5   3   3   2   4   4   3   2   8  11   7   1   0   0   3   8   2   1  11  0.08 0.13
  222 W   -5 -5 -1 -6 -5 -5 -5 -6  4 -2  0 -5  2  3 -6 -5 -2  6  7 -2    0   0   3   0   0   0   0   0  10   2  11   0   6  11   0   0   2  12  40   3  1.41 0.62
  223 L   -2 -2 -5 -6  4 -4 -5 -6  3  1  4 -1  0 -1 -5 -3 -1  5 -3  0    2   2   0   0   8   0   0   0   8   6  49   4   2   2   0   1   3   7   0   6  0.78 0.43
  224 E   -2  2  1  4 -5  3  2 -2  1 -3 -3  1 -1 -2 -4  0  0 -5 -4 -4    3  10   5  22   0  12  16   3   3   1   1   6   2   1   0   6   7   0   0   0  0.43 0.29
  225 M   -1 -3 -2 -4 -1  0 -3 -5 -1  4  3 -3  4  1 -5 -3 -1  2 -2  1    4   1   2   0   1   6   1   0   1  22  30   1  10   7   0   2   3   2   1   6  0.53 0.36
  226 T    1 -4 -3 -4 -1 -2 -4 -4  6  1  2 -4  2 -3 -3  0 -2  0  0  2   13   0   1   1   1   1   0   1  20   7  19   0   5   1   1   7   1   1   2  17  0.52 0.39
  227 I    1  0  1  2  5  0  1 -1  0 -1 -2  1 -3 -2 -4 -1 -2 -4 -1 -1   12   5   7  12  16   4  11   3   2   4   4   7   0   2   0   4   1   0   2   3  0.28 0.25
  228 Q    0  1  1  0 -5  5  2 -1 -1 -4 -4  1 -2 -4 -1  1  0 -5 -4 -4    8   8   7   5   0  26  12   4   1   1   1   7   1   1   4   9   7   0   0   1  0.46 0.37
  229 V    5 -4 -1 -4 -1 -1 -2 -1 -3 -1  0 -3  0 -3 -4  0 -1 -2 -3  0   52   0   3   0   1   3   2   3   0   3   9   1   2   1   0   7   4   1   1   6  0.66 0.47
  230 R    1 -1  0 -2 -1  1  2 -3 -3 -1 -2  1 -3 -4  1  1  1 -4 -2  1   13   3   5   1   1   7  17   1   0   4   2   8   0   0   8  10   8   0   1  11  0.22 0.24
  231 E    0  0 -1 -2 -3  2  2 -2  1 -1 -3  1 -2 -4  5  1 -1 -5 -2 -3    6   5   2   1   0  10  15   3   3   3   2   9   1   1  26   9   2   0   1   1  0.51 0.37
  232 E    0 -2  0  1 -1  0  3 -3 -1  0 -1  0 -1 -1  2  0 -1 -4 -2  1    8   1   4   9   1   4  20   1   1   5   7   4   1   3  10   5   3   0   1  11  0.18 0.20
  233 M    1 -3  0 -1 -3 -1 -1  0 -2  0  0 -2  1 -2 -1  0  3 -4 -1  2   10   1   4   3   0   3   3   7   1   6   9   2   4   1   3   7  19   0   2  17  0.16 0.20
  234 E   -1 -2  2  4 -4  1  1 -2 -1 -2 -3 -1 -4 -5  0  2  1 -5 -4 -2    4   2   8  24   0   6  10   3   1   2   3   3   0   0   4  20   8   0   0   3  0.42 0.34
  235 P    1 -2 -3  0 -4 -1  0 -2  0 -2 -2  0 -3 -3  5  1  0  2 -4 -2   12   2   1   6   0   2   7   3   2   2   4   5   0   1  30  12   6   3   0   2  0.52 0.36
  236 S    1 -2 -2  2 -4  2  4 -1 -3  0 -1 -2 -1 -4 -2  1  0 -5 -3 -2   14   1   1  10   0   8  25   5   0   7   5   1   1   0   1  10   6   0   1   2  0.33 0.31
  237 H    0  2  0  1 -4  3  2 -1  2 -2 -2  1 -3 -2  0  0  0 -4 -2 -3    6  11   4   6   0  14  14   5   5   2   5   7   0   2   4   8   5   0   1   1  0.22 0.21
  238 V    1  0 -2 -2 -1  1 -1 -2 -1  3  1 -1  0 -3  0  0  0 -4 -2  1   11   5   1   2   1   8   4   2   1  20  12   3   1   0   5   5   7   0   1  10  0.14 0.18
  239 R    2  0 -1  1  0  2  1 -1 -1 -1 -1  1  1 -2 -2  1  0 -4  0 -2   18   4   2   7   2  10   9   3   1   5   4   7   4   2   1  11   7   0   3   1  0.13 0.18
  240 A    1  2 -1  0  1  2  3 -3  1 -1 -1  0 -3 -2 -2 -1 -1 -4  0 -2   13  14   2   6   3   9  19   0   4   5   5   6   0   1   2   4   4   0   3   2  0.23 0.23
  241 N   -1  2  3 -1 -1 -3 -1 -4 -1  4  1 -3 -1 -1 -2 -3 -2 -4 -1  2    4  14  15   3   1   0   3   1   1  24  11   0   1   2   1   1   1   0   2  14  0.37 0.30
  242 C   -2  1 -3 -3  0 -1 -1 -3  2  2  3  1  0 -1 -4 -2 -2  2  1  0    3  10   0   1   2   2   5   1   6  10  31   9   1   2   0   2   1   3   5   4  0.27 0.24
  243 E    2  0  1  2 -4  3  3 -3 -1 -4 -3  1 -3 -4 -2 -1 -2 -5 -4 -2   20   6   6  13   0  12  21   1   1   0   2   7   0   0   2   4   2   0   0   3  0.44 0.33
  244 A    3  1 -3 -1 -4 -3 -3  4 -2 -2  0 -2 -3 -2 -4 -1 -3 -4 -2 -3   29   9   0   4   0   1   1  32   1   2   9   2   0   2   0   4   0   0   1   0  0.57 0.39
  245 Q   -3  0 -4 -3 -7  8 -2 -6  4 -6 -4 -3 -5 -7 -6 -5 -5 -6 -5 -2    2   5   0   2   0  77   1   0   7   0   1   0   0   0   0   0   0   0   0   3  2.30 1.08
  246 H   -1  3  0 -2 -1  1  0 -4  5  1  0  2 -1 -4 -4 -2 -2 -5 -2 -1    6  17   4   2   1   6   5   0  15  10  12  13   1   0   0   1   2   0   1   4  0.38 0.30
  247 K    0  4  3  2 -5 -1  0 -4  2 -3 -3  1 -4 -1 -4  0 -3  0  3 -4    9  22  13  12   0   1   5   0   5   1   3   8   0   3   0   7   0   1  10   0  0.47 0.37
  248 Y   -4 -7 -7 -8 -7 -6 -5 -8  0 -2 -4 -7 -6  2 -8 -7 -3  1  9 -4    1   0   0   0   0   0   1   0   2   3   2   0   0   7   0   0   1   2  80   1  2.80 1.15
  249 L   -3 -2 -3  4  9 -5 -5 -6 -6  0  2 -2 -2 -5 -6 -4 -1 -6 -6 -3    1   2   1  23  39   0   0   0   0   5  17   3   1   0   0   1   3   0   0   2  1.42 0.68
  250 T    0  2  1  0 -4  3  0 -3  0  0 -1  1 -1 -4 -3  0  2 -4 -3 -1    6  11   6   4   0  13   6   1   2   5   7   9   1   0   0   8  17   0   0   4  0.24 0.24
  251 W   -3  0 -2 -5 -6  5 -2 -6  1 -5 -5  2 -4  0 -5 -4 -5  6  7 -3    3   5   2   0   0  23   1   0   3   0   0  13   0   3   0   1   0  10  35   1  1.28 0.66
  252 R   -4  4 -2 -4 -6  6 -2 -5  1 -4 -4 -3  1 -6 -5  3 -2 -6 -5 -6    0  23   1   0   0  42   1   0   3   1   1   0   3   0   0  22   1   0   0   0  1.31 0.73
  253 A    4  2 -4 -4 -4  3 -2 -3 -4 -1 -1  1  0 -1 -1 -1 -2 -5 -4 -2   38  11   0   0   0  16   1   0   0   4   7   9   2   3   3   2   2   0   0   1  0.56 0.43
  254 Q   -1  2 -2  1 -6  4  5 -5 -2 -3 -4  2 -5 -6 -5 -2 -1 -6 -5 -4    4  12   1   7   0  17  39   0   1   1   1  11   0   0   0   3   3   0   0   1  0.89 0.54
  255 K    0  1  1 -1 -2  1 -1 -2  2  1  0  1 -1 -2 -2 -1  1 -3 -1  0   10  10   9   0   0   9   1   1   9  10  10  10   0   0   0   1  10   0   0  10  0.09 0.09
  256 D   -3 -1 -1  7 -5 -2  1 -2 -3 -4 -5  0 -4 -5 -3 -1 -2 -5 -4 -3    1   3   0  71   0   0   8   2   0   0   1   4   0   0   0   4   2   0   0   2  1.39 0.46
  257 P   -3 -1 -3 -3 -4 -1 -2 -4  0 -4 -2  4 -4 -5  7 -3 -3 -5 -4 -4    1   2   0   0   0   2   1   1   2   0   3  34   0   0  50   1   1   0   0   1  1.40 0.46
  258 G    3 -3 -2 -2 -3 -2 -1  2 -3 -1 -3 -2 -2 -3 -3 -1  4 -4 -3  1   25   0   0   2   0   0   3  16   0   2   1   1   0   0   0   1  37   0   0  10  0.53 0.29
  259 H   -1  5  1 -1 -4 -1 -1 -2  3 -2 -3  0 -2  0 -3  0 -2  3  1 -2    3  40   7   2   0   1   2   3   9   2   2   4   1   4   0   9   1   4   5   2  0.49 0.25
  260 G    0  3  0 -2 -3  0 -2  3  0 -3 -3  1 -1 -3  1 -1 -2 -3 -2 -2    9  24   5   0   0   3   1  25   3   0   2   9   2   0   9   3   1   0   1   2  0.37 0.20
  261 L   -1 -3 -3 -4 -2  0 -3 -3 -3  2  2 -3  4  0 -3 -2 -2 -3  1  3    5   1   1   1   0   4   1   1   0   9  22   1  14   2   1   1   1   0   6  31  0.42 0.22
  262 L   -1 -4 -4 -4 -3 -3 -4 -3 -4 -1  5 -4  1  4 -4 -3 -2 -3 -2 -1    5   0   0   0   0   0   1   2   0   0  62   1   2  18   0   1   2   0   0   3  0.80 0.33
  263 K    1  0 -1 -1 -2  0  3 -1 -1 -2 -2  2 -1 -3  0  1  1 -3 -3  0   14   4   2   0   1   1  24   3   1   1   4  13   1   0   3  10  11   0   0   7  0.21 0.16
  264 R   -1  4  0 -2 -3  1 -1  0 -2 -4 -3  4 -3 -4 -1  1 -1 -4 -2 -3    5  27   3   0   0   6   1   5   0   0   1  29   0   0   3  14   3   0   1   2  0.52 0.26
  265 L    2 -2 -3 -3  0 -2 -2 -3  0 -1  2  0  1  2 -3 -1 -1  4  3 -1   22   0   0   0   2   0   1   1   2   2  22   7   5   9   0   3   2   6  12   1  0.27 0.18
  266 V   -2 -4 -4 -5 -4 -4 -4 -4  0  1  0 -4  1  7 -4 -4 -3  1  3 -1    3   0   0   0   0   0   1   1   2   6   7   1   3  61   0   1   1   1   7   4  1.22 0.40
  267 G   -2 -4 -1  2 -4 -3 -3  6 -4 -5 -5 -3 -4 -5 -4 -1 -2 -4 -4 -4    1   0   3  10   0   0   1  76   0   0   1   1   0   0   0   3   2   0   0   1  1.42 0.45
  268 E    0 -1  0  0 -3  1  3 -1  1 -2 -3  1 -2 -3  3  0 -1 -1 -3  0   10   0   3   3   0   4  27   3   4   1   1  11   0   0  13   8   3   1   0   7  0.32 0.18
  269 A    0 -1 -1  3 -3  1  4 -1  0 -3 -3  0 -3 -4  0  0  0 -4 -3 -1    9   2   2  15   0   4  37   3   2   1   1   4   0   0   4   6   5   0   0   5  0.43 0.22
  270 K   -4 -1 -4 -4 -4  0 -2 -3 -1 -3  1 -2 -1  0 -4 -4 -2 10  0 -2    1   4   0   0   0   4   2   2   2   0  17   3   2   4   0   1   2  51   1   3  1.67 0.48
  271 A    4 -3 -2 -3  1 -2 -2 -2 -3 -3 -3 -2 -2 -4 -2  2  3 -4 -3 -1   50   0   0   0   3   0   1   1   0   0   1   1   0   0   0  14  23   0   0   4  0.70 0.34
  272 K   -2  0  0  4 -3  0  4 -2 -1 -5 -5  3 -4 -5 -3 -1 -1 -5 -4 -4    1   4   4  27   1   1  34   2   1   0   0  17   0   0   0   3   3   0   0   0  0.73 0.32
  273 E   -1  4  1  2 -4  1  3 -3  1 -4 -4  2 -2 -4 -3  0  0 -4 -1 -4    6  28   6  13   0   4  18   0   3   0   0  10   1   0   0   5   5   0   2   0  0.48 0.24
  274 L   -3 -4 -5 -5 -4 -4 -4 -5 -2  0  2 -4  0  4 -5 -4 -3 -1  7  0    1   0   0   0   0   0   0   0   0   3  24   0   1  19   0   0   0   0  44   5  1.13 0.41
  275 L   -2 -1 -4 -5 -3 -3 -4 -5 -4  4  3 -4  4 -1 -4 -3 -1 -4 -3  3    2   3   0   0   0   0   0   0   0  34  24   0  15   1   0   0   2   0   0  18  0.70 0.30
  276 R   -1  3  1  1 -4  0  1 -3  4 -4 -4  1 -2 -3 -3  0  1  3  1 -3    3  23   8   7   0   2   7   1  13   0   0   8   1   0   0   4  12   5   6   1  0.39 0.22
  277 D   -2 -1  1  3 -2  1  4  0 -2 -4 -3  0 -1 -4 -3  1  1 -4 -4 -3    0   2   7  17   1   6  31   9   0   0   1   5   2   0   0   8  12   0   0   0  0.47 0.25
  278 F   -2 -5 -5 -5 -2 -5 -5 -5 -4  1  1 -5  0  6 -5 -4 -3  3  0  3    1   0   0   0   1   0   0   0   0   8   9   0   2  47   0   0   0   4   0  29  1.02 0.38
  279 L   -2 -4 -6 -6 -4 -4 -5 -6  0 -1  6 -5  2  0 -5 -5 -4 -4 -3 -2    2   0   0   0   0   0   0   0   3   0  90   0   3   2   0   0   0   0   0   0  1.36 0.47
  280 F   -5 -6 -6 -7 -5 -6 -6 -6 -4 -3 -2 -6 -3  9 -7 -5 -5 -2  0 -4    0   0   0   0   0   0   0   0   0   0   0   0   0 100   0   0   0   0   0   0  2.66 0.65
  281 N   -3 -3  4  5 -4 -1  2  0 -1 -5 -5 -2 -4 -5  0  1 -1 -5 -4 -4    0   0  21  44   0   0  11   6   1   0   0   0   0   0   5   9   3   0   0   0  0.84 0.29
  282 G   -1 -3  0  2  0 -2 -1  4 -3 -2  1 -1 -1 -2  0 -1 -1 -3 -2 -2    3   0   4  14   3   0   3  38   0   1  21   3   0   1   5   1   2   0   1   2  0.32 0.14
  283 V    1 -3  0 -2 -2 -2  0 -2 -3  0  0 -2 -1 -3  4  0  0 -4 -3  2   17   0   5   1   0   0   8   1   0   2  10   0   0   0  19   5   5   0   0  27  0.30 0.14
  284 D   -1  1  2  3 -3  0  0 -2  2 -2 -1  0 -1 -3  2 -1 -1 -4 -2  0    2   9  10  25   0   2   4   2   9   0   5   4   1   0  11   3   3   0   0  11  0.26 0.12
  285 E   -1 -2  0  0 -4  0  4 -1 -1 -4 -4  0 -3 -4  5  1  0 -4 -3 -3    3   0   2   4   0   3  33   5   1   0   0   5   0   0  28  10   7   0   1   0  0.66 0.20
  286 L   -2 -3 -4 -5 -2 -3 -4 -5 -4  2  5 -4  2 -1 -2 -3 -2 -3 -2  1    2   0   0   0   0   0   0   0   0   8  81   0   3   0   1   0   1   0   0   3  0.78 0.20
  287 G    2 -2 -1 -2 -2 -1 -1  5 -3 -3 -3 -2 -2 -3 -2  1  0 -3 -3 -2   27   0   0   0   0   1   2  50   0   0   1   0   0   0   0   9   8   0   0   2  0.61 0.14
  288 T    0 -2  0 -2 -2 -1 -2 -2 -2  1 -1 -2  0 -3  0  2  4 -3 -2  1    4   0   3   0   0   1   0   0   0   8   1   0   1   0   3  20  45   0   0  13  0.37 0.13
  289 K    1  2 -1 -1 -3  0  0 -2 -2 -3 -3  4 -2 -4  1  1 -1 -4 -3 -2   15   8   0   0   0   1   4   0   0   0   0  50   0   0   7  12   1   0   0   2  0.43 0.12
  290 T    1  1  0  1 -2 -1 -1  0 -2 -2 -3  1 -2 -3 -2  3  3 -3 -2 -2   10   6   0   9   0   0   0   6   0   0   0   7   0   0   0  30  32   0   0   0  0.33 0.10
  291 F   -3 -4 -4 -4 -3 -4 -4 -4 -2 -1  0 -4 -1  8 -5 -3 -3  0  2 -2    0   0   0   0   0   0   0   0   0   0   0   0   0 100   0   0   0   0   0   0  1.33 0.17
  292 I   -2 -2  0 -2 -2  1 -2 -3 -2  2  3 -2  1 -1 -3 -2  0 -2 -2  1    0   0   7   0   0  14   0   0   0  17  56   0   0   0   0   0   7   0   0   0  0.25 0.06
  293 D   -2 -2  1  6 -4  0  3 -2 -1 -4 -4 -1 -3 -4 -2 -1 -1 -5 -3 -4    0   0   0  81   0   0  19   0   0   0   0   0   0   0   0   0   0   0   0   0  1.01 0.08
  294 Y   -2 -2 -3 -4 -3 -2 -3 -4  1 -1 -1 -3 -1  2 -4 -2 -2  1  7  1    0   0   0   0   0   0   0   0   0   0   0   0   0   0   0   0   0   0  82  18  0.95 0.10
  295 F   -2 -3 -3 -4 -3 -3 -3 -4 -2 -1  0 -3 -1  7  3 -3 -2  0  2 -2    0   0   0   0   0   0   0   0   0   0   0   0   0  82  18   0   0   0   0   0  0.90 0.09
  296 P    0 -3 -3 -2 -3 -2 -2 -2 -3 -3 -3 -2 -3 -4  8 -1 -2 -4 -4 -3    9   0   0   0   0   0   0   0   0   0   0   0   0   0  91   0   0   0   0   0  1.99 0.11
  297 E   -1  0 -1  1 -4  2  5 -3  2 -4 -3  1 -2 -4 -2 -1 -1 -3 -2 -3    0   4   0   0   0   7  84   0   5   0   0   0   0   0   0   0   0   0   0   0  0.77 0.06
  298 Y   -2 -2 -3 -4 -3 -2 -3 -4  1 -2 -2 -2 -2  3 -4 -2 -2  2  8 -2    0   0   0   0   0   0   0   0   0   0   0   0   0   0   0   0   0   0 100   0  1.24 0.10
  299 Q    1  3 -1 -2  5  2  0 -2  1 -2 -2  0 -1 -3 -2  0 -1 -3 -2 -2   22  28   0   0  21  17   0   0   5   0   0   0   0   0   0   7   0   0   0   0  0.32 0.04
  300 T   -1  1 -1 -2  7  1 -1  0 -2 -2 -2 -1 -2 -3 -2  0  1 -3 -2 -1    0  14   0   0  47  12   0  10   0   0   0   0   0   0   0   0  17   0   0   0  0.53 0.05
  301 E    0  0  0  2 -3  2  5 -2 -1 -3 -3  1 -2 -3 -2  0 -1 -3 -2 -1    7   0   0   9   0   8  68   0   0   0   0   3   0   0   0   0   0   0   0   5  0.58 0.05
  302 D   -2 -2  1  6 -4  0  2 -2 -1 -4 -4 -1 -3 -4 -2 -1 -1 -5 -3 -4    0   0   3  84   0   0  13   0   0   0   0   0   0   0   0   0   0   0   0   0  0.98 0.06
  303 G    0 -3 -1 -2 -3 -2 -3  6 -3 -4 -4 -2 -3 -4 -3 -1 -2 -3 -4 -4    0   0   0   0   0   0   0 100   0   0   0   0   0   0   0   0   0   0   0   0  1.23 0.07
  304 T    0 -1  1 -1 -1 -1 -1 -1 -2 -2 -2  0 -1 -3 -1  3  4 -3 -2 -1    0   0   7   0   0   0   0   0   0   0   0   4   0   0   0  26  64   0   0   0  0.46 0.05
  305 V   -1 -3 -3 -4 -1 -3 -3 -4 -4  3  2 -3  1 -1 -3 -2 -1 -3 -2  4    0   0   0   0   0   0   0   0   0  32  13   0   0   0   0   0   0   0   0  55  0.41 0.04
  306 S   -1  1  6  1 -3  0 -1 -1  0 -2 -3  0 -2 -3 -2  1  0 -4 -2 -2    0   7  74   0   0   0   0   0   0   5   0   0   0   0   0  14   0   0   0   0  0.62 0.06
  307 D   -1  1  0  3 -3  2  2 -2 -1 -3 -3  3 -2 -3 -1  0  1 -3 -2 -2    0   3   0  21   0   6  16   0   0   0   0  43   0   0   0   0  11   0   0   0  0.40 0.03
  308 K    0  2  0 -1 -3  2  1 -2 -1 -3 -3  5 -2 -3 -1  0 -1 -3 -2 -2    8   0   4   0   0   5   7   0   0   0   0  74   0   0   0   3   0   0   0   0  0.49 0.05
  309 R   -2  6 -1 -2 -4  0 -1  1 -1 -4 -3  2 -2 -3 -3 -1 -2 -3 -2 -3    0  87   0   0   0   0   0  13   0   0   0   0   0   0   0   0   0   0   0   0  0.80 0.07
  310 S    1 -1  2  0 -1 -1 -1  0 -1 -3 -3 -1 -2 -3 -1  5  1 -3 -2 -2    0   0   8   0   0   0   0   5   0   0   0   0   0   0   0  87   0   0   0   0  0.54 0.07
  311 I   -1 -3 -3 -4 -2 -2 -3 -4 -3  4  1 -3  4 -1 -3 -2 -1 -3 -2  3    0   0   0   0   0   0   0   0   0  50   0   0  30   0   0   0   0   0   0  20  0.42 0.05
  312 I    1 -3 -3 -3 -1 -3 -3 -3 -3  4  1 -2  1 -1 -3 -1 -1 -3 -2  2   21   0   0   0   0   0   0   0   0  60   5   0   0   0   0   0   0   0   0  13  0.31 0.04
  313 G    0 -3 -1 -2 -3 -2 -3  6 -3 -4 -4 -2 -3 -4 -3 -1 -2 -3 -4 -4    0   0   0   0   0   0   0 100   0   0   0   0   0   0   0   0   0   0   0   0  1.25 0.07
  314 K   -1  2 -1 -1 -4  1  0 -2 -1 -3 -3  6 -2 -4 -2 -1 -1 -4 -2 -3    0   0   0   0   0   0   0   0   0   0   0 100   0   0   0   0   0   0   0   0  0.76 0.08
  315 S    1 -1  0 -1 -1 -1 -1 -1 -1 -3 -3 -1 -2 -3 -1  5  1 -3 -2 -2    6   0   0   0   0   0   0   0   0   0   0   0   0   0   0  94   0   0   0   0  0.61 0.07
  316 Y   -2 -3 -3 -4  2 -3 -3 -4  0 -1 -1 -3 -1  6 -4 -2 -2  1  5 -1    0   0   0   0   7   0   0   0   0   0   0   0   0  57   0   0   0   0  36   0  0.81 0.06
  317 E    0 -1 -1  1 -3  1  5  1 -1 -1 -3  0 -2 -3 -2  0 -1 -3 -2 -2    6   0   0   0   0   0  66  13   0   7   0   0   0   0   0   8   0   0   0   0  0.46 0.05
  318 T    0 -1  3  0 -2  0  1 -2  3 -2 -2  0  0 -3 -2  1  3 -3 -1 -2    3   0  25   0   0   0  14   0  10   0   0   3   3   0   0   7  36   0   0   0  0.30 0.04
  319 R   -2  7 -1 -2 -4  1 -1 -3 -1 -4 -3  2 -2 -3 -3 -1 -2 -3 -2 -3    0 100   0   0   0   0   0   0   0   0   0   0   0   0   0   0   0   0   0   0  1.03 0.08
  320 P   -1 -3 -3 -2 -3 -2 -2 -3 -3 -3 -4 -2 -3 -4  8 -1 -2 -4 -4 -3    0   0   0   0   0   0   0   0   0   0   0   0   0   0 100   0   0   0   0   0  2.25 0.09
  321 W   -3 -4 -5 -5 -3 -3 -4 -3 -3 -3 -2 -4 -2  0 -5 -4 -3 12  2 -4    0   0   0   0   0   0   0   0   0   0   0   0   0   0   0   0   0 100   0   0  2.91 0.13
  322 D   -2 -2  4  6 -4 -1  1 -1 -1 -4 -4 -1 -3 -4 -2  0 -1 -5 -3 -4    0   0  25  75   0   0   0   0   0   0   0   0   0   0   0   0   0   0   0   0  0.93 0.07
  323 L    3  0 -1  1 -1  0  1  0 -2  0  0  0  0 -2 -2  0  0 -3 -2  0   44   4   0   8   0   0  10   3   0   3  15   6   0   0   0   0   3   0   0   3  0.12 0.02
  324 T   -1  3  1  1 -2  0  0 -2  4 -3 -3  1 -2 -3 -2  1  2 -3 -1 -2    0  22   8   8   0   0   0   0  20   0   0   7   0   0   0   8  26   0   0   0  0.30 0.03
  325 G    0 -3 -1 -2 -3 -2 -3  6 -3 -4 -4 -2 -3 -4 -3 -1 -2 -3 -4 -4    0   0   0   0   0   0   0 100   0   0   0   0   0   0   0   0   0   0   0   0  1.25 0.07
  326 Q   -1  0  1  0 -3  3  4 -2 -1 -2 -1  1 -1 -3 -2  0  1 -3 -2 -2    0   3   7   0   0  15  46   0   0   0  10   5   0   0   0   0  14   0   0   0  0.36 0.04
  327 F   -3 -3 -4 -4 -3 -4 -4 -4 -2 -1  0 -4  0  7 -4 -3 -3  1  3 -1    0   0   0   0   0   0   0   0   0   0   0   0   0 100   0   0   0   0   0   0  1.10 0.09
  328 I   -1 -3 -4 -4 -1 -3 -3 -4 -4  5  2 -3  1  0 -3 -3 -1 -3 -2  3    0   0   0   0   0   0   0   0   0  75   5   0   0   0   0   0   0   0   0  19  0.46 0.04
  329 G    0 -2 -1 -1 -3 -2 -2  6 -2 -4 -4 -2 -3 -3 -2  1 -1 -3 -3 -3    0   0   0   0   0   0   0  91   0   0   0   0   0   0   0   9   0   0   0   0  1.01 0.04

                      K         Lambda
Standard Ungapped    0.1347     0.3201
Standard Gapped      0.0440     0.2670
PSI Ungapped         0.1444     0.3140
PSI Gapped           0.0440     0.2670
