
Last position-specific scoring matrix computed, weighted observed percentages rounded down, information per position, and relative weight of gapless real matches to pseudocounts
           A  R  N  D  C  Q  E  G  H  I  L  K  M  F  P  S  T  W  Y  V   A   R   N   D   C   Q   E   G   H   I   L   K   M   F   P   S   T   W   Y   V
    1 M   -6 -7 -7 -8 -7 -6 -7 -8 -7 -4 -1 -7 11 -5 -8 -7 -6 -7 -6 -4    0   0   0   0   0   0   0   0   0   0   3   0  97   0   0   0   0   0   0   0  3.83 1.34
    2 E    3  0 -1  0 -3 -1  1  0 -2 -1 -1 -1 -2  0 -2  1  0 -4  1  0   30   5   2   4   0   1   9   5   1   3   6   3   1   3   1  11   5   0   5   5  0.17 0.20
    3 T    0  0 -1 -4  3 -3 -3 -2  3 -1 -2  1 -1  1 -3  4  1 -5  0 -4    6   5   2   0   6   0   0   2   7   4   3   9   2   6   1  37   7   0   3   0  0.45 0.37
    4 T   -2  0 -2 -2 -4  0 -3 -3  0 -1  0 -2  0  1  0  3  3 -2 -2  1    2   4   1   1   0   4   0   1   3   3   9   2   2   7   4  30  17   1   1   9  0.33 0.33
    5 K   -1  4 -1 -3 -3  0 -2 -3  1  0 -2  4 -2 -4 -2  2 -2 -5  0 -3    5  22   2   1   0   4   1   1   3   5   4  27   1   0   2  16   1   0   3   2  0.50 0.37
    6 K   -1  2  1 -2 -1 -1 -1 -2  0  0  1  1 -1  0 -1  1  0 -2 -1  0    3  12   6   1   1   2   3   2   2   7  14  11   1   4   2  15   4   1   1   7  0.09 0.13
    7 L   -2 -1 -4 -5  2 -4 -5 -6 -4  3  4 -4  1  2 -3 -1 -1 -4 -1  1    3   3   1   0   4   0   0   0   0  18  39   0   3   7   1   4   4   0   1  10  0.59 0.36
    8 F   -3 -5 -5 -5 -1 -5 -5 -6 -5  1  2 -5 -2  7 -3  0 -1 -1  0  1    2   0   0   1   1   0   1   0   0   8  22   0   0  40   2   9   3   1   2   8  0.95 0.51
    9 A    0 -4 -3 -5 -3 -3 -4 -4  1  1  2 -2 -2  4  0  3 -1 -2  1  0    7   0   0   0   0   0   0   0   3   7  22   2   0  17   5  22   3   1   4   6  0.41 0.34
   10 L   -3 -4 -6 -6  1 -4 -6 -6 -2  3  4 -5  2  4 -6 -3 -2 -4 -1  2    2   1   0   0   3   0   0   0   1  16  36   0   4  17   0   2   2   0   1  13  0.81 0.44
   11 L   -2 -5 -5 -6  3 -3 -5 -5 -3  2  4 -4  0  3 -1 -1 -2 -3  0  1    3   0   0   0   6   1   0   1   1  11  38   1   2  14   3   5   3   0   3   9  0.61 0.38
   12 C    1 -4 -4 -5  6 -4 -5 -3 -1  2  2 -4 -2  3 -2  0 -1 -1 -1  0   11   1   0   0  15   0   0   1   1  12  22   0   0  14   2   7   3   1   2   6  0.53 0.36
   13 L   -2 -5 -4 -6  2 -4 -6 -6 -3  3  4 -5  0  5 -6 -2 -1  1 -1  1    2   0   1   0   5   1   0   0   1  14  36   0   1  20   0   3   4   2   1   8  0.79 0.44
   14 F    0 -5 -5 -6  0 -2 -5 -4 -1  2  2 -5  0  5 -5 -1 -2 -2  0  2    8   0   0   0   2   2   0   1   2   9  21   0   1  29   0   4   2   0   2  14  0.67 0.40
   15 V    0 -4 -4 -5 -1 -4 -5 -3 -3  3  3 -4  1  2 -2 -1  0 -4 -2  2    7   0   0   0   1   0   0   2   1  15  32   1   3  10   2   6   7   0   1  13  0.49 0.33
   16 T   -1 -3 -1 -4 -2 -1 -4 -3  0  2  2 -3 -1  3 -2  1  1 -2 -1  1    6   1   3   0   1   2   0   1   3  14  21   1   1  14   2  11   9   0   1  10  0.30 0.26
   17 M    0 -3 -2 -5  1 -2 -4 -3  1  2  3 -3  0  2 -3  1 -1 -2 -2  0    7   1   2   0   3   2   1   2   4  14  30   1   1  10   1  12   3   0   0   6  0.34 0.28
   18 N    1 -2  0 -3  0 -1 -2 -2  0  0  2 -2  0  2  0  1  1 -4 -2  0   11   2   4   1   2   2   1   2   3   5  20   1   2  11   5  13   9   0   0   6  0.16 0.19
   19 Q    0 -2 -1 -3  0  1 -2 -1 -1  0  1 -2  1  1  2  1  1 -4 -3  0    7   1   3   0   2   8   1   4   1   6  16   1   4   7  10  13   8   0   0   6  0.16 0.20
   20 A    2 -3 -1 -3 -1 -1 -3 -2 -1  1  1 -2 -2  1  1  1  1 -4 -1  1   16   0   2   1   1   2   1   3   2   7  13   1   0   6   7  12  11   0   2  12  0.18 0.20
   21 I    1 -1 -1 -3  0  0 -2 -2  2  1  1 -1  0  0  1  0  1 -2 -1  1   15   3   2   0   3   4   2   2   6   9  12   2   2   4   7   7  10   0   1   9  0.10 0.14
   22 S    3 -3  0 -3  0 -3 -3 -1  0 -2 -2 -2 -2 -3  0  4  2 -5 -2  0   22   1   4   1   2   1   1   4   3   2   4   2   1   1   4  28  13   0   1   6  0.42 0.36
   23 V    3 -3 -1 -2  0  0 -1 -1 -2  1  0 -2  1 -2 -1  1  0 -2 -2  1   27   0   2   2   2   5   3   5   1   8  10   2   3   1   2  11   4   1   1   9  0.18 0.20
   24 S    3 -1  0  0 -4  3 -1 -1 -2 -2 -2 -2 -3 -1 -1  2  0 -5 -3 -2   26   2   4   6   0  17   3   3   1   3   4   2   0   3   3  16   6   0   1   2  0.37 0.34
   25 D    1 -2  1  2 -3  4  0  0 -2 -3 -2 -1 -3 -4 -2  2  0 -4 -1 -2   11   2   5  13   0  20   5   6   0   1   3   2   0   1   2  16   7   0   2   2  0.37 0.32
   26 P    2 -3  0 -1 -3 -1 -1 -1 -1 -2 -2 -2 -2 -3  5 -1  1 -2 -3  0   16   1   5   4   0   3   3   4   2   1   5   2   1   1  31   4   7   1   1   8  0.51 0.33
   27 D   -1 -1  3  4 -3  0  0 -1 -1 -1 -2 -1 -3 -1 -1  0  1 -1 -2 -1    5   3  13  23   0   4   5   4   1   4   3   2   0   4   3   8  11   1   1   5  0.26 0.21
   28 D   -2 -3 -1  1 -4 -2 -3 -3  2 -2 -1 -2 -2  3  4 -2 -2 -2  6 -2    4   1   3   7   0   2   1   2   5   2   6   2   1  11  19   3   2   0  26   2  0.68 0.41
   29 M   -1 -1 -1 -4 -2 -2 -3 -3 -4  2  3 -3  2  1  2 -1 -1  0  0  1    4   3   3   1   1   2   1   2   0  10  34   1   6   5   9   4   4   1   3   8  0.33 0.24
   30 E    0 -2  2 -1 -2 -1 -2  1  3 -4 -3 -2 -4  3 -4 -1 -1  6  5 -3    8   2   9   3   1   3   3  11   6   1   2   2   0  11   0   5   4  10  18   1  0.52 0.35
   31 T   -1 -2  0 -1 -5  2 -2 -3  6 -1 -3 -1 -2 -1  1  1  1  0  2 -1    4   2   4   2   0  10   2   2  23   4   2   2   1   2   7   9  11   1   8   5  0.48 0.36
   32 F   -2 -2  0  0 -4 -2 -2 -2 -1  1  0  0 -2  4 -3  0  0  1  3  1    2   1   4   6   0   1   2   3   1   9   9   6   1  18   1   9   5   2  12   9  0.26 0.23
   33 C   -3 -6 -6 -8 12 -5 -9 -3 -9 -7 -7 -7 -6 -6 -6 -4 -5 -8 -3 -4    2   1   0   0  87   1   0   3   0   0   0   0   0   0   1   1   0   0   1   1  3.88 1.45
   34 M   -1 -2  2  2  2 -1 -2  2 -1  0 -2 -2 -2  0  1  2  0  0  1 -1    3   1   9  10   5   3   1  15   1   5   5   1   1   3   6  16   4   1   5   4  0.17 0.18
   35 K   -2 -2  5  1  3 -1  0  1 -2 -4 -4  1 -3 -4 -1  1  0 -5 -2 -2    3   1  27   8   7   2   7   9   0   1   2   8   0   0   4  12   5   0   1   3  0.44 0.33
   36 S   -1 -2  2  1 -2 -2 -2  0 -3 -2 -4 -2 -4 -4 -1  4  3 -5 -4 -3    5   2  11   8   1   1   2   6   0   2   1   2   0   1   3  31  21   0   0   1  0.59 0.43
   37 S    0  0  1 -1 -1  2  0  0 -2 -2 -3  0 -3 -2 -1  2  3 -2 -2 -2    7   4   7   3   2  12   5   8   1   2   2   4   0   2   3  16  19   0   1   3  0.23 0.23
   38 R   -1 -1  0  0 -4 -1  1  5 -3 -3 -2 -1 -1 -2 -2  0 -1 -4 -3 -3    5   4   4   4   0   3   9  41   1   2   3   4   2   2   2   7   3   0   1   2  0.50 0.29
   39 N   -3 -1  7 -2 -5 -2 -3 -4 -3 -3 -4  3 -4  0 -4 -1  3 -5 -1 -4    2   3  44   2   0   1   1   1   0   2   1  15   0   4   1   4  16   0   2   1  1.04 0.58
   40 T   -4 -6 -3 -6 -6 -2 -4 -4 -2 -1 -5 -5 -5  5 -5 -2 -1 -3  8 -4    2   0   1   0   0   2   1   1   1   3   0   1   0  23   1   3   5   0  54   1  1.87 0.86
   41 T    1 -2 -2 -2 -5  0 -2 -3 -4 -1 -3  1 -3 -5 -2  1  6 -6 -5 -2    9   2   1   2   0   4   2   2   0   3   2   8   0   0   2  11  47   0   0   2  0.80 0.55
   42 S    3  0  0  0 -5 -1 -1 -2 -2 -2 -3 -2 -4 -5  5  1  0 -6 -5 -2   23   4   5   4   0   3   4   3   1   2   3   1   0   0  25  11   7   0   0   3  0.53 0.40
   43 N   -3 -2  7  0 -7 -4 -3  3 -2 -7 -7 -2 -5 -6 -6  0 -2 -4 -3 -6    2   2  56   5   0   1   1  18   1   0   0   3   0   0   0   6   3   0   1   0  1.49 0.77
   44 T   -2 -5 -2  0 -6 -4 -4  1 -5 -5 -7 -4 -6 -7 -4  7  1 -7 -6 -5    2   0   2   4   0   0   1  11   0   1   0   1   0   0   1  70   6   0   0   0  1.55 0.87
   45 T    1 -3 -3 -3 -5  0 -3 -4 -4 -2 -3 -1 -4 -5  3  1  5 -6 -5 -1   10   1   1   1   0   4   2   1   0   3   2   4   0   0  13  11  42   0   0   4  0.80 0.55
   46 Y   -6 -4 -6 -5 -6 -7 -7 -6 -3 -4 -5 -6 -6  6 -8 -7 -7 -4  9 -5    1   1   0   1   0   0   0   1   0   1   1   0   0  26   0   0   0   0  66   1  2.76 1.16
   47 N    0  0 -1  1 -2  5  4 -3  1 -6 -3  1 -4 -2 -4  0 -3 -3 -5 -4    6   5   2   7   1  27  23   2   3   0   3   7   0   2   1   8   1   0   0   1  0.66 0.47
   48 K    3 -1  1 -1 -4  1 -2 -2 -3 -3 -3  1 -3 -3 -4  3  3 -4 -3 -3   21   3   7   2   0   6   2   3   0   2   3  10   0   1   0  21  16   0   0   1  0.41 0.36
   49 N   -3 -5  9 -2 -8 -5 -4 -6 -2 -6 -6 -5 -7 -8 -7  0 -4 -9 -4 -8    2   0  83   2   0   0   1   0   1   0   1   0   0   0   0   7   1   0   1   0  2.59 1.17
   50 L   -6  1 -7 -8 -6 -6 -7 -8 -5  1  6 -6 -3 -2 -7 -5 -5 -6 -6  1    0   8   0   0   0   0   0   0   0   7  73   0   0   1   0   1   0   0   0   9  1.57 0.78
   51 N   -2  2  6  2 -6  0 -2 -2 -1 -4 -2  2 -4 -6 -4 -1 -3 -7 -5 -4    4  12  38  13   0   4   2   2   1   1   4  13   0   0   1   4   1   0   0   1  0.87 0.54
   52 T    0  1  1 -1 -4  1 -1 -3  0 -1  1  0 -3 -1 -3  2  3 -4 -2 -1    9   7   6   3   0   7   2   1   2   2  14   4   0   2   0  17  17   0   1   3  0.21 0.25
   53 L   -3 -6 -5 -8 -6 -6 -7 -7 -2  1  6 -7  0 -1 -7 -5 -4 -6 -5  2    2   0   0   0   0   0   0   0   1   7  69   0   2   2   0   1   1   0   0  15  1.46 0.73
   54 L    1 -5 -4 -6 -5 -4 -6 -4 -6  1  5 -6  1  2 -5 -1 -1 -5 -4 -1   12   0   1   0   0   1   0   1   0   6  55   0   3   8   0   6   4   0   0   3  0.92 0.55
   55 S    3 -1 -1  0 -5 -1 -2  0 -2 -4 -3 -3 -4 -4 -3  5  1 -6 -3 -4   21   3   2   6   0   2   2   6   1   1   2   1   0   1   1  40  10   0   1   1  0.70 0.53
   56 T    1 -3  0 -1 -4 -2 -1 -3 -2 -3 -2 -4 -2 -2 -4  5  3  2  0 -3    9   1   3   3   0   1   3   1   1   1   4   0   1   2   0  40  21   3   4   1  0.71 0.54
   57 L   -6 -6 -6 -8 -6 -5 -7 -7 -7  1  6 -7  0  1 -6 -4 -4 -6 -5 -1    0   0   0   0   0   0   0   0   0   7  78   0   2   6   0   1   1   0   0   3  1.72 0.83
   58 S    1 -1 -2 -4 -5 -2 -4 -5 -4 -1 -3 -4 -5 -4  5  4  0 -6  0  1    9   3   1   0   0   2   1   0   0   3   2   0   0   0  26  31   5   0   4  12  0.79 0.56
   59 N    1 -1  4 -1 -5 -2 -2 -1 -2 -4 -3  0 -4 -4 -2  4  1 -4 -1 -4   12   3  16   2   0   1   1   4   1   1   2   7   0   1   2  36   8   0   2   1  0.60 0.47
   60 Q    0 -1  6  0 -5  0 -2 -2  1 -3 -2  2 -3 -5 -4  1 -1 -6 -3 -1    8   3  36   5   0   4   2   2   3   2   4  13   1   0   0   9   4   0   1   4  0.63 0.44
   61 S    5 -4 -1 -3 -4 -2 -3 -2 -3 -2 -4 -2 -4 -4 -4  2  3 -6 -4  1   42   0   3   1   0   1   1   3   1   2   1   2   0   0   0  16  17   0   0   8  0.77 0.54
   62 S    1 -3  0 -1 -4 -2 -3 -3 -3  0 -3 -2 -3 -1  2  4  2 -5  0 -3   12   1   4   3   0   1   1   2   0   6   3   1   0   2  11  34  13   0   3   1  0.50 0.43
   63 F    0  1  3  0 -4  0 -2 -1  0 -1 -2  0 -2 -1  2  2  1 -4 -1 -2    9   6  14   4   0   4   1   5   3   5   4   4   0   3   8  17   8   0   3   3  0.18 0.21
   64 A    0 -2  2  0 -5 -2 -2  1 -1 -4 -4 -2 -4 -2 -4  4  3 -5  4 -3    8   2   8   5   0   1   1  10   1   1   1   2   0   1   0  27  16   0  14   1  0.54 0.44
   65 N   -3 -1  0 -3 -4 -3 -4  6  0 -4 -3 -1 -5 -5  1  0 -1 -6 -4 -6    2   4   4   1   0   1   1  56   3   1   3   4   0   0   8   6   5   0   1   0  1.05 0.59
   66 Y   -6 -8 -7 -8 -7 -6 -7 -4 -6 -4 -4 -8 -5  9 -8 -4 -6 -1  4 -4    0   0   0   0   0   0   0   2   0   1   1   0   0  77   0   2   0   1  14   1  2.72 1.12
   67 Y    3 -4  1 -3 -6 -1 -5  0 -1 -4 -4 -5 -4  2 -6 -1 -3 -4  7 -2   27   1   6   2   0   3   0   6   2   1   2   0   0   7   0   4   1   0  36   3  1.05 0.63
   68 N   -1 -3  6 -2 -6 -2 -3 -4  2 -3 -3  1 -1 -3 -5  1  3 -6 -1 -4    4   1  40   1   0   1   1   0   4   2   2   8   2   1   0  10  18   0   2   1  0.92 0.58
   69 L    3 -3 -2 -1 -4 -3 -3  2 -1 -2 -1 -4 -3  2 -4  1  3 -5 -2 -2   25   1   1   4   0   0   1  16   2   2   6   0   0   9   0  11  17   0   1   3  0.42 0.36
   70 T    0 -3 -2 -4 -5 -4 -2 -4 -4 -2 -5 -3 -4 -3 -4  5  5 -4 -4 -1    8   1   1   1   0   1   2   1   0   2   0   1   0   1   1  44  30   0   1   4  1.08 0.69
   71 T    2 -2 -2 -5 -3 -4 -3 -2 -1  2  0 -3  0  1 -4  0  0 -3  2  3   19   2   2   0   0   0   1   2   2  13   6   1   2   6   0   8   6   0   7  23  0.34 0.29
   72 G   -3 -6 -4 -4 -7 -5 -6  7 -6 -4 -7 -5 -4 -4 -3 -2 -5 -7 -7 -7    2   0   1   1   0   0   0  86   0   1   0   1   0   1   2   3   1   0   0   0  2.24 0.98
   73 L    1  1  1  1 -4  4  2 -2  0 -2 -2  0 -3 -3 -3  1  1 -5 -4 -2   12   6   6   6   0  20  12   3   2   2   4   6   0   1   1   8   8   0   0   2  0.31 0.28
   74 A    2 -4  3  2 -4 -2 -2  3 -2 -3 -4 -2 -4 -3 -2  2 -1 -5 -3 -1   18   0  12  11   0   2   2  24   1   2   1   1   0   1   2  14   3   0   1   5  0.44 0.33
   75 S   -1 -3  0 -2 -6  2 -2 -2 -4 -4 -4 -3 -4 -6  7  2  0 -6 -4 -5    6   1   5   2   0   8   2   4   0   1   2   1   0   0  46  15   5   0   1   1  1.13 0.64
   76 D   -4 -5  4  7 -7 -2  0 -3 -3 -6 -7 -3 -6 -7 -5 -1 -2 -5 -4 -5    1   0  18  59   0   1   5   2   1   0   0   1   0   0   1   5   2   0   1   1  1.64 0.80
   77 T    1  4 -2 -2 -4  2 -1 -3 -4 -1 -3  2  0 -3 -4  0  3 -5 -4  0   10  19   2   1   0  10   4   2   0   4   2  12   3   1   0   5  19   0   0   6  0.42 0.35
   78 V    2 -7 -7 -7 -5 -6 -7 -6 -7  3 -2 -6 -2 -3 -4 -5 -3 -7 -4  7   13   0   0   0   0   0   0   1   0  12   3   0   1   1   1   0   2   0   1  66  1.61 0.79
   79 H   -4 -5  2 -7 -4 -5 -5 -6  2 -6 -6 -5 -6  3 -7 -2  0  3  8 -6    1   1  10   0   0   0   1   0   5   0   0   1   0  11   0   4   7   4  55   0  1.91 0.91
   80 G    4 -6 -5 -5 -6 -6 -6  6 -6 -1 -6 -6 -6 -5 -6 -3 -4 -7 -5  0   32   0   0   0   0   0   0  55   0   3   0   0   0   0   0   1   1   0   0   6  1.53 0.78
   81 M   -4 -2 -5 -6 -5 -2 -6 -7 -4  3  5 -2  3 -2 -7 -3 -4 -6 -4 -1    1   3   1   0   0   2   0   0   0  18  57   2   7   1   0   2   1   0   0   4  1.16 0.61
   82 F    4 -6 -5 -6 -5 -5 -5  3 -5 -1 -2 -5 -3  4 -6 -2 -2 -4  3  0   31   0   0   0   0   0   0  19   0   4   4   0   0  19   0   2   3   0  11   7  0.82 0.52
   83 L   -6 -6 -4 -3 -6  5 -5 -6 -3 -1  5 -5  5 -1 -7 -5 -4 -4 -5 -4    0   0   1   2   0  22   0   1   1   3  55   0  12   2   0   1   1   0   0   1  1.39 0.77
   84 C   -7-10 -9-10 12 -9-10 -6 -9 -8 -8 -9 -8 -9 -9 -7 -7 -9 -5 -7    0   0   0   0  98   0   0   1   0   0   0   0   0   0   0   0   0   0   1   0  4.78 1.71
   85 T   -5  8 -4 -7 -8 -2 -5 -5 -3  0 -4 -3 -3 -3 -6 -5 -4 -3  0 -6    1  80   1   0   0   1   0   1   1   5   2   1   1   1   0   1   1   1   3   0  2.26 1.05
   86 G    0 -1 -3 -3 -7 -5 -5  7 -5 -6 -8 -4 -7 -8  0 -4 -5 -2 -6 -6    8   4   1   1   0   0   1  76   0   1   0   1   0   0   5   1   0   1   0   1  1.89 0.89
   87 D   -6 -5 -2  8 -8 -6 -3  0 -4 -8 -9 -5 -8 -6 -5 -5 -5 -9 -2 -7    1   1   1  85   0   0   1   6   0   0   0   1   0   0   0   1   1   0   2   0  2.55 1.13
   88 V   -1 -2 -4 -5 -3 -3 -5 -5 -4  2  2 -4 -1 -2 -4  1  1 -5  0  5    6   2   1   0   0   1   0   0   0  10  16   0   1   2   0  10  10   0   4  36  0.61 0.42
   89 N   -1 -3  4  1 -5 -3  0 -2 -3 -5 -4  1 -3 -4  0  4  3 -6  0 -4    5   1  19   6   0   0   6   2   0   0   1   8   0   0   4  27  15   0   3   1  0.60 0.46
   90 R    2  0  1 -1 -4  0 -2  0 -2 -3 -2 -1 -1 -3  4  1  0  0 -4 -2   20   5   8   4   0   3   2   8   1   2   3   2   1   1  18  12   6   1   0   3  0.33 0.29
   91 T    0 -2  0  3 -3  1  1 -1 -1 -3 -5 -1 -4 -4  0  3  3 -6 -3 -3    7   2   4  14   1   6  10   4   2   1   0   3   0   0   4  24  17   0   1   2  0.44 0.37
   92 T    1 -2  0  4 -4  0  0 -2 -3 -2 -1  0 -3 -1 -4  0  1 -5 -2  0   15   1   5  26   0   5   6   2   0   1   6   5   0   3   0   7   8   0   1   9  0.34 0.29
   93 C   -4 -9 -8 -9 12 -9 -9 -8 -9 -7 -7 -9 -7 -8 -9 -7 -7 -8 -8 -7    1   0   0   0  97   0   0   0   0   0   0   0   0   0   0   0   0   0   0   0  4.68 1.67
   94 N    1  4 -1 -3 -2  2 -1  0  0 -2 -1  0 -3 -2 -3  2 -2 -3  0 -3   10  22   2   1   1  11   4   6   3   2   7   6   0   2   1  17   2   0   4   1  0.33 0.30
   95 A    1  0  2  3 -4 -1  0  0 -2 -3 -3  0 -4 -2 -3  2  2 -5 -3 -3   13   5  10  16   0   2   5   6   1   1   2   4   0   2   1  19  11   0   1   2  0.35 0.30
   96 C   -5 -5 -4 -7 12 -8 -7 -5 -8 -6 -7 -7 -7 -4 -8 -4 -7 -3 -3 -7    1   1   1   0  90   0   0   1   0   0   0   0   0   1   0   2   0   0   1   0  4.08 1.50
   97 V   -3 -7 -7 -7 -5 -6 -7 -4 -7  4  3 -6 -1 -2 -7 -4 -4 -6 -1  5    2   0   0   0   0   0   0   2   0  18  31   0   1   1   0   1   0   0   2  41  1.23 0.65
   98 K    3  0  2  0 -3  1  0 -2 -2 -2 -3  1 -2 -4 -4  1  1 -5 -1 -1   26   4  12   5   0   8   4   2   1   2   1   8   1   0   0  10  10   0   2   3  0.33 0.31
   99 N    1  1  4  1 -5  0  0 -1 -2 -3 -3  0 -2  0 -3  0  3 -5 -2 -3   10   6  18   8   0   4   6   5   1   1   2   6   1   4   1   7  17   0   1   1  0.33 0.30
  100 A    6 -5 -6 -6 -3 -5 -4 -3 -6 -3 -3 -5 -4 -7 -5  2 -1 -7 -5 -1   66   0   0   0   1   0   1   2   0   1   3   0   0   0   0  16   4   0   0   4  1.44 0.83
  101 T    1  0 -3 -5 -4 -4 -4 -2 -4  0 -2 -3 -2  4  1  2  3 -3 -3  1   14   5   1   0   0   0   0   3   0   5   3   1   1  19   7  14  16   0   0  12  0.45 0.39
  102 I    1  3  1  0 -5  3  0 -2 -1 -2 -2  2 -3 -4 -3  1  0 -3 -2 -1   10  16   5   5   0  16   5   2   1   3   4  10   0   0   1  10   5   0   1   4  0.29 0.27
  103 E   -2  0  1  3 -5  2  3  1 -2 -2 -1  0 -1 -2 -4 -1 -1 -2 -1 -2    3   5   7  20   0  11  16  10   1   2   6   5   2   1   0   3   3   1   2   4  0.33 0.29
  104 I    2 -5 -6 -6 -2 -5 -6 -3 -6  4  3 -5  1 -1 -6 -2  0 -6 -4  1   17   0   0   0   1   0   0   2   0  27  31   0   2   2   0   3   5   0   0   8  0.77 0.47
  105 A    0  2 -2 -1 -4  2 -2  0 -1 -1  1  0  1 -1  0  0  1 -4 -2  0    7  13   1   3   0  12   1   6   1   4  12   3   3   3   5   6  12   0   1   7  0.14 0.19
  106 K   -2  2  1 -1 -6  4  1 -2  0 -4 -3  3 -3 -6 -1  1  1 -6 -4 -4    3  10   8   3   0  22   9   3   2   1   2  15   0   0   3  10   9   0   0   1  0.50 0.41
  107 N    0  3  1  0 -3  0 -1 -3  0 -1  2 -1  0 -1 -3  0 -1 -3 -2  0    6  20   7   5   0   5   2   2   2   3  21   3   2   2   1   7   3   0   1   8  0.20 0.22
  108 C   -7 -9 -5 -9 12 -8 -9 -8 -9 -7 -7 -9 -7 -4 -5 -7 -5 -8 -8 -7    0   0   1   0  95   0   0   0   0   0   0   0   0   1   1   0   1   0   0   0  4.55 1.68
  109 T    0 -1  0 -3 -6 -1 -4  0 -3 -5 -2 -4 -3 -4  7  0 -2 -7 -6 -4    7   4   4   1   0   2   1   6   1   0   4   1   1   1  56   7   3   0   0   1  1.37 0.75
  110 N   -3  1  5  0 -1 -1 -3  1  0 -3 -1  0 -2 -1 -5  0 -1 -3  3 -3    2   7  29   4   1   2   1  12   2   2   6   5   1   3   0   6   3   0  12   2  0.48 0.37
  111 H   -1  1  3 -1 -3  4 -1 -2  0 -3 -5  0 -4 -3 -4  3  1 -5  0 -2    5   7  13   4   1  21   3   2   2   1   0   4   0   1   0  20   7   0   4   4  0.48 0.41
  112 R   -2  3 -3 -4  1 -2 -3 -5 -5 -1 -4  6 -1 -4 -4 -2  1 -6 -1 -1    3  16   1   1   3   1   1   1   0   5   1  47   2   1   1   3   9   0   2   4  0.97 0.60
  113 E    0 -1 -1  4 -6  0  4  2 -3 -5 -6 -3 -5 -6 -5  0 -1 -3 -6 -2    9   4   3  23   0   4  28  14   0   0   0   1   0   0   0   6   4   0   0   3  0.71 0.49
  114 A    6 -2 -6 -5 -5 -5 -5  1 -6 -5 -6 -5 -2 -5 -5  0 -3 -7 -4  2   63   2   0   0   0   0   0   9   0   0   0   0   1   0   0   8   1   0   1  12  1.31 0.76
  115 I    1  1 -3 -4 -4 -3 -4 -3 -4  4 -1 -3  0  1 -5  0  2 -3  1  2   11   8   1   1   0   1   0   1   0  27   4   1   2   6   0   6  14   0   4  13  0.45 0.35
  116 I   -1 -5 -4 -3 -4 -4 -5  0 -1  5  1 -4  2  0 -5 -2 -2 -5 -1  3    5   0   1   1   0   0   1   8   1  36  13   1   4   4   0   2   2   0   2  19  0.71 0.42
  117 Y   -4 -5 -4 -7 -2  2 -7 -3 -4 -3 -5 -7 -5  2 -7 -5 -7 11  5 -2    2   0   1   0   1  10   0   2   0   2   1   0   0   8   0   1   0  48  19   3  2.44 1.09
  118 N   -4 -3 -3 -1 -7 -4 -2 -3 -1 -4  1 -5 -4  1 -3 -2 -4 -3  9 -5    1   2   1   3   0   1   3   3   1   1  11   0   0   5   2   3   1   0  60   1  1.75 0.88
  119 V   -4 -4  1  7 -7 -2  2 -1 -3 -4 -5 -3 -6 -5 -4 -2 -1 -7 -3 -5    1   1   5  57   0   2  14   5   1   1   1   1   0   1   1   3   4   0   1   1  1.37 0.73
  120 D    0 -1  2  1 -2  2  2  1  1 -3 -1  0 -2 -1  1 -1 -2  1  0 -2    7   3   9   8   1   9  14  13   3   1   6   4   0   3   6   3   1   2   4   2  0.17 0.19
  121 C   -6 -6 -8 -8 12 -8 -9 -6 -4 -6 -7 -8 -7 -4 -8 -7 -7 -8 -2 -6    0   1   0   0  92   0   0   1   0   0   0   0   0   1   0   0   0   0   2   1  4.35 1.62
  122 M   -4 -3 -6 -6 -3  1 -5 -6 -2  1  2 -5  7  4 -5 -4  0 -4  3  0    1   1   0   0   0   6   0   0   1   8  19   0  24  15   0   1   6   0  10   6  0.90 0.54
  123 V   -2 -6 -7 -7 -5 -6 -6 -5 -6  1  5 -6  2  1 -6 -6 -4 -6 -4  4    3   0   0   0   0   0   0   1   0   7  53   0   4   6   0   0   0   0   0  24  1.21 0.64
  124 R   -5  7 -4 -3 -7 -1 -2 -2  2 -4 -3  1 -6 -7 -6 -3 -3 -1 -2 -3    1  65   0   2   0   2   2   3   5   1   4   8   0   0   0   1   2   1   2   2  1.62 0.83
  125 Y   -7 -7 -4 -8 -5 -7 -7 -8 -1 -1 -4 -7 -6  4 -8 -5 -5 -4  9 -4    0   0   1   0   0   0   0   0   1   4   1   0   0  14   0   1   1   0  74   1  2.80 1.22
  126 S    0 -6 -3  0 -6 -4  0 -5 -4 -7 -5 -4 -6 -7 -6  7  0 -7 -3 -5    6   0   1   5   0   0   6   0   0   0   1   0   0   0   0  72   5   0   1   1  1.64 0.93
  127 D   -3 -4  7  4 -6 -4 -3 -1  1 -4 -6 -4 -3 -2 -3  0 -1 -7  0 -2    2   0  48  19   0   1   1   5   3   1   0   0   1   2   1   6   3   0   3   3  1.24 0.70
  128 K    0  4  0  0 -4  2  0 -3  2  0 -3  1 -1 -3 -3 -1  0 -1 -1  0    7  21   3   4   0  12   6   2   4   6   2   7   1   1   1   4   7   1   2   9  0.27 0.26
  129 F   -2 -2  4  3 -4 -1 -3 -1  0 -3 -4 -2 -2 -2 -1  4  0 -3 -1 -4    2   2  22  15   0   2   1   5   2   2   2   2   1   2   4  29   4   0   2   1  0.64 0.48
  130 F   -5 -5 -4 -6 -6 -6 -7 -7 -6  4 -2 -7 -1  8 -6 -2 -1 -5 -2 -3    1   1   1   1   0   0   0   0   0  22   2   0   1  58   1   4   5   0   1   1  1.89 0.88
  131 L   -2 -2 -5 -5 -5 -5 -5 -6 -3  0  3 -4  0  6 -1  0 -2 -4  2 -1    3   2   0   1   0   0   1   0   1   5  28   1   2  35   3   7   2   0   5   3  0.92 0.53
  132 T    1 -1  0 -1 -5  0 -3  5 -3 -5 -4 -4 -4 -6 -2  3 -1 -4 -5 -4   13   3   4   4   0   4   2  42   0   0   2   0   0   0   2  19   3   0   0   1  0.83 0.53
  133 T    0  1  0 -1 -3  1  0 -2 -1  0 -1  1 -1 -2 -1  1  2 -4 -2  1    6   6   3   3   0   6   4   1   1   6   5  11   1   2   3  11  15   0   1  10  0.13 0.17
  134 L    1 -3 -1  0 -3 -2 -1 -3 -4  1  2 -2  4 -2  1 -1  0  0 -1  2   12   1   3   5   0   1   4   1   0   8  17   2  10   1   6   5   4   1   2  16  0.21 0.22
  135 E   -2 -3  1  6 -6 -1  3  0 -2 -2 -6 -3 -5 -5 -4 -1  0 -4 -3 -2    4   1   6  40   0   3  20   6   1   3   0   1   0   0   1   4   5   0   1   4  0.88 0.54
  136 T   -2 -3  3  1 -4  0  0 -3 -3 -1  0 -1  2 -2 -3 -1  4 -3  3 -1    2   1  13   7   0   4   6   2   0   3  10   4   5   1   1   3  23   0   9   3  0.32 0.31
  137 N   -1  0  2  2 -4  0  2  0 -1 -3 -3  0 -3 -2 -2  2  2 -1 -2 -2    5   5   9  10   0   3  12   8   1   1   1   5   0   2   2  16  14   1   1   2  0.27 0.26
  138 P   -1 -2  1 -2 -5 -2 -1  0  0 -2 -1 -2  1 -1  6 -2 -1 -3 -1 -1    4   2   7   2   0   2   4   8   2   3   5   2   3   3  40   2   4   0   2   4  0.72 0.45
  139 S    0  1  0 -1 -2  0  0  0 -1  0  0  0  0  1  0  1  1 -1  0  0   10   8   5   2   0   3   5   7   1   4   7   5   3   6   3  11   8   1   4   8  0.03 0.06
  140 Y   -1 -2 -2 -4 -4 -2 -2 -3 -2  1  1 -2  1  4 -2 -2 -1  3  4  1    5   3   2   1   0   2   2   2   1   9  11   3   3  20   2   3   4   4  15   9  0.38 0.27
  141 W    0  0  0 -2 -1 -1 -2 -2  0  1  0  0  1  1  0  0  0  2  3  0    6   4   4   2   1   2   1   3   2   8   8   7   5   7   5   9   4   2  12   6  0.08 0.11
  142 W   -2 -2 -2 -2 -4 -2 -2 -3 -3  1  2 -1  4  1 -4 -2  0  6  1  1    3   2   2   2   0   2   2   2   0   8  20   4  11   7   1   2   5  13   5  10  0.47 0.32
  143 S   -1  0  3 -1  4 -1 -2 -2  2 -2 -1 -2  0 -1  0  0  0  4  3 -1    4   4  16   3   8   2   1   3   4   2   6   2   2   2   6   9   6   5  11   4  0.26 0.24
  144 S   -1 -2  6  0 -3 -2 -1  1 -2 -2 -2 -3 -1 -3 -2  2 -1  0 -1 -1    5   2  33   5   1   1   3   9   1   2   4   1   1   1   2  17   4   1   2   4  0.55 0.41
  145 N   -1  0  3  0 -4  1  0  0 -2 -3 -2  0  0 -3  2  0  2 -4 -2  0    5   4  15   5   0   7   4   6   0   1   3   6   3   1  10   7  14   0   2   6  0.21 0.22
  146 D    0  1  4  1 -4  2  0 -1 -2 -2 -3  2 -1 -3 -2  0  0 -5 -3 -1    8   6  24   8   0   8   5   5   1   2   3  11   1   1   1   5   6   0   1   4  0.35 0.28
  147 L   -1 -1  5  1 -5  0 -2 -3 -3  1 -2  0 -2 -1 -1  0  0 -5 -2  2    4   2  30   8   0   3   2   1   0   7   4   5   1   2   3   7   5   0   1  14  0.43 0.34
  148 I    0 -2  2 -1 -4 -3 -3 -3 -2  3 -1 -2  0  0 -3  0  1 -3 -1  4    6   2   9   4   0   0   1   1   1  15   4   2   2   4   1   8  10   0   2  28  0.36 0.29
  149 P    2 -1 -1  0 -3 -1 -1 -1 -3 -1 -2 -1  0 -3  2  2  3 -3 -3  0   17   3   3   6   0   2   3   5   0   3   4   3   3   1   9  18  16   0   1   6  0.25 0.25
  150 K    1 -1  0  2 -4 -1  0  2 -2 -3 -3  0 -3 -4  0  2  1 -5 -2 -1    9   2   4  13   0   1   6  13   1   1   2   6   0   1   5  20  10   0   1   5  0.28 0.26
  151 S   -1 -1  4  5 -5  0  0 -2 -1 -4 -5 -1 -5 -6  1  2 -1 -6 -3 -2    5   3  18  29   0   4   6   3   1   1   1   4   0   0   6  13   4   0   1   3  0.63 0.43
  152 F    1 -1 -2 -1  1 -1 -2 -1 -3  0  0 -2  0  2  3 -1  0 -2 -1  2   10   3   1   3   3   3   2   4   0   3  11   3   2   8  18   3   5   1   2  14  0.22 0.19
  153 G    1 -2  2  3 -4  0  1  2 -2 -2 -3  0 -2 -3 -2 -1  1 -2 -3 -1   13   2   9  17   0   4   9  14   1   2   2   5   1   1   1   3  10   1   1   5  0.27 0.24
  154 K    1  2  0 -1 -4  2  1  0  0 -2 -1  0 -1 -2  0  1 -1  0 -2 -1   12  14   3   3   0   9  11   8   2   2   6   5   1   2   5   9   3   1   1   3  0.14 0.16
  155 F   -2 -4 -2 -4 -3 -1 -2 -4 -5 -2 -2 -3 -1  8 -4 -2 -3  0  2 -1    3   1   2   1   1   3   3   2   0   2   3   2   1  59   1   3   2   1   6   4  1.48 0.73
  156 G   -2  0  5  2 -4 -1  0 -1 -2 -1 -2 -1  0  0 -3 -1  0 -1  0 -1    4   4  26  11   0   3   6   5   0   4   5   4   2   4   1   4   6   1   3   5  0.31 0.27
  157 Q    1  3  0  1 -5  3  1  0 -1 -4 -2  2 -3 -4 -3  0  0 -2 -2 -3   11  15   5   7   0  16   9   6   1   1   3  11   0   1   1   6   5   1   1   1  0.34 0.30
  158 R    1  1  0 -1 -2  0  0 -2 -2  0  1  1  0 -1 -2  0  0 -3 -1  0   16  10   4   3   0   4   6   2   1   4  14  10   1   2   1   5   7   0   3   8  0.09 0.13
  159 L   -1  0 -3 -3 -5 -2 -4 -4 -5 -1  4 -4  0  1 -6 -3  1  5 -2  3    5   6   1   1   0   2   1   1   0   2  33   0   2   6   0   2   8   7   1  22  0.61 0.43
  160 S    0  1  1  0 -3  0  0  1 -1 -1  0  1  1 -1 -2  0  0 -1 -1  0   10   8   6   6   0   3   7  10   1   2   7   8   6   3   1   6   7   1   2   7  0.06 0.09
  161 D    1  0  1  3 -4  0  2  0 -1 -4 -4  0 -2 -2 -3  1  1 -3 -1 -2   14   4   7  17   0   3  13   7   1   0   1   6   1   2   1   8   9   0   2   3  0.27 0.26
  162 K    0 -1 -1 -4 -5 -2 -3 -2 -4 -1  4  0  1  1 -4 -2  1 -4 -3 -1    7   3   3   1   0   1   1   4   0   2  47   5   3   5   1   2  10   0   0   4  0.55 0.40
  163 M   -2 -3 -6 -5 -6 -6 -6 -7 -7  0  5 -5  7  0 -7 -6 -2 -6 -5  2    3   2   0   1   0   0   0   0   0   3  44   0  27   4   0   0   3   0   0  11  1.37 0.74
  164 G    0  0  4  1 -4  0 -1  1  0 -2 -1 -1 -2 -1 -4  1  0 -2  0 -1    9   5  19   8   0   3   4  10   2   2   5   3   1   3   0  11   6   1   3   4  0.20 0.21
  165 E    1  2  2  2 -5  1  1  0 -1 -4 -4  1 -3 -3 -3  1 -1 -5 -2 -3   15  13  12   9   0   6   9   5   1   1   1   8   1   1   1  11   3   0   1   2  0.32 0.29
  166 V   -1  0 -2 -4 -5 -4 -2 -4 -4  0  4 -2  2 -4 -5 -3  3 -2 -4  0    6   5   2   1   0   1   3   1   0   4  43   2   4   0   0   1  20   1   0   5  0.67 0.47
  167 I    3  0 -3 -1 -4 -2 -3 -2 -4  2  0  0  2 -3 -3  0  1 -4 -4  1   27   6   1   4   0   2   1   2   0  12   8   5   6   1   1   6   9   0   0  10  0.29 0.28
  168 V    1  0  2  2 -3  0  1 -1 -1 -2 -2  0 -2 -3 -1  1  1 -4 -3  0   13   5   9  11   0   3  10   5   1   2   3   5   1   1   2  11  10   0   1   8  0.17 0.18
  169 R    0  2  0 -1 -5  2  2 -1  0 -2 -3  3 -2 -3 -3 -1 -1  0  2 -1    7  12   3   4   0   9  14   4   2   2   3  17   1   0   1   4   4   1   8   5  0.28 0.26
  170 S    6 -4 -3 -4 -5 -3 -4 -2 -4 -2 -1 -2 -2 -4 -4 -1 -1 -6 -1  0   62   1   1   1   0   1   1   3   0   2   6   2   1   1   1   5   4   0   2   5  1.06 0.66
  171 S    5 -4 -3 -3 -4 -4 -2  0 -4 -3 -4 -3 -3 -4 -2  3  2 -4 -2  0   44   1   1   1   0   0   2   6   0   1   1   1   0   1   2  18  10   0   2   6  0.76 0.53
  172 L    2 -1  1  0 -2  0 -1 -1 -1 -1  0 -1  0  0 -2  1  1 -1  1  0   17   3   7   5   0   4   3   5   1   4   7   2   2   5   1  11   8   1   5   8  0.07 0.11
  173 L    1 -1  2  0 -3 -1  1  1 -1 -1  0  0  1 -2  0  1  0 -2 -1 -1   12   2  11   5   0   2   8  10   1   2  10   4   4   1   3  11   5   0   2   4  0.09 0.11
  174 S    2 -2  2  1 -3 -1 -1  1 -1 -3 -3 -1 -3 -2  0  3  0 -4 -3 -1   16   2   9   8   0   3   4  10   1   2   3   4   0   2   5  22   6   0   0   4  0.25 0.23
  175 S    1 -1  3  0 -3 -2 -2  2 -2 -3 -3 -2 -4 -3 -1  3  0 -2 -1 -3   11   4  14   5   1   1   2  14   1   1   3   2   0   1   3  27   6   1   2   2  0.39 0.32
  176 S    0  1  1  1 -3 -1 -2  1 -2 -2 -2  0 -1 -3  0  3  1 -4 -2 -2    9   9   7   7   0   3   2  11   0   2   4   6   1   1   4  23   7   0   1   2  0.22 0.21
  177 F   -1  1  1 -1 -3 -1 -1  1 -2 -2  0 -1 -1  0  1  2  0 -2 -1  0    5   7   7   2   0   2   3  11   1   1  10   3   1   5   6  21   6   0   2   6  0.13 0.16
  178 T    0  2  0  0 -3  0 -1  0 -1 -1  0  0  0  0  1  0  0 -2  0 -1    7  13   3   5   0   4   3   8   1   2  10   7   2   4   7   8   7   0   4   4  0.06 0.08
  179 P    0  3  0 -2 -4 -1 -1  0 -1 -2 -1  3  0 -1  1 -1  0 -4 -1 -2    6  17   4   2   0   2   3   7   1   1   7  23   2   2   7   5   5   0   2   3  0.27 0.24
  180 Y   -1  2 -2 -3 -4 -2 -3 -1  1 -4 -1  3  4  2 -3 -2 -1 -2  4 -3    6  11   2   1   0   1   1   5   3   1   6  20  10   7   1   2   3   0  17   2  0.49 0.36
  181 Y    1 -3 -4 -4 -5 -4 -3 -1  0 -3 -3 -4 -3  6 -5 -2 -2  1  6 -2   10   2   1   1   0   1   2   5   2   1   2   1   1  33   1   3   2   2  29   3  1.18 0.62
  182 L    5 -2 -4 -3 -4 -1 -2  1 -3 -3 -3 -3 -2 -3 -4  0  0 -5 -1  0   50   2   1   2   0   3   3  11   1   1   2   2   1   1   0   6   6   0   2   7  0.74 0.50
  183 M    2 -3 -1 -1 -4 -2 -1  0 -3 -2 -3 -3  2 -1 -2 -1  5 -5 -3  1   16   1   3   4   0   2   3   9   0   2   2   1   5   3   1   4  34   0   1   9  0.51 0.41
  184 D   -1 -1  0  2 -5 -1  1  5 -1 -3 -4  0 -4 -4 -4  0 -1 -2 -1 -2    5   3   5  12   0   2   8  37   1   2   1   7   0   0   0   5   3   1   3   3  0.55 0.37
  185 T   -1  0  0 -1 -3  1  4 -1 -2 -2 -3  1  0 -3 -3  1  1 -3 -3  1    4   4   5   2   0   6  25   5   1   2   2   9   2   1   1  11   8   0   1  11  0.30 0.29
  186 T    2 -2 -2 -1 -3 -2  1 -1 -3  0  0 -1  1  1 -2  0  2 -2 -1  1   19   1   2   3   0   1  10   5   0   4   8   4   3   5   1   6  15   1   2  10  0.14 0.19
  187 R   -1  2  2  2 -4  0  0  1 -2 -2 -3  1 -3 -2  0  1  0 -3 -1 -1    5  11  12  10   0   3   7  10   0   2   3   7   0   1   5  10   6   0   2   5  0.18 0.18
  188 F   -1 -3 -1 -2 -3 -3 -2 -1 -2  0  2 -2 -1  4 -2  0 -1  1  2  1    4   1   3   3   0   1   2   5   1   6  18   2   1  21   2   7   3   2   7  12  0.29 0.23
  189 D   -1 -3  0  2 -4 -2  0  2 -3 -2 -3 -3 -3 -4  2  2  3 -4 -4 -3    4   1   5  12   0   2   7  15   1   2   3   1   0   1  11  15  18   0   0   2  0.41 0.34
  190 N    0 -2  1  1 -4  0  1  3 -3 -4 -3  0 -2 -4  1  2  1 -3 -4 -2    9   2   8   8   0   4   8  20   0   1   2   5   1   1   7  14   8   0   0   3  0.30 0.26
  191 L   -2 -2  1 -1 -4 -2 -3 -2 -3 -1  0 -2  0  5 -3  3  0 -2  2  0    3   2   8   3   0   1   1   3   0   4   9   2   2  21   1  20   7   0   6   7  0.37 0.30
  192 Y   -3  0 -3 -1 -5  4  1  0  0 -3 -2  0 -1 -4  3 -1 -1 -3  1 -1    2   5   1   3   0  22   9   9   2   2   3   6   2   1  17   4   4   0   4   4  0.44 0.36
  193 D   -3  1  2  1 -5 -2 -2 -4 -4 -3 -3  4  0 -4 -2  0  5 -3 -3 -2    2   6  10   6   0   2   2   1   0   1   2  22   2   1   2   8  30   1   1   2  0.65 0.49
  194 L   -5 -1 -7 -7 -6 -6 -7 -8 -7  5  3 -6  2 -1 -6 -6 -4 -4 -5  4    1   5   0   0   0   0   0   0   0  34  29   0   5   3   0   0   1   0   0  22  1.23 0.65
  195 E   -7 -4 -3 -5 -8 -1 -3 -8  1 -7 -7 -6 -7  1 -7 -4 -7 -2 10 -6    0   1   2   1   0   3   2   0   3   0   0   0   0   5   0   1   0   0  79   0  2.92 1.33
  196 S    3 -6 -5 -6  2 -6 -6  5 -6 -6 -6 -6 -2 -7 -6  2 -1 -4 -7 -1   22   0   0   0   4   0   0  48   0   0   1   0   1   0   0  14   4   0   0   5  1.24 0.73
  197 I   -4 -6 -7 -8 -6 -5 -6 -7 -4 -2  5 -7  6  0 -7 -4 -4  2 -1  0    2   0   0   0   0   0   0   0   1   1  60   0  18   4   0   2   1   2   2   6  1.47 0.76
  198 V    5 -6 -6 -7 -5 -5 -5 -1 -7 -3 -3 -6  4 -6 -6 -3 -2 -7 -6  5   41   0   0   0   0   0   0   6   0   0   1   0  11   0   0   2   3   0   0  35  1.29 0.75
  199 Q   -7 -4 -6 -4 -9  9 -3 -8 -3 -9 -6 -5 -7 -9 -7 -5 -6  0 -6 -8    0   0   0   1   0  93   1   0   1   0   1   0   0   0   0   0   0   1   0   0  3.27 1.52
  200 C   -7 -9 -9 -9 12 -9 -9 -9 -9 -8 -8 -9 -8 -9 -9 -7 -7 -9 -9 -7    0   0   0   0  98   0   0   0   0   0   0   0   0   0   0   0   0   0   0   0  4.83 1.78
  201 T   -1 -5 -2 -6 -5 -5 -1 -7 -7 -2 -3 -6  0 -5 -6  1  7 -3 -5 -1    5   1   2   0   0   0   4   0   0   3   3   0   3   0   0   8  67   0   0   4  1.59 0.91
  202 P   -5  4 -6 -5 -8  0 -5  1 -6 -7 -5 -2 -6 -8  7 -4 -4 -3 -8 -8    0  22   0   0   0   4   0  11   0   0   1   3   0   0  54   1   1   1   0   0  1.81 0.96
  203 D   -6 -8 -2  9 -6 -6 -3 -4 -3 -9 -9 -7 -9 -7 -7 -6 -6-10 -4 -6    0   0   2  91   0   0   1   1   1   0   0   0   0   0   0   0   0   0   1   1  2.96 1.31
  204 L   -6 -4 -8 -8 -6 -2 -6 -8 -7  2  6 -5  3 -4 -8 -7 -5 -7 -6  0    0   1   0   0   0   2   0   0   0  10  72   1   7   0   0   0   0   0   0   5  1.69 0.83
  205 D    0 -3  0 -1 -5 -4 -4 -1 -5 -5 -5 -4 -6 -5 -1  6  3 -2 -5 -4    8   1   4   4   0   1   1   4   0   1   1   1   0   0   3  53  17   1   0   1  1.10 0.72
  206 P    2  0 -1 -1 -5 -1  1  0 -3 -2 -3 -1 -2 -2  4  2 -1 -5 -2 -2   15   5   2   4   0   3   9   7   0   2   2   4   1   2  21  15   4   0   2   3  0.37 0.31
  207 R    2 -1 -1  1 -4  2  0  1  0 -3 -1 -1 -3 -2 -1  2  0 -3 -3 -2   16   2   2   8   0  11   7  10   2   1   5   4   0   1   3  18   6   0   0   3  0.22 0.25
  208 N   -2 -2  2  6 -7  3  2 -1 -3 -4 -4 -3 -4 -4 -4 -1 -3 -5 -5 -4    4   3   9  40   0  13  14   5   0   1   2   1   0   1   1   4   1   0   0   2  0.95 0.58
  209 C   -7 -9 -9 -9 12 -9-10 -9 -9 -8 -8 -9 -8 -9 -9 -6 -7 -3 -9 -7    0   0   0   0  98   0   0   0   0   0   0   0   0   0   0   1   0   0   0   0  4.80 1.74
  210 T   -1  3  3 -1 -5  1 -1  0 -1 -3 -1  2 -2 -2 -4  1  0  0 -1 -3    5  19  12   3   0   6   3   7   1   1   6  11   1   1   0  11   6   2   2   2  0.29 0.26
  211 T    0  2  1  2 -4  1  1 -2 -1 -2 -3  1 -2 -3 -4  2  1 -2 -3 -1    9  11   6  14   0   7   7   3   1   2   3   7   1   1   0  14   7   1   1   5  0.24 0.24
  212 C   -7-10 -9-10 12 -9-10 -9 -9 -8 -8 -9 -8 -9 -9 -6 -7 -9 -6 -7    0   0   0   0  98   0   0   0   0   0   0   0   0   0   0   0   0   0   0   0  4.84 1.76
  213 L   -7 -7 -8 -9 -6 -7 -8 -9 -8 -2  7 -8 -2  0 -8 -7 -6 -7 -6  1    0   0   0   0   0   0   0   0   0   2  86   0   1   4   0   0   0   0   0   7  2.10 0.97
  214 K    1  1  1  2 -4  3  2  0 -2 -4 -3  1 -1 -4 -4  1  0 -3 -3 -1   11   7   5  11   0  14  11   6   1   1   2   7   1   0   0  12   5   0   0   4  0.28 0.27
  215 L    0  0  1  2 -4  1  1  2 -2 -2 -3 -1 -3 -1 -2  1  0  3 -1 -2    7   6   5  12   0   8   9  14   1   2   2   3   0   3   1  10   6   5   2   3  0.19 0.19
  216 A    4 -5 -2 -5  0 -2 -5 -2 -3  3  1 -5  0 -1 -5  1 -1 -5  0  0   35   0   2   0   2   1   0   3   0  15  14   0   2   2   0  12   2   0   3   4  0.55 0.42
  217 L   -2 -4 -4 -7 -5 -2 -5 -6 -4  5  1 -5  1  1 -5 -3 -1 -6 -2  4    3   1   1   0   0   2   0   0   0  35  13   0   4   6   0   2   3   0   2  27  0.94 0.52
  218 Q    1  0  1  1 -4  1  0  2 -4 -3 -3  0 -3 -4 -2  2 -1 -5 -5 -1   13   6   7   7   0   7   7  18   0   1   2   5   1   1   1  17   4   0   0   4  0.31 0.28
  219 E   -2  2  1  2 -5  3  3 -2 -1 -2 -2  2  1 -3 -4 -1 -1 -1  1 -3    3  13   7   9   0  11  17   4   1   2   4  11   4   1   0   3   4   1   5   1  0.34 0.29
  220 L   -1 -5 -3 -6 -5 -5 -5 -6 -5  4  3 -6  4  2 -5 -4 -1  1  2  1    5   0   1   0   0   0   0   0   0  20  32   0   9   9   0   1   3   2   7   9  0.76 0.45
  221 T   -2  1 -1 -2 -4  2 -3 -2 -3 -4 -2  1 -3 -4  6  1 -1  1 -4 -4    3   7   3   2   0   8   1   4   1   1   4   9   1   1  38   9   4   2   1   1  0.82 0.54
  222 E   -1  1  2  0 -4  1  0  0 -3 -3 -2  2 -3 -5 -2  2  2  0 -3 -1    4   8  10   6   0   7   6   6   0   1   3  12   0   0   1  17  11   2   0   4  0.26 0.26
  223 C   -3 -2 -4 -1  9 -2 -1 -4 -1 -3 -2 -4 -2  0 -5 -2  0  3  3 -1    2   2   1   3  43   2   5   1   1   2   4   1   1   5   0   3   7   4   9   4  1.34 0.67
  224 C   -5 -5 -4 -7 10 -6 -7 -5 -5 -3 -1 -6  1  4 -6 -4 -4 -2  1 -4    1   1   1   0  59   0   0   1   0   2   5   0   3  16   0   1   1   1   5   1  2.47 1.03
  225 G   -1  0  2  3 -3 -1  0  3 -1 -4 -3 -1 -2 -2  0  1 -1  0  0 -3    5   4  10  16   0   2   4  19   1   0   3   3   1   2   5  12   3   2   4   1  0.30 0.26
  226 N   -1 -2  3  1 -6 -2 -3  5 -2 -5 -4 -4 -2 -3 -4  1  0 -5 -2 -3    5   2  15   7   0   1   1  44   1   1   2   0   1   1   1   9   5   0   2   2  0.82 0.51
  227 Q    0  4  0 -4 -5  0 -2 -3  0 -4 -5  5 -1 -4 -3  1 -2 -6 -2 -4    9  20   5   0   0   3   1   2   2   1   0  36   2   1   1  11   2   0   1   1  0.78 0.52
  228 V   -2  2 -3 -2 -5  4  0 -4 -3  3 -1  0  1 -3 -1 -1  0 -3 -5  1    3  11   1   2   0  21   6   1   0  16   5   6   3   1   3   5   5   0   0  11  0.39 0.35
  229 W   -2 -2 -6 -5 -5 -6 -5  7 -5 -9 -8 -5 -6 -4 -7  0 -5  3 -1 -7    3   2   0   1   0   0   1  77   0   0   0   0   0   1   0   6   0   4   2   0  2.01 0.97
  230 A    3 -6 -5 -7  2 -4 -6  6 -7 -6 -5 -6 -7 -6 -7 -3 -4  4 -7 -2   20   0   0   0   4   1   0  62   0   0   2   0   0   0   0   1   1   5   0   3  1.66 0.84
  231 F   -2  7 -1  0 -7  2 -2 -2 -4 -2 -4 -1 -1 -4 -6 -2 -2 -1 -1 -2    3  52   3   6   0  10   3   3   0   3   1   2   1   1   0   2   3   1   2   3  1.12 0.67
  232 I   -1 -5 -4 -7 -6 -4 -7 -7 -5  5 -1 -7  2  0 -7 -4 -3  1 -2  5    4   0   1   0   0   1   0   0   0  30   5   0   4   4   0   1   1   2   1  44  1.28 0.67
  233 Y   -2 -2 -2 -4 -3 -3 -5 -4  0  1  4 -1  1  4 -6 -3 -3 -1  3  1    4   2   3   1   0   1   0   1   2   7  35   4   3  14   0   2   1   1  10   9  0.55 0.37
  234 T    0  1 -1 -4 -2 -3 -4  4 -4 -4  1  0 -2  0 -5  1 -1  1  2 -2    7   8   2   0   1   1   0  29   0   0  13   5   0   4   0  11   4   2   8   3  0.39 0.34
  235 P    0  0 -4 -4 -6 -3 -5  0  1 -1 -2 -4 -2 -2  6  0  1 -6  1  1    7   4   1   0   0   1   0   6   3   3   4   0   1   1  36   7   8   0   5  11  0.73 0.49
  236 N   -4  3  2 -5 -6 -1 -4 -4 -4 -5 -7  1 -6 -6 -5  6 -3  4 -5 -5    0  17   8   0   0   2   0   1   0   1   0   9   0   0   0  53   1   6   0   1  1.33 0.81
  237 C   -7-10 -9-10 12-10-10 -9-10 -8 -8-10 -8 -9 -9 -8 -8 -9 -6 -8    0   0   0   0  99   0   0   0   0   0   0   0   0   0   0   0   0   0   0   0  4.92 1.79
  238 M   -4 -2  6 -3 -5 -3 -5 -3 -1 -2 -3 -5 -1  2 -6  1  0  0  5 -3    1   3  36   1   0   1   0   2   1   2   3   0   2   8   0  10   5   1  21   1  1.03 0.63
  239 V    0 -6 -7 -7 -5 -6 -6 -7 -6  3  3 -6  3  5 -6 -3 -4 -3  1  3    8   0   0   0   0   0   0   0   0  14  25   0   7  24   0   3   0   0   3  17  0.93 0.52
  240 S   -5  8 -3 -7 -9 -3 -5 -6 -3 -4 -7 -1 -1 -8 -8 -2 -5  1 -5 -7    1  83   1   0   0   1   0   0   1   1   0   2   2   0   0   4   1   2   0   0  2.54 1.18
  241 F   -7 -8 -8 -9 -5 -8 -8 -9 -3 -3 -7 -8 -4  5 -9 -4 -8  5  9 -4    0   0   0   0   0   0   0   0   0   2   0   0   0  18   0   2   0   7  68   1  2.87 1.25
  242 D   -4 -4 -2  3 -8  0  7 -4 -2 -8 -7 -4 -6 -6 -6  1 -4  1 -4 -7    1   1   2  14   0   4  64   1   1   0   0   0   0   0   0   8   1   2   1   0  1.69 0.91
  243 T   -1 -4 -2 -1 -4 -3 -3 -3 -5  3  3 -3  0  1 -2 -2  2 -4  0  2    4   0   2   4   0   1   1   1   0  15  25   1   1   5   2   3  16   0   4  14  0.38 0.30
  244 Y   -3 -3 -2 -3 -7 -2 -5 -2  0 -6 -5 -4 -4  3 -6 -2 -2  1  9 -5    2   1   2   2   0   2   1   4   2   0   1   1   0   9   0   4   3   2  63   1  1.98 0.95
  245 N   -2  1  0  0 -6  1 -2 -1 -3 -4 -2 -2 -1 -4  7  0 -1 -7 -5 -4    3   7   5   5   0   6   2   5   1   1   4   2   1   1  46   6   4   0   0   1  1.01 0.60
  246 S   -2 -6 -1 -5 -7 -5 -7 -2 -6 -1 -4 -6 -5  9 -4 -2 -4 -5  1 -2    4   0   4   1   0   1   0   3   0   3   1   0   0  70   1   4   1   0   4   3  2.04 0.92
  247 S   -3 -5 -3 -1 -6 -4 -5  0  1 -3 -4 -6 -5  4 -3  0  0 -3  7 -3    2   0   1   4   0   1   0   8   3   1   1   0   0  18   2   7   7   0  42   2  1.25 0.67
  248 L    0  0  0  1 -3  0 -1  0 -2  0  0 -1  0  2  0  0  1 -3 -1  0    6   6   5   8   0   4   3   6   0   4  12   2   2  11   5   6   9   0   1   8  0.05 0.09
  249 P    1 -2  0 -2 -4 -1  1 -1 -1 -2 -1 -2 -2 -3  5  0  0 -5 -2  0   10   2   4   2   0   3   9   5   1   3   6   1   1   1  32   8   5   0   2   6  0.52 0.35
  250 P   -1 -2 -1 -1 -4 -1 -1 -1  0 -3  0 -3 -3 -1  6  1  1 -3 -3 -2    5   3   3   3   0   3   4   5   2   1   9   1   1   3  36  10   9   0   1   2  0.61 0.38
  251 L    2 -1 -1  1 -3 -1 -1 -2 -2 -1  2 -2  0 -2  1  1  1 -4 -3  0   18   3   3   9   0   2   3   2   1   2  20   2   2   1   6  11   9   0   0   5  0.16 0.19
  252 P    0 -4 -2 -2 -5  0 -2 -3 -4 -2 -2 -4 -3 -3  6  1  1 -4 -4 -2    7   1   2   3   0   4   3   2   0   2   4   1   1   1  45  11   8   0   1   3  0.98 0.53
  253 P    1 -2  0 -1 -4  0 -2 -1 -3 -4 -2 -2 -3 -2  6  2 -1 -5 -3 -2   12   2   5   3   0   4   2   4   1   1   4   1   0   2  34  16   4   0   1   3  0.67 0.41
  254 P    1 -3 -2 -3 -4 -2 -3 -3  0 -3 -2 -3 -5 -5  7  0 -1 -2 -4 -2   11   1   2   1   0   2   2   2   2   2   4   2   0   0  53   8   3   1   1   3  1.22 0.63
  255 S    1 -2  1 -1 -4  1 -2  0  0 -3 -2 -2 -3 -4  2  3  1 -5 -4 -2   14   1   5   3   0   7   2   6   3   1   5   2   0   0  12  28   9   0   0   2  0.39 0.34
  256 R    0  0  0 -1 -4  0 -1  0  0 -1 -2  0 -2 -2  4  2  0 -4 -3  0    7   4   5   4   0   4   3   7   3   4   4   5   1   2  19  15   6   0   0   6  0.24 0.21
  257 S    1 -1  1 -1 -4  0 -2  0  0 -1 -3 -1 -3 -3  2  3  2 -3 -2 -2   13   3   6   4   0   3   2   8   2   3   2   3   0   1  11  24  11   0   2   3  0.29 0.27
  258 G    1 -2  0 -1 -4 -1 -1  2  0 -2 -2 -2 -2 -1  3  2  1  0 -1 -1   11   2   4   3   0   1   4  14   2   2   5   1   1   2  16  15   7   1   2   4  0.23 0.21
  259 S    1  1  1  0 -4  0 -1 -1 -2 -3 -3  0 -3 -4  3  2  1 -5 -1 -1   10   7   6   6   0   4   3   5   1   1   2   5   0   0  14  20  10   0   2   3  0.29 0.26
  260 F    1 -1  0 -1 -2  0  0  0 -1 -1 -1  0 -2 -1  3  1  1 -2 -1 -1   10   3   4   3   1   3   6   9   2   3   5   5   1   3  13  12  11   1   2   4  0.13 0.13
  261 S    0 -1  1 -1 -4 -1  1  1 -2 -2 -3  0 -2 -3  1  3  2 -3 -3 -3    6   2   7   3   0   2   9  12   0   2   2   4   1   1   8  24  13   0   1   1  0.32 0.29
  262 H   -1  2  1  1 -4  0  0  0  4 -2 -3  1 -2 -3  2  1  1 -4 -3 -2    5  10   6   6   0   4   4   8  10   3   2   9   1   1  10  10   8   0   0   3  0.23 0.20
  263 R    0  2 -1  1 -4  1  1  1  0 -2 -3  2 -3 -4  0  1  1 -4 -2 -2    8  10   2   7   0   6   8  12   2   3   2  14   0   0   5   9  10   0   1   2  0.20 0.18
  264 G   -2 -3 -1  1 -5  0 -2  5 -2 -3 -5  0 -5 -5 -1  2  0 -6 -4 -4    3   1   2   7   0   4   2  43   1   2   0   7   0   0   3  16   6   0   0   1  0.74 0.46
  265 N   -2  2  3 -1 -2 -1 -1  1 -1 -3 -5  4 -1 -5 -2  1  1 -4 -2 -3    2   9  15   3   1   1   4  10   1   2   0  27   1   0   2  11   7   0   1   1  0.47 0.35
  266 N   -2  2  3  0 -4 -1  0  1 -1 -2 -3  2 -3 -3 -2  2  1 -1 -4 -2    1   9  13   5   0   2   4  12   1   3   1  15   0   1   2  16  10   1   0   3  0.31 0.27
  267 K   -1  2 -1 -1 -4 -1  0  1 -2 -2 -3  4 -3 -4 -2  1  1 -1  0 -1    4  13   3   3   0   1   4   9   1   2   2  27   0   0   2  12   8   1   3   4  0.33 0.28
  268 L   -1  1  3 -1 -3 -1 -2 -1 -1  2 -1  1 -1 -2 -3  1  1 -1 -3  0    4   7  14   3   0   3   1   5   1  14   6  10   1   1   1  11  11   1   0   5  0.17 0.19
  269 L    0  0 -1 -2 -3 -1 -1  0 -1  2  0  0 -1  0 -1  1  2  0 -2  1    6   5   2   1   0   2   2   6   1  12   7   7   0   4   3  12  13   1   1  14  0.09 0.14
  270 G    1 -1 -2 -3 -3 -2 -2  0 -2  2  0 -1 -1 -1  1  1  2  2 -2  1   15   3   1   0   0   1   1   8   1  12   7   4   1   2   6  12  13   3   1  11  0.17 0.20
  271 G    1  2 -3 -3 -4 -1 -2  3 -1  2 -1  1 -1 -3 -2 -1 -1 -1 -2  0   10  12   0   1   0   2   2  25   1  13   4   9   2   1   1   3   3   1   1   8  0.27 0.24
  272 M   -2 -1 -1 -5 -4 -4 -5 -3 -5  5  1  1  3 -2 -4 -3  2  0 -4  2    2   4   3   0   0   0   0   2   0  34  10   8   7   1   1   1  11   1   0  14  0.59 0.39
  273 V    1 -5 -4 -6 -4 -5 -5 -4 -6  5  0 -4 -2 -2 -3 -1  2 -6 -5  4   12   0   1   0   0   0   0   1   0  31   7   1   0   1   1   4  11   0   0  30  0.83 0.49
  274 L    1 -5 -6 -5 -3 -4 -5 -3 -6  4  3 -4 -2 -1 -3 -3 -2 -3 -3  3   12   0   0   0   0   0   0   2   0  26  29   0   0   3   2   2   2   0   0  21  0.73 0.43
  275 A    4 -4 -4 -4  1 -4 -3  3 -5  1 -2 -4 -3 -1  1 -1 -1 -5 -2  0   38   0   0   1   3   0   1  20   0   8   4   0   0   2   6   3   4   0   1   7  0.57 0.41
  276 V    0 -6 -6 -6 -5 -6 -6 -1 -6  6  0 -6  0 -4 -4 -3  0 -2 -5  4    9   0   0   0   0   0   0   5   0  43   6   0   2   0   1   1   7   1   0  25  1.04 0.55
  277 S    2 -5 -4 -5  1 -4 -4 -2 -5  2  1 -4 -1 -2 -1  1  1 -3 -4  4   18   0   0   0   2   0   1   3   0  11  10   0   1   1   3  13   9   0   0  29  0.48 0.36
  278 V    2 -6 -6 -6  1 -5 -6 -3 -6  3  2 -5  0  0 -5 -3 -1 -6 -4  5   15   0   0   0   3   0   0   2   0  18  16   0   2   3   0   1   3   0   0  38  0.82 0.47
  279 S    1 -5 -2 -4 -3 -4 -4  2 -5 -1 -1 -4 -3 -3  5  2 -1 -4 -5 -1   12   0   2   0   0   0   0  14   0   4   6   0   1   1  33  17   4   0   0   4  0.75 0.47
  280 V   -1 -5 -5 -6 -3 -5 -5 -2 -6  3  2 -5 -1 -1 -5 -1  3 -6 -4  4    4   0   0   0   0   0   0   3   0  17  19   0   1   2   0   4  17   0   0  33  0.76 0.46
  281 F    2 -5 -5 -6 -1 -5 -5 -2 -5  3  2 -5 -1  3 -4 -3 -1 -5 -3  3   15   0   0   0   1   0   0   3   0  16  22   0   1  13   0   1   3   0   0  24  0.64 0.39
  282 A    3 -5 -5 -5  2 -4 -5  0 -5  2  0 -4  0  0 -3 -1  0 -5 -3  3   29   0   0   0   5   0   0   7   0  12  10   0   2   4   1   3   5   0   0  23  0.51 0.36
  283 F    2 -5 -5 -6 -2 -5 -5  0 -5  1  2 -5  0  6 -4 -1 -3 -4 -2  1   20   0   0   0   1   0   0   6   0   6  18   0   2  32   1   4   1   0   0  10  0.73 0.44
  284 L   -1 -6 -6 -6 -1 -5 -5 -6 -6  4  3 -5  2  2 -6 -4 -2 -5 -4  4    5   0   0   0   1   0   0   0   0  21  32   0   5   8   0   1   1   0   0  26  0.90 0.46
  285 S    1 -4  0 -3  3 -4 -4 -1 -3  3  2 -4  1  0 -4  0  0 -4 -3  2   15   0   5   1   6   0   0   5   0  16  21   0   2   4   0   8   5   0   0  13  0.31 0.25
  286 L   -1 -6 -6 -7 -2 -5 -6 -6 -6  4  4 -4  1  3 -6 -5 -3 -5 -3  2    4   0   0   0   1   0   0   0   0  19  43   1   2  14   0   0   0   0   0  15  0.96 0.48
  287 V   -5 -6 -7 -7 -5 -6 -6 -7 -6  5  5 -6  2 -3 -6 -6 -4 -5 -4  2    0   0   0   0   0   0   0   0   0  31  51   0   5   0   0   0   0   0   0  14  1.32 0.57

                      K         Lambda
Standard Ungapped    0.1317     0.3200
Standard Gapped      0.0469     0.2670
PSI Ungapped         0.1541     0.3160
PSI Gapped           0.0469     0.2670
