
Last position-specific scoring matrix computed, weighted observed percentages rounded down, information per position, and relative weight of gapless real matches to pseudocounts
           A  R  N  D  C  Q  E  G  H  I  L  K  M  F  P  S  T  W  Y  V   A   R   N   D   C   Q   E   G   H   I   L   K   M   F   P   S   T   W   Y   V
    1 M   -2 -3 -4 -5 -3 -2 -4 -4 -3  1  1 -3  9 -1 -4 -3 -2 -3 -2  0    0   0   0   0   0   0   0   0   0   2   3   0  94   0   0   0   0   0   0   0  1.38 0.30
    2 P   -2 -1 -4 -4 -3 -3 -3 -4 -3  0  4 -2  1  0  4 -3 -2 -3 -2  0    0   4   0   0   0   0   0   0   0   2  62   0   2   4  26   0   0   0   0   1  0.62 0.13
    3 N   -2 -2  7  0 -4 -1 -2 -2  3 -3 -4 -1 -3 -4 -3 -1 -1 -5 -3 -1    1   0  82   1   0   0   0   0   6   0   0   1   0   0   0   0   1   0   0   7  1.10 0.25
    4 I   -2 -4 -4 -4 -2 -4 -4 -5 -4  6  1 -4  2  2 -4 -3 -1 -3 -2  2    0   0   0   0   0   0   0   0   0  77   5   0   4   8   0   0   1   0   0   5  0.76 0.20
    5 L   -3 -3 -1 -4 -3 -3 -4 -4 -3  1  3 -4  0  6 -4 -3 -2 -1  1  0    0   0   4   0   0   0   0   0   0   3  38   0   0  47   0   0   0   0   0   7  0.63 0.16
    6 S    0 -2  3  0 -1 -1 -1 -1  0 -3 -4 -1 -3 -3 -2  5  0 -3  0 -2    2   0  18   2   1   0   0   0   1   0   0   0   0   0   0  69   0   0   4   2  0.63 0.20
    7 L   -2 -3 -4 -4 -2 -3 -2 -4 -3  1  5 -3  2  2 -3 -3 -2 -1 -1  0    0   0   0   0   0   0   4   0   0   5  75   0   2   9   0   1   0   1   0   0  0.57 0.15
    8 T   -1 -3 -1 -3 -2 -2 -3 -3 -2  5  0 -2  0  1 -3  0  1 -3 -1  2    1   1   3   1   0   0   1   1   1  55   2   1   1   5   1   7  12   0   0   7  0.32 0.12
    9 C   -1 -3 -1 -3 10 -3 -3 -2 -3 -2 -2 -3 -2 -2 -3  0 -2  2 -1 -2    1   1   3   1  70   1   1   3   0   2   2   1   0   2   1   5   1   3   2   1  1.36 0.22
   10 I   -3 -4 -4 -4 -2 -4 -4 -5 -4  6  1 -4  2  0 -4 -4 -2 -4 -2  2    0   0   0   0   0   0   0   0   0  79   8   0   4   3   0   0   0   0   0   3  0.89 0.23
   11 C   -2 -3 -1 -2 10 -3 -2 -3 -3 -2 -2 -2 -3 -1 -4 -2 -2 -1  0 -1    0   1   3   2  68   0   3   2   0   0   4   3   0   2   0   1   0   1   4   4  1.38 0.28
   12 F   -3 -3 -4 -2 -3 -3 -3 -4 -3  1  4 -2  0  5 -4 -3 -2 -1  1 -1    0   0   0   3   0   1   0   0   0   5  49   3   0  34   0   0   0   0   1   0  0.57 0.17
   13 N   -3 -2  7  3 -4 -1  0 -1  1 -5 -5  0 -4 -4 -2  0 -1 -5 -3 -4    0   0  66  16   0   0   2   3   4   0   0   3   0   0   1   4   0   0   1   0  0.95 0.22
   14 S    0 -2  0  0  3 -1 -1 -1 -2 -3 -3  0 -2  1 -1  4  1 -3  2 -2    3   0   3   6   8   0   0   1   0   0   0   4   0   6   2  53   6   0   8   0  0.38 0.15
   15 V    3 -2 -2 -1 -2 -2 -1 -1 -3  1  0 -2 -1 -1 -2  0  1 -3 -1  3   35   0   1   3   0   0   3   3   0   3   5   0   0   3   1   3   9   0   2  29  0.19 0.10
   16 L   -1 -2 -4 -4 -2 -3 -3 -4 -3  2  4 -3  1  1 -1 -3 -1 -2 -1  1    3   2   0   0   0   0   0   0   1   8  70   0   0   7   3   0   4   0   0   3  0.50 0.14
   17 Y   -3 -3 -3 -3 -2 -2 -3 -4  2 -1 -2 -3 -2  4 -4 -1 -1  0  8 -2    0   0   0   1   1   1   0   0   5   2   1   0   0  13   0   5   4   0  63   2  0.99 0.21
   18 P    0 -1 -1  0  0  0  0 -1  2 -1 -1 -1  0 -1  3  1  0 -1 -1 -1    7   2   2   4   2   2   3   3   8   2   6   2   4   2  18  16   2   1   1   3  0.12 0.03
   19 T   -1 -1  1  0 -2  0  1 -2 -1 -2 -1 -1 -2 -3 -2  4  2 -2 -1 -2    0   2   6   4   0   2   9   0   1   1   7   0   0   0   0  46  18   0   1   0  0.35 0.15
   20 T    1 -2  3  0 -1 -1  0 -1 -2 -2 -2 -1 -1 -2 -2  4  1 -4 -2  0    7   0  17   2   1   1   3   1   0   0   3   2   2   1   0  45   8   0   0   7  0.33 0.13
   21 S    1 -1  2  0 -1  0  0  0  0 -2 -2 -1 -2 -3  0  3  1 -3 -1 -2   10   1  11   4   1   1   7   4   1   2   3   1   0   0   3  43   4   0   2   1  0.27 0.10
   22 F   -2 -3 -2 -3 -2 -3 -3 -3 -2  1  2 -2  1  5 -2 -1 -1 -1  1  0    1   0   1   1   1   0   1   1   1   9  20   1   4  45   2   3   4   0   0   3  0.38 0.10
   23 F   -3 -3 -4 -4 -1 -3 -4 -4 -3  1  3 -4  0  6 -4 -3 -2 -1  2  0    0   0   0   0   1   1   0   0   0   7  30   0   0  51   0   0   0   0   2   3  0.64 0.15
   24 F   -3 -3 -4 -4 -1 -3 -4 -4 -3  1  3 -4  0  6 -4 -2 -2 -1  1  0    0   0   0   0   1   0   0   0   0   6  36   0   0  47   0   3   0   0   0   3  0.62 0.16
   25 A    4 -2 -2 -2  0 -2 -2  1 -3 -2 -1 -2 -2 -3 -2  1  1 -4 -3 -1   56   0   0   1   2   0   1   8   0   1   7   0   0   0   0   7  12   0   0   2  0.39 0.15
   26 K   -1  2 -1 -2 -4  1  0 -1 -2 -3 -1  5 -2 -3 -2 -1 -1 -4 -2 -2    2   6   0   0   0   5   3   4   0   0   9  62   0   0   0   1   3   0   1   1  0.52 0.17
   27 L   -2 -3 -4 -4 -2 -3 -4 -5 -4  1  5 -3  1 -1 -4 -2  0 -3 -2  0    0   0   0   0   0   0   0   0   0   4  84   0   0   0   0   2   7   0   0   0  0.75 0.19
   28 P   -2 -4 -4 -3 -4 -3 -3 -4 -4 -4 -2 -3 -4 -2  8 -2  0 -5 -4 -4    0   0   0   0   0   0   0   0   0   0   3   0   0   3  85   0   7   0   0   0  2.04 0.28
   29 E   -1  1 -2  0 -5  0  6 -2 -2 -4 -2  0 -3 -4 -3 -1 -2 -4 -3 -3    5   7   0   1   0   0  80   2   0   0   3   0   0   0   0   0   0   0   0   1  0.97 0.22
   30 A    5 -3 -2 -3 -2 -1 -2  0 -3 -1 -2 -2 -2 -3 -1  1  0 -4 -3  0   74   0   0   0   0   1   0   5   0   2   1   0   0   0   1   7   3   0   0   5  0.62 0.18
   31 Y   -3 -3 -4 -5 -4 -3 -4 -5  0 -3 -1 -4 -2  3 -5 -2 -3  4  9 -3    0   0   0   0   0   0   0   0   0   0   7   0   0   7   0   3   0   4  80   0  1.53 0.28
   32 A    4 -1 -2 -2  3  1  0 -1 -2 -2 -2 -1  0 -3 -2  1  0 -4 -3 -1   58   3   1   0   7   8   7   0   0   0   1   1   3   0   0   7   2   0   0   3  0.40 0.14
   33 I    0 -3 -3 -4 -3 -3 -3 -3  2  2  0 -3  0  4  2 -2 -1  4  1  1    8   0   1   0   0   0   0   0   7  23   4   0   2  28   9   1   2   7   1   9  0.35 0.11
   34 F   -1 -4 -4 -4 -3 -4 -4 -4 -2 -1  2 -4  0  7 -4 -1 -2 -1  2 -1    7   0   0   0   0   0   0   0   0   0  21   0   2  60   0   5   1   0   4   0  0.78 0.18
   35 N    0  0  5  3 -3 -1  0 -1  2 -4 -4  0 -3 -3 -2  1  0 -4 -1 -3    7   3  34  23   0   0   2   2   7   0   0   4   0   0   0  12   4   0   2   0  0.47 0.12
   36 P   -1 -3 -3 -2 -3 -1 -2 -3 -3 -3 -2 -2 -3 -4  8 -1 -2 -4 -4 -3    4   0   0   0   0   3   0   0   0   0   3   0   0   0  87   4   0   0   0   0  1.84 0.10
   37 I   -1 -3 -4 -4 -2 -3 -4 -4 -4  5  2 -3  1 -1 -3 -2  0 -3 -2  2    3   0   0   0   0   0   0   0   0  70  20   0   0   0   0   0   3   0   0   4  0.45 0.06
   38 V   -1 -3 -4 -4 -1 -3 -3 -4 -4  4  1 -3  1 -1 -3 -2 -1 -3 -2  5    0   0   0   0   0   0   0   0   0  29   0   0   0   0   0   0   0   0   0  71  0.52 0.07
   39 D   -2 -2  3  7 -4 -1  1 -2 -1 -4 -4 -1 -4 -4 -2 -1 -1 -5 -4 -4    0   0  14  86   0   0   0   0   0   0   0   0   0   0   0   0   0   0   0   0  1.08 0.09
   40 V    0 -3 -3 -1 -2 -3 -3 -3 -3  3  1 -3  0  1 -3 -2  0  3 -1  4    4   0   0   4   0   0   0   0   0  13   5   0   0   8   0   0   4   4   0  56  0.29 0.06
   41 M    0 -2 -3 -4 -2 -2 -3 -3 -3  1  3 -2  6  2 -3 -2 -1 -2 -1  0    9   0   0   0   0   0   0   0   0   0  36   0  47   8   0   0   0   0   0   0  0.46 0.09
   42 P   -2 -3 -3 -2 -4 -2 -2 -3 -3 -4 -4 -2 -4 -5  9 -2 -2 -5 -4 -3    0   0   0   0   0   0   0   0   0   0   0   0   0   0 100   0   0   0   0   0  2.36 0.15
   43 V   -1 -2 -3 -3 -2 -2 -3 -2 -3  3  1 -1  0 -1 -3 -2  0 -3 -2  4    3   0   0   0   0   0   0   2   0  31   7   7   0   0   0   2   2   0   0  46  0.33 0.08
   44 I   -2 -4 -4 -4 -2 -3 -4 -5 -4  6  1 -3  2 -1 -4 -3 -1 -3 -2  2    0   0   0   0   0   0   0   0   0  84   3   0   5   0   0   0   3   0   0   4  0.68 0.13
   45 P   -2  0 -3 -2 -4 -2 -2 -3 -3 -4 -4 -2 -3 -5  8  0 -2 -5 -4 -3    0   7   0   0   0   0   0   0   0   0   0   0   0   0  88   5   0   0   0   0  2.01 0.17
   46 L   -1 -3 -3 -4 -2 -3 -3 -4 -4  3  2 -3  2 -1 -3 -2 -1 -3 -2  3    2   0   0   0   0   0   0   0   0  20  27   0   5   0   0   3   0   0   0  42  0.38 0.07
   47 F   -2 -3 -4 -4 -2 -3 -3 -4 -2  1  3 -3  1  5 -4 -2 -2  0  3  0    0   0   0   0   0   0   0   0   0   2  46   0   0  39   0   4   0   0   9   0  0.53 0.09
   48 F   -3 -4 -4 -4 -3 -4 -4 -4 -2  1  0 -4 -1  7  0 -2 -2  0  2 -1    0   0   0   0   0   0   0   0   0  11   2   0   0  77   6   4   0   0   0   0  0.84 0.14
   49 F   -2 -3 -4 -4 -3 -3 -3 -4 -2  0  3 -3  0  5 -1 -2 -2  0  3 -1    0   0   0   0   0   0   0   0   0   2  38   0   0  44   4   3   0   0   9   0  0.52 0.09
   50 L   -1 -3 -3 -4 -2 -3 -3 -4 -3  2  4 -3  1  0 -1 -1 -1 -2 -2  0    3   0   0   0   0   0   0   0   0  10  76   0   0   0   4   5   0   0   0   0  0.42 0.09
   51 L   -2 -3 -4 -4 -2 -3 -4 -4 -3  1  5 -3  1  1  0 -3 -2 -2  0  0    0   0   0   0   0   0   0   0   0   4  87   0   0   2   4   0   0   0   3   0  0.57 0.11
   52 A    5 -1 -2 -2 -1 -1 -1 -1 -2 -2 -1  1 -1 -3 -2  0  0 -3 -2  0   81   0   0   0   0   0   0   0   0   0   4  10   0   0   0   0   3   0   0   2  0.47 0.11
   53 F   -3 -3 -4 -4 -3 -4 -4 -4 -2 -1  1 -4  0  7  1 -3 -3  0  3 -1    0   0   0   0   0   0   0   0   0   0  10   0   0  77   7   0   0   0   7   0  0.84 0.11
   54 V    0 -3 -4 -4 -1 -3 -3 -4 -4  2  1 -3  0  0 -3 -2 -1 -3 -1  5    3   0   0   0   0   0   0   0   0   0   4   0   0   4   0   0   0   0   0  89  0.50 0.09
   55 W   -3 -1 -5 -5 -3 -3 -4 -4 -3 -3 -3 -3 -2  0 -5 -4 -3 12  1 -3    0   5   0   0   0   0   0   0   0   0   0   0   0   0   0   0   0  92   0   2  2.64 0.17
   56 Q   -2  0 -1 -1 -4  7  1 -3  0 -4 -3  1 -1 -4 -2 -1 -1 -3 -2 -3    0   0   0   0   0 100   0   0   0   0   0   0   0   0   0   0   0   0   0   0  1.03 0.13
   57 A    5 -2 -2 -2 -1 -1 -1  0 -2 -2 -2 -1 -1 -3 -1  1  0 -3 -2 -1   92   0   0   0   0   0   0   0   0   0   0   0   0   0   0   3   0   0   0   0  0.54 0.08
   58 A    4 -2 -1 -2 -1 -1 -1  0 -2 -2 -2 -1 -1 -3  2  2  0 -3 -2 -1   65   0   0   0   0   0   0   0   0   0   0   0   2   0   9  22   0   0   0   1  0.42 0.06
   59 V   -1 -3 -3 -4 -1 -3 -3 -4 -4  3  1 -2  0 -1 -3 -2 -1 -3 -2  5    1   0   0   0   0   0   0   0   0   9   2   3   0   2   0   0   0   0   0  83  0.47 0.08
   60 S    0 -1  0 -1 -2 -1 -1  3 -2 -3 -3  0 -2 -3  0  4  0 -3 -3 -3    0   2   0   0   0   0   0  29   0   0   0   3   0   0   3  62   0   0   0   0  0.49 0.07
   61 F   -2 -1 -3 -4 -3 -3 -3 -3 -2 -1  0 -3 -1  7 -4 -1 -2  0  2 -1    0   4   0   0   0   0   0   0   0   0   3   0   0  84   0   9   0   0   0   0  0.79 0.10
   62 R   -2  6 -1 -2 -4  1  0 -3 -1 -4 -3  2 -2 -4 -3 -1 -2 -3 -2 -3    0  90   0   0   0   4   0   0   0   0   0   7   0   0   0   0   0   0   0   0  0.92 0.09

                      K         Lambda
Standard Ungapped    0.1469     0.3382
Standard Gapped      0.0410     0.2670
PSI Ungapped         0.1469     0.3382
PSI Gapped           0.0410     0.2670
