
Last position-specific scoring matrix computed, weighted observed percentages rounded down, information per position, and relative weight of gapless real matches to pseudocounts
           A  R  N  D  C  Q  E  G  H  I  L  K  M  F  P  S  T  W  Y  V   A   R   N   D   C   Q   E   G   H   I   L   K   M   F   P   S   T   W   Y   V
    1 M   -4 -5 -5 -6 -4 -4 -5 -6 -5  0  2 -5 10 -3 -6 -5 -4 -4 -4 -2    0   0   0   0   0   0   0   0   0   3  15   0  82   0   0   0   0   0   0   0  2.25 0.70
    2 A    4  0 -1 -3  0  0  1  2 -3 -3 -2  0 -3 -4 -1 -1  0 -4 -4 -1   41   5   2   0   2   3  12  14   0   0   2   5   0   0   2   2   4   0   0   5  0.39 0.27
    3 D   -3 -1  1  4 -5  1  3 -3  1 -5 -5  0 -1 -5  3  1 -1 -5 -4 -4    0   2   8  22   0   5  22   1   4   0   0   3   2   0  16  12   3   0   0   0  0.63 0.33
    4 K    0  1  4  2 -5  2  1  1 -1 -4 -5  3 -4 -5  0 -2 -1 -5 -4 -4   10   8  20  10   0   8   8  10   1   1   0  18   0   0   4   0   2   0   0   0  0.45 0.29
    5 T    0 -2  2  2 -3  1  0 -1 -1  0 -2  0 -1 -2 -1  1  2 -4 -2 -2   10   0  11  12   0   5   6   2   1   7   3   4   2   2   3  11  18   0   1   1  0.20 0.19
    6 D   -2  1  1  4 -5  2  3  0 -3 -5 -5  0 -4 -6 -1  1 -2 -5 -5 -5    2   9   7  23   0  11  22   8   0   0   0   3   0   0   3  10   2   0   0   0  0.60 0.35
    7 I   -1 -1 -2 -4 -1 -2  0 -4 -4  4  1 -3  1 -1 -1  1  1 -4 -3  3    5   3   2   0   1   1   6   0   0  25  10   0   3   2   3  12   8   0   0  19  0.31 0.24
    8 I    1  2  0 -2  0  0 -2 -2  2  1  0 -2  3 -3 -2 -1  0 -4 -3  2   11  11   5   1   2   4   2   2   6   8   8   1   8   0   2   3   5   0   0  21  0.18 0.20
    9 S    2 -2 -1  0 -4 -1 -1  2 -4 -3 -5 -1  0 -5  0  4  0 -5 -5 -1   14   2   2   6   0   2   3  14   0   1   0   2   3   0   5  37   4   0   0   5  0.49 0.37
   10 S    0 -3  1  0 -4  0  2  1 -1  0 -3 -2  0 -3 -3  3  0 -5 -4  1    8   0   6   5   0   4  13  10   1   6   1   1   2   1   1  26   5   0   0  10  0.28 0.27
   11 S    2 -2  0  1 -4 -1  1  1  1  0 -3 -1 -2 -4 -2  2  3 -5 -4 -2   15   1   4   8   0   3   7   9   4   6   1   2   1   0   2  18  18   0   0   2  0.28 0.26
   12 S   -1 -2  2 -1  2  0  0  0 -1  0 -2 -2  2 -1 -2  3  2 -4 -1 -1    3   2   9   2   5   5   7   6   1   8   3   2   6   2   2  21  14   0   2   3  0.20 0.22
   13 D   -3 -4  1  5 -6  1  3  1 -4 -3 -5  1 -3 -2 -4 -1 -1 -6 -1 -1    2   0   6  30   0   5  21  12   0   1   0   7   0   2   0   3   3   0   2   5  0.63 0.40
   14 K   -1  0  1  0 -3  1  2 -3  3  1 -2  1 -1 -1  1  0 -1 -4 -2 -1    3   4   6   4   0   6  12   1  10  12   3  10   1   3   8   8   4   0   1   2  0.17 0.18
   15 A    2 -2 -2 -1 -2  1  2 -1  2 -1 -1 -1  1 -4 -2  1  1 -1 -1 -1   23   1   0   2   1   6  14   5   5   3   7   2   3   0   1   8  11   1   2   4  0.21 0.22
   16 S    0 -1 -1  0 -4  0  1  0  0 -1 -2  1  2 -4  1  2  1 -4 -2 -1    8   3   2   5   0   3  11   7   2   3   2   8   8   0   6  20   7   0   1   4  0.18 0.20
   17 P    1 -1  0 -1 -2 -1  1 -2 -1  1  0 -1 -1 -2  3  0  0 -4 -3  1   14   2   4   2   1   3   8   1   2  11  10   2   1   1  14   8   7   0   0   8  0.17 0.17
   18 P   -1  0  1  1 -3  1  2  0 -1 -1 -3  0 -3 -4  2  3  0 -5 -2 -1    2   5   6   6   1   6  15   6   1   3   2   4   0   0   9  21   6   0   1   4  0.26 0.24
   19 P   -2 -3  2  0 -5  1 -2 -2 -3  2  0 -2  2 -4  3 -1 -1  6 -1 -2    2   1  11   6   0   6   3   2   0  15   8   2   5   0  17   4   4  11   2   2  0.43 0.32
   20 P    0 -2  0 -1 -1 -1  3 -3  1 -2 -2 -1 -3 -3  3  1  0 -2 -3  2    9   2   4   3   2   2  18   1   4   1   3   3   0   1  14  12   5   1   1  16  0.30 0.27
   21 S    1 -1  1  1 -4 -1  1 -1 -1  0 -4 -1 -2 -4 -1  3  1 -5 -4 -1   11   4   7   9   0   2   7   3   1   5   0   4   1   0   3  29   9   0   0   5  0.32 0.29
   22 A   -1  2 -1  0 -2  1  3 -2  0 -3 -2 -1 -2 -1  0  1  2 -1  1 -3    5  10   2   6   1   7  19   3   2   1   3   3   1   3   4  11  12   1   5   1  0.22 0.21
   23 F   -2 -1  1  0 -3  0  0 -3  1  2  1 -2  0  0 -2 -1 -1  4  2  0    2   3   9   5   0   3   6   1   3  16  13   2   2   4   2   5   3   7   7   7  0.17 0.16
   24 R   -2  3 -1  2 -1  1  3 -3 -2 -2  0  1 -2 -2 -3 -2  0 -2 -4 -1    3  20   2  12   1   7  19   1   1   2   9   8   1   2   1   2   5   1   0   5  0.35 0.27
   25 N   -2  1  4  3 -1  1  1 -1  2  0 -4  1 -2 -4 -4  0 -2 -2 -3  0    3   7  18  15   1   6   9   4   5   6   1  10   1   0   0   5   1   1   1   6  0.34 0.26
   26 Y   -1  2 -1  1 -2  1  3 -2  0 -2 -1  2 -2 -3 -2  0 -1  2  1 -2    4  14   3   7   1   5  20   3   2   2   6  12   1   0   1   5   4   3   6   2  0.25 0.22
   27 L   -1  0 -2 -2 -1 -2 -2 -4  0  2  3 -2  3  0 -3 -3 -2  4 -1  0    4   5   1   3   1   2   3   1   2  12  34   1   9   3   1   1   3   5   1   6  0.38 0.26
   28 S    0  1  0 -1 -3  1  2 -1  0  0  0  1 -1 -2 -2  1 -1 -4 -2  0    8   8   5   2   0   6  17   4   2   4  10   9   1   1   1  10   3   0   1   8  0.12 0.14
   29 S    1 -1  1  1 -4  1  3  0  0 -1 -3  1 -2 -4 -2  1 -1  1 -3  0   11   3   6   8   0   5  17   5   3   4   1  11   1   0   2  12   3   2   0   7  0.21 0.20
   30 G    2 -2  0  0 -1 -1  0  0 -1 -2  0  1 -1 -2  0  2  1 -2 -3 -1   17   1   4   5   1   2   4   8   2   2  10   9   1   2   3  17   8   0   0   3  0.13 0.16
   31 S    1 -2 -2  0 -4 -3  1 -2 -2  1  1 -1  1 -3 -1  3 -1 -5 -3  0   12   2   1   4   0   0   9   3   1   9  16   2   4   1   3  22   2   0   0   6  0.20 0.22
   32 K   -2  3  0 -1 -3  2  1 -3  2  0 -3  2  0 -5  1  0  0 -5 -4  0    2  16   3   3   1   7   9   2   4   6   1  15   2   0   8   7   7   0   0   6  0.28 0.23
   33 E    0  2  0  1 -3  0  4 -2  0 -1 -3  0 -2 -3  0  0  2 -5 -2 -3    7  10   4   6   0   4  26   2   2   4   1   6   1   1   5   6  12   0   1   1  0.32 0.26
   34 P    0  0 -1  0 -2  0  0 -2 -3  0 -2  0 -1 -1  4  0  0  1 -4 -1    9   4   2   7   1   5   6   3   0   6   4   7   1   3  23   5   7   2   0   4  0.28 0.23
   35 V    0  1 -2 -2 -3  0  1 -1 -1  1  0  2  2 -3  1 -1 -1  1 -3  0    8   7   1   2   0   4   8   6   1   8  11  13   6   0   8   3   3   2   0   8  0.12 0.15
   36 L    0  1 -2  0 -3  1  1 -2  0  1  2 -1  0 -2  0 -1 -1  1 -2  0    7   9   1   6   0   7   9   3   3   7  23   2   2   1   4   4   3   2   1   5  0.11 0.14
   37 L    0  1 -1  0  1  0  0 -3  1 -1  1  1  0 -2 -1  0 -1  3 -2  0    8   6   3   6   3   5   7   1   4   3  18   8   3   0   2   5   4   5   1   8  0.08 0.11
   38 L    0  0 -1 -2 -1  0 -1 -1 -1  1  2 -1  0  1 -2 -1 -1  0  0  2    6   5   4   2   1   5   3   5   2  11  19   4   2   5   1   5   3   1   3  14  0.07 0.09
   39 E   -2 -1  0  3 -3  2  5 -2  1 -4 -2  0 -2 -2 -1 -1 -3 -5 -2 -3    3   3   4  16   1   8  32   3   3   1   5   5   1   2   3   5   1   0   1   2  0.53 0.36
   40 S    0  0  0  2 -4 -2  1  0  0 -3 -2  1  1 -3  1  2  1 -4 -2 -2    8   4   4  10   0   1   7   6   2   1   3   8   4   1   8  20   8   0   1   2  0.22 0.21
   41 A    2  0 -1  0 -1 -2  0  0 -2 -3 -1 -2 -2 -2  3  1  0 -1 -2 -1   21   6   3   6   2   1   6   6   1   1   7   2   1   1  13  13   6   1   1   4  0.22 0.21
   42 G    0  1 -1  0 -4  1 -1  3 -2 -2  0  0 -1  1 -1  1 -2 -1 -1 -2    8  10   3   5   0   7   3  20   1   1  12   4   2   6   2   9   2   1   2   3  0.14 0.16
   43 K   -2  0  1 -2  0  0  1 -1  2 -4 -3  1 -3 -4  0  3 -1  6 -4 -3    3   5   8   2   2   5   9   5   4   1   2   8   1   0   4  25   4  11   0   1  0.46 0.36
   44 E   -1  1 -1  1 -2  2  2 -2 -1 -2 -4  0  0 -4  2  2  0 -1 -2 -2    5   8   2   7   1  11  15   2   1   2   1   6   3   0   9  17   4   1   2   2  0.28 0.27
   45 S    0  2 -1  0 -1  0  2 -3 -2 -3 -4  2 -2 -1  2  2  0  0 -3 -4    6  13   2   5   1   3  12   1   1   1   1  12   1   3  12  18   5   1   0   1  0.35 0.30
   46 C   -3  0 -4 -5  8 -2 -4  0  3  0 -1 -4  1 -1  1 -3  0 -1 -2  1    2   5   1   0  31   1   1   7   7   5   5   1   3   3   9   2   7   1   2  10  0.84 0.47
   47 C   -3 -1 -3 -5  8 -1 -5 -5 -1 -2 -3  2 -1 -2 -2  3  2 -3 -4 -2    1   4   1   0  32   3   0   0   2   3   3  11   2   2   2  21  11   0   1   3  1.07 0.58
   48 I   -6 -8 -5 -8 -2 -7 -8 -8 -8  8 -1 -8  3 -3 -8 -7 -6 -7 -6  1    0   0   1   0   1   0   0   0   0  77   4   0   7   1   0   0   0   0   0   7  2.35 0.97
   49 F   -3 -2 -4 -5  0  0 -3 -5  5 -3 -3 -4 -5  5 -1 -1 -4  1  7 -3    2   3   1   1   2   4   2   1  14   1   3   1   0  24   4   5   1   2  30   2  1.21 0.65
   50 R   -6  7 -1 -3 -3 -2 -3 -5 -1 -4 -3  4 -1 -7 -5 -2 -2 -7 -6 -3    0  51   3   2   1   1   1   1   1   1   3  25   1   0   1   3   3   0   0   2  1.42 0.75
   51 V   -3 -7 -7 -7 -6 -7 -7 -7 -7  2 -1 -7 -1  3 -2 -6 -4 -6  1  7    2   0   0   0   0   0   0   0   0   8   4   0   1   9   2   0   1   0   4  66  1.64 0.78
   52 P   -3 -2 -5 -4 -9 -2 -7 -3 -1 -6 -5 -4 -8 -9  8 -3 -7 -9 -9 -5    2   2   1   1   0   2   0   2   2   1   2   1   0   0  81   2   0   0   0   1  2.59 1.24
   53 E    1  1  1  1  0  1  2 -1  1 -3 -2  2 -2 -2  1  0 -1 -5 -1 -2   11   6   5   8   2   7  12   4   4   1   3  14   1   1   8   6   2   0   2   2  0.21 0.20
   54 S   -1  2  1 -2  1  0 -1 -1  2 -2 -1  0  0 -2  0  2  0 -2  1 -1    4  13   6   2   3   3   4   5   6   2   6   5   3   2   4  16   6   1   6   3  0.14 0.18
   55 F   -5 -1 -6 -7 -5 -3 -6 -7 -1  3  5 -6  3  2 -4 -4 -2 -2 -2  1    0   3   0   0   0   1   0   0   2  13  50   0   6   8   1   1   3   1   1   7  0.98 0.54
   56 V   -2  7 -3 -3 -2  0 -3 -3  0 -2 -2  2  0 -3 -3 -3 -2 -1 -5 -1    3  51   1   2   1   4   1   2   2   3   5  10   3   1   1   1   3   1   0   5  1.03 0.61
   57 A    0  2  2  3  0  1  2  1 -1 -3 -3  1 -2 -3 -3  0 -1 -5 -4 -2    9  10   8  17   2   5  12  10   2   1   2   9   1   1   1   6   3   0   0   2  0.30 0.25
   58 L   -1  0 -1 -2  0 -2 -2 -1  2  2  1 -2  1 -1 -2  0  0 -1 -1  3    4   6   3   2   2   1   2   5   5  12  12   1   4   2   2   8   5   1   2  22  0.16 0.17
   59 N   -2 -1  6  4 -2 -2 -2 -1  1 -6 -4  2 -5 -6 -1 -1 -1 -6 -2 -2    3   2  34  18   1   2   2   5   3   0   1  12   0   0   3   4   4   0   1   3  0.78 0.49
   60 P   -1  2 -1  1  0 -1  3 -1 -2 -4 -3  2 -2 -5  3  0 -1  0 -3 -3    4   9   2   9   2   1  18   4   1   1   2  15   1   0  16   7   3   1   1   2  0.41 0.32
   61 K    0  2  1  2 -1  0  2 -1  1 -3 -3  3  0 -2 -4  0 -2  1 -1 -2    6  10   6  11   1   4  13   5   3   1   1  19   2   2   0   6   2   2   2   2  0.28 0.24
   62 A    4 -3 -4 -2  2 -2 -1 -3  0 -2 -1 -1  0 -2 -2  0 -1  1  4 -2   39   1   0   2   4   1   5   2   2   2   5   3   3   1   2   7   4   2  14   2  0.51 0.39
   63 Y   -3 -2 -2  0  1 -2 -5 -6  3 -1 -3 -2 -4  2 -6 -3 -2 -3  8 -3    2   2   2   6   3   2   0   0   7   3   2   2   0   7   0   2   3   0  51   2  1.39 0.66
   64 K    0  0  1  0  0  0  2 -1  0  0 -1  0  0 -1 -3  0  1 -3 -1  0    7   5   8   5   2   4  18   4   2   5   7   7   2   2   0   4  11   0   2   5  0.11 0.13
   65 P   -1 -1 -6 -1  2 -5 -5 -6  1 -6 -2 -5 -6 -6  8 -1 -5 -7 -6 -2    4   4   0   4   4   0   0   0   4   0   4   0   0   0  67   4   0   0   0   4  1.88 0.86
   66 K   -1  0  0  0  2  0  0 -1  1  0 -1  0  1  0 -3  0  0  3  1  0    5   5   5   5   5   5   5   5   5   5   5   5   5   5   0   5   5   5   5   5  0.03 0.10
   67 V    0 -2 -2 -4 -1 -1 -2 -2  1  1  2 -2  1  0 -3 -1  1 -1  0  3   10   2   1   0   1   2   1   3   3   8  18   2   4   4   0   3   9   1   3  25  0.22 0.18
   68 V   -1 -5 -5 -5 -4 -4 -2 -2 -5  3  0 -5  0  0 -5 -3 -2 -5 -2  6    5   0   0   0   0   0   3   3   0  18   8   0   2   4   0   2   1   0   1  53  0.93 0.46
   69 S    2 -3 -2 -4  3 -2 -3 -1 -4 -3 -2 -3 -4  0  0  5  1 -5 -2 -3   17   1   1   0   5   1   1   5   0   1   4   0   0   5   4  46   6   0   1   1  0.68 0.44
   70 I   -1 -1 -5 -5  0 -4 -5 -5 -5  6  1 -3  1  2 -5 -4 -2 -4 -3  1    5   4   0   0   2   0   0   0   0  53  12   2   3   8   0   0   1   0   0   7  0.97 0.45
   71 G   -4 -2 -4 -2  0 -5 -5  7 -5 -6 -2 -5 -5 -6 -5 -1 -5 -6 -6 -6    0   3   0   2   2   0   0  80   0   0   4   0   0   0   0   4   0   0   0   0  1.89 0.74
   72 P   -3 -2 -5 -5 -6 -2 -5 -6 -6 -3 -1 -5 -5 -6  8 -1 -3 -6 -6 -5    2   3   0   0   0   2   0   0   0   2   7   0   0   0  75   4   2   0   0   0  2.19 0.85
   73 Y   -1 -2 -3 -5 -1 -2 -4 -5 -1  0  2 -4 -1  4 -3 -3 -2  0  7 -2    6   2   1   0   1   1   0   1   1   6  18   0   1  15   1   1   3   1  37   1  0.91 0.44
   74 H   -2 -2  0 -2 -6 -2 -4 -5 10 -6 -5 -3 -5  0 -3 -3 -3  1  1 -6    4   2   5   2   0   2   0   1  64   0   1   2   0   4   2   2   2   2   5   0  2.10 0.78
   75 Y   -3  3 -1 -2  2 -1 -2 -2  8 -5 -3 -1  0 -1 -5 -2 -2  1  2 -3    2  16   2   3   4   3   2   3  36   0   3   3   2   3   0   3   2   2   8   2  1.03 0.64
   76 G   -1  0  1  1  0 -1 -1  4  1 -2 -2  0 -3 -1  0  0 -2  3 -1 -2    5   5   6   7   2   3   3  29   4   2   3   7   0   2   4   6   2   4   2   2  0.27 0.24
   77 E    0  0  0  0  2  1  0  0  2 -2 -1  0  1 -2  0  0  0  3  1 -1    6   6   5   6   5   5   6   6   5   0   6   6   5   0   6   6   6   5   5   6  0.09 0.14
   78 K    0  2  0  0 -1  1  2 -2  1 -4 -4  1 -5 -3  4  0 -1 -6 -3 -4    7   9   4   6   1   5  15   3   3   1   1   9   0   1  22   6   4   0   1   1  0.46 0.38
   79 H   -1  1  2  1 -2  2  1  0  4 -5 -4  1 -2 -3 -1  1 -1 -1 -2 -4    5   7  10   7   1   8  10   8  11   0   2   7   1   1   3  11   3   1   1   1  0.31 0.28
   80 L   -3 -2 -3 -3 -1 -2 -6 -3 -6 -2  5 -3  1  0 -3 -2 -1  0  0 -2    2   2   2   2   1   2   0   3   0   2  58   2   3   4   2   3   4   1   3   3  0.93 0.56
   81 Q    0  2 -2  0 -1  3  0 -3  3 -2  0  1 -1 -2  0 -1 -2 -5 -1  0    8  11   2   5   2  15   7   2   6   2   9   9   2   1   5   3   1   0   2   7  0.22 0.24
   82 M    1  2 -1 -2  1  0  1 -2  0 -2  0  0  2  1  1 -2 -1  4 -1 -1   11  10   3   3   2   4   8   4   2   2   8   5   4   6   8   3   3   5   2   5  0.14 0.13
   83 I    0  0 -1 -2  1 -1 -2  0  1  1 -3 -2  7 -1 -2 -1 -1  2 -1 -2    7   5   4   3   3   3   3   7   3   7   3   3  22   3   3   6   4   2   2   3  0.43 0.33
   84 Q   -2 -1 -6  1 -8  1  5 -2  3 -7 -2 -1  1 -7  0 -1 -2 -8  0 -2    4   3   0   9   0   6  33   3   6   0   4   4   3   0   5   5   3   0   3   4  0.60 0.48
   85 Q   -2  3  0  1 -3  1  4 -3  1 -3 -3  3 -2 -6 -2 -1 -1 -6 -3 -2    3  12   4   7   1   6  25   2   3   1   3  14   1   0   2   5   4   0   1   4  0.45 0.36
   86 H   -2 -2 -3 -1 -1  1  0 -4  7  0 -1  0 -1 -1 -3 -2 -1 -5  4  1    3   2   1   3   1   6   5   1  25   6   7   6   1   3   2   3   5   0  12   8  0.64 0.41
   87 K   -3 -3 -3 -2 -8 -6 -3 -7 -7 -8 -4  8 -7 -8 -2 -4 -7  3 -7 -8    2   1   2   3   0   0   2   0   0   0   2  79   0   0   2   1   0   4   0   0  2.36 1.13
   88 P   -4  1 -3 -1 -1  0 -1 -5  3 -1  3  2  0 -3 -1 -4 -4  7 -1 -1    1   8   2   4   1   4   4   1   6   4  26  11   2   1   3   1   1  13   2   4  0.58 0.40
   89 R    1  5 -2 -4  1 -1 -1 -3  1 -1 -1  1  1 -2 -3 -1 -1  3 -2 -1   11  32   2   1   3   2   3   2   3   4   7   7   3   2   1   5   3   3   2   4  0.49 0.37
   90 L    3 -2 -2 -2  3 -6 -4 -3 -2 -4 -1 -3  0  2 -2 -2 -3  3  6 -2   23   2   2   2   6   0   1   2   1   1   7   1   3   7   3   3   1   4  27   2  0.81 0.52
   91 L    2 -3 -3 -6  2 -3 -6 -4 -2 -2  4 -3  3  1 -4 -2 -2 -6 -1  2   19   2   1   0   4   1   0   1   1   1  33   2   7   5   1   3   3   0   3  11  0.61 0.42
   92 Q    0  2  1  1 -1  2  0 -1  3 -2 -1  3 -1 -2 -1 -1 -2  0  1 -3    8   9   6   7   1   8   5   4   6   2   7  18   1   1   3   4   1   1   5   2  0.21 0.22
   93 L   -1  2  1  0  1  1  0 -2  3 -2 -1  1  0  0 -4  0 -2  0  2 -2    4  13   7   6   3   7   6   3   8   2   7   8   3   4   0   7   2   1   7   2  0.19 0.20
   94 F   -2 -1 -5 -5  3 -2 -2 -5  1  0  2 -2  1  6 -1 -2 -1 -4  1  0    4   3   0   0   6   2   2   0   3   5  17   2   3  32   3   4   3   0   3   5  0.62 0.41
   95 L   -1 -1 -6 -6  3  0 -2 -2  1  2  3 -1  1  0 -1 -1 -1  3  0  1    5   4   0   0   6   4   3   3   3  10  24   4   3   4   3   4   3   3   3  10  0.30 0.20
   96 D    1  0  0  0  1  0  1  0  1 -2 -2  2  1 -1 -1  0 -1  2  0 -1   10   6   5   6   3   5   9   6   3   3   3  12   3   3   3   6   4   3   3   4  0.10 0.10
   97 E   -2  6 -3  1 -2  2  0 -1  1 -3 -1 -1 -1 -3 -2 -4 -4  0 -3 -4    3  38   2   7   1   7   7   4   3   2   7   5   2   1   3   2   1   1   1   1  0.78 0.51
   98 A    1  1  1 -2  1 -1 -2 -1 -1 -1  0 -1 -1 -1 -1  2  1  1  0  0   11   8   6   2   3   2   2   4   2   3  11   4   2   3   3  13   9   2   4   7  0.10 0.11
   99 K   -2  0  1 -1  1  2  0  3  2 -3 -2  2 -1 -2 -1  0 -1  0 -2 -3    4   5   6   4   3   9   7  18   4   2   5  10   1   2   4   7   4   1   2   2  0.21 0.18
  100 K   -1  2  1  0 -1  1  1  0  2 -2 -2  2  0 -3 -1 -1  0  0 -2 -2    5  11   6   6   2   6   7   8   4   3   5  13   3   1   4   5   6   2   1   3  0.14 0.12
  101 K   -1  0  0  1 -1  1  0 -1  2 -2 -2  1 -1 -2  3  1  1  0 -2 -1    6   5   5   7   1   6   5   5   4   2   4   9   2   2  12  10   7   2   1   4  0.15 0.15
  102 D   -1 -1  2  2 -4 -1  1  2  0 -1 -2  0  0 -3  1  1 -1 -5 -3 -1    6   3   8  10   0   3   8  14   2   4   4   6   2   2   7  11   4   0   1   4  0.15 0.15
  103 V    0  0  0 -1  0  0  0 -1  1  0  0  0  0  0 -1  0  0  1  0  1    9   4   5   3   2   3   6   5   4   6  13   5   3   4   3   3   7   2   3  11  0.01 0.03
  104 E   -1  0  0  2  0  0  2 -1  0 -1 -1  1  0 -2 -1  1  0 -4 -1  0    4   5   4  12   2   4  13   5   2   3   5   9   2   2   3  10   6   0   2   7  0.09 0.14
  105 E   -1 -1 -4  0  0  0  0 -2 -1  1  3 -2  1  1 -1 -2 -2  1 -1  0    4   3   0   5   2   5   8   3   2   8  31   2   3   6   3   2   2   2   2   5  0.22 0.24
  106 N   -1  0  1  2 -5  1  4 -2  1 -2 -2  1 -2 -3 -3 -1 -1 -5  1 -2    4   6   5  12   0   6  25   3   3   2   3   8   1   1   1   5   3   0   6   3  0.38 0.30
  107 V    0 -1 -1  3  0  0  2  0  1 -1 -1 -1 -1 -2 -2  0 -1 -4  0  0    9   3   3  17   2   4  12   7   4   3   8   4   2   1   1   8   4   0   3   6  0.14 0.15
  108 L   -2 -4 -6 -7  5 -4 -4 -5 -2  1  3 -2  2  3 -2 -4 -3  0  5 -1    4   1   0   0  10   1   1   1   1   6  31   3   4  12   2   1   1   1  16   3  0.82 0.49
  109 V   -1 -2 -4 -4 -1 -1 -3 -4 -1  3  1 -1  0 -1 -4 -2 -2  0  3  4    5   2   1   1   1   3   2   2   1  13  13   3   2   3   1   3   2   1  10  30  0.49 0.34
  110 K    0  2  1  3 -1  1  2 -1  0 -3 -4  2 -1 -3 -3 -1  0 -2 -3 -3    8   9   5  14   2   7  15   6   2   2   1  12   2   1   1   4   5   1   1   2  0.32 0.28
  111 A    3  0 -2 -1  1  0  0 -3  0  0 -1  2 -2 -1 -4  0  0 -2 -1  0   28   4   2   4   3   4   5   1   2   5   6  12   1   3   0   5   6   1   2   8  0.24 0.25
  112 V   -1 -3 -2 -6 -5 -6 -6 -6 -6  5  2 -2  3  1 -6 -3 -1 -6 -1  3    5   2   2   0   0   0   0   0   0  29  18   3   7   6   0   2   4   0   2  19  0.79 0.44
  113 V    1  2  0  0 -1  1  1 -1  1 -1 -1  1  0 -2 -2  0  0  1 -1  0   12  11   5   4   2   5  11   3   3   3   6   9   3   2   1   6   5   2   2   6  0.09 0.11
  114 D    0  0  1  2  1  0  3  0  0 -2 -3  1 -1 -2 -1  1 -1 -5 -2 -2    7   6   7  11   3   3  17   6   2   3   3   8   2   2   3  10   4   0   1   3  0.19 0.19
  115 L   -1  0  1 -1  1  0  0 -2  1  1  2 -1  1  0 -2 -1 -1  2 -1  1    4   5   7   4   4   4   5   2   3   8  19   3   4   4   2   3   3   3   2  11  0.08 0.11
  116 E    0 -1 -2  0  0  0  5 -2  0  0 -1 -1  0 -2 -2 -2 -2 -5 -1 -1    9   3   2   5   2   4  36   3   2   6   5   3   2   2   2   3   2   0   2   5  0.44 0.38
  117 D    0  0  0  0 -2  1  0  0  1  0 -1  0  1  0  1  0  0 -2  1  0    6   6   5   6   0   5   6   6   5   6   6   6   5   5   6   6   6   0   5   6  0.03 0.06
  118 K   -1  3  0  0  0  0  1 -2  1 -1 -2  1  0  0  0 -1 -1 -3  2  0    4  18   4   6   3   4   9   3   4   3   4   7   3   3   4   4   3   0   7   7  0.14 0.15
  119 I    2 -1 -4 -1  3 -3 -1 -2 -4  3  1 -3 -2  0  0 -1 -1  2  0  1   19   3   0   3   6   0   3   4   0  17  12   0   0   5   4   4   4   3   4   8  0.22 0.22
  120 R   -4  7 -3 -3 -1 -1 -2 -4 -2 -3 -2  1 -2 -3 -3 -3 -5 -1  1 -6    1  61   1   1   2   3   3   2   1   2   4   8   1   1   1   1   0   1   5   0  1.43 0.73
  121 K    1  1  2  2  0  1  1  1  2 -3 -3  0 -1 -2 -3  1 -1 -1  0 -3   12   8   9  10   2   7   9   9   4   2   2   6   1   2   0   8   3   1   3   1  0.18 0.17
  122 S    0 -1 -2  0  8 -5 -2 -2  0 -3 -1 -3 -1  0 -2  1 -3  0  1 -3    7   4   2   6  35   0   3   4   2   1   8   1   1   4   2   9   2   1   6   1  0.90 0.49
  123 Y   -6 -6 -6 -7  0 -6 -1 -4  1 -6 -2 -6 -6  2 -7 -2 -6 -4  9 -3    0   0   0   0   2   0   4   2   3   0   5   0   0   6   0   3   0   0  71   2  2.39 1.05
  124 S    2 -2  1  2 -4 -2  1  0  3 -2 -3 -2  0 -3  0  2 -1 -1 -1 -1   17   1   6  12   0   1  10   7   7   2   2   2   2   1   5  16   3   1   2   4  0.25 0.25
  125 E   -2  1 -1  3 -6 -1  5  1 -1 -2 -4  1 -2 -4 -2 -2 -3 -1 -3 -2    2   8   3  17   0   2  33  10   2   3   1   9   1   1   2   2   1   1   1   3  0.59 0.42
  126 E   -3  0  1  4 -2 -2  2 -1 -1 -1 -3  0 -2  0  1  0  1  3 -1 -4    3   4   6  19   1   2  11   5   2   3   3   6   1   4   7   7   9   4   3   1  0.31 0.27
  127 L   -1 -2 -3 -1 -2 -2 -1 -2 -2  4  1 -3  0  2 -2 -2  0  3 -2  2    6   3   1   3   1   2   4   4   1  20  14   2   2   8   3   4   7   3   1  12  0.30 0.19
  128 K   -1  0  1  3 -6 -2  1 -1  1 -1 -1  1  1 -2 -1  0  0  0 -1 -2    6   4   6  17   0   2  10   6   3   4   6  10   3   2   3   6   6   2   3   3  0.19 0.17
  129 T   -3 -1  1  2  1 -1  0 -1  2 -1 -1  0  2  1 -1  1  0  2  0 -2    2   3   8  11   3   3   7   5   4   3   7   5   5   6   3  11   5   3   3   2  0.15 0.14
  130 G   -2  2  1  1  1  0  0 -1  2  0 -2  0  2 -1  0  1  0  3  0 -2    3  10   5   9   3   4   6   4   4   6   3   6   5   3   4  10   6   3   3   2  0.13 0.13
  131 H    0  0  0  0  2  0  0 -1  2  0 -1  0 -2  0  0  0  0  3  1 -1    5   5   5   5   5   5   5   5   5   5   5   5   0   5   5   5   5   5   5   5  0.06 0.08
  132 D   -2  0  0  4 -2  0  4 -2  0 -3 -3  1 -2 -3 -2 -2 -1 -5 -1 -3    3   4   4  27   1   4  27   4   2   2   2   8   1   1   2   1   3   0   2   2  0.59 0.40
  133 L   -1 -4 -2 -2 -4 -4  0 -3 -4  0  2 -2  0  6 -2 -2 -2 -3  1 -1    4   0   2   2   0   0   7   2   0   4  19   3   2  39   2   3   2   0   4   4  0.74 0.43
  134 M    1 -1 -2  0  0 -1 -2 -2 -3  1  1 -1  0  0  0  0 -1  0 -2  2   16   3   2   7   2   2   2   2   0   7  13   4   2   5   4   7   3   1   0  17  0.10 0.14
  135 F   -2  1  0  0  0  1  2 -1  0 -2 -2  1  0  0  1 -1 -1  4 -1 -1    3   9   5   6   2   7  17   4   2   2   3   8   3   4   7   4   2   6   1   6  0.18 0.18
  136 M   -1  1 -1 -1  1  0  0 -2  0  1  1 -1  4 -2 -3 -1  1  2  0  1    3   8   3   3   3   3   5   3   3  11  10   3  13   0   0   3  12   3   3   9  0.14 0.17
  137 M    0  0 -2 -3  3  1 -2 -3 -2  1  0 -1  2  1  1  0 -1  4 -1  0    8   8   0   0   8   8   0   1   0   8   8   0   8   8   8   8   0   8   0   8  0.16 0.15
  138 V   -1 -1 -1 -3  1 -1  0 -4  0  1  3 -1  1  2 -1 -2 -1 -3  0  1    5   4   3   0   4   3   7   0   2   7  30   2   3   9   2   0   3   0   3  13  0.18 0.18
  139 L   -1  0 -1 -3 -2 -1 -1 -3  0  1  2 -1  1  1 -1 -1 -1  3  0  2    5   5   2   0   0   2   5   1   3   6  22   4   4   7   2   3   3   4   3  19  0.14 0.14
  140 D   -1 -1  0  7 -5 -2  1  0 -3 -4 -2 -3 -4 -5 -4 -1 -1 -5 -5 -4    4   3   3  60   0   0   7   8   0   0   5   0   0   0   0   3   4   0   0   0  1.08 0.50
  141 G    2 -2 -1 -1  2  0 -2  4 -3 -3 -2 -2  0 -1 -2  0 -1 -4 -3 -1   21   2   3   4   5   4   2  35   0   0   3   0   3   3   1   8   2   0   0   5  0.40 0.26
  142 C    1 -3 -3 -3  7 -3 -1  0 -3  0 -1 -3 -2  0 -3 -1  0  3  3  0   12   0   0   0  26   0   5   6   0   6   5   0   0   4   0   5   4   4  12   8  0.46 0.28
  143 F   -1 -1 -3 -3  1  0 -1 -1  1  0 -1 -3 -2  6  0 -1 -2 -1  2 -1    5   4   0   1   4   4   5   4   4   5   4   1   0  40   4   4   1   0   7   4  0.43 0.27
  144 I   -1 -3 -1 -1  3  0 -3 -2 -3  3  2 -3  1  0  0 -2  0 -3 -2  1    4   0   4   4   7   4   1   3   0  24  21   0   3   5   5   1   4   0   0   9  0.22 0.19
  145 L   -2  0  0 -2  2  1  0 -3  2  0  0  0  1  1  1  0  0 -2  1  0    0   6   6   0   6   6   6   0   6   6   6   6   6   6   6   6   6   0   6   6  0.08 0.14
  146 M   -1 -1 -1 -1  0  1  3 -2  3 -1 -1  0  1 -2 -1  0 -1  3 -1  0    5   2   2   2   2   7  24   4   6   3   5   5   4   2   3   8   4   4   2   6  0.23 0.24
  147 V    0  0 -2 -4  0 -1 -2 -2  2  1  1  0  0  3  0 -2 -1  2  3  0    7   7   2   0   2   2   3   2   6   9  12   6   3  11   4   2   4   3   9   6  0.15 0.15
  148 F    0 -5 -2 -6 -5 -5 -2 -6 -5  1  3 -2  4  6 -1 -3 -2 -4  1  0    7   0   2   0   0   0   3   0   0   8  23   2  10  27   4   2   3   0   4   5  0.73 0.42
  149 L   -2  3 -1 -1  1  1 -1 -1  1  1  1  0  1  0 -1 -1 -1  2  0  0    3  14   3   3   3   6   4   5   3   7  14   5   3   4   4   4   3   3   3   6  0.12 0.10
  150 I   -1  0  0  0  2  0  0 -1  2  0 -1  0  2  1  0 -1  0  4  1 -1    5   5   5   5   5   5   5   5   5   5   5   5   5   5   5   5   5   5   5   5  0.09 0.08
  151 M    0 -1  0 -1  1  0 -1 -2  2 -1  0 -1  1  2 -1 -1  0  4  3  1    7   4   5   4   3   4   4   3   4   4   7   4   4   7   4   5   5   5   9   8  0.12 0.11
  152 S    0  0  0  0  3  0 -1 -1  2 -1 -2 -1  0  0 -1  1  0  2  2 -1    8   5   5   6   5   4   5   6   5   4   3   4   3   5   4   9   6   3   7   5  0.09 0.09
  153 G   -1  0  0  1  1  0  1  1  2 -1 -2  0  1  0 -1  0 -1  3  1 -2    4   6   4   9   3   4   9  11   4   4   4   6   4   5   3   7   3   3   4   3  0.10 0.10
  154 N   -1  0  1  2  0  0  0  1  1 -1 -2  1 -1  1 -1 -1 -1  1 -1 -1    4   6   7  12   2   5   7  10   4   4   4   8   2   5   3   5   3   2   3   4  0.10 0.09
  155 I   -1 -1  0  1  0  0  1  0  1  0  0  0  0  1  0 -1 -1  0  0  0    4   4   4   8   2   5  11   8   4   5   8   6   2   5   4   5   3   1   3   9  0.04 0.05
  156 E   -2  2 -1  2 -2  1  3  0  0 -2 -2  1 -2 -2  1 -1 -2  1  2 -3    4   9   3  10   1   5  17   8   3   2   4   8   1   2   7   4   2   2   6   2  0.25 0.23
  157 L    0  1  1  2  1  0  0 -1  2 -1 -1  0  1  0 -1 -1 -1 -1  1 -1    6   7   6  12   3   4   7   6   5   4   5   5   3   5   4   5   4   1   6   4  0.08 0.08
  158 S    0  0  0  1  1  1  1  0  2 -1 -2  0  1 -1  1  0  0 -5  0 -1    8   6   4   9   3   6   7   7   4   4   4   4   3   3   6   8   6   0   3   3  0.07 0.08
  159 E   -2  0  3  2  1  0  1 -1  1 -1 -1  0  1 -1 -1 -1 -1  2  0 -1    4   5  12  12   3   4   8   5   4   3   6   6   3   3   4   5   4   3   4   4  0.15 0.13
  160 D   -1  0  0  5  0 -1  0 -2  2 -2 -2 -1  2 -1 -1 -1  0  2 -1 -1    5   4   4  26   2   3   5   3   4   3   4   4   4   3   4   5   6   3   3   4  0.35 0.26
  161 P    0  0  0  0  2  0  0 -1  1  0 -1  0  1  0  0  0  0 -2  1  0    5   5   5   5   5   5   5   5   5   5   5   5   5   5   5   5   5   0   5   5  0.03 0.05
  162 I   -1  0  0 -1  1 -1 -1 -1  0  3  1 -1  1  0 -1 -1  0  2  0  1    5   5   4   4   3   3   3   5   3  16  11   3   4   4   4   6   5   3   3   8  0.10 0.08
  163 F   -2 -1  1 -2  1 -1 -3 -1  1  0  0 -2  2  4 -2  1 -1  1  1  0    4   4   6   3   2   3   2   5   4   4  10   3   4  18   2   9   4   2   4   7  0.22 0.16
  164 S   -1  0  0  0  2  0  0 -1  2  0 -1  0  2  1  0 -1  0  4  1 -1    5   5   5   5   5   5   5   5   5   5   5   5   5   5   5   5   5   5   5   5  0.09 0.08
  165 I    0  0  0  0  2  0  0 -1  1  0 -1  0  1  0  0  0  0 -2  1  0    5   5   5   5   5   5   5   5   5   5   5   5   5   5   5   5   5   0   5   5  0.03 0.05
  166 P   -1  2  0  0  0  0 -1 -2  3 -1 -2 -1  1 -2  3  0 -1  1  0 -1    5   9   5   5   2   5   4   4   6   3   4   4   3   2  16   8   5   2   3   4  0.22 0.21
  167 W   -1  0 -1  0  2  0 -1 -1  3 -3 -3 -3 -1  1 -2  0 -2  9  2 -3    5   5   3   6   4   4   5   6   6   2   3   2   2   5   3   7   3  22   7   2  0.73 0.47
  168 L   -1 -1  1 -1  1  0 -2 -2  2  1  2 -1  4 -1 -6 -1 -1  2  1  0    5   3   6   4   3   4   3   3   4   7  16   4  11   3   0   5   4   3   4   8  0.22 0.16
  169 L   -1  0  0  0  2  0 -1 -1  2  0 -1  0  2  0  0 -1  0  3  1 -1    5   5   5   5   5   5   5   5   5   5   5   5   5   5   5   5   5   5   5   5  0.03 0.09
  170 S    1 -1  0  0  1  0  0  0  1 -1 -2  0  0 -1  1  0  0  0 -1  0   11   3   5   4   4   5   6   8   5   3   3   4   4   3   8   8   4   2   2   6  0.05 0.08
  171 S    0 -1  0  1  1  0 -1 -1  1 -1 -1  0  0  2  0  1  0 -3  0  0    8   3   3   9   3   4   3   5   4   3   4   8   3   9   5  10   5   0   4   7  0.04 0.08
  172 I    0  0  0  0  2  1  0  0  2  0  0  0  1  0  1 -1  0 -3 -2  0    6   6   6   6   6   6   6   6   6   6   6   6   6   6   6   0   6   0   0   6  0.04 0.09
  173 Q    0  0 -1 -2  1  2  0 -2  1 -1 -1 -1  1  1 -2  0 -1  6  1  0    7   6   3   3   3  10   6   4   3   3   6   3   3   6   3   7   3  11   5   6  0.27 0.20
  174 S   -2  3  0  2 -1  0 -1 -3  3 -2 -1  0 -2 -1  1  1  0 -1  0 -2    1  20   3  10   1   5   3   1   7   2   6   4   1   3   6  14   5   1   3   2  0.25 0.24
  175 D   -3 -1  0  7 -6 -4  0 -5 -1 -2 -3 -2 -2  2 -2 -2 -3 -6 -5 -2    2   3   3  58   0   0   6   1   1   2   3   2   1   7   2   3   1   0   0   4  1.24 0.65
  176 L   -2 -2 -3 -2 -1 -1  0  0 -1  1  3 -3  4  1 -1 -3 -2 -3 -3  0    3   1   0   1   1   3   9   9   2   7  30   1  14   6   3   1   2   0   0   5  0.31 0.28
  177 L    0 -1 -1  0  1 -1 -1 -1 -2  1  1 -1  2  1 -1  0  0  1  1  1    5   2   4   5   3   1   3   3   0  10  14   5   8   6   2   8   4   2   5  10  0.04 0.08
  178 L   -1  1 -1 -3 -1 -1 -2 -2  0  0  3  0  3  0 -1  0 -1 -3 -2  0    4   8   2   0   1   3   2   3   2   5  33   4  10   3   2   9   4   0   0   4  0.21 0.21
  179 L   -1 -1  0 -3 -3 -3  0 -4 -3  0  4 -3  1  0  0  1  0 -3  1  0    3   3   5   0   0   0   6   1   0   3  43   0   3   2   4  10   5   0   6   5  0.35 0.30
  180 E   -1  0  0  2 -3  0  2  0  2 -1 -3  0  0 -3  2  0 -1 -3  1 -1    4   5   4  10   0   3  19   6   7   4   1   3   4   0  11   4   4   0   5   4  0.20 0.18
  181 N   -1  0  4  1 -3  0  1 -1 -2 -1 -3  1 -3 -3  0  0  0 -4  0  0    5   5  26   7   0   4  10   4   0   4   1   8   0   0   4   4   4   0   4  10  0.26 0.24
  182 Q    1 -1  0  0 -3  4  0 -3 -2  0 -1  0 -2 -3  1  1 -1  3  1 -2   13   3   4   4   0  23   5   0   0   7   6   4   0   0   6  12   3   4   5   0  0.23 0.25
  183 V    0 -2  0 -1 -2  0  0  0  0  1  2  0  2  0 -3 -2  0  1 -2  1    6   0   5   2   0   5   5   7   3   8  24   6   8   4   0   0   4   3   0   9  0.09 0.13
  184 P   -1 -1 -3  0  2  0  1 -3 -3 -3  0  0 -2 -4  5  0 -2 -4 -3  0    5   4   0   4   6   3  12   1   0   0  11   5   0   0  33   7   0   0   0   7  0.56 0.32
  185 F   -2 -1 -2 -1 -3  0  1  0 -2  0  0  1  0  3 -1  0 -1  3  1 -1    1   3   1   2   0   5  10   8   0   5  12  11   2  19   4   6   2   5   3   2  0.16 0.18
  186 F   -2 -1 -3 -2  0  0  0 -4 -2 -2  1 -1  0  5 -3 -1 -3  2  2  0    4   3   1   2   2   5   7   1   1   1  13   5   2  30   1   5   1   2   7   7  0.42 0.30
  187 V    0 -2 -4 -3 -2 -2 -1 -4 -1  3  2 -4  0  0 -3 -1 -2 -4 -1  4    6   2   0   1   1   2   4   1   2  13  19   0   2   4   1   4   1   0   2  33  0.44 0.31
  188 L   -2 -1 -3 -2  1 -2 -2 -2 -4  1  4 -1  1 -2  0 -2  0 -4 -3  1    2   4   1   2   3   2   2   4   0   7  44   5   2   1   4   3   5   0   0   8  0.37 0.29
  189 Q   -1  1 -1  2  0  2  3 -3  2 -1 -1  1 -1 -4  0 -1 -1  1 -1 -2    4   9   3  10   2   9  19   2   4   3   7   7   2   0   5   5   3   2   2   2  0.23 0.22
  190 T    0  1  0  0  0  0  1 -2  1 -1 -1  2  0 -1  0  0  0  1  0 -1    7   7   4   6   3   3   9   3   3   2   8  14   2   2   3   5   7   2   4   4  0.07 0.09
  191 L   -1 -2 -1 -2  1 -5 -2 -6 -5  2  4 -2  1  0 -5 -2 -2 -5  0  0    5   3   3   3   3   0   3   0   0  11  44   3   3   4   0   3   3   0   3   6  0.60 0.38
  192 Y   -2 -1 -1 -3  0 -1  0 -3  2 -1  1 -1  4  4 -5 -1 -2  2  3 -1    3   4   3   2   2   2   6   2   5   3  14   4  10  16   0   4   2   2  12   4  0.35 0.27
  193 V    0  1  0  1 -1  1  2 -1  0 -1 -1  1  0 -2  0  0 -1 -1 -2  0    7   8   5   9   1   5  14   5   3   3   5   8   2   1   4   7   3   1   1   7  0.10 0.11
  194 G    0 -1 -1 -1  0 -1 -1 -2  2  0  1 -1  1  2 -1  0  0 -1 -1  0    6   3   2   4   2   2   5   3   5   5  18   4   4   8   4   9   6   1   1   8  0.07 0.09
  195 S    0  0  0 -1  0  1  1 -2 -1 -1 -1  0  1 -1 -2  2  2 -4 -1 -1    9   6   4   3   2   6   7   2   1   4   6   4   3   2   2  18  12   0   2   5  0.13 0.18
  196 K   -1  1  1  0 -1  0  0 -1  2 -2 -3  3 -1  1  2  0  1 -1 -2 -2    5   8   6   5   1   4   6   5   5   2   3  14   2   5   9   8   7   1   1   3  0.18 0.17
  197 I   -1  0  0  0  2  0 -1 -1  2  0 -1  0  2  0  0 -1  0  3  1 -1    5   5   5   5   5   5   5   5   5   5   5   5   5   5   5   5   5   5   5   5  0.03 0.09
  198 G   -1 -2  1  1  1  0  0  2  1 -2 -2  0  0 -1  2  0  0  1  0 -2    5   3   7   8   3   4   6  14   3   3   4   6   2   2  10   6   5   2   3   3  0.11 0.14
  199 V    0  0  0  0  2  0  0 -1  1  0 -1  0  1  0  0  0  0 -2  1  0    5   5   5   5   5   5   5   5   5   5   5   5   5   5   5   5   5   0   5   5  0.03 0.05
  200 S    0  0  0  0  2  0  0 -1  1  0 -1  0  1  0  0  0  0 -2  1  0    5   5   5   5   5   5   5   5   5   5   5   5   5   5   5   5   5   0   5   5  0.03 0.05
  201 S   -1  0  0  0  2  0  0 -1  2  0 -1  0  2  1  0 -1  0  4  1 -1    5   5   5   5   5   5   5   5   5   5   5   5   5   5   5   5   5   5   5   5  0.09 0.08
  202 D   -1 -1 -1  1  1  0  1 -1  1 -1 -1 -1  1  1  0  2  0  2 -1 -1    5   3   3   9   3   4   7   5   3   3   7   3   3   6   6  14   5   2   3   4  0.06 0.11
  203 L   -1  0  0  0  2  0  0 -1  2  0 -1  0  2  1  0 -1  0  4  1 -1    5   5   5   5   5   5   5   5   5   5   5   5   5   5   5   5   5   5   5   5  0.09 0.08
  204 N   -1  0  3  1  1 -1  0 -1  1  0 -2  1  1 -1 -1  0  0  2  0 -1    5   5  12   8   3   3   5   5   3   6   5   7   3   3   4   8   5   3   3   4  0.09 0.09
  205 R   -1  1  0  1  0  2  1 -1  0 -2 -1  1  0  0 -3  1  0 -1  0 -2    4   9   5   7   2   8   9   5   2   3   6   9   3   4   2  10   6   1   3   2  0.12 0.13
  206 I   -2 -1 -2 -3  0 -3 -4 -2 -2  2  4 -2  5  0 -3 -3 -2 -7 -2  1    3   4   2   2   2   1   2   4   1   9  34   3  11   4   2   2   3   0   2  10  0.59 0.35
  207 A    2 -3 -3 -1  2 -2 -3 -2 -2  2  0 -1  2  0 -1  0  1 -6 -2  2   17   2   1   3   3   2   2   3   1  12   9   4   4   3   4   7   8   0   2  12  0.24 0.18
  208 F   -2  0 -1 -1  3 -1 -1 -1  3  0  2 -1  1  2 -1 -1 -1  2  1 -1    3   4   4   4   6   3   4   4   6   5  17   5   4   8   3   5   3   3   4   5  0.14 0.11
  209 H   -1  0  0  0  2  0  0 -1  2  0 -1  0  2  1  0 -1  0  4  1 -1    5   5   5   5   5   5   5   5   5   5   5   5   5   5   5   5   5   5   5   5  0.09 0.08
  210 F   -1  0  0  0  2  0  0 -1  2  0 -1  0  2  1  0 -1  0  4  1 -1    5   5   5   5   5   5   5   5   5   5   5   5   5   5   5   5   5   5   5   5  0.09 0.08
  211 F   -2 -1 -1 -1  2 -1 -2 -2  1  1  1 -2  1  5 -1 -2 -2  3  1  0    3   4   3   3   4   3   3   4   3   7  13   3   3  19   4   3   3   4   4   6  0.30 0.20
  212 K    0  1  0  0  0  2  0 -1  0 -1 -1  2  0  0 -2  0 -1  1 -1  0    9   6   5   5   2   8   7   4   2   4   6  12   2   5   2   7   3   2   2   6  0.07 0.08
  213 N   -1  0  0  0  2  0  0 -1  2  0 -1  0  2  1  0 -1  0  4  1 -1    5   5   5   5   5   5   5   5   5   5   5   5   5   5   5   5   5   5   5   5  0.09 0.08
  214 P   -1  0  0  0  2  0  0 -1  2  0 -1  0  2  1  0 -1  0  4  1 -1    5   5   5   5   5   5   5   5   5   5   5   5   5   5   5   5   5   5   5   5  0.09 0.08
  215 I   -1  0 -1  0  2  0 -1 -1  1  1  1 -1  2  1 -1 -1  0  4  0  0    4   4   4   5   4   3   3   4   3   9  13   4   5   5   4   5   5   6   3   5  0.10 0.08
  216 D   -1  0  0  2  1  1  1 -1  1 -2 -2  0  1 -1  2  0 -1  2  0 -2    4   4   5   9   2   7   7   5   4   2   5   6   4   3  12   7   5   3   3   3  0.14 0.15
  217 K   -1  1 -1  0  0  0 -1 -1  1 -1 -1  1  0  0  1  0  0  1  1 -1    6   8   3   5   2   5   4   4   3   4   5  10   2   4   8   8   7   2   5   4  0.06 0.09
  218 E   -1  0  0  0  2  0  0 -1  2  0 -1  0  2  1  0 -1  0  4  1 -1    5   5   5   5   5   5   5   5   5   5   5   5   5   5   5   5   5   5   5   5  0.09 0.08
  219 G    0  0  0  0 -1 -1  0  2  0 -1 -1  1 -1 -2  1  0  0  1 -1 -1    6   5   5   5   1   3   7  13   3   3   6   8   2   2   8   7   6   2   2   4  0.07 0.08
  220 S    0  0  0  0  1  0  0 -1  0 -1 -1  0  1  1  0  2  0  0  0 -1    6   5   4   6   2   4   7   5   2   3   5   5   4   5   5  13   7   1   3   5  0.06 0.08
  221 Y   -1  0  0  0  0 -1 -1 -1  1  1  0 -1  0  0  1  0  0  1  1 -1    5   6   4   6   3   3   4   4   4   9   8   4   2   5   7   9   5   2   5   5  0.04 0.05
  222 W   -1  0 -1 -1  1 -1 -1 -1 -1  0  1 -2  1  0  1  0  1  3  0  0    5   5   3   4   3   3   4   5   2   6  14   3   3   5   8   8   8   5   3   6  0.08 0.08
  223 E    0  1  1  2  1  0  2 -2  0 -1 -2  1 -1 -2  1 -2 -1 -1 -1 -1    9   7   7  11   3   4  12   4   2   4   5  10   1   2   7   2   5   1   2   4  0.15 0.15
  224 K   -1 -1  0  0  1  1  0 -2  1  0 -1  1  1 -1  1  0  0  2  0  0    5   3   4   5   3   5   7   3   3   7   7   8   4   3   8   7   5   3   3   7  0.06 0.07
  225 H   -1 -1  0  1  0 -1  0 -2  2  1  0 -1  0  0  1  0  0 -1 -1 -1    6   4   5   8   2   3   7   3   5  10   9   4   2   4   7   7   6   1   2   4  0.06 0.07
  226 R   -2  2  1  1  0  1  0  0  0 -2 -1  1  1 -2  1  0 -1 -5 -1 -1    4  11   6   8   2   5   7   7   2   2   6   9   3   2   7   7   5   0   2   4  0.12 0.12
  227 N   -1  0  2  2  0  0  0 -1  0  0 -2 -1  0 -1  1  0  0  1  0  0    4   4  10  11   2   5   6   6   2   5   4   3   2   3   8   8   5   2   3   6  0.11 0.11
  228 Y   -1  0 -1 -1  0  1  0  0  1  0  0  0  0  0  0  0  0  1  2  0    5   4   3   4   3   5   6   8   4   5   8   7   3   4   4   9   5   2   7   6  0.03 0.04
  229 K   -2  1  0  1  0  1  2 -1  1 -3 -2  3 -1 -1  1 -1 -1  0 -1 -2    3   7   5   7   2   5  15   5   3   2   5  14   2   3   8   5   4   2   2   3  0.22 0.20
  230 A    0  0  0  0  2  0  0 -1  1  0 -1  0  1  0  0  0  0 -2  1  0    5   5   5   5   5   5   5   5   5   5   5   5   5   5   5   5   5   0   5   5  0.03 0.05
  231 K    0 -1  1 -1  2 -1 -1 -1  2  1  0  1  2  3 -1 -1 -2  2  1 -2    6   3   6   4   4   3   5   5   5   7   9   9   5  11   4   4   3   2   4   3  0.11 0.09
  232 H    0  0  0  0  2  1  0  0  2  0 -1  0  1  0  1  0  0 -2  1 -2    6   6   5   6   5   5   6   6   5   6   6   6   5   5   6   6   6   0   5   0  0.05 0.09
  233 L    0 -1 -1 -1  1 -1 -1 -1  1  2  1 -1  1  2  0 -1 -1 -3  0  0    9   3   3   3   4   3   4   4   4  13  12   4   5  11   4   3   3   0   3   4  0.06 0.10
  234 L   -1 -1 -2 -2  0 -1 -2 -1  0  1  4 -2  1 -1  0 -2 -1  2 -3  1    4   4   2   3   2   2   2   4   2   6  37   2   4   3   4   3   4   3   0  10  0.28 0.26
  235 D   -2 -3 -3  6 -1 -2  0  0  5 -4 -3  2 -2 -8 -2 -1 -4 -8 -3 -3    4   2   1  35   1   2   7   8  12   1   3  10   1   0   2   5   1   0   1   2  0.91 0.54
  236 L   -2 -2 -3 -4 -1  1 -3 -3  1  1  4 -2 -1  3 -4 -4 -2 -2 -1  1    3   3   1   1   2   6   2   3   3   8  39   3   2   9   1   2   3   1   2   8  0.61 0.35
  237 I   -2 -1 -3 -7  0 -1 -4 -4  0  2  3 -3  2  3  1 -2 -1 -6  1  1    4   4   1   0   2   3   2   2   3  12  22   2   5  11   8   3   3   0   5   9  0.42 0.26
  238 R   -2  5 -2 -3  1  0 -4 -4  5 -3 -3  1 -3 -2 -2 -1 -2  0  3  0    4  31   2   2   2   4   2   1  11   2   3   8   1   2   3   5   3   1   8   6  0.77 0.47
  239 E   -2  1  0 -1  1 -1  3 -3  2  0 -1  2  1  0  0 -1  0  1  0 -2    4   7   5   4   3   3  16   2   4   5   5  11   4   4   4   6   5   2   3   3  0.18 0.16
  240 T   -1 -2 -1 -4  3 -1 -3 -3  1  0  0 -4  1  2  0  2  1  1  3 -1    5   2   3   1   6   3   2   2   3   5  10   1   3   7   5  15  10   2  10   5  0.31 0.24
  241 F   -1 -2 -3 -4 -2  1 -2 -4  4  2  1 -1  2  4 -3 -3 -1  3  3 -1    5   3   1   1   1   6   3   2   8   9  13   3   5  14   2   3   4   4   8   5  0.40 0.25
  242 L   -2  0 -4 -5 -2  0 -3 -4  1  0  3 -1  2  1  0 -2  0 -6 -2  2    3   5   1   1   1   5   2   2   3   5  27   4   5   5   5   3   6   0   1  15  0.38 0.25
  243 P   -2 -2 -2 -3 -1 -1 -1  0  1 -4  0  1 -1 -1  5  0 -1 -2 -1 -2    3   3   3   2   2   3   4   8   3   1  10   9   2   3  28   6   4   1   2   3  0.45 0.34
  244 N   -1  0  0  0  2  0  0 -1  2  0 -1  0  2  1  0 -1  0  4  1 -1    5   5   5   5   5   5   5   5   5   5   5   5   5   5   5   5   5   5   5   5  0.09 0.08
  245 T   -1  0  0  0  2  0 -1 -1  2  0 -1  0  2  0  0 -1  0  3  1 -1    5   5   5   5   5   5   5   5   5   5   5   5   5   5   5   5   5   5   5   5  0.04 0.09
  246 S   -1  0  0  0  1  0  0 -1  1 -1 -1  1  1 -1  2  0  0  2  1 -2    6   4   5   5   3   4   6   4   4   4   7  10   3   3   9   6   6   3   5   3  0.08 0.09
  247 E   -1  0  0  0  1  2  1 -1  2 -1 -1  0  0  0  1 -1 -1  2  0 -1    5   5   4   5   3  11   9   4   5   4   5   7   3   3   7   5   5   3   4   5  0.11 0.12
  248 S   -1  1  0  1  0  0  1 -1  1 -1 -2  1  0 -1  2  1  0  2 -1  0    4   6   5   7   2   4  10   4   3   4   5   7   2   3   9  10   5   2   2   6  0.08 0.10
  249 D   -1  0  0  0  2  0  0 -1  2  0 -1  0  2  1  0 -1  0  4  1 -1    5   5   5   5   5   5   5   5   5   5   5   5   5   5   5   5   5   5   5   5  0.09 0.08
  250 K   -1  1  0  0  1  1  0 -1  1 -1 -1  1  0 -1  1  0  0  2  0  0    5   7   5   6   3   7   6   4   3   4   5   7   3   3   7   6   6   3   3   7  0.06 0.07
  251 A   -1  1  0  0  0  1  0  0  1  0 -1  0  1 -1  1  0 -1  1  0 -1    5   8   4   4   2   6   6   7   4   6   7   7   3   3   7   9   4   2   3   4  0.05 0.05
  252 S   -1  0  1  1 -1  1  0  0  2 -1 -1  0 -1 -1  2  1  0 -5 -2 -1    5   6   6   7   2   5   5   7   5   3   7   5   2   3   9  10   7   0   2   4  0.09 0.10
  253 S    0  0  0  0  2  0  0 -1  1  0 -1  0  1  0  0  0  0 -2  1  0    5   5   5   5   5   5   5   5   5   5   5   5   5   5   5   5   5   0   5   5  0.03 0.05
  254 P   -1 -1  0  1  1  0  0  0  0 -2 -1  0  0 -1  4  0 -1 -6 -2 -1    6   4   4   6   3   5   6   7   2   2   6   5   2   3  21   7   5   0   2   4  0.25 0.23
  255 H    0  1  0  0  1  1  0 -1  3 -1 -1  0  0 -1  0  0 -1  2  0 -2    9   6   5   5   3   6   6   4   7   4   5   5   3   3   6   8   4   2   3   3  0.06 0.10
  256 V    0  0  0  0  1  0  0 -1  1  0  0  0  0  0  0  0  0  1  0  0    6   5   4   5   3   3   7   5   4   6   7   5   3   4   5   7   4   3   3  10  0.01 0.01
  257 Q   -1  1  1  0  0  2  1 -1  1 -1 -1  1  0 -1  0  0 -1  1  0 -2    5   7   6   6   2   8  10   5   4   3   6   7   3   3   5   8   4   2   3   3  0.08 0.10
  258 V   -1  1  0  0  0  0  0 -1  1  1  0  0  1 -1  0  0  0  0  0  0    5   8   6   5   2   3   6   4   3   8  11   5   4   2   4   6   5   1   3   7  0.01 0.03
  259 Q   -1  0  0 -1  0  2  0 -1  1 -1 -1  1  1 -2  0  1  0  3  0 -2    4   5   5   4   2  11   7   5   3   4   7   7   4   2   5  10   6   4   3   3  0.10 0.12
  260 L   -2  0 -1 -1  0  0  0 -1  1  0  2  0  1 -1  0 -1 -2  2  1  0    3   5   3   4   2   5   6   6   3   5  21   5   4   3   6   5   3   2   4   6  0.09 0.08
  261 H   -1  2  0  0  1  1  0 -1  4 -1 -1  1  1 -1  0  0 -1  2 -1 -2    5   9   5   6   3   6   7   5   9   4   5   8   3   3   6   6   4   2   2   3  0.14 0.12
  262 E   -1  1  1 -1  0  0  0 -1  2  0 -1  1  2 -1  0  0  0  3  0 -2    6   7   6   4   2   5   5   5   5   5   7   8   5   3   6   7   5   4   4   3  0.07 0.08
  263 G   -1  1  0  0  1  0  0  0  2 -1 -1  0  0  0  0  0 -1  3 -1 -1    6   8   4   5   3   4   6   8   5   4   6   5   3   4   4   8   4   4   2   4  0.06 0.06
  264 K   -2  1  0 -1  1  1  0 -2  1 -1 -1  2  0 -1  1  0  0  2  0 -2    4   7   5   4   3   5   6   4   3   3   7  13   2   3   8   7   7   3   3   3  0.09 0.12
  265 S   -1  0  0  0  2  0  0 -1  2  0 -1  0  2  1  0 -1  0  4  1 -1    5   5   5   5   5   5   5   5   5   5   5   5   5   5   5   5   5   5   5   5  0.09 0.08
  266 G   -1  0  1  0  1  0  0  1  1 -1  0 -1  0  0  1  0  0  2  0 -1    4   6   6   5   3   4   6  10   3   4   8   4   2   4   7   8   5   3   3   4  0.05 0.05
  267 N    0  1  2  1  2  0  0 -2  1 -1 -1  0  0  0  1  1  1  2  0 -2    6   6   9   7   4   3   6   3   4   3   6   5   3   3   6   9   8   3   3   3  0.08 0.09
  268 V    0  1  0 -1 -1 -1  0 -1  0  1  0  1  0 -1  0  0  1  1 -1  0    8   9   4   3   1   3   6   4   3   7   8   7   2   3   5   7   8   2   2   8  0.04 0.04
  269 P   -1  2 -1  0 -2 -1  0 -2  0 -2 -2  1 -5 -2  5  1 -1 -5 -3 -2    6   9   3   5   1   3   6   3   2   3   5   9   0   2  23   9   5   0   1   4  0.37 0.28
  270 S    0  1  1  0  1  0  0  1  0 -2 -1  1 -1 -1  0  1  0  0 -1 -1    7   6   6   6   3   4   5   9   2   2   6   7   2   3   6  13   5   1   2   5  0.06 0.07
  271 V    0  1  1  0 -1  0  0 -1  0  0 -1  0  0 -1  1  0  1 -4 -1  1    9   8   6   5   1   4   5   4   2   5   7   5   3   3   6   6   7   0   2  11  0.05 0.06
  272 D   -2  1  1  3  0  0  1  0  0 -1 -2  1 -1  0  0  0 -1  0 -1 -1    3   6   7  16   2   4  10   6   2   3   4   8   1   4   6   7   3   1   2   4  0.17 0.15
  273 S   -2  0  0  1  1 -1  1  1  0 -1 -1  1  0 -1  0  1  0  1  0 -1    3   4   4   7   3   3  11  10   2   3   5   9   3   3   6  12   5   2   3   4  0.09 0.10
  274 K   -2  3  0  0  1  1  1 -1  1 -1 -1  2  0 -2 -1 -1  0 -6  0 -2    4  14   4   5   3   5  10   4   3   3   6  12   2   2   4   6   6   0   4   3  0.18 0.16
  275 A    0  0 -1  0  0  1  0  0  0 -1 -1  1  0  0  1  1  0  1  0 -1    8   5   3   5   2   6   6   8   2   3   7   7   3   4   7  10   6   2   3   4  0.05 0.06
  276 V   -1  0  0  0  2  0  0 -1  2  0 -1  0  2  1  0 -1  0  4  1 -1    5   5   5   5   5   5   5   5   5   5   5   5   5   5   5   5   5   5   5   5  0.09 0.08
  277 P   -1  0  0  0 -1  2  1  0  1 -1 -1  2 -2 -2  2  0 -1  0 -1 -2    3   4   4   5   1   9   8   9   4   4   6  13   1   2  10   9   3   1   2   2  0.14 0.14
  278 L   -3  0  0 -3 -2 -1 -2 -3  1  2  2 -2  2  2 -2  0  0  2  0  0    2   7   5   2   1   3   3   2   3  13  20   1   6   9   3   7   5   2   3   4  0.20 0.18
  279 I   -2  0 -1 -2 -1 -4 -2 -4 -3  4  0 -1  2  1 -2 -1  0  5  1  1    3   5   3   2   1   0   3   1   1  23  10   3   6   5   2   6   6   7   5   9  0.33 0.25
  280 L   -3  3 -3 -2 -1 -1 -2 -3  3 -2 -1 -1 -2  0  4 -1 -1 -2  2 -1    2  18   1   3   2   2   2   2   7   3   7   4   1   4  22   5   3   1   6   5  0.46 0.35
  281 S   -1  0  0 -1  5 -1 -1 -2 -1 -1 -1 -1  0  0 -1  4  0 -5 -1 -2    4   6   4   3  10   2   5   3   1   3   5   3   2   4   4  29   5   0   3   3  0.33 0.30
  282 A    4 -2 -2 -3 -3 -3 -3 -2 -1  1 -1  0  1 -3 -4 -1  0 -1 -4  2   38   2   2   2   1   1   2   2   1   6   7   5   3   1   0   4   6   1   0  15  0.52 0.39
  283 K    0  0  0  0 -3 -1  0 -4 -1 -1 -3  2  0 -3 -3  2  4 -2 -3  0    7   6   3   5   0   2   7   1   2   4   2  12   3   1   1  13  24   1   1   6  0.33 0.32
  284 R   -2  2 -2  1 -2  3  5 -4 -2 -4 -3  2 -1 -2 -1 -3 -3 -2 -2 -4    4   9   2   8   1  11  32   1   1   1   2  14   2   2   3   1   2   1   2   1  0.65 0.49
  285 L   -4 -4 -4 -4  0 -4 -5 -3 -6  0  6 -3  2 -1 -7 -4 -3 -1  2 -2    2   1   1   1   2   1   1   3   0   5  63   2   4   2   0   1   1   1   7   2  1.16 0.68
  286 R   -1  3  0  0 -1  1  1 -2  4 -2 -1  1 -1 -2 -3  0 -1  0  0 -1    6  15   4   5   1   7   7   3  11   2   7  10   2   2   1   6   2   1   4   4  0.22 0.22
  287 L    0  1  0  1  0  1  4 -3  2 -1  0  0 -1 -3 -2 -1 -1 -2  0 -3    7   6   3   7   2   6  26   2   5   4  10   6   1   1   2   4   3   1   3   2  0.26 0.26
  288 Q    5 -1 -3 -3  0 -1 -1 -1 -2 -1 -1 -1 -1 -3 -5  1 -1 -2 -1  0   41   4   1   1   2   3   4   4   1   4   6   4   2   1   0  10   3   1   2   7  0.47 0.40
  289 G   -1 -4 -2 -2 -7 -2 -1  7 -2 -5 -4 -2 -6 -5 -3 -3 -3 -1 -7 -2    6   1   2   3   0   2   4  65   1   1   2   2   0   1   2   2   2   1   0   4  1.38 0.78
  290 I   -4 -3 -6 -3 -5 -3 -4 -5 -2  5  0 -3  1 -3 -3 -2 -3 -6 -5  5    1   1   0   2   0   1   1   1   1  31   8   2   3   1   2   3   2   0   0  40  1.13 0.63
  291 K   -3  3  1 -1  1  1  0  1  1 -2 -4  4 -2 -5  0 -1  0  0 -3 -2    1  14   6   4   3   6   6   9   3   3   1  25   1   0   4   4   6   1   1   3  0.39 0.33
  292 F   -4 -3 -6 -7 -1 -3 -6 -5 -2  3  1 -3 -3  7 -4 -4 -3  2  0 -1    2   2   0   0   2   1   0   1   1  13  13   2   1  48   1   1   2   2   2   3  1.34 0.70
  293 R   -1  3 -1 -3  0  1  1 -2  1 -2 -3  5 -1 -1 -4 -2 -1 -5 -2 -1    5  17   3   1   2   6   7   3   3   2   2  31   2   3   0   3   4   0   2   4  0.54 0.40
  294 L    0  1 -1 -1  0 -1 -1 -2 -1  0  1  2  0 -2  2 -1 -1 -1 -3  1    9   7   2   4   3   2   3   3   1   4  13  14   2   1  12   5   2   1   0  11  0.15 0.16
  295 R    0  3  0 -1  1 -1 -1  0  0 -1 -1  1  0 -1  1  0  1 -4 -1 -1    8  16   5   3   3   2   2   8   2   3   5   8   3   3   6   8   8   0   2   5  0.11 0.14
  296 R    0  2 -1  0 -4  0  2 -2  1 -2 -3  3 -1 -2  1  1 -1  1 -2 -2    9  11   3   4   0   4  11   3   3   2   3  17   2   2   7  11   4   2   2   2  0.24 0.25
  297 S   -1 -1  2  0  0 -1 -1  1  0 -2 -3 -1  0  0 -2  3  2  0  0 -2    5   4   9   6   2   2   4  11   2   3   2   3   2   4   2  21  12   1   3   3  0.20 0.23
  298 K   -1  1  1  1 -4 -1  1  1  0 -2 -3  2 -1 -2  0  1  0  0 -2 -2    3   8   5   6   0   2  11   9   2   3   2  16   2   2   4  13   5   1   2   3  0.19 0.21
  299 E    0  1  1  0 -1 -1  2 -1  1 -2 -3  1 -1 -2 -2  1  3 -1 -4 -2    7   6   6   5   1   2  12   5   4   2   2   9   1   2   2  11  18   1   0   2  0.23 0.23
  300 D   -1  0  0  3  0 -1  0  0  0  0  1  0 -1  0  0  0  0  1 -2 -2    3   6   4  17   2   2   6   6   2   5  13   5   2   3   5   6   6   2   1   3  0.10 0.12
  301 S   -1  0  1 -2  4 -2 -2  0  0  1 -1 -1  2  0 -1  3  0  1 -1  0    3   4   6   1   9   1   2   7   2   7   6   3   5   4   4  21   5   2   2   6  0.21 0.23
  302 I   -2 -3 -2  1 -2 -2  0 -3 -1  2  2  0  0  2 -2  0 -1  0  0 -1    3   1   1   9   1   2   6   2   1  12  24   5   2   9   2   7   4   1   3   4  0.19 0.20
  303 L   -2 -2 -2 -2 -1 -4 -2 -3  0  3  3 -2  3  3 -2 -2 -2  1 -1  0    3   2   2   3   1   0   2   2   2  17  25   2   7  13   2   3   2   2   2   6  0.41 0.30
  304 N   -2 -3  2  6  1 -2 -1  0 -1 -6 -6  2 -3 -2 -3  1 -1  0 -1 -3    3   1   9  37   3   2   3   7   2   0   0  12   1   2   1   9   3   2   2   2  0.73 0.51
  305 V   -3 -4 -3 -4  0 -5 -4 -6 -2  5 -1 -3  3  4 -2 -1 -3  0 -2  3    2   1   1   1   2   0   1   0   1  28   5   2   7  18   2   4   2   1   1  19  0.79 0.48
  306 R   -2  2  0  3  0  0  0  0  1 -3 -4  1 -1 -1 -2  1  1  1 -1 -2    2  13   4  15   2   3   6   7   3   2   0   9   2   3   2  12  10   2   2   3  0.26 0.26
  307 L   -1 -1 -2 -2  0 -2 -3 -3  0 -1  0 -2  0  7 -1 -2 -2  3  1 -1    6   3   2   3   2   2   2   2   2   3  10   3   2  39   3   3   2   3   4   4  0.73 0.46
  308 K   -1  1  0  0  2  0  0 -2  1 -1 -1  2  0  1 -3  0 -1  3 -2 -1    4   9   5   4   5   4   6   3   4   3   6  15   3   7   0   7   4   4   0   4  0.13 0.16
  309 K   -1  1  2  0  1  0  0  0  2 -3 -2  1  0  0  0  0  0  2  0 -2    5  10  12   5   3   3   4   9   5   0   3   9   3   4   4   6   5   3   4   3  0.12 0.15
  310 N    1 -1 -1 -2  2 -3 -3  6 -7 -3 -4 -2  0 -7 -7 -1  0  1 -7 -2   12   4   3   3   4   2   2  45   0   2   3   3   2   0   0   6   6   2   0   3  0.90 0.45
  311 K   -2  0 -1 -2  2 -2  0 -3  0  1 -2  1  0 -2 -3 -2  3  1 -1  3    4   5   3   2   3   2   6   2   3   8   5   8   2   2   2   3  15   2   2  20  0.28 0.18
  312 L   -6 -7 -7 -7  3 -7 -7  1 -7  1  4 -7  4  3  0 -7  0 -7 -6  1    1   0   0   0   5   0   0   9   0   8  39   0   8   9   5   1   5   0   0   8  0.97 0.39
  313 Q   -2  0 -1 -1  1  0  3 -1  1 -1 -3  0  1 -1 -1  1  0  2  1 -2    3   6   4   3   3   4  21   5   4   3   3   6   3   3   4  11   5   3   5   3  0.24 0.16
  314 I   -4 -1 -2 -5 -4 -2 -5 -5 -5  5  3 -4  4  0 -5 -2 -2 -5 -4  1    0   4   2   0   0   2   0   0   0  32  26   0  12   4   0   4   2   0   0   7  0.78 0.45
  315 P    0 -2 -5 -5 -6 -2 -3 -3 -1 -5 -3 -3  2  0  7 -2 -2 -6 -2 -3    8   2   0   0   0   2   2   2   1   0   2   2   4   4  61   3   3   0   2   2  1.57 0.77
  316 Q   -1  1  0 -1  2  2 -1 -2  1  0 -2  0 -1 -2  3  0  1  4 -1 -1    5  10   4   3   5   9   2   2   3   5   3   7   1   2  14   5   8   6   1   4  0.22 0.19
  317 L   -2 -7 -7 -7 -7  0 -2 -2  1  3  3 -1  2  3 -7 -6 -1  3  0  1    4   0   0   0   0   4   4   4   4  14  29   4   4  10   0   0   4   4   4   8  0.61 0.31
  318 R   -1  0  0  0  2  0  0 -1  2  0 -1  0  2  1  0 -1  0  4  1 -1    5   5   5   5   5   5   5   5   5   5   5   5   5   5   5   5   5   5   5   5  0.09 0.08
  319 F   -2 -5 -6 -6  1 -5 -5 -6  0  4  2 -1  1  1 -1 -2 -4 -5  0  4    4   0   0   0   3   0   0   0   3  25  18   4   3   7   3   3   0   0   3  23  0.70 0.39
  320 D   -3 -1  2  5  2  0  0 -1  3 -2 -3 -2  0 -1 -2 -1 -1  2  0 -2    3   3   9  28   3   4   6   5   6   3   3   3   3   3   3   4   4   2   3   3  0.49 0.34
  321 G    0  0  0  0  2  0  0 -1  1  0 -1  0  1  0  0  0  0 -2  1  0    5   5   5   5   5   5   5   5   5   5   5   5   5   5   5   5   5   0   5   5  0.03 0.05
  322 F    0 -1  2  0 -1 -1  1 -1  1 -2 -1 -1 -1  1 -3  1  1  0  2 -1    7   4  10   4   2   2   8   6   3   2   6   2   1   7   1  11  10   1   8   4  0.12 0.14
  323 I   -1  0 -1 -2 -1 -4 -3 -2 -2 -2 -2 -1  1  0 -5  1  6 -5 -5 -1    4   5   3   3   1   0   1   3   1   2   4   3   3   4   0  10  46   0   0   4  0.76 0.49
  324 S    2 -1 -1 -1 -1 -2  4 -1 -1 -1 -3  1 -2 -3 -2 -1  0  2  0 -1   16   3   2   2   1   1  32   4   1   3   2   8   1   1   1   4   5   2   3   5  0.39 0.31
  325 S    0  2 -1 -1  3 -1 -2 -2 -1  0 -2 -1 -1 -2  0  2  1 -1  1  1    9  11   3   4   6   1   1   2   2   6   4   2   1   1   5  16   8   1   5  11  0.15 0.17
  326 F   -2 -1 -1 -4 -1 -1 -2 -5 -2  1  3  0  1  3 -4 -2  0  3 -1  1    2   3   3   0   1   2   3   0   1   9  29   7   4  12   0   2   7   4   1   9  0.34 0.24
  327 F   -5 -5 -6 -6 -5 -5 -6 -6  0  0  4 -6  2  6 -6 -3 -3  2  0 -1    1   0   0   0   0   0   0   0   3   4  43   0   5  28   0   2   2   3   3   4  1.18 0.56
  328 L   -1  6 -3 -5 -1 -1 -2 -3  1 -1  2  0  1 -1 -3 -3 -1 -1 -2  0    5  39   1   0   1   3   2   2   3   3  17   4   3   2   2   2   4   1   1   6  0.62 0.39
  329 N    0 -1  1  1 -2 -1  1 -2 -1  0 -2 -1 -1 -1  2  1  1 -2  2 -1   11   1  10  11   0   0  11   1   0  11   1   1   0   0  11  11  11   0  10   1  0.16 0.09
  330 C   -1 -2 -3 -3  1  0 -2 -1 -3  2  3 -2  3  1 -3 -1 -1 -2 -2  0    3   0   0   0   3   6   1   6   0  12  37   0  11   6   0   3   4   0   0   5  0.24 0.18
  331 V    0 -2  0 -3 -2  0 -2 -1  1  3  1  0  4  0 -3 -2  0 -3 -2  1    6   0   4   0   0   4   1   5   4  24   8   6  18   4   0   1   4   0   0   7  0.17 0.18
  332 A    3 -2 -2 -2 -2  0 -1  1 -2  0 -1 -2  1  0  0  0  0 -3 -2  0   41   0   0   0   0   4   4   9   0   8   5   0   4   4   4   4   4   0   0   5  0.22 0.20
  333 F   -5 -5 -5 -2 -2 -5 -3 -6 -1 -1  2 -5  0  6 -6 -4 -5  3  6 -2    0   0   0   3   1   0   2   0   1   3  20   0   2  29   0   2   0   3  28   2  1.23 0.55
  334 E   -5 -5 -2  0 -7 -3  7 -3 -5 -7 -3 -1 -6 -7 -6 -5 -5  1 -6 -6    0   0   2   4   0   0  79   2   0   0   4   4   0   0   0   0   0   2   0   0  2.04 0.89
  335 Q    0  0 -2 -3 -5  6 -1 -5  3 -1 -1 -1  2 -3 -3  0 -2 -1 -3 -1    8   4   1   1   0  42   4   1   6   3   5   2   6   1   1   7   2   1   1   4  0.80 0.47
  336 F   -2 -1 -3 -4  8 -1 -5 -3  1  1  1 -3  1  2 -5  1 -1 -5 -2 -3    3   4   1   1  32   4   0   2   3   6  11   1   4  10   0  11   4   0   1   1  0.87 0.43
  337 Y   -1 -1  1 -1  2  0 -1 -2  6 -2 -2 -1  1 -1  0  0 -1  2  2 -2    6   4   7   4   4   5   4   3  19   3   4   4   3   3   5   6   4   2   7   3  0.44 0.31
  338 T   -1  0  0  0  2  0  0 -1  2  0 -1  0  2  1  0 -1  0  4  1 -1    5   5   5   5   5   5   5   5   5   5   5   5   5   5   5   5   5   5   5   5  0.09 0.08
  339 D   -1  0  0  0  2  0 -1 -1  2  0 -1  0  2  0  0 -1  0  3  1 -1    5   5   5   5   5   5   5   5   5   5   5   5   5   5   5   5   5   5   5   5  0.03 0.09
  340 S   -1  1  0  1  2 -1  0  0  2 -1 -2 -1  0 -1 -1  0  1  2  0 -1    5   7   5   9   5   3   7   9   4   3   5   4   2   3   4   6   9   3   4   4  0.09 0.09
  341 S   -2  0  1  1  0  1  2  2  1 -2 -4  0  0 -2  1  1  0  1  0 -3    4   5   6   7   2   6  12  14   4   2   2   5   2   2   7   9   5   2   3   2  0.18 0.19
  342 N   -1 -1  3  1  2  1 -3 -2  2 -4  0  1 -1 -2  0  1 -1 -1  1 -3    5   4  14   7   4   6   2   4   5   1  10   9   2   2   6  10   4   1   4   2  0.24 0.20
  343 E   -3  1 -1  1  0 -1  0 -4  3 -1 -4  0 -7  3 -2 -4 -3  1  6  0    3   6   3   8   2   3   6   2   7   3   2   5   0   9   3   1   2   2  24   6  0.66 0.39
  344 I   -1 -3 -3 -3  2 -3 -1 -3 -3  3  1 -3  2  1  0 -1  0 -3  1  2    5   0   0   0   5   0   4   0   0  19  13   0   5   7   4   4   7   0   4  19  0.23 0.19
  345 T    0  0  0 -2  2 -2 -2  0 -2  0  0  0  1  1 -3  0  0  4  1  0    7   7   7   0   6   0   0   7   0   7   7   7   6   6   0   7   7   6   6   7  0.09 0.13
  346 T    0  0  1  3  1  0 -1 -1  1 -4 -2  0  0 -4 -1  2 -1  3  0 -2    7   5   8  19   3   3   3   3   4   0   3   4   3   0   3  18   3   4   3   3  0.24 0.24
  347 Y   -2 -5 -5 -6  0 -5 -2 -6  2 -5 -2 -1 -4  2 -6 -2 -5 -2  9 -5    4   0   0   0   2   0   3   0   4   0   4   4   0   8   0   3   0   0  65   0  1.91 0.82
  348 I    0 -2  0 -4  1 -3 -4 -2 -1  3  1 -3  1  1 -2 -2  0 -4 -2  3   10   2   5   0   3   0   0   2   2  18  13   0   4   7   2   2   4   0   0  25  0.32 0.25
  349 V    1  0 -1 -1  1 -1  0 -2 -1  1  0  0  1  1 -2  0  0  0  0  1   11   4   2   2   3   1   7   2   2  12  10   4   4   7   0   6   7   1   3  10  0.04 0.08
  350 F   -3 -1 -5 -5  0 -4 -5 -5 -1  2  3 -4  1  6 -3 -4 -2 -3 -2  0    2   5   0   0   2   0   0   0   2  13  27   0   4  35   2   0   3   0   0   4  0.83 0.42
  351 M   -4 -5 -3 -6 -4 -4 -5 -5 -5  1  3 -5  8  1 -5 -5 -4  0 -4  1    1   0   2   0   0   0   0   1   0   6  29   0  44   6   0   1   0   1   0   7  1.45 0.61
  352 G    1 -2  3  5 -2 -1  0  0 -1 -4 -5  0 -3 -5 -4  2 -2 -5 -2 -4   10   1  12  35   1   2   4   7   1   1   0   6   1   0   0  15   1   0   2   1  0.63 0.36
  353 C   -1 -1  2 -1  3  2 -1  0  2 -2 -1  0  2  1 -3  1 -1  0 -1 -2    5   3  10   3   7  12   2   9   5   2   6   5   8   6   0  11   2   2   2   1  0.17 0.18
  354 L   -4 -5 -6 -6 -4 -5 -5 -3 -5  2  5 -5  3  2 -5 -5 -2 -4 -4  0    0   0   0   0   0   0   0   3   0   8  61   0   7   7   0   0   3   0   0   7  1.11 0.50
  355 L    1 -4 -2 -5 -4 -4 -5 -5 -5  5  0 -2  3 -1 -5 -4 -1 -5 -4  3   13   0   3   0   0   0   0   0   0  37   6   3   6   2   0   0   3   0   0  23  0.80 0.40
  356 N   -1  0  3  3  2  0 -1 -1  1 -1 -2 -1  0 -3  0  1  0 -4  0 -1    4   6  14  20   5   3   3   5   3   3   3   4   3   0   4  10   4   0   3   4  0.22 0.22
  357 N   -1  0  0  1  3  0 -1 -1  1 -1 -2  0  0 -3 -3  2  3 -4  0 -1    5   6   5   7   7   3   3   4   4   3   3   4   3   0   0  18  18   0   3   3  0.21 0.24
  358 E    1 -1  0  1 -2  0  2 -2  1 -3 -4  1 -3 -3  4  0  0 -1 -2 -1   14   3   3   9   1   3  13   3   4   1   0   8   0   1  18   8   4   1   1   5  0.31 0.22
  359 E   -1  2 -1  1 -2  1  4 -2  1 -3 -3  3 -1 -5 -4 -1 -2 -5 -4 -3    5   9   2   7   1   7  31   2   3   1   2  22   2   0   0   3   2   0   0   1  0.59 0.37
  360 D   -5 -5  0  8 -7 -4 -1 -2  1 -6 -7 -5 -6 -7 -5 -4 -5 -7 -6 -6    0   0   3  81   0   0   3   3   3   0   0   0   0   0   0   0   0   0   0   0  2.22 0.90
  361 V    1 -2 -5 -5 -4 -4 -5 -5 -5  0 -2 -5  1 -1 -5 -2 -1 -5  1  6   12   2   0   0   0   0   0   1   0   4   3   0   3   2   0   3   3   0   4  62  1.11 0.54
  362 T    1  0  0  2 -2  2  3 -1  3 -3 -3  2 -2 -4 -2 -1 -1 -4 -2 -3   11   5   3   9   1   7  25   5   7   1   1  11   1   0   1   4   4   0   1   1  0.34 0.26
  363 F    0  0  0  0  2  1  0 -3  2  0  0  0  1  1  1 -1  0 -2  1  0    6   6   6   6   6   6   6   0   6   6   6   6   6   6   6   0   6   0   6   6  0.06 0.11
  364 L   -5 -5 -6 -6 -5 -5 -6 -6 -6  0  6 -6  2  1 -6 -6 -5 -5 -4 -1    0   0   0   0   0   0   0   0   0   4  80   0   4   4   0   0   0   0   0   4  1.64 0.72
  365 R   -1  4 -2 -2  1  0 -2 -3  3  0 -2 -1 -1 -2 -3 -1 -1  0 -1  2    6  30   2   2   3   4   2   2   8   5   2   3   2   1   1   3   4   1   2  17  0.38 0.28
  366 N    0  2  0  0  0  1  1 -2  0 -3 -2  1 -2 -3 -1  2  0  0  0 -1    7  11   4   4   2   6  11   2   2   1   4  11   0   0   2  15   6   1   4   6  0.16 0.15
  367 D    0  1  1  1  2  0  1 -2  1 -2 -2  3  1 -2 -3  1 -2 -4  0 -2    6   7   8   8   5   2   9   3   4   2   2  23   5   1   0   9   0   0   4   2  0.24 0.22
  368 K   -2  2 -1 -1 -1 -1 -1  4  3 -4 -4  3 -4 -5 -4 -1 -2 -1 -4 -4    1  12   3   2   1   2   4  34   8   1   1  20   0   0   0   5   1   1   0   1  0.64 0.40
  369 L   -1 -2  0 -1 -2 -1 -1  2 -1  3  0 -2  0 -1 -2  0 -1  0  0  2    3   2   5   2   0   2   5  18   1  21   7   1   2   2   1   6   1   1   3  14  0.16 0.13
  370 I   -4 -5 -5 -5 -4 -5 -5 -1 -5  7  1 -5  0  0 -5 -5 -4 -5 -4  2    1   0   0   0   0   0   0   5   0  58  13   0   2   3   0   1   0   0   0  14  1.25 0.54
  371 I   -2 -3 -2 -2 -2  0 -2 -4 -2  4  2 -3  1  0 -4 -2 -2 -4 -1  3    3   1   1   2   1   5   3   1   1  25  21   1   3   3   0   3   2   0   1  23  0.45 0.28
  372 E   -1 -1  0  1 -2  2  3  0  2 -2 -2  0 -1 -1 -2  0  0 -3 -1 -1    4   3   4   9   1   9  20   7   7   2   4   4   2   3   2   7   4   0   2   6  0.17 0.15
  373 N   -3 -1  6  0 -1 -1 -2  0  6 -3 -4 -3 -5 -5 -4  0 -1 -6 -2 -1    1   3  44   4   1   3   2   7  18   1   1   1   0   0   1   5   3   0   1   4  1.03 0.55
  374 H   -2 -1 -1 -1  3 -2 -2  0  3 -1  0 -2  2  2 -4  0 -1  7  2 -3    4   3   3   4   5   2   3   7   7   4   9   2   5   6   1   6   5  14   6   2  0.48 0.30
  375 F   -3 -2 -3 -3 -2 -3 -2 -1  0  1  4 -1  3  3 -2 -1 -2  0 -2 -2    3   2   2   2   1   2   3   5   2   7  36   4   7  10   2   4   3   1   1   3  0.51 0.30
  376 G   -2 -1 -1 -1  0 -3 -3  5  1 -3 -1  0  3 -2 -2 -1 -3  0 -3 -3    4   4   3   4   2   2   2  39   3   2   7   7   6   2   3   5   2   1   1   3  0.62 0.38
  377 S   -2 -1  2  3 -1 -3 -3  0  0 -3 -8 -4 -8 -3 -3  5  1  0 -3 -4    3   3   9  17   1   1   2   7   2   2   0   1   0   1   2  34   9   1   1   2  0.80 0.55
  378 N   -4 -2  4  6 -9 -1  0 -3  3 -9 -5 -2 -8 -9 -1 -1 -3  2 -1 -3    2   2  15  40   0   3   6   3   7   0   2   3   0   0   4   5   2   2   2   2  1.12 0.65
  379 N    0 -1  0  2 -8  2  5 -1 -1 -4 -4  3 -1 -8 -2 -1 -3 -8 -3 -2    7   3   4   9   0   7  28   6   1   1   2  15   1   0   2   5   2   0   1   3  0.59 0.42
  380 E    2 -3 -2  3 -2  0  5 -3 -1 -4 -3 -1  1 -4 -4 -1 -2 -6 -1 -3   14   2   2  17   1   4  35   2   1   1   2   3   3   1   1   4   2   0   2   2  0.72 0.49
  381 V    1 -7 -7 -7  0 -7 -7 -2 -7  1  1 -7  0 -2 -3 -6  1 -7 -1  6   13   0   0   0   2   0   0   3   0   6  12   0   2   2   1   0   7   0   2  47  1.07 0.62
  382 S    4 -2 -5 -4  1 -3 -3 -3 -5 -2  0 -2  0 -1 -3  2  0 -1 -2  1   37   2   0   1   2   1   2   2   0   1  11   2   2   3   1  17   5   1   2   9  0.55 0.44
  383 E    0  1  2  2 -2  2  2 -2  0 -2 -3  2 -2 -5 -4  0  1 -2 -3 -1    7   6  10  13   1   9  11   3   2   2   2  14   1   0   0   6   9   1   1   4  0.29 0.25
  384 F   -5 -4 -5 -4  0 -1 -4 -3 -1 -1  4 -3  5  5 -3 -4 -4 -4  0 -2    0   1   0   1   2   3   1   3   1   3  38   2  12  24   2   1   1   0   3   2  0.92 0.52
  385 F   -6 -7 -7 -8 -1 -7 -7 -7 -6  2  0 -7  0  8 -7 -7 -4  3  0  0    0   0   0   0   1   0   0   0   0  11   9   0   2  62   0   0   1   4   2   6  1.98 0.89
  386 K    0  1  6 -2 -1 -2 -1 -3  1 -4 -5  2 -1 -6 -5  0  0 -6 -2 -5    8   9  42   2   1   2   3   2   3   1   1  10   2   0   0   7   5   0   1   1  0.92 0.58
  387 T   -2  2  3  2 -3 -1 -1  2  1 -3 -4  2 -1 -5 -4  2  0 -5 -3 -3    2  11  15  10   1   2   4  15   3   2   1  12   1   0   0  14   6   0   1   1  0.41 0.33
  388 I   -4 -2 -7 -7 -5 -6 -6 -7 -6  3  5 -6  4 -2 -6 -4 -3 -6 -5  0    1   2   0   0   0   0   0   0   0  16  60   0  10   2   0   1   1   0   0   5  1.34 0.67
  389 S    1 -2 -1 -2  7 -2 -3  2 -2 -3 -1 -3 -1 -2 -5  2  0 -2  0 -1   11   2   3   2  24   2   1  15   1   1   5   1   1   2   0  14   5   0   4   5  0.61 0.39
  390 K   -1  2  1  2 -3  1  1 -3 -2 -1 -2  4 -4 -2 -3  0 -1 -5 -2 -2    4  10   7  10   1   6   7   2   1   3   4  31   0   2   1   6   3   0   1   2  0.43 0.32
  391 D   -3 -3  3  3  0  1  2  3  3 -4 -3 -2 -3 -3 -4  0 -3 -2  0 -4    2   1  12  16   2   7  13  21   6   1   2   1   1   1   1   7   1   1   4   1  0.49 0.36
  392 V    0 -4  0 -2  0 -3 -4 -2 -3  3  1 -3  0 -3 -3 -1  1 -5 -3  4    7   0   5   2   2   1   1   3   1  18  10   1   2   1   1   4   8   0   1  32  0.51 0.34
  393 V    0  0 -2 -1 -2  0 -1 -2  2  1 -1 -1  0 -1  0  0  1 -3 -1  3    9   6   1   4   1   4   4   3   5   6   6   2   2   2   5   5   9   0   2  23  0.13 0.15
  394 F   -2 -1 -2 -1 -1 -2 -2 -1  1  1  2 -2  3  3  0 -2  0  0  0  0    3   3   1   4   1   1   2   5   3   6  20   2   8  16   4   3   5   1   3   7  0.19 0.16
  395 E   -1  0  2  4  0 -2  0  0 -1 -2 -3  0 -3 -2  1  2 -1 -2 -1 -3    4   6   9  21   2   1   6   7   1   2   2   6   0   2   6  17   3   1   2   2  0.30 0.23
  396 V   -1  0  0 -1 -1 -1 -1 -2  0  1  0 -1  0  0  3  0  0 -1  1  1    5   4   4   3   1   2   4   3   2   9   9   3   2   3  13   6   6   1   5  14  0.11 0.11
  397 D   -2  1  3  4 -2  0  1  1  0 -2 -2  1 -1 -2 -3  0  0 -5 -1 -2    2   6  13  20   1   4   7   9   2   2   3   9   2   2   1   6   5   0   2   3  0.29 0.24
  398 T   -2  1  2  3 -1 -1  0  0  1 -3 -4  0 -4 -2  0  2  0 -3 -1  0    2   7  11  17   2   2   6   7   3   1   1   6   0   2   5  13   5   0   3   6  0.24 0.23
  399 S   -3 -2  3 -1  3 -2 -2 -3  3 -4 -4 -4 -3  5  1  3 -1 -5  1 -4    2   2  13   3   5   2   2   2   7   1   1   1   1  20   6  24   3   0   5   1  0.67 0.47
  400 Y   -1 -1 -3 -3  4 -1 -2 -4  2 -1 -1 -4 -3  1 -3 -2 -3 -4  8 -3    6   4   1   2   8   3   3   1   5   3   6   1   1   4   2   3   2   0  44   2  1.16 0.64
  401 L   -6 -6 -7 -7 -3 -6 -7 -6 -3 -1  4 -5 -1  5 -7 -6 -5 -4  7 -2    0   0   0   0   1   0   0   1   1   3  35   1   2  20   0   0   1   0  31   2  1.57 0.77
  402 N    1  1  0  2  0 -2 -1  1  1 -2 -2  0 -3 -1 -3  2  0  1  0 -1   13   7   4  13   2   1   2   9   4   2   3   7   1   3   1  16   4   2   3   4  0.17 0.18
  403 N   -1  1  0  3 -1  0  2  1 -1 -1 -4  2 -3 -4  0  0  0 -5 -4 -3    6   6   4  16   1   4  11  12   2   5   1  13   1   1   5   6   5   0   0   2  0.26 0.23
  404 V   -2 -6 -7 -7 -5 -3 -3 -7 -4  3  4 -4  4 -4 -6 -5 -1 -6 -4  4    3   0   0   0   0   2   2   0   0  16  32   1   9   0   0   1   5   0   0  29  1.03 0.56
  405 F   -1  0 -4 -4  6 -1 -4 -4  0  2 -1 -1  2  3 -5  0 -2  3  1  1    4   5   1   1  17   2   1   1   2  11   6   4   5  12   0   9   2   4   4   9  0.52 0.34
  406 K   -1  2  0  2 -3  1  4 -2  0 -3 -4  2 -2 -5 -4 -1 -2 -1 -1 -1    5  11   4  11   1   7  25   3   2   2   1  13   1   0   0   3   2   1   2   5  0.47 0.36
  407 G    0  0  0  4 -3  2  3 -1 -2 -3 -4  2  0 -5 -5 -1 -4 -6 -6 -4    7   5   5  26   1   9  16   5   1   2   1  14   2   1   0   4   1   0   0   1  0.61 0.43
  408 V   -3 -6 -7 -6 -6 -5 -4 -7 -5  3  4 -7  2 -4 -7 -7 -4 -7 -4  5    2   0   0   0   0   0   1   0   0  15  35   0   4   1   0   0   1   0   1  37  1.29 0.67
  409 N   -3  0  7  2 -4  0  3 -5  0 -4 -6 -1 -5 -8 -7 -3 -4 -3 -5 -2    3   5  47   9   0   3  16   1   2   1   1   3   0   0   0   2   1   0   0   3  1.30 0.74
  410 E    2  2  0  1 -1 -1  3 -2  1 -4 -4  3 -1 -4 -5 -1 -2 -3 -1 -3   18  10   4   8   2   2  16   2   3   1   2  20   1   0   0   4   2   0   2   2  0.42 0.35
  411 Y   -7  1 -4 -6  1 -4 -6 -8  7 -6 -5 -4 -5  2 -8 -5 -7 -2  8 -7    0   6   1   1   3   1   0   0  25   0   1   1   0   8   0   1   0   0  49   0  2.29 1.07
  412 T   -4  1 -5 -6  8 -2 -7 -7  3 -5 -5  0 -3  0 -6 -1 -2 -2  7 -3    1   8   1   0  25   2   0   0   6   0   1   5   1   3   0   5   2   0  35   2  1.59 0.82
  413 K   -4  4  2  1 -2  3  1  0  0 -5 -4  3 -3 -4 -5  1 -1 -4 -3 -4    1  20   9   8   1  12   9   6   3   1   2  15   0   1   0   9   3   0   1   1  0.53 0.40
  414 K   -2  3  4 -1 -2 -1 -3 -1  1 -5 -5  3  0 -6 -4  3 -1 -4 -2 -3    3  15  16   3   1   3   1   4   3   1   1  15   2   0   0  25   4   0   1   2  0.61 0.46
  415 W   -4  5 -2 -4  0 -2 -5 -3 -1 -3 -4  1 -2 -1  3  1 -1  5 -2 -4    1  33   2   1   2   2   0   3   1   2   2   9   1   3  16  10   4   6   2   1  0.81 0.54
  416 Y   -2  1 -5 -8  1 -5 -7 -3 -4 -3 -1 -4 -1  0 -1 -4 -2 11  2  0    4   8   1   0   3   0   0   2   1   1   7   1   2   3   4   2   3  45   6   6  1.82 0.89
  417 N   -2  2  5 -4 -3 -1 -3 -4  6 -2 -3  2 -2 -1 -1  0 -3  0  0 -4    4  12  26   0   1   2   1   1  16   3   3  11   1   3   4   6   1   1   3   1  0.71 0.47
  418 G   -3  5  0 -5 -6 -2 -2 -4 -1  0 -2  4 -1 -4 -5 -2  0  2 -4  1    2  33   4   0   0   1   2   1   2   5   3  20   2   1   0   3   6   3   0  11  0.74 0.50
  419 L   -3  1 -1 -5 -1 -2 -6 -7  2 -1 -1  1  0 -1 -6 -2 -2 10  2 -2    3   6   4   1   1   2   0   0   4   4   6   8   2   3   0   4   2  40   6   3  1.54 0.80
  420 W   -2  3 -4 -6  1 -2 -4 -4 -5  2 -1  4  4  0 -4 -3 -2  6 -2  0    3  15   1   0   3   2   0   1   0  11   6  21  10   3   1   2   2  11   1   7  0.67 0.46
  421 A    5 -1 -4 -5 -2 -3 -1  0  2 -3 -3  0 -5 -6 -5 -1  0 -2 -1 -2   51   4   1   0   1   1   5   8   5   1   2   6   0   0   0   4   5   1   3   3  0.80 0.56
  422 G   -1  1  1 -1 -4  0  0 -1 -1  0 -2  1 -1  0 -4  0  2  4  1 -1    6   7   9   2   0   5   5   5   1   7   4  10   2   4   0   7  12   6   5   3  0.16 0.19
  423 F   -3 -6 -7 -7 -1 -5 -7 -3 -4 -2  5 -5  2  6 -6 -5 -5  1 -2 -2    2   0   0   0   1   0   0   3   0   2  51   1   4  27   0   1   0   2   1   3  1.30 0.69
  424 R   -3  4 -3 -5  0 -2 -3 -3 -2  1  0  4  2  0 -4 -3 -2  1  1  1    1  22   1   0   2   1   1   2   1   9   7  22   6   4   0   2   2   2   6  10  0.52 0.39
  425 H   -5  5  0 -3 -2  2 -2 -5  7 -5 -1  1 -2 -3 -5 -1 -4 -3  3 -6    1  27   4   2   1  10   3   0  21   0   6   8   1   1   1   4   1   0  10   0  0.96 0.58
  426 T   -3  1  4  3 -5 -1 -1 -4  1 -4 -4  3 -5 -6 -4 -2  3 -6 -4  0    2   6  17  16   0   2   4   1   4   1   1  17   0   0   1   2  18   0   0   7  0.60 0.45
  427 H   -7 -3  1 -5 -1 -4 -7 -7  6 -7 -7 -4 -6  1 -5 -4 -7 -4  9 -6    0   2   6   1   2   1   0   0  15   0   0   1   0   4   1   1   0   0  65   1  2.50 1.15
  428 F   -4 -3 -5 -7  4 -5 -7 -5 -3 -1  1 -3 -1  8 -7 -6 -4  1 -1  0    1   2   1   0   7   0   0   1   1   3  11   2   2  57   0   0   1   2   1   8  1.67 0.79
  429 E   -2  3  3 -1 -2 -2 -2 -1 -1 -4 -3  2 -4  0  0  3 -1 -5 -1 -5    3  18  13   3   1   1   1   5   1   1   2  13   0   4   5  21   3   0   2   0  0.46 0.38
  430 S   -3 -2  6  0 -4 -3 -4 -1 -3 -3 -5 -3 -5 -4 -4  3  4 -2 -5 -4    2   2  34   5   0   1   1   4   1   2   1   1   0   1   1  21  22   1   0   1  1.03 0.65
  431 P   -4 -5 -4 -6 -7 -6 -5 -6 -7  2 -2 -5 -3 -4  8  1 -3 -1 -5 -1    2   1   1   0   0   0   1   1   0  10   5   1   1   1  62   9   1   1   0   4  1.76 0.93
  432 W   -2 -3 -8 -8  0 -5 -8 -8 -7 -4 -1 -6 -2 -1 -8 -4 -7 12 -2  0    3   2   0   0   2   1   0   0   0   1   6   1   1   2   0   2   0  71   1   6  3.39 1.41
  433 T    2  1 -2 -3 -4  1 -3 -4 -3 -1 -1  1 -2 -5 -2  1  3 -5 -3  1   20   6   1   1   0   7   1   1   1   3   7  10   1   0   2  11  19   0   1  10  0.34 0.34
  434 F    1 -4 -4 -4 -1 -3 -5  1 -5  3  0 -4  1  4 -4 -1  1  0 -1  2   11   1   0   1   1   1   0  10   0  18   8   1   3  16   1   4   8   1   1  15  0.41 0.31
  435 L    0 -4 -6 -6 -5 -5 -6 -5 -6  5  3 -4  1  2 -6 -2  1 -2 -4  2    7   1   0   0   0   0   0   0   0  29  23   1   4   7   0   4   9   1   0  15  0.75 0.45
  436 S    3 -4 -2 -5 -2 -5 -4  1 -5 -4 -5 -4 -5 -3 -4  5  1 -7 -6 -3   23   1   2   0   1   0   1  10   0   1   1   1   0   1   0  48   9   0   0   2  1.08 0.70
  437 S    0 -5 -3 -4 -1 -4 -3 -4 -5  1  3 -4  0  4 -5 -1  2  0 -3  2    6   0   1   1   1   0   1   1   0   7  23   1   1  20   0   6  12   1   0  16  0.54 0.38
  438 C    0 -6 -6 -6 -1 -5 -6 -4 -4  4  2 -5  1  2 -6 -2 -1 -5 -2  4    9   0   0   0   1   0   0   1   1  19  21   0   3  10   0   2   4   0   1  28  0.74 0.45
  439 A    6 -6 -5 -6 -3 -5 -6  1 -6 -1 -3 -5 -2 -3 -5 -1 -1 -7 -5  2   59   0   0   0   0   0   0  11   0   3   3   0   1   1   0   4   3   0   0  12  1.16 0.69
  440 V    6 -5 -6 -6 -5 -6 -6  1 -7 -4 -6 -6 -2 -3 -6 -1 -1 -7 -6  1   67   0   0   0   0   0   0  12   0   1   0   0   1   1   0   5   4   0   0   9  1.47 0.83
  441 L    2 -6 -5 -6 -1 -5 -6 -4 -6  4  2 -5  0  2 -3 -3  0 -5 -4  3   15   0   0   0   1   0   0   1   0  22  19   0   2   8   1   2   5   0   0  23  0.69 0.43
  442 F    0 -6 -5 -7 -1 -6 -6 -5 -6  4  2 -6  1  3 -6 -3 -2 -2 -4  3    9   0   0   0   1   0   0   0   0  25  19   0   3  14   0   2   3   0   0  23  0.83 0.48
  443 V    0 -6 -6 -6 -5 -6 -6  1 -5  2  5 -5 -1  0 -5 -3 -1 -6 -5  1    8   0   0   0   0   0   0  12   0  10  49   0   1   3   0   2   3   0   0  10  0.82 0.50
  444 I   -2 -6 -7 -7 -5 -6 -6 -7 -6  3  5 -6 -1  3 -5 -3 -2 -5 -4  0    4   0   0   0   0   0   0   0   0  13  59   0   1  11   0   3   2   0   0   7  1.21 0.62
  445 L    1 -5 -4 -6 -1 -5 -6 -2 -5  4  3 -5  0  3 -6 -3 -2 -3 -2  3   12   0   1   0   1   0   0   3   0  19  24   0   1  12   0   1   1   0   1  22  0.69 0.41
  446 L   -2 -5 -6 -6  4 -4 -6 -1 -4  0  5 -2  2  3 -4 -2 -4 -5 -3 -1    4   0   0   0   8   0   0   5   0   3  51   3   4  10   1   4   1   0   0   4  0.85 0.50
  447 T    0 -6 -4 -2 -6 -2 -3 -3 -6 -4 -4 -5  0 -4 -6  1  7 -7 -6 -4    9   0   0   2   0   2   1   2   0   1   1   0   3   1   0  11  66   0   0   1  1.58 0.87
  448 M    0 -5 -5 -6 -4 -5 -5 -2 -5  3  3 -5  2  3 -5 -2 -1 -5 -3  3    9   0   0   0   0   0   0   3   0  19  24   0   5  13   0   3   4   0   0  19  0.65 0.40
  449 L   -1 -5 -6 -7 -2 -6 -6 -6 -6  4  4 -6  3  1 -6 -4 -1 -3 -4  3    5   0   0   0   1   0   0   0   0  23  32   0   7   5   0   1   3   0   0  21  0.92 0.50
  450 Q   -6 -3 -2 -6 -8  9 -2 -2 -4 -8 -8 -1 -6 -8 -7 -3 -6 -7 -7 -8    0   1   2   0   0  87   2   3   0   0   0   3   0   0   0   2   0   0   0   0  2.80 1.27
  451 S    3 -5 -5 -6 -5 -5 -5 -6 -6 -4 -5 -5 -3 -5 -6  1  7 -7 -6 -2   23   0   0   0   0   0   0   0   0   1   1   0   1   0   0   8  63   0   0   2  1.67 0.88
  452 T   -2 -6 -6 -7 -5 -6 -6 -4 -5  3 -1 -6 -1  4 -5 -4 -2  3  4  5    4   0   0   0   0   0   0   2   0  15   5   0   1  19   0   1   2   3  11  37  1.00 0.54
  453 V   -3 -5 -5 -7  7 -6 -7 -5 -2 -2 -1 -4 -1  4 -7 -3 -2 -4  7 -2    2   0   0   0  23   0   0   1   1   2   5   1   1  17   0   2   2   0  39   3  1.66 0.77
  454 A    3 -4 -3 -5 -5 -3 -5 -2 -5 -5 -6 -5 -3 -6 -4  5  4 -7 -6 -3   25   1   1   0   0   1   0   2   0   0   0   0   0   0   0  39  28   0   0   2  1.19 0.71
  455 I   -1 -7 -7 -7 -5 -6 -7 -5 -7  5  0 -6  2 -1 -4 -5 -4 -3 -5  5    4   0   0   0   0   0   0   1   0  34   7   0   5   3   1   1   0   0   0  44  1.31 0.64
  456 L   -4 -4 -4 -6 -2 -3 -5 -6  2  2  4  0  1  2 -5 -5 -4 -1  6 -1    1   1   0   0   1   1   0   0   5  11  35   5   3   6   0   0   0   1  25   3  0.88 0.49
  457 S    2 -2 -4 -3 -3  3 -3  1 -2 -6 -6 -3 -5 -6  4  4  0 -6 -6 -5   13   2   0   1   0  14   0   9   1   0   0   1   0   0  20  33   5   0   0   0  0.86 0.56
  458 Y   -1 -4 -6 -6 -5 -5 -6 -6  0 -3 -1 -5 -3  3 -6 -3 -4 -2  8  2    5   1   0   0   0   0   0   0   2   1   6   0   0  12   0   2   1   0  56  14  1.65 0.70
  459 L   -3 -2 -2 -2  2 -1 -4 -5  3  1 -1 -2 -1  5 -4 -2 -3 -2  6  0    2   2   1   2   5   3   0   0   7   7   4   2   1  21   1   2   1   0  33   6  0.85 0.43
  460 N   -3  3  2  0 -4  3 -1 -4  5 -5 -3  4 -3  0  0  0 -2 -5  0 -5    0  13   9   4   0  12   1   0  13   0   2  24   0   4   5   7   2   0   2   0  0.56 0.34
  461 D   -3  1  2  1 -5  3 -2 -4  2 -5 -5  1 -4 -6  6 -1 -3 -6 -4 -5    1   9   9   7   0  16   0   0   4   0   1  10   0   0  38   4   0   0   0   0  1.00 0.47
  462 K   -1  1 -1 -2 -4  2 -1 -3 -3 -4 -3  4 -3  0  4 -1 -2  3 -3 -2    3   8   2   1   0  10   3   1   0   0   2  26   0   5  25   4   1   5   0   2  0.60 0.30
  463 K   -1  1  0 -1 -4  1 -1  1  0 -3 -2  5 -1  0 -1  0 -1 -3 -2 -3    3   3   3   2   0   7   1  12   2   0   2  44   2   6   3   4   3   0   0   1  0.40 0.21
  464 G    0 -1  3  1 -3  1 -1  3  0 -3 -2  0 -1 -3 -2  0 -1 -3 -3 -3    8   2  17  10   0   9   1  30   2   0   3   4   1   0   0   6   3   0   0   1  0.35 0.14
  465 N    0 -1  3  1 -3  0  0  0  3 -3 -2  0 -2 -2 -1  1  0 -3 -2 -2   10   0  22   7   0   4   3   7  10   0   5   7   0   2   2  13   7   0   0   0  0.22 0.10
  466 G    0 -1  1  0 -2 -1 -1  3  0 -2 -2 -1  0 -2 -1  1  0  2  0  0    2   3   8   6   0   0   1  26   3   1   1   3   3   0   2  17   4   3   4  13  0.17 0.08
  467 N   -1 -1  3  1 -3  1  0  0 -1 -1 -2  1 -2 -1  1  0  1 -3  0 -1    4   0  26   5   0   5   7   7   0   3   4   9   0   2   8   6   8   0   4   3  0.18 0.08
  468 A    2 -1 -1 -1  1  0 -1  0  1  0 -1  0 -1 -2 -2  1  0 -3 -2  2   24   0   0   2   4   6   0   6   4   2   3   5   0   0   0  17   5   0   0  21  0.13 0.08
  469 A    3  0 -2 -2  2 -1 -1  0 -2 -2 -1  0  1 -2  2  1 -1 -3  0 -1   40   7   0   0   4   0   0   7   0   0   5   7   5   0   9   8   0   0   4   0  0.23 0.11
  470 P   -2  0  0 -2 -4  0 -2 -3 -3 -2 -3 -2 -3 -4  7  0 -2 -4 -3 -3    0   5   5   0   0   4   0   0   0   4   1   0   0   0  70   8   0   0   0   0  1.48 0.24
  471 P    2 -2 -2 -2 -3  0 -2  1 -3 -3 -3 -2 -3 -4  6  1 -1 -4 -3 -2   19   0   0   0   0   6   0  11   0   0   0   0   0   0  50  12   0   0   0   3  0.97 0.17
  472 P   -2 -3 -3 -3 -4  0 -2 -3 -3 -3 -4 -2 -3 -5  8 -2 -1 -5 -4 -1    0   0   0   0   0   4   0   0   0   0   0   0   0   0  85   0   4   0   0   7  1.96 0.24
  473 L   -1 -2 -3 -3 -2 -2 -3  1 -3  0  2 -2  6 -1  3 -2 -1 -3 -2  0    0   0   0   0   0   0   0  12   0   3  21   0  44   0  16   0   3   0   0   0  0.41 0.10
  474 G    0  0 -1 -1 -3 -1  0  6 -2 -4 -4 -1 -3 -4 -3 -1 -2 -3 -3 -4    0   9   0   0   0   0  11  80   0   0   0   0   0   0   0   0   0   0   0   0  0.88 0.08
  475 L   -2 -3 -4 -4 -2 -3 -3 -4 -2  1  3 -3  1  4 -3 -3 -2 -1  1  0    0   0   0   0   0   0   0   0   0   0  66   0   0  34   0   0   0   0   0   0  0.43 0.02
  476 P   -1 -2 -2 -2 -3 -1 -1 -2 -2 -3 -3 -1 -3 -4  8 -1 -1 -4 -3 -3    0   0   0   0   0   0   0   0   0   0   0   0   0   0 100   0   0   0   0   0  2.05 0.01

                      K         Lambda
Standard Ungapped    0.1365     0.3198
Standard Gapped      0.0397     0.2670
PSI Ungapped         0.1288     0.3108
PSI Gapped           0.0397     0.2670
