
Last position-specific scoring matrix computed, weighted observed percentages rounded down, information per position, and relative weight of gapless real matches to pseudocounts
           A  R  N  D  C  Q  E  G  H  I  L  K  M  F  P  S  T  W  Y  V   A   R   N   D   C   Q   E   G   H   I   L   K   M   F   P   S   T   W   Y   V
    1 M   -3 -3 -4 -5 -3 -2 -4 -4 -3  0  0 -3  9 -2 -4 -3 -2 -3 -3 -1    0   0   0   0   0   0   0   0   0   0   0   0 100   0   0   0   0   0   0   0  1.81 0.31
    2 V   -1 -3 -3 -2 -2 -1  3 -2 -3  1 -1 -2 -1 -2 -3 -2 -1 -4 -2  5    1   0   0   0   0   0  25   4   0   0   2   0   0   0   0   0   2   0   0  66  0.50 0.16
    3 L   -2 -3 -3 -4 -2 -3 -3 -4 -3  2  3 -3  3 -1 -3  0 -1 -3 -2  2    0   0   0   0   0   0   0   0   0  12  48   0  13   0   0   9   0   0   0  18  0.47 0.12
    4 T    1  1  2 -1 -2  0  0 -2 -2 -2 -2  2 -2 -3 -1  1  3 -3 -2 -1   18   8  11   1   0   3   2   1   0   1   1  19   0   0   1   5  25   0   0   5  0.23 0.08
    5 S    0  0 -1 -1 -3  1  0 -2  0 -2 -1  3 -2 -2  3  2  0 -3  0 -2    5   2   1   0   0   4   4   1   1   0   7  25   0   1  19  19   5   0   5   0  0.31 0.08
    6 D   -2  0  0  1 -3  1  3 -2 -1 -1 -3  2 -2 -3  3  0 -1 -3  1 -2    0   4   5   6   0   2  33   2   0   5   0  13   0   0  16   3   2   0   6   1  0.39 0.09
    7 H   -1  0  1 -1  0  0 -1 -2  3 -2 -1  0 -1  1 -1  1  0  0  4 -1    5   4   9   1   2   2   2   1   9   1   5   8   0   3   2  11   6   1  25   2  0.19 0.07
    8 L    0 -1  0 -1 -2 -1 -1 -2 -2  1  0 -1  1  1  1  2  0  0 -1  1    6   2   5   3   0   2   2   0   0  17   6   3   5   7   5  25   2   1   1   8  0.07 0.05
    9 D    0  0  2  3 -2  1  1  0  0 -2 -2  2 -1 -2 -1  1  0 -3 -2 -2    4   3  13  20   0   6   4   7   3   1   3  18   1   1   1   9   4   0   1   3  0.21 0.05
   10 K   -1  0  2  0  0  1  0 -1 -1  1 -1  1 -1  0 -1  0  1 -2 -1 -1    3   1  19   5   3   7   4   1   1  14   2  14   0   4   2   8   8   0   1   2  0.10 0.04
   11 K    0  1  0 -1 -3  2  1 -2 -1 -2 -2  4  0 -2  0  0  0 -3  0 -1    5   4   3   1   0   8   8   1   0   1   2  43   2   0   4   6   4   0   4   3  0.29 0.08
   12 N    1  0  3  1 -2  0  0  0 -1 -3 -2  2 -2 -3 -1  2  1 -3 -2 -2    9   1  22   6   0   2   2   7   0   0   2  15   0   0   1  23   6   0   0   0  0.27 0.07
   13 I   -1 -1 -1 -1 -2 -1 -1 -1 -2  2  1  0  3 -1 -1  0  0 -2 -1  1    3   2   3   2   0   2   4   6   0  19  10  10  15   2   3   6   5   0   1   6  0.05 0.04
   14 R   -1  1 -1  0 -2  0  1  0 -2 -2 -2  2 -1 -3  4  0  0 -3 -2 -1    2   6   1   3   1   1   7   8   0   2   2  21   1   0  28   9   4   0   0   4  0.42 0.07
   15 K   -1  0  0 -1 -2  0  0 -1  0  0 -1  1 -1  0 -1  1  0 -1  4  0    3   3   6   3   0   2   3   3   0   5   5  15   0   2   2  12   7   0  24   7  0.12 0.05
   16 I    0 -1  0  1 -2  1  2  0 -1  0 -1  0 -1 -1 -1  0  0 -1 -1  0    5   1   3   8   0   5  23   7   0  11   6   7   0   3   2   6   2   1   3   7  0.08 0.03
   17 E   -1  0  0  2 -3  1  3 -1 -1 -2 -2  0 -2 -3  3  0 -1 -3 -2 -2    2   4   4  16   0   7  29   5   0   4   1   4   0   1  15   3   2   0   0   3  0.35 0.07
   18 Y    0  0  0 -1 -2  1  0 -2 -1 -1 -1  1 -1  4 -2 -1 -1  2  2 -1    7   6   6   1   0   9   6   2   0   2   3  10   1  30   1   3   2   2   6   2  0.16 0.06
   19 K   -1  1  2  1 -3  2  1 -1 -1 -2 -2  2 -2 -3 -1  0  0 -3 -2 -2    3   6  13  11   0  10   5   3   0   3   2  24   0   0   2   7   7   0   0   2  0.22 0.05
   20 G   -1 -1  2  3 -1  2  1 -1 -1 -2 -2  0 -1 -2  0  1 -1 -3  0 -1    3   2   9  27   2  12   4   3   0   1   3   4   1   1   5  12   1   0   4   5  0.21 0.05
   21 E   -1  0  4  1 -2  1  1 -2 -1  1 -1  1 -1 -2 -1  0  0 -3 -1 -1    1   2  31   6   0   9   6   1   0  17   2  13   0   1   2   2   6   0   1   1  0.21 0.07
   22 D   -1 -1  1  3 -3  1  4 -1  1 -3 -3  0 -2 -3  0  0 -1 -3 -2 -3    2   1   4  21   0   6  40   3   4   0   1   5   0   0   4   6   1   0   1   1  0.47 0.10
   23 S   -1  1  0 -1 -2  0  0 -2 -1 -1 -1  1 -1 -1  1  1  3 -2  2 -1    2   7   4   1   0   4   5   1   0   1   6   9   0   0   8  10  27   0  10   4  0.16 0.06
   24 F   -1 -2 -2 -3 -2 -2 -3 -4 -2  3  2 -3  2  1 -1 -2 -1 -2 -1  2    3   1   2   0   0   0   1   0   0  28  27   0   7   4   3   2   1   0   1  20  0.29 0.08
   25 S   -1  0  0 -1 -1  0  2 -2 -2  1  0  0  3 -1  1 -1 -1 -3 -1  0    2   6   5   2   1   4  21   2   0   9   9   3  19   1   6   2   1   0   1   6  0.12 0.07
   26 N   -1  0  5  1 -3  0  1 -1  0 -3 -3  1 -1 -3 -2  0  0 -1 -2 -3    2   4  51   5   0   3   8   1   1   0   0  11   2   1   0   4   5   1   1   1  0.53 0.13
   27 S    0 -2 -1 -1 -2 -1 -1 -1 -2  0  1 -1  1 -1  4  1  0 -3  0 -1    3   1   1   2   0   1   2   3   0   6  17   1   5   1  28  21   3   0   5   3  0.35 0.08
   28 M    1 -2 -2 -3 -2 -2 -3 -2 -3  3  1 -2  2  0 -2 -1  0 -3  0  2   16   2   1   0   0   1   0   1   0  35   5   0  11   1   1   0   6   0   3  16  0.23 0.09
   29 S    1  0  0  1 -2  2  3  1 -1 -3 -2  1 -2 -3 -1  1  0 -3 -2 -2   12   2   2   8   0   9  30  10   0   0   2   9   0   0   2  11   3   0   1   0  0.28 0.07
   30 K   -1  2  0 -1 -3  1  2 -2 -1 -2 -2  1 -1  2  2  0 -1 -2  0 -2    4  13   3   1   0   4  17   1   0   0   1  10   0  19  10  10   3   0   1   2  0.20 0.06
   31 L   -1 -2 -2 -3 -3 -2 -2 -2 -2  0  1 -2  2 -1  6  0  0 -3 -1 -1    3   0   1   0   0   0   2   1   0   3  19   1  11   3  42   6   4   0   2   3  0.65 0.12
   32 P   -1 -1  1  0 -2  1  1  0  0 -1  1 -1  0 -1  1  0  0  1 -1 -1    3   2  11   2   0   8  12  10   2   1  22   1   0   1   6   9   4   2   1   2  0.08 0.04
   33 L   -1 -1 -1 -1 -1 -1 -1 -1 -2  2  2 -1  1  0 -1 -1  0 -1 -1  2    3   2   2   4   0   2   5   4   1  14  27   2   1   1   2   4   3   1   1  21  0.08 0.04
   34 Q   -1 -1  2  4 -3  1  2 -1 -1 -3 -3  0 -2 -3  0  0  2 -2 -3 -2    2   0  12  28   0   4  18   4   1   1   2   2   1   0   4   1  18   0   0   1  0.36 0.09
   35 G   -1  2  0 -1 -3  4  1  2  0 -3 -3  1 -2 -3 -1  0 -1 -1 -2 -3    3  16   1   1   0  31   5  21   1   0   0   9   0   0   2   4   2   1   0   1  0.39 0.10
   36 G    1  0  0  1 -2  1  1  1 -1  0 -1  0 -1 -2  0  0  2 -3 -2  0   11   4   3   8   0   5  13  10   0   6   4   2   0   1   3   4  21   0   0   5  0.11 0.04
   37 M    0 -2 -1 -2 -1 -1 -2 -1 -2  1  2 -1  1  0 -2  0  2 -2 -1  1    4   1   3   1   0   1   1   4   0   3  33   2   2   5   1   5  23   0   1   9  0.12 0.05
   38 S    0  0  0  0 -2  2  1  0  0 -3 -2  1 -2 -3  2  2  0  0 -2 -2    3   2   4   3   0  13  11   8   2   1   1   8   1   1  10  28   2   1   1   1  0.25 0.06
   39 D    0  0  3  2 -3  0  2  0  0 -2 -2  0 -2 -3 -1  0  0 -3 -2 -2    6   6  24  12   0   2  23   6   1   3   2   5   0   1   2   3   3   0   1   1  0.26 0.05
   40 S   -1 -1  5  0 -3 -1  0  2 -1 -3 -4 -1 -3 -3 -1  2  0 -3 -1 -3    1   0  44   1   0   1   5  17   0   1   0   1   0   0   2  24   0   0   3   0  0.51 0.12
   41 I   -1 -3 -4 -4 -2 -3 -3 -4 -3  3  1 -3  0  2 -3 -3 -1  1  0  4    0   0   0   0   0   0   0   0   0  22   3   0   0   9   0   0   1   2   2  60  0.52 0.13
   42 F   -1 -3 -4 -4 -2 -3 -4 -4 -4  5  1 -3  1  1 -3 -2 -1 -3 -1  3    3   0   0   0   0   0   0   0   0  53   6   0   2   6   0   0   1   0   0  27  0.51 0.12
   43 M   -1 -2 -2 -3 -1 -2 -2 -3 -3  1  3 -2  1  0 -1  1  1 -2 -1  1    1   0   0   0   0   0   0   0   0   7  38   0   3   4   3  17  13   0   0  14  0.21 0.07
   44 A    1 -2 -1 -2 -2 -2 -2  1 -3 -2 -2 -1 -1 -3 -2  1  5 -3 -3 -1   10   0   0   0   0   0   0  11   0   0   0   1   1   0   0   6  70   0   0   1  0.64 0.16
   45 S    0  0  1 -1  1  0 -1 -2 -2 -2 -2  1 -2 -3 -1  2  4 -3 -2 -1    2   5   5   0   3   1   0   0   0   0   0  11   0   0   1  20  50   0   0   2  0.43 0.12
   46 I    0 -3 -3 -3 -2 -2 -3 -3 -3  1  4 -3  1  0 -2  0 -1 -2 -1  2    6   0   0   0   0   0   0   0   0   3  58   0   0   4   2   9   1   0   0  18  0.34 0.09
   47 S   -2 -2  4  6 -4 -1  2 -2 -1 -3 -4 -1 -3 -4 -2  0 -1 -5 -4 -4    0   0  25  60   0   0  10   0   0   1   0   1   0   0   0   2   0   0   0   0  0.93 0.15
   48 D   -1 -1  0  5 -4  2  2 -2 -1 -4 -4  1 -3 -3 -2 -1 -1 -3 -3 -3    3   1   2  59   0  10   8   1   0   0   0  10   0   1   0   2   3   0   0   0  0.70 0.13
   49 F   -1 -3 -4 -4 -2 -3 -3 -4 -3  2  4 -3  1  1 -3 -2 -2 -2 -1  1    5   0   0   0   0   0   0   0   0   7  68   0   1   5   0   3   0   0   0  10  0.47 0.11
   50 S   -1 -2 -2 -2 -2 -2 -2 -3  0  2  1 -1  0  1 -3  1  0 -1  3  1    2   0   0   0   0   0   0   0   3  24  11   3   2   4   0  20   4   0  15  11  0.15 0.06
   51 N   -2 -2  7  1 -4 -1 -1 -1  0 -4 -5 -1 -3 -4 -3  0 -1 -5 -3 -4    3   0  88   2   0   1   1   2   0   0   0   1   0   0   0   3   0   0   0   0  1.22 0.21
   52 W   -4 -4 -5 -6 -4 -4 -5 -4 -4 -4 -3 -5 -3 -1 -5 -4 -4 12  1 -5    0   1   0   0   0   0   0   0   0   0   0   0   0   0   0   0   0  98   1   0  3.55 0.35
   53 S    4 -2 -1 -2 -1 -1 -2  3 -2 -2 -3 -1 -2 -3 -2  2  0 -3 -3 -1   50   0   0   0   0   0   0  21   0   0   0   0   0   0   0  24   2   0   0   2  0.48 0.12
   54 R   -3  7 -2 -3 -5  0 -1 -4 -1 -4 -3  1 -3 -4 -3 -2 -2 -4 -3 -4    0  96   0   0   0   1   1   0   0   0   0   2   0   0   0   0   0   0   0   0  1.42 0.23
   55 L   -1  0 -2 -2 -1  0 -1 -2 -2  0  3  1  1 -1 -2  1  0 -3 -2 -1    2   4   0   0   1   3   0   1   0   1  45  11   2   0   0  22   7   0   1   0  0.18 0.08
   56 S    0 -1  3 -1 -2 -1 -1  2 -1 -4 -4 -1 -2 -3 -2  4  0 -4 -3 -3    0   1  22   0   0   0   0  14   0   0   0   0   0   0   0  60   1   0   0   0  0.59 0.15
   57 S    0 -2 -1 -1 -2 -1 -1 -1 -2 -4 -4 -1 -3 -4 -2  6  1 -4 -3 -3    2   0   0   0   0   0   0   0   0   0   0   0   0   0   0  96   1   0   0   0  0.97 0.22
   58 L   -2 -3 -4 -4 -2 -3 -3 -4 -3  2  4 -3  2  0 -1 -2 -2 -3 -2  1    0   0   0   0   0   0   0   0   0   8  77   0   4   0   2   3   0   0   0   4  0.60 0.13
   59 W   -4 -2 -5 -6 -4 -3 -4 -4 -3 -4 -3 -4 -3  0 -5 -4 -4 12  2 -4    0   3   0   0   0   0   0   0   0   0   0   0   0   2   0   0   0  90   4   0  3.09 0.32
   60 P   -2 -3 -3 -3 -4 -2 -2 -3 -3 -4 -4 -2 -4 -5  8  0 -2 -5 -4 -4    1   0   0   0   0   1   0   1   0   0   0   0   0   0  90   7   0   0   0   0  2.15 0.23
   61 L   -2 -3 -4 -4 -2 -2 -4 -4 -3  1  4 -3  5  0 -4 -3 -2 -2 -2  0    0   0   0   0   0   0   0   0   0   1  65   0  31   1   0   0   0   0   0   2  0.76 0.16
   62 L   -1 -2 -2 -3 -2 -2 -2 -1 -3  0  2 -2  2 -2  0  0  4 -3 -2  0    1   0   0   0   0   0   0   4   0   1  33   0   8   0   4   4  46   0   1   0  0.35 0.12
   63 Y   -3 -3 -4 -4 -3 -3 -4 -4 -1 -2 -1 -4 -1  6 -4 -3 -3  1  6 -2    0   0   0   0   0   0   0   0   0   0   1   0   0  57   0   1   0   0  41   0  1.24 0.19
   64 G    1 -3 -1 -2 -3 -3 -3  6 -3 -5 -4 -2 -4 -4 -3 -1 -2 -4 -4 -4   10   0   0   0   0   0   0  90   0   0   0   0   0   0   0   0   0   0   0   0  1.35 0.18
   65 T   -1 -2 -2 -3 -2 -2 -2 -3 -3  0  3 -2  0 -2 -3 -1  5 -3 -2  0    0   0   0   0   0   0   0   0   0   2  41   0   0   0   0   0  57   0   0   0  0.57 0.15
   66 S    4 -2 -1 -2 -1 -1 -1 -1 -2 -3 -3 -1 -2 -3 -2  4  0 -4 -3 -2   59   0   0   0   0   0   0   0   0   0   0   0   0   0   0  41   0   0   0   0  0.65 0.16
   67 C   -2 -5 -4 -5 11 -5 -5 -4 -5 -3 -3 -5 -3 -4 -4 -2 -2 -4 -4 -2    0   0   0   0 100   0   0   0   0   0   0   0   0   0   0   0   0   0   0   0  2.55 0.30
   68 C   -2 -5 -4 -5 11 -5 -5 -4 -5 -3 -3 -5 -3 -4 -4 -2 -2 -4 -4 -2    0   0   0   0 100   0   0   0   0   0   0   0   0   0   0   0   0   0   0   0  2.55 0.30
   69 F    3 -3 -3 -3 -2 -2 -3  1 -2 -2 -1 -2 -1  5 -3  0 -2 -1  0 -2   44   0   0   0   0   0   0  13   0   0   0   0   0  40   0   3   0   0   0   0  0.50 0.13
   70 I   -2 -4 -4 -4 -2 -4 -4 -5 -4  6  1 -4  1 -1 -4 -3 -2 -4 -2  3    0   0   0   0   0   0   0   0   0  82   1   0   2   0   0   0   0   0   0  16  0.85 0.17
   71 E   -2 -1 -1  0 -5  1  7 -3 -1 -5 -4  0 -3 -5 -2 -1 -2 -4 -3 -4    0   0   0   0   0   0 100   0   0   0   0   0   0   0   0   0   0   0   0   0  1.38 0.23
   72 F   -3 -3 -4 -4 -3 -3 -4 -4 -3  0  0 -3  6  6 -4 -3 -2 -1  1 -1    0   0   0   0   0   0   0   0   0   0   0   0  44  55   0   1   0   0   0   0  1.05 0.21
   73 A    3 -3 -3 -4 -2 -2 -3 -2 -3  0  0 -2  7 -2 -3 -1 -1 -3 -2 -1   41   0   0   0   0   0   0   0   0   2   0   0  57   0   0   0   0   0   0   0  0.76 0.20
   74 S    3 -2 -1 -2 -1  0 -1  1  4 -3 -3 -1 -2 -3  0  2  0 -3 -2 -2   44   0   0   0   0   3   0   8  15   0   0   0   0   0   3  25   1   0   0   0  0.40 0.11
   75 L    1 -2 -2 -3 -1 -2 -2 -3 -3  1  3 -2  2 -1 -2  0  2 -3 -2  1   16   0   0   0   0   0   0   0   0   4  41   0   5   1   0   3  19   0   0  10  0.25 0.08
   76 I    1 -3 -2 -3 -1 -2 -3  3 -3  3  0 -2  0 -1 -3 -1 -1 -3  0  1   12   0   1   0   1   0   0  33   0  38   3   0   2   2   0   2   0   0   4   3  0.29 0.09
   77 G    3 -3 -2 -2  2 -2 -2  4 -3 -3 -3 -2 -2 -3 -2  0 -1 -3 -3 -2   45   0   0   0   6   0   0  44   0   0   0   0   1   0   0   3   1   0   0   0  0.65 0.13
   78 S    2 -2 -1 -2 -2 -1 -1 -1 -2 -3 -3 -1 -2 -3  2  5  0 -4 -3 -2   22   0   0   0   0   0   0   0   0   0   0   0   0   0   9  69   0   0   0   0  0.67 0.16
   79 R   -2  7  0 -2 -4  0 -1 -3  2 -4 -3  1 -2 -4 -3 -2 -2 -4 -2 -4    0  85   2   1   0   0   0   1   7   0   0   2   0   0   0   1   1   0   0   0  1.13 0.20
   80 F   -3 -3 -3 -4 -3 -3 -3 -4  1 -2 -1 -3 -1  6 -4 -2 -3  1  6 -2    0   0   1   0   0   0   0   0   2   0   0   0   0  47   0   4   0   0  45   0  1.11 0.18
   81 D   -3 -3  0  7 -5 -1  0 -3 -2 -4 -5 -2 -4 -5 -3 -1 -2 -6 -4 -4    0   0   0 100   0   0   0   0   0   0   0   0   0   0   0   0   0   0   0   0  1.64 0.24
   82 F   -2 -3 -3 -4 -3 -2 -3 -4 -2  1  2 -3  4  5 -4 -2 -2 -1  1 -1    0   0   0   0   0   1   0   0   0   4  26   0  18  47   0   4   0   0   1   0  0.62 0.13
   83 D    0 -2  0  6 -4 -1  1 -2 -2 -4 -4 -2 -4 -4 -2  0 -2 -5 -4 -4   11   0   0  78   0   0   6   0   0   0   0   0   0   0   0   5   0   0   0   0  1.07 0.18
   84 R   -3  7 -2 -3 -5  0 -1 -4 -1 -4 -3  1 -3 -4 -3 -2 -2 -4 -3 -4    0 100   0   0   0   0   0   0   0   0   0   0   0   0   0   0   0   0   0   0  1.51 0.24
   85 Y   -3 -3 -4 -4 -3 -3 -4 -4  1 -1  0 -4  0  7 -4 -3 -3  0  5 -2    0   0   0   0   0   0   0   0   4   0   4   0   1  65   0   0   0   0  26   0  1.12 0.18
   86 G    0 -3 -1 -2 -4 -3 -3  7 -3 -5 -5 -3 -4 -4 -3 -1 -3 -4 -4 -4    3   0   0   0   0   0   0  97   0   0   0   0   0   0   0   0   0   0   0   0  1.51 0.20
   87 L    0 -3 -3 -3 -1 -2 -3 -3 -3  2  3 -3  2  2 -3 -1 -1  0  0  2    5   0   0   0   1   0   0   0   0  10  38   0   7  12   0   7   1   1   1  18  0.26 0.06
   88 V   -1 -3 -4 -4 -2 -3 -3 -4 -4  3  1 -3  0  1 -3 -2 -1 -3 -1  5    3   0   0   0   0   0   0   0   0  16   4   0   0   7   0   0   0   0   0  68  0.57 0.13
   89 P   -1 -3 -3 -3 -3 -3 -3 -3 -3 -2 -2 -2 -1  5  6 -2  0 -2  0 -1    4   0   0   0   0   0   0   0   0   0   0   0   1  35  47   0   9   0   1   3  1.01 0.15
   90 R   -1  7 -2 -3 -4  0 -1 -3 -1 -4 -3  1 -2 -4 -3 -2 -2 -4 -3 -4    3  94   0   0   0   0   0   0   0   0   0   0   1   0   0   0   0   0   0   0  1.32 0.22
   91 S    3 -2  2 -1  0 -1 -1 -1 -2 -3 -3 -1 -2 -3  3  3  0 -4 -3 -2   32   0  11   0   1   0   0   0   0   0   0   0   0   1  16  35   1   0   0   0  0.45 0.11
   92 S    1 -2  0 -1 -2 -1 -1 -1  0 -3 -3 -1 -2 -3 -2  5  2 -4 -3 -3    3   0   0   0   0   0   0   0   2   0   0   0   0   0   0  86   9   0   0   0  0.83 0.19
   93 P   -2 -3 -3 -3 -4 -2 -2 -2 -3 -4 -4 -2 -4 -5  8 -2 -2 -5 -4 -4    1   0   0   0   0   0   0   3   0   0   0   0   0   0  94   0   1   0   0   0  2.30 0.24
   94 R   -3  7 -2 -3 -5  0 -1 -3 -1 -4 -3  1 -3 -4 -3 -2 -2 -4 -3 -4    0  98   0   0   0   0   0   0   0   0   0   2   0   0   0   0   0   0   0   0  1.45 0.23
   95 Q   -2  0 -1 -2 -4  7  1 -3  0 -4 -3  1 -2 -1 -3 -1 -2 -3 -2 -3    0   1   0   0   0  93   0   0   1   0   0   2   0   3   0   0   0   0   0   0  1.31 0.25
   96 A    5 -2 -2 -2 -1 -2 -2 -1 -2 -2 -2 -1 -2 -3 -2  3  0 -4 -3 -1   72   0   0   0   0   0   0   0   0   0   0   0   0   0   0  24   1   0   0   3  0.65 0.16
   97 D   -3 -3  0  7 -5 -2  0 -3 -2 -3 -5 -2 -4 -5 -3 -1 -2 -5 -4 -4    0   0   0  97   0   0   0   0   0   2   0   0   0   0   0   0   0   0   0   0  1.51 0.23
   98 L   -2 -3 -4 -4  1 -3 -3 -4  0  1  4 -3  1  1 -3 -3 -1 -2 -1  3    1   0   0   0   3   0   0   0   3   2  56   0   2   4   0   0   1   0   0  27  0.44 0.11
   99 I   -2 -3 -3 -4 -2 -2 -3 -4 -3  4  1 -3  6  0 -3 -3 -1 -3 -2  1    0   0   0   0   0   0   0   0   0  46   7   0  37   2   0   0   3   0   0   2  0.58 0.14
  100 V   -2 -3 -4 -4 -2 -3 -4 -4 -4  5  2 -3  3 -1 -3 -2 -1 -3 -2  2    0   0   0   0   0   0   0   0   0  65  17   0   9   0   0   2   0   0   0   4  0.58 0.13
  101 T   -1 -2 -2 -3  2 -2 -2 -3 -3  2  0 -1  0 -2 -1 -1  3 -3 -2  4    0   0   0   0   5   0   0   0   0   9   2   3   0   0   2   0  34   0   0  45  0.38 0.12
  102 A    5 -2 -2 -3  0 -2 -2 -1 -3 -2 -2 -2 -1 -3  0  1 -1 -4 -3 -1   88   0   1   0   1   0   0   0   0   0   1   0   1   0   3   6   0   0   0   0  0.74 0.17
  103 G   -1 -3 -2 -2 -4 -3 -3  7 -3 -4 -5 -3 -4 -4 -3 -1 -3 -4 -4 -2    0   0   0   0   0   0   0  97   0   0   0   0   0   0   0   0   0   0   0   3  1.49 0.20
  104 T   -1 -2 -1 -2 -2 -2 -2 -3 -3 -2 -2 -2 -2 -3  0  0  7 -4 -3 -1    0   0   0   0   0   0   0   0   0   0   0   0   0   0   3   0  97   0   0   0  1.13 0.23
  105 I   -1 -3 -4 -4 -2 -3 -3 -4 -4  3  2 -3  1 -1 -3 -3 -1 -3 -2  4    3   0   0   0   0   0   0   0   0  22  21   0   1   0   0   0   0   0   0  53  0.52 0.11
  106 T   -1 -2  0 -2  1 -2 -2 -3 -3 -2 -2 -2 -2 -3 -2  0  6 -4 -3  0    0   0   2   0   3   0   0   0   0   0   0   0   0   0   0   1  90   0   0   5  0.96 0.21
  107 M   -2 -1  3 -2 -3 -1 -2 -3  2 -1  0  0  6  1 -3 -2 -1  0  1 -1    0   2  24   0   0   1   0   0   6   0   2   7  44   5   0   0   0   1   6   0  0.41 0.14
  108 K   -2  2 -1 -2 -4  0  0 -3 -2 -4 -4  6 -3 -4 -2 -1 -2 -4 -3 -3    1   2   0   0   0   1   0   0   0   0   0  96   0   0   0   0   0   0   0   0  1.13 0.22
  109 M   -2 -3 -4 -5 -3 -2 -3 -4 -1  0  1 -3  9 -1 -4 -3 -2 -3  0 -1    0   0   0   0   0   0   0   0   2   0   0   0  94   0   0   0   1   0   3   0  1.44 0.28
  110 A    6 -2 -3 -3 -1 -2 -2 -1 -3 -2 -2 -2 -2 -3 -2  0 -1 -4 -3 -1   96   0   0   0   0   0   0   1   0   0   2   0   0   0   0   1   1   0   0   0  0.87 0.19
  111 P   -2 -3 -3  0 -4 -1 -1 -3 -3 -3 -4 -2 -3 -5  8 -1 -2 -5 -4 -3    0   0   0   4   0   1   3   1   0   1   0   0   0   0  85   3   1   0   0   1  1.97 0.22
  112 S    3  1 -1 -2 -1 -1 -1 -1 -2  0 -1 -1 -1 -1  0  2  0 -3 -2  1   33  10   1   0   0   2   0   0   0   2   3   0   0   2   2  26   0   0   0  19  0.21 0.08
  113 L   -2 -3 -4 -4 -2 -3 -4 -4 -3  2  4 -3  2  1 -4 -3 -1 -2 -1  1    2   0   0   0   0   0   0   0   0  11  72   0   2   4   0   0   2   0   0   7  0.58 0.12
  114 I   -1  4 -2 -3 -3  0 -1 -3 -2  0 -1  2 -1 -3 -3 -2 -1 -4 -2  3    0  36   0   0   0   1   1   0   0   1   0  19   1   0   0   0   0   0   0  42  0.43 0.13
  115 R   -2  6 -1 -2 -4  1 -1 -3 -1 -4 -3  3 -2 -4 -3 -1 -1 -4 -3 -3    0  76   1   0   0   2   0   0   0   0   1  17   0   0   0   0   4   0   0   0  1.03 0.18
  116 L   -2 -3 -4 -4 -2 -3 -3 -4 -4  2  4 -3  1 -1 -4 -2 -2 -3 -2  2    0   0   0   0   0   0   0   0   0   4  72   0   0   0   0   3   0   0   0  21  0.60 0.13
  117 Y   -3 -3 -4 -5 -4 -3 -3 -5  0 -3 -2 -3 -2  2 -4 -3 -3  1  9 -3    0   0   0   0   0   0   0   0   0   0   0   0   0   2   0   0   0   0  98   0  1.86 0.27
  118 E   -2 -2  0  5 -5  0  5 -3 -1 -4 -4 -1 -3 -4 -2 -1 -2 -4 -3 -4    1   0   2  42   0   1  54   0   1   0   0   0   0   0   0   0   0   0   0   0  0.97 0.16
  119 Q   -2  0 -1 -1 -4  7  2 -3 -1 -4 -3  0 -1 -4 -3 -1 -2 -3 -3 -3    0   0   0   0   0  93   6   0   0   0   0   0   1   0   0   0   0   0   0   0  1.36 0.25
  120 M   -2 -3 -4 -5 -3 -2 -4 -4 -3  0  1 -3  9 -1 -4 -3 -2 -3 -2 -1    0   0   0   0   0   0   0   0   0   2   1   0  98   0   0   0   0   0   0   0  1.58 0.29
  121 P    2 -3 -3 -3 -3 -2 -2 -3 -3 -4 -3 -2 -3 -4  7 -1 -2 -5 -4 -3   20   0   0   0   0   0   0   0   0   0   0   0   0   0  77   2   1   0   0   0  1.78 0.20
  122 E   -2 -1 -1  2 -5  1  6 -3  0 -4 -4  0 -3 -4 -2 -1 -2 -4 -3 -4    0   0   0  11   0   0  86   0   1   0   0   1   0   0   0   0   0   0   0   0  1.13 0.20
  123 P   -2 -3 -3 -3 -4 -2 -2 -4 -4 -4 -4 -2 -4 -5  8 -2 -2 -5 -4 -4    0   0   0   0   0   1   0   0   0   0   0   0   0   0  99   0   0   0   0   0  2.55 0.26
  124 K   -2  4 -1 -2 -4  0  0 -3 -2 -4 -3  6 -2 -4 -2 -1 -2 -4 -3 -3    1  22   0   0   0   0   0   0   0   0   0  77   0   0   0   0   0   0   0   0  0.97 0.18
  125 Y   -3 -3 -4 -5 -4 -3 -4 -4  0 -3 -2 -3 -2  2 -4 -3 -3  8  8 -3    0   0   0   0   0   0   0   0   0   0   0   0   0   1   0   0   0  25  74   0  1.79 0.25
  126 V    0 -4 -4 -4 -2 -3 -4 -4 -4  2  0 -3  0 -2 -3 -3 -1 -4 -2  6    3   0   0   0   0   0   0   0   0   1   0   0   0   0   0   0   0   0   0  95  0.89 0.20
  127 I   -2 -4 -4 -4 -2 -4 -4 -5 -4  6  1 -4  1 -1 -4 -3 -2 -4 -2  2    0   0   0   0   0   0   0   0   0  84   3   0   2   0   0   0   0   0   0  10  0.86 0.17
  128 A    5 -2 -2 -2 -1 -1 -2 -1 -2 -3 -3 -1 -2 -3 -2  3  0 -4 -3 -1   70   0   0   0   0   0   0   0   0   0   0   0   0   0   0  30   0   0   0   0  0.68 0.16
  129 M   -2 -3 -4 -5 -2 -2 -3 -4 -3  0  1 -3  9 -1 -4 -3 -2 -3 -2  1    0   0   0   0   0   0   0   0   0   1   0   0  88   0   0   0   0   0   0   9  1.31 0.26
  130 G   -1 -3 -1 -2 -4 -3 -3  7 -3 -5 -5 -3 -4 -4 -3 -1 -3 -4 -4 -4    0   0   0   0   0   0   0 100   0   0   0   0   0   0   0   0   0   0   0   0  1.60 0.21
  131 A    4 -2 -1 -2 -2 -1 -1  1 -2 -3 -3 -1 -2 -3 -2  3  0 -3 -3 -2   50   0   0   0   0   0   0  11   0   0   0   0   0   0   0  38   0   0   0   0  0.55 0.14
  132 C   -2 -2 -4 -5 10 -4 -5 -4 -4 -3 -3 -4 -3 -4 -4 -2 -2 -4 -4 -2    0   3   0   0  97   0   0   0   0   0   0   0   0   0   0   0   0   0   0   0  2.39 0.29
  133 T    3 -2 -1 -2 -1 -2 -2 -1 -2 -2 -2 -1 -1 -3 -2  1  4 -3 -3 -1   45   0   0   0   0   0   0   0   0   0   0   0   2   0   0   6  47   0   0   0  0.57 0.15
  134 I   -2 -3  4 -2  1 -2 -3 -3 -2  4  0 -2  0 -2 -3 -1  0 -4 -2  2    0   0  29   0   3   0   0   0   0  52   0   0   0   0   0   1   7   0   0   9  0.42 0.13
  135 T    0 -2 -1 -2  3 -2 -2  2 -2 -2 -3 -1 -2 -3 -2  2  4 -3 -3 -1    4   0   1   0   8   0   0  19   0   0   0   1   0   0   0  21  47   0   0   0  0.48 0.12
  136 G   -1 -3 -1 -2 -4 -3 -3  7 -3 -5 -5 -3 -4 -4 -3 -1 -3 -4 -4 -4    1   0   0   0   0   0   0  99   0   0   0   0   0   0   0   0   0   0   0   0  1.57 0.20
  137 G   -1 -3 -1 -2 -4 -3 -3  7 -3 -5 -5 -3 -4 -4 -3 -1 -3 -4 -4 -4    0   0   1   0   0   0   0  98   0   0   0   0   0   0   0   0   0   0   0   0  1.53 0.20
  138 M   -2 -3 -3 -3 -3 -2 -3 -3 -2  0  0 -2  6 -1  5 -2 -2 -2  3 -1    0   0   0   0   0   0   0   1   0   3   0   0  46   0  31   0   0   0  17   2  0.83 0.18
  139 F   -3 -3 -4 -4 -3 -3 -4 -4 -1 -1  0 -4 -1  7 -4 -3 -3  0  6 -2    0   0   0   0   0   0   0   0   0   0   3   0   0  62   0   0   0   0  34   0  1.21 0.19
  140 S    0 -1  1 -1 -2  0 -1 -1  4 -3 -2  1 -2 -1 -2  3  0  4  0 -2    1   1   5   1   0   1   1   1  18   1   1   9   0   3   1  43   1   9   2   1  0.37 0.10
  141 T    1 -1 -1 -1 -2  0  0 -2 -1 -1 -1  0 -1  0 -2  0  3 -1  3  0   11   1   1   1   0   4   4   0   0   3   1   8   1   1   0   4  33   0  19   8  0.20 0.07
  142 D   -1 -1  1  5 -2  0  1 -1  2 -2 -2  0 -2 -2 -1 -1 -1  0  0 -2    2   2   5  52   1   1   2   2   9   1   3   7   1   1   1   2   2   2   3   2  0.47 0.07
  143 S    0 -2  0 -1 -2 -1 -1  1 -2 -3 -3 -1 -2 -3  0  5  1 -3 -3 -2    2   0   0   0   0   0   0  10   0   0   0   0   0   0   3  78   3   0   0   1  0.67 0.16
  144 Y   -3 -3 -3 -4 -4 -2 -3 -4  2 -3 -2 -3 -2  1  1 -2  0  1  8 -2    0   0   0   0   0   0   0   0   3   0   0   0   0   0   9   0   7   0  81   0  1.32 0.22
  145 S    1 -2  0 -1 -2 -1 -1 -2  5 -3 -3 -1 -2 -3 -2  4  2 -4 -1 -2    7   0   3   0   0   0   0   0  20   0   0   0   0   0   0  54  16   0   0   0  0.56 0.14
  146 T    1 -3 -2 -3 -2 -2 -2 -3 -3  1 -1 -2 -1 -2 -2 -1  3 -4 -2  4   13   0   0   0   0   0   0   0   0   0   0   0   0   0   0   0  34   0   0  53  0.47 0.14
  147 V   -1 -4 -4 -4 -2 -3 -4 -4 -4  2  1 -3  0 -2 -3 -3 -1 -4 -2  6    0   0   0   0   0   0   0   0   0   0   8   0   1   0   0   0   0   0   0  91  0.83 0.18
  148 R   -2  6  0 -2 -4  2 -1 -3 -1 -4 -3  3 -2 -4 -1 -1 -2 -4 -3 -3    0  66   4   0   0   9   0   0   0   0   0  19   0   0   2   0   0   0   0   0  0.89 0.16
  149 G   -1 -3 -1 -2 -4 -3 -3  7 -3 -5 -5 -3 -4 -4 -3 -1 -3 -4 -4 -4    0   1   0   0   0   0   0  99   0   0   0   0   0   0   0   0   0   0   0   0  1.56 0.20
  150 V    0 -4 -4 -4  5 -3 -4 -4 -4  2  0 -3  0 -2 -3 -2 -1 -4 -2  5    3   0   0   0  17   0   0   0   0  10   0   0   0   0   0   0   0   0   0  70  0.69 0.15
  151 D   -3 -3  1  7 -5 -1  1 -2 -2 -4 -5 -2 -4 -5 -3 -1 -2 -6 -4 -4    0   0   1  97   0   0   1   0   0   0   0   0   0   0   0   1   0   0   0   0  1.56 0.23
  152 K   -2  4 -1 -1 -4  2  1 -3  0 -3 -2  4 -1 -4 -2 -1 -1 -4 -2 -3    0  28   0   0   0   7  10   0   1   0   2  50   1   0   0   0   1   0   0   0  0.64 0.13
  153 L   -1 -3 -4 -4 -2 -3 -4 -4 -4  4  3 -3  1  0 -3 -2 -1 -3 -2  2    2   0   0   0   0   0   0   0   0  44  41   0   0   0   1   3   0   0   0   9  0.50 0.11
  154 I   -2 -4 -4 -4 -1 -3 -4 -4 -4  5  2 -3  1 -1 -3 -3 -1 -3 -2  3    0   0   0   0   0   0   0   0   0  57  15   0   1   0   0   0   0   0   0  27  0.62 0.13
  155 P   -2 -4 -3 -3 -4 -3 -2 -4 -4 -4 -4 -2 -4 -5  8 -2 -2 -5 -4 -4    0   0   0   0   0   0   0   0   0   0   0   0   0   0 100   0   0   0   0   0  2.57 0.26
  156 V    0 -4 -4 -4 -2 -3 -4 -4 -4  2  0 -3  0 -2 -3 -3 -1 -4 -2  6    3   0   0   0   0   0   0   0   0   2   0   0   0   0   0   0   0   0   0  95  0.88 0.19
  157 D   -3 -3  1  7 -5 -1  0 -3 -2 -4 -5 -2 -4 -5 -3 -1 -2 -6 -4 -4    0   0   1  99   0   0   0   0   0   0   0   0   0   0   0   0   0   0   0   0  1.60 0.23
  158 I   -1 -4 -4 -4 -2 -3 -4 -4 -4  3  0 -3  0 -1 -3 -3 -1 -4 -2  5    1   0   0   0   0   0   0   0   0  22   2   0   0   1   0   0   0   0   0  75  0.72 0.16
  159 Y   -3 -3 -3 -5 -4 -3 -3 -4  1 -3 -2 -3 -2  2 -4 -3 -3  1  9 -3    0   0   0   0   0   0   0   0   1   0   0   0   0   2   0   0   0   0  96   0  1.81 0.27
  160 L   -2 -3 -4 -4 -2 -3 -3 -4 -4  4  3 -3  1 -1 -1 -3 -1 -3 -2  3    0   0   0   0   0   0   0   0   0  31  30   0   0   0   3   0   0   0   0  35  0.49 0.10
  161 P   -2 -3 -3 -3 -4 -2 -2 -3 -3 -4 -4 -2 -4 -5  8 -2 -2 -5 -4 -4    1   0   0   0   0   1   0   0   0   0   0   0   0   0  98   0   0   0   0   0  2.49 0.26
  162 G   -1 -3 -1 -2 -4 -3 -3  7 -3 -5 -5 -3 -4 -4 -3 -1 -3 -4 -4 -4    0   0   0   0   0   0   0 100   0   0   0   0   0   0   0   0   0   0   0   0  1.58 0.20
  163 C   -2 -5 -4 -5 10 -4 -5 -4 -5 -3 -3 -5 -3 -4 -4 -2 -2 -1 -4 -2    0   0   0   0  99   0   0   0   0   0   0   0   0   0   0   0   0   1   0   0  2.47 0.29
  164 P   -1 -3 -3 -3 -4 -3 -2 -3 -3 -4 -4 -2 -4 -5  8 -2 -2 -5 -4 -4    2   0   0   0   0   0   0   0   0   0   0   0   0   0  98   1   0   0   0   0  2.46 0.25
  165 P   -2 -3 -3 -3 -4 -3 -2 -3 -4 -4 -4 -2 -4 -5  8 -2 -2 -5 -4 -4    0   0   0   0   0   0   0   0   0   0   0   0   0   0 100   0   0   0   0   0  2.56 0.25
  166 K   -2  5  0 -2 -3  0 -1 -3 -1 -3 -3  3 -2 -4 -2  0  2 -4 -3 -3    0  52   3   0   0   0   0   0   0   0   0  25   0   0   0   2  18   0   0   0  0.68 0.13
  167 P    1 -3 -3 -3 -3 -2 -2 -3 -3 -4 -4 -2 -3 -5  8 -1 -2 -5 -4 -3   17   0   0   0   0   0   0   0   0   0   0   0   0   0  83   0   0   0   0   0  1.94 0.21
  168 E   -1 -1 -1  0 -5  1  6 -3 -1 -4 -4  0 -3 -4 -2 -1 -2 -4 -3 -3    3   0   0   0   0   0  96   0   0   0   0   0   0   0   0   0   0   0   0   1  1.24 0.21
  169 A    5 -2 -2 -3 -1 -2 -2  0 -3 -2 -3 -2 -2 -3 -2  1  0 -4 -3 -1   93   0   0   0   0   0   0   1   0   0   0   0   0   0   0   3   2   0   0   0  0.83 0.18
  170 I   -2 -3 -4 -4 -2 -3 -4 -4 -4  3  4 -3  1  1 -3 -3 -1 -3 -1  2    0   0   0   0   0   0   0   0   0  27  51   0   2   4   0   0   0   0   0  17  0.51 0.10
  171 M   -2 -3 -4 -4 -2 -2 -3 -4 -3  4  3 -3  3  1 -3 -3 -1 -2  0  1    0   0   0   0   0   2   0   0   0  50  28   0  10   6   0   0   1   0   2   1  0.47 0.11
  172 D   -2 -2  0  5 -4 -1  0 -1  1 -3 -3 -2 -3  0 -3 -2 -2  0  5 -3    0   0   1  45   0   1   5   6   2   0   0   0   0   1   0   0   0   1  40   0  0.75 0.15
  173 A    4 -3 -2 -2 -2 -2 -2  5 -3 -3 -3 -2 -3 -4 -2  0 -2 -3 -3 -2   47   0   0   0   0   0   0  52   0   0   0   0   0   0   0   1   0   0   0   0  0.80 0.14
  174 V   -2 -3 -4 -4 -2 -3 -4 -4 -4  5  2 -3  3  0 -3 -3 -1 -3 -2  2    0   0   0   0   0   0   0   0   0  55  19   0  11   4   0   0   1   0   0  10  0.54 0.11
  175 T   -1 -2 -1 -3 -2 -2 -3 -3 -2  2  2 -2  4  0 -3 -1  2 -3 -2  1    0   0   3   0   0   0   0   0   0  20  22   0  25   1   0   0  20   0   0   8  0.32 0.09
  176 K   -1  1 -1 -1 -3  4  1 -3 -1 -3 -3  5 -1 -4 -2 -1 -1 -3 -3 -2    1   3   0   0   0  31   3   0   0   0   1  58   1   0   0   0   1   0   0   2  0.70 0.15
  177 L   -2 -3 -4 -5 -2 -3 -4 -5 -4  1  5 -3  1  0 -1 -3 -2 -3 -2  0    0   0   0   0   0   0   0   0   0   3  94   0   0   0   3   0   0   0   0   1  0.81 0.16
  178 R   -2  5 -1 -2 -4  6  0 -3 -1 -4 -3  1 -2 -4 -2 -1 -2 -3 -3 -3    0  41   0   0   0  54   0   0   0   0   0   3   0   0   1   0   0   0   0   0  0.95 0.18
  179 K   -1  3  0  1 -4  1  2 -2 -1 -4 -3  5 -2 -4 -2 -1 -1 -4 -3 -3    1  15   3   6   0   2  16   0   0   0   0  57   0   0   0   0   0   0   0   0  0.62 0.13
  180 K   -2  1 -1 -2 -4  1  0 -3 -2 -3 -3  6 -2 -4 -2 -1 -2 -4 -3 -3    0   1   0   0   0   1   0   0   0   1   1  95   0   0   0   0   0   0   0   0  1.07 0.21
  181 I   -2 -4 -4 -4 -2 -3 -4 -5 -4  5  1 -3  1 -1 -4 -3 -1 -4 -2  3    0   0   0   0   0   0   0   0   0  71   1   0   2   0   0   0   0   0   0  25  0.75 0.15
  182 A    2  3  0 -1 -2  0  0  0 -1 -3 -2  3  0 -3 -2  2  0 -3 -2 -2   20  17   1   0   0   2   1   3   0   0   0  27   4   0   0  21   1   0   0   0  0.30 0.08
  183 R   -1  4  2 -1 -3  1 -1 -1  0 -1 -2  1 -1 -3 -2 -1  0 -3 -1 -1    2  44  18   1   0   4   0   4   1   2   3   4   1   0   0   1   4   0   2   7  0.35 0.09
  184 N   -2 -1  0  2 -4  1  5 -2 -1 -3 -3  0  0 -3 -1 -1  1 -4 -3 -3    1   1   2   7   0   3  68   1   1   0   0   2   3   0   1   1   9   0   0   0  0.72 0.15
  185 R    0  2  1 -1 -2  0  0 -1 -1  1 -1  2 -1 -2 -1  1  1 -3 -2 -1    3  14   5   1   0   3   2   1   1  18   0  20   0   0   1  20   7   0   0   0  0.16 0.06
  186 F   -1 -1 -2 -2 -2 -2 -2 -3  0  1  1 -1  1  3 -2 -1  1 -1  3  1    2   3   1   1   0   0   0   1   2  12  12   3   3  16   2   3  11   0  19   8  0.17 0.05
  187 V    0  0 -1  0 -2  2  2 -2 -1  1  0  0  0  1 -2 -1  0 -2 -1  0    6   3   2   4   0  15  22   1   0  11  12   2   2  11   0   1   5   0   0   4  0.11 0.05
  188 N    0  1  0  3 -3  1  2  2  0 -3 -3  0 -2 -2 -1  0 -1 -3 -2 -3   10   7   2  23   0   6  18  17   3   1   0   5   1   2   1   3   1   0   0   0  0.30 0.06
  189 R   -2  5 -1 -2 -4  0  0  1 -1 -2 -2  2  0 -3  0 -1 -1 -3 -2 -2    1  53   0   0   0   1   3  11   1   3   1  14   4   0   4   1   1   0   1   1  0.52 0.13
  190 A    0  0 -1 -1 -2 -1 -1  1 -2  1 -1  1 -1 -1 -2  0  1  5 -1  1   11   3   2   2   0   1   0  11   0  15   0  12   1   1   1   4  14  12   1   9  0.16 0.06
  191 S   -1  1  3  0 -2  1  0  1  0 -2 -2  1 -1  0 -2  0 -1 -2  2 -1    4   8  21   1   0   6   3  10   1   1   3  15   0   3   0   5   1   0  12   4  0.15 0.05
  192 R   -1  3 -1 -1 -1  0 -1 -2  2  0  1  1  0  0 -2  1  0 -2 -1 -1    1  25   0   2   1   2   0   0   6   4  18   7   1   4   1  19   3   0   1   3  0.12 0.06
  193 P   -1  2  0 -1 -4  4  1 -2 -1 -3 -1  3 -1 -3  1 -1 -1 -3 -2 -2    2  10   2   0   0  37   5   0   0   0   5  28   0   0   7   2   0   0   0   1  0.49 0.12
  194 I   -1  2  0 -1 -3  5  2 -3  2 -2 -2  1  0 -3  0 -1 -1 -3 -2 -1    2  11   2   0   0  48  10   0   5   2   0   4   4   0   4   1   1   0   0   7  0.47 0.12
  195 R    0  1  0  0 -2  0  2  1 -1 -2 -2  1 -2 -3 -2  0  3 -3 -2 -1    4   6   2   4   0   1  17  11   0   2   0  13   0   0   0   4  33   0   0   2  0.25 0.07
  196 T   -1  0  5  1 -3  0 -1 -2  5 -4 -4  1 -2 -3  0  0  0 -4 -1 -3    4   3  40   4   0   1   1   0  25   0   0   9   0   0   4   3   4   0   0   0  0.54 0.11
  197 K   -2  6 -1  0 -4  1  1 -3 -1 -4 -3  2 -2 -4 -1 -1 -2 -4 -3 -3    0  71   0   3   0   2  12   0   1   0   0   7   0   0   3   0   0   0   0   0  0.87 0.15
  198 Y   -2 -1 -2 -2  6 -2  0 -3  0 -1 -1 -2 -1  3 -3 -1 -2  0  5 -1    0   3   0   1  24   0  11   0   1   0   4   0   0  14   0   2   0   0  32   5  0.46 0.09
  199 F   -2 -2 -2 -3 -1  0 -2 -2  1 -1 -1 -1 -1  5  0 -2 -2  0  5 -1    0   1   0   0   1   5   0   2   4   4   2   4   0  40   4   2   0   0  31   0  0.57 0.10
  200 S    0 -2 -1 -1 -1 -1  1 -1 -2  0 -2 -1 -1 -3 -2  2  4 -3 -2 -1    3   0   0   0   0   1   9   1   0   7   0   2   0   0   0  23  53   0   0   0  0.41 0.10
  201 I    0  0 -1 -1 -2 -1  0 -2 -2  1  0 -1  0 -2  0  0  3 -3 -2  1    3   5   0   1   0   1   7   0   0  15  11   0   1   0   4   2  39   0   0   8  0.19 0.06
  202 S    0  0  4  1 -2  0  0 -1  1 -2 -3  1 -2 -3  2  2  2 -4 -2 -2    4   2  35   4   0   0   4   0   4   1   0   7   0   0   8  15  14   0   0   0  0.36 0.07
  203 H   -3  0 -1 -2 -4  0  0 -3  9 -4 -2 -2  0 -2 -3 -2 -3 -3  0 -4    0   4   0   0   0   0   5   0  83   0   4   0   2   0   0   0   0   0   0   0  1.39 0.20
  204 Q    0  2  1 -1 -3  2  1 -1 -1 -3 -3  4 -2 -3 -2  0 -1 -3 -2 -3    8   7   8   0   0  12   8   2   0   0   0  45   0   0   0   6   1   0   0   0  0.40 0.08
  205 L   -2 -2 -2 -4 -2 -2 -3 -4 -2  0  2 -2  5  5 -4 -3 -2 -1  1  0    0   2   2   0   0   0   0   0   0   3  20   1  28  43   0   0   0   0   0   0  0.56 0.11
  206 N   -1  2  2 -1 -1  0  0  0  3 -2 -3  3 -2 -2 -2  0 -1 -3  1 -2    0  16  11   2   2   2   1   9  12   4   0  29   0   0   0   6   1   0   5   0  0.24 0.06
  207 L    0 -2 -3 -3 -2 -2 -2  0 -3  2  1 -2  1  0  2 -1 -1 -3 -2  3    5   2   0   0   0   1   0   8   0  14   7   0   3   5  14   2   0   0   0  39  0.23 0.06
  208 V    0  1 -2 -2 -1 -1 -2  1 -2  1  1 -1  0 -2 -3  0  0 -2 -2  3    2  10   0   0   0   2   1  17   0   2  14   0   0   0   0   6   4   0   0  38  0.12 0.06
  209 P    0  3  0  0 -2  0  1 -1  3 -3 -3  1 -2 -2  3  1 -1 -3 -1 -3    7  25   3   4   1   1   7   2  11   0   1   4   0   1  18  13   0   0   0   0  0.34 0.06
  210 G    0 -1  1  0 -2 -1  0  1  1 -3 -3  0 -2 -3  4  2  0 -3 -2 -2    1   2   8   2   0   1   5  11   4   1   0   2   0   0  26  33   3   0   0   0  0.47 0.07
  211 T   -1 -2 -1  0 -2 -2 -1 -1 -3  3  1 -2  1 -1 -1 -1  2 -3 -2  1    2   0   2   6   0   1   3   4   0  42  11   0   2   0   2   2  18   0   0   3  0.16 0.06
  212 C   -2 -1  0 -2 -2 -1 -1 -3  6  0  2 -2  0 -1 -3  0 -1 -3  0  0    0   1   4   1   1   0   4   1  35   3  33   0   0   1   0   8   1   0   2   5  0.35 0.10
  213 A   -1 -1  1  0 -2 -1 -2 -2 -1 -1 -1 -1 -1 -3 -2  1  5 -3 -2 -1    1   2   8   4   0   0   0   0   2   4   4   0   0   0   0   3  73   0   0   0  0.61 0.14
  214 G    0 -2  0 -2 -3 -1  0  6 -2 -4 -4 -2 -3 -4 -2 -1 -2 -3 -4 -3    4   2   2   0   0   2   9  77   0   0   0   0   0   0   0   2   0   0   0   0  0.96 0.13
  215 K   -1  0  4  0 -3  2  2 -2 -1 -2 -2  2 -2 -3 -2  0  0 -4 -2 -1    4   1  37   2   0  10  14   0   0   0   5  17   0   1   0   2   3   0   0   4  0.36 0.08
  216 Y   -2 -2 -3 -3 -3 -2 -2 -2  0 -2 -1 -1 -2  2 -3 -1 -2  1  8 -2    0   0   0   0   0   0   2   3   0   0   4   5   0   2   0   4   1   0  77   0  1.10 0.18
  217 N   -1 -2  3  3 -3 -1  0 -2  1  0  2 -1  0 -1 -2  0 -1 -3 -2 -1    2   0  19  28   0   0   4   1   4   3  31   0   2   1   0   3   1   0   1   0  0.24 0.07
  218 W   -1  2  0 -1 -3  5  1 -1  2 -3 -2  1 -1 -1 -2  0 -1  3 -1 -3    2  12   2   0   0  45   8   4   5   0   3   3   0   2   0   5   0   5   1   0  0.43 0.09
  219 D    1  0  1  0 -2  1  1  3  0 -3 -2  0 -2 -3 -1  2  0 -3 -2 -2    9   5   5   4   0   5   8  25   3   0   2   3   0   0   0  25   3   0   1   1  0.25 0.04
  220 R    0  1 -1 -1 -2  1  1 -2  0  0  1  1  0 -1 -2  0  0 -2 -1  0    5   8   1   1   0  11   9   1   4   6  21  10   1   2   0   9   7   0   1   4  0.07 0.02
  221 E    0 -1  0  0 -2  2  3 -2  0 -2 -1  0 -1 -1  0  1  1 -2 -1 -1    9   1   3   1   0  11  29   1   2   1   7   3   1   4   4  11   9   0   1   2  0.19 0.05
  222 N    1  1  1  0 -2  1  0 -1 -1 -2 -2  0 -1 -2  3  1  0 -2  0 -2   17  13   7   4   0   6   1   2   1   2   3   5   1   1  19   8   6   0   5   1  0.25 0.04
  223 C    0 -1 -1  0  0  1 -1 -2 -1  1  0 -1  1 -1  2  0  0 -2 -1  0    6   1   1   5   2  13   2   2   0  16   7   2   9   2  12  11   5   0   2   3  0.10 0.04
  224 G    0 -2 -1 -1 -2 -1  0  3 -1 -1 -1 -1 -1  0  2  1  2 -2 -1 -1    6   1   1   2   0   2   4  27   1   4   3   1   2   4  11   9  17   0   2   3  0.19 0.04
  225 T    0  0 -1 -2 -2  0 -1 -1  0  0  0  0  2 -1  1  1  1 -2  0  0    4   5   0   1   0   2   1   3   4   3  11   5  12   2   8  16  10   0   4   6  0.07 0.03
  226 K   -1  0  0  1 -3  1  2 -2  0 -1 -1  1 -1 -2  3  0  0 -2 -1 -2    1   2   2   7   0   9  16   0   3   4   8  14   0   1  18   6   6   0   2   0  0.26 0.05
  227 L    0 -1 -1 -1 -2  0  0  0  0  1  1 -1  1  0 -2  0  0 -2  0  1    6   1   1   4   0   5   4   6   2  16  13   4   3   3   1   8   6   0   4  14  0.03 0.02
  228 A    0 -2 -1  0 -3  0 -1 -2 -2 -1 -2 -1 -1 -3  6  1  0 -4 -3 -1    9   0   0   6   0   6   2   0   0   4   3   2   1   0  43  12   5   0   0   4  0.70 0.11
  229 P   -1 -2 -2 -2 -2 -2  0 -1 -3 -3 -2  0 -2 -3  7  0 -1 -4 -3 -3    4   0   0   1   1   0   5   3   0   0   4   4   1   1  65   6   3   0   0   0  1.30 0.17
  230 A    2 -1  0 -1 -2  0  2 -1 -2  0 -1  0 -1 -2  0  1  0 -3 -2 -1   27   1   5   1   0   4  17   0   0  12   4   7   1   0   3  14   2   0   0   1  0.15 0.06
  231 N    0 -1  0  0 -2  0  1 -1 -2  0  1  0  0 -2  0  1  1 -3 -2 -1    8   1   2   4   0   4  16   2   0   8  17   3   1   0   4  12  14   0   1   1  0.08 0.04
  232 F   -1 -2 -2 -3 -2  0 -2 -2 -2  1  2 -1  1  3 -2 -1  0 -1  1  1    3   1   0   0   0   5   2   3   0  10  27   3   1  21   1   4   7   0   2   9  0.14 0.05
  233 S    1 -1  0 -1 -1 -1  0 -1 -2 -2 -2  0 -1 -1  1  2  3 -3 -2 -1   15   3   1   3   0   1   3   0   0   1   3   6   1   3   6  28  24   0   0   2  0.24 0.08
  234 E    0 -1 -1  1 -3  1  4 -1 -1  0 -2  0 -1 -2 -1  1  0 -3 -2 -1    8   0   0   4   0   2  42   4   0   8   1   6   1   1   2  15   3   0   1   3  0.27 0.08
  235 N    0  0  1  1 -2  2  2 -1 -1 -1 -2  1 -1 -3 -1  1  1 -3 -1  0    7   2   5   6   0  11  21   3   0   2   0  10   1   0   2  11   7   0   1   8  0.17 0.05
  236 C    0 -1  0 -1 -1  0  0 -2  0  0  0  1  0 -1  0  1  1 -2 -1  0    7   0   3   1   1   5   4   0   4   6  10  12   2   3   5  12  16   0   1   9  0.07 0.03
  237 Q   -1  1 -1  0 -3  3  4 -3 -1 -2 -2  2 -1 -1  0  0 -1 -3 -2 -2    3   6   1   2   0  17  39   0   0   2   2  11   1   3   4   8   1   0   0   1  0.42 0.10
  238 K    0  0  0  1 -3  2  2 -2 -1 -3 -3  3 -2 -3  1  0  1 -3 -2 -2    5   2   4   6   0   9  21   0   0   1   1  27   0   0   5   5  11   0   1   0  0.31 0.08
  239 F   -1 -2 -2 -2 -2 -2  1 -3 -2  1  2 -2  0  3 -3 -1 -1 -1  1  1    4   0   1   0   0   0  14   0   0   8  30   0   1  21   0   6   3   0   3   8  0.19 0.07
  240 A    1 -1  0  1 -2  0  2  1 -1 -1 -2  0 -2 -2  2  1  0 -3 -2 -1   10   0   3  10   0   3  15   9   0   3   2   7   0   1  13  14   7   0   0   2  0.22 0.04
  241 N    0  2  2  0 -3  1  1 -2 -1 -1 -2  2 -2 -3  0  2  0 -3 -1 -2    5  16  15   3   0   7   5   0   0   5   0  15   0   0   4  20   2   0   3   1  0.23 0.06
  242 E   -1  1  0  1 -4  1  4 -2 -1 -4 -3  2 -2 -4  0  1 -1 -4 -3 -3    0   8   3   4   0   4  47   0   0   0   0  15   0   0   3  15   1   0   0   0  0.53 0.10
  243 H   -1 -2  0 -2 -2 -1 -2 -3  3  1  2 -2  0  2 -3  0  0 -2  1  0    0   0   4   0   0   3   0   0  15   8  29   0   0  13   0  14   4   0   4   5  0.16 0.05
  244 D   -1 -1  1  3 -3  1  3  0  0 -2 -1  0 -2  0 -2  1  0 -3 -2 -2    0   0   4  18   0   5  29   5   2   2   6   5   0   6   0  15   3   0   0   0  0.25 0.05
  245 E    1  0  1  3 -3  2  3 -2 -1 -3 -3  1  0 -3 -2  1 -1 -3 -2 -2   12   0   7  17   0   9  28   0   0   0   0  12   4   0   0  12   0   0   0   0  0.36 0.06
  246 L   -1 -1  0 -1 -2  0  1 -2  0  1  2 -1  0 -1 -2  1 -1 -2 -1  1    2   0   4   2   0   2  11   0   3   5  39   4   0   0   0  16   0   0   2   8  0.11 0.04
  247 K   -1  0  0  1 -3  1  4 -2 -1  0 -2  1 -2 -3 -2  1  0 -3 -2 -1    0   0   3   4   0   4  49   0   0   9   0  11   0   0   0  13   4   0   0   3  0.40 0.07
  248 S    0 -1  0  0 -2  1  3  2 -1 -2 -3  0 -2 -3 -2  2  2 -3 -2 -1    0   0   0   0   0   4  28  16   0   0   0   3   0   0   0  28  14   0   0   6  0.29 0.05
  249 A    3  0 -1 -1 -2  0  2  0 -1 -3 -3  2 -2 -3 -1  1  0 -3 -2 -2   40   0   0   0   0   0  19   6   0   0   0  23   0   0   0  12   0   0   0   0  0.30 0.04
  250 I   -1 -3 -3 -4 -1 -3 -3 -4 -3  4  2 -3  1  0 -3 -2 -1 -3 -1  3    0   0   0   0   0   0   0   0   0  46  24   0   0   0   0   0   0   0   0  30  0.38 0.02

                      K         Lambda
Standard Ungapped    0.1348     0.3203
Standard Gapped      0.0457     0.2670
PSI Ungapped         0.1483     0.3120
PSI Gapped           0.0457     0.2670
