
Last position-specific scoring matrix computed, weighted observed percentages rounded down, information per position, and relative weight of gapless real matches to pseudocounts
           A  R  N  D  C  Q  E  G  H  I  L  K  M  F  P  S  T  W  Y  V   A   R   N   D   C   Q   E   G   H   I   L   K   M   F   P   S   T   W   Y   V
    1 M   -1 -2 -2 -3 -2  0 -2 -3 -2  1  2 -1  6  0 -3 -2 -1 -2 -1  1    0   0   0   0   0   0   0   0   0   0   0   0 100   0   0   0   0   0   0   0  0.37 0.01
    2 A    4 -2 -2 -2  0 -1 -1  0 -2 -1 -2 -1 -1 -2 -1  1  0 -3 -2  0  100   0   0   0   0   0   0   0   0   0   0   0   0   0   0   0   0   0   0   0  0.41 0.00
    3 L   -1 -2 -3 -4 -1 -2 -3 -4 -3  2  3 -3  1  0 -3 -2 -1 -2 -1  3    0   0   0   0   0   0   0   0   0   0  49   0   0   0   0   0   0   0   0  51  0.32 0.00
    4 S    1 -1  1  0 -1  0  0  0 -1 -3 -3  0 -2 -3 -1  4  1 -3 -2 -2    0   0   0   0   0   0   0   0   0   0   0   0   0   0   0 100   0   0   0   0  0.46 0.01
    5 L   -2 -2 -3 -4 -2 -2 -3 -4 -2  1  3 -2  3  3 -3 -2 -1 -1  0  1    0   0   0   0   0   0   0   0   0   0  59   0  20  21   0   0   0   0   0   0  0.35 0.00
    6 A    4 -2 -2 -2  0 -1 -1  0 -2 -1 -2 -1 -1 -2 -1  1  0 -3 -2  0  100   0   0   0   0   0   0   0   0   0   0   0   0   0   0   0   0   0   0   0  0.42 0.01
    7 I   -1 -3 -3 -3 -1 -3 -3 -4 -3  3  1 -3  1 -1 -3 -2  0 -3 -1  4    0   0   0   0   0   0   0   0   0  41   0   0   0   0   0   0   0   0   0  59  0.35 0.00
    8 N   -2 -1  6  1 -3  0  0 -1  1 -3 -4  0 -2 -3 -2  1  0 -4 -2 -3    0   0 100   0   0   0   0   0   0   0   0   0   0   0   0   0   0   0   0   0  0.75 0.01
    9 V   -1  4 -1 -2 -2  0 -1 -3 -1  0  1  1  0 -2 -2 -1 -1 -3 -2  1    0  59   0   0   0   0   0   0   0   0  20   0   0   0   0   0   0   0   0  21  0.30 0.00
   10 P   -1 -2 -2 -2 -3 -1 -1 -2 -2 -3 -3 -1 -3 -4  8 -1 -1 -4 -3 -3    0   0   0   0   0   0   0   0   0   0   0   0   0   0 100   0   0   0   0   0  2.06 0.01
   11 P   -1 -2 -3 -3 -2 -2 -2 -3 -3  1  2 -2  1 -1  5 -2 -1 -3 -2  1    0   0   0   0   0   0   0   0   0   0  39   0   0   0  41   0   0   0   0  20  0.61 0.00
   12 V   -1 -2 -3 -4 -1 -2 -3 -4 -3  2  3 -3  2  0 -3 -2 -1 -2 -1  3    0   0   0   0   0   0   0   0   0   0  59   0   0   0   0   0   0   0   0  41  0.34 0.00
   13 R   -1  5 -1 -1 -3  0  0 -2 -1 -2 -2  1 -1 -2  4 -1 -1 -2 -2 -2    1  62   1   1   0   1   1   1   0   1   2   1   0   1  22   1   1   0   1   1  0.53 0.00
   14 D    0 -1  1  4 -2  0  2 -1 -1 -2 -2  0 -2 -2 -1  1  0 -3 -2 -2    1   1   1  42   0   1  21   1   0   1   2   1   0   1   1  22   1   0   1   1  0.39 0.00
   15 N   -1 -1  5  0 -3 -1 -1  2  0 -3 -4 -1 -2 -3  3  0 -1 -4 -3 -3    0   0  61   0   0   0   0  18   0   0   0   0   0   0  21   0   0   0   0   0  0.60 0.01
   16 L    1 -2 -3 -3 -1 -2 -2 -3 -3  1  4 -2  2  0 -2 -1 -1 -2 -1  1   20   0   0   0   0   0   0   0   0   0  80   0   0   0   0   0   0   0   0   0  0.30 0.00
   17 L    1 -2 -2 -3 -1 -1 -2 -2  3  1  3 -2  1  0 -2 -1 -1 -2  0  0   21   0   0   0   0   0   0   0  18   0  61   0   0   0   0   0   0   0   0   0  0.20 0.00
   18 R    2  2 -1 -1 -2  0  2 -1 -1 -2 -2  0 -2 -3  4  0 -1 -3 -2 -1   40  21   0   0   0   0  18   0   0   0   0   0   0   0  21   0   0   0   0   0  0.38 0.00
   19 P    0 -1  2 -1 -2 -1 -1 -1 -1 -1  0 -1 -1 -2  3  2  0 -3 -2 -1    0   0  18   0   0   0   0   0   0   0  20   0   0   0  21  41   0   0   0   0  0.31 0.00
   20 Q   -1  0  0 -1 -2  4  1 -2  0 -1 -1  1  0 -3 -2  0  2 -2 -2  1    0   0   0   0   0  62   0   0   0   0   0   0   0   0   0   0  20   0   0  18  0.32 0.01
   21 P   -1 -2 -2 -1 -2 -1 -1 -2 -2  0 -1 -1 -1 -2  6 -1 -1 -2 -2  1    2   1   1   1   0   1   1   1   0   1   2   1   0   1  61   1   1   0   1  21  0.96 0.00
   22 F    1 -1 -1 -1 -1 -1 -1 -1 -1  0  1 -1  0  3 -1  0 -1  0  1  0   23   2   2   2   1   2   3   3   1   2  22   2   1  22   2   3   2   1   1   3  0.06 0.00
   23 Q   -1  0  0  0 -2  2  0 -1  4 -2 -1  0 -1 -1  4  0 -1 -1  0 -1    3   2   2   2   1  22   3   3  19   2   4   2   1   2  22   3   2   1   1   3  0.31 0.00
   24 S    0 -1  0 -1 -2 -1 -1 -1  4 -2 -1 -1 -1  2  3  1  0 -1  1 -2    2   1   1   1   0   1   1   2  20   1   2   1   0  21  19  22   1   0   1   1  0.26 0.00
   25 Q   -1  1  0  0 -2  5  2 -1  0 -2 -2  1  0 -2 -1  0 -1 -2 -1 -2    2   1   1   1   0  80   1   2   0   1   2   1   0   1   1   1   1   0   1   1  0.47 0.01
   26 F   -2 -2 -2 -2 -2 -2 -2 -2 -1  0  0 -2  0  6 -2 -2 -2  1  3 -1    2   1   1   1   0   1   1   2   0   1   2   1   0  80   1   1   1   0   1   1  0.48 0.01
   27 R   -1  3 -1 -2 -2  0 -1 -2 -1  0  2  1  1 -1 -2 -1 -1 -2 -1  0    2  42   1   1   0   1   1   2   0   1  40   1   0   1   1   1   1   0   1   1  0.19 0.00
   28 P   -1 -2 -2 -1 -2 -1 -1 -2 -2 -2 -2 -1 -2 -3  7 -1 -1 -3 -2 -2    2   1   1   1   0   1   1   2   0   1   2   1   0   1  80   1   1   0   1   1  1.46 0.01
   29 N   -1 -1  4  0 -2  0  0 -1  0 -1 -1  0 -1  2 -1  0  0 -1  0 -1    3   2  43   2   1   2   2   3   1   2   4   2   1  21   2   3   2   1   1   3  0.17 0.00
   30 L   -1  1 -1 -1 -2  0  0 -2 -1  0  2  3  1 -1 -1 -1 -1 -2 -1  0    1   1   1   1   0   1   1   1   0   1  42  42   0   1   1   1   1   0   1   1  0.13 0.00
   31 L   -2 -2 -3 -4 -2 -3 -3 -4 -2  1  3 -3  2  4 -3 -3 -2 -1  1  0    0   0   0   0   0   0   0   0   0   0  71   0   0  29   0   0   0   0   0   0  0.41 0.01
   32 K   -1  3  0 -1 -3  1  1 -1 -1 -2 -2  4 -1 -3 -1  0 -1 -2 -2 -2    1  24   1   1   0   1   1   1   0   1   1  62   0   1   1   1   1   0   0   1  0.40 0.01
   33 F   -2 -2 -2 -3 -2 -2 -2 -2 -1  0  0 -2  0  6 -3 -2 -2  6  3 -1    1   1   1   1   0   1   1   1   0   1   1   1   0  71   1   1   1  14   0   1  0.59 0.01
   34 P   -1 -2 -2 -1 -2 -1 -1 -2 -2 -2 -2 -1 -2 -3  7 -1 -1 -3 -2 -2    1   1   1   1   0   1   1   1   0   1   1   1   0   1  85   1   1   0   0   1  1.62 0.01
   35 I    0  1 -1 -1 -2  0  0 -2 -1  1  1  3  0 -1 -1  1  0 -2 -1  0    1   1   1   1   0   1   1   1   0  17  15  40   0   1   1  17   1   0   0   1  0.09 0.00
   36 P   -1  2 -1 -1 -2  0 -1 -1 -1 -2 -2  0 -1 -2  6 -1 -1 -2 -2 -2    2  17   1   2   1   1   2   2   1   2   3   2   1   1  55   2   2   0   1   2  0.86 0.00
   37 S    0 -1  3  0 -1  0  0  0  0 -2 -2  0 -1 -2 -1  3  2 -2 -2 -1    1   1  24   1   0   1   1   1   0   1   1   1   0   1   1  47  16   0   1   1  0.29 0.00
   38 S    0 -1  0 -1 -1 -1 -1 -1 -1  0  0 -1  0  2 -1  2  0 -1  0  0    3   2   2   2   1   2   2   3   1   2   4   2   1  17   2  34   2   1   1  16  0.07 0.00
   39 A    2 -1 -1 -1 -1 -1 -1 -1 -1  1  0 -1  0 -1 -1  0  0 -1 -1  2   35   2   2   2   1   2   2   3   1   2   4   2   1   1   2   3   2   1   1  32  0.08 0.00
   40 R    0  2  0 -1 -1  0  0  3 -1 -1 -1  0 -1 -1  0  0 -1 -1 -1 -1    4  19   2   3   1   2   3  33   1   3   5   3   1   2   3   4   3   1   2   4  0.17 0.00
   41 I   -1 -2 -2 -2 -1 -1 -1 -2 -2  3  1 -1  1  0 -1 -1  0 -1 -1  2    3   2   2   2   1   2   2   3   1  63   4   2   1   1   2   3   2   1   1   3  0.12 0.00
   42 R   -1  5 -1 -1 -2  0  0 -2 -1  0 -1  1 -1 -2 -1 -1 -1 -2 -1 -1    2  62   1   1   0   1   1   2   1  17   2   1   1   1   1   2   1   0   1   1  0.30 0.00
   43 C    0 -2 -2 -2  8 -2 -2 -2 -2 -1 -1 -2 -1 -2  3 -1 -1 -2 -2 -1    2   1   1   1  62   1   1   2   1   1   2   1   1   1  17   2   1   0   1   1  0.69 0.01
   44 S    1 -1  0  0 -1  0  0  0 -1 -2 -2  0 -1 -2 -1  4  1 -2 -1 -1    2   1   1   1   0   1   1   2   1   1   2   1   1   1   1  78   1   0   1   1  0.31 0.01
   45 S    1 -1  0  0 -1  0  0  0 -1 -2 -2  0 -1 -2  3  3  1 -2 -1 -1    2   1   1   1   0   1   1   2   0   1   2   1   0   1  14  67   1   0   1   1  0.34 0.00
   46 S    1 -1  0  0 -1  0  0  0 -1 -2 -2  0 -1 -2  0  3  1 -2 -1 -1    3   2   2   2   1   1   2   3   1   2   3   2   1   1   2  68   2   0   1   2  0.25 0.00
   47 S    0 -1  0  0 -1  0  0 -1 -1 -2 -2  0 -1 -2  4  2  1 -2 -1 -1    3   2   2   2   1   1   2   3   1   2   3   2   1   1  27  42   2   0   1   2  0.40 0.00
   48 S    0  0  0  0 -1  0  0  0 -1 -1 -1  0 -1 -1  3  2  0 -1 -1 -1    5   3   3   3   1   3   4   4   1   3   5   3   1   2  14  33   4   1   2   4  0.17 0.00
   49 F   -2 -2 -2 -2 -2 -2 -2 -2 -1  0  0 -2  0  6 -2 -2 -2  1  3 -1    2   1   1   1   0   1   1   2   0   1   2   1   0  79   1   2   1   0   1   1  0.47 0.01
   50 N   -1 -1  6  1 -3  0  0 -1  0 -3 -3  0 -2 -3 -2  1  1 -4 -2 -2    0   0  86   0   0   0   0   0   0   0   0   0   0   0   0   0  14   0   0   0  0.63 0.01
   51 D   -2 -2  1  6 -4 -1  1  1 -1 -3 -4 -1 -3 -4 -2  0 -1 -4 -3 -3    0   0   0  86   0   0   0  14   0   0   0   0   0   0   0   0   0   0   0   0  0.80 0.01
   52 I   -1  1 -1 -2 -2  0 -1 -3 -2  2  1  3  0 -1 -2 -1 -1 -3 -2  1    0   0   0   0   0   0   0   0   0  29  22  49   0   0   0   0   0   0   0   0  0.15 0.00
   53 S    0 -1  0 -1 -1 -1 -1 -1 -2 -1 -2 -1 -1 -2 -1  3  4 -3 -2 -1    0   0   0   0   0   0   0   0   0   0   0   0   0   0   0  29  71   0   0   0  0.42 0.01
   54 L   -2 -2 -4 -4 -2 -2 -3 -4 -3  1  4 -3  2  0 -3 -3 -1 -2 -1  1    0   0   0   0   0   0   0   0   0   0 100   0   0   0   0   0   0   0   0   0  0.55 0.03
   55 K   -1 -1 -2 -2 -2 -1 -1 -3 -2  3  1  2  0 -1 -2 -2 -1 -3 -2  2    0   0   0   0   0   0   0   0   0  45   0  30   0   0   0   0   0   0   0  25  0.20 0.02
   56 T    0  0  0 -1 -2  0  0  2 -1 -2 -2  2 -2 -3 -1  2  3 -3 -2 -2    0   0   0   0   0   0   0  15   0   0   0  25   0   0   0  30  30   0   0   0  0.29 0.02
   57 V   -1 -2 -1  1 -2 -2 -1 -3 -1  2  1 -2  0  1 -2 -1  1 -1  3  2    0   0   0  15   0   0   0   0   0  22   9   0   0   0   0   0  12   0  25  17  0.16 0.01
   58 T    0 -1  0 -1 -1  1 -1 -2 -2 -1 -2  1 -1 -3 -1  1  5 -3 -2 -1    0   0   0   0   0   9   0   0   0   0   0   8   0   0   0   0  84   0   0   0  0.47 0.04
   59 P   -1 -3 -2 -2 -3 -2 -1 -3 -3 -3 -3 -1 -3 -4  8 -1 -1 -4 -3 -3    0   0   0   0   0   0   0   0   0   0   0   0   0   0 100   0   0   0   0   0  2.16 0.05
   60 D   -1  3  4  2 -3  0  0 -1  0 -3 -3  2 -2 -3 -2  1 -1 -4 -2 -3    0  25  35  17   0   0   0   0   0   0   0  15   0   0   0   8   0   0   0   0  0.42 0.02
   61 N   -2 -2  4  0 -2 -1 -1 -2 -1  2 -1 -1 -1 -2  1 -1 -1 -4 -2  0    0   0  51   0   0   0   0   0   0  40   0   0   0   0   9   0   0   0   0   0  0.29 0.03
   62 K   -1  1  2 -1 -3  0  0 -2  2 -3 -3  3 -2 -3  3  0  1 -3 -2 -2    0   0  17   0   0   0   0   0   8   0   0  49   0   0  14   0  12   0   0   0  0.37 0.02
   63 N   -1  1  4  1 -3  1  0 -1  3 -3 -3  3 -2 -3 -2  0 -1 -4 -1 -3    0   0  39   8   0   0   0   0  12   0   0  40   0   0   0   0   0   0   0   0  0.43 0.02
   64 S    0  0 -1 -1 -2  0  0 -2 -2 -3 -3  2 -2 -3  5  2  1 -3 -2 -2    0   0   0   0   0   0   0   0   0   0   0  25   0   0  43  24   8   0   0   0  0.75 0.02
   65 F   -1 -1  1 -2 -2 -1 -2 -3 -2  1  2  0  1  3 -3 -2 -1 -1  0  1    0   0  12   0   0   0   0   0   0   0  34  13   0  26   0   0   0   0   0  15  0.15 0.01
   66 V    2 -2 -1 -2 -1 -1 -2  3 -2  0  0 -1  0 -2 -2  1  0 -3 -2  1   30   0   0   0   0   0   0  28   0   0  12   0   0   0   0  13   0   0   0  18  0.21 0.01
   67 C   -1  1 -2 -3  8 -2 -3 -3 -3 -1  0 -2 -1 -2 -3 -1  1 -3 -2 -1    0  13   0   0  63   0   0   0   0   0  12   0   0   0   0   0  12   0   0   0  0.71 0.04
   68 R   -2  4 -1 -2 -3  0  0 -3  2 -2  0  3 -1  1 -2 -1 -1 -2  0 -2    0  50   0   0   0   0   0   0   7   0  10  22   0  12   0   0   0   0   0   0  0.37 0.03
   69 F   -2  1 -2 -3 -2 -1 -2 -3 -2  1  0  0  3  4  1 -2 -2 -1  1  0    0  12   0   0   0   0   0   0   0   6   0   8  24  39   7   0   0   0   0   4  0.27 0.05
   70 N    0  2  3 -1 -3  0 -1 -2  5 -2 -1  1 -1 -2 -2  0 -1 -3  0 -2   14  13  22   0   0   0   0   0  32   0   7   7   0   0   0   4   0   0   0   0  0.33 0.05
   71 A    3  1 -1  0 -1  0  0 -1 -2 -2 -1  1  0 -2 -1  1  0 -3 -2 -1   54   8   0   3   0   0   6   0   0   0   7   8   5   0   0   8   0   0   0   0  0.23 0.05
   72 T    1  3  0  0 -2  1  0 -1 -1 -2 -2  2 -1 -3 -2  1  2 -3 -2 -2   16  22   4   4   0   3   0   0   0   0   0  21   0   0   0   9  21   0   0   0  0.28 0.04
   73 Q   -1  3  3  2 -3  2  1 -2  0 -3 -3  1 -2 -3  0  1  0 -3 -2 -3    0  26  20  11   0  17   5   0   0   0   0   5   0   0   3  10   3   0   0   0  0.38 0.05
   74 L   -1 -1 -2  0 -3  0 -1 -3 -2  0  0  2  5  2 -3 -1 -1 -2 -1  0    2   0   0   7   0   2   3   0   0   5   2  23  38  10   0   2   2   0   0   5  0.28 0.11
   75 E    1  0  0  0 -2  0  2  0  1  0 -1  0 -1 -2  0  0  1 -3 -2  0   16   4   4   3   0   2  23   8   4  12   2   5   0   0   3   1   9   0   0   4  0.11 0.04
   76 V   -1 -2 -1 -3 -2 -1 -1 -3 -3  1  1  0  6 -1 -2 -1  2 -3 -2  1    3   0   2   0   0   2   2   1   0   4   4   7  45   1   1   2  15   0   0   9  0.45 0.18
   77 Q   -1  0  0  0 -3  1  0 -3 -2  1  0  3  3 -2 -2  0  1 -3 -2  0    4   4   3   4   0   7   4   0   0  11   8  25  13   0   0   4  11   0   0   2  0.17 0.10
   78 E    0  1  2  0 -3  1  2 -1 -1 -3 -3  3 -1 -4 -2  1  0 -4 -3 -3    5   8  13   3   0   7  14   3   0   0   0  30   2   0   0   9   7   0   0   0  0.36 0.12
   79 T    0  0  3 -1 -3  0  0 -2 -2 -2 -1  3 -1 -3 -2  1  3 -4 -3 -2    8   3  16   1   0   2   3   1   0   1   4  22   2   0   0   6  31   0   0   0  0.34 0.16
   80 N    0  1  2  0 -3  1  1  0 -1 -2 -1  2 -2 -2 -1  1  1 -3 -2 -2    5   6  16   3   0   4   8   4   0   2   6  15   0   1   2  15  11   0   1   2  0.18 0.08
   81 Q   -1  0  2  2 -3  1  1 -2 -2 -2 -1  2 -2 -3 -2  1  2 -4 -2 -2    2   3  12  12   0   6   6   1   0   2   7  22   0   0   1  10  14   0   1   1  0.24 0.12
   82 P    0  1  0 -1 -3  1  1 -1 -2 -2 -2  1 -2 -3  3  3  2 -3 -2 -2    4   6   3   1   0   4  10   2   0   1   2   9   0   1  13  29  12   0   0   1  0.32 0.14
   83 Y   -1  0  2  0 -3  0  0  0 -1 -1 -1  1 -2  0 -1  1  1 -2  3 -1    2   3  12   6   0   2   3   6   0   3   4  14   0   3   2   9  10   0  15   4  0.13 0.09
   84 A   -1  0 -1 -3 -3 -1 -2 -3 -3  0 -1  0  6 -3  2 -1  3 -4 -2  0    3   5   3   0   0   1   2   1   0   4   2   6  27   0  11   1  27   0   1   5  0.48 0.25
   85 E   -2  0 -2 -1 -5  2  6 -2 -2 -5 -5  1 -4 -5 -3  1  0 -5 -4 -4    0   3   0   0   0   7  66   2   0   0   0   6   0   0   0  10   4   0   0   0  1.10 0.38
   86 T    4 -4 -4 -4 -3 -3 -3 -3 -4  1 -2 -3 -2 -3 -3 -1  0 -5 -3  4   48   0   0   0   0   0   1   0   0   8   0   0   0   0   0   1   5   0   0  37  0.78 0.34
   87 Y   -2  3 -2 -3 -4  1 -1 -4 -1 -2 -2  4 -1 -1 -3 -1 -1 -3  4 -2    2  21   0   0   0   7   1   0   1   3   2  35   1   2   0   4   2   0  18   2  0.59 0.27
   88 A    6 -4 -4 -4 -3 -3 -3 -2 -4 -2 -4 -2 -3 -5 -3 -1 -2 -5 -4  0   89   0   0   1   0   0   0   0   0   2   0   1   0   0   0   0   1   0   0   6  1.40 0.48
   89 V   -2 -1 -3 -3 -2  0 -2 -4  0  2  2  0  0  0 -3 -1  1 -2 -2  2    1   3   0   0   0   4   0   0   3  13  30   7   1   3   0   3  12   0   0  18  0.24 0.15
   90 G    5 -2 -3 -4 -2 -2 -3  3  0 -3 -1 -3 -3 -4 -3  0 -2 -4 -3 -1   59   1   0   0   0   1   0  22   3   0   5   0   0   0   0   4   1   0   0   3  0.75 0.32
   91 R   -3  6 -2 -3 -5  4 -1 -4 -1 -5 -4  4 -3 -4 -3 -3 -3 -5 -3 -5    0  43   1   0   0  23   1   0   1   0   0  30   0   0   0   0   0   0   0   0  1.19 0.40
   92 H   -3 -2  1 -3 -3 -2 -3 -1  6 -3 -3 -3 -2  3 -5 -2  0 -2  6 -3    0   2   7   1   0   1   0   4  26   0   0   0   1  14   0   2   8   0  34   0  1.02 0.36
   93 I    0 -4 -5 -5 -3 -4 -5 -5 -5  6  0 -4  1 -2 -4 -3 -2 -5 -3  4    8   0   0   0   0   0   0   0   0  55   3   0   3   0   0   0   0   0   0  31  1.02 0.34
   94 R   -3  7 -2 -3  4 -1 -3 -3  2 -5 -4  0 -3 -4  0  1 -3 -4 -2 -4    0  65   1   1   9   0   0   1   5   0   0   2   0   0   5  10   0   0   1   0  1.19 0.40
   95 M   -3 -4 -4 -3 -3 -3 -4 -3 -3  4  1 -4  8 -2 -5 -3 -1 -4 -3  2    0   0   0   1   0   0   0   2   0  26   5   0  46   0   0   1   3   0   0  15  1.11 0.39
   96 S    1 -3 -2 -3 -3 -3 -3 -2 -3 -5 -5 -3 -4 -5 -2  6  2 -5 -4 -4   10   1   0   0   0   0   0   1   0   0   0   0   0   0   1  79   9   0   0   0  1.28 0.46
   97 A    4 -4 -4 -4 -4 -3 -3 -3 -4 -2 -4 -3 -4 -4  6 -1 -2 -5 -4  1   36   0   0   0   0   0   0   0   0   1   0   0   0   0  50   1   2   0   0   9  1.34 0.40
   98 D   -2  3  1  0 -3  2 -1 -3  5 -3 -2 -1  3  2 -3 -1 -1 -3  1 -3    1  21   5   7   0   9   1   0  21   0   2   1  11  10   0   5   4   0   3   0  0.46 0.23
   99 K   -4  0 -3 -4 -6 -1 -2 -4 -4 -6 -5  8 -4 -6 -4 -3 -3 -6 -5 -5    0   1   0   0   0   1   0   0   0   0   0  99   0   0   0   0   0   0   0   0  2.08 0.59
  100 A    5 -4 -4 -4 -1 -3 -3 -2 -4 -1 -2 -3  0 -4 -3 -1 -2 -5 -4  3   66   0   0   0   1   0   0   1   0   1   1   0   2   0   0   1   1   0   0  28  0.99 0.39
  101 R   -4  8 -3 -4 -6  1 -3 -5 -3 -6 -4  0 -4 -6 -5 -3 -4 -6 -5 -5    0  93   0   0   0   4   0   0   0   0   1   1   0   0   0   1   0   0   0   0  2.14 0.57
  102 R   -3  7 -3 -4 -5  0 -2 -5 -3 -2  2  0 -1 -4 -4 -3 -3 -5 -4 -2    1  69   0   0   0   3   1   0   0   2  19   1   1   0   0   1   0   0   0   1  1.22 0.41
  103 V   -2 -5 -6 -6 -3 -5 -5 -6 -6  2 -2 -5 -2 -3 -5 -4 -2 -5 -4  7    1   0   0   0   0   0   0   0   0   9   0   0   0   0   0   0   0   0   0  90  1.63 0.49
  104 V    0 -4 -5 -5 -3 -4 -5 -4 -5  6  2 -4  1 -2 -4 -4 -2 -4 -3  3    8   0   0   0   0   0   0   0   0  52  17   0   2   0   0   0   0   0   0  20  0.88 0.31
  105 D   -4 -3  3  7 -6 -3  0 -3 -2 -6 -6 -3 -6 -6 -4 -2 -3 -7 -5 -6    0   0  12  82   0   0   3   0   1   0   0   1   0   0   0   0   0   0   0   0  1.88 0.51
  106 Q   -3 -1 -2 -3 -5  7 -1 -5 -1 -2  3 -2 -1 -4 -4 -2 -2 -4 -4 -3    1   2   1   0   0  59   2   0   1   0  32   0   1   0   0   1   2   0   0   0  1.13 0.44
  107 I   -4 -5 -6 -6 -4 -5 -6 -6 -6  7  0 -5 -1 -3 -5 -5 -3 -5 -4  3    0   0   0   0   0   0   0   0   0  85   2   0   0   0   0   0   0   0   0  13  1.69 0.48
  108 R   -4  8 -3 -4 -4 -1 -3 -5 -2 -6 -5  0 -4 -6 -5 -4 -3 -6 -5 -5    0  96   0   0   0   1   0   0   0   0   0   1   0   0   0   0   0   0   0   0  2.25 0.59
  109 G   -2 -4 -2 -3 -5 -4 -4  7 -5 -6 -6 -4 -5 -6 -5 -3 -4 -2 -4 -6    0   1   1   0   0   0   0  96   0   0   0   0   0   0   0   0   0   1   1   0  2.11 0.52
  110 R   -3  6 -3 -4  1  0 -2 -4 -1 -3 -1  5 -2 -5 -4 -3 -3 -5 -3 -4    0  50   0   0   4   1   0   0   1   1   7  35   0   0   0   0   0   0   0   0  1.12 0.38
  111 P   -1 -2  1  0 -3  1 -1 -2 -1 -4 -3  0 -3 -3  1  5  0 -5 -2 -4    1   1   6   3   0   7   2   1   1   0   2   4   0   1   8  59   3   0   1   0  0.69 0.32
  112 Y    0 -4 -5 -5 -2 -4 -4 -5 -2 -1 -2 -4 -2  0 -5 -4 -1 -1  7  4    7   0   0   0   1   0   0   0   0   1   2   0   0   0   0   0   3   0  55  32  1.32 0.44
  113 E    0  1  1  2 -4  1  5  0 -2 -4 -3  0 -2 -4 -2  0 -2 -4 -4 -3    8   8   5   9   0   4  45   9   0   0   1   3   1   0   1   4   1   0   0   1  0.54 0.24
  114 A   -3 -2 -2  2 -6  2  7 -4 -3 -6 -5  0 -4 -6 -4 -2 -3 -5 -5 -5    0   0   0  11   0   8  76   0   0   0   0   3   0   0   0   0   1   0   0   0  1.49 0.46
  115 S    6 -4 -3 -4 -3 -3 -3 -3 -4 -3 -4 -3 -3 -5 -3 -1  4 -5 -4 -2   69   0   0   0   0   0   0   0   0   1   0   0   0   0   0   1  30   0   0   0  1.19 0.44
  116 L   -3 -4 -4 -5 -3 -2 -4 -6 -5  1  5 -4  1  0 -2 -4 -3 -2 -1  0    0   0   1   0   0   2   0   0   0   7  78   0   1   3   2   0   0   0   1   4  1.02 0.35
  117 M    2 -2  0  0 -3 -1 -2 -2 -3  2 -1 -3  7 -2 -4 -1 -1 -4 -3 -1   24   1   4   6   0   2   2   2   0  11   1   0  37   1   0   3   3   0   0   1  0.55 0.29
  118 V   -3 -5 -5 -5 -3 -5 -5 -5 -5  7  1 -4  1 -2 -5 -3 -1 -5 -3  2    0   0   0   0   0   0   0   1   0  74  11   1   2   0   0   1   3   0   0   8  1.24 0.39
  119 L   -4 -5 -6 -6 -4 -5 -5 -6 -5 -1  6 -5  0 -2 -3 -5 -4 -4 -4 -2    0   0   0   0   0   0   0   0   0   0  98   0   1   0   1   0   0   0   0   0  1.62 0.48
  120 E   -1  3  0  0 -5  2  5 -3 -2 -5 -4  3 -2 -5 -3 -1 -1 -5 -4 -4    3  14   3   2   0   6  47   0   0   0   0  18   1   0   0   1   4   0   0   0  0.79 0.30
  121 L   -4 -4 -4 -5 -3 -4 -5 -5  1 -1  3 -5 -1  7 -5 -4 -4  3  2 -2    0   0   0   0   0   0   0   0   4   0  32   0   0  52   0   1   0   3   6   1  1.19 0.37
  122 M    2 -4 -4 -4 -3 -3 -4 -4 -4 -2  0 -3  8 -3 -4  1  3 -4 -4 -2   15   0   0   0   0   0   0   0   0   1   4   0  52   0   0   9  19   0   0   0  1.14 0.44
  123 P   -4 -4 -2 -4 -6 -3 -4 -5 -3 -6 -5 -4 -5 -7  8 -3 -3 -7 -6 -5    0   0   2   0   0   1   0   0   1   0   1   0   0   0  93   1   1   0   0   0  2.75 0.62
  124 Y   -4  0 -1 -4 -5  3 -2 -5  1 -4 -4  3 -3  0 -4 -3 -3 -1  7 -4    0   5   2   0   0  16   0   0   2   0   0  20   0   1   0   0   1   0  53   0  1.28 0.43
  125 R    2  5 -2 -2 -4  1 -1  0 -2 -4 -4  3 -3 -5 -3  0 -2 -4 -4 -3   17  46   0   1   0   4   1   6   0   0   0  18   0   0   0   4   1   0   0   0  0.76 0.30
  126 A    6 -3 -4 -4 -3 -3 -3 -1 -4 -3 -4 -3 -3 -5 -3  0 -2 -5 -4 -2   88   0   0   0   0   0   0   3   0   0   0   0   0   0   1   5   1   0   0   1  1.37 0.46
  127 C    2 -3 -3 -4  8 -3 -4 -3 -4 -4 -4 -3 -4 -4 -4  4  0 -5 -4 -3   19   0   0   0  38   0   0   1   0   0   0   0   0   0   0  36   5   0   0   0  1.24 0.41
  128 E   -2  0 -1  1 -3 -1  3 -1  0 -3 -3 -1 -3  0  1 -1 -2 -2  6 -1    2   4   2   7   0   1  22   5   1   0   0   2   0   1   9   3   1   0  36   4  0.57 0.27
  129 A   -1 -3 -4 -3 -4 -2 -3 -4 -3  1 -1 -3 -3 -3  7 -2 -2 -5 -4  0    4   1   0   1   0   1   1   0   0  10   7   0   0   1  63   2   1   0   0   7  1.43 0.39
  130 I   -3 -5 -5 -5 -3 -5 -5 -6 -5  6  0 -5 -1 -3 -5 -4 -2 -5 -3  5    0   0   0   0   0   0   0   0   0  57   3   0   0   0   0   0   1   0   0  39  1.30 0.40
  131 I    0 -1 -3 -3 -2 -2  1 -3 -2 -1  2  0  0  3 -3 -1 -1  1  2 -1   10   2   0   0   1   0  13   1   0   1  28   8   1  18   0   4   4   2   6   0  0.22 0.16
  132 K   -3  0 -1 -3 -6  2 -2 -4 -3 -5 -5  7 -4 -6 -4 -3 -3 -6 -4 -5    0   1   1   0   0   9   0   1   0   0   0  88   0   0   0   0   0   0   0   0  1.75 0.53
  133 I   -2 -4 -5 -5 -2 -4 -5 -5 -5  1  4 -4  0 -2 -5 -4 -2 -3 -3  5    1   0   0   0   0   0   0   0   0   3  43   0   1   0   0   0   0   0   0  51  0.99 0.35
  134 V   -2 -4 -5 -5 -3 -4 -5 -5 -5  3  4 -4  0 -2 -5 -4 -2 -4 -3  4    1   0   0   0   0   0   0   0   0  14  46   0   0   0   0   0   0   0   0  38  0.90 0.31
  135 F    0  2  1 -1  0  0  0 -3  1 -3 -2  1 -1  0 -3  0 -2  0  5 -2   11  11   8   2   2   2   7   0   3   0   2  11   2   3   0   6   0   1  28   1  0.36 0.20
  136 S   -1 -4 -2 -3 -4 -3 -3 -3 -4 -5 -4 -3 -4 -3 -4  7 -1 -5 -3 -4    2   0   1   0   0   0   0   0   0   0   1   0   0   1   0  94   1   0   0   0  1.67 0.56
  137 A    7 -2 -4 -4 -3 -3 -3 -2 -4 -4 -4 -3 -4 -5 -3 -1 -3 -5 -4 -2   97   1   0   0   0   0   0   1   0   0   0   0   0   0   0   0   0   0   0   1  1.66 0.53
  138 G    5 -4 -4 -4 -2 -3 -3 -1 -4  3 -2 -3  0 -3 -3 -2 -2 -4 -3  3   54   0   0   0   0   0   0   3   0  18   1   1   1   0   0   0   1   0   0  20  0.70 0.31
  139 A    6 -3 -4 -4 -3 -3 -2 -2 -4 -4 -4 -3 -4 -5 -3  0 -1 -5 -4 -3   93   0   0   0   0   0   1   0   0   0   0   0   0   0   0   3   2   0   0   0  1.54 0.50
  140 N   -3 -3  9 -2 -6 -3 -3 -3 -2 -6 -6 -3 -5 -6 -5 -2 -3 -7 -5 -6    1   0  98   0   0   0   0   0   0   0   0   0   0   0   0   1   0   0   0   0  2.44 0.64
  141 A    6 -4 -4 -2 -3 -3 -3 -1 -4 -4 -4 -3 -4 -5 -3 -1 -3 -5 -4 -2   93   0   0   1   0   0   0   2   0   0   0   0   0   0   0   0   0   0   0   1  1.51 0.51
  142 S   -2  1  1 -1 -4  1  5 -3 -2 -2 -4  0 -3 -4 -3  3 -1 -4 -3 -3    1   6   8   0   0   4  43   0   0   2   0   5   0   0   0  23   3   0   1   0  0.64 0.29
  143 H   -3 -3  5 -2 -5  0 -2 -4  9 -5 -5 -2 -4 -3 -4 -2 -2 -5  1 -3    2   0  28   1   0   3   1   0  54   0   0   1   0   1   0   1   1   0   4   2  1.55 0.47
  144 N   -4 -3  8 -1 -5 -3 -3 -2 -2 -5 -4 -2 -4 -6 -5 -2 -2 -6 -3 -5    0   0  87   0   0   0   0   2   0   0   1   2   0   0   0   1   2   0   1   0  1.93 0.56
  145 L   -1 -1 -1 -1 -3 -1  0 -4  1 -1  1 -1  5  3 -4 -2 -2 -2  3 -1    4   4   3   2   0   2   8   0   3   1  16   4  23  13   0   1   0   0  12   0  0.31 0.20
  146 G   -1 -2  1  2 -3 -1  0  5 -2 -5 -5 -2 -4 -5 -3  0 -3 -5 -4 -5    3   1   6  15   0   2   5  58   0   0   0   1   0   0   0   5   0   0   0   0  0.94 0.31
  147 L   -1 -4 -4 -5 -3 -3 -4 -4 -3  0  4 -4  4  4 -4 -1 -3 -2 -1 -1    5   0   0   0   0   0   0   0   0   3  49   0  14  19   0   6   0   0   1   0  0.67 0.28
  148 S   -3 -2  5  5 -5 -2  0 -3 -2 -4 -5  0 -4 -5 -4  0 -2 -6 -4 -5    1   1  35  43   0   1   3   0   0   1   0   4   0   0   0   7   1   0   0   0  1.04 0.35
  149 K   -1  1 -2 -2 -4 -1  3 -3 -2 -1 -3  3 -2 -4  3 -2 -1 -4 -3  0    4   8   1   0   0   0  24   0   0   4   1  28   0   0  16   1   2   0   0   9  0.47 0.24
  150 S    3  0  1  3 -3  0  1 -1 -2 -3 -3  0 -3 -4 -2  1  1 -4 -3 -2   28   5   5  23   0   2  10   3   0   0   0   3   0   0   0   9   9   0   0   1  0.36 0.19
  151 S   -1 -1  4  4 -4  0  1 -2 -1 -4 -4  0 -3 -3 -3  1  1 -5 -3 -4    3   3  25  24   0   2  10   0   0   0   0   4   0   1   0  13  11   0   1   0  0.53 0.23
  152 L   -4 -4 -5 -6 -4 -4 -5 -6 -5 -1  6 -5  0 -1 -4 -1 -3 -4 -3 -2    0   0   0   0   0   0   0   0   0   0  89   0   1   1   0   6   0   0   0   0  1.29 0.43
  153 F   -3 -3 -4 -5 -3 -4 -4 -5 -3  2 -1 -1 -1  4 -4 -3 -2  1  4  4    0   1   0   0   0   0   0   0   0  13   2   4   0  23   0   1   0   2  14  38  0.68 0.28
  154 I   -3 -5 -5 -5 -3 -5 -5 -6 -5  6 -1 -5 -1 -3 -5 -4 -2 -5 -4  5    0   0   0   0   0   0   0   0   0  55   0   0   0   0   0   0   1   0   0  41  1.29 0.42
  155 S    1 -2 -1 -2 -2 -2 -2 -2 -3 -3 -4  0 -3 -4 -3  5  1 -3 -3 -3   12   1   1   1   0   0   1   1   0   1   1   5   0   0   0  65   7   0   1   0  0.84 0.37
  156 K   -1  1 -1 -1 -4  2  4 -3 -1 -4 -4  4 -2 -4 -3 -1  1 -4 -3 -3    4   4   1   0   0  11  29   0   1   0   0  36   1   0   0   2   8   0   1   1  0.63 0.28
  157 A    6 -4 -4 -4  2 -3 -3 -3 -4  1 -3 -3 -2 -4 -3 -1 -2 -5 -4  1   72   0   0   0   3   0   0   0   0  10   0   0   0   0   0   0   1   0   0  10  0.98 0.39
  158 E   -3 -1 -3 -2 -3  0  4 -4 -1 -3 -3  0 -2  4 -4 -2 -2  1  5 -3    0   3   0   0   0   3  30   0   0   0   0   5   1  24   0   1   1   1  26   1  0.78 0.32
  159 V    3 -5 -5 -5 -2 -4 -4 -4 -5  0 -2 -4 -2 -3 -4 -3 -2 -5 -4  6   23   0   0   0   0   0   0   0   0   1   0   0   0   0   0   0   0   0   0  74  1.19 0.44
  160 N   -4 -3  6  6 -4 -2 -2 -3 -1 -6 -6 -3 -5 -6 -4 -2 -3 -6 -5 -5    0   0  45  49   0   0   0   0   1   0   0   0   0   0   0   1   0   0   0   0  1.55 0.47
  161 E   -2  0 -1  0 -5  3  6  0 -2 -5 -5  1 -1 -5 -2 -2 -3 -5 -4 -4    1   4   1   3   0  12  59   8   0   0   0   7   2   0   1   1   0   0   0   0  0.94 0.35
  162 G   -2 -5 -2 -4 -5 -4 -5  7 -5 -6 -6 -4 -5 -6 -5  0 -4 -5 -6 -6    1   0   1   0   0   0   0  93   0   0   0   0   0   0   0   5   0   0   0   0  1.99 0.50
  163 K   -1 -3 -3 -4 -4 -3 -3 -3 -4 -3 -4 -2  0 -5  7  0  4 -5 -5 -2    5   1   1   0   0   0   0   1   0   0   0   1   3   0  56   5  26   0   0   1  1.43 0.41
  164 T   -1 -1 -2 -3 -1 -3 -3 -4 -4  1 -2 -2  0 -1 -3  1  6 -4 -2  1    2   3   1   0   1   0   0   0   0  10   2   2   2   3   0   7  58   0   1   8  0.72 0.32
  165 L   -1 -2 -4 -5 -3 -3 -4 -4 -4  1  4 -3  6  0 -4 -2 -2 -2 -2  2    4   2   0   0   0   0   0   1   0   4  40   0  28   2   0   2   1   0   1  16  0.71 0.28
  166 K   -4  1 -3 -3 -6 -1 -2 -4 -3 -6 -5  8 -4 -6 -3 -3 -3 -6 -5 -5    0   4   0   0   0   0   0   0   0   0   0  96   0   0   1   0   0   0   0   0  1.99 0.57
  167 R   -4  7 -3 -4 -6 -1 -2 -5 -3 -6 -5  4 -4 -6 -4 -3 -4 -5 -4 -5    0  72   0   0   0   0   0   0   0   0   0  28   0   0   0   0   0   0   0   0  1.77 0.50
  168 V   -3 -2 -5 -5 -3 -4 -5 -5 -3  2  2 -4  0  6 -5 -4 -3  0  3  0    1   2   0   0   0   0   0   0   0  14  24   0   1  44   0   0   0   1   8   4  0.87 0.29
  169 R   -3  6 -2 -3 -5  3 -1 -4  0 -5 -4  4  1 -4 -4 -2 -3  2 -3 -4    0  49   1   0   0  13   1   0   2   0   0  26   4   0   0   0   0   3   0   0  1.10 0.37
  170 A   -2 -5 -5 -4 -6 -4 -4 -5 -3 -5 -4 -4 -5 -5  8 -3 -4 -7 -6 -5    3   0   0   0   0   0   0   0   0   0   2   0   0   1  93   1   0   0   0   0  2.76 0.63
  171 R   -4  8 -3 -4 -6  1 -3 -3 -2 -6 -5  0 -4 -6 -5 -3 -4 -6 -4 -4    0  93   0   0   0   4   0   2   1   0   0   0   0   0   0   0   0   0   0   1  2.10 0.57
  172 A    7 -4 -4 -4 -3 -3 -3 -1 -4 -4 -4 -3 -4 -5 -3 -1 -3 -5 -4 -3   96   0   0   1   0   0   0   2   0   0   0   0   0   0   0   1   0   0   0   0  1.61 0.52
  173 Q   -3  5 -2 -3 -5  6 -1 -4 -2 -5 -4  3  2 -4 -4 -3 -3 -3 -2 -4    0  37   0   0   0  39   0   0   0   0   0  15   7   1   0   0   0   0   1   0  1.17 0.41
  174 G   -2 -5 -3 -4 -5 -5 -5  7 -5 -7 -7 -4 -5 -6 -5 -3 -4 -5 -6 -6    0   0   0   0   0   0   0 100   0   0   0   0   0   0   0   0   0   0   0   0  2.29 0.56
  175 R   -3  8 -3 -4 -3  0 -3 -5 -1 -6 -5 -1 -3 -6 -5 -1 -4 -5 -4 -5    1  90   0   0   1   2   0   0   1   0   0   0   1   0   0   5   0   0   0   0  1.98 0.55
  176 A    5 -3  0 -3 -2 -3 -3  1 -3 -4 -4 -3 -3 -4 -3  3 -1 -5 -4 -2   55   0   4   0   0   0   0  11   0   0   0   0   0   0   0  27   1   0   0   1  0.84 0.34
  177 N   -3 -3 -1  2 -2 -3 -3 -4  0 -3 -3 -4 -3  4 -5  1 -2 -1  7 -4    1   1   3  12   1   0   0   1   1   0   0   0   0  19   0  13   1   0  49   0  1.13 0.39
  178 Q   -1  3 -3 -3 -2  2 -2 -3 -1 -1  0  0 -1 -4  5 -1 -2 -4 -3 -2    5  24   0   0   1  12   0   1   1   5  12   4   1   0  30   3   1   0   0   1  0.62 0.25
  179 I   -4 -4 -6 -6 -4 -5 -6 -6 -6  8  0 -5  0 -3 -5 -5 -3 -2 -4  0    0   1   0   0   0   0   0   0   0  93   2   0   1   0   0   0   1   1   0   1  1.84 0.52
  180 L   -3  4  2 -2 -4  1 -1 -4  2 -3  0  5 -1 -3 -3 -2 -2 -4 -3 -3    0  24  13   0   0   4   0   0   4   1  11  40   1   1   0   0   0   0   0   0  0.68 0.29
  181 K   -3  4 -2 -3 -6 -1 -2 -4 -2 -4 -5  7 -4 -6 -4 -3 -3 -5 -4 -4    0  26   0   0   0   0   0   0   1   0   0  72   0   0   0   0   0   0   0   1  1.53 0.47
  182 R   -3  6 -3 -3 -5  0 -3 -4 -2 -5 -5  0 -4 -5  6 -1 -1 -5 -4 -5    0  49   0   0   0   3   0   0   1   0   0   2   0   0  37   4   3   0   0   0  1.36 0.41
  183 T   -2 -3 -2 -4 -4 -3 -4 -4 -4 -3 -3 -3  1 -4 -3  0  7 -5 -4 -3    0   0   1   0   0   0   0   0   0   0   1   0   4   0   1   4  89   0   0   0  1.69 0.55
  184 C   -2 -5 -3 -4  9 -4 -4 -4 -5 -4 -4 -4 -4 -3 -4  4 -2 -5 -5 -3    0   0   0   0  56   0   0   0   0   0   0   0   0   1   0  42   0   0   0   0  2.01 0.54
  185 H   -5 -3 -1 -4 -6 -2 -3 -5 11 -6 -5 -4 -5 -4 -5 -4 -4 -6 -1 -6    0   0   1   0   0   1   1   0  95   0   0   0   0   0   0   0   0   0   0   0  3.09 0.70
  186 I   -4 -5 -6 -6 -4 -5 -6 -6 -6  8 -1 -4  0 -3 -5 -5 -3 -5 -4  1    0   0   0   0   0   0   0   0   0  92   1   1   1   0   0   0   0   0   0   5  1.80 0.50
  187 T   -2 -3 -2 -4 -4 -3 -3 -4 -4 -2 -3 -1 -2 -5 -4  0  7 -5 -4 -2    0   0   0   0   0   0   0   0   0   1   0   3   1   0   0   4  89   0   0   0  1.67 0.53
  188 I   -3 -5 -5 -5 -2 -5 -5 -6 -5  6  0 -5 -1 -2 -5 -4 -3 -5 -3  5    1   0   0   0   0   0   0   0   0  55   3   0   0   0   0   0   0   0   0  41  1.25 0.39
  189 T    0 -4 -4 -4 -3 -3 -2 -3 -4  2 -1  0 -1 -2 -4 -2  0 -5 -3  6    7   0   0   0   0   0   3   1   0   7   0   6   0   1   0   2   4   0   0  70  0.84 0.33
  190 V   -3 -4 -5 -5 -3 -4 -5 -5 -5  1  3 -4  2 -2 -5 -3 -2 -4 -3  5    0   0   0   0   0   0   0   0   0   2  37   0   4   0   0   1   0   0   0  57  1.00 0.35
  191 R    1  2  0 -1 -4  1  2 -2 -2 -4 -4  4 -3 -4 -2  2  0 -4 -3 -3   13   8   2   1   0   4  13   1   0   0   0  37   0   0   0  16   4   0   0   0  0.50 0.22
  192 G   -2 -2  0  5 -4  0  4 -2 -2 -4 -4 -1 -4 -4 -1  2  0 -5 -3 -4    2   0   2  35   0   1  32   2   0   0   0   2   0   0   3  15   4   0   1   0  0.73 0.27
  193 L   -1  3 -2 -2 -3  1 -1 -3 -2  2  0  4 -1 -3 -2 -1  0 -4 -3  0    2  19   1   0   0   5   1   1   0  19   7  31   1   0   1   2   6   0   0   5  0.34 0.18
  194 P    0 -1  0 -1 -3  0  1 -2 -2 -3 -3  2 -3 -2  3  3  0 -4 -3 -2    4   0   2   0   0   3  11   0   0   0   2  18   0   2  13  36   5   0   0   1  0.44 0.21
  195 D   -1  0  0  1 -3  0  3 -2 -2 -2  0  3 -2 -1 -1  0 -1 -3  0 -1    4   2   3   7   0   1  25   2   0   1  13  23   0   2   1   6   3   0   5   3  0.22 0.13
  196 E   -1  0  0  2 -3  1  2 -1 -1 -3 -1  2 -2 -2 -1  1 -1 -3  1 -2    2   1   4  14   0   3  20   5   0   0   7  18   1   1   1  14   2   0   6   2  0.22 0.10
  197 S    1 -1  2  2 -3  0  3 -1 -1 -2 -3  2 -2 -1 -2  1  0 -3 -1 -2   12   0  10  10   0   2  26   4   0   1   1  16   0   2   0   8   5   0   3   1  0.27 0.11
  198 D    0 -1  0  1 -3  2  3 -2 -1 -2 -1  1 -1 -2 -2  0  0 -3  1 -1    6   1   4   8   0  14  29   2   0   0   4   8   1   0   0   6   4   0   8   4  0.27 0.11
  199 K   -1  1  0  0 -3  0  2 -1  0 -1 -1  1 -1  1 -2  0 -1  1  3 -1    3   9   4   4   0   2  16   3   1   4   4  14   0   6   0   5   3   2  16   4  0.14 0.07
  200 E   -1  1  1  1 -4  1  4 -1 -1 -4 -3  2 -3 -3 -2  0 -1 -3 -1 -3    4   8   7   4   0   3  41   4   0   0   0  17   0   0   0   6   2   0   2   1  0.44 0.13
  201 E    1  2  0  0 -3  2  4 -2 -1 -2 -3  1 -2 -1 -1  0 -1 -3 -2 -2   13  14   2   3   0   7  37   0   0   3   0   9   0   3   1   4   2   0   0   2  0.33 0.09
  202 N   -1  0  3  2 -3  0 -1  2 -1 -2 -3  2  0 -3 -2  1 -1 -4 -3 -2    1   3  21  14   0   1   0  20   0   4   0  18   5   0   0  11   2   0   0   0  0.28 0.07
  203 S    1  0  0  2 -2  0  1 -1 -1 -1 -2  1 -2 -2 -2  2  0 -3  0 -1   18   5   0  18   0   0   5   0   0   7   0   9   0   0   0  32   2   0   4   0  0.22 0.05
  204 S    1 -1  0 -1 -2 -1 -1  2 -2 -3 -3 -1 -2 -3 -1  4  2 -3 -2 -2    4   0   0   0   0   0   0  14   0   0   0   0   0   0   0  72  10   0   0   0  0.51 0.08

                      K         Lambda
Standard Ungapped    0.1304     0.3179
Standard Gapped      0.0506     0.2670
PSI Ungapped         0.1661     0.3100
PSI Gapped           0.0506     0.2670
