
Last position-specific scoring matrix computed, weighted observed percentages rounded down, information per position, and relative weight of gapless real matches to pseudocounts
           A  R  N  D  C  Q  E  G  H  I  L  K  M  F  P  S  T  W  Y  V   A   R   N   D   C   Q   E   G   H   I   L   K   M   F   P   S   T   W   Y   V
    1 M   -3 -4 -5 -6 -4 -3 -5 -5 -4 -1  0 -4 10 -2 -5 -4 -3 -4 -3 -2    0   0   0   0   0   0   0   0   0   0   0   0 100   0   0   0   0   0   0   0  2.41 0.47
    2 S   -1 -3 -2 -3 -4 -2 -2 -3 -3 -4 -5 -2 -4 -5  7  4 -1 -5 -4 -4    1   0   0   0   0   0   0   0   0   0   0   0   0   0  57  42   0   0   0   0  1.55 0.30
    3 R   -4  8 -3 -4 -6 -1 -2 -5 -2 -5 -4  0 -4 -5 -4 -3 -3 -5 -4 -5    0 100   0   0   0   0   0   0   0   0   0   0   0   0   0   0   0   0   0   0  2.02 0.39
    4 R   -3  6 -2 -3 -5  0 -1 -4 -2 -5 -4  5 -3 -5 -3 -2 -3 -5 -4 -4    0  62   0   0   0   1   0   0   0   0   0  37   0   0   0   0   0   0   0   0  1.33 0.29
    5 R   -1  3  1 -2 -4 -2 -2  5  0 -4 -4 -1 -3 -4 -3  1 -1 -4 -3 -4    1  20   5   0   0   0   0  55   3   0   0   2   0   0   0   9   4   0   0   0  0.78 0.19
    6 T    0  0  1 -2 -3  0  0 -2  3 -1 -2  0 -2 -2  3  0  2 -3  0  1    5   6   7   0   0   2   5   1  12   3   0   3   0   0  15   5  17   0   3  14  0.22 0.09
    7 A    3 -3 -2 -3 -2 -2 -3 -3 -3  3 -1 -2 -1 -2 -2 -1  1 -4 -3  4   31   0   2   0   0   0   0   0   0  16   0   1   0   0   1   2   7   0   0  39  0.43 0.16
    8 K    2 -1 -2 -1 -3  2  2 -1 -2 -3 -3  2 -2 -3  4  0  0 -4 -3 -2   21   1   0   0   0   9  21   4   0   1   1  14   0   1  21   2   4   0   0   2  0.44 0.13
    9 K   -2  2 -2 -2 -5  1  0 -2 -2 -4 -4  6 -3 -5 -1 -2 -2 -5 -3 -4    0   8   0   0   0   5   4   1   1   1   0  76   0   0   3   0   1   0   0   0  1.05 0.27
   10 R   -3  7 -2 -3 -5  0 -1 -4 -2 -5 -4  3 -3 -5 -2 -2 -3 -5 -4 -4    0  82   0   0   0   1   1   0   0   0   0  14   0   0   1   0   0   0   0   0  1.51 0.31
   11 I   -2 -1 -1  4 -4  1  3 -3 -2 -1 -2  1 -2 -3  2 -1  1 -4 -3 -2    1   0   0  26   0   4  28   0   0   4   2   8   0   1  10   1  12   0   0   3  0.44 0.13
   12 V    1 -4 -4 -4 -2 -3 -3 -3 -4  3  0 -3 -1 -2 -3 -2  0 -4 -3  5   12   0   0   0   0   0   0   1   0  23   1   1   0   0   0   0   4   0   0  59  0.66 0.19
   13 M   -2 -1 -2 -3 -3 -2 -2 -4 -3  0  4  1  2 -1  2 -2 -1 -3 -2 -1    2   1   2   1   0   0   1   0   0   2  57  15   4   0  11   1   2   0   0   1  0.42 0.15
   14 P    0 -4 -3 -3 -4 -2 -2 -3 -4 -4 -4 -3 -4 -4  8  1 -2 -5 -4 -3    9   0   0   0   0   1   0   1   0   0   0   0   0   1  76  12   0   0   0   1  1.85 0.29
   15 D   -4 -4  0  8 -6 -2  0 -3 -3 -5 -6 -3 -5 -6 -4 -2 -3 -6 -5 -5    0   0   1  99   0   0   0   0   0   0   0   0   0   0   0   0   0   0   0   0  2.02 0.35
   16 P   -2 -4 -4 -4 -5 -3 -3 -4 -4 -5 -5 -3 -5 -6  8 -1 -3 -6 -5 -4    2   0   0   0   0   0   0   0   0   0   0   0   0   0  94   4   0   0   0   0  2.56 0.37
   17 V   -2 -1 -3 -4 -2 -1 -3 -4 -3  4  1  2  1 -1 -3 -3 -1 -4 -2  3    0   2   0   0   0   2   0   0   0  38   7  19   4   1   0   0   1   0   0  26  0.42 0.15
   18 Y   -4 -4 -4 -5 -5 -4 -4 -5  1 -3 -3 -4 -3  4 -5 -4 -4  0  9 -3    0   0   0   0   0   0   0   0   2   0   0   0   0  15   0   0   0   0  83   0  2.00 0.36
   19 K   -2  2  5  0 -4  0 -2  3  2 -5 -4  0 -3 -4 -3 -1 -2 -2 -3 -4    0  16  45   1   0   2   0  23   5   0   0   5   0   0   0   2   0   1   0   0  0.71 0.18
   20 N   -1 -2  5  1 -3 -2 -1 -2 -2 -4 -4 -2 -3 -4 -3  5 -1 -5 -4 -4    0   0  32   8   0   0   1   0   0   0   0   0   0   0   0  59   0   0   0   0  0.92 0.25
   21 S   -2  4 -2 -2 -2  1  1 -3 -2 -1 -2  4 -2 -4 -2 -1 -1 -4 -2  0    1  35   0   0   1   4   8   0   0   3   1  34   0   0   0   1   3   0   0   8  0.56 0.16
   22 L   -2 -3 -3 -4 -2 -3 -3 -5 -4  1  5 -3  1 -1 -4 -3  0 -3 -2  2    0   1   1   0   0   0   1   0   0   3  67   0   2   0   0   1   5   0   0  19  0.65 0.18
   23 L   -1 -4 -4 -5 -2 -4 -4 -5 -5  2  1 -4  0 -2 -4 -3 -2 -4 -3  6    4   0   0   0   0   0   0   0   0   5  14   0   0   1   0   0   0   0   0  77  0.89 0.23
   24 E    2 -2  3 -2 -2 -1 -1 -2 -1 -3 -3 -2 -2 -4 -2  2  5 -4 -3 -2   18   0  19   0   0   1   1   0   1   0   0   0   0   0   0  13  46   0   0   0  0.59 0.19
   25 L   -2  3 -2 -3 -4  0 -2 -4 -2 -2 -1  5  6 -3 -3 -2 -2 -4 -3 -2    0  19   0   0   0   0   0   0   0   1   2  45  31   0   0   1   0   0   0   0  0.81 0.24
   26 I   -3 -4 -4 -5 -3 -3 -4 -5 -3  1  4 -4  3  5 -4 -3 -1 -2  0  0    0   0   0   0   0   0   0   0   0   3  56   0   7  29   0   0   4   0   0   2  0.75 0.19
   27 V   -2 -4 -4 -5 -2 -4 -4 -4 -4  5  0 -4  2 -2 -4 -3 -1 -4 -3  4    1   0   0   0   0   0   0   0   0  55   0   0   7   0   0   0   2   0   0  33  0.84 0.21
   28 R   -3  1  8 -1 -3 -1 -2 -2 -1 -4 -5 -2 -4 -5 -4 -1 -2 -5 -4 -3    1   9  83   0   1   0   0   0   1   0   0   0   0   0   0   2   0   0   0   1  1.45 0.31
   29 Q   -2  5  2 -2 -2  1 -1 -2  3 -2 -3  2 -1 -3 -3  0 -1 -4 -2 -1    1  38  14   0   1   6   0   1   9   3   0  13   2   0   0   7   1   0   0   4  0.46 0.14
   30 V   -2 -4 -4 -5 -2 -4 -4 -5 -4  5  2 -4  2 -1 -4 -3 -2 -4 -2  3    0   0   0   0   0   0   0   0   0  50  20   0   4   0   0   0   0   0   0  26  0.75 0.18
   31 M   -3 -4 -4 -5 -3 -2 -4 -5 -4 -1  2 -4  9 -2 -5 -4 -3 -4 -3 -1    0   0   0   0   0   0   0   0   0   0  17   0  82   0   0   0   0   0   0   1  1.76 0.37
   32 R   -2  1 -2 -2 -3  0  0 -3 -1  1  2  3  0 -1 -3 -2 -1  2  1  1    0   9   0   0   0   3   4   0   0   6  27  26   2   1   0   1   0   3   7  11  0.21 0.10
   33 N   -2 -1  2  6 -4 -1  0 -3  5 -5 -5 -1 -3 -4 -3  1 -2 -5 -3 -4    1   2   7  56   0   1   2   0  16   0   0   1   0   0   0  12   0   0   0   0  0.95 0.22
   34 G   -2 -4 -2 -3 -4 -4 -4  7 -4 -6 -6 -3 -5 -5 -4 -2 -3 -4 -5 -5    0   0   0   0   0   0   0 100   0   0   0   0   0   0   0   0   0   0   0   0  1.93 0.32
   35 K   -3  1 -2 -3 -5  0 -1 -4 -3 -5 -4  7 -3 -5 -3 -2 -3 -5 -4 -4    0   1   0   0   0   0   1   0   0   0   0  98   0   0   0   0   0   0   0   0  1.60 0.34
   36 K   -2  3 -2 -3 -5  0 -1 -3 -2 -5 -4  7 -3 -5 -3 -2 -2 -5 -4 -4    0  14   0   0   0   0   0   0   0   0   0  85   0   0   0   0   0   0   0   0  1.34 0.30
   37 L    0 -3 -1 -2 -3 -2 -2  4 -2 -4 -3 -2 -3 -4 -3  5  0 -4 -4 -3    2   0   0   0   0   0   0  38   1   0   1   0   0   0   0  56   2   0   0   0  0.86 0.23
   38 L   -1 -3 -3 -4 -2 -2 -3 -4 -4  2  3  0  0 -2 -3 -2  2 -3 -2  3    2   0   0   0   0   0   0   0   0   9  30   6   0   0   0   0  18   0   0  35  0.39 0.14
   39 A    6 -3 -3 -3 -2 -3 -3 -1 -3 -3 -3 -2 -3 -4 -3  1 -2 -4 -4 -2   95   0   0   0   0   0   0   1   0   0   0   0   0   0   0   4   0   0   0   0  1.21 0.30
   40 Y   -1 -1 -1 -1 -4  4  4 -3  0 -4 -3 -1 -2 -1 -3  1 -1 -2  4 -3    4   1   0   0   0  30  31   0   1   0   0   0   0   1   0   9   2   0  20   0  0.64 0.20
   41 R   -1  4  0 -2 -4  2  0 -1  0 -4 -3  4 -2 -4 -2  0  0 -3 -3 -3    4  29   3   0   0  11   1   3   1   0   0  34   0   0   0   8   5   0   0   0  0.55 0.15
   42 I   -3 -5 -4 -5 -3 -5 -5 -6 -5  7  0 -5 -1 -2 -5 -4 -2 -4 -3  1    0   0   1   0   0   0   0   0   0  94   2   0   0   0   0   0   0   0   0   3  1.41 0.30
   43 M   -2 -4 -4 -4  3 -3 -4 -4 -4  3  3 -4  1  1 -4 -3 -2 -3 -2  4    0   0   0   0   9   0   0   0   0  14  30   0   2   7   0   0   0   0   0  37  0.53 0.15
   44 Y   -4 -4 -4 -5 -5 -4 -4 -5  0 -4 -3 -4 -3  1 -5 -3 -4  0  9 -3    0   0   0   0   0   0   0   0   1   0   0   0   0   0   0   1   0   0  97   0  2.33 0.41
   45 N   -1  2  1  3 -4  0  1  4 -2 -4 -4  0 -3 -4 -3  0 -1 -4 -3 -4    2  12   8  19   0   4   7  37   0   0   0   5   0   0   0   3   2   0   0   0  0.50 0.12
   46 S    6 -3 -3 -3 -2 -3 -3 -2 -3 -3 -3 -2 -3 -4 -3  0 -1 -4 -4 -2   96   0   0   0   0   0   0   0   0   0   0   0   0   0   0   4   1   0   0   0  1.24 0.30
   47 M   -3 -4 -4 -5 -3 -4 -4 -5 -3  0  2 -4  5  6 -5 -4 -3 -1  0  0    0   0   0   0   0   0   0   0   0   3  24   0  20  50   0   0   0   0   0   4  0.95 0.22
   48 I   -2 -1  0  5 -4  0  3 -2 -2 -3 -4  3 -3 -4 -2 -1 -1 -5 -4 -4    2   1   3  44   0   1  18   2   0   1   0  24   0   0   0   2   3   0   0   0  0.71 0.18
   49 K   -2  1  0 -1 -3  1 -1 -3 -2  3  1  1  1 -2 -3 -1  1 -3 -2  0    1   8   5   2   0   7   2   0   0  33  13  14   3   0   0   1   9   0   0   2  0.17 0.10
   50 I   -2 -4 -5 -5 -2 -4 -4 -5 -5  6  1 -4  1 -2 -4 -4 -2 -4 -3  3    1   0   0   0   0   0   0   0   0  66   5   0   2   0   0   0   0   0   0  25  0.94 0.22
   51 A    1  2 -1 -1 -3  3  2  0 -1 -4 -3  3 -2 -4 -2  0 -1 -4 -3 -3   15  12   2   0   0  22  15   5   0   0   0  24   0   0   0   4   1   0   0   0  0.43 0.13
   52 E   -1 -1 -1  1 -5  4  6 -3 -1 -4 -4  0 -3 -5 -3 -1 -2 -4 -3 -4    5   1   1   5   0  22  60   0   0   0   0   2   0   0   0   3   0   0   0   0  0.93 0.23
   53 M   -2  4 -1 -2 -5  1  0 -3 -2 -4 -4  6 -1 -4 -3 -1 -1 -4 -3 -4    1  27   0   0   0   2   5   0   0   0   0  60   1   0   0   2   2   0   0   0  0.93 0.23
   54 T    0 -2 -1 -3 -3 -2 -2 -3 -3 -2 -2  0 -1 -3 -3  1  6 -4 -3 -2    4   1   1   0   0   0   0   1   0   1   3   5   1   0   0   9  76   0   0   1  0.93 0.26
   55 Q   -1 -1  1 -1 -4  0  1  5 -2 -5 -4  2 -3 -4 -3  0 -2 -4 -4 -4    0   1   5   1   0   4  11  56   0   0   0  18   0   0   0   3   0   0   0   0  0.77 0.18
   56 K   -1  2  2 -1 -4  2  2 -1 -1 -4 -3  4 -2 -4 -2  0  1 -4 -3 -3    3   8  12   0   0   9  13   4   0   0   0  40   0   0   0   3   8   0   0   0  0.47 0.14
   57 D   -2 -2  4  6 -5 -1  3 -2 -2 -5 -5 -1 -4 -5  0 -1 -2 -5 -3 -4    1   0  20  53   0   0  18   1   0   0   0   1   0   0   5   1   0   0   0   0  0.98 0.21
   58 P    1 -4 -4 -3 -4 -3 -3 -2  0 -4 -5 -3 -4 -5  8 -2 -3 -5 -4 -4   15   0   0   0   0   0   0   2   3   0   0   0   0   0  78   1   0   0   0   0  1.96 0.31
   59 L   -2 -3 -4 -5 -3 -3 -4 -5 -4  2  5 -3  4 -1 -4 -3 -2 -3 -2  1    0   0   0   0   0   0   0   0   0  11  67   1  12   0   0   0   1   0   0   8  0.77 0.19
   60 D   -1 -1 -1  2 -4  0  5 -3 -2 -3 -4  0 -3 -2 -2  1 -1 -4 -1 -3    3   1   1   8   0   1  62   0   0   1   0   4   0   1   1  12   1   0   2   1  0.75 0.20
   61 V    0 -4 -4 -4 -2 -3 -4 -4 -4  2  0 -3  0 -2 -4 -2  0 -4 -3  6    6   0   0   0   0   0   0   0   0   6   6   0   1   0   0   0   6   0   0  74  0.79 0.22
   62 L   -4 -4 -5 -5 -4 -5 -5 -5 -3 -1  2 -5 -1  7 -5 -4 -3 -1  1 -1    0   0   0   0   0   0   0   0   0   1  26   0   0  72   0   0   0   0   1   1  1.35 0.27
   63 E   -2  3 -1  1 -5  2  5 -3  0 -4 -4  0 -3 -4 -3 -1 -2 -4 -2 -4    1  21   2   6   0   5  58   1   2   0   0   2   0   0   0   1   1   0   1   0  0.83 0.21
   64 K    0  1 -1 -1 -4  5  3 -2 -1 -4 -3  3 -2 -4 -2 -1  0 -4 -3 -3    6   3   1   1   0  39  19   1   0   0   0  20   0   0   0   2   7   0   0   0  0.63 0.18
   65 A    6 -3 -3 -4 -1 -3 -3 -2 -3 -3 -3 -3 -3 -4 -3  0 -2 -4 -4 -2   99   0   0   0   1   0   0   0   0   0   0   0   0   0   0   1   0   0   0   0  1.31 0.31
   66 I   -2 -3 -4 -5 -2 -3 -4 -5 -4  4  3 -3  5 -1 -4 -3 -2 -3 -2  3    0   0   0   0   0   0   0   0   0  28  29   0  25   0   0   0   0   0   0  18  0.69 0.18
   67 R   -2  4  2  2 -4  0  3 -2  0 -4 -3  3 -3 -4 -3 -1 -1 -4 -2 -3    2  25  14  11   0   1  22   1   1   0   2  19   0   0   0   1   1   0   1   0  0.51 0.14
   68 N   -3  2  7 -1 -5 -2 -1 -1 -1 -5 -5  0 -4 -5 -4 -1 -2 -5 -4 -5    1  11  80   0   0   0   1   3   0   0   0   3   0   0   0   0   0   0   0   0  1.38 0.30
   69 V    0 -4 -4 -4 -2 -4 -4 -4 -4  4  0 -4  0 -2 -4 -2 -1 -4 -3  5    9   0   0   0   0   0   0   0   0  31   3   0   0   0   0   1   1   0   0  55  0.72 0.19
   70 T   -1  1 -2 -3 -3 -1 -2 -3 -3 -2 -1  1  7 -3 -3 -1  4 -4 -3 -1    4  10   0   0   0   1   0   0   0   0   0   9  39   0   0   1  36   0   0   0  0.69 0.23
   71 P   -3 -4 -4 -4 -5 -3 -3 -4 -4 -5 -5 -3 -5 -6  9 -3 -3 -6 -5 -5    0   0   0   0   0   0   0   0   0   0   0   0   0   0 100   0   0   0   0   0  2.85 0.40
   72 L    0 -2  1  0 -2 -1 -2 -3 -1  1  2 -1  1 -1 -3 -1  0 -3 -2  3    5   0   9   6   0   1   0   0   2   2  24   4   4   0   0   2   4   0   0  37  0.21 0.10
   73 I   -2 -4 -4 -5 -2 -3 -4 -5 -4  3  4 -4  1 -1 -4 -3 -2 -3 -2  4    0   0   0   0   0   0   0   0   0  14  48   0   0   0   0   0   1   0   0  37  0.69 0.18
   74 E    0 -2 -2  0 -5  0  6 -2 -2 -4 -4 -1 -4 -5 -3 -2 -1 -5 -4 -3   10   0   0   0   0   0  82   2   0   1   0   0   0   0   0   0   4   0   0   0  1.19 0.28
   75 V   -2 -4 -5 -5 -2 -4 -4 -5 -5  1 -1 -4 -1 -3 -4 -3 -1 -5 -3  7    0   0   0   0   1   0   0   0   0   2   1   0   0   0   0   0   1   0   0  96  1.29 0.30
   76 K   -3  4 -2 -3 -5  0 -1 -3 -2 -5 -4  7 -3 -5 -3 -2 -2 -5 -4 -4    0  18   0   0   0   0   0   0   0   0   0  82   0   0   0   0   0   0   0   0  1.34 0.29
   77 A    5 -3 -2 -3 -2 -2 -2 -1 -3 -3 -3 -2 -3 -4  1  3  0 -4 -3 -2   65   0   0   0   0   0   0   1   0   0   0   0   0   0   6  24   3   0   0   1  0.76 0.22
   78 R   -3  8 -2 -4 -6 -1 -2 -4 -2 -5 -4  1 -3 -5 -4 -3 -3 -5 -4 -5    0  99   0   0   0   0   0   0   0   0   0   1   0   0   0   0   0   0   0   0  1.91 0.36
   79 R   -3  8 -2 -4 -6 -1 -2 -4 -2 -5 -4  0 -3 -5 -4 -3 -3 -5 -4 -5    0 100   0   0   0   0   0   0   0   0   0   0   0   0   0   0   0   0   0   0  1.95 0.36
   80 V   -2 -2 -4 -5 -2 -3 -4 -5 -5  3  0 -3 -1 -2 -4 -3 -2 -4 -3  6    1   2   0   0   0   0   0   0   0  14   0   1   0   0   0   0   0   0   0  81  1.00 0.25
   81 G   -1 -4 -2 -3 -4 -3 -4  7 -4 -5 -5 -3 -4 -5 -4  1 -3 -4 -5 -5    0   0   0   0   0   0   0  90   0   0   0   1   0   0   0   9   0   0   0   0  1.61 0.28
   82 G   -2 -4 -2 -3 -4 -4 -4  7 -4 -6 -6 -3 -5 -5 -4 -2 -3 -4 -5 -5    0   0   0   0   0   0   0 100   0   0   0   0   0   0   0   0   0   0   0   0  1.93 0.32
   83 S    5 -3 -2 -3 -2 -2 -2 -1 -3 -3 -3 -2 -3 -4 -2  4 -1 -2 -3 -2   62   0   0   0   0   0   0   0   0   0   1   0   0   0   0  36   0   1   0   0  0.85 0.24
   84 T   -2 -3  4 -2 -3 -2 -2 -3 -3 -3 -3 -2 -3 -4 -3  0  6 -5 -4 -2    1   0  28   0   0   0   0   0   0   0   0   0   0   0   0   0  71   0   0   0  1.15 0.29
   85 Y   -4 -2 -4 -5 -5 -2 -4 -5  3 -4 -3 -3 -3  1 -5 -4 -4  0  9 -3    0   2   0   0   0   1   0   0   6   0   1   1   0   0   0   0   0   0  90   0  2.07 0.38
   86 Q   -3 -1 -2 -2 -5  8  0 -4 -2 -5 -4  0 -3 -6 -3 -2 -3 -4 -4 -4    0   1   0   0   0  98   0   0   0   0   0   1   0   0   0   0   0   0   0   0  1.96 0.40
   87 V   -2 -4 -5 -5 -3 -4 -4 -5 -5  1 -1 -4 -1 -3 -4 -4 -2 -5 -3  7    0   0   0   0   0   0   0   0   0   2   0   0   0   0   0   0   0   0   0  98  1.37 0.31
   88 P   -3 -4 -4 -4 -5 -3 -3 -4 -4 -5 -5 -3 -5 -6  9 -3 -3 -6 -5 -5    0   0   0   0   0   0   0   0   0   0   0   0   0   0 100   0   0   0   0   0  2.85 0.40
   89 L   -2 -3 -4 -5 -2 -3 -4 -5 -4  4  1 -3  5 -2 -4 -3 -1 -4 -2  4    0   1   0   0   0   0   0   0   0  32   6   0  22   0   0   0   1   0   0  38  0.72 0.19
   90 E   -3 -2 -2  0 -6  0  7 -4 -2 -5 -5 -1 -4 -5 -3 -2 -3 -5 -4 -5    0   0   0   2   0   1  97   0   0   0   0   0   0   0   0   0   0   0   0   0  1.69 0.34
   91 V   -2 -4 -5 -5 -2 -4 -4 -5 -5  4 -1 -4 -1 -2 -4 -3 -2 -5 -3  6    0   0   0   0   0   0   0   0   0  19   0   0   0   0   0   0   0   0   0  81  1.12 0.26
   92 L   -2  7 -2 -3 -5  0 -1  0 -2 -4 -3  2 -3 -4 -3 -1 -2 -4 -3 -4    0  73   0   0   0   1   2   8   0   1   1  10   0   0   0   2   0   0   0   0  1.10 0.25
   93 P    1 -3 -2 -3 -3  0 -2 -3 -2 -4 -4 -2 -3 -5  7  2 -1 -5 -4 -3   13   0   0   0   0   4   1   0   1   0   0   1   0   0  56  22   3   0   0   0  1.24 0.23
   94 E    0 -1  0  3 -4  0  4 -2 -1 -3 -3 -1 -3 -3 -1  0  1 -4 -2 -1    7   1   1  23   0   0  40   1   0   0   0   1   0   1   2   6  11   0   1   4  0.50 0.15
   95 R   -3  7 -2 -3 -5  3 -1 -4 -2 -5 -4  1 -3 -5 -4 -2 -3 -4 -4 -4    0  83   0   0   0  15   0   0   0   0   0   1   0   0   0   0   0   0   0   0  1.55 0.31
   96 G   -2  6 -2 -3 -5  1 -2  4 -2 -5 -4  0 -3 -5 -4 -2 -3 -4 -4 -4    0  56   0   0   0   6   0  35   0   0   0   2   0   0   0   0   0   0   0   0  1.02 0.24
   97 T   -2  0  1 -2 -3  4  0 -3 -2 -1 -1  2  0 -3 -2  0  3 -4 -2 -1    0   3   7   0   0  26   2   0   0   3   4  15   3   0   0   2  31   0   0   4  0.37 0.15
   98 T    4 -3 -1 -3 -2 -2 -2 -2 -2 -2 -3 -2 -2 -3 -2  2  4 -4 -3  0   43   0   2   0   0   0   0   0   0   0   0   0   0   0   0  12  39   0   0   4  0.62 0.20
   99 L   -3 -4 -5 -5 -3 -4 -5 -5 -5  0  6 -4  1 -1 -4 -4 -3 -3 -3 -1    0   0   0   0   0   0   0   0   0   0  98   0   2   0   0   0   0   0   0   0  1.24 0.27
  100 A    5 -3 -2 -3 -2 -2 -3  4 -3 -3 -4 -2 -3 -4 -3  0 -2 -4 -4 -2   65   0   0   0   0   0   0  30   0   0   0   0   0   0   0   4   0   0   0   0  0.88 0.22
  101 I   -3 -4 -4 -5 -3 -3 -4 -5 -4  4  4 -4  4 -1 -4 -4 -2 -3 -2  1    0   0   0   0   0   0   0   0   0  34  47   0  16   0   0   0   0   0   0   3  0.78 0.19
  102 R   -3  8 -2 -4 -3 -1 -2 -4 -2 -5 -4  1 -3 -5 -4 -3 -3 -5 -4 -5    0  98   0   0   1   0   0   0   0   0   0   1   0   0   0   0   0   0   0   0  1.88 0.35
  103 W   -5 -5 -6 -7 -5 -5 -6 -5 -5 -5 -4 -6 -4 -1 -6 -5 -5 13  1 -6    0   0   0   0   0   0   0   0   0   0   0   0   0   0   0   0   0  98   2   0  4.08 0.52
  104 I   -3 -4 -5 -5 -3 -4 -4 -5 -4  3  5 -4  2 -1 -4 -4 -2 -3 -3  0    1   0   0   0   0   0   0   0   0  19  77   0   3   0   0   0   0   0   0   1  0.93 0.22
  105 L   -2 -2 -3 -4 -2 -3 -3 -4 -4  3  2 -3  0 -2 -3 -2  2 -4 -2  4    0   1   0   0   0   0   0   0   0  16  24   0   0   0   0   1  13   0   0  44  0.51 0.15
  106 A    0  0  2  2 -3  2  1  1  0 -2 -2  0 -1 -3 -2  0  1 -3 -2 -2    8   4  17  11   0  11  10  12   2   2   2   4   1   0   0   6   8   0   0   2  0.20 0.06
  107 A    3 -3 -3 -4 -2 -2 -3 -3  0 -2 -2 -3 -2  3 -3  0 -2 -1  6 -2   37   0   0   0   0   0   0   0   1   0   0   0   0  15   0   4   0   0  41   0  0.81 0.22
  108 C    4 -3 -2 -2  1 -2 -2 -1 -3 -3 -3 -2 -2 -4 -2  4  0 -4 -3 -2   50   0   0   0   3   0   0   0   0   0   0   0   1   0   0  43   3   0   0   0  0.76 0.22
  109 R   -3  8 -2 -3 -5 -1 -2 -4 -2 -5 -4  1 -3 -5 -4 -2 -3 -5 -4 -5    0  95   1   0   0   0   0   0   0   0   0   3   0   0   0   0   0   0   0   0  1.79 0.34
  110 K    0  0  1 -1 -3  1  1 -1 -2 -2  0  4 -1 -3 -2  1  0 -4 -3 -2   10   0   8   0   0   7   6   3   0   1  14  41   0   0   0   9   3   0   0   0  0.29 0.12
  111 N   -3  8 -1 -4 -6 -1 -2 -4 -2 -5 -4  0 -3 -5 -4 -3 -3 -5 -4 -5    0  98   1   0   0   0   0   0   0   0   0   1   0   0   0   0   0   0   0   0  1.88 0.35
  112 R    0 -1  2 -2 -3 -2 -2  4 -2 -4 -4 -1 -3 -4  3  2 -1 -4 -4 -4    3   2  11   0   0   0   0  43   1   0   1   2   0   0  16  20   1   0   0   0  0.67 0.16
  113 G   -2 -2 -2  0 -5 -1  5  4 -2 -5 -5 -1 -4 -5 -3 -2 -3 -4 -4 -4    0   0   0   2   0   0  59  39   0   0   0   0   0   0   0   0   0   0   0   0  1.08 0.25
  114 K   -2  5 -1 -2 -5  0 -1 -3  2 -4 -4  5 -2 -4 -3 -2 -1 -4 -2 -4    0  38   1   1   0   1   0   0   6   0   0  51   0   0   0   0   2   0   0   0  0.98 0.23
  115 P   -1 -2  3 -1 -2 -2 -2  0 -2 -3 -3 -2 -2 -3 -1  3  5 -4 -1 -2    0   0  16   1   0   0   0   5   0   0   0   0   0   0   3  24  47   0   2   0  0.61 0.19
  116 M   -3 -4 -4 -5 -4 -1 -4 -5 -4 -1  0 -4 10 -2 -5 -3 -3 -4 -3 -2    0   0   0   0   0   2   0   0   0   0   0   0  97   0   0   1   0   0   0   0  2.21 0.44
  117 Y    3  0 -1 -1 -1  0  1 -1 -1 -1 -2  0 -1 -2 -1  0  0 -3 -1  1   35   5   0   3   1   4  12   2   1   3   0   7   0   0   1   6   5   0   2  13  0.16 0.08
  118 I    0 -1 -1  1 -3  2  4 -2 -1 -1 -1 -1  0  2 -3  0 -1 -3 -1 -2    6   1   2   5   0  10  40   2   0   2   7   0   2  15   0   5   1   0   0   1  0.33 0.13
  119 K   -2  6 -2 -3 -5  0 -1 -4 -2 -5 -4  5 -3 -5 -3 -2 -3 -5 -3 -4    1  55   0   0   0   1   0   0   0   0   0  43   0   0   0   0   0   0   0   0  1.23 0.27
  120 L   -3 -4 -5 -5 -3 -4 -5 -5 -4  0  6 -4  1  0 -5 -4 -3 -3 -3  0    0   0   0   0   0   0   0   0   0   1  95   0   0   2   0   1   0   0   0   1  1.17 0.26
  121 T    5 -3 -2 -3 -2 -2 -2 -1 -3 -3 -3 -2 -3 -4 -2  3  0 -4 -3 -2   72   0   0   0   0   0   0   0   0   0   0   0   0   0   0  24   3   0   0   0  0.89 0.24
  122 N    1  0  4 -1 -3 -1 -1  3 -1 -4 -3  0 -3 -3 -3  1 -1 -3  1 -3   15   3  30   0   0   0   1  23   1   0   0   6   0   0   0  13   0   0   6   0  0.42 0.13
  123 E   -3 -2 -2  0 -6  0  7 -4 -2 -5 -5 -1 -4 -5 -3 -2 -3 -5 -4 -5    0   0   0   0   0   0 100   0   0   0   0   0   0   0   0   0   0   0   0   0  1.77 0.36
  124 L   -3 -4 -5 -5 -3 -4 -4 -5 -4  5  4 -4  2  0 -4 -4 -2 -3 -2  1    0   0   0   0   0   0   0   0   0  41  53   0   3   2   0   0   0   0   0   1  0.81 0.20
  125 I   -2 -3 -4 -5 -3 -2 -4 -5 -4  3  3 -3  7 -1 -4 -3 -2 -2 -2  2    1   0   0   0   0   1   0   0   0  20  24   0  44   1   0   1   0   0   0   9  0.81 0.21
  126 D   -3 -4 -1  8 -6 -2  0 -3 -3 -5 -6 -3 -5 -6 -3 -2 -3 -6 -5 -5    1   0   0  98   0   0   1   0   0   0   0   0   0   0   0   0   0   0   0   0  1.96 0.35
  127 A    6 -3 -3 -4 -2 -3 -3 -2 -3 -3 -3 -3 -3 -4 -3  0 -2 -4 -4 -2   99   0   0   0   0   0   0   0   0   0   0   0   0   0   0   1   0   0   0   0  1.33 0.32
  128 S    5 -3 -2 -3 -1 -2 -2 -2 -2 -2 -2 -2 -2  0 -2  2 -1 -3  1 -1   65   0   0   0   0   0   0   0   0   1   3   0   0   3   0  18   1   0   5   2  0.61 0.20
  129 N   -2  1  7  1 -4  0  1 -2 -1 -5 -5  2 -4 -5 -3 -1 -2 -5 -4 -4    1   6  67   3   0   2   8   0   0   0   0  12   0   0   0   1   0   0   0   0  1.05 0.24
  130 K   -2 -2  6  1 -4  0  2  3 -1 -5 -5 -1 -4 -5 -3  0 -2 -5 -4 -4    1   0  53   3   0   3  15  20   0   0   0   2   0   0   0   3   0   0   0   0  0.84 0.21
  131 S    0  2  0 -2 -3 -1 -2 -2 -2 -2 -2  1 -1 -4 -2  1  5 -4 -3 -1    4  16   4   0   0   0   0   1   0   0   1  11   1   0   0  11  49   0   0   3  0.53 0.18
  132 G   -2 -4 -2 -3 -4 -4 -4  7 -4 -6 -6 -3 -5 -5 -4 -2 -3 -4 -5 -5    0   0   0   0   0   0   0 100   0   0   0   0   0   0   0   0   0   0   0   0  1.93 0.32
  133 S    3 -2  2  1 -2 -1 -1  3 -2 -3 -3 -2 -3 -4 -2  2  0 -4 -3 -2   34   0  13   7   0   0   1  23   0   1   0   0   0   0   0  17   4   0   0   1  0.43 0.13
  134 A    5 -3 -2 -3 -2 -2 -2 -1 -3 -3 -3 -2 -3 -4 -2  3  0 -4 -3 -2   75   0   0   0   0   0   0   0   0   0   0   0   0   0   0  21   4   0   0   0  0.90 0.25
  135 I   -2 -4 -4 -5 -1 -4 -4 -5 -4  4  0 -4  0 -1 -4 -3 -2 -4 -1  5    0   0   0   0   1   0   0   0   0  35   0   0   1   2   0   0   0   0   1  59  0.88 0.22
  136 K   -3  5 -2 -3 -5  0 -1 -3 -2 -5 -4  6 -3 -5 -3 -2 -2 -5 -3 -4    0  32   0   0   0   0   0   0   0   0   0  68   0   0   0   0   0   0   0   0  1.25 0.28
  137 K   -3  2 -2 -3 -5  0 -1 -3 -3 -5 -4  7 -3 -5 -3 -2 -3 -5 -4 -4    0   7   0   0   0   0   0   0   0   0   0  93   0   0   0   0   0   0   0   0  1.48 0.32
  138 K   -3  6 -2 -3 -5  0 -1 -4 -2 -5 -4  5 -3 -5 -3 -2 -3 -5 -3 -4    0  62   0   0   0   0   0   0   0   0   0  38   0   0   0   0   0   0   0   0  1.31 0.28
  139 D   -3 -2 -2  2 -6  0  7 -4 -2 -5 -5 -1 -4 -5 -3 -2 -3 -5 -4 -4    0   0   0   7   0   1  92   0   0   0   0   0   0   0   0   0   0   0   0   0  1.57 0.32
  140 E   -3 -3 -1  6 -5 -1  5 -3 -2 -5 -5 -2 -4 -5 -3 -2 -2 -5 -4 -5    0   0   0  60   0   0  40   0   0   0   0   0   0   0   0   0   0   0   0   0  1.34 0.27
  141 I   -2 -3 -2 -3 -3 -2 -3 -4 -4  0 -2 -3  3 -3 -3 -1  6 -4 -3  2    0   0   0   0   0   0   0   0   0   2   1   0   9   0   0   0  73   0   0  15  0.97 0.27
  142 H   -4 -2 -2 -3 -5 -2 -2 -4 10 -6 -5 -3 -4 -3 -5 -3 -4 -5  0 -6    0   1   0   0   0   0   0   0  98   0   0   0   0   0   0   0   0   0   1   0  2.68 0.43
  143 R   -2  6 -2 -3 -5  0 -1 -4 -2 -5 -4  5 -3 -5 -3 -2 -3 -5 -3 -4    1  54   0   0   0   0   0   0   0   0   0  45   0   0   0   0   0   0   0   0  1.24 0.27
  144 M   -3 -3 -5 -6 -4 -3 -4 -5 -4 -1  0 -4 10 -2 -5 -4 -3 -4 -3 -2    1   1   0   0   0   0   0   0   0   0   0   0  99   0   0   0   0   0   0   0  2.30 0.45
  145 A    6 -3 -3 -4 -2 -3 -3 -2 -4 -3 -3 -3 -3 -4 -3 -1 -2 -4 -4 -2  100   0   0   0   0   0   0   0   0   0   0   0   0   0   0   0   0   0   0   0  1.35 0.32
  146 E   -3 -2 -2  1 -6  0  7 -4 -2 -5 -5 -1 -4 -5 -3 -2 -3 -5 -4 -4    0   0   0   5   0   0  95   0   0   0   0   0   0   0   0   0   0   0   0   0  1.63 0.33
  147 A    6 -3 -3 -4 -2 -3 -3 -2 -3 -3 -3 -3 -3 -4 -3  0 -2 -4 -4 -2   98   0   0   0   0   0   0   0   0   0   0   0   0   0   0   2   0   0   0   0  1.29 0.31
  148 N   -4 -2  8 -1 -5 -2 -2 -2 -1 -5 -6 -2 -4 -5 -4 -1 -2 -6 -4 -5    0   0  99   0   0   0   0   0   0   0   0   0   0   0   0   1   0   0   0   0  2.00 0.38
  149 K   -3  5 -2 -3 -5  0 -1 -3 -2 -5 -4  6 -3 -5 -3 -2 -2 -5 -3 -4    0  30   0   0   0   1   0   0   0   0   0  69   0   0   0   0   0   0   0   0  1.24 0.27
  150 A    6 -3 -3 -4 -2 -3 -3 -2 -3 -3 -3 -3 -3 -4 -2  0 -1 -4 -4 -2   97   0   0   0   0   0   0   0   0   1   0   0   0   0   0   0   1   0   0   1  1.24 0.30
  151 F   -4 -5 -5 -6 -4 -5 -5 -5 -3 -2 -1 -5 -2  9 -6 -4 -4 -1  1 -3    0   0   0   0   0   0   0   0   0   0   2   0   0  97   0   1   0   0   0   0  2.07 0.36
  152 A    6 -3 -3 -3 -2 -2 -2 -1 -3 -3 -3 -2 -3 -4 -2  1 -1 -4 -4 -2   90   0   0   0   0   0   0   0   0   0   0   0   0   0   0  10   0   0   0   0  1.14 0.28
  153 K   -4 -2 -1 -3 -5 -1 -2 -4 10 -6 -5 -2 -4 -4 -4 -3 -4 -5  0 -6    0   0   1   0   0   0   0   0  97   0   0   2   0   0   0   0   0   0   0   0  2.61 0.43
  154 Q   -4 -4 -4 -5 -4 -2 -4 -5 -1 -3 -2 -4 -2  5 -5 -4 -4  0  8 -3    0   0   0   0   0   1   0   0   0   0   2   0   0  25   0   0   0   0  72   0  1.76 0.32
  155 R   -3  8 -2 -4 -6 -1 -2 -4 -2 -5 -4  1 -3 -5 -4 -3 -3 -5 -4 -5    0  98   0   0   0   0   0   1   0   0   0   1   0   0   0   0   0   0   0   0  1.89 0.35
  156 F   -4 -4 -5 -6 -4 -4 -5 -5 -3 -4 -3 -5 -3  4 -6 -4 -4 11  5 -4    0   0   0   0   0   0   0   0   0   0   0   0   0  19   0   0   0  60  21   0  2.44 0.32

                      K         Lambda
Standard Ungapped    0.1335     0.3202
Standard Gapped      0.0656     0.2670
PSI Ungapped         0.2148     0.3157
PSI Gapped           0.0656     0.2670
