
Last position-specific scoring matrix computed, weighted observed percentages rounded down, information per position, and relative weight of gapless real matches to pseudocounts
           A  R  N  D  C  Q  E  G  H  I  L  K  M  F  P  S  T  W  Y  V   A   R   N   D   C   Q   E   G   H   I   L   K   M   F   P   S   T   W   Y   V
    1 M   -2 -3 -4 -5 -3 -2 -3 -4 -3  0  1 -3  9 -1 -4 -3 -2 -3 -2 -1    0   0   0   0   0   0   0   0   0   0   0   0 100   0   0   0   0   0   0   0  1.48 0.25
    2 K    0 -1  0 -1 -2 -1 -1 -1 -2 -3 -4  1 -2 -4 -2  5  0 -4 -3 -3    0   0   0   0   0   0   0   0   0   0   0  11   0   0   0  89   0   0   0   0  0.79 0.17
    3 T   -2  7 -1 -3 -4  0 -1 -3 -1 -4 -3  1 -2 -4 -3 -1  1 -4 -3 -3    0  89   0   0   0   0   0   0   0   0   0   0   0   0   0   0  11   0   0   0  1.14 0.17
    4 L   -2 -4 -4 -4 -2 -3 -4 -4 -4  5  2 -3  1 -1 -3 -3 -1 -3 -2  4    0   0   0   0   0   0   0   0   0  51  14   0   0   0   0   0   0   0   0  34  0.58 0.10
    5 S   -1 -2 -1 -2 -3 -2 -2  6 -3 -5 -4  0 -3 -4 -3  1 -2 -4 -4 -4    0   0   0   0   0   0   0  79   0   0   0   7   0   0   0  14   0   0   0   0  1.06 0.15
    6 I   -3 -4 -6 -6 -4 -5 -5 -6 -6  6  0 -3 -1 -3 -5 -5 -3 -5 -4  4    0   0   0   0   0   0   0   0   0  60   5   2   0   0   0   0   0   0   0  32  1.31 0.40
    7 L    3 -4 -3 -4 -4 -4 -4  6 -4 -4 -2 -3 -1 -5 -4 -2 -3 -4 -5 -4   24   0   0   0   0   0   0  67   0   0   3   0   2   0   0   0   0   0   0   0  1.30 0.37
    8 D   -3  3  2 -1 -5 -1 -2 -4 -3 -5 -4  7 -4 -4 -3 -2 -3 -5 -3 -4    0  14   8   4   0   0   0   0   0   0   1  68   0   1   0   1   0   0   1   0  1.26 0.39
    9 T    1  1  1 -2 -4  1 -1 -3  0 -3  0  4  0 -3 -3 -1 -1 -3  0 -2   13   7   9   0   0   5   0   0   2   1  10  40   3   0   0   3   3   0   4   1  0.40 0.21
   10 I   -2 -5 -5 -5 -6 -4 -4 -5 -5  0 -5 -4 -5 -6  8 -3 -3 -7 -6 -3    2   0   0   0   0   0   0   0   0   6   1   0   0   0  87   1   1   0   0   2  2.55 0.60
   11 I   -3 -5 -6 -6 -4 -5 -6 -6 -6  6 -1 -5 -1 -3 -5 -5 -3 -5 -4  5    0   0   0   0   0   0   0   0   0  54   2   0   0   0   0   0   0   0   0  44  1.44 0.43
   12 K    2 -2  0  0 -3  1  2 -3 -2 -2 -3  0 -2 -4  3  1  2 -4 -3  0   21   0   3   4   0   5  17   0   0   1   0   5   0   0  13   8  15   0   0   8  0.33 0.18
   13 I   -3 -5 -6 -6 -3 -5 -5 -6 -6  6  2 -4  0 -3 -5 -4 -3 -5 -4  4    0   0   0   0   0   0   0   0   0  48  17   0   1   0   0   0   0   0   0  34  1.14 0.36
   14 P   -4 -5 -6 -5 -6 -5 -5 -5 -6 -6 -6 -4 -6 -7  9 -4 -4 -7 -6 -5    0   1   0   0   0   0   0   0   0   0   0   0   0   0  97   0   0   0   0   0  3.09 0.69
   15 E    4 -2  0 -1 -3  1  1 -1 -3 -4 -4  1 -3 -5 -2  3 -1 -5 -4 -3   43   0   5   2   0   5   7   2   0   0   0   9   0   0   0  25   1   0   0   0  0.60 0.28
   16 K   -3 -5 -1 -2 -6 -4 -5  7 -5 -7 -7  0 -6 -6 -5 -3 -4 -6 -6 -6    0   0   3   1   0   0   0  88   0   0   0   6   0   0   0   1   0   0   0   0  1.92 0.50
   17 I   -2 -5 -6 -6 -4 -5 -5 -6 -6  1 -2 -5 -2 -4 -5 -4 -2 -6 -4  7    3   0   0   0   0   0   0   0   0   4   0   0   0   0   0   0   1   0   0  92  1.80 0.52
   18 E   -3 -3 -1  2 -5  0  5 -4 -3 -4 -5 -1 -4 -5 -3 -1  4 -5 -4 -4    0   0   2  11   0   3  44   0   0   0   0   2   0   0   0   1  35   0   0   0  1.00 0.37
   19 I   -1 -4 -4 -4 -3 -3 -4 -4 -4  3 -1 -4 -1 -2 -3 -3 -2 -4 -3  6    5   1   1   1   0   1   1   1   0  13   3   1   0   1   1   1   1   0   0  70  1.04 0.32
   20 H    0  0  1  0 -2  1  1 -1  1 -1 -1  2 -1 -2 -1  1  1 -2 -1 -1    5   3   9   4   1   4   8   3   4   3   4  22   1   2   2   8  11   1   1   3  0.14 0.05
   21 P    1 -1 -1 -1 -1  0 -1 -1 -1  1  1 -1  0  0  1  0  0 -1  0  1   16   3   2   3   1   4   3   4   1  11  14   4   2   5   6   4   3   1   2  12  0.03 0.02
   22 T    0 -1  0  0 -2 -1  0 -1 -2 -2 -2  0 -1 -2 -1  2  4 -2 -2 -1    6   1   3   6   1   2   4   3   1   2   3   4   1   1   1  19  38   0   1   3  0.36 0.15
   23 T    0 -3 -2 -3 -2 -2 -2  1 -3  4  1 -3  0 -1 -2 -2  0 -3 -2  2    8   1   2   1   0   2   2  12   0  29  16   1   0   1   1   1   4   0   1  19  0.28 0.14
   24 T    1 -2  3  4 -3  0  2 -2 -2 -4 -4  0 -3 -4  0  1  0 -5 -4 -4   12   0  16  28   0   4  15   1   0   0   0   4   0   0   3   8   7   0   0   0  0.52 0.21
   25 E   -2 -3  2  3 -5 -2  1  5 -3 -5 -5 -1 -5 -5 -2 -2 -3 -5 -5 -5    2   0  12  17   0   1  11  52   0   0   0   2   0   0   1   0   0   0   0   0  0.97 0.31
   26 Y   -2 -1  4  0 -4  5 -1  1  1 -3 -3 -1 -3 -3 -2 -1 -1 -3  0 -3    2   2  25   3   0  35   2   9   3   1   1   2   0   1   1   4   3   0   3   1  0.61 0.25
   27 I   -1 -1  0  0 -2  0  0 -2  1  1  0  0 -1 -1 -2  0  2 -3 -1  2    3   2   5   5   0   4   6   1   4   6  10   5   1   2   1   4  22   0   1  18  0.11 0.09
   28 Y   -3 -5 -5 -5 -2 -4 -5 -6 -5  4  2 -5 -1 -1 -5 -4 -3 -4  0  5    1   0   0   0   0   0   0   0   0  22  17   0   0   1   0   0   0   0   3  55  1.01 0.33
   29 T   -1 -1 -1 -3 -3 -1  0 -3 -3 -3 -4  2 -3 -4 -3  2  6 -5 -4 -2    4   2   1   0   0   1   5   0   0   1   0  11   0   0   0  16  55   0   0   2  0.83 0.34
   30 I    0 -5 -6 -6 -4 -5 -5 -6 -6  2 -2 -5 -1 -3 -5 -4 -3 -6 -4  7    9   0   0   0   0   0   0   0   0   7   0   0   1   0   0   0   0   0   0  82  1.48 0.46
   31 T   -4 -1 -3 -4 -6 -2 -1 -5 -4 -6 -6  8 -4 -6 -4 -3 -1 -6 -5 -5    0   1   0   0   0   0   1   0   0   0   0  92   0   0   0   0   4   0   0   0  1.98 0.57
   32 G   -3 -5 -4 -4 -6 -5 -5  7 -5 -7 -7 -5 -6 -6 -5 -3 -5 -6 -6 -6    0   0   0   0   0   0   0  99   0   0   0   0   0   0   0   0   0   0   0   0  2.39 0.57
   33 P   -1 -4 -4 -4 -5 -3 -4 -3 -5 -6 -6  1 -5 -6  8  0 -3 -6 -6 -5    4   0   0   0   0   0   0   2   0   0   0  10   0   0  75   7   1   0   0   0  2.06 0.52
   34 L   -4 -1 -1 -4 -5  0 -2 -5 -2 -4  1  7 -3 -5 -4 -3 -3 -6 -4 -4    0   0   3   0   0   2   0   0   1   0  15  78   0   0   0   0   0   0   0   0  1.44 0.47
   35 G   -2 -5 -3 -4 -6 -5 -5  7 -5 -7 -7 -5 -6 -6 -5 -3 -4 -6 -6 -6    1   0   0   0   0   0   0  97   0   0   0   0   0   0   0   1   0   0   0   0  2.31 0.56
   36 S   -1 -2 -2 -2 -4  3  5 -4 -3 -4 -4 -1 -2 -4 -3  1  4 -5 -4 -3    4   0   0   0   0  12  37   0   0   0   0   2   1   0   0  11  32   0   0   1  0.82 0.34
   37 S   -4 -2 -5 -6 -4 -3 -5 -6 -3  0  6 -4  2 -2 -5 -2 -4 -4 -4 -2    0   2   0   0   0   1   0   0   1   2  86   0   3   0   0   3   0   0   0   1  1.31 0.41
   38 S    0 -2 -1 -1 -3  0  2 -3 -3 -3 -4  0 -3 -2 -3  4  4 -5 -3 -1    4   1   2   2   0   4  12   1   0   0   0   4   0   2   0  39  26   0   0   4  0.59 0.28
   39 I   -2  4 -2 -3 -4  2 -2 -3  2 -1  1  1  1  2 -4 -2 -1  2  0 -1    1  31   1   0   0   9   1   1   6   4  15   5   4  10   0   0   2   3   2   4  0.37 0.19
   40 N    0 -1  1  1 -2  1  1 -2 -1 -2 -2  0 -2 -3  1  0  3 -4 -3  0    7   3   9   6   0   5  12   1   1   1   1   6   0   0   8   6  24   0   0   9  0.24 0.14
   41 L   -1 -4 -4 -3 -2 -3 -4 -5 -4  3  3 -4  1  4 -4 -3 -2 -3 -1  3    5   0   0   2   1   1   0   0   0  16  32   0   3  19   0   0   0   0   1  21  0.58 0.22
   42 K    0 -1  3 -1 -3 -1 -1 -2  7 -3 -3 -1 -2 -4  2  1  0 -4 -2 -2    7   2  15   2   0   1   2   2  31   1   2   4   1   0   9  11   6   0   0   3  0.59 0.24
   43 K   -1  0  0  2 -4  0  2 -2 -1 -2 -3  2 -3 -4  4  1 -1 -4 -3 -2    5   3   3  15   0   3  14   2   1   2   1  14   0   0  21  10   2   0   0   3  0.43 0.16
   44 L    0 -2  0  3 -3 -1  2 -2  0  0  1 -1 -1 -2 -1  0  0 -2 -1  0    8   1   4  22   0   2  13   3   2   4  17   1   1   1   2   5   5   0   2   8  0.15 0.10
   45 D   -1 -3 -3 -1 -3 -3 -1 -4 -3  4  0 -2  4 -2 -3 -2 -1 -4 -3  4    2   0   0   4   0   0   4   1   0  26   2   2  13   1   1   2   1   0   0  40  0.62 0.24
   46 K    0  1  1  0 -3  0  2 -2 -2 -2 -3  4 -2 -4 -2  0  1 -2 -3 -2    6   5   7   4   0   3  18   1   0   3   2  29   0   0   0   7  12   0   0   2  0.34 0.16
   47 N   -1 -2  1 -2 -2  1 -2 -2 -2  3  1 -2  1 -1 -3 -2 -1 -3  0  3    5   1   8   2   0  10   1   3   1  19  10   2   4   2   0   1   1   0   3  27  0.21 0.14
   48 G    1 -1  1  1 -3  0  3  0 -1 -2 -2  1 -2 -3 -2  1  1 -4 -3 -1   10   1   9   6   0   2  25   7   1   2   2  11   1   0   0   9  11   0   0   4  0.25 0.13
   49 I   -2 -2  0  2 -3  1  0 -1 -1  2  1 -2  0 -2 -3 -1 -1 -4 -3  2    1   1   4  17   0   9   5   5   1  15  11   1   2   1   0   2   1   0   0  23  0.20 0.14
   50 A    1 -2  2  2 -3  0  4  2 -2 -4 -4 -1 -3 -4 -2  0 -2 -4 -4 -3   10   0  12   8   0   2  36  20   0   0   1   2   0   0   1   4   1   0   0   2  0.55 0.23
   51 C    1 -2 -1  3  1  0  2  1 -1 -1 -2 -1 -2 -3 -2  0  0 -4 -3  0   12   1   2  18   3   4  19  12   1   3   1   3   0   0   0   3   6   0   0  11  0.23 0.13
   52 I   -2 -3  3 -2 -3 -2 -2  0 -3  3  2 -2  0 -2 -4 -1 -2 -4 -3  2    1   0  16   2   0   1   3   9   0  26  18   1   1   0   0   3   1   0   0  18  0.33 0.18
   53 N    0  0  2 -1 -2  1  1 -2 -1 -1 -1  0 -2 -3 -3  1  3 -1 -3  1    5   4  12   2   0   7   8   1   1   3   3   6   0   0   0  12  20   1   0  16  0.20 0.14
   54 F   -2 -4 -2 -4 -3 -4 -3 -3 -4  3  1 -4  0  3 -4 -3 -2 -4 -2  5    1   0   2   0   0   0   2   2   0  14  14   0   1  15   1   0   0   0   0  48  0.71 0.28
   55 D    1 -1  0  1 -2  0  1 -3 -2 -1 -2  1 -2 -3 -2  1  3 -2 -3  0   10   2   4   8   0   3  12   0   0   2   2  10   0   0   0  11  25   1   0   9  0.24 0.15
   56 I   -1  4 -3 -3 -2 -2 -3 -4 -3  1 -1 -2 -2  0  3 -3 -1 -4 -3  3    5  26   1   1   0   1   0   1   0   9   2   0   0   4  16   0   2   0   0  31  0.50 0.24
   57 Q    1  2 -1 -1 -3  1  2 -2 -1 -3 -2  1 -3 -4  4 -1  0 -4 -3 -1   12  11   2   2   0   6  17   2   1   0   2   8   0   0  23   3   6   0   0   5  0.42 0.17
   58 N   -2  0  4  3 -3 -1 -1 -1 -2 -3 -3 -1 -3 -2  3  0 -1 -3 -3 -2    2   6  27  21   1   1   2   5   0   1   2   2   1   2  14   6   3   0   0   4  0.47 0.18
   59 K   -1  2  1  4 -3  1  1  0 -2 -2 -3  2 -3 -4 -1  0 -1 -4 -3 -2    4  10   7  31   0   4   9   7   0   2   2  12   0   0   3   4   2   0   0   2  0.39 0.15
   60 Q    0  2  0  1 -3  2  3 -1 -1 -3 -2  0 -3 -3 -1  2  0 -3 -3 -2    6  14   2   7   0   9  21   3   1   0   3   2   0   1   2  21   6   0   0   1  0.32 0.17
   61 V   -1  3 -1  0 -4  0  0 -1 -1 -1 -2  3 -2 -3  3 -2 -1 -4 -3  0    3  18   2   5   0   3   5   4   1   5   3  24   0   0  15   1   2   0   0  10  0.33 0.16
   62 L    0  1  0  1 -3  1  2 -2  0 -1 -1  1 -1 -1 -1  1  1 -3 -2  0    4   9   4   6   0   6  14   2   2   4   8   6   1   2   2  14  10   0   1   6  0.11 0.07
   63 I    2 -1  1  2 -1 -1  0 -1  0  0 -2  0  0 -2 -2  1  0 -2 -2  1   23   1   8  13   1   2   5   2   3   5   1   6   2   1   1  11   3   1   0  11  0.14 0.10
   64 R   -2  5  2 -1 -4  1  0 -2  0 -4 -3  2 -3 -4 -3  0 -1 -4 -3 -3    3  44  10   3   0   4   5   2   2   0   1  12   0   0   0   8   3   0   0   1  0.69 0.25
   65 S    4  0 -2 -2 -3 -1 -1 -1 -3 -3 -3  3 -2 -4 -1  3 -1 -2 -3 -2   38   4   1   1   0   2   2   2   0   0   1  19   1   0   2  23   2   0   0   1  0.50 0.23
   66 L   -1 -1  0  0 -2  1  0 -2 -1 -1  2  1  3  0 -1 -1 -1 -2 -1 -1    4   2   6   4   0   7   7   2   1   1  31   9  11   3   2   2   2   0   1   3  0.14 0.10
   67 Y    1 -1  0 -1 -2 -1 -1 -1  5 -2 -2 -1 -1 -1 -1  0 -1  6  1 -2   15   2   4   4   1   2   4   4  18   2   4   2   2   2   2   7   3  13   6   3  0.33 0.10
   68 P   -1  4  1 -1 -2  0 -1 -1 -1 -1 -1  2 -1 -1  0 -1 -1  4 -1 -1    5  26   6   4   1   3   3   4   1   3   4  12   1   2   5   4   4   7   1   3  0.23 0.07
   69 K    3 -1 -1 -1 -1  1  0 -1 -1 -1 -1  0  1 -2 -1  2  0 -2 -1 -1   32   2   2   2   1   8   3   3   1   2   4   7   5   2   3  14   4   1   1   3  0.19 0.08
   70 Y   -1  0 -1 -2 -1  1 -1 -2 -1  0  2 -1  3  1 -1 -1 -1 -1  1  0    5   4   3   2   1  10   2   3   1   5  28   3  11   7   2   3   2   1   5   3  0.12 0.07
   71 N    1 -2  0 -3 -2  0 -2 -2  8 -4 -3 -2 -3 -3 -3  0 -2  5  0 -3   12   1   4   1   1   3   1   2  49   1   1   1   0   1   1   7   2   9   1   1  1.14 0.32
   72 G   -3 -5 -4 -4 -6 -5 -5  7 -5 -7 -7 -5 -6 -6 -5 -3 -5 -6 -6 -6    0   0   0   0   0   0   0  99   0   0   0   0   0   0   0   0   0   0   0   0  2.38 0.57
   73 L   -3 -4 -4 -5 -4 -4 -4 -5 -5 -2  4 -4  4 -3 -4 -2  6 -5 -4 -2    0   0   0   0   0   0   0   0   0   0  37   0  11   0   0   0  51   0   0   0  1.16 0.43
   74 Y    1 -3 -2 -3  0 -1 -3 -3 -3 -2 -2 -3  2 -3 -3  2  5 -4  1 -1   10   0   0   0   2   3   0   0   0   2   3   0   6   1   0  19  47   0   5   4  0.69 0.32
   75 K   -4  8 -3 -5 -7 -2 -3 -6 -3 -6 -6  0 -5 -6 -5 -4 -4  0 -5 -6    0  95   0   0   0   0   0   0   0   0   0   3   0   0   0   0   0   2   0   0  2.38 0.62
   76 K    4 -3 -2 -4 -3 -3 -3 -3 -4 -4 -4 -1 -3 -5 -3  2  4 -5 -4 -3   46   1   0   0   0   0   0   0   0   0   0   3   0   0   0  17  33   0   0   0  0.93 0.37
   77 L   -4 -4 -2 -6 -4 -1 -5 -6 -4  0  6 -5  3 -2 -5 -5 -3 -4 -4 -1    0   0   3   0   0   3   0   0   0   3  81   0   7   0   0   0   0   0   0   3  1.26 0.40
   78 I   -3 -5 -6 -6 -3 -5 -5 -6 -5  5  2 -5 -1 -1 -5 -4 -2 -5 -3  5    1   0   0   0   0   0   0   0   0  42  17   0   0   1   0   0   0   0   0  39  1.09 0.35
   79 E    3 -2  6 -1 -4  1  0 -2  1 -5 -5 -2 -4 -2 -4  1 -2 -5 -3 -4   29   2  40   1   0   5   7   2   3   0   0   1   0   2   0   8   0   0   0   0  0.74 0.31
   80 N   -4 -4  9 -2 -6 -3 -4 -2 -3 -7 -7 -4 -6 -7 -5 -2 -3 -7 -6 -6    1   0  96   0   0   0   0   2   0   0   0   0   0   0   0   1   0   0   0   0  2.53 0.65
   81 K   -4 -5 -4 -6 -4 -4 -5 -6 -3  1  2 -2 10 -3 -6 -5 -4 -5 -4 -2    0   0   1   0   0   0   0   0   0   6  14   3  76   0   0   0   0   0   0   0  2.17 0.60
   82 F   -3 -5 -5 -6 -4 -5 -5 -6 -6  3 -1 -5 -1  1 -5 -5 -3 -5 -3  7    0   0   0   0   0   0   0   0   0  14   1   0   1   6   0   0   0   0   0  77  1.45 0.45
   83 L   -2 -2 -1 -1 -1  1  2 -4  0  2 -1  1 -1 -3 -3 -1  2 -4 -3  2    1   0   2   2   2   5  19   0   3  13   5  10   0   0   0   2  18   0   0  19  0.27 0.18
   84 G   -3 -6 -4 -5 -6 -5 -5  8 -5 -7 -7 -5 -6 -7 -5 -3 -5 -6 -6 -7    0   0   0   0   0   0   0 100   0   0   0   0   0   0   0   0   0   0   0   0  2.44 0.59
   85 V   -3 -6 -6 -6 -1 -5 -6 -6 -6  0 -2 -6 -2 -4 -6 -4 -3 -6 -4  7    1   0   0   0   1   0   0   0   0   0   0   0   0   0   0   0   1   0   0  98  2.00 0.57
   86 S   -1 -3 -1 -3 -4 -3 -3 -3 -1 -4 -4  0 -4 -5 -4  5  6 -5 -4 -3    1   0   2   0   0   0   0   1   1   0   0   4   0   0   0  42  47   0   0   0  1.12 0.42
   87 R   -1  0  1  2 -5  3  4 -3 -2 -4 -4  3 -3 -5 -3 -2  0 -5 -4 -2    4   3   6   9   0  16  31   0   0   0   0  20   0   0   0   1   6   0   0   3  0.62 0.26
   88 G   -3 -6 -4 -5 -6 -5 -5  8 -5 -7 -7 -5 -6 -7 -5 -3 -5 -6 -6 -7    0   0   0   0   0   0   0 100   0   0   0   0   0   0   0   0   0   0   0   0  2.44 0.59
   89 F   -5 -6 -6 -7 -6 -6 -6 -6 -3 -4 -3 -6 -3  8 -7 -5 -5  1  6 -4    0   0   0   0   0   0   0   0   0   0   0   0   0  73   0   0   0   1  26   0  2.33 0.57
   90 C   -2 -1 -2 -2  1  1  5 -4 -3 -4 -5  1 -4 -5 -3  1  3 -5 -4 -2    1   1   0   0   3   5  49   0   0   0   0   9   0   0   0  12  17   0   0   2  0.83 0.34
   91 V   -4  4 -3 -4 -6 -1 -2 -5 -3 -3 -5  7 -3 -6 -4 -3 -2 -6 -5 -1    0  20   0   0   0   1   1   0   0   1   0  70   0   0   0   0   2   0   0   4  1.43 0.46
   92 Y   -1  2  1 -1 -4  0  1 -2 -2 -3 -4  5 -3 -4 -3  0  2 -4 -1 -2    3   9   6   1   0   1   8   2   0   0   0  43   0   0   0   5  14   0   3   3  0.55 0.25
   93 L   -4 -5 -6 -7 -4 -5 -6 -7 -6 -1  6 -5  2 -2 -6 -5 -4 -5 -4 -2    0   0   0   0   0   0   0   0   0   0  96   0   4   0   0   0   0   0   0   0  1.76 0.50
   94 E   -3 -3  0  0 -6  3  7 -5 -3 -3 -4 -2 -4 -5 -4 -3  0 -6 -5 -3    1   0   3   4   0  12  69   0   0   2   2   1   0   0   0   0   5   0   0   1  1.28 0.43
   95 I   -4 -5 -6 -6 -4 -5 -6 -6 -6  6  4 -5  0 -2 -5 -5 -3 -5 -4  0    0   0   0   0   0   0   0   0   0  51  46   0   1   0   0   0   0   0   0   2  1.32 0.40
   96 V   -2 -3  3 -3 -3  1 -2 -4  0  2 -2 -1 -1 -1 -4 -1  1 -5 -3  5    1   0  14   0   0   8   1   0   3  10   1   3   0   2   0   3   7   0   0  46  0.51 0.26
   97 G   -3 -6 -4 -5 -6 -5 -5  8 -5 -7 -7 -5 -6 -7 -5 -3 -5 -6 -6 -7    0   0   0   0   0   0   0 100   0   0   0   0   0   0   0   0   0   0   0   0  2.44 0.59
   98 V   -3 -5 -6 -6 -4 -5 -5 -6 -6  1 -2 -5 -2 -4 -5 -4  0 -6 -4  7    0   0   0   0   0   0   0   0   0   4   0   0   0   0   0   0   6   0   0  89  1.72 0.51
   99 G   -3 -6 -4 -5 -6 -5 -5  8 -5 -7 -7 -5 -6 -7 -5 -3 -5 -6 -6 -7    0   0   0   0   0   0   0 100   0   0   0   0   0   0   0   0   0   0   0   0  2.44 0.59
  100 Y   -6 -5 -6 -7 -6 -5 -6 -7 -2 -5 -5 -6 -5  1 -7 -5 -5  0 10 -5    0   0   0   0   0   0   0   0   0   0   0   0   0   3   0   0   0   0  97   0  3.11 0.73
  101 R   -5  8 -3 -5 -7 -2 -3 -6 -4 -6 -6  1 -5 -6 -5 -4 -4 -6 -5 -6    0  95   1   0   0   0   0   0   0   0   0   4   0   0   0   0   0   0   0   0  2.43 0.62
  102 A    6 -4 -5 -5 -3 -4 -4 -2 -5 -3 -4 -4 -3 -5 -4 -2 -3 -5 -5  2   85   0   0   0   0   0   0   1   0   0   0   0   0   0   0   0   0   0   0  13  1.49 0.49
  103 A    4 -2 -1 -3 -4  6 -1 -3 -3 -4 -4  0 -3 -4 -3  0 -1 -5 -4 -3   35   0   2   0   0  46   2   0   0   1   1   4   0   1   0   5   2   0   0   0  1.00 0.39
  104 L    3 -2 -3 -4 -3 -1 -2 -3 -3  0  2  2  4 -2 -3 -1 -2 -4 -3  2   27   0   0   0   0   2   1   0   0   2  21  15  13   0   0   2   0   0   0  15  0.36 0.20
  105 L   -1 -1 -2 -2 -5  7  0 -3 -2 -4 -2  4 -3 -5 -3 -1 -3 -4 -4 -4    5   1   1   1   0  52   2   1   0   0   3  27   0   0   0   4   1   0   0   1  1.10 0.39
  106 S   -2 -5 -3 -3 -5 -4 -4  7 -4 -6 -6 -4 -5 -5 -4 -1 -4 -5 -5 -5    0   0   0   1   0   0   1  92   0   0   0   0   0   0   0   3   0   0   0   0  2.01 0.49
  107 S   -1  1  3  0 -3  0 -1 -2 -2 -4 -3  5 -3 -4 -1  2 -1 -4 -3 -3    2   4  15   4   0   4   2   1   0   1   1  44   0   1   2  15   3   0   0   1  0.60 0.23
  108 S   -1 -1  3  2 -3 -1  0 -1 -2 -2 -3  3 -2 -3 -2  0  0 -3 -3  0    5   1  20  12   0   1   2   3   0   2   2  29   0   1   1   7   5   0   1   8  0.34 0.15
  109 L   -2 -3 -3 -3 -2 -3 -3 -3 -3  0  5 -3  0 -1 -3 -3 -2 -3 -2  0    2   1   1   1   0   1   1   2   0   3  76   1   1   1   1   2   1   0   1   3  0.88 0.25
  110 Q    0  0  2  1 -2  2  2 -1  0 -1 -1  1 -1 -2 -1  0  0 -1 -1 -1    5   3  14   7   1  11  15   5   1   3   5  10   1   2   3   6   3   1   2   3  0.15 0.04
  111 N    0  0  1  0  0  0  0  0  0  0  0  0  0  0  0  0  0  0  0  0    8   5   7   5   2   4   6   7   2   5   9   6   2   4   5   7   6   1   3   7  0.02 0.01
  112 S    0  0  0  0  0  0  0  0  0  0  0  0  0  0  0  0  0  0  0  0    8   5   4   5   2   4   6   7   2   5   9   6   2   4   5  10   6   1   3   6  0.02 0.01
  113 T    0  0  0  0  0  0  0  0  0  0  0  0  0  0  0  0  1  0  0  0    8   5   4   5   2   4   6   7   2   5   9   6   2   4   5   7   9   1   3   6  0.02 0.01
  114 K    0  0  0  0  0  0  0  0  0  0  0  0  0  0  0  0  0  0  0  0    8   5   5   5   2   4   6   7   2   5   8   9   2   4   5   7   6   1   3   6  0.02 0.02
  115 D    0  0  0  1  0  0  0  0  0  0  0  0  0  0  0  0  0  0  0  0    8   5   4   8   2   4   6   7   2   5   8   8   2   4   5   7   6   1   3   7  0.02 0.02
  116 T    0  0  0  0  0  0  0  0  0  0  0  0  0  0  0  0  1  0  0  0    8   5   4   5   2   4   6   8   2   5   8   5   2   4   5   9  10   1   3   6  0.03 0.00
  117 N    0  0  1  0 -1  0  0  1  0  0  0  0  0  0  0  0  0  0  0  0    7   5   7   5   2   4   6  11   2   5   8   6   2   4   5   6   5   1   3   6  0.03 0.03
  118 D    0  0  1  1 -1  0  0  0  0 -1 -1  0  0 -1  0  0  0  0  0 -1    6   4  11  11   2   5   6   6   2   4   7   5   2   3   4   6   5   1   3   5  0.05 0.00
  119 T    0  0  0  0 -1  0  0  0  0  0  0  0  0 -1  0  0  1  0  0  0    8   4   3   4   1   4   5   6   2   4   7   9   2   3   4   6  15   1   2   9  0.03 0.01
  120 I    0  0 -1 -1  0  0  0 -1 -1  1  1  0  0  0  0  0  0  0  0  1    6   4   3   4   2   3   5   5   2   9  20   4   2   3   4   5   5   1   2  11  0.01 0.00
  121 V    0 -1  2 -1 -1 -1 -1 -1 -1  1 -1 -1 -1 -1 -1  0  1 -2 -1  3    5   3  11   2   1   2   4   3   1   5   4   3   1   2   2   5   8   1   1  34  0.13 0.07
  122 L   -4 -5 -6 -6 -4 -5 -5 -6 -5  0  6 -5  4  3 -6 -5 -4 -4 -3 -1    0   0   0   0   0   0   0   0   0   1  77   0  10  10   0   0   0   0   0   1  1.33 0.41
  123 K    2 -3  5 -2 -4  1 -2 -3 -1 -4 -4 -1 -3 -5 -3  3  3 -5 -4 -3   16   0  28   0   0   8   0   0   1   0   0   3   0   0   0  26  17   0   0   0  0.69 0.30
  124 L   -3 -5 -6 -6 -4 -5 -5 -6 -6  0  6 -5  0 -2 -5 -5 -4 -4 -4  2    1   0   0   0   0   0   0   0   0   2  81   0   1   0   0   0   0   0   0  15  1.35 0.42
  125 G   -3 -6 -4 -5 -6 -5 -5  8 -5 -7 -7 -5 -6 -7 -5 -3 -5 -6 -6 -7    0   0   0   0   0   0   0 100   0   0   0   0   0   0   0   0   0   0   0   0  2.44 0.59
  126 H   -5 -5 -5 -6 -6 -5 -6 -6  1 -4 -2 -4 -3  7 -6 -5 -5 -1  7 -4    0   0   0   0   0   0   0   0   3   0   2   1   0  49   0   0   0   0  45   0  2.06 0.53
  127 S   -1 -4 -3 -4 -4 -3 -3 -4 -4 -6 -6 -4 -5 -6 -4  7 -2 -6 -5 -5    2   0   0   0   0   0   0   0   0   0   0   0   0   0   0  98   0   0   0   0  2.03 0.63
  128 H   -6 -4 -2 -5 -7 -3 -4 -6 11 -7 -7 -3 -5 -5 -6 -5 -6 -6 -2 -7    0   0   1   0   0   0   0   0  98   0   0   1   0   0   0   0   0   0   0   0  3.56 0.79
  129 D   -4 -5 -3  4 -6 -1 -2 -5 -5 -6 -6 -4 -6 -7  8 -3 -4 -7 -6 -5    0   0   0  22   0   3   2   0   0   0   0   0   0   0  72   1   0   0   0   0  2.17 0.54
  130 I   -3 -6 -6 -6 -3 -5 -6 -6 -6  3 -1 -5 -2 -3 -5 -5 -3 -6 -4  7    0   0   0   0   0   0   0   0   0  17   2   0   0   0   0   0   0   0   0  80  1.60 0.47
  131 H   -1 -1  1  2 -4 -1  4 -3  1  1 -1 -1 -2 -3 -1 -2 -1 -5 -2  2    3   2   6  12   0   1  34   0   3   7   3   2   0   0   3   1   3   0   1  19  0.36 0.20
  132 Y   -4 -4 -4 -5 -4 -4 -4 -5  4  3 -1 -4  3  4 -5 -4 -3 -2  6  1    0   0   0   0   0   0   0   0  10  19   2   0   9  17   0   0   0   0  31  11  0.95 0.33
  133 K    0 -2 -1  1 -4  1  4 -3 -2 -3 -4  1 -3 -5  2 -1  1 -5 -4  0   10   0   2   8   0   5  35   0   0   1   0  10   0   0  11   2   8   0   0   7  0.48 0.22
  134 V    2 -4 -3 -1 -3 -3 -2 -3 -4  2  1 -3  2 -2  4 -2 -2 -4 -3  2   20   0   0   4   0   0   3   0   0  16  12   0   7   0  22   0   1   0   0  14  0.45 0.21
  135 P   -3 -4 -5 -3 -6 -4  1 -5 -5 -3 -6 -4 -4 -6  8 -4 -3 -3 -6 -3    1   0   0   1   0   0   8   0   0   2   0   0   0   0  83   0   1   0   0   2  2.35 0.57
  136 N    2 -3  0  2 -5  1  5 -3 -3 -5 -5  0 -4 -5 -1 -1 -2 -5 -4 -3   19   0   4   9   0   5  51   0   0   0   0   3   0   0   2   4   1   0   0   1  0.84 0.33
  137 G   -3 -5 -2  0 -6 -5 -4  7 -5 -7 -7 -5 -6 -6 -5 -3 -4 -6 -6 -6    0   0   1   5   0   0   0  93   0   0   0   0   0   0   0   0   0   0   0   0  2.14 0.53
  138 V   -4 -6 -6 -6 -4 -5 -6 -6 -6  7  0 -5 -1 -3 -5 -5 -3 -5 -4  4    0   0   0   0   0   0   0   0   0  67   4   0   0   0   0   0   0   0   0  29  1.53 0.44
  139 R   -2  0 -2 -1 -4  0  3 -4 -3 -3 -4  2 -3 -5 -3  1  5 -5 -4 -2    1   3   1   1   0   4  19   0   0   0   0  15   0   0   0   8  46   0   0   1  0.76 0.33
  140 V    1 -5 -5 -5 -1 -4 -5 -4 -4  4  0 -4  0  4 -4 -3 -2 -3 -1  3   12   0   0   0   1   0   0   0   0  33   5   0   1  22   0   0   2   0   0  23  0.71 0.27
  141 F    1 -2 -2  0 -4  0  5 -4 -3 -4 -4  1 -3 -1 -3 -1  1 -5 -4 -1   15   0   0   4   0   1  51   0   0   0   0   8   0   3   0   3  11   0   0   4  0.74 0.31
  142 L   -1 -4 -4 -5  5 -4 -4 -5 -5 -1 -1 -4 -1 -4 -4 -2  4 -5 -4  5    3   0   0   0  12   0   0   0   0   0   5   0   1   0   0   1  33   0   0  45  0.97 0.37
  143 Q   -3 -5 -4  0 -6  0  2 -5 -5 -6 -6 -3 -5 -7  8 -3 -3 -7 -6 -5    1   0   0   5   0   3  16   0   0   0   0   0   0   0  72   0   1   0   0   0  2.05 0.52
  144 S    1  0  1  1 -3 -1 -1  0 -3 -4 -4  3 -3 -5 -3  4  1 -5 -4 -3   10   4   5   6   0   1   1   7   0   0   0  19   0   0   0  38  10   0   0   0  0.51 0.25
  145 P   -1 -3  4 -3 -5  6 -2 -4 -3 -5 -5 -2 -2 -6  6 -2 -3 -6 -5 -4    4   0  18   0   0  35   0   0   0   0   0   0   1   0  38   1   0   0   0   0  1.37 0.45
  146 S   -3 -4  3 -4 -4 -3 -4 -4 -4 -4 -4 -4 -4 -4 -4  0  7 -6 -5 -3    1   0  12   0   0   0   0   0   0   0   1   0   0   0   0   3  81   0   0   1  1.67 0.53
  147 E   -1  1  0 -1 -5  1  5 -4  0 -3 -4  4 -3 -5 -3 -1  0 -5 -4 -3    4   5   3   2   0   4  44   0   2   1   1  25   0   0   0   3   6   0   0   1  0.75 0.30
  148 I   -4 -6 -6 -6 -4 -5 -6 -6 -6  7  0 -5 -1  1 -5 -5 -3 -5 -3  3    0   0   0   0   0   0   0   0   0  70   5   0   0   6   0   0   0   0   0  18  1.45 0.42
  149 C   -2 -3 -2 -4  1 -2 -1 -3 -2  3  0 -1 -1 -2 -4  0  1 -3 -2  4    0   0   2   0   3   0   3   1   1  22   7   5   0   1   0  10  10   0   0  34  0.38 0.20
  150 I   -3 -5 -6 -6 -4 -5 -5 -6 -6  5  1 -5 -1 -3 -5 -5 -3 -5 -4  6    0   0   0   0   0   0   0   0   0  32   7   0   0   0   0   0   0   0   0  61  1.34 0.41
  151 F   -1  1 -1 -2 -4 -1  1 -3 -1 -4 -4  4 -3 -1 -3  4  1 -5 -3 -3    3   7   1   0   0   1   8   0   1   0   0  36   0   3   0  32   6   0   0   1  0.64 0.29
  152 G   -3 -6 -4 -4 -3 -5 -5  7 -5 -7 -7 -5 -6 -6 -5 -2 -5 -6 -6 -6    0   0   0   0   1   0   0  97   0   0   0   0   0   0   0   2   0   0   0   0  2.32 0.56
  153 V    1 -4 -3 -5 -1 -4 -5 -5 -3  6 -1 -4  0 -1 -3 -1 -1 -5 -1  1   13   0   2   0   1   0   0   0   1  61   0   0   1   1   1   5   4   0   2   7  0.87 0.33
  154 D   -5 -5  2  8 -7 -3 -1 -4 -4 -6 -7 -4 -6 -7 -5 -1 -4 -7 -6 -6    0   0   7  88   0   0   1   0   0   0   0   0   0   0   0   5   0   0   0   0  2.16 0.56
  155 L   -3  0 -3 -4 -5 -1 -2 -5 -4 -6 -3  8 -4 -6 -4 -3 -4 -6 -5 -5    1   3   1   0   0   1   1   0   0   0   3  90   0   0   0   1   0   0   0   0  1.86 0.55
  156 N   -3 -1 -1 -2 -6  8  4 -5 -1 -6 -6 -2 -4 -6 -4 -3 -4 -5 -5 -5    1   1   3   1   0  69  24   0   1   0   0   0   0   0   0   0   0   0   0   0  1.80 0.55
  157 Q   -1  3 -3 -3 -4  4 -1 -4 -1 -1  2  3 -1 -3 -4 -2 -2 -4 -3  0    6  14   0   0   0  21   1   0   1   1  25  19   1   0   0   1   2   0   0   9  0.42 0.23
  158 V   -3 -6 -6 -6 -4 -5 -6 -6 -6  1 -1 -5 -2 -4 -6 -5 -3 -6 -4  7    0   0   0   0   0   0   0   0   0   4   2   0   0   0   0   0   0   0   0  94  1.89 0.54
  159 T   -3 -6 -4 -4 -6 -5 -5  7 -5 -7 -7 -5 -6 -6 -5 -3 -2 -6 -6 -6    0   0   0   0   0   0   0  97   0   0   0   0   0   0   0   0   3   0   0   0  2.30 0.56
  160 Q    1 -2  1 -2 -6  8  2 -4 -2 -5 -5 -2 -4 -5 -4 -2 -3 -5 -4 -4   10   0   5   1   0  68  13   0   1   0   0   0   0   0   0   1   0   0   0   0  1.50 0.50
  161 V   -1 -5 -5 -5 -3 -4 -4 -5 -4  2  0 -4 -1  1 -5 -4  0 -4  0  6    3   0   0   0   0   0   0   0   0  10   6   0   1   7   0   0   7   0   4  62  0.92 0.33
  162 A    7 -5 -5 -5 -2 -4 -4 -3 -5 -5 -5 -4 -4 -5 -4 -1 -3 -6 -5 -3   97   0   0   0   1   0   0   0   0   0   0   0   0   0   0   3   0   0   0   0  1.84 0.56
  163 H    7 -4 -4 -5 -2 -4 -4 -3  0 -4 -3 -4 -4 -5 -4  0 -3 -6 -5 -3   88   0   0   0   0   0   0   0   3   0   2   0   0   0   0   6   0   0   0   0  1.53 0.50
  164 S   -3 -1  4  2 -5  0  4 -4 -2 -3 -5  2 -4 -5 -4 -1 -2 -5 -4 -3    0   2  26  10   0   2  37   0   0   1   0  15   0   0   0   4   0   0   0   2  0.83 0.31
  165 I   -4 -6 -6 -6 -4 -6 -6 -7 -6  8 -1 -6 -2 -3 -6 -5 -4 -6 -4  2    0   0   0   0   0   0   0   0   0  91   1   0   0   0   0   0   0   0   0   9  2.02 0.54
  166 R   -5  8 -4 -5 -7 -2 -4 -6 -2 -7 -6 -1 -5 -6 -6 -4 -5 -6 -5 -6    0  99   0   0   0   0   0   0   1   0   0   0   0   0   0   0   0   0   0   0  2.60 0.66
  167 N    3  1  0  0 -3 -1  1  2 -3 -4 -4  1 -3 -4 -3  2 -1 -4 -4 -3   34   8   4   5   0   1  10  13   0   0   0  11   0   0   0  15   1   0   0   0  0.41 0.21
  168 T   -3 -4 -4 -5 -4 -3 -4 -5 -1  0  1 -1 -2  4 -5 -4 -1  6  6  1    0   0   0   0   0   0   1   0   1   5  11   5   0  18   0   0   4  13  28  13  0.84 0.29
  169 R   -5  8 -4 -5 -7 -2 -3 -6 -4 -7 -6 -1 -5 -6 -6 -4 -5 -6 -5 -6    0  99   0   0   0   0   0   0   0   0   0   1   0   0   0   0   0   0   0   0  2.58 0.65
  170 P   -1  2 -3 -3 -5 -1  1 -1 -4 -5 -3  3 -4 -5  6 -1 -3 -6 -5 -4    3   9   0   0   0   1   9   5   0   0   2  24   0   0  43   3   0   0   0   0  1.05 0.34
  171 P   -4 -6 -6 -4 -7 -5 -5 -6 -6 -7 -7 -5 -6 -7  9 -4 -5 -8 -7 -6    0   0   0   0   0   0   0   0   0   0   0   0   0   0  99   0   0   0   0   0  3.21 0.71
  172 S   -4 -3 -1  2 -7 -1  7 -5 -3 -6 -6 -2 -5 -7 -4 -1 -4 -6 -5 -6    0   0   2   7   0   0  88   0   0   0   0   0   0   0   0   3   0   0   0   0  1.95 0.56
  173 V   -4 -6 -6 -5 -6 -5 -5 -6 -6 -6 -6 -5 -6 -7  9 -4 -5 -7 -6 -1    0   0   0   0   0   0   0   0   0   0   0   0   0   0  95   0   0   0   0   5  2.99 0.68
  174 Y   -6 -6 -6 -7 -6 -5 -6 -7 -2 -5 -5 -6 -5  0 -7 -5 -5 -1 10 -5    0   0   0   0   0   0   0   0   0   0   0   0   0   0   0   0   0   0 100   0  3.22 0.76
  175 K   -4 -1 -3 -4 -6 -1 -2 -5 -4 -6 -5  8 -5 -7 -4 -3 -3 -6 -5 -6    0   0   0   0   0   0   0   0   0   0   0  98   0   0   0   1   1   0   0   0  2.21 0.61
  176 G   -2 -6 -4 -5 -6 -5 -5  7 -5 -7 -7 -5 -6 -6 -5 -3 -5 -6 -6 -6    1   0   0   0   0   0   0  99   0   0   0   0   0   0   0   0   0   0   0   0  2.40 0.58
  177 K   -4 -1 -4 -4 -7 -2 -2 -5 -4 -6 -6  8 -5 -7 -4 -4 -4 -7 -5 -6    0   0   0   0   0   0   0   0   0   0   0 100   0   0   0   0   0   0   0   0  2.34 0.64
  178 G   -3 -6 -4 -5 -6 -5 -5  8 -5 -7 -7 -5 -6 -7 -5 -3 -5 -6 -6 -7    0   0   0   0   0   0   0 100   0   0   0   0   0   0   0   0   0   0   0   0  2.44 0.59
  179 I   -3 -6 -6 -6 -4 -5 -6 -6 -6  6 -1 -5 -2 -3 -5 -5 -3 -6 -4  5    0   0   0   0   0   0   0   0   0  52   1   0   0   0   0   0   0   0   0  47  1.50 0.44
  180 R   -4  7 -3 -4 -6 -2 -3 -5 -1 -6 -5  5 -4 -6 -5 -4 -4 -6 -5 -6    0  68   0   0   0   0   0   0   1   0   0  31   0   0   0   0   0   0   0   0  1.83 0.51
  181 Y   -6 -5 -6 -7 -6 -5 -6 -7  0 -5 -5 -6 -5  0 -7 -5 -5 -1 10 -5    0   0   0   0   0   0   0   0   1   0   0   0   0   1   0   0   0   0  98   0  3.16 0.74
  182 T    4 -1 -2 -1 -3  0  3 -2 -2 -2 -3  0 -3 -4 -3  1  0 -5 -4  1   37   2   0   2   0   2  24   0   0   1   1   5   0   0   0  10   5   0   0   9  0.46 0.24
  183 N   -3 -4  2  5 -5 -3 -1  5 -3 -6 -6 -3 -5 -6 -4 -2 -1 -6 -5 -6    0   0   9  38   0   0   2  47   0   0   0   0   0   0   0   0   4   0   0   0  1.26 0.39
  184 E   -4 -3 -4 -2 -7 -1  8 -6 -3 -7 -6 -3 -6 -7 -5 -4 -4 -6 -6 -6    0   0   0   0   0   0 100   0   0   0   0   0   0   0   0   0   0   0   0   0  2.39 0.65
  185 K   -2  1  0 -3 -4  1 -2 -4  3  0 -2  1 -2  2 -4 -2  0 -3  3  3    1   9   6   0   0   8   1   0  10   2   0   8   0   8   0   0   5   0  14  27  0.35 0.21
  186 I   -3 -6 -6 -6 -4 -5 -6 -6 -6  6 -1 -5 -2 -3 -5 -5 -3 -6 -4  5    0   0   0   0   0   0   0   0   0  48   1   0   0   0   0   0   0   0   0  51  1.49 0.44
  187 V   -2  6 -4 -5 -4 -2 -3 -5 -3  1 -1  0 -2  2 -5 -3 -3 -4 -3  1    2  57   0   0   0   0   0   0   0  10   6   2   0   9   0   0   1   0   0  12  0.95 0.35
  188 T   -4  8 -4 -5 -6 -1 -3 -5 -2 -2 -1 -1 -1 -5 -5 -3 -1 -6 -5 -4    0  82   0   0   0   1   0   0   1   2   8   0   1   0   0   1   4   0   0   0  1.75 0.51
  189 K   -4 -1 -3 -4 -7 -2 -2 -5 -4 -6 -6  8 -5 -7 -4 -3 -4 -6 -5 -6    0   0   0   0   0   0   0   0   0   0   0 100   0   0   0   0   0   0   0   0  2.30 0.61
  190 T    1 -3 -3 -1 -5 -1  7 -5 -3 -4 -3 -2 -4 -5 -4 -3 -1 -6 -5  1   10   0   0   0   0   0  71   0   0   0   2   0   0   0   0   0   3   0   0  13  1.26 0.43
  191 G    2 -5 -3 -4 -4 -4 -4  6 -5 -5 -6 -4 -5 -6 -4 -2  0 -5 -5 -4   21   0   0   0   0   0   0  72   0   0   0   0   0   0   0   0   7   0   0   1  1.49 0.42
  192 K   -4 -1 -3 -4 -7 -2 -2 -5 -4 -6 -6  8 -5 -7 -4 -3 -4 -6 -5 -6    0   0   0   0   0   0   0   0   0   0   0 100   0   0   0   0   0   0   0   0  2.30 0.61
  193 R   -4  1 -3 -4 -6 -1 -2 -4 -3 -6 -5  8 -4 -6 -4 -3 -3 -6 -5 -5    0   5   0   0   0   0   0   0   0   0   0  95   0   0   0   0   0   0   0   0  1.96 0.50
  194 K   -4  0 -3 -3 -6 -1 -2 -4 -4 -6 -5  8 -4 -6 -4 -3 -3 -6 -5 -5    0   0   0   0   0   0   0   0   0   0   0 100   0   0   0   0   0   0   0   0  2.07 0.51

                      K         Lambda
Standard Ungapped    0.1374     0.3184
Standard Gapped      0.0533     0.2670
PSI Ungapped         0.1725     0.3112
PSI Gapped           0.0533     0.2670
