
Last position-specific scoring matrix computed, weighted observed percentages rounded down, information per position, and relative weight of gapless real matches to pseudocounts
           A  R  N  D  C  Q  E  G  H  I  L  K  M  F  P  S  T  W  Y  V   A   R   N   D   C   Q   E   G   H   I   L   K   M   F   P   S   T   W   Y   V
    1 M   -1 -1 -2 -3 -2  1 -2 -3 -2  1  2 -1  6  0 -3 -2 -1 -2 -1  0    0   0   0   0   0  12   0   0   0   0  17   0  71   0   0   0   0   0   0   0  0.43 0.06
    2 Q   -1  1  0  2 -3  4  3 -2  0 -3 -3  2 -1 -3 -1  0  0 -3 -2 -2    0   0   0  11   0  35  21   0   0   0   0  24   0   0   0   0   9   0   0   0  0.45 0.04
    3 N   -1 -1  4  3  3  0  3 -2 -1 -3 -3  0 -3 -4  1  0 -1 -4 -3 -3    0   0  35  16  13   0  29   0   0   0   0   0   0   0   7   0   0   0   0   0  0.48 0.05
    4 Q    0  0  0 -1 -2  3  0  0 -1 -2 -2  1 -1 -3 -1  3  2 -3 -2 -2    0   0   0   0   0  31   0   5   0   0   0   9   0   0   0  32  23   0   0   0  0.36 0.05
    5 M   -2  1 -2  1 -3 -1 -2 -3 -2 -1  1 -2  7 -2 -3  1 -1 -3 -2 -1    0  11   0  10   0   0   0   0   0   0   5   0  61   0   0  13   0   0   0   0  0.67 0.20
    6 E   -2  4  0  1 -4  1  5 -3 -1 -4 -4  1 -3 -4 -2 -1 -1 -4 -3 -3    0  26   3   4   0   4  56   0   0   0   0   4   0   0   0   0   2   0   0   0  0.75 0.15
    7 W   -3  1 -1  2 -4  0 -2 -3  2 -4 -3  0 -1 -1 -4 -2 -1 10  0 -4    0  11   2  17   0   4   0   0   8   0   0   6   2   0   0   0   4  46   0   0  1.22 0.19
    8 D   -2  0  2  6 -4 -1  0 -2  1 -4 -3  0 -3 -3 -3  0  0 -4  1 -3    0   5  11  57   0   0   1   0   3   0   2   4   0   0   0   6   5   0   7   0  0.68 0.15
    9 S    0  0  1 -1 -2  0  0 -2 -2 -3 -3  1 -2 -3 -2  5  1 -4 -3 -3    0   4   7   0   0   3   2   0   0   0   0   9   0   0   0  67   6   0   0   0  0.60 0.17
   10 D   -2 -1  5  3 -3  1  2  1 -1 -4 -3 -1 -3 -4 -2  0  0 -4 -3 -3    0   0  43  21   0   5  13   9   0   0   2   0   0   0   0   2   4   0   0   0  0.58 0.13
   11 S    1  0  2 -1 -2 -1 -1 -1 -2 -3 -2  0  0 -3 -2  4  0 -4 -3 -2    9   4  14   0   0   0   2   2   0   0   3   5   3   0   0  59   0   0   0   0  0.48 0.15
   12 D   -1  2  0  5 -3  0  1 -2 -2 -3 -3  0 -3 -2 -2  2  0 -4 -3 -2    0  15   1  42   0   0   9   0   0   0   0   5   0   2   0  17   4   0   0   4  0.49 0.12
   13 L   -1  2  0 -1 -2  0 -1  1 -2  0  1 -1  1 -1  0 -1 -1 -3 -2  1    4  21   4   3   0   4   2  11   0   0  24   0   6   2   4   0   0   0   0  15  0.09 0.06
   14 S    2  2 -1 -1 -2 -1 -1  0 -2 -3 -3 -1 -1 -3 -1  3  0 -4 -3 -1   25  17   0   2   0   1   0   7   0   0   0   0   2   0   1  42   0   0   0   3  0.38 0.13
   15 G    0 -1  0  1 -3 -1  0  4 -2 -3 -3 -1 -1 -3 -2  2  0 -3 -3 -2    4   4   1  11   0   0   6  46   0   0   0   0   2   0   0  18   3   0   0   3  0.49 0.11
   16 G    0  0  0  3 -3 -1  2  2 -2 -2 -3 -1 -3 -4 -2  2 -1 -4 -3 -3    3   5   3  26   0   0  16  18   0   2   0   0   0   0   0  24   1   0   0   0  0.39 0.10
   17 D    0  2 -1  1 -3  0  3  2 -1 -3 -3  1 -2 -3 -2  0  0  1 -2 -3    6  14   0   9   0   0  27  19   0   0   0   9   0   0   0   6   7   3   0   0  0.32 0.09
   18 E   -1  1 -1  2 -4  2  4 -3  0 -3  0  0 -2 -2 -1  0 -1 -3 -2 -3    3   8   0   8   0   7  47   0   2   0  12   1   0   1   2   7   0   0   0   0  0.42 0.13
   19 V    0 -2 -1  1 -2  0  1 -2 -2  0  1 -1  1 -1 -1  1  0 -3 -2  1    9   0   2   9   0   4  13   2   0   4  13   0   4   2   1  12   5   0   0  20  0.07 0.05
   20 A    2 -2 -1  0 -2 -1  1  1 -2 -2 -2 -1 -2 -2 -2  3  1 -3 -2 -1   25   0   0   2   0   0  14  11   0   0   2   0   0   2   0  30   9   0   0   3  0.29 0.10
   21 E   -1  0 -1  3 -4  1  4  1  1 -3 -3 -1 -1 -2 -2 -1 -2 -3 -1 -2    0   4   0  19   0   3  41  15   4   1   1   0   3   2   0   2   0   0   2   2  0.42 0.12
   22 D   -1  1  0  4 -4  0  4  0  3 -3 -3 -1 -2 -3 -2 -1 -1 -4 -2 -2    5   8   2  26   0   0  34   8   9   0   0   0   1   0   0   1   1   0   0   2  0.47 0.13
   23 G   -1  0 -1  0 -3 -1  0  4 -2 -2 -1 -2 -2  2 -3  0 -2 -2 -1 -1    1   7   0   7   0   2   8  44   0   0   6   0   0  13   0   4   0   0   0   6  0.36 0.11
   24 W   -1  2  0 -1 -2  0  0  0  1 -1 -1  0  0  1 -1 -1 -1  4  0  0    4  19   4   2   0   0   9  10   6   3   7   2   2   9   2   3   3   7   1   7  0.09 0.05
   25 F    1 -1 -2 -1 -2 -2 -1  0 -2  0  2 -2  1  2 -2 -1 -1 -2  0  1   20   2   0   4   0   0   3   6   0   2  22   1   2  16   0   1   1   0   1  16  0.11 0.06
   26 G    0  0  0  1 -1 -1  1  3 -2 -2 -1 -1 -1 -1 -1  2 -1 -3 -2 -2    7   4   1  11   1   0   9  30   0   0   7   2   1   3   2  19   1   0   0   0  0.24 0.08
   27 G    0  0  1  2 -3  0  1  2  1 -3 -2  1 -2 -3  0  1  0 -3 -2 -2    6   3   6  15   0   0  12  20   4   0   2  10   0   0   4  13   2   0   0   2  0.23 0.06
   28 D   -1  2  0  4 -3  0  2  1  2 -3 -3  0 -3 -3 -2  0 -1  0 -2 -3    2  13   1  39   0   0  12  13   6   0   1   2   0   0   0   4   4   2   1   0  0.44 0.11
   29 N    1 -1  1 -1 -2 -1 -1  2 -2 -1 -2 -1 -2 -1  3  1 -1 -3 -2  0   13   2   7   2   0   0   4  18   0   4   1   3   0   3  18  15   1   0   0   8  0.25 0.06
   30 G    0 -1 -1 -1 -3  0 -1  4 -2 -2 -2 -1 -2  1  1  1  0 -2 -2 -2    2   4   0   3   0   4   2  45   0   2   3   1   0   9   6  11   5   0   0   1  0.38 0.10
   31 A    1  0 -1 -1 -2  0  0  0 -2 -1 -1  0  0 -3  4  0  0 -3 -2  0   13   7   3   3   0   2   6   9   0   0   5   6   4   0  27   4   4   0   0   7  0.31 0.06
   32 I    0 -2 -2 -1  0 -2 -2 -2 -2  3  2 -2  1  1 -2 -2 -1 -2 -1  2    9   1   1   5   2   1   1   3   0  23  26   1   1   8   1   1   1   0   0  15  0.16 0.06
   33 P    0 -2  0  0 -3 -2 -2  2 -2 -3 -3 -2 -3 -3  6  1 -1 -3 -2 -3    7   1   3   5   0   0   1  16   0   1   2   1   0   0  45  14   2   0   2   1  0.81 0.14
   34 F   -1  1  0  0 -3  0  0 -2 -1 -1  0 -1 -1  5 -2 -2 -2 -1  2 -2    3  11   5   7   0   5   7   3   0   2   7   1   0  39   1   1   1   0   4   1  0.27 0.09
   35 P    0 -2 -2  1 -2 -1  0 -1 -2 -1 -2  0 -2 -3  6  0 -1 -3 -3  1    9   1   0   8   0   0   5   3   0   1   1   8   0   0  40   4   1   0   0  17  0.63 0.11
   36 V    0 -2 -2 -3 -2 -2 -1 -1 -1  1  2 -2  1  3 -3  0 -1 -2  0  1   10   0   0   0   0   0   3   3   2   7  23   0   3  22   0   8   0   0   0  16  0.16 0.07
   37 G    2  0 -1  1 -2  0  2  1 -1 -3 -2  1 -1 -1 -2  1  0 -3 -2 -2   25   3   0   7   0   2  19  10   0   0   1   9   1   3   0  11   7   0   0   0  0.22 0.07
   38 S    1  1  1  2 -2  2  1  0 -1 -2 -2  0  0  1 -2  1 -1 -2 -1 -2   16   8  10  13   0  15   6   5   0   2   0   0   3  11   0   8   0   0   0   0  0.16 0.07
   39 L    3 -2 -3 -3 -2 -2 -2 -2 -3  1  2 -1  2  1 -1 -1 -1 -3 -2  0   39   0   0   0   0   0   2   0   0   9  28   4   6   6   2   0   0   0   0   2  0.24 0.11
   40 P   -1 -1 -3 -3 -2 -2 -3 -2 -2  2  3 -1  2  0  2 -2 -1 -2  1  1    5   4   0   0   0   0   0   3   0  12  36   3   9   1  11   2   0   0   6   8  0.23 0.08
   41 G    1  2  0  2 -2  1  0  0  1 -2 -2  0 -1 -3  1  1  0 -3 -2 -1   14  15   0  14   0  10   3   5   4   2   2   0   2   0   6  15   4   0   0   4  0.17 0.06
   42 T    2 -1 -1 -1 -2  0 -1  0 -2 -2 -1 -1 -1 -3  0  1  4 -3 -2 -1   27   4   0   2   0   5   0   4   0   0   4   0   1   0   5   6  41   0   0   0  0.33 0.12
   43 A    2 -1 -1 -2  1 -2 -2  0 -2 -1  0 -2  0  1 -2  1  3 -2 -1  0   26   2   1   0   4   0   0   4   0   0   8   0   3  10   0  10  25   0   0   5  0.19 0.09
   44 P   -1  3  0 -2 -3  2 -1 -3 -2 -2 -3 -1 -2 -4  5  1 -1 -4 -3 -1    4  19   5   0   0  14   0   0   0   2   1   0   0   0  37  10   0   0   0   5  0.69 0.15
   45 C   -1 -2  1 -2  6  2 -1 -2 -2 -1 -1 -1  4 -2 -2  0  0 -3 -1  0    3   0  10   0  22  16   2   1   0   0   2   0  17   0   1   6   6   0   2   9  0.32 0.13
   46 G    2 -2 -1 -2 -2 -2 -2  4 -2 -3 -3 -2 -2 -3  0  2  2 -1 -3 -2   19   0   0   0   0   0   0  40   0   0   1   0   0   0   3  14  17   1   0   0  0.50 0.13
   47 F   -3 -4 -4 -5 -3 -3 -4 -4 -3  3  1 -4  5  5 -4 -3 -2 -2  0  1    0   0   0   0   0   0   0   0   0  20   7   0  24  39   0   0   0   0   0  11  0.74 0.20
   48 V   -1 -4 -4 -4  2 -3 -4 -4 -4  3  0 -3  0 -2 -4 -2  1 -4 -3  5    1   0   0   0   4   0   0   0   0  22   2   0   0   0   0   0  12   0   0  59  0.68 0.19
   49 V   -2 -4 -4 -5 -2 -4 -4 -5 -5  4  1 -4  0 -2 -4 -3 -2 -4 -3  5    0   0   0   0   0   0   0   0   0  24  11   0   0   0   0   0   0   0   0  65  0.84 0.21
   50 S    1 -2 -1 -2  0 -2 -2 -2 -3 -3 -3 -2 -2 -4 -2  4  4 -4 -3 -2   11   0   0   0   1   0   0   0   0   0   0   0   0   0   0  49  39   0   0   0  0.78 0.23
   51 D   -4 -4  0  8 -6 -2  0 -3 -3 -5 -6 -3 -5 -6 -3 -2 -3 -6 -5 -5    0   0   0 100   0   0   0   0   0   0   0   0   0   0   0   0   0   0   0   0  2.00 0.36
   52 A    5 -3 -3 -3 -2 -2 -2 -2 -3 -3 -3 -2 -3 -4  5 -1 -2 -4 -4 -1   65   0   0   0   0   0   0   0   0   0   0   0   0   0  31   1   0   0   0   3  1.04 0.25
   53 L    0  1  1  1 -2 -1 -1 -3  1  0  2 -1  0 -1 -3  0  2 -3 -2  0    6  11   7   9   0   2   2   0   5   2  29   0   2   1   0   2  18   0   0   4  0.12 0.08
   54 E   -2  2 -1  1 -4  4  4 -3 -1 -3 -1  2 -2 -4 -3 -1 -2 -4 -3 -3    0   8   0   4   0  27  39   0   0   0   9  13   0   0   0   0   0   0   0   0  0.66 0.19
   55 P    0 -3 -3 -2 -4 -1 -1 -3  0 -2 -1 -1 -3 -4  7 -1 -1 -5 -4 -2    8   0   0   2   0   2   2   0   3   1   7   2   0   0  65   4   2   0   0   3  1.32 0.23
   56 D   -4 -4 -1  8 -6 -2  0 -3 -3 -5 -6 -3 -5 -6 -3 -2 -3 -6 -5 -5    0   0   0 100   0   0   0   0   0   0   0   0   0   0   0   0   0   0   0   0  2.02 0.37
   57 N   -3 -2  4 -2  3  0 -1 -2  2 -2 -1 -2 -1  4 -4 -2 -2 -2  3 -2    0   0  34   0   8   6   2   1   7   2   3   0   2  22   0   0   0   0  14   0  0.51 0.17
   58 P   -3 -4 -4 -4 -5 -3 -3 -4 -4 -5 -5 -3 -5 -6  8 -3 -2 -6 -5 -4    0   0   0   0   0   0   0   0   0   0   0   0   0   0  98   0   2   0   0   0  2.75 0.40
   59 I   -3 -5 -5 -5 -3 -4 -5 -5 -5  7  1 -4  0 -2 -4 -4 -2 -4 -3  2    0   0   0   0   0   0   0   0   0  86   7   0   0   0   0   0   0   0   0   6  1.22 0.29
   60 I   -2 -4 -4 -5 -2 -4 -4 -5 -4  6  1 -4  3 -2 -4 -3 -2 -4 -3  3    0   0   0   0   0   0   0   0   0  60   5   0  11   0   0   0   0   0   0  23  0.87 0.23
   61 Y   -4 -4 -4 -5 -4 -3 -1 -5  0 -3 -3 -4 -3  5 -5 -4 -4  0  8 -3    0   0   0   0   0   0   4   0   0   0   0   0   0  22   0   0   0   0  74   0  1.74 0.34
   62 V    3 -3 -1 -3  3 -3 -3 -2 -3  0 -1 -3 -1 -3 -3 -1 -1 -4 -3  4   41   0   4   0   8   0   0   0   0   2   0   0   0   0   0   1   0   0   0  43  0.54 0.20
   63 N   -3 -2  8 -1 -4 -2 -2 -2 -1 -5 -5 -2 -4 -5 -4  2 -2 -6 -4 -5    0   0  84   0   0   0   0   0   0   0   0   0   0   0   0  16   0   0   0   0  1.56 0.34
   64 T    2  1  1  3 -2  0  1 -2 -2 -3 -3  1 -2 -4  1  1  1 -4 -3 -2   23  11   5  20   1   1  10   0   0   0   0   6   0   0   5   8  10   0   0   1  0.28 0.10
   65 V    3 -3 -2 -3 -2 -2 -3  3 -3 -1 -2 -2 -1 -3 -3  0  0 -4 -3  2   41   0   0   0   0   0   0  28   0   1   0   0   1   0   0   3   4   0   0  21  0.48 0.17
   66 F   -4 -5 -5 -6  1 -5 -5 -5 -3 -2 -1 -5 -2  8 -6 -4 -4 -1  1 -3    0   0   0   0   4   0   0   0   0   0   0   0   0  96   0   0   0   0   0   0  2.01 0.38
   67 E   -2  1 -2 -1 -1  0  5 -4 -2 -2  0 -1 -2  2 -3 -1 -2 -3  0 -2    0   9   0   0   1   2  54   0   0   0  13   0   0  14   0   3   0   0   2   2  0.55 0.19
   68 I    0  2  1  0 -2  0  0 -2 -1  0  0  2  1 -1 -2  0  0 -3 -1  0    8  17   8   4   0   2   6   0   0   7   8  15   8   1   0   3   8   0   1   5  0.11 0.06
   69 V    0 -1 -3 -4 -2 -2 -3 -2 -3  2  2 -2  4  1 -3 -1 -1 -3 -1  2   11   4   0   0   0   0   0   1   0  16  26   0  18   6   0   6   0   0   0  12  0.28 0.11
   70 T   -1 -3 -2 -3 -3 -3 -3 -3 -4 -3 -3 -3 -3 -4 -3  0  7 -4 -4 -2    4   0   0   0   0   0   0   0   0   0   0   0   0   0   0   0  96   0   0   0  1.49 0.36
   71 G   -2 -4 -2 -3 -4 -4 -4  7 -4 -6 -6 -3 -5 -5 -4 -2 -3 -4 -5 -5    0   0   0   0   0   0   0 100   0   0   0   0   0   0   0   0   0   0   0   0  1.91 0.33
   72 Y   -4 -4 -4 -5 -5 -4 -4 -5  0 -4 -3 -4 -3  1 -5 -4 -4  0  9 -3    0   0   0   0   0   0   0   0   0   0   0   0   0   0   0   0   0   0 100   0  2.43 0.44
   73 R    0  4 -1  0 -2  0  0  0  1 -3 -3  0 -2 -4  0  2  2 -4 -3 -2    6  29   0   6   1   1   5   7   3   0   0   2   0   0   3  16  20   0   0   0  0.32 0.12
   74 A    3  2 -1 -1 -2  0  0 -2 -1 -2 -2  0  0 -3  1  2 -1 -4 -3 -2   38  18   1   3   0   2   4   0   1   1   2   2   4   0   7  15   1   0   0   0  0.31 0.13
   75 E   -1 -1  0  3 -4  0  4 -3  3 -4 -2  2 -3 -4 -2 -1 -2 -4 -1 -3    6   1   1  22   0   0  40   0   9   0   5  14   0   0   0   0   0   0   1   0  0.56 0.17
   76 E   -3 -2 -2  1 -5  1  7 -4 -2 -5 -3 -1 -4 -5 -3 -2 -3 -5 -4 -4    0   0   0   3   0   1  93   0   0   0   2   0   0   0   0   0   0   0   0   0  1.51 0.35
   77 V   -1 -4 -4 -4 -2 -3 -4 -4 -4  3  1 -4  0 -2 -4 -2 -1 -4 -3  5    4   0   0   0   0   0   0   0   0  20   8   0   0   0   0   2   0   0   0  65  0.75 0.22
   78 I   -2 -3 -4 -4 -2 -3 -2 -4 -4  4  4 -3  1 -1 -4 -3  0 -3 -2  1    0   0   0   0   0   0   2   0   0  32  52   0   0   0   0   0   7   0   0   5  0.59 0.17
   79 G   -1 -4 -2 -3 -4 -3 -4  7 -4 -5 -5 -3 -4 -5 -4 -2 -3 -4 -5 -5    1   0   0   0   0   0   0  97   0   0   0   0   0   0   0   0   0   0   0   0  1.75 0.31
   80 R   -3  7 -2 -3 -5  0 -2 -3  2 -4 -4  1 -3 -4 -3 -1 -3 -4 -1 -4    0  81   0   0   0   3   0   1   4   0   0   5   0   0   0   2   0   0   2   0  1.30 0.29
   81 N   -3 -2  8 -1 -5 -2 -2 -2 -1 -5 -5 -2 -4 -5 -4 -1 -2 -5 -4 -5    0   0  98   0   0   0   0   0   0   0   0   0   0   0   0   0   0   0   0   0  1.89 0.38
   82 C   -3 -6 -5 -6 11 -5 -6 -5 -5 -4 -4 -5 -4 -5 -5 -2 -3  1 -5 -3    0   0   0   0  96   0   0   0   0   0   0   0   0   0   0   2   0   2   0   0  2.96 0.48
   83 R   -3  8 -2 -3 -3 -1 -2 -4  0 -5 -4  0 -3 -5 -4 -3 -3 -5 -3 -4    0  95   0   0   1   0   0   0   2   0   0   0   0   0   0   0   0   0   0   0  1.77 0.38
   84 F   -4 -5 -5 -5 -4 -5 -5 -5 -3 -1  0 -5  1  8 -5 -4 -4 -1  1 -2    0   0   0   0   0   0   0   0   0   2   4   0   3  89   0   1   0   0   0   0  1.75 0.36
   85 L   -3 -4 -5 -5 -3 -4 -4 -5 -4  0  6 -4  2 -1 -4 -4 -3 -3 -3 -1    0   0   0   0   0   0   0   0   0   0  95   0   4   0   0   0   0   0   0   0  1.20 0.30
   86 Q   -3 -1 -2 -2 -5  8  0 -4 -2 -5 -4 -1 -3 -5 -3 -2 -3 -4 -4 -4    0   0   0   0   0  99   0   0   0   0   0   0   0   0   0   0   0   0   0   0  1.99 0.46
   87 C   -2 -4 -2 -3  6 -3 -4  5 -3 -4 -3 -3 -3  2 -4 -2 -3 -2  2 -3    0   0   0   0  20   0   0  58   0   0   0   0   0   9   0   0   0   0   9   0  1.00 0.24
   88 R    1  4 -1 -1 -3  0  1 -2 -1 -3 -3  1 -1 -3  4 -1 -1 -3 -2 -2   13  38   1   3   0   3  10   1   0   1   1   3   1   1  20   3   1   0   0   1  0.52 0.14
   89 G   -2 -3  0  5 -4 -2  0  4 -2 -4 -4 -2 -3 -4 -2 -1 -2 -4 -3 -4    1   1   1  50   0   1   4  36   0   1   1   1   0   0   1   1   1   0   0   1  0.90 0.20
   90 P   -1 -1 -1  0 -2  0 -1 -1 -1 -1 -1 -1 -1 -2  6 -1  0 -2 -1 -1    4   3   2   4   1   4   3   4   1   3   4   3   1   2  44   4   8   1   2   3  0.68 0.08
   91 F   -1  1 -1  1 -2  0  1 -1  1 -1 -1  0 -1  3 -1 -1 -1  0  1 -1    4  13   2   8   1   3   9   4   5   3   5   3   1  23   3   4   3   1   3   3  0.10 0.03
   92 T    3 -1 -1 -1 -1 -1 -1  0 -1 -1  0 -1 -1 -1  0  0  0 -1 -1  0   43   3   2   3   1   2   3   4   1   3  10   3   1   2   3   4   7   1   2   3  0.15 0.04
   93 K   -1  0  0  1 -1  4  1 -1  0 -1 -1  2 -1 -1  0  0  0 -1 -1 -1    4   3   2   8   1  28   3   4   1   3   5  16   1   2   3   6   3   1   2   3  0.19 0.05
   94 R    0  5 -1 -1 -1  0  0 -1 -1 -1 -1  1 -1 -1 -1  0 -1 -1 -1 -1    9  45   2   3   1   2   3   4   1   3   5   3   1   2   3   4   3   1   2   3  0.31 0.06
   95 R   -1  4  0 -1 -1  0  0 -1 -1 -1 -1  1 -1 -1 -1 -1 -1 -1 -1  0    4  42   2   3   1   2   3   4   1   3   5   3   1   2   3   4   3   1   2   9  0.26 0.05
   96 H    0  0  0 -1 -1  0  0 -1  7 -1 -1 -1 -1 -1 -1  0 -1 -1  0 -1    9   3   2   3   1   2   3   4  41   3   5   3   1   2   3   4   3   1   2   4  0.41 0.07
   97 P   -1  0 -1 -1 -2  0 -1 -1 -1 -2 -1 -1 -1 -2  6 -1 -1 -2 -2 -1    4   7   2   2   1   3   3   3   1   2   6   3   1   2  49   3   3   1   1   3  0.79 0.09
   98 M   -1 -1 -1 -1 -1 -1  0 -1 -1  1  3  0  1  0 -1 -1 -1 -1 -1  0    5   2   3   2   1   2   7   3   1   7  41   9   2   2   2   3   3   1   1   3  0.10 0.04
   99 V   -1  0 -2 -3 -2 -2 -2 -3 -1  0 -1 -2 -1 -3 -3 -1  5 -4 -2  4    0   7   0   0   0   0   0   0   2   0   1   0   0   0   0   2  45   0   0  40  0.58 0.22
  100 D   -1 -3  0  7 -4 -2  0 -3 -3 -4 -5 -2 -4 -5 -3 -1 -2 -5 -4 -4    6   0   2  86   0   0   0   0   0   0   1   0   0   0   0   2   0   0   0   0  1.50 0.31
  101 S    1  1 -2 -1 -3  2 -1 -2 -2 -3 -3  0 -2 -2  6  2 -1 -4 -3 -3   12   7   1   1   0  13   0   0   0   0   0   4   1   2  40  16   1   0   0   0  0.78 0.19
  102 T    1  0  1  1 -2  0  2 -2 -2  0 -1  0  1 -3  1  0  1 -3 -2  1   17   4   7   8   0   1  18   0   0   8   0   3   7   0   5   3  10   0   0  11  0.14 0.08
  103 I    2 -2 -2  1 -1  0  1 -1 -3  0 -2 -2 -1 -3 -3 -1  1 -4 -3  3   21   2   0  11   1   3  12   4   0   2   0   0   1   0   0   0  10   0   0  35  0.23 0.15
  104 V   -1 -4 -4 -5 -2 -4 -4 -5 -5  2  0 -4 -1 -2 -4 -3 -1 -4 -3  6    2   0   0   0   0   0   0   0   0   5   6   0   0   0   0   0   2   0   0  84  1.05 0.30
  105 A    3 -2 -1  1 -2  0  1 -1 -2 -3 -2 -1 -2 -3 -2  3  1 -4 -3 -2   34   0   0  10   0   4   8   2   0   0   2   0   0   0   0  30  10   0   0   0  0.41 0.17
  106 K   -1  4 -1  0 -4  2  4 -2  0 -4 -4  3 -3 -4 -2 -1 -2 -4 -3 -4    2  23   0   1   0   8  37   2   1   0   0  22   0   0   0   0   1   0   0   0  0.68 0.21
  107 M   -2 -4 -4 -4 -3 -4 -4 -5 -4  6  2 -4  2 -1 -4 -4 -2 -4 -3  3    0   0   0   0   0   0   0   0   0  63  14   0   6   0   0   0   0   0   0  15  0.88 0.24
  108 R   -3  8 -2 -3 -5  1 -2 -4 -2 -5 -4  0 -3 -5 -4 -2 -3 -4 -4 -4    0  90   0   0   0   4   0   0   0   0   0   1   0   0   0   2   0   0   0   0  1.69 0.38
  109 Q    0  4  0  1 -4  2  3 -3 -1 -4 -3  1 -3 -4 -3 -1 -2 -4 -3 -3   10  34   3   9   0   7  27   0   0   0   0   7   0   0   0   0   1   0   0   0  0.58 0.18
  110 C    4 -4 -3 -4  8 -3 -3 -1 -4 -3 -3 -3 -3 -4 -3 -1 -2 -4 -4 -2   53   0   0   0  40   0   0   3   0   0   0   0   0   0   0   2   0   0   0   0  1.23 0.31
  111 L   -2 -4 -4 -4 -2 -3 -4 -5 -4  4  4 -4  1 -1 -4 -3 -2 -3 -2  2    0   0   0   0   0   0   0   0   0  34  51   0   2   0   0   0   0   0   0  11  0.74 0.21
  112 E    1  1  0  3 -3  1  4 -2  0 -3 -3  1 -3 -4 -2  0 -2 -4 -3 -2   14   6   3  18   0   4  37   2   2   0   0   7   0   0   0   4   0   0   0   2  0.47 0.16
  113 N    2 -1  2  1 -3  1  4  0  0 -4 -3  0 -3 -4 -2  1 -1 -4 -3 -3   19   2  12   6   0   6  34   4   1   0   1   5   0   0   0   8   2   0   0   0  0.40 0.15
  114 G   -1 -1  0 -2 -4 -1  3  6 -3 -5 -5 -1 -4 -5 -3 -2 -3 -4 -4 -5    1   2   3   0   0   2  22  68   0   0   0   2   0   0   0   0   0   0   0   0  1.10 0.28
  115 I   -1  2 -1  1 -3  1  1 -3 -1  2 -1  1  0 -2 -2  0  1 -3 -2  1    0  15   1   6   0   6  14   1   2  18   2   6   2   0   0   3  14   0   0   9  0.16 0.10
  116 E   -1 -1  0  3 -3  0  4 -2 -1 -3 -3 -1 -3 -4  1  2  0 -4 -3 -1    3   2   2  16   0   2  36   1   1   1   0   0   0   0   8  17   5   0   0   7  0.44 0.16
  117 F   -1 -4 -4 -5  1 -4 -4 -4 -3  1  0 -4 -1  6 -4 -3 -1 -1  3  3    5   0   0   0   4   0   0   0   0   4   4   0   0  46   0   0   2   0   9  25  0.74 0.22
  118 Q    0 -1  0 -1  5  4  0 -3  2 -2 -2 -1 -2 -3 -3  1  1  0 -2  0    6   2   4   1  14  33   4   0   6   0   1   0   0   0   0  10   9   1   0   7  0.41 0.18
  119 G   -1 -4 -3 -3 -3 -3 -3  5 -4  1 -2 -3 -2 -3 -4 -2 -2 -4 -4  3    0   0   0   0   0   0   2  55   0   6   2   0   0   0   0   0   0   0   0  36  0.85 0.25
  120 E   -2  2 -1  4 -4  0  5 -3 -2 -4 -2 -1 -3 -4 -3 -1  1 -4 -4 -2    0  14   1  23   0   0  47   0   0   0   4   0   0   0   0   0   9   0   0   2  0.72 0.23
  121 L   -3 -4 -5 -5 -3 -4 -5 -5 -5  3  5 -4  0 -1 -5 -4 -3 -3 -3  0    0   0   0   0   0   0   0   0   0  14  86   0   0   0   0   0   0   0   0   0  1.13 0.30
  122 L   -3  0 -5 -5 -3 -3 -4 -5 -4  0  6 -1  0 -1 -4 -4 -3 -3 -3 -1    0   7   0   0   0   0   0   0   0   0  89   5   0   0   0   0   0   0   0   0  1.04 0.30
  123 N   -4 -3  8 -1 -5 -2 -3 -3 -2 -6 -6 -2 -5 -5 -4 -2 -2 -6 -4 -5    0   0 100   0   0   0   0   0   0   0   0   0   0   0   0   0   0   0   0   0  2.16 0.47
  124 F   -4 -4 -5 -5 -5 -4 -5 -5 -1 -3 -2 -4 -3  6 -5 -4 -4  0  8 -3    0   0   0   0   0   0   0   0   0   0   0   0   0  41   0   0   0   0  59   0  1.84 0.39
  125 R   -3  7 -2 -3 -5 -1 -2 -4 -2 -5 -4  3 -3 -5 -4 -2 -3 -5 -4 -5    0  84   0   0   0   0   0   0   0   0   0  15   0   0   0   1   0   0   0   0  1.64 0.38
  126 K   -1  0 -2 -3 -5 -1 -1 -4 -3 -5 -5  7 -4 -5 -3 -2 -3 -5 -4 -4    3   0   0   0   0   0   0   0   0   0   0  97   0   0   0   0   0   0   0   0  1.67 0.44
  127 D   -4 -4  2  8 -6 -2 -1 -3 -3 -5 -6 -3 -5 -6 -4 -2 -3 -7 -5 -5    0   0   6  94   0   0   0   0   0   0   0   0   0   0   0   0   0   0   0   0  1.99 0.44
  128 G   -2 -4 -2 -3 -1 -4 -4  7 -4 -6 -6 -4 -5 -5 -4 -2 -4 -5 -5 -5    0   0   0   0   2   0   0  98   0   0   0   0   0   0   0   0   0   0   0   0  1.97 0.41
  129 S    1 -2 -1 -2 -3 -1  0 -2 -3 -3 -3 -2 -3 -2 -3  4  5 -4 -3 -2    7   0   0   0   0   1   5   0   0   0   0   0   0   2   0  41  44   0   0   0  0.78 0.29
  130 P   -2 -2 -3 -3 -4 -2 -1 -4 -1 -4 -2 -3 -3 -5  7 -1  2 -5 -4 -3    1   2   0   0   0   1   3   0   2   0   4   0   0   0  68   4  16   0   0   0  1.60 0.35
  131 L   -4 -4 -5 -5 -4 -5 -5 -5 -3 -1  3 -5  1  7 -5 -4 -4 -2  1 -1    0   0   0   0   0   0   0   0   0   0  30   0   3  62   0   0   0   0   2   4  1.27 0.35
  132 M   -4 -4 -1 -5 -4 -3 -4 -5  1 -1 -1 -4  6 -1 -5 -4 -4 10  3  0    0   0   3   0   0   0   0   0   4   2   1   0  27   0   0   0   0  47   8   8  1.82 0.44
  133 N   -2 -3  8 -1 -5 -2 -3 -3 -2 -6 -6 -3 -5 -5 -4 -2 -1 -6 -5 -5    3   0  94   0   0   0   0   0   0   0   0   0   0   0   0   0   3   0   0   0  2.00 0.51
  134 K    2  4 -1 -1 -3  1  0 -3 -2 -3  0  1 -1 -3 -3 -1 -2 -4 -3 -2   27  35   1   4   0   5   4   0   0   0  13   8   1   0   0   2   0   0   0   0  0.42 0.20
  135 L   -3 -4 -5 -6 -3 -4 -5 -6 -5  0  6 -4  0  1 -5 -4 -3 -3 -2  0    0   0   0   0   0   0   0   0   0   0  91   0   0   6   0   0   0   0   0   3  1.25 0.37
  136 R   -2  4 -1 -3  1  1 -2 -3  3 -3 -3  0 -2  0 -3  0  3 -2  3 -3    2  29   2   0   3   8   0   0  11   0   0   2   0   4   0   4  22   0  13   0  0.48 0.22
  137 L   -3 -4 -5 -5 -3 -4 -4 -5 -5  4  4 -4  2 -1 -4 -4 -2 -4 -3  2    0   0   0   0   0   0   0   0   0  34  50   0   4   0   0   0   0   0   0  12  0.83 0.26
  138 V    1  0 -1 -2 -2 -1 -1  0 -2  0 -2  0 -1 -3 -2  3  3 -4 -3  0   13   6   0   0   0   1   2   7   0   5   0   6   1   0   0  30  22   0   0   6  0.29 0.17
  139 P   -3 -5 -5 -4 -5 -4 -4 -5 -1 -5 -6 -4 -5 -6  9 -3 -4 -6 -5 -5    0   0   0   0   0   0   0   0   2   0   0   0   0   0  98   0   0   0   0   0  2.90 0.57
  140 I   -2 -4 -5 -5 -3 -4 -5 -5 -5  6  1 -4  2 -2 -4 -4 -2 -4 -3  4    2   0   0   0   0   0   0   0   0  61   6   0   6   0   0   0   0   0   0  25  0.99 0.31
  141 R   -3  4 -1 -4 -5 -2 -2 -4  5 -4 -3  2 -3  1 -4 -2 -2 -2  6 -3    0  24   3   0   0   0   0   0  17   0   0  11   0   5   0   1   2   0  36   1  0.94 0.35
  142 E   -4 -4  0  7 -6 -3  0  2 -3 -6 -6 -3 -5 -6 -4 -2 -3 -6 -5 -6    0   0   3  78   0   0   2  17   0   0   0   0   0   0   0   0   0   0   0   0  1.65 0.48
  143 E    0 -2 -1  6 -5  0  3  0 -3 -5 -5  0 -4 -5 -3  0 -1 -5 -4 -4    7   0   0  52   0   4  20   6   0   0   0   4   0   0   0   5   3   0   0   0  0.88 0.31
  144 D   -2  0  2  5 -5  0 -2  5 -3 -5 -5 -2 -4 -5 -4 -2 -3 -5 -5 -5    0   6   8  36   0   3   0  47   0   0   0   0   0   0   0   0   0   0   0   0  1.04 0.35
  145 E   -1  1  1  2 -4  1  3  1 -2 -2 -3  2 -1 -4 -2 -1  1 -4 -2 -2    3   6   7  10   0   5  26  12   0   2   0  14   2   0   0   1  10   0   1   1  0.31 0.16
  146 I   -2 -3 -3 -4 -2 -3 -3 -1 -1  4  2 -3  0  0 -3 -3 -1 -3 -2  3    1   0   0   0   0   0   0   6   2  31  20   0   1   2   0   1   2   0   0  31  0.47 0.20
  147 T   -1 -2  1 -3 -2 -1 -2 -3 -3  2  1 -1 -1 -2 -3 -1  5 -3 -3  0    2   2   6   0   0   3   0   1   0  11  18   2   0   0   0   2  46   0   0   6  0.44 0.23
  148 H   -3 -2 -2 -3 -4 -1 -2 -4  8 -4 -4  3 -3  2 -4 -3 -3 -2  5 -4    0   0   0   0   0   2   0   0  44   0   1  19   0   6   0   0   0   0  24   0  1.32 0.44
  149 F   -3 -4 -4 -5 -3 -4 -4 -4 -2  2  0 -4 -1  6 -4 -4 -3 -1  4  2    0   0   0   0   0   0   0   0   0  15   5   0   0  47   0   0   0   0  17  13  0.98 0.34
  150 I   -3 -4 -1 -4 -3 -4 -4 -4 -4  5  2 -4  2  4 -4 -3 -2 -3 -1  2    0   0   5   0   0   0   0   0   0  40  17   0   6  18   0   0   0   0   0  10  0.64 0.28
  151 G    2 -4 -2  1 -4 -3 -3  6 -4 -5 -5 -1 -5 -5 -4  0 -3 -5 -5 -5   15   0   0   9   0   0   0  67   0   0   0   4   0   0   0   5   0   0   0   0  1.24 0.45
  152 V   -1 -4 -3 -1 -3 -3 -3 -4 -4  5  1 -3  4  0 -4  1 -1 -4 -3  2    3   0   0   5   0   0   0   0   0  39   8   0  14   4   0  16   2   0   0  10  0.51 0.30
  153 L   -4 -2 -3 -3 -6  8  0 -5 -3  0  0 -2 -3 -5 -4 -3 -4 -5  0 -4    0   0   0   0   0  74   4   0   0   6  12   0   0   0   0   0   0   0   4   0  1.57 0.68
  154 L   -1 -2 -3 -2 -3 -3 -3 -4 -1  1  2 -2  2  3 -4  0 -1 -2  3  2    3   2   0   2   0   0   0   0   1   5  20   2   8  17   0   7   2   0  12  20  0.33 0.22
  155 F   -4 -4  0  4 -5 -3  2 -4 -3 -3 -2 -3  1  6 -4 -1 -3 -3  1 -1    0   0   3  31   0   0  12   0   0   0   1   0   3  37   0   4   0   0   4   5  0.89 0.46
  156 T   -1 -3  1 -3 -3 -2 -1 -2  0  1 -2 -1 -2  1 -3  1  2 -3  0  3    3   0   7   0   0   1   5   3   3   9   0   3   0   8   0  14  15   0   3  30  0.25 0.26
  157 D   -2 -3  0  3 -4  0  3 -1  1 -4 -4 -2 -4 -1 -3  3  2 -5 -4 -4    0   0   4  20   0   2  23   3   3   0   0   0   0   3   0  26  17   0   0   0  0.63 0.40
  158 A    2 -1  0  2 -1 -1  1 -2 -2  0 -1  2 -2 -3 -1  1  0 -4 -2 -1   26   2   3  12   1   0  10   1   0   5   5  14   0   0   3   7   6   0   1   4  0.19 0.19
  159 K   -3  3  4  0 -5  2  2 -3  3 -5 -5  2 -3 -3 -3  0 -2 -4  0 -4    0  15  24   4   0   8  16   0   7   0   0  16   0   1   0   4   1   0   3   0  0.61 0.36
  160 I    0 -3 -1 -3 -3  0  0 -3  1  4  0 -2 -1 -1 -3 -1  1  2 -2  3    8   0   3   0   0   5   6   0   5  27   5   1   0   1   0   2  12   3   0  21  0.29 0.25
  161 D   -1  1  1  6 -5 -1  3 -3 -2 -4 -4  0 -4 -4 -3 -2 -3 -5 -2 -3    5   8   6  45   0   1  22   0   0   0   1   5   0   0   0   0   0   0   2   2  0.87 0.42
  162 L    0 -2 -3 -2 -3 -1 -1  1 -3  0  3 -3 -1 -2  0 -2 -2  2 -1  0    8   2   0   2   0   2   5  14   0   4  43   0   0   0   5   2   0   3   2   5  0.26 0.23
  163 G    1  0  2 -1 -3  1  0  2 -2 -2  0 -1 -2 -2 -3  2 -1  2 -3  0   11   5  12   2   0   6   4  20   0   0   9   2   0   1   0  16   2   3   0   6  0.20 0.19
  164 P    0  1  0  0 -4  1  1 -3  1 -3 -2  1 -3 -2  4  1  0 -4 -3 -3    8  10   5   4   0   5   8   0   3   0   3   9   0   2  26   9   7   0   0   0  0.44 0.26
  165 S    0  0 -2  1 -3  1  2 -1 -2  0  1 -2  1 -3 -2 -1 -1 -4 -3  2    9   4   0   7   0   6  19   5   0   3  16   0   3   0   2   4   3   0   0  18  0.15 0.19
  166 P   -2  3 -1 -3 -4 -2  0 -3  0 -4 -1  2 -3 -4  5  2  0 -5 -4 -4    0  18   3   0   0   0   5   0   2   0   8  12   0   0  28  18   4   0   0   0  0.64 0.39
  167 D    0  0  0  2 -1 -1  1  2  1 -3 -2 -1  0 -2 -2  0 -1  1  3 -2    9   4   4  13   1   1  12  15   3   0   4   1   3   0   2   7   2   2  13   2  0.20 0.20
  168 L   -1  0 -1 -1  0  0 -2 -3  1 -1  1  0  1  0  3  1 -1 -3  0 -1    5   6   3   3   2   5   0   0   4   3  14   5   4   4  19  14   2   0   4   3  0.20 0.18
  169 S    1  1 -2 -1 -3 -1  1 -3  0 -1  0 -1  0  0  0  1  0 -3 -2  2   11   9   0   3   0   0   9   0   3   2   7   3   3   4   4  14   7   0   0  19  0.12 0.18
  170 A    0 -1 -2 -2 -3  0  1 -1 -2  0 -1 -1 -2  2  2  0  1 -2  2  0    8   3   0   0   0   5  13   4   0   4   6   3   0  10  12   5   9   0  10   7  0.16 0.17
  171 K    0  2  1  0 -4  2  2 -3 -2 -4 -4  4 -3 -1  0 -1 -2 -4  1 -4    6   9   7   4   0   7  15   0   0   0   0  34   0   4   4   3   0   0   5   0  0.51 0.35
  172 E    0 -1 -3  0 -5  2  5 -1  3 -2 -4 -1  0 -5 -4 -1 -3 -5 -4 -2    8   3   0   5   0  10  47   5   6   3   0   3   3   0   0   3   0   0   0   3  0.75 0.49
  173 I    0  0  0 -1 -3  0 -1 -1 -2  0 -1 -1  1 -1  1  2  1  4  0  0    5   4   5   3   0   4   3   4   0   5   7   4   3   3   6  20   7   6   3   7  0.11 0.16
  174 P    0  0 -3 -3  2  1  2 -3 -3  0  0  0  1  1  3  0  0 -3  0  1    7   6   0   0   6   6  13   0   0   4   7   4   3   6  14   5   4   0   4   9  0.19 0.20
  175 R   -1  3  1  2 -4  2  2 -2 -1 -4 -3  2 -3 -5 -3  0  0 -5 -4 -2    4  17   7  10   0  11  14   2   1   0   2  12   0   0   0   8   5   0   0   3  0.39 0.33
  176 I   -2  2 -1 -1  0  1 -1 -3  0  1  1 -2 -2  0 -3  3  0 -3 -1  0    1  13   1   3   2   8   2   1   3  10  14   0   0   3   0  23   5   0   2   5  0.19 0.27
  177 S    0 -2  0  1  2  0 -1 -1  0  0  0 -1  0 -2  0  1  2 -3 -2  0    9   0   4   8   5   5   3   4   2   5   9   4   3   2   4  11  16   0   0   6  0.08 0.15
  178 R    0  2  0  4  2  1  1  0  2 -2 -2 -1 -3 -4 -1  0 -1 -4 -1 -3    8  10   3  23   5   7   7   8   6   3   3   3   0   0   2   5   2   0   2   0  0.27 0.25
  179 S    0  1  2  1 -3  1  1 -1  1 -1 -1  0  0  0  0  1 -1 -3  0 -2    6   9  10   7   0   5   9   4   4   3   8   5   3   5   4  11   3   0   3   0  0.09 0.12
  180 F    0 -1  1 -1 -3  0 -1 -1 -2  1  0 -1  0  2 -1  0  0 -2  1  0    9   3  10   3   0   4   3   3   0  12  11   3   3  10   3   6   7   0   6   4  0.07 0.12
  181 T    0  0  0  0  2  1  0  0  2 -2 -1  0  1  0  1  0  0 -2  1 -1    6   6   5   6   5   5   6   6   5   0   6   6   5   5   6   6   6   0   5   6  0.05 0.09
  182 S    0  1  1  0  1  0  0 -1  1 -3 -2  0 -3 -3  3  2  0 -3  1 -1    7   7   5   5   3   3   7   4   3   0   4   3   0   0  14  20   3   0   7   3  0.23 0.23
  183 A    1  0  0 -1 -2  0  0  0 -2 -1  0  0  0  0  1  1  1 -3  0 -1   17   5   5   4   0   3   4   5   0   4  12   4   3   3   5  12   7   0   3   4  0.06 0.10
  184 L   -1 -2  0 -1 -3 -1 -1 -1  2  2  2 -2  1  0 -1  0 -1 -3  0  1    3   2   4   2   0   3   3   4   7  16  26   2   3   3   3   7   3   0   3   7  0.15 0.18
  185 P   -1  2 -1  1 -4  0  1 -1  1 -2 -3  1 -1 -1  4  1  1 -4 -3 -2    3  11   2   8   0   4   9   5   4   2   2   7   1   4  19  11   8   0   0   2  0.29 0.25
  186 I    0 -1 -1  0 -3  1  0 -3  4  1  0 -2  1 -2 -1  1  1 -3  1  1    8   3   2   5   0   9   5   0  12   9   7   0   3   0   2  11   8   0   5  10  0.16 0.20
  187 G    0  1 -2  1  1  0 -2  3  0 -2 -2  1  0 -4  0  1  0 -4 -3 -3    6   9   0   8   3   4   0  26   3   3   3  10   3   0   4   9   7   0   0   0  0.27 0.25
  188 E    0 -1  0  1 -3  1  0 -1  1 -1 -1  0  0 -3  2  0  1 -3  0 -1    8   3   4   9   0   8   6   3   5   4   7   5   3   0   9   6   9   0   3   5  0.10 0.13
  189 R    0  0  0  0 -2  0  0  0  1  0 -1  0  1  0  0  0  0 -2  1  0    5   5   5   5   0   5   5   5   5   5   5   5   5   5   5   5   5   0   5   5  0.00 0.06
  190 N    0  0  3  0  0  2  1 -1  1 -1 -1  0 -2 -4  1  1  0 -4 -3 -1    9   3  14   5   3  10   7   4   3   5   7   6   0   0   8  10   5   0   0   3  0.16 0.18
  191 V   -1  0  0  0 -3  2  0 -1  1  0 -1  1  1  1 -1  0  0  3  0  1    4   4   3   4   0  12   3   4   3   6   5   9   4   6   3   7   4   4   3  12  0.07 0.12
  192 S   -1  0  0  0  3  0  0  0  2 -1 -1 -2  1  0 -3  1  1  3 -2 -1    4   5   4   4   8   4   8   8   7   3   3   0   4   4   0  13  11   5   0   5  0.14 0.20
  193 R    0  1  0  0 -3  1  1  0  2 -1 -1  1  1 -3  0  1  0 -3 -2 -1    5   9   3   4   0   8   8   7   6   3   5   7   6   0   4  11   7   0   0   5  0.10 0.13
  194 G    0  1 -2  1 -1 -2  3  2  4 -3 -3 -1  0 -4 -2 -1 -2 -4 -2  0    9   7   0   9   2   0  22  17  12   0   1   2   3   0   1   3   2   0   1   8  0.34 0.32
  195 L    0  0  0 -1 -3 -2 -1 -1  0  1  1 -2  3  0  0  0 -1 -3  0  1    5   6   6   4   0   0   2   4   3  10  18   0  10   4   5   7   3   0   4  10  0.08 0.14
  196 C    0 -2 -1 -2  6 -3 -2 -1  3 -3  0 -2 -3  2 -4  2 -1 -4 -1  0    6   2   3   2  21   0   1   5   8   0   9   2   0   9   0  19   3   0   2   8  0.43 0.36
  197 G    0  1  2 -1 -1  1 -1  2  1 -3 -2 -2  2 -4  2  2 -1 -4 -1 -1    5   7  10   3   2   7   2  18   3   0   3   0   7   0  10  16   1   0   2   5  0.24 0.27
  198 I    0 -2 -1 -2 -3 -1 -3 -4 -3  3  1 -2  1  0 -2 -1  1  3  3  2    7   2   2   2   0   2   0   0   0  17  10   2   3   3   2   4  11   5  10  18  0.27 0.26
  199 F   -1 -1 -1  0 -3  0 -2 -1 -1  1  0  0  1  2 -1  0  0 -2  1  1    4   2   3   5   0   4   0   5   1   6  11   6   3  13   3   7   7   0   5  14  0.06 0.12
  200 E    0 -1  2 -1 -4  3  1  0  0 -2 -3  1 -3 -1  0 -1  0  4 -1 -1    7   3  12   2   0  13  11   9   2   2   2  10   0   3   4   4   5   6   1   4  0.22 0.23
  201 L    0 -2  1 -3 -3  0 -2  0  3  0  2  0  2  0 -1 -1 -1 -3  1  0    6   0   8   0   0   6   0   7   7   4  22   6   6   4   3   3   4   0   6   8  0.13 0.19
  202 S    1  0 -2 -1 -3 -1  0 -1 -3 -1  0  0  0  0  4  0 -1 -3  0  0   11   4   0   4   0   3   6   5   0   3  10   5   3   5  19   9   4   0   3   8  0.18 0.18
  203 D    0 -1  1  2 -1  3  1 -1  2 -3 -2 -1 -1  0  0  1 -1 -3  1 -2    7   3   5  13   2  16   8   5   4   0   3   2   2   5   4   9   4   0   6   2  0.20 0.22
  204 E    0  0  0  2 -3  1  1 -1  2 -1 -1  1  0 -1  0  0 -1  2 -2 -1    8   6   5  12   0   5   9   5   7   4   4  10   3   4   4   6   3   3   0   3  0.11 0.13
  205 V    0 -3  0 -3  1  1 -1  0  2  1 -1 -1  1 -2  1 -1 -2  3  0  2    6   0   5   0   3   6   5   8   5   9   5   4   4   0   9   5   0   4   3  18  0.14 0.19
  206 I   -1  1  0 -3 -3 -2  0 -4 -3  1  2  2  1  0  0  0  0 -4 -3  1    5   8   5   0   0   0   5   0   0   6  23  13   4   5   5   6   5   0   0  10  0.16 0.19
  207 A    0  0  0  0  2  0  0  0  1  0 -1  0  1  0 -2  0  0 -2  1  0    6   6   5   6   5   5   6   6   5   6   6   6   5   5   0   6   6   0   5   6  0.03 0.07
  208 I   -1 -1 -1 -2 -3  1 -1 -1  2  1  2 -1  0  0  3 -1  0  1 -2  0    5   3   2   2   0   6   3   4   5   7  26   2   2   3  14   2   5   2   1   5  0.17 0.18
  209 K   -1  3  0  0 -3  1  2 -1  1  0 -1  2 -2 -2  0  0 -1 -3 -1 -1    3  18   4   3   0   6  13   3   3   6   6  11   0   2   4   8   3   0   2   6  0.16 0.18
  210 I    0 -2 -1  2 -3 -2  0 -1 -3  3  0 -2 -1 -1 -2  0  0 -3  0  1    8   2   2  14   0   0   5   4   0  23   8   1   1   2   1   9   6   0   4  10  0.15 0.20
  211 L   -1  1 -3  0 -3 -2 -2 -1 -1  1  3 -3  0  0 -4 -1  0 -3  1 -1    6   8   0   5   0   1   1   6   2  10  36   0   2   4   0   6   5   0   6   2  0.22 0.25
  212 S    0  0  0 -2 -3  1  1  0  0 -1 -2 -1  0 -1 -3  3  1 -4  0 -1    6   5   4   0   0   7   9   7   2   4   3   3   3   2   0  30   9   0   3   3  0.24 0.27
  213 Q   -1  1  1 -1 -3  1  1 -1  1 -1  0  0 -2  2 -1  0  1 -3  1 -2    4   8   9   3   0   5  11   3   4   3   9   5   0  11   2   7  10   0   5   0  0.11 0.16
  214 L   -2  0 -3 -1 -3  0 -1 -4 -1  0  4 -1  1 -1 -1 -1  1 -3 -1  1    3   6   0   3   0   4   4   0   1   4  43   2   3   2   3   5   8   0   1   8  0.31 0.29
  215 T   -1  2 -1  0 -4  0 -1  0  2 -2 -2  0 -3 -4  3  2  1 -4 -1 -3    4  15   3   4   0   4   3   7   5   3   3   6   0   0  18  15   9   0   3   0  0.32 0.28
  216 P    0  0  1 -1 -4  1  1 -1 -3 -1 -1 -1 -3  0  4 -1 -1 -4  0  1    7   5   7   4   0   5   8   4   0   4   6   3   0   4  21   4   4   0   4  10  0.26 0.24
  217 G    0  0  0  0  2  0  0 -1  1  0 -1  0  1  0  0  0  0 -2  1  0    5   5   5   5   5   5   5   5   5   5   5   5   5   5   5   5   5   0   5   5  0.03 0.05
  218 D    0  0  1  1 -2 -1  0  0 -1  0  0 -1  1 -1  1  0  0 -2  1  0    7   7   7   7   0   0   7   7   0   7   7   0   7   0   7   7   7   0   7   7  0.05 0.09
  219 I    0 -1  0 -2  0  0  1  0  0  2  1 -1 -1  0  1 -1 -1 -3 -2  1    5   4   4   0   2   3  12   8   2  16  13   4   0   4   9   3   2   0   0   9  0.08 0.14
  220 A    1  1 -3 -1 -4 -2  0  0  4 -1 -1  0  1  1 -1 -1 -3  7  1 -1   11   8   0   3   0   0   6   7  12   4   5   5   3   5   3   5   0  14   5   4  0.38 0.31
  221 S    0  0  1 -1  3  0  0 -1  1 -1 -2  0  1 -3 -3  3  0  2  0 -1    7   6   6   3   6   3   6   3   4   4   4   5   4   0   0  23   5   3   3   5  0.16 0.20
  222 V   -1 -2  0 -2 -3 -2 -2 -1 -2  2  2 -1  1  2 -1 -1 -1 -2  2  1    6   1   5   2   0   1   2   4   0  12  19   4   4  11   2   4   2   0   7  13  0.15 0.16
  223 G    1  0  2  2  0  0 -1  2  3 -3 -2 -1 -3 -1 -1  1 -1 -1  0 -2   12   4  10  13   2   3   1  15   8   1   3   4   0   2   3  11   2   1   3   1  0.20 0.20
  224 C    0 -2 -2 -3  2 -1 -1  0 -3 -1  1 -3  3 -3 -1  3  2 -4 -3  0    8   2   1   0   5   2   3   5   0   3  12   0   9   0   3  27  11   0   0   7  0.28 0.31
  225 V    0  0 -1  0  0 -1  0 -1 -1  0 -1 -1  0 -2  0  0  2 -4 -2  2    8   4   1   6   2   2   7   4   1   2   6   4   3   1   4   7  15   0   1  22  0.11 0.17
  226 C    0 -1  1 -1  7  0 -2 -2 -3 -1 -1 -3 -3 -4 -1  1  2 -4 -2  1    6   3   7   3  23   5   2   3   0   2   5   0   0   0   3  13  12   0   1  10  0.44 0.35
  227 R   -2  3  0 -1 -3  0  0  2  1 -3 -1  2 -1 -3 -3  0 -1  1 -1  0    2  19   3   2   0   3   7  17   4   0   7  12   2   0   0   6   4   2   3   8  0.21 0.22
  228 R    0  5 -2  0 -4  0 -1 -2  1 -4 -2  1  0 -2 -1  0  0 -4  0 -2    8  36   0   5   0   4   2   2   4   0   4   7   3   1   3   7   6   0   3   3  0.44 0.35
  229 L   -2 -2 -2 -2 -4 -3 -2 -4 -4  0  2 -2  2  3  2 -2 -2  8  0 -2    3   2   2   2   0   0   2   1   0   5  21   3   5  13  10   3   2  20   2   2  0.65 0.41
  230 N   -1  2  1  0 -4  0  0 -1  3 -2 -3  2  0  0 -1 -1  0 -3  3 -3    3  14   7   6   0   3   6   4   9   2   0  11   3   4   3   3   8   0  14   0  0.28 0.27
  231 E    1  1  0  0 -3  1  1 -1  2 -1 -1  2  1 -2  2  0 -1 -3 -2 -1   10   9   3   4   0   7  10   3   6   2   5  12   4   2   9   7   3   0   0   4  0.15 0.16
  232 L   -1  0 -1 -3 -3 -2 -3 -2  3  1  2 -1  2  1 -1 -1 -1  3  1  0    4   6   3   0   0   0   0   4   9   7  22   3   6   6   4   5   3   4   6   7  0.17 0.19
  233 T    0  0  1  0  2  0 -1  0  0 -1 -2  0  0 -3  0  1  2 -3  0 -1    7   6   8   4   4   4   3   6   3   4   4   5   3   0   5   9  17   0   4   3  0.11 0.15
  234 K    0  1  0 -1  0  1  1 -2  0 -3 -2  2  0 -1  3  0  0  1 -1 -2    7   7   4   2   2   6   8   3   2   0   3  14   2   3  16   7   7   2   2   2  0.23 0.21
  235 N   -1  0  2  2 -3  0  1 -1  1 -1 -2  1 -2 -1  0  1  0 -3  0 -1    4   5  11  15   0   4   8   4   4   5   3   7   0   4   4   9   3   0   3   6  0.13 0.12
  236 D    0  1  1  1 -3  1  1  0  2  0 -2  1 -2 -2 -2  0  0  4 -1 -2    8   8   7   8   0   7   8   8   7   8   1   8   0   0   0   8   8   7   0   0  0.17 0.14
  237 D   -1  0  0  3  0  0  1 -2  3 -1  0  0  0 -3  1  0  0 -4  0 -2    4   4   4  18   2   3  10   3  10   3   8   4   3   0   6   7   7   0   3   2  0.18 0.20
  238 V    1  0  1 -1 -2  0 -1 -1  1  0  1  0  0  0  0  0 -1 -3  0  1   16   4   8   3   0   5   3   4   4   4  16   5   3   3   4   4   0   0   3  11  0.05 0.11
  239 W    0  0 -2 -2 -3  1  0  0  2  0  0 -1  1  1  1  0  0  4  1  0    6   6   0   0   0   6   6   6   6   6   6   0   6   6   6   6   6   6   6   6  0.09 0.14
  240 R   -1  4 -1 -1  1  0  1 -2  1  0 -2  1  0 -1 -1 -1 -1 -4  0 -1    4  28   3   3   3   3   9   3   4   5   3   9   3   3   4   4   4   0   3   4  0.30 0.28
  241 M    0  0  0  0  2  1  0 -3  2  0 -1  0  1  0  0  0  0 -2  1  0    6   6   5   6   5   5   6   0   5   6   6   6   5   5   6   6   6   0   5   6  0.05 0.09
  242 V   -1 -1 -1  0 -3 -2  0  0  0  1  1  0  1  0  1  0 -1 -3  0  1    3   3   2   5   0   0   5   8   2  11  12   6   5   5   9   8   3   0   3  11  0.06 0.11
  243 C   -1 -1 -1 -4  6  0 -1 -2  3  0 -1 -1  0  1  1 -1  1 -4  1  0    4   3   3   0  17   5   3   3   8   4   7   3   3   5   6   4   9   0   5   7  0.30 0.27
  244 Q   -1  0 -2  0  2  0  0 -1  2  0 -1  0  1  0  0  0  0  3  1  0    5   5   0   5   5   5   5   5   5   5   5   5   5   5   5   5   5   5   5   5  0.06 0.10
  245 N    0  1  2  0  1  0  0  0 -2  1 -1 -1  0 -1  0  0  0 -3  0  0    8   9  11   4   3   3   5   9   0  10   5   3   3   3   4   7   4   0   3   7  0.04 0.09
  246 T    0  0  0  0  2  0  0 -1  1  0 -1  0  1  0  0  0  0  3 -2  0    5   5   5   5   5   5   5   5   5   5   5   5   5   5   5   5   5   5   0   5  0.05 0.09
  247 W   -3  0 -1 -2  2  1 -1 -2  4 -1 -1 -1 -3 -1 -2 -4  0  8  2 -1    2   4   3   3   4   7   4   3  10   4   6   4   0   3   2   0   7  22   7   4  0.65 0.42
  248 G    1 -1 -1  0 -4 -1 -3  4  0 -2 -4 -1  0 -4  0  1 -1  4 -3 -2   10   3   2   5   0   3   0  37   2   2   0   4   3   0   5  11   3   6   0   3  0.47 0.35
  249 T    1  0  1  0  1  0  0  0  2 -1 -2  0 -2 -1  1  1  1 -3  0 -1   13   5   7   3   3   3   4   5   6   3   3   5   0   3   6  13  10   0   3   4  0.10 0.12
  250 E    0  1  1  1  2  1  0  0  2 -2 -1  0 -2 -3  1  0  0 -3 -2 -1    7   7   7   7   6   7   7   7   6   0   7   7   0   0   7   7   7   0   0   7  0.10 0.10
  251 A    3 -2 -2 -2  2  0 -2  0 -4 -1 -1 -2 -1 -3  1  1  1 -5 -4  1   26   2   1   2   5   4   2   6   0   3   7   2   2   1   7  12   9   0   0  11  0.28 0.28
  252 T   -1 -1 -1  0 -4 -1 -2 -2 -2  1 -3 -2  0 -4 -1 -1  4 -5 -1  3    4   4   3   5   0   2   2   3   1   9   1   2   2   0   3   3  29   0   2  22  0.49 0.41
  253 R    1  3 -1  2 -3  0  0  2  1 -2 -3 -1 -1 -2 -2 -1 -1 -4 -1 -1   11  17   3  13   1   4   5  17   3   3   1   3   2   2   2   5   4   0   2   4  0.26 0.25
  254 V    2  0 -1 -1  1 -2 -1 -1  0  0 -2  1 -1 -2 -2  1  1 -4 -2  1   20   6   3   3   3   1   3   5   2   5   4   9   1   1   2   9  10   0   1  13  0.14 0.18
  255 L   -3  2 -1 -6 -2 -5 -5 -4 -1  1  4 -2 -1  1 -2 -2 -2  3 -3  0    2  10   4   0   1   0   0   1   2   8  45   3   1   5   2   3   2   4   1   7  0.64 0.46
  256 E   -1  1 -2 -2 -5 -1  2 -2 -1  0 -1  1  0  2  1 -1 -2  2  4 -1    6   7   2   1   0   2  14   3   1   5   7   7   2   7   8   4   1   2  15   4  0.23 0.25
  257 S   -1  0  0 -1 -4 -1 -2 -1  1  0  1 -2  2 -1  0  2  0 -4  1  1    3   5   4   4   0   2   2   4   3   5  17   1   5   2   4  16   5   0   5  12  0.12 0.19
  258 V   -1 -1 -1 -2  1 -2 -3 -2  0  1  0 -1  2  4 -1 -1 -1  3  1  1    4   3   3   2   3   1   1   3   3   8   6   3   5  20   3   5   4   3   5  12  0.25 0.22
  259 P    0  0  0 -3 -2 -2 -2  4  0 -1 -3 -1 -1  0  3  0 -1 -5  0 -3    7   5   5   1   1   1   2  33   3   3   2   3   2   5  12   6   3   0   3   2  0.43 0.35
  260 G   -2 -2  1 -3  0  0 -4  6  0 -3 -2 -2 -2 -2 -1 -1 -2 -6 -6 -3    3   3   7   1   2   4   1  52   2   2   4   2   1   2   4   5   2   0   0   2  0.88 0.57
  261 A    0  0  1 -1  0 -2 -1  3  3 -1 -2 -1 -1  0 -1 -1  1  2 -1 -2    8   6   6   4   2   1   3  22   9   3   5   3   2   4   4   4   8   3   2   2  0.21 0.22
  262 K   -1  2  1  3 -2  0  0 -1  2 -3 -2  2 -1 -5 -1  0  0 -5 -2 -2    4  13   7  20   1   5   4   5   5   1   4  11   2   0   3   6   5   0   1   3  0.30 0.28
  263 R   -2  1  2  2 -1  1  0  2  1 -2 -2  1 -1 -2  0  0 -1 -4 -1 -2    2   9   9  14   2   5   4  14   4   2   5   8   2   2   5   7   2   0   2   3  0.18 0.20
  264 I   -1  1 -1  0 -3  0  1  0 -1  0  0  1  0 -1 -1  0  0  2  0 -1    5   8   2   5   0   3  11   8   1   5  11  11   3   2   3   5   5   3   4   5  0.05 0.09
  265 G   -1  1  0 -1  0 -1 -1  4  0 -2 -3 -1 -1 -2  2  1 -1 -5  0 -3    5   7   5   4   2   3   4  29   2   2   3   4   2   2   9  10   4   0   3   2  0.31 0.28
  266 W   -1  1 -1 -2  1  0 -2  0 -6 -1 -3 -2  1  0 -1  1 -2  8  3 -1    5   6   4   3   3   5   3   8   0   4   3   3   3   4   3  10   3  17   8   4  0.52 0.36
  267 V   -1  0  0  0  2  0  0 -1  2  0 -1  0  2  1  0 -1  0  4  1 -1    5   5   5   5   5   5   5   5   5   5   5   5   5   5   5   5   5   5   5   5  0.09 0.08
  268 R   -3  3  3  1  2  0  0 -2  1 -3 -1  1 -1 -2 -1  1 -2  0  1 -3    2  18  13   8   4   4   5   3   3   1   6   7   1   1   4   9   3   1   6   2  0.28 0.26
  269 L   -2  0  2  3 -4 -2 -1 -2 -1  1  1 -1  2  1 -1 -1 -1 -4  0  0    3   4  10  18   0   1   4   3   1   9  14   3   5   6   3   3   2   0   4   6  0.16 0.19
  270 A    0 -1  0 -1  1  0 -1 -1 -3  0  1 -1  0  1 -2 -1  0 -3  3  2    9   2   4   3   3   5   3   4   0   5  12   5   2   5   2   3   6   0  11  15  0.10 0.14
  271 R    0  1  0  0  0  0 -1 -1  3 -1  0  0 -2 -1  0 -1 -1  1  1  1    7   8   4   5   2   4   3   5  10   3  12   6   0   3   4   3   3   2   5  10  0.08 0.12
  272 E   -2  0 -1  1  1  0  2 -2  1 -1 -1 -1  1  1  1 -1 -1  2  2 -1    3   5   3   7   3   5  14   4   4   3   7   4   3   6   6   4   3   3   7   5  0.14 0.13
  273 F    0  0 -2  0  2  0  0 -1 -2  0 -1  0  1  1  0  0  0  3  1  0    6   6   0   6   5   5   6   6   0   6   6   6   5   5   6   6   6   5   5   6  0.06 0.10
  274 T   -1 -2 -1  2  0 -2 -2 -2 -1 -1  2 -3  1  2 -1  1  1  2  2 -2    5   2   3  12   2   2   2   2   2   2  23   0   4   7   2   9  10   3   6   2  0.20 0.23
  275 T   -1  1  2  3 -4  0 -1 -2  1 -2 -2 -1 -1 -1  1  0  2 -4 -1 -1    5   7  12  19   0   4   3   3   3   2   5   3   2   3   7   6  12   0   2   3  0.23 0.23
  276 H    0  0  0 -1  0  0 -1 -2  1  1  2 -1  1 -1  1 -1  0 -3  0  0    6   4   5   3   2   3   3   3   4   8  23   4   4   2   8   4   5   0   4   6  0.07 0.10
  277 E    0  1  1  1 -3  1  1  0  2 -2 -2  1 -2  0  1  0  0 -3 -1 -1    7   7   7   7   0   7   7   7   7   0   1   7   0   7   7   7   7   0   0   7  0.11 0.11
  278 A    2  0  0 -4  0 -1 -2 -2 -1 -3 -3  0 -2 -3 -1  3  4 -6 -3 -3   15   5   4   1   2   2   2   3   2   1   3   5   1   1   4  18  29   0   1   2  0.53 0.44
  279 T    0  0  1 -3  1 -2 -2  0  1 -2  0 -1  5  0  0 -1 -2  2  1  1    9   5   6   1   3   1   2   6   4   1   8   4  17   4   4   5   2   3   4  10  0.22 0.23
  280 A    0  1 -1 -3  1  1  0 -1  1 -2 -1  1  1 -1 -1  1  1 -1  2 -1    7   9   2   1   3   6   6   4   3   1   5   8   4   2   3  11  11   1   9   4  0.14 0.18
  281 W   -3 -3 -8 -9  3 -4 -4 -8 -8 -8 -5 -5  0 -1 -8 -4 -8 12 -1 -8    3   2   0   0   5   1   2   0   0   0   1   1   2   2   0   2   0  76   2   0  3.88 1.62
  282 R   -2  2 -2 -2 -2  0  1 -3  2 -1 -2  1  0  0 -4  3  2 -5  1 -1    3  11   1   2   1   5   9   2   4   3   4   7   2   3   0  22  11   0   6   3  0.29 0.30
  283 K   -1  4 -1 -3 -2  0  0 -3  0 -4 -3  4 -1 -3  0  0  0 -5  0 -1    4  21   2   1   1   4   6   2   2   1   3  26   1   1   5   6   5   0   3   5  0.48 0.37
  284 F    1 -3 -3 -3  0 -3 -2 -2  1  1  2 -3  0  0  3 -3 -2  1 -4  2   11   1   1   1   2   1   2   3   3   9  20   2   2   4  16   2   2   2   0  16  0.36 0.29
  285 S   -1  0  0 -1 -1  1  1 -3 -1 -3 -2  1 -1 -3  3  2  2 -5 -3 -1    5   4   4   3   1   5   9   1   2   2   4  10   2   1  15  14  14   0   1   5  0.29 0.29
  286 V    0 -1 -1 -2  2  0 -2 -2 -1  2 -2 -2  1 -2  2 -1  2 -5 -2  3    7   4   2   2   4   4   2   3   1  10   3   2   3   2   9   4  15   0   1  22  0.29 0.27
  287 G    0 -1  1 -1 -2  0  0  1  3 -1 -2  1 -1 -1  0  2  1 -1  1 -1    6   3   6   3   1   3   5  13   7   4   3   7   2   2   4  15   7   1   5   3  0.13 0.16
  288 G   -1 -3 -2  0 -7 -2 -2  7 -6 -7 -3 -6 -6 -3 -2 -3 -4 -1 -3 -7    5   2   2   5   0   2   3  67   0   0   3   0   0   1   2   2   1   1   1   0  1.50 0.81
  289 T    0 -1  1  2  0  1  1 -1  0 -1 -1  0 -1  0  1  1  0 -4 -1 -1    7   3   6  12   2   6   8   3   3   4   5   6   2   4   7  10   5   0   2   6  0.09 0.11
  290 V    0  0 -1 -2  0 -1 -2  0  0  0 -1 -2  0 -1  3  0 -1  1 -1  2    6   5   3   2   2   3   2   8   2   6   6   2   2   2  13   7   4   2   2  19  0.15 0.17
  291 E   -3 -2 -2 -6 -7 -1  0 -1  1 -2 -3 -2  0 -2  7 -2 -2 -7  1 -2    2   2   2   0   0   2   5   5   3   2   3   2   2   2  52   3   2   0   4   3  1.23 0.76
  292 P   -1 -1 -1 -3  2  0 -2 -1 -3 -3 -3 -1 -1 -1  5  2  1 -5 -2 -1    3   4   3   1   5   3   2   5   1   1   2   3   1   3  26  19  10   0   1   4  0.50 0.36
  293 S    2  1 -2 -2  1 -1 -1  1 -1 -4 -3 -1 -2 -5  5  2 -2 -5 -5 -3   16   7   2   1   3   2   4   9   2   1   3   4   1   0  28  15   2   0   0   2  0.56 0.38
  294 R   -4  8 -2 -6 -1 -4 -5 -6 -5 -4 -2 -2  2 -2 -6 -4 -3 -7 -3 -5    1  76   2   0   2   0   0   0   0   1   5   2   4   2   0   1   2   0   1   1  2.05 0.93
  295 C    1  1  0 -2  3 -2 -2 -2  1 -3 -4 -1 -4  0 -1  1 -2  6  4  0   12   9   4   2   6   1   2   3   4   1   1   3   0   4   2  12   1  11  13   8  0.41 0.32
  296 N    2 -4  2 -2 -2 -2 -2  5 -2 -5 -4 -2 -5 -2 -2  2 -3 -2 -1 -3   14   1  10   2   1   2   3  41   1   0   2   2   0   2   2  13   1   1   2   2  0.73 0.44
  297 F   -3 -2 -3 -6  0  1 -5 -7 11 -7 -7 -6 -3  0 -7 -2 -5 -7 -2 -7    2   2   1   0   2   5   0   0  75   0   0   0   1   4   0   3   1   0   1   0  2.97 1.18
  298 S    2  1 -2 -5  3 -2 -4 -1 -5 -3 -5 -4 -5 -6 -5  4  4 -6 -5 -2   14   6   2   0   5   2   0   5   0   1   0   0   0   0   0  34  26   0   0   3  0.86 0.57
  299 A    4 -3 -4 -5  5 -4 -4 -1 -3  0  0 -4  0  0 -4  1  0  0 -4 -1   37   2   0   0  12   0   0   5   1   5   8   0   3   3   0  12   6   1   0   4  0.61 0.41
  300 C    1 -2  1 -2  5 -3 -3 -4 -2  0 -2 -4 -2 -4 -3 -1  4 -5 -3  3   12   3   7   2  12   1   1   1   1   4   3   0   1   0   1   4  26   0   1  20  0.59 0.40
  301 A    2 -2 -2 -3  1 -2 -3 -2 -1  0  1 -2  0  0 -1  0  1 -2  0  2   21   2   2   1   3   1   1   3   1   5  18   1   2   3   2   8   8   0   4  13  0.18 0.19
  302 V   -1 -2 -3 -2 -2 -3 -2 -4 -2  4 -1 -2 -1  0 -5 -2 -2 -1  1  5    4   3   2   2   1   1   2   1   1  20   5   2   1   4   0   4   1   1   5  40  0.65 0.39
  303 G   -1  1  1  2 -5  0  0  5 -1 -5 -4  0 -3 -5 -4  0 -2 -5 -3 -5    4   8   7  13   0   4   5  40   2   0   2   6   1   0   0   6   2   0   1   0  0.70 0.41
  304 N   -2  0  3  3 -1 -1  0  3  1 -5 -5 -1 -5 -5 -3  1  1 -6 -3 -4    2   5  16  17   2   2   6  21   4   0   0   3   0   0   1  10   9   0   1   1  0.56 0.38
  305 R   -2  3  0 -1  0  0  0 -2  2 -2 -1  3  1  0 -4  0  0 -1  0 -1    3  16   5   2   2   3   4   2   6   2   6  21   4   5   0   5   6   1   3   5  0.24 0.22
  306 I   -1 -5 -6 -5 -1 -5 -5 -4 -3  3  3 -4  5 -1 -5 -3 -3 -5 -4  3    5   0   0   1   1   0   0   2   1  17  31   1  14   2   0   2   1   0   0  22  0.84 0.46
  307 V   -3 -6 -6 -3 -5 -5 -6 -6 -4  1  0 -6 -2  4 -6 -3 -3  4  7  3    3   0   0   2   0   0   0   0   0   9  10   0   1  15   0   2   2   6  34  17  1.18 0.60
  308 I   -4 -3 -6 -6 -2 -5 -6 -6 -6  4  2 -5  2  0 -6 -1 -3 -5 -2  5    0   1   0   0   1   0   0   0   0  24  22   0   4   4   0   5   1   0   1  35  0.96 0.49
  309 F   -4 -6 -5 -3 -6 -1 -6 -6 -2  1 -2 -6 -4  8 -3 -2 -3  1  2 -1    1   0   1   2   0   3   0   0   1   7   4   0   0  63   2   4   1   1   4   5  1.70 0.71
  310 G   -2 -6 -5 -6 -1 -6 -6  7 -6 -7 -7 -6 -6 -7 -2 -4 -6 -6 -7 -4    2   0   0   0   1   0   0  88   0   0   0   0   0   0   2   1   0   0   0   2  2.34 0.92
  311 G   -2 -7 -5 -6 -7 -6 -7  8 -7 -8 -8 -6 -7 -7 -7 -3 -6 -7 -7 -7    4   0   0   0   0   0   0  92   0   0   0   0   0   0   0   2   0   0   0   0  2.59 1.03
  312 E    0  0 -1 -1  4  1  0  0  1  0 -1 -1 -1  0 -3 -1  0  2  3 -1    6   5   2   3  11   8   7   8   4   5   7   2   1   3   0   5   5   3  12   4  0.17 0.17
  313 G   -1 -3  3  4  4 -3 -1  2  0 -4 -4 -2 -1 -3 -3  0  1 -4 -2 -2    5   1  14  22   9   1   2  17   3   0   2   1   2   1   1   6   8   0   1   4  0.48 0.31
  314 V    0 -1 -1  2 -2  0  1  1  1 -1 -2 -1 -2 -2  2  1  0 -1 -1  0    5   4   2  12   1   2  11  10   3   4   2   3   1   2   9  11   5   1   2  10  0.12 0.12
  315 N   -1  1  3  2 -4  0  0  3  0 -4 -4  2 -4 -3 -2  0 -2 -5 -3 -4    4   8  15  10   0   3   5  24   2   1   1  12   0   1   2   7   2   0   1   1  0.43 0.29
  316 M   -1  0  1  0 -4 -1  1  3  0 -1 -3  0  1 -2 -1  0  0 -3  1 -2    2   6   5   4   0   2  11  28   2   3   2   5   5   2   3   7   5   0   5   2  0.25 0.20
  317 Q   -1  3  2  1  3  2 -1 -1  0 -2 -1  1 -3 -4 -3  0  0 -4 -2 -1    6  18   9   8   6   9   2   4   2   2   7   9   0   0   1   5   5   0   1   4  0.23 0.20
  318 P    0  1 -2 -3  2  0 -1 -2  4 -1 -1 -1  0  1  2  0 -2  1  3 -1    7  10   1   1   6   4   3   2  10   4   4   2   2   6  12   8   1   2  12   4  0.26 0.20
  319 M   -2  0 -1 -3  0 -2 -2 -3 -2 -1  2 -1  2  4 -4  0  1 -1  1 -1    2   5   2   1   2   2   3   1   1   2  25   4   5  20   0   6  11   1   3   4  0.32 0.24
  320 N   -2 -1  6  3 -2 -2 -1  0 -2 -6 -6 -1 -5 -6 -1  1 -2 -6 -5 -4    2   4  41  17   1   1   3   8   1   0   0   4   0   0   3  11   2   0   0   1  0.96 0.52
  321 D   -5 -3 -2  8 -6 -1  1 -4 -4 -6 -6 -2 -3 -6 -2 -3 -2 -7 -4 -4    1   1   2  72   0   2   8   1   0   0   1   3   1   0   2   1   2   0   1   2  1.88 0.81
  322 T   -2 -5 -5 -5 -1 -4 -5 -4 -5  2  4 -5  1  1 -5 -2  2 -4 -3  3    3   0   0   0   1   1   0   1   0  13  34   0   3   5   0   2  14   0   1  21  0.67 0.39
  323 F   -3 -5 -4 -2 -4 -1 -5 -5  7 -3 -2 -4 -5  4 -6 -4 -3  8  6 -4    2   0   1   2   0   3   0   1  23   2   4   1   0  14   0   1   2  19  24   1  1.57 0.70
  324 V    0  0 -4 -4  3 -2 -1 -5 -3  2 -1 -1  1 -1 -4 -1 -1 -5 -1  5    6   5   0   0   6   2   5   0   0  12   4   4   4   2   0   5   4   0   2  38  0.51 0.34
  325 L   -1 -4 -6 -5 -3 -5 -5 -4 -4 -1  4 -5  1  5 -2 -5 -4 -3  4 -2    5   1   0   1   1   0   0   1   0   3  43   0   3  23   3   0   1   0  14   2  1.03 0.52
  326 D   -4 -4  4  7 -2 -1 -2 -4 -1 -5 -5 -1 -5 -5 -1 -1 -3 -6  0 -6    1   1  20  52   1   3   1   1   1   1   1   4   0   0   3   5   1   0   4   0  1.35 0.64
  327 L    0 -4 -3 -4 -1 -4 -4 -4 -5  2  4 -4  1  2 -1 -2  2 -4 -3  1    8   0   2   1   1   0   1   1   0  10  36   0   3   7   3   3  14   0   0   8  0.53 0.34
  328 G    0  1  1  2 -3 -1  2  1 -1 -1 -3  0 -3 -4 -1  0  1 -3 -3  0    7   6   8  11   0   2  15   9   2   3   2   5   0   1   3   7  11   0   1   7  0.20 0.18
  329 S    0 -2  2  0 -4  0 -3 -4 -4 -5 -4 -1 -3 -5 -3  3  5 -6 -4 -4    8   2   9   5   0   5   1   1   0   0   2   4   0   0   2  22  37   0   0   1  0.82 0.53
  330 S   -1 -1  2  1 -2  1  0  0  0 -2  0 -1  3  0 -2  1  0  0  0 -2    4   3  12   7   1   6   7   6   3   1   8   3  10   5   2  12   4   1   3   2  0.13 0.15
  331 S    0  2  1  0 -1  0 -1 -1 -1  0 -1  1 -1 -1 -2  1  2 -3  0 -2    6  11   6   4   1   4   4   4   1   5   4  10   1   3   1  11  16   0   3   2  0.15 0.15
  332 P   -3 -1 -2 -3 -1 -2 -3 -3  1 -3  0  0  2  2  3 -3 -3  9  1 -3    2   4   2   1   2   2   2   2   3   1  10   5   5   9  13   2   1  27   5   2  0.97 0.44
  333 E   -2  2 -1 -1 -4  2  2 -3  1 -2 -2  1 -1 -2 -1  1  2 -2 -1 -1    2  12   2   3   0  10  14   2   3   2   3  10   1   2   3  13  11   0   2   4  0.25 0.22
  334 W   -4 -2 -4 -6 -2 -3 -5 -6 -3 -5 -2 -1 -6 -2 -5 -3 -3 12  0 -3    2   3   1   1   1   1   1   1   1   1   5   4   0   2   1   2   2  67   3   3  3.01 1.17
  335 K   -2  1 -1 -1 -2  2  1 -3  3 -1 -2  1 -1 -1  1  2  1 -3 -2  0    2   7   2   4   1   9   8   1   8   4   4   9   2   2   8  14   8   0   1   6  0.20 0.21
  336 S   -2  4 -2 -1 -5  1  1 -3  3 -2 -1  3 -1 -3  2 -1 -2 -6 -2 -2    3  21   2   2   0   5  10   1   6   3   7  19   1   1   9   4   3   0   1   2  0.43 0.33
  337 V   -1 -4 -5 -2  0 -2 -3 -5 -3  2  2 -4  0 -4  3 -3 -2 -6 -4  5    4   1   0   2   2   2   1   1   1  12  17   0   2   0  15   2   2   0   0  35  0.72 0.45
  338 L    0 -1  0  1 -1  1  1 -2  1 -1 -1  1  0 -3  1  0  1 -4 -3  1    8   3   5   6   1   5  11   2   3   3   5  10   2   1   6   7  10   0   0  11  0.12 0.14
  339 V    0 -2  0 -3  2 -1 -3  1 -3  0 -1 -1  0 -1 -2  0  3 -3 -2  3    7   2   4   1   4   2   1  10   0   5   5   5   3   3   2   6  19   0   1  20  0.23 0.23
  340 S   -2  0  0 -1 -1  3  1  3 -2 -4 -6  1 -5 -3 -1  2  1 -6 -5 -3    3   5   4   4   1  11   7  23   1   1   0   8   0   1   3  17   8   0   0   1  0.44 0.36
  341 S    0 -3  0  1 -2 -1  0  5 -4 -2 -5 -2 -4 -7 -3  1  0 -5 -6 -4    6   1   5   7   1   3   5  45   0   3   1   2   0   0   1  12   5   0   0   1  0.79 0.49
  342 P    1 -2 -1  1 -3  2  0 -2  0  0 -1 -1 -3 -3  4  1  0 -3 -3  0   11   1   2   8   0   9   6   3   2   6   5   3   0   1  18   9   7   0   0   7  0.25 0.24
  343 P   -3 -3 -6 -7 -6 -4 -6  1 -4 -3 -1 -4 -5 -3  8 -4 -2 -8 -6  0    3   1   0   0   0   1   0   9   1   2   7   1   0   1  63   2   2   0   0   6  1.73 0.89
  344 P   -2 -4 -3 -3 -3  0 -1 -2 -5 -6 -4 -4 -5 -2  7  3 -1 -4 -1 -3    3   1   1   2   1   4   3   3   0   0   2   1   0   2  50  18   4   0   3   2  1.30 0.74
  345 G    2 -4 -3 -5 -3 -1 -3  2 -3 -4 -3 -1  0 -6  6  0 -1 -7 -5 -4   15   1   1   0   1   3   2  14   1   1   4   4   2   0  41   7   3   0   0   1  0.99 0.59
  346 R   -5  8 -4 -7  4 -5 -6 -6 -3 -7 -4 -2 -5 -2  0 -2 -3 -8 -7 -3    1  73   1   0   7   0   0   0   1   0   2   1   0   2   5   4   2   0   0   2  2.09 1.00
  347 W    1  2 -1  0 -1 -3 -2 -4 -1 -4 -3 -2  0  3 -3  1 -2  5  5 -1   11  12   3   5   2   1   3   1   2   1   2   2   2  10   1  10   2   7  20   4  0.49 0.36
  348 G    2  0 -1  1 -2 -4  0  5 -3 -7 -7 -4 -6 -1 -6  0 -5  1 -2 -6   15   6   3   6   1   1   6  48   1   0   0   1   0   2   0   7   0   2   2   0  0.98 0.57
  349 H   -3 -3 -1 -8 -5 -4 -7 -4 11 -9 -7 -2  0 -4 -9 -4 -8 -9 -4 -9    2   2   3   0   0   1   0   2  82   0   1   3   2   1   0   2   0   0   0   0  3.42 1.38
  350 T    1 -3 -1 -4 -1 -5 -5 -2  3 -5 -2 -4 -5 -3 -5  4  5 -6 -5  0   11   1   2   1   1   0   0   3   7   0   3   0   0   1   0  27  35   0   0   6  0.91 0.59
  351 L    4 -4 -5 -5  5 -3 -5  0 -3 -1  1 -5  3 -1 -5  1  0 -6 -5 -2   37   1   0   0  10   1   0   6   1   3  13   0   6   2   0  10   6   0   0   3  0.71 0.47
  352 S    2 -4 -1 -2  1 -3 -4 -3 -4  0 -4 -4 -2 -5 -2  2  4 -6 -5  3   16   1   2   2   3   1   0   2   0   5   1   0   1   0   2  17  27   0   0  20  0.65 0.46
  353 C    2 -4 -2 -4  4 -2 -3 -4 -3  0  2 -3 -1  1 -1  0 -1  3  0  2   17   0   2   0   9   1   1   1   0   5  20   1   1   5   3   6   4   4   3  14  0.33 0.27
  354 V   -2 -6 -5 -4  1 -4 -5 -5 -1  3  1 -5 -1  0 -5 -3 -3  2  2  5    4   0   1   1   3   0   1   1   2  14  14   1   1   3   0   2   1   3   7  43  0.88 0.49
  355 N    0 -1  2  2 -3 -1  0  1  0  0 -2 -2 -2 -2  0  0 -1  2  2 -1   10   3  13  12   0   2   6  11   2   8   3   2   1   1   4   5   3   3   7   4  0.15 0.14
  356 G   -3 -3  2  1 -5  1  0  5 -3 -4 -5  2 -5 -5 -1 -1 -2 -5 -4 -4    2   1   8   8   0   6   5  43   1   1   1  12   0   0   3   4   3   0   1   1  0.79 0.45
  357 S   -3  3  3  3 -4 -1 -1 -1  2 -6 -5  1 -5 -6 -4  2  1 -6 -4 -5    1  14  15  17   0   2   3   5   5   0   1   9   0   0   0  18   8   0   0   1  0.61 0.43
  358 R   -2  3  1 -3 -2  0 -2 -4  2 -2 -2  4 -3  0 -5  0  0  2  2 -2    4  16   7   1   1   3   2   0   4   2   4  28   0   4   0   6   5   2   8   3  0.49 0.36
  359 L   -4 -7 -8 -8 -4 -7 -8 -8 -7  4  5 -7  5  0 -8 -6 -6 -4 -2  2    1   0   0   0   0   0   0   0   0  21  48   0  13   4   0   0   0   0   1  11  1.39 0.68
  360 V   -4 -7 -7 -8 -6 -7 -7 -8 -5  3  1 -7  0  3 -7 -4 -5  3  6  4    1   0   0   0   0   0   0   0   0  14  15   0   2  12   0   2   0   4  25  26  1.20 0.63
  361 V   -3 -7 -7 -8 -2 -7 -7 -8 -7  4  2 -7 -1 -1 -7 -3 -2  1 -1  5    2   0   0   0   1   0   0   0   0  22  18   0   1   3   0   2   3   2   2  45  1.21 0.62
  362 F   -4 -8 -9 -9 -5 -8 -9 -3  0  1 -3 -9 -3  9 -9 -8 -8  4  1 -2    2   0   0   0   0   0   0   3   2   7   3   0   0  71   0   0   0   6   3   3  2.41 1.03
  363 G   -2 -8 -7 -7 -5 -8 -8  8 -8-10-10 -8 -9 -6 -8 -3 -7 -4 -9 -9    3   0   0   0   0   0   0  94   0   0   0   0   0   0   0   2   0   0   0   0  2.81 1.21
  364 G   -6 -2 -6 -6 -9 -8 -8  8 -1-10-10 -7 -9 -9 -8 -6 -8 -9 -9 -9    0   3   0   0   0   0   0  95   2   0   0   0   0   0   0   0   0   0   0   0  2.89 1.23
  365 Y   -1  0  2 -1  3 -2 -2  1  1  0 -1 -1  0  1 -4  0  1  3  3 -3    5   6  10   3   7   1   1  12   4   5   4   2   2   6   0   5  11   4  10   0  0.22 0.21
  366 G   -2 -4  4  5 -4 -2 -2  3  0 -3 -5 -1 -3 -6 -5  0 -1 -7 -5 -2    2   1  18  30   0   2   2  21   2   1   1   3   1   0   0   8   3   0   0   3  0.82 0.50
  367 S   -2  1  1  2 -4  0  0  4  0 -4 -6  0 -5 -4 -1  0 -1 -6 -5 -4    3   6   6  13   0   4   5  36   2   1   0   6   0   1   4   6   5   0   0   1  0.59 0.39
  368 H   -1  1  1 -1 -5  1  1 -1  1 -3 -3  2 -2 -2  2  2  0 -5  1 -3    4   7   6   3   0   6  10   5   3   2   2  15   1   2  10  13   5   0   6   1  0.27 0.25
  369 G   -1  1  2 -1 -3  0 -2  4 -1 -1 -4  2 -2 -4 -4  0  1 -6 -4 -2    4   9   9   4   0   3   2  32   1   3   2  11   1   0   0   8   7   0   0   2  0.46 0.33
  370 L    0  1 -1 -3  3 -1 -2 -5 -3  1  0 -1 -1  1  1 -2 -1  5  4  0    8   7   4   1   7   2   2   0   0   9   7   4   1   6   6   3   4   7  16   5  0.34 0.27
  371 L   -3 -1  0 -4  3 -4 -5 -5  1 -2  3 -4  1  3 -4 -1  1 -2  3  0    2   4   4   1   6   0   0   1   3   1  29   0   3  13   1   6   8   1  12   6  0.51 0.36
  372 N   -1 -3  7  2 -5 -3 -2 -1 -2 -5 -7 -3 -2 -1 -5  1 -3 -8 -4 -6    6   1  54  11   0   1   2   4   1   1   0   1   1   3   0  10   1   0   1   0  1.41 0.75
  373 D   -4 -4 -2  7  1 -2  1 -3  0 -4 -6 -3 -3 -8 -6 -2 -3 -8 -7 -2    1   1   2  68   3   2   7   2   2   1   1   1   1   0   0   3   2   0   0   3  1.75 0.85
  374 V   -1 -6 -7 -7 -4 -6 -6 -4 -5  1  4 -6  1 -1 -6 -4  1 -6 -4  4    4   0   0   0   0   0   0   1   0   6  42   0   3   3   0   1   9   0   1  28  1.00 0.56
  375 F   -3 -4 -4 -5 -1  0 -6 -6  6 -3 -5 -3 -2  4 -7 -4 -4  7  7 -4    3   1   1   1   1   5   0   0  20   1   1   2   1  13   0   2   1  15  30   1  1.65 0.80
  376 L    1 -3 -6 -6  2 -3 -2 -5 -6  4  1 -3  0 -2 -5 -2 -1 -6 -2  5   10   2   0   0   4   1   3   1   0  20  10   2   2   2   0   4   3   0   1  36  0.71 0.42
  377 L   -5 -6 -6 -7 -3 -6 -7 -2 -5 -1  5 -5 -2  5 -7 -6 -5 -5  4 -2    0   0   0   0   1   0   0   4   0   3  53   1   1  22   0   0   0   0  12   2  1.39 0.69
  378 D   -7 -6  4  7 -5 -1 -1 -6  0 -8 -8 -3 -6 -8 -7 -2 -6 -9 -6 -7    0   0  20  66   0   3   3   0   2   0   0   2   0   0   0   3   0   0   0   0  2.11 0.98
  379 L   -3 -6 -4 -6 -2 -5 -6 -5 -6  1  3 -5  0  1  1 -3  5 -4 -3  0    2   0   1   0   1   0   0   1   0   7  30   0   2   5   7   1  36   0   1   7  0.91 0.56
  380 D    1  0  1  3 -3  1  2 -1 -2 -1 -2  0 -2 -3 -2  0  1 -5 -4  0   11   4   6  15   0   7  15   4   0   3   3   5   1   1   1   7   9   0   0   7  0.23 0.21
  381 A    1 -2  2 -2  0  0 -1 -2 -5 -2 -3 -1 -2 -4 -3  2  5 -4 -3 -4   12   2   8   1   2   3   4   3   0   2   3   4   1   1   1  13  38   0   1   1  0.66 0.48
  382 D   -2  2  2 -2 -2  1 -1 -1  3 -3  0  3  2  1 -3 -1 -2  0 -1 -3    2  12  11   2   1   5   4   4   6   1  10  16   7   6   1   4   2   1   2   2  0.25 0.24
  383 P   -2  2 -2 -1 -3  2  2 -4  0 -2 -2  0 -2 -4  1  0  3 -5 -2 -1    3  12   1   2   0  10  13   1   2   3   3   6   1   0   8   7  22   0   1   4  0.36 0.32
  384 P   -7 -6 -7 -9  0 -6 -6 -7 -6 -6 -3 -6 -2  0  1 -4 -8 12  3 -5    0   0   0   0   2   0   1   0   0   0   3   1   1   3   6   2   0  70   7   1  3.49 1.40
  385 S   -1 -1 -1 -3 -2 -1  1 -3 -3 -2 -4  0 -3  0 -5  4  4 -4  0 -1    5   3   2   1   1   3   8   2   1   3   1   5   1   4   0  29  24   0   4   4  0.53 0.43
  386 W   -3  3 -1 -4  0  3 -1 -6 -1 -3 -3  2 -1 -4 -2 -2  1  9 -1 -2    2  13   3   1   2  12   3   0   1   1   3  13   1   1   2   3   8  27   2   3  1.05 0.60
  387 R   -3  2 -4 -5 -4 -1 -1 -5 -2  1 -1  1 -1 -3  6 -2 -2 -6 -4  1    2  11   1   0   0   3   3   0   1   7   7   7   2   1  39   3   2   0   0  10  0.86 0.52
  388 E   -1  1  0 -1 -5  1  4 -3  0 -2 -2  3 -2 -4  0 -1  0 -6 -4 -2    5   7   4   3   0   5  25   1   2   2   5  21   1   0   5   4   5   0   0   3  0.43 0.34
  389 V   -1 -6 -5 -5  3 -2 -4 -5 -4  3  1 -5 -1 -1  2 -3  2 -3 -5  4    6   0   0   0   6   2   1   0   0  16  11   0   1   3   9   2  13   0   0  28  0.62 0.40
  390 S    0  0  0 -1 -2  1  1 -3 -1 -1 -3  1 -1 -1 -1  2  3 -5  0 -1    6   4   5   3   1   6   9   1   2   3   2   8   1   3   3  20  17   0   3   3  0.24 0.25
  391 G   -2 -5 -1 -3 -3 -3 -5  6 -6 -6 -6 -4 -7 -7  0  0  1  0 -7 -3    3   0   3   1   1   1   1  64   0   0   1   1   0   0   6   6   7   1   0   2  1.42 0.73
  392 L   -1 -1  0  2 -2  1  2  2 -2 -3 -2  1 -2 -3  1  0  1 -2 -2 -2    5   2   4  12   1   6  13  14   1   1   5   8   1   1   7   7   7   1   1   3  0.20 0.18
  393 A    1 -2  1 -1  0 -1 -2  2 -1  1 -1 -1 -1 -3 -1  0  1 -4 -3  2   13   2   6   3   2   2   2  16   1   8   6   4   1   0   2   7  10   0   0  15  0.15 0.16
  394 P    0 -1 -3 -1 -2  0 -2 -1 -3 -2 -2 -2 -2 -3  6 -1 -1 -2 -3  0    9   3   1   4   1   4   3   6   1   3   4   3   1   1  41   4   4   1   1   6  0.75 0.36
  395 P   -5 -7 -7 -7 -8 -6 -5 -6 -8 -7 -7 -7 -8 -6  9 -3 -7 -9 -8 -5    1   0   0   0   0   0   1   1   0   0   1   0   0   0  92   2   0   0   0   1  3.26 1.40
  396 I    0 -3 -2 -2  1 -1 -1  1 -4 -1 -1 -2  0 -5  2  4  0 -5 -3  0    7   1   1   2   3   3   4   9   0   4   7   2   2   0  10  32   6   0   1   7  0.35 0.32
  397 P    2  0 -3 -6  2 -2 -3  0 -6 -6 -4 -1 -3 -7  7 -1 -3 -7 -7 -5   19   5   1   0   5   2   1   6   0   0   2   3   1   0  48   5   2   0   0   1  1.29 0.70
  398 R   -4  9 -6 -7  0 -3 -6 -6 -6 -8 -6 -3 -1 -5 -6 -7 -7 -8 -7 -8    2  89   0   0   2   1   0   1   0   0   1   1   2   1   0   0   0   0   0   0  2.87 1.24
  399 S    2  1 -2  2  0 -2  0  1 -1 -3 -3 -3  2 -1 -4  2  1 -2  3 -4   18   8   1  10   2   1   5   9   1   2   1   1   5   3   0  13   8   0  10   0  0.29 0.29
  400 W    3 -2  0 -3  0 -4 -4  4 -4 -6 -5 -2 -1  2 -6  0 -4  4  3 -5   24   2   5   2   2   0   1  29   0   0   0   2   1   7   0   7   0   6  10   0  0.76 0.49
  401 H   -1 -5 -3 -6 -4 -3 -5 -4 11 -7 -6 -5 -6 -6 -5 -6 -3 -7 -1 -7    6   1   1   0   0   1   0   1  82   0   1   1   0   0   1   0   2   0   1   0  3.35 1.27
  402 S    2 -4 -3 -4  0  0 -4 -3 -2 -3 -4 -4 -5 -3 -4  4  4 -6 -3 -1   18   1   1   1   2   4   0   2   1   2   1   1   0   1   1  32  28   0   1   4  0.87 0.57
  403 S    5 -5 -5 -5 -1 -4 -5 -1 -5 -4 -2 -5  1 -3 -5  3 -1 -3 -5 -2   51   0   0   0   1   1   0   5   0   1   5   0   4   1   0  23   3   0   0   3  1.06 0.62
  404 C    2 -5 -3 -3  8 -4 -5 -5 -5 -1 -4 -5 -4 -1 -5  1  1 -5 -5  3   14   0   1   1  32   1   0   1   0   3   1   0   0   3   0   9   9   0   0  22  1.22 0.60
  405 T    2 -1  0 -3  3 -2 -3 -2 -4 -1  0 -3  0 -2 -3  1  3  0 -2  1   19   3   4   1   6   2   1   2   0   2   9   1   2   2   1  11  20   1   1  12  0.32 0.27
  406 L   -1  0 -5 -5 -4 -5 -5 -4 -2  3  3 -5  1  0 -5 -1 -1  0  1  3    5   5   0   1   0   0   0   1   1  18  25   0   3   3   0   5   4   2   4  22  0.57 0.36
  407 D   -2 -1  1  3 -2 -1  0  1  1  1 -2 -1 -2 -1 -2  0 -2  1  3  1    2   3   5  19   1   3   6  10   3   7   3   3   0   2   1   6   2   2  11  11  0.22 0.20
  408 G   -4 -2  1  2  0 -1  0  6 -2 -5 -6  1 -6 -5 -4 -2 -3 -7 -6 -7    1   2   6  11   2   2   7  52   1   1   1   9   0   1   1   3   2   0   0   0  1.06 0.59
  409 T   -3  0  5  1 -2 -1 -2  0  2 -5 -4  2 -1 -5 -3  2  1 -6 -3 -5    1   4  27   7   1   2   2   8   4   0   2  14   1   0   1  13  10   0   1   0  0.60 0.41
  410 K   -3  3  0 -4  0  2 -1 -2 -3 -1  0  4  3 -2 -5 -1 -1  1 -1 -2    1  14   4   1   2   9   3   4   0   3   9  27   6   2   0   4   3   2   2   3  0.43 0.34
  411 L   -5 -7 -7 -8  0 -6 -7 -3 -6  3  4 -7  5  3 -7 -7 -6  3  2  0    1   0   0   0   2   0   0   2   0  14  40   0  15  11   0   0   0   4   6   6  1.16 0.60
  412 I   -6 -7 -8 -8 -3 -7 -7 -8 -5  4  1 -7 -1  3 -8 -7 -6  0  6  4    0   0   0   0   1   0   0   0   0  19  12   0   1  12   0   0   0   1  30  25  1.43 0.71
  413 V   -5 -7 -8 -8  0 -6 -7 -8 -5  5  1 -7  1  2 -7 -7 -3 -6  0  5    0   0   0   0   2   0   0   0   0  29  13   0   3   8   0   0   1   0   3  40  1.35 0.66
  414 S   -5 -6 -7 -8  3 -6 -8  2  2 -4 -5 -8 -2  8 -8 -1 -5 -1  2 -3    1   0   0   0   5   0   0  13   5   1   0   0   1  60   0   5   1   1   6   2  1.90 0.88
  415 G   -5 -6 -7 -7 -9 -8 -8  8 -8-10-10 -8 -5 -7 -8 -4 -6 -9 -9 -9    1   0   0   0   0   0   0  97   0   0   0   0   0   0   0   1   0   0   0   0  2.97 1.25
  416 G   -6 -1 -6 -6 -4 -5 -4  8 -8 -9 -9 -7 -8 -6 -8 -6 -7 -8 -1 -9    0   4   0   0   0   1   1  91   0   0   0   0   0   0   0   0   0   0   2   0  2.64 1.15
  417 C    0  1  0 -1  4  1  0  0 -1  0 -2 -1  0  1 -3  0 -2  1  3 -1    7  10   3   3  10   6   8   7   2   6   4   3   3   5   1   6   1   2  10   3  0.16 0.15
  418 A    1 -1  1  2 -3 -2  1  3 -1 -3 -3 -3 -2 -3 -3  0  1 -4  1 -1   10   3   7  12   0   2   8  26   1   1   2   1   1   1   1   6   9   0   5   6  0.33 0.25
  419 D   -1  0  3  4 -1  0  1  1 -1 -4 -2  0 -4 -5 -2 -1 -2 -5 -4 -3    5   6  13  27   1   3  10  10   1   1   5   7   0   0   2   5   2   0   0   2  0.46 0.32
  420 S   -1 -1  0  0 -4  0  0  4  1 -4 -3  0 -2 -4 -3  3 -2 -5  0 -5    3   4   5   5   0   4   6  35   3   1   2   5   1   1   1  19   2   0   3   0  0.57 0.38
  421 G    0  1  1  1 -4  0 -2  4 -1 -2 -3 -1 -1 -3 -1  1 -1 -2 -1 -1    8   7   7   7   0   3   2  33   2   3   2   3   2   1   3   8   3   0   2   4  0.37 0.27
  422 A    0  1  1  1  1  1  0 -1  1 -2 -2  1  0 -2 -2  1  1 -4 -2  1    8  10   5   7   3   6   7   4   4   2   3   8   3   1   1  10   7   0   1  11  0.11 0.13
  423 L    1  3 -3 -4  3 -2 -4 -5 -3 -3  1 -3 -3  2  2 -3 -3  4  4 -3   12  15   1   1   6   2   1   1   0   1  14   1   0   7  12   1   2   5  15   1  0.56 0.40
  424 L   -2 -4 -5 -6 -4 -4 -4 -6  0 -2  5 -3  2  4 -6  0 -2 -3  0  0    3   1   0   0   0   1   1   0   3   1  52   1   5  14   0   7   2   0   3   5  0.93 0.52
  425 S   -1 -5  7  2 -4 -1 -3  1 -2 -7 -7 -4 -7 -7 -4  3 -4 -8 -7 -5    5   0  48   9   0   3   2   9   1   0   0   1   0   0   1  20   1   0   0   1  1.37 0.75
  426 D   -7 -7 -3  8 -3 -4  2 -6 -7 -7 -9 -6 -5 -9 -7 -1 -4 -9 -8 -8    0   0   1  80   1   1  11   0   0   0   0   0   0   0   0   4   1   0   0   0  2.53 1.13
  427 T    0 -5 -6 -5 -3 -4 -4 -5 -1  1  4 -6  2  1 -6 -4  2 -6 -5  3    7   0   0   0   0   0   1   1   2   8  36   0   4   5   0   0  14   0   0  20  0.77 0.47
  428 F   -6 -5 -4 -4 -3 -5 -6 -7  7 -6 -3 -6 -4  3 -8 -4 -6  8  7 -3    0   1   1   1   1   1   0   0  25   0   3   0   0  11   0   1   0  21  32   2  2.16 0.97
  429 L    0  0 -4 -4  3 -3 -1 -1 -4  2  1 -1  1 -1 -5 -1 -1 -3  1  3    6   6   0   0   6   1   4   6   0  12  12   4   3   2   0   5   3   0   5  25  0.30 0.25
  430 L   -5 -7 -3 -8 -4 -7 -7 -8 -6 -2  6 -7  0  5 -7 -6 -6 -2  1 -4    1   0   1   0   0   0   0   0   0   1  64   0   2  23   0   0   0   1   4   1  1.69 0.79
  431 D   -2 -5  3  8 -8 -3  0 -6 -2 -7 -4 -4 -7 -8 -6 -4 -5 -8 -6 -6    4   1  14  68   0   1   6   0   1   0   2   1   0   0   0   1   0   0   0   0  1.99 0.93
  432 L   -2 -2 -3 -4 -2 -3 -3 -4 -4  0  4 -2  2  2 -1 -3  2 -4 -3  1    3   2   1   1   1   1   2   1   0   4  40   2   5   8   3   2  11   0   1  11  0.54 0.32
  433 S    0  0  1  0 -3  1  0 -1  3 -2 -2  0 -2 -3 -1  2  1 -3 -2  0    8   5   6   5   1   7   6   3   9   2   3   5   1   1   3  20   9   0   1   7  0.21 0.17
  434 M    0  1  1 -1 -1 -1  0 -1 -1 -1 -1  0  2 -2 -1  0  4 -3 -3 -2    8   8   7   4   1   3   6   4   2   3   5   5   5   2   3   5  27   0   1   3  0.24 0.19
  435 D   -3 -3  3  4 -4  0  3 -1 -2 -3 -1 -1  1 -2 -3  0 -1 -4 -2 -3    2   1  14  25   0   4  20   5   1   1   6   3   3   2   1   7   3   0   2   1  0.54 0.34
  436 I   -1  1 -1 -2 -4  0 -1 -3 -3  0 -2  2 -1 -3 -2  1  5 -4 -3 -1    4   7   3   2   0   4   3   1   1   5   3  12   1   1   2   9  37   0   1   4  0.53 0.36
  437 P   -2 -2 -3 -5 -2 -4 -4  1 -2 -3  1 -2  6  1  2 -3 -4  8 -3 -4    3   3   2   0   1   1   1  12   1   1  13   3  18   6  11   1   1  20   1   1  0.96 0.53
  438 A   -1  2 -1 -3 -2  1  1 -4 -1 -1 -4  0  0 -3 -4  2  4 -3 -3  0    5  11   2   1   1   7   9   1   1   4   1   5   2   1   0  16  24   0   1   8  0.42 0.35
  439 W   -7 -7 -8-10 -7 -3 -9 -8 -6 -9 -6 -3 -6 -1 -8 -4 -7 13 -2 -3    0   0   0   0   0   1   0   0   0   0   1   2   0   3   0   2   0  84   1   2  4.37 1.67
  440 R   -2  2 -1 -1 -3  0  2 -4  1 -1 -3  1  0 -4  0  2  2 -6 -2 -1    1  11   3   4   0   3  16   0   4   3   2   9   2   0   5  18  12   0   1   5  0.32 0.31
  441 E   -3  2 -2 -2 -2  3  4 -5 -2 -1  0  2 -2 -3 -1 -2  0  4 -2 -2    2   9   1   1   1  12  26   0   1   4   8  11   1   1   4   2   5   6   1   3  0.46 0.37
  442 I    0 -5 -5 -5 -2 -2 -4 -5 -2  4  2 -5  1 -2  2 -3 -1 -1 -5  3    7   0   0   0   1   2   1   0   1  27  17   0   3   1  10   1   3   1   0  22  0.69 0.42
  443 P   -2  0  0  1 -2  0  1 -4 -1 -1 -2  1 -2 -5  4  1  0 -4 -4  0    3   4   4   7   1   3  11   0   2   3   4  10   1   0  23   9   6   0   0   6  0.39 0.31
  444 V    2 -2 -1 -4  1 -1 -1  0 -3  0 -2 -3 -2 -3 -2  1  4 -6 -3  2   17   2   2   0   3   3   3   7   1   5   3   1   1   1   2   8  29   0   1  12  0.44 0.37
  445 P   -1 -1  0 -2 -3  0  0  2  1 -3 -2  2 -2 -1  2  2  2 -5 -2 -2    5   2   4   2   0   4   5  14   3   1   3  12   1   3  10  14  13   0   1   3  0.22 0.23
  446 W   -3 -1  0  1 -7 -2 -2  6 -2 -4 -6 -2 -6 -7  0 -2 -4  4 -6 -3    2   4   5   7   0   2   2  56   1   1   0   3   0   0   6   2   1   5   0   2  1.15 0.63
  447 T    1 -1 -1  0  1 -1 -1 -2 -2  1 -1  1 -1 -3  1  1  2 -3 -3  1   11   3   2   5   3   2   2   3   1   7   4   8   1   1   7  12  17   0   0  12  0.17 0.20
  448 P   -2 -6 -5 -7 -4 -7 -5 -6 -8 -4 -5 -5 -6 -5  8  0 -5 -9 -8 -5    3   0   1   0   0   0   1   0   0   1   1   1   0   1  81   7   1   0   0   1  2.65 1.22
  449 P   -1 -5 -3 -5  0 -1 -2  0 -5 -4 -2 -2 -4 -5  7  2 -1 -7 -6 -1    6   0   1   0   2   3   3   6   0   1   4   3   0   0  47  14   4   0   0   4  1.13 0.66
  450 S    2  2 -3 -3 -1 -2 -3  0 -4 -6 -5 -1 -3 -5  4  3 -2 -2 -4 -5   19  11   1   1   1   2   1   8   0   0   1   4   1   0  24  23   2   1   1   1  0.74 0.52
  451 R   -4  8 -6 -6 -9 -4 -6 -7 -6 -4 -4 -2 -7 -7  0 -1 -5 -4 -8 -6    2  82   0   0   0   0   0   0   0   1   2   2   0   0   4   4   1   0   0   1  2.44 1.12
  452 L    0  2 -2  2  2 -1  0  1  1 -4 -1 -3 -2 -1 -4  2 -1  1  2 -2    9  10   1  13   5   2   5  10   4   0   8   0   1   3   0  16   4   2   8   2  0.24 0.26
  453 G   -1 -6 -1 -1  0 -3 -4  5 -2 -5 -5 -4 -4  3 -6  0 -4  2  4 -6    5   0   3   4   2   1   1  43   1   0   1   1   0  11   0   7   1   3  15   0  1.00 0.57
  454 H   -2 -4 -5 -6  0  1 -6 -6 11 -9 -7 -7 -3 -4 -4 -3 -6 -9 -4 -9    3   1   0   0   2   6   0   1  80   0   0   0   1   1   1   2   0   0   0   0  3.34 1.36
  455 T    1 -3 -4 -5 -1 -2 -5 -3  3 -3 -6 -3 -4 -4 -4  4  5 -7 -4 -1   10   1   0   0   1   2   0   2   7   2   0   2   0   1   1  31  36   0   1   5  1.03 0.66
  456 L    5 -6 -6 -6  3 -4 -6 -3 -6 -2  2 -5  5 -1 -5  1 -1 -6 -4 -1   40   0   0   0   5   0   0   2   0   2  17   0  13   2   0   9   4   0   1   4  0.87 0.56
  457 T    2 -4  2 -3  3 -4 -4 -4 -4  1 -2 -4 -2 -2 -5  2  4 -3 -5  3   14   0   9   1   6   0   1   1   0   6   3   0   1   2   0  13  23   0   0  19  0.58 0.42
  458 V    2 -3 -4 -5  1 -3 -5 -4 -5  0  1 -4  2 -2 -1  0  0  1 -1  4   20   1   0   0   3   1   0   1   0   5  14   0   5   2   3   7   4   2   2  28  0.49 0.36
  459 Y   -3 -5 -3 -5 -3 -5 -5 -5  3  4  0 -5  0  3 -6 -3 -2  2  4  3    2   0   1   0   1   0   0   1   7  21  10   0   2  12   0   2   2   2  15  21  0.78 0.44
  460 G    0 -2 -1 -1 -2 -1 -2  5  0 -4 -4  0 -3 -4 -3  1 -2 -2 -4  0    7   2   3   4   1   3   3  45   2   1   1   6   1   1   1   9   2   1   0   7  0.67 0.39
  461 D   -3 -1  5  4 -5 -2  1  1 -3 -5 -5  0 -4 -4 -3  2 -3 -5 -3 -4    1   3  23  22   0   2  10  12   1   1   1   6   0   1   1  13   1   0   1   1  0.71 0.41
  462 R    0  3  2  1 -1  0 -2  1  2 -3 -3  1 -3 -4  1  0  1 -4 -3 -2    7  18  10   8   2   3   2   9   5   1   2   6   0   1   6   5  11   0   1   2  0.28 0.22
  463 K   -3  3  0 -3 -2  1 -1 -2  1 -4 -3  5  0  0 -4  0 -1 -3  2 -4    2  14   5   1   1   5   2   3   3   1   3  35   2   4   1   6   3   0   8   1  0.62 0.39
  464 I   -6 -7 -8 -8 -1 -7 -7 -7 -7  4  5 -6  6 -4 -7 -7 -4 -7 -4  0    0   0   0   0   1   0   0   0   0  21  50   0  18   0   0   0   1   0   1   6  1.55 0.75
  465 L   -6 -7 -7 -8 -6 -6 -7 -5  3  3  2 -7 -2  4 -7 -6 -6 -1  6  3    0   0   0   0   0   0   0   1   6  15  17   0   0  14   0   0   0   1  26  19  1.22 0.63
  466 M   -4 -7 -7 -8 -4 -7 -7 -7 -7  5  2 -7  4 -2 -7 -4 -3 -7 -4  5    1   0   0   0   0   0   0   0   0  26  19   0   9   2   0   1   2   0   0  39  1.33 0.66
  467 F   -7 -7 -7 -8 -1 -5 -8 -3  1  0 -3 -8 -3  8 -8 -2 -2 -1  3 -3    0   0   0   0   1   1   0   2   3   6   2   0   0  68   0   3   3   1   7   2  2.12 0.93
  468 G   -3 -8 -6 -7 -8 -7 -8  8 -8 -9 -9 -7 -8 -6 -8 -5 -7 -8 -9 -9    2   0   0   0   0   0   0  96   0   0   0   0   0   0   0   0   0   0   0   0  2.92 1.22
  469 G   -6 -8 -6 -7 -8 -5 -7  8 -8 -9 -9 -7 -8 -9 -8 -6 -8 -8 -9 -9    0   0   0   0   0   0   0  98   0   0   0   0   0   0   0   0   0   0   0   0  3.06 1.27
  470 L   -1  2  0 -2  1 -1 -1 -1  2 -3  1 -2  1  1 -4  0  0  5  2 -2    6  12   5   2   3   2   3   4   4   0  13   1   3   7   0   9   6   8   8   3  0.24 0.22
  471 A    1 -3  1  5  1 -2 -2  1 -2 -4 -2 -3 -4 -4 -3  2  0 -5 -3 -3   13   1   6  31   3   1   2  10   1   0   5   1   0   1   1  14   7   0   1   2  0.55 0.37
  472 K   -1 -2 -1  1 -4 -2 -2  5  0 -4 -3  0 -4 -3 -1 -1 -1 -5 -1 -3    5   2   3   9   0   1   2  47   2   1   3   7   0   1   3   4   4   0   2   2  0.70 0.40
  473 N   -1  1  1  2 -3  0 -1  2  2 -3 -3  2 -3 -3 -2  2  0 -3 -3 -2    4   7   6  13   0   4   3  15   5   1   3  12   0   1   1  16   5   0   1   3  0.27 0.20
  474 G   -1  1  2  0 -2 -1  0  3  1 -3 -2  1 -2 -1 -2  1 -1 -1 -2 -3    4   7   8   6   1   2   5  27   3   1   3  11   1   3   1   9   3   1   1   2  0.29 0.17
  475 T    0  1  1  0 -1  1 -1  1  2 -1 -2  0 -1 -1  1  1  0  3 -1 -1    5  10   8   4   2   6   3  10   5   3   4   4   1   2   6  12   5   4   1   4  0.11 0.08
  476 L    0 -1 -1 -1 -1 -1  0 -1  1  0  2 -1  1  0  0 -1 -1  2 -1  0    6   3   2   4   2   2   6   5   4   6  25   3   4   4   6   4   3   4   2   5  0.08 0.07
  477 R    0  2 -1 -1  0  1  0 -1  0 -1 -1  0 -1  1  1  0  0 -1  1  0    7  11   2   4   2   8   6   5   2   3   6   4   1   6   6   6   4   1   6  10  0.05 0.05
  478 F   -1  0 -1  0 -1  0  2 -2  2  0  0  0 -1  0 -1  0  1 -2  1  0    4   4   2   5   1   4  18   3   5   4   8   5   2   4   3   5   9   0   6   6  0.09 0.08
  479 R   -1  2 -2 -1  4 -1 -1 -1  1 -2 -2 -1 -1  1  1  0 -1 -1  4 -1    4  12   2   4  11   3   5   4   4   2   3   4   1   5   8   6   3   1  14   6  0.25 0.19
  480 S   -2 -2 -1 -2 -1 -1 -1 -3  0 -2  1 -3  1  5 -2  1 -1 -1  4 -1    2   2   4   2   1   4   4   2   3   2  17   1   4  22   2  10   3   1  13   3  0.38 0.25
  481 N   -2 -4  7  1 -3 -2 -3  0 -1 -6 -6 -4 -6 -5 -6  3 -2 -7 -6 -5    3   1  50   8   1   2   1   6   1   0   1   1   0   0   0  21   2   0   0   1  1.38 0.72
  482 D   -3 -5 -3  8 -5 -3  1 -4 -4 -5 -8 -4 -6 -6 -6  0 -2 -8 -6 -7    2   1   1  72   0   1   9   1   0   1   0   1   0   0   0   6   3   0   0   0  2.02 0.94
  483 V   -1 -6 -6 -6 -1 -4 -6 -4 -6  3  3 -6  1 -1 -6 -4  0 -4 -5  5    5   0   0   0   1   1   0   1   0  13  28   0   3   2   0   1   5   0   0  37  0.94 0.51
  484 Y   -1 -4 -3 -3 -5 -6 -6 -6  7 -7 -5 -6 -4  2 -7 -3 -7  9  6 -4    6   1   1   2   0   0   0   1  27   0   1   0   0   9   0   2   0  27  21   1  2.10 0.94
  485 T   -1 -2 -5 -4  5 -1 -2 -5 -4  3  0 -3  1 -1 -5 -2  1 -5  0  4    6   2   0   1  11   3   2   0   0  16   9   2   3   2   0   3   9   0   4  28  0.57 0.36
  486 M   -6 -6 -6 -7 -2 -6 -7 -7 -3  1  5 -7  3  5 -7 -6 -6 -4  4 -3    0   0   0   0   1   0   0   0   1   6  51   0   6  21   0   0   0   0  11   1  1.44 0.69
  487 D   -5 -3  4  8  0 -4 -1 -6 -1 -6 -8 -4 -7 -8 -6 -2 -5 -8 -7 -6    1   2  16  68   2   1   3   0   1   1   0   1   0   0   0   3   1   0   0   0  2.07 0.94
  488 L   -3 -3 -4 -5 -2 -4 -5 -5 -5  2  3 -4  2  0 -2 -3  4 -2 -2  2    2   1   1   0   1   1   0   0   0  12  32   1   4   3   2   1  24   0   1  11  0.69 0.42
  489 S    1  0  0  0 -1  1  2  0 -1 -1 -2  0 -1 -3 -1  2  1 -3 -1 -1   12   5   4   4   1   6  15   6   1   3   3   5   2   1   2  18   7   0   2   3  0.17 0.14
  490 E    1  0  0  1 -3  0  1 -1 -2 -2 -1  1  0 -2  0  1  3 -3 -3 -2   10   4   5   8   0   4   8   4   1   2   5   7   2   2   4  10  21   0   1   2  0.19 0.16
  491 D   -2  0  3  3 -4 -1  2  1  1 -3 -1  0  2 -4 -3  0 -2 -3 -3 -3    3   5  15  15   0   2  14  10   3   1   5   6   7   0   1   8   1   0   0   2  0.34 0.27
  492 E   -1 -1  0 -2 -3  0  3 -2 -1 -3 -3  1 -2 -3  0  0  4 -4 -1  0    4   3   4   2   1   4  18   4   1   1   2   8   1   1   5   7  25   0   2   6  0.36 0.28
  493 P   -3 -1 -3 -3  0 -1 -3 -2 -3 -3  1 -2  4  3  2 -1 -3  9  0 -3    2   3   2   2   2   2   2   3   1   1  12   3  11  10  10   4   2  24   3   2  0.89 0.41
  494 S    0  0 -1 -3  3  1 -1 -3 -1  0 -1  0 -1 -3 -3  2  3 -3 -3  1    6   5   2   1   7   6   4   2   1   4   5   6   1   1   1  18  17   0   1  11  0.26 0.23
  495 W   -6 -1 -6 -1 -6  0 -4 -5 -4 -6 -5 -3 -5 -4 -5 -5 -2 12 -3 -6    1   4   0   4   0   5   1   1   0   1   1   2   0   0   1   1   3  72   1   1  3.44 1.27
  496 R   -1  3 -2 -2 -3  0  0 -4  1 -1 -2  1 -1 -3  1  2  2 -4 -2 -1    3  17   1   2   0   4   6   1   3   4   3  10   2   1   7  16  14   0   1   5  0.30 0.26
  497 P   -1  1  0 -2  2  3  3 -3 -1 -2 -1  3 -2 -4 -1 -2 -1 -3 -3 -2    5   8   4   2   4  15  19   2   2   2   5  20   1   1   3   2   3   0   1   2  0.42 0.30
  498 V   -2 -3 -4 -4 -1 -1 -3 -2 -2  2  3 -3  0  0  2 -2 -2 -4 -3  3    3   1   1   1   1   3   1   3   1  11  26   1   2   3  10   3   2   0   0  24  0.45 0.28
  499 I    0  0  1  0 -2  1  2 -2  0  0 -1  1 -2 -2 -1  1  2 -3 -2 -1    6   4   6   5   1   8  12   2   3   5   5  10   1   2   3  13  12   0   1   5  0.15 0.15
  500 G   -1 -2 -1 -3  4 -2 -1  1  0  0 -2 -2 -1 -2  1 -1  3 -2  1  2    4   2   3   1   8   2   3  13   3   5   3   1   1   2   8   5  18   1   5  14  0.25 0.20
  501 Y   -1 -1  0  1 -1  1  0 -1  0  0 -1  1 -1 -1  0  2  2 -2 -1 -1    4   2   4   8   1   6   7   4   2   5   4   8   1   2   5  16  14   1   3   4  0.12 0.12
  502 G   -1 -2 -1 -2 -2 -2 -1  5  0 -2 -1 -1 -2 -1 -2  0  0  1 -3 -2    5   2   3   2   1   1   4  43   2   2   7   3   1   2   2   7   5   2   1   3  0.54 0.27
  503 S    0  0  0  0 -2  1  0 -1 -1 -1 -1  0  1  0  1  1  1 -1  0 -1    7   3   4   5   1   7   6   5   1   3   6   6   4   4   6  13   9   1   3   5  0.06 0.06
  504 S    0  0  0  1 -1  0  0  0  1 -1 -1  0 -1 -1  2  2  1 -2 -1 -1    6   6   5   7   1   3   5   6   3   4   6   5   2   2  10  16   7   1   2   4  0.10 0.07
  505 L    0  0  0  0  0  0  0  0 -1  0  0  0  0  0  1  0  0 -1 -1  0    8   4   5   5   2   3   5   9   1   7  10   4   2   4   8   6   5   1   2   8  0.02 0.00
  506 P    0 -1  0 -1 -1  0  0  0  0  0  0  0  0  0  2  0  0 -1 -1  0   10   3   4   4   1   4   5   6   2   5   7   6   3   4  13   8   7   1   2   6  0.08 0.03
  507 G    0  0  0  0 -1  1  0  1  0 -1 -1  0 -1 -1  1  0  0 -1 -1  0    7   5   5   4   1   6   5  13   2   4   6   5   2   3   6   9   8   1   2   6  0.05 0.02
  508 G    0  0  1  0 -1  0  0  1  1 -1 -1  0 -1 -1  0  1  1 -1  0 -1    8   5   6   5   1   4   5  13   4   4   7   4   1   2   4   9   9   1   3   4  0.05 0.02
  509 M    0  0  0  0 -1  0  0  2  0  0 -1  0  0 -1  1  0  0  0 -1  0    7   5   5   5   2   4   5  16   2   5   7   5   2   3   7   6   4   1   2   6  0.05 0.02
  510 A    1 -1  0  1  0  0  1 -1  0  0 -1  0 -1 -1  1  0  0 -1  0  0   13   3   4   7   2   4  11   5   2   5   5   6   1   3   8   7   6   1   3   7  0.06 0.04
  511 A    1  0 -1 -1  0 -1 -1 -1 -1  1  1  0  0 -1  1  0  0 -1 -1  1   13   6   3   3   2   2   4   4   1  11  12   4   1   2   7   6   5   1   2  10  0.04 0.04
  512 P   -2 -4 -3 -3 -5 -3 -2 -4 -5 -4 -4 -4 -5 -5  8 -2 -3 -5 -3 -2    3   1   1   2   0   1   3   2   0   1   2   1   0   1  72   3   2   0   1   3  2.05 0.85
  513 P    0 -1 -2 -1  0 -1  0 -1 -1  0 -1  0 -1 -1  4  2  1 -3  0 -1    6   3   1   3   2   3   7   5   1   5   5   5   1   2  18  16   9   0   3   4  0.22 0.19
  514 P    0  1 -4 -4 -5 -4 -2  1 -1 -5 -5 -2 -4 -6  7 -2 -4 -2 -5 -1    9   8   1   1   0   1   2  10   1   1   1   3   0   0  52   3   1   1   0   5  1.31 0.67
  515 R   -6  8 -5 -7  1 -3 -5 -6 -6 -5 -4 -4 -5 -7 -6 -6 -6 -7 -7 -4    1  87   0   0   3   1   1   1   0   1   2   0   0   0   1   0   0   0   0   2  2.72 1.17
  516 L    2  1 -3 -2  4 -2  0 -2 -2 -2  1 -2 -1 -1 -4  0 -2  1  1  0   19  10   0   2  11   2   6   3   1   1  17   1   1   2   0   8   2   2   6   8  0.28 0.26
  517 D    0  1 -2  1 -4 -4 -4  4 -3 -6 -3 -3 -4 -1 -5  3 -2  4  2 -5    7   8   1   7   0   0   1  34   0   0   2   1   0   3   0  19   3   6   7   0  0.71 0.47
  518 H   -4 -5 -4 -7 -5 -4 -6 -5 11 -8 -6 -6 -5  0 -5 -6 -6 -7 -2 -6    2   0   1   0   0   1   0   1  86   0   1   0   0   4   1   1   1   0   1   1  3.64 1.38
  519 V    3 -5 -4 -5 -1 -2 -5 -3 -1 -3 -5 -4 -3 -5 -4  4  4 -6 -4  1   24   0   0   0   1   1   0   2   1   1   1   1   1   0   0  32  24   0   0   8  0.93 0.60
  520 A    6 -5 -5 -5  3 -5 -5  0 -5 -3 -3 -4  0 -3 -5  1  1 -6 -4 -4   57   0   0   0   6   0   0   8   0   1   2   1   2   1   0  11   7   0   0   1  1.16 0.65
  521 I    1 -4 -3 -2  3 -3 -4 -3 -4  0 -2 -4  1  0 -4  0  3 -3 -4  4   13   1   1   3   7   1   1   2   0   5   3   1   3   4   1   6  19   0   0  29  0.55 0.36
  522 S    2 -2  0 -2  0  1 -2 -1 -2 -1  0 -2 -1  1 -1  2  1  0 -2  0   19   1   5   1   2   6   2   3   1   3  10   1   2   6   2  19   9   1   1   6  0.19 0.21
  523 L   -2 -3 -4 -5  2 -4 -5 -3 -2  3  2 -4  3 -1 -5 -2 -2  0  0  4    3   1   1   0   4   0   0   2   1  17  19   1   7   2   0   3   2   1   3  30  0.65 0.37
  524 P    0 -1 -1  0 -2 -1 -1  0  2  1 -1  0 -2  0  2  0 -1 -2  2  1    8   3   3   5   0   2   4   6   6   8   5   5   0   3   9   6   3   0   8  15  0.09 0.10
  525 G   -4 -3  3  3  0 -2  1  5 -2 -6 -6 -3 -4 -5 -6 -3 -3 -7 -4 -7    1   1  14  14   2   2  10  47   1   0   0   2   0   1   0   2   1   0   1   0  1.13 0.61
  526 G   -3 -1  4  3 -1 -1 -1  3  0 -5 -6  1 -3 -4  0  1 -2 -2 -4 -3    1   3  17  14   2   2   3  25   2   0   0   9   1   1   5  11   3   1   0   2  0.55 0.38
  527 R   -3  3 -1 -1 -1 -1  0 -5  3 -3 -1  3  1  0 -5 -1 -2  4  3 -2    2  18   3   3   2   3   6   0   6   1   5  18   4   4   0   4   2   5  10   3  0.43 0.32
  528 I   -5 -7 -7 -8 -6 -6 -7 -8 -4  5  4 -7  5  1 -7 -6 -5 -1  1  2    0   0   0   0   0   0   0   0   0  26  34   0  15   4   0   0   0   1   4  14  1.25 0.63
  529 L   -4 -7 -7 -8 -2 -5 -7 -6 -5  3  2 -7 -1  5 -7 -6 -6 -1  6  2    2   0   0   0   1   0   0   0   0  15  19   0   1  22   0   0   0   1  26  13  1.28 0.64
  530 I   -4 -8 -8 -8 -3 -7 -8 -8 -8  6  0 -7  1 -2 -8 -5 -4 -7 -5  5    1   0   0   0   0   0   0   0   0  41   8   0   3   2   0   1   1   0   0  43  1.69 0.78
  531 F   -6 -7 -7 -8 -1 -3 -8 -1  2  0 -2 -7  1  8 -8 -5 -3 -1  4 -3    0   0   0   0   1   2   0   5   4   6   3   0   3  56   0   1   2   1  15   2  1.82 0.84
  532 G   -5 -8 -7 -7 -9 -8 -8  8 -5-10 -8 -8 -9 -9 -8 -6 -8 -9 -7 -8    1   0   0   0   0   0   0  97   0   0   0   0   0   0   0   0   0   0   0   0  3.00 1.27
  533 G   -6 -9 -7 -8 -9 -8 -8  8 -8-10-10 -8 -9 -9 -8 -7 -8 -9 -9 -9    0   0   0   0   0   0   0  99   0   0   0   0   0   0   0   0   0   0   0   0  3.14 1.31
  534 S   -1  3 -1 -2  3  0  0 -1  3 -3 -1 -2  1  0 -4  1 -2  4  3 -2    4  15   3   2   6   4   6   5   8   1   7   1   4   4   0  10   1   5  12   2  0.31 0.26
  535 V   -1 -1  3  4 -1 -2 -3  1 -4 -2 -4 -2 -1 -3 -3  1  1 -5 -3  0    4   4  16  25   1   1   1  11   0   2   1   2   2   1   1  10   8   0   1   8  0.48 0.35
  536 A    2 -2  1  1 -3 -1 -1  3 -1 -2 -3  0 -4 -4 -1  2 -2 -5 -4 -1   17   2   8   9   0   2   3  26   1   2   2   5   0   0   3  13   1   0   0   5  0.39 0.28
  537 G   -1  0  3  3  0  0  0  3  0 -4 -4  0 -3 -3  0  0 -1 -5 -1 -5    4   4  14  15   2   4   5  23   2   1   2   4   1   1   5   7   3   0   2   0  0.39 0.29
  538 L   -1  1  1 -1 -3  1 -1  2 -1 -2  1  1 -1 -3 -2  1  1 -3 -3 -1    3   6   6   3   0   7   4  14   2   2  17   9   1   1   1   9   7   0   0   4  0.12 0.15
  539 D   -1  1  1  1 -2  1  1 -1  4 -2 -3  2 -2 -3 -1  1  0 -4 -1 -2    5   7   6   8   1   7   8   4  11   2   2  11   1   1   3  11   6   0   2   2  0.23 0.20
  540 S    1  2 -2 -1  3 -2 -2 -1  1 -1 -1 -2 -3  0  1  1 -1  0  3 -2   11  12   1   4   6   1   2   5   4   4   7   2   0   3   7  11   3   1  12   3  0.19 0.21
  541 A   -1 -3 -3 -3 -1 -2 -2 -3 -4 -2  3 -1  2  3 -1  0 -1 -2  3  0    6   1   1   1   1   2   2   1   0   1  34   5   4  12   3   7   4   0   9   5  0.39 0.30
  542 S   -2 -4  6  2 -3 -2 -2  2  1 -5 -6 -3 -6 -5 -4  3 -2 -7 -4 -6    3   1  37  12   1   2   2  13   3   1   1   1   0   0   1  20   2   0   0   0  1.03 0.61
  543 Q   -5 -5 -3  7 -5  1  2 -4 -4 -4 -6 -2 -5 -5 -6 -2 -1 -7 -5 -7    1   0   1  67   0   5  12   1   0   1   1   2   0   0   0   3   4   0   0   0  1.85 0.86
  544 L    0 -5 -5 -4 -2 -5 -4 -2 -5  1  4 -5  3  1 -4 -3  1 -5 -3  2    9   0   0   1   1   0   1   4   0   6  40   0   6   5   1   2  11   0   0  13  0.64 0.39
  545 Y   -2 -4 -5 -4 -3 -2 -5 -5  4 -3  0 -4 -2  3 -6 -2 -4  9  6 -1    4   1   1   1   0   2   1   1   9   1   8   1   1   9   0   3   1  25  26   4  1.43 0.67
  546 L    0 -2 -3 -3  2 -2 -1  0 -4  3  2 -2  1  0 -3 -2 -1 -2 -1  3    7   2   1   1   5   1   4   9   0  15  18   2   3   3   1   1   4   0   2  20  0.25 0.19
  547 L   -4 -5 -3 -5  0 -5 -4 -4 -5 -2  6 -5 -1  4 -5 -4 -4 -4  0 -2    2   1   2   1   2   0   1   1   0   2  63   1   1  17   1   1   1   0   3   2  1.30 0.60
  548 D   -1  2  0  5 -2  0  0 -3  0 -3 -1  1 -3 -3 -3 -2 -1 -4 -3 -1    6   9   4  37   1   5   5   2   2   2   6   8   1   1   1   2   4   0   1   5  0.58 0.33
  549 P   -1  0 -2 -3  0 -1 -1 -2 -1  0  1 -1  0  2  2 -1  1  1  2  0    4   5   1   1   2   2   3   2   2   6  16   4   3   9  11   3   8   2   8   6  0.15 0.12
  550 N   -1 -2  5  1  0 -2  0  0  4 -3 -4  0 -4 -4 -3  1  1 -4 -3 -3    4   2  25   8   2   1   5   6  11   1   2   5   0   1   1  12  10   0   1   1  0.55 0.34
  551 E   -1  2  0 -1 -3 -1  0 -3 -3  1  1 -2  3 -2  0  1  2 -4 -3  0    3  10   5   3   0   3   7   1   0   8  13   2   8   2   4  10  14   0   1   5  0.17 0.19
  552 E   -2 -1 -1  3 -4  1  3 -2  0 -1 -2 -1  0 -4 -4  1 -1 -3 -4  1    3   4   3  18   0   5  21   3   2   4   5   4   2   0   0  10   3   0   0  13  0.35 0.28
  553 K   -2  1  1 -2 -5 -2 -3  0 -1 -4 -5  3 -5 -5  0  0  5 -6 -4 -4    2   6   7   2   0   2   1   9   2   1   1  18   0   0   5   7  37   0   0   1  0.74 0.50
  554 P   -2 -1  2 -2  1  0 -2  0 -1 -2  1 -1  5  1  2 -1 -2  3 -1 -1    2   4   9   1   3   3   2   6   2   1  16   4  15   6   9   4   2   4   1   3  0.27 0.22
  555 A   -1  2 -1 -3  1  1  1 -1  0 -1 -2 -1  1 -3 -3  1  3 -4 -2  1    5  10   2   1   3   8  10   4   2   3   3   3   3   1   0  11  17   0   1  11  0.22 0.22
  556 W   -8 -8 -6 -5 -9 -6 -6 -6 -9 -6 -7 -6 -6 -4-10 -5 -8 13 -1 -4    0   0   0   1   0   0   1   1   0   0   1   1   0   0   0   1   0  89   2   2  4.74 1.79
  557 R   -2  2 -2  1 -4 -1  2 -4  0 -1 -4  2 -1 -2 -4  2  2 -5  0 -2    2  13   2   7   0   1  12   0   2   4   1  13   1   2   1  18  15   0   3   3  0.40 0.35
  558 I   -2  2 -2 -4 -2  3  0 -4 -1  1 -1  3  1 -4  0 -1 -1  6 -3  0    3   9   1   0   1  13   6   1   2   8   6  16   4   0   5   4   4  10   0   7  0.38 0.31
  559 L   -1  0 -5 -5 -5 -3 -4 -4 -3  2  3 -3  1  1  2 -4 -2 -1 -3  3    4   6   0   1   0   1   1   1   1  12  26   1   2   7  10   1   2   1   0  23  0.52 0.35
  560 N   -1  1  2  1 -2  1  2 -3 -1 -2 -2  3 -3 -3 -1  1  0 -5 -4 -2    3   9  11   6   1   7  13   1   1   3   4  18   0   1   3  10   5   0   0   3  0.30 0.26
  561 V    2 -3 -1 -2  0 -1 -2 -2  0  1  0 -3 -2  0  1 -1  2 -5 -2  3   15   1   4   2   2   2   1   2   3   9   7   1   0   4   7   4  12   0   1  21  0.24 0.23
  562 Q   -1  0 -1  0  0  1  1 -2  2 -3 -2  1  1 -4  3  1  1 -3  0 -2    5   4   2   6   2   6  10   2   5   1   5   7   4   0  17  10   8   0   4   2  0.26 0.24
  563 G   -2 -5  0 -3 -2 -3 -2  6 -2 -6 -4 -5 -4 -5 -3  0 -1 -3  0 -4    3   0   4   2   1   1   3  64   1   0   2   0   0   0   2   8   3   0   3   1  1.33 0.68
  564 G   -1  2  0  0 -2  3  1 -3  0 -1 -1  1 -2 -1  2 -1  1 -3 -1  0    6  10   4   5   1  13   7   1   2   4   5   7   1   3  10   4   9   0   2   6  0.16 0.18
  565 P    1 -1 -2 -2  1  1  0  0 -3 -1 -1 -1 -1 -3  4  1 -1 -5 -1 -1   13   2   1   1   3   6   6   8   1   3   8   4   1   1  22  10   3   0   2   5  0.31 0.26
  566 P   -5 -5 -6 -4 -7 -6 -4 -6 -4 -4 -3 -5 -7 -4  8 -5 -4 -7 -6 -4    1   1   0   1   0   0   1   1   1   1   4   1   0   1  83   1   1   0   0   1  2.67 1.17
  567 R   -1  2  0 -2  2  0 -2 -1 -3 -1  0  1  0 -2  1  3  1 -5 -4 -2    4  10   4   2   5   4   2   5   0   3   8   7   2   1   7  24   7   0   0   2  0.24 0.25
  568 F    3 -1 -2 -5  0 -3 -3  3 -2 -3 -4 -3 -5  1  5 -1 -3 -6 -2 -4   20   4   2   0   2   1   1  18   1   1   2   1   0   7  32   5   1   0   1   1  0.82 0.52
  569 A   -1  8 -6 -6 -3 -4 -5 -6 -6 -9 -6 -3 -7 -7 -4 -1 -6 -9 -8 -7    5  84   0   0   1   0   0   1   0   0   1   0   0   0   1   6   0   0   0   0  2.58 1.18
  570 W    1  2 -4 -2  3 -2  0  0 -2 -3  0 -3 -2  2 -4  2 -2  4  4 -3   11  11   0   2   6   2   8   8   1   1   9   0   1   8   0  14   1   5  13   1  0.34 0.31
  571 G   -1  1 -2  1 -1  2 -3  4 -3 -6 -3 -3 -2  1 -6  0 -4  4  2 -6    4   9   2   8   1   9   1  31   0   0   3   1   1   7   0   8   0   5   8   0  0.60 0.43
  572 H   -6 -6 -4 -7 -5  1 -6 -4 11 -4 -2 -6  1 -3 -7 -2 -6 -4 -2 -6    0   0   1   0   0   6   0   2  75   1   5   0   4   1   0   3   0   0   1   0  2.97 1.22
  573 T    1 -1 -3 -4  3 -2 -4  1  0 -3 -4 -3 -4 -2 -4  4  3 -2 -4  0   12   3   1   1   5   1   1   9   2   1   1   1   0   2   1  31  21   1   0   6  0.61 0.42
  574 T    5 -4 -3 -5  3 -4 -5 -2 -5 -3 -1 -4  4 -4 -4  2  3 -4 -5 -3   40   0   1   0   5   0   0   3   0   1   7   1   9   1   0  12  15   0   0   1  0.84 0.55
  575 C    2 -4 -1 -3  8 -2 -3 -3 -4  0 -2 -4  0 -3 -4 -1  2  0 -4  2   17   1   4   2  28   2   2   2   0   4   4   1   2   1   1   5  12   1   0  12  0.80 0.42
  576 V    1 -3 -4 -4 -1 -2 -5 -5 -3  2  0 -5  0  1 -4  1  1 -4 -2  5   12   1   1   1   1   1   0   0   0   8   9   0   2   5   0   9   9   0   1  37  0.60 0.41
  577 V   -1 -3 -2 -3 -2 -3 -4 -3  0  3  2 -4  0  2 -4  0 -1 -1  2  3    5   1   2   2   1   1   0   2   2  15  18   0   2   8   0   9   3   1   6  22  0.37 0.28
  578 G    0 -1  1  0 -2  0 -1  2  3 -1 -2  0  0 -1 -2  0 -1 -1  0  1    6   2   6   5   1   3   4  20   8   3   2   6   3   2   2   8   3   1   4  11  0.15 0.14
  579 G   -3 -1  3  4 -7 -3  0  5 -4 -6 -6 -2 -6 -6 -4 -2 -4 -7 -5 -7    1   3  12  21   0   1   7  46   0   0   1   2   0   0   1   2   1   0   0   0  1.19 0.64
  580 T    0 -1  2  1  0  0 -1  1  2 -4 -4  0 -4 -4 -1  3  2 -5 -4 -3    8   3  11   8   2   3   3   9   4   0   2   6   0   0   4  21  13   0   0   1  0.34 0.29
  581 R   -3  5 -1  1 -1  0  0 -3  2 -4 -2  3 -3 -2 -5 -2 -1  0  1 -2    1  30   3   7   1   3   6   2   6   1   4  17   1   2   0   3   4   1   5   4  0.56 0.37
  582 L   -2 -7 -8 -6 -3 -6 -7 -8 -7  4  4 -7  5 -2 -7 -6 -5 -6 -3  3    3   0   0   1   1   0   0   0   0  20  42   0  14   1   0   0   0   0   1  17  1.29 0.65
  583 V   -3 -6 -7 -7 -5 -6 -7 -7  3  3  2 -7  1  5 -6 -6 -5  0  5  2    3   0   0   0   0   0   0   0   6  14  18   0   3  20   0   0   0   1  21  13  1.11 0.58
  584 V   -3 -7 -7 -8 -4 -7 -7 -4 -7  5  1 -7  2  0 -7 -3 -3 -7 -4  6    2   0   0   0   0   0   0   2   0  26  14   0   4   3   0   2   2   0   0  45  1.29 0.65
  585 L   -7 -7 -7 -8 -7 -6 -8 -3 -1  2  0 -8 -1  8 -8 -1 -2  2  2 -3    0   0   0   0   0   0   0   2   2  11   8   0   2  58   0   5   3   2   6   2  1.74 0.81
  586 G   -5 -8 -6 -7 -8 -8 -8  8 -8 -9 -9 -7 -8 -9 -8 -3 -7 -8 -9 -9    1   0   0   0   0   0   0  97   0   0   0   0   0   0   0   2   0   0   0   0  2.97 1.25
  587 G   -6 -9 -7 -8 -9 -8 -9  8 -8-10-10 -8 -9 -9 -9 -7 -8 -9 -3-10    0   0   0   0   0   0   0  99   0   0   0   0   0   0   0   0   0   0   1   0  3.11 1.30
  588 Q   -1  2 -3 -4  4  1 -1 -2  2 -4 -2 -3  3  3 -5 -1  0  4  4 -3    6  10   1   0   9   6   3   4   5   0   4   1   7  10   0   4   5   6  17   1  0.53 0.37
  589 T   -1 -3  4  4 -2 -3 -3  1 -4 -5 -2 -2 -4 -3 -4  2  2 -6 -4  0    4   1  19  21   1   1   1   9   0   0   4   3   0   1   1  14  12   0   0   7  0.55 0.40
  590 G   -1 -3  1  2 -6 -4  0  5 -5 -5 -5 -2 -3 -3 -1  0 -1 -6 -3 -2    4   1   7  12   0   0   6  49   0   0   1   2   1   1   3   6   3   0   1   3  0.90 0.52
  591 E   -1 -2  3  3 -2  0  2  1  0 -3 -3  1 -2 -3 -3  1  0 -4 -1 -3    4   2  14  16   1   3  11  12   2   1   2   8   1   1   1  11   5   0   2   2  0.34 0.25
  592 E   -2  1  0  1 -2  1  3  2  0 -3 -1  0 -3 -2 -2 -1 -1 -4 -1 -2    2   6   4   8   1   5  19  19   3   1   6   7   0   2   2   5   4   0   3   3  0.25 0.21
  593 W   -1  3  1 -1  1  0  0 -2  1 -2 -1  1 -2  0 -2 -1 -1  7  1 -1    4  14   7   3   3   5   6   3   3   2   5   7   1   3   2   4   4  14   5   5  0.32 0.23
  594 M    1  0 -2 -1  0 -2 -1 -3  1  0  1 -1  2  1  2 -1 -1 -3  2  1   10   4   2   5   2   1   3   1   3   4  11   3   7   6  10   4   3   0   8  12  0.13 0.14
  595 L   -3 -4 -3 -4  1 -4 -5 -5 -3 -1  4 -4  1  4  0 -1 -1  0  3  0    1   1   1   1   2   1   1   0   1   3  36   1   4  18   5   5   4   1  10   5  0.67 0.40
  596 N   -2 -4  6  4 -5 -3 -1  0 -2 -6 -5 -2 -6 -7 -5  2 -2 -8 -5 -6    3   1  42  19   0   1   4   7   1   0   2   2   0   0   0  15   2   0   0   0  1.19 0.67
  597 E   -6 -4 -3  8 -9 -3  3 -5 -6 -8 -9 -4 -5 -7 -4 -3  0 -9 -8 -8    0   1   1  68   0   1  20   1   0   0   0   1   0   0   1   2   5   0   0   0  2.11 1.00
  598 A    1 -6 -6 -7 -1 -6 -6 -3 -5  2  4 -6  3  1 -5 -4  0 -6 -5  3   10   0   0   0   1   0   0   2   0   9  36   0   7   5   0   1   6   0   0  22  0.79 0.47
  599 H   -1 -4 -2 -6 -2 -3 -3 -6  7 -2 -1 -6 -3  1 -7 -3 -3  7  6 -3    5   1   2   0   1   1   2   0  25   3   7   0   1   5   0   2   2  13  28   2  1.47 0.75
  600 E   -1 -1 -4 -4  4 -2  1 -1 -4  3  0 -2  2 -1 -4 -2  0 -2  0  3    5   3   0   0   8   2   9   4   0  17   8   3   5   2   0   2   5   1   4  23  0.33 0.27
  601 L   -6 -7 -4 -9 -5 -7 -8 -7 -5 -1  6 -8  0  3 -8 -5 -6 -3  3 -3    0   0   1   0   0   0   0   0   0   3  71   0   1  12   0   1   0   0   8   1  1.69 0.82
  602 L   -5 -3  3  7  2  0  0 -6  0 -5 -6  0 -2 -6 -6 -1 -4 -9 -6 -7    1   1  11  55   4   4   5   0   2   1   0   7   1   0   0   6   1   0   0   0  1.45 0.76
  603 L   -4 -2 -6 -7 -3 -6 -6 -6 -6  3  4 -6  3  0  0 -5  3 -6 -5  1    1   2   0   0   1   0   0   0   0  15  40   0   6   4   5   0  16   0   0   9  0.88 0.52
  604 A    2 -1 -2  1 -5 -1  2  1 -3 -2 -3 -1 -3 -5 -4  3  1 -6 -4  0   18   3   1   9   0   2  16   9   1   2   2   3   1   0   0  19   7   0   0   7  0.35 0.32
  605 T   -1 -2  2  0 -4 -1 -2 -5 -4 -2 -4  0 -4 -5 -4  3  5 -7 -6 -1    6   2   9   5   0   3   3   0   0   2   2   7   0   0   0  21  37   0   0   4  0.77 0.54
  606 S   -2 -1  1 -3 -1  1 -1  1  1 -3  1  1  5  2 -4  2 -2  1 -1 -3    2   2   7   1   1   6   3  10   3   1  12   8  16   8   1  14   1   2   2   1  0.31 0.30
  607 T    1  1 -2 -2 -2  2  1 -4 -1 -2 -1  0 -1 -3 -2  1  3 -5 -3  1   11   7   1   1   1   9   9   0   2   2   5   5   1   1   2  10  21   0   0  12  0.28 0.29
  608 T   -4 -8 -8 -4 -9 -5 -7 -6 -8 -9 -5 -6 -8 -2 -1 -5 -2 12  3 -9    2   0   0   2   0   1   0   1   0   0   1   1   0   2   4   1   3  75   8   0  3.80 1.49
  609 A    1  3 -3 -5 -4 -3 -2 -3 -3 -5 -3 -4  1 -3 -4  5 -2 -5  4 -5   10  16   1   0   0   1   2   2   0   0   2   0   4   1   1  46   2   0  13   0  0.98 0.64
  610 S    0 -4 -3 -2 -4  0 -2 -3 -5 -5 -5 -3 -5 -6 -2  5  4 -6 -5 -3    8   0   0   2   0   5   2   1   0   0   0   1   0   0   1  54  25   0   0   1  1.15 0.63
  611 T    2 -3  2 -3 -3 -2 -3 -3 -3 -4 -4 -2 -4 -5 -3  5  3 -5 -4 -3   17   0  10   0   0   0   0   0   0   0   0   0   0   0   0  58  15   0   0   0  0.95 0.44

                      K         Lambda
Standard Ungapped    0.1385     0.3192
Standard Gapped      0.0433     0.2670
PSI Ungapped         0.1404     0.3104
PSI Gapped           0.0433     0.2670
