
Last position-specific scoring matrix computed, weighted observed percentages rounded down, information per position, and relative weight of gapless real matches to pseudocounts
           A  R  N  D  C  Q  E  G  H  I  L  K  M  F  P  S  T  W  Y  V   A   R   N   D   C   Q   E   G   H   I   L   K   M   F   P   S   T   W   Y   V
    1 M   -1 -2 -3 -4 -2 -2 -3 -4 -3  2  3 -2  5  0 -3 -2 -1 -2 -1  1    0   0   0   0   0   0   0   0   0  10  39   0  42   0   0   0   0   0   0  10  0.38 0.03
    2 S   -1 -3  2  4 -3 -2 -1 -2 -3 -5 -5 -2 -4 -5 -3  5  0 -5 -4 -4    0   0  11  22   0   0   0   0   0   0   0   0   0   0   0  65   1   0   0   0  1.02 0.31
    3 F   -5 -5 -6 -6 -5 -6 -6 -6 -4 -3 -2 -6 -2  9 -6 -5 -5 -1  1 -3    0   0   0   0   0   0   0   0   0   0   0   0   0 100   0   0   0   0   0   0  2.47 0.48
    4 S    6 -3 -2 -3 -2 -2  0 -2 -3 -3 -3 -2 -3 -1 -3  0  0 -4 -3 -2   78   0   1   0   0   0   7   0   0   0   0   1   0   3   0   5   3   0   0   0  0.93 0.30
    5 Q    3 -1 -2  1 -3  4  3 -2 -2 -3 -3 -1 -3 -4 -3  0 -1 -4 -3 -3   30   0   0   8   0  28  25   0   0   1   0   0   0   0   0   6   1   0   0   0  0.62 0.23
    6 L   -3 -4 -5 -6 -3 -4 -5 -6 -5  0  6 -4  3 -2 -5 -4 -3 -4 -3 -1    0   0   0   0   0   0   0   0   0   1  94   0   5   0   0   0   0   0   0   0  1.38 0.34
    7 F   -4 -5 -5 -6 -4 -5 -5 -5 -4 -1  3 -5 -1  8 -6 -5 -4 -2  0 -2    0   0   0   0   0   0   0   0   0   0  32   0   0  68   0   0   0   0   0   0  1.54 0.35
    8 P   -1 -2  1  2 -5  1  6 -4 -2 -5 -5 -1 -2 -4  1 -2 -2 -5 -4 -4    5   1   5   9   0   4  65   0   0   0   0   2   1   0   7   0   0   0   0   0  1.00 0.28
    9 K   -1 -2 -1  0 -5  2  6 -4 -2 -5 -5  2 -3 -5 -3 -2 -3 -5 -4 -4    5   0   1   1   0   9  71   0   0   0   0  11   1   0   0   1   0   0   0   0  1.17 0.32
   10 Y   -1 -3 -1 -3 -3 -2 -2 -3 -3 -4 -4 -2 -3 -2 -3  6  0 -4  2 -4    0   0   1   0   0   1   0   0   0   0   0   0   0   2   0  84   4   0   9   0  1.23 0.38
   11 N   -3 -3  1 -3 -3  0 -2 -4 -3  1  4 -3  1  3 -4 -2 -2 -2  0 -1    0   0  11   0   0   4   2   0   0   5  55   0   2  16   0   2   0   0   2   1  0.54 0.20
   12 S    1  0  1 -1 -3  2  0  1  0 -3 -3  2 -2 -4 -2  2  0 -4 -3 -2   13   1   6   0   0  11   5  12   2   1   1  21   0   0   0  21   4   0   0   1  0.30 0.13
   13 S    0  1  1  1  0  1  1  0  0 -1 -2  1 -1 -3 -2  1  1 -3 -2 -1    3  10   6   6   3   6  13   8   3   3   3   7   2   0   0  14  12   0   1   2  0.15 0.06
   14 F    0  0  0  1 -2  1 -1 -2 -1  1  1  0  0  0 -2  0  1 -3 -1  0    6   4   5   9   0  12   2   2   1  11  18   4   1   5   0   3  11   0   0   6  0.06 0.06
   15 N   -2 -1  3  3 -4  1  4 -2  0 -3 -4  0 -3 -4 -1  0  1 -4 -3 -3    1   1  14  20   0   5  34   2   2   1   0   4   0   0   2   2  10   0   0   1  0.54 0.17
   16 P   -1 -3 -3 -4 -3 -2 -3 -1  0  0  1 -3  6  0  3 -1  1 -3 -2  0    4   0   0   0   0   0   0   5   3   4  12   0  34   4  14   3  13   0   0   3  0.46 0.19
   17 L   -1  4 -1 -2 -2  2  0 -3 -1 -1  0  2 -1  1 -3 -1 -1 -3 -1 -1    5  29   2   1   0  11   4   1   0   2  14  12   0   8   0   1   4   0   2   3  0.24 0.11
   18 R   -1  2 -2 -1 -4  1  3 -3 -2 -3 -3 -1 -3 -4  5  0 -1 -4 -3 -2    5  14   0   1   0   6  24   0   0   1   2   0   0   0  38   6   2   0   0   2  0.80 0.20
   19 G   -2 -4 -3 -3 -5 -3 -4  7 -4 -6 -6 -4 -5 -5 -4 -2 -4 -5 -5 -5    0   0   0   0   0   1   0  99   0   0   0   0   0   0   0   0   0   0   0   0  2.02 0.38
   20 S    2 -1 -1 -1 -2  0  2 -2 -2 -4 -4 -1 -2 -4 -2  4  1 -4 -2 -3   15   3   0   1   1   2  15   0   0   0   0   1   1   0   0  52   7   0   1   0  0.58 0.22
   21 A    0 -4 -4 -4 -2 -4 -4 -4 -4  4  1 -4  1 -2 -4 -3 -2 -4 -3  4    8   0   1   0   0   0   0   0   0  35   8   0   3   0   0   0   0   0   0  46  0.73 0.21
   22 I   -2 -4 -5 -5 -3 -4 -4 -5 -5  5  1 -4  0 -2 -4 -4 -2 -4 -3  5    1   0   0   0   0   0   0   0   0  44   7   0   1   0   0   0   1   0   0  46  0.93 0.24
   23 Q   -1  1  0 -2 -3  2 -1 -3  0 -2 -2  3  0 -4 -2  1  3 -4 -3 -2    1   7   4   0   0  13   1   0   2   2   1  29   4   0   0   8  28   0   0   1  0.41 0.17
   24 C    2 -4 -2 -3  4 -3 -4  6 -4 -4 -4 -3 -4 -5 -4 -2 -3 -4 -4 -3   22   0   0   0  11   0   0  67   0   0   0   0   0   0   0   0   0   0   0   0  1.22 0.27
   25 S   -1  1 -1 -2 -2  0  2 -3 -2  0 -1  1 -1 -3 -2  1  4 -4 -3  0    0   7   0   0   0   2  16   0   0   7   3  11   0   0   0  11  34   0   0   7  0.31 0.15
   26 V   -2 -5 -5 -5 -3 -4 -5 -5 -5  3 -1 -4 -1 -3 -4 -4 -2 -5 -3  6    0   0   0   0   0   0   0   0   0  13   0   0   0   0   0   0   0   0   0  87  1.33 0.33
   27 I   -2 -4 -4 -4 -2 -3 -2 -5 -4  4  0 -2  0 -2 -4 -3  0 -4 -3  5    0   0   0   0   0   0   3   0   0  24   4   3   2   0   0   0   5   0   0  58  0.72 0.22
   28 Q    2  2  0  2 -3  1  1  0 -1 -3 -3  0 -2 -4 -2  1 -1 -4 -2 -3   29  15   3  15   0   9   5   6   0   0   0   4   0   0   0  11   0   0   1   0  0.32 0.13
   29 L   -3 -5 -5 -5 -3 -4 -5 -5 -5  6  1 -4  0 -2 -4 -4 -2 -4 -3  3    0   0   0   0   0   0   0   0   0  73  11   0   1   0   0   0   0   0   0  15  1.12 0.28
   30 Q   -2  1  0  4 -4  2  4 -2 -1 -4 -4  0 -3 -3 -3 -1  0 -4 -3 -4    1   9   2  33   0  11  31   2   0   0   1   1   0   1   0   1   6   0   0   0  0.67 0.19
   31 Q    0  0  3  1 -4  2  0  0  2 -4 -4  3 -3 -3  0  1 -1 -4 -1 -3    7   0  16  10   0  12   0   4   7   0   0  30   0   0   4   8   1   0   2   0  0.38 0.14
   32 N   -3 -3  4  6 -5 -2  1  1 -2 -5 -5 -1 -4 -5 -3 -1 -2 -5 -4 -5    0   0  21  58   0   0   7  10   0   0   0   1   0   0   0   2   0   0   0   0  1.10 0.26
   33 K   -2 -2 -2 -3 -3  0 -2 -4  1  1  0 -1  3  4 -4 -2 -1  6  2  1    1   1   1   1   0   6   0   0   4   6   4   5  13  20   0   2   3  12   8  14  0.36 0.13
   34 V    2 -4 -4 -5 -2 -4 -4 -4 -5  2 -1 -4 -1 -3 -4 -3 -2 -5 -3  6   20   0   0   0   0   0   0   0   0  10   0   0   0   0   0   0   0   0   0  70  0.92 0.27
   35 L   -2 -3 -4 -4 -2 -3 -4 -4 -4  4  2 -2  1 -1 -4 -2  2 -2 -1  3    0   1   0   0   0   0   0   0   0  30  21   1   2   1   0   0  15   0   1  28  0.50 0.16
   36 V   -2 -4 -5 -5 -3 -4 -4 -5 -5  4  0 -4 -1 -2 -4 -4 -2 -5 -3  6    0   0   0   0   0   0   0   0   0  24   2   0   0   0   0   0   0   0   0  74  1.16 0.29
   37 D   -3 -3  5  6 -5 -2  0 -3  2 -5 -5 -2 -4 -5 -3 -1 -2 -6 -3 -5    1   0  35  52   0   0   3   0   6   0   0   0   0   0   0   2   0   0   0   0  1.23 0.29
   38 T    4 -3 -3 -3 -2 -3 -3 -2 -4  0 -2 -3 -2 -3 -3 -1  2 -4 -3  3   56   0   0   0   0   0   0   0   0   3   0   0   0   0   0   0  18   0   0  23  0.65 0.23
   39 G   -2 -4 -1 -3 -5 -3 -4  7 -3 -6 -6 -3 -5 -5 -4 -2 -4 -5 -5 -5    0   0   2   0   0   1   0  96   1   0   0   1   0   0   0   0   0   0   0   0  1.89 0.36
   40 L   -2 -4 -5 -5 -3 -4 -5 -5 -4  0  6 -4  1  0 -5 -3 -3 -3  1 -1    2   0   0   0   0   0   0   0   0   0  89   0   1   2   0   1   0   0   4   0  1.11 0.29
   41 K   -3  0 -2 -3 -5 -1 -1 -4 -3 -5 -5  7 -4 -5 -3 -2 -3 -5 -4 -5    0   0   0   0   0   0   0   0   0   0   0 100   0   0   0   0   0   0   0   0  1.81 0.41
   42 T   -1 -3 -1 -2 -3 -2 -2 -2 -3 -3 -3 -2  1 -4 -3  6  3 -5 -3 -1    0   0   0   0   0   0   0   0   0   0   0   0   5   0   0  73  18   0   0   4  0.99 0.31
   43 P   -3 -1 -3 -1 -5 -1  5 -4 -3 -5 -5 -2 -4 -5  6 -2 -3 -5 -4 -4    0   3   0   0   0   0  56   0   0   0   0   0   0   0  41   0   0   0   0   0  1.48 0.33
   44 I    1 -3 -2 -3 -3 -3 -3  5 -4  2 -1 -3 -2 -1 -3 -1 -2 -4 -3  1   10   1   0   0   0   0   0  48   0  21   5   0   0   3   0   2   0   0   0  10  0.56 0.17
   45 I   -1  3 -1  0 -4  0  4 -3 -2  2 -2  0 -2 -3 -2 -1 -2 -4 -3  1    2  23   2   3   0   0  34   1   0  16   0   3   0   0   1   3   0   0   0  12  0.39 0.16
   46 C   -2 -2 -2 -2  4  5  3 -4 -2  1 -2 -1 -2 -4 -3 -2 -2 -4 -3  2    0   0   0   0  11  34  24   0   0  10   0   0   0   0   0   0   0   0   0  21  0.63 0.23
   47 F    0 -4 -4 -2 -4 -4 -3 -4 -3 -2 -1 -4 -2  7  3 -2 -3 -2  0 -3    7   0   0   3   0   0   1   0   0   0   4   0   0  65  18   2   0   0   0   0  1.18 0.29
   48 Q   -2  2 -2 -3 -1  2 -1 -3 -1  0  3  3  0 -1 -3 -2 -1 -3  1 -1    2  11   0   0   1  10   1   0   1   3  36  23   2   0   0   0   2   0   6   2  0.28 0.14
   49 H   -2  1  5  3 -4 -1 -1 -2  4 -4 -4  3 -3 -4 -3  0 -2 -5 -3 -4    2   5  43  15   0   0   1   0  11   0   0  19   0   0   0   5   1   0   0   0  0.76 0.22
   50 E    2 -2 -1  3 -4  1  5 -3 -2 -4 -4 -1 -3 -5 -2  0 -2 -5 -4 -3   18   0   1  18   0   3  54   0   0   0   0   0   0   0   1   3   0   0   0   0  0.81 0.24
   51 L    0  0  0 -1 -3  3 -1 -2 -1 -2  0  1 -1  4 -3 -1 -2 -2  0 -2    7   4   6   3   0  19   2   1   1   0  12   9   0  31   0   3   0   0   0   0  0.30 0.15
   52 K   -1  0 -1 -1 -4  0 -1  6 -2 -5 -5  1 -4 -5 -3 -1 -2 -4 -4 -4    2   6   1   2   0   4   4  70   1   0   0   8   0   0   0   1   2   0   0   0  1.03 0.24
   53 R   -1  1  0  2 -4  1  5 -2  0 -3 -4  1 -3 -4 -1 -1 -2 -4 -3 -2    4   8   5   9   0   3  55   1   1   1   0   5   0   0   2   2   1   0   0   3  0.65 0.20
   54 V    0 -3 -3 -3  0 -2 -2 -1 -3  2  3 -2  0 -1 -1 -2 -1 -3 -1  2    9   0   1   1   2   2   2   6   0   9  41   1   1   1   3   2   1   0   1  19  0.25 0.11
   55 P   -1 -2  0  2 -3  0  5 -3 -2 -4 -4  0 -3 -3  2  0  1 -4 -4 -4    2   0   2   8   1   0  56   1   0   0   0   4   0   1  12   4   8   0   0   0  0.76 0.22
   56 I   -1 -2 -4 -5 -2 -4 -4 -4 -4  4  2 -3  0 -2 -2 -3 -2 -4 -3  4    2   3   0   0   0   0   0   0   0  32  15   0   0   0   2   0   0   0   0  45  0.68 0.20
   57 T    2  0  2 -1 -3  3  1 -2 -1 -3 -3  3 -2 -4 -2  1  1 -4 -3 -2   19   0   9   1   0  18   5   1   1   1   0  29   0   0   0   7   9   0   0   1  0.39 0.16
   58 K   -1 -3 -4 -3 -2 -2 -1 -4 -4  3  0  0 -1 -2  1 -2 -1 -4 -3  5    4   0   0   0   0   0   3   0   0  20   1   8   0   0   7   1   1   0   0  53  0.54 0.20
   59 Q   -2 -4 -2 -3 -5  1 -4  7 -4 -6 -6 -3 -4 -5 -4 -2 -4 -5 -5 -5    0   0   0   0   0   8   0  92   0   0   0   0   0   0   0   0   0   0   0   0  1.76 0.35
   60 A   -1 -4 -1  8 -5 -2  0 -3 -3 -5 -6 -3 -5 -6 -4 -2 -1 -6 -5 -5    5   0   0  90   0   0   1   0   0   0   0   0   0   0   0   1   3   0   0   0  1.78 0.37
   61 R   -2  1 -1 -1 -4  1  4 -3  0 -1 -1  0 -1  2 -3 -1  0 -3  0  0    0   9   0   1   0   6  38   0   1   3   2   2   0  14   0   4   8   0   2   9  0.32 0.15
   62 F   -2 -4 -5 -5 -3 -4 -4 -5 -5  2 -1 -4 -1  3 -4 -4 -2 -4 -1  6    0   0   0   0   0   0   0   0   0   9   0   0   0  12   0   0   0   0   1  77  1.08 0.29
   63 H   -2 -1  1  3 -4  1  4 -3  2 -2 -4  0 -3 -3 -2  1 -1 -4 -2 -3    0   2   5  22   0   6  37   0   7   3   0   5   0   0   0   9   3   0   0   0  0.56 0.17
   64 F   -2 -4 -5 -5 -3 -4 -4 -5 -5  1  1 -4 -1  2 -4 -4 -2 -4 -2  6    0   0   0   0   0   0   0   0   0   1   7   0   0   8   0   0   0   0   0  84  1.15 0.31
   65 G    4 -3 -3 -3  0 -3 -3  1 -2 -1 -2 -3 -2  1 -3  0 -1 -2  4  0   46   0   0   0   2   0   0  11   0   2   0   0   0   6   0   3   2   0  20   9  0.47 0.19
   66 I   -3 -4 -5 -5 -3 -4 -4 -5 -4  4  4 -4  0 -1 -4 -4 -2 -4 -3  3    0   0   0   0   0   0   0   0   0  26  56   0   0   0   0   0   0   0   0  18  0.82 0.22
   67 E   -3 -1 -1  5 -5  0  6 -3 -2 -5 -5 -1 -4 -5 -3 -2 -3 -5 -4 -5    0   3   0  35   0   0  59   1   0   0   0   2   0   0   0   0   0   0   0   0  1.26 0.30
   68 D    3  3  0  1 -3  0 -1 -2 -2 -3 -2  0  0 -4 -2  2  0 -4 -3 -2   33  22   4   8   0   1   0   0   0   0   2   1   3   0   0  19   6   0   0   0  0.38 0.16
   69 V   -1 -4 -4 -4 -2 -3 -4 -4 -4  3  2 -4  1 -1 -2 -3 -2 -3  1  5    1   0   0   0   0   0   0   0   0  17  17   0   3   1   2   1   0   0   5  53  0.62 0.19
   70 E   -3 -2 -2  1 -6  0  7 -4 -2 -5 -5 -1 -4 -6 -3 -2 -3 -5 -4 -4    0   0   0   4   0   0  96   0   0   0   0   0   0   0   0   0   0   0   0   1  1.77 0.40
   71 V   -3 -3  5  6 -5 -2 -1 -3 -2 -3 -4 -2 -4 -5 -4 -2 -2 -6 -4  0    0   0  32  56   0   0   0   0   0   0   0   0   0   0   0   0   0   0   0  11  1.19 0.29
   72 F    1 -1 -1 -3 -3 -2 -3 -3 -1 -1 -1 -2  2  6 -3 -2 -2  0  3 -2   13   4   4   1   0   1   1   1   1   1   2   1   6  51   1   2   1   1   7   1  0.62 0.17
   73 G   -2 -4 -2 -3 -4 -4 -4  7 -4 -5 -3 -2 -4 -5 -4 -2 -3 -4 -5 -5    0   0   0   0   0   0   0  93   0   0   3   2   0   0   0   0   0   0   0   0  1.73 0.33
   74 E   -1 -2 -2  1 -5  0  6 -2 -1 -4 -2 -1 -1 -1 -3 -2 -2 -4  2 -3    3   0   0   5   0   0  70   3   0   0   3   0   2   3   0   0   2   0   7   1  0.91 0.27
   75 P    1 -3 -2 -3 -3 -2 -1  3 -3 -3 -3 -2 -3 -4  2  0  5 -4 -4 -2   15   0   0   0   0   0   3  21   0   0   0   0   0   0  11   1  48   0   0   1  0.67 0.22
   76 K    0  3 -2  0 -3  1  0 -3 -2  0 -1  3  1 -3 -3  0 -1 -4 -2  1    6  20   0   6   0   6   2   0   0   5   5  23   4   0   0   7   0   0   0  17  0.22 0.11
   77 M   -2 -3 -4 -4 -2 -3 -4 -4 -4  2  4 -3  3 -1 -4 -2  2 -3 -2  1    2   0   0   0   0   0   0   0   0  14  53   0   9   1   0   0  16   0   0   5  0.59 0.19
   78 L   -1 -3 -2 -3 -3 -2 -2 -3 -3  1  1 -2 -1 -3 -3  5 -1 -4 -3  0    0   0   0   0   0   0   0   0   0   9  17   1   0   0   0  65   0   0   0   7  0.66 0.26
   79 L   -3  6 -3 -4 -4 -1 -2 -4  0 -2  3  0 -1 -3 -4 -3 -3 -4 -2 -3    0  62   0   0   0   0   0   0   2   0  32   1   0   0   0   0   0   0   1   0  0.98 0.27
   80 P   -2 -2 -1  2 -4  0  5 -3 -2 -4 -4 -1 -3 -4  2  2 -2 -4 -3 -4    0   0   0  12   0   0  52   0   0   0   0   0   0   0  10  23   0   0   0   0  0.81 0.23
   81 K   -2  4 -2 -3 -4  0 -1 -3 -2 -4 -4  6  0 -4 -3 -2 -2 -4 -3 -4    0  25   0   0   0   0   0   0   0   0   0  67   3   0   0   0   0   0   0   0  1.15 0.28
   82 P    0  0  0  2 -1  1  1 -1  0 -1 -1  0 -1 -1  2  0  0 -1 -1 -1    6   3   3  15   1   6  14   5   1   3   6   4   1   3  11   5   4   1   2   4  0.13 0.01
   83 L    0  0  0  0 -1  0  0  0  0  0  0  0  0  0  0  0  0  0  0  0    6   4   4   4   2   4   5   6   2   7  15   7   2   3   4   9   6   1   3   5  0.01 0.00
   84 E    0  1  0  0 -1  0  1  0  0 -1 -1  1  0 -1  0  0  0  0  0  0    8   8   4   4   2   4  13   6   2   4   8   8   2   3   4   6   5   1   3   5  0.04 0.00
   85 I    0  1  0  0 -1  0  0  0  0  0  0  0  0 -1  0  0  0  0  0  0    8  10   4   7   2   4   5   7   2   9   7   6   2   3   4   6   5   1   3   6  0.02 0.00
   86 K    0  1  0  0 -1  0  0 -1 -1  0 -1  3 -1 -1  0  0  0 -1 -1 -1    6   6   3   5   1   3   4   5   1   6   6  32   1   2   3   4   4   1   2   4  0.11 0.03
   87 C    6 -4 -4 -4  4 -3 -3 -2 -4 -3 -3 -3 -3 -4 -3 -1 -2 -5 -4 -2   89   0   0   0  11   0   0   0   0   0   0   0   0   0   0   0   0   0   0   0  1.32 0.35
   88 K   -2  4 -1 -3 -5  0 -1 -4 -2 -4 -4  6 -2 -5 -3 -2 -3  0 -3 -3    1  26   1   0   0   1   0   0   0   0   0  67   1   0   0   0   0   1   0   2  1.14 0.30
   89 R   -2  7 -2 -3 -5 -1 -2 -2 -2 -5 -4  2 -3 -5 -4 -1 -3 -5 -4 -4    2  83   0   0   0   0   1   2   0   0   0   8   0   0   0   3   0   0   0   0  1.51 0.34
   90 K    1 -1  0 -1 -3  0  3 -2  3  0  0  1 -1 -1 -2 -1 -1  0 -1 -1   19   0   5   0   0   2  25   0   9   6  13  11   1   2   0   1   0   1   2   1  0.18 0.11
   91 L    1  0 -2 -1 -4  0  5 -2 -2 -3  0  1 -1 -3 -3 -1 -2 -4 -2 -3   17   4   1   0   0   1  54   1   0   0  11   6   1   0   0   2   1   0   1   0  0.57 0.20
   92 V    4 -3 -2 -2 -1 -2 -2 -2 -3 -1 -2 -2 -1 -3 -2  2  1 -4 -3  1   48   0   1   1   1   0   0   0   0   2   0   1   1   0   0  22   8   0   0  15  0.48 0.19
   93 W   -5 -5 -6 -7 -5 -5 -5 -5 -5 -5 -4 -6 -4 -2 -6 -5 -5 13 -1 -5    0   0   0   0   0   0   0   0   0   0   0   0   0   0   0   0   0  98   0   0  4.19 0.59
   94 I    0 -1  0  1 -2 -1  0 -2 -1  2  0  0  0 -2 -2  0  2 -3 -2  1    5   2   4  10   0   1   5   1   1  18  10   9   3   0   0   3  16   0   1  10  0.10 0.07
   95 E    0  2  0  1 -3  1  2 -2 -1 -1 -2  1 -1 -1 -2  0  0 -3 -1  0    9  15   3   8   0   5  21   0   1   3   2  11   1   4   0   3   3   0   1   9  0.18 0.08
   96 L   -3 -4 -5 -6 -3 -4 -5 -6 -5  0  6 -4  0 -1 -5 -4 -3 -4 -3 -1    0   0   0   0   0   0   0   0   0   0 100   0   0   0   0   0   0   0   0   0  1.43 0.34
   97 T   -2 -2 -2  0 -5  0  7 -4 -2 -5 -5 -1 -4 -5 -3 -1  1 -5 -4 -4    1   0   0   0   0   1  84   0   0   0   0   1   0   0   0   1  12   0   0   0  1.43 0.35
   98 K    0  1  0 -1 -4  2  2 -2  0 -3 -3  5 -3 -4 -2 -1 -1 -4 -3 -3   10   4   3   2   0   9  11   1   3   0   0  52   0   0   0   1   3   0   0   1  0.59 0.20
   99 I    5 -3 -3 -3 -1 -2 -1 -2 -3  1 -2  0 -2 -3 -3  1 -1 -4 -3 -1   68   0   0   0   0   0   2   1   0  12   2   6   0   0   0   7   1   0   0   1  0.66 0.23
  100 W   -2 -4 -4 -5 -1 -3 -4 -4  3 -2  1 -4  2  5 -5 -3 -3  6  5 -2    2   0   0   0   1   0   0   0   9   0  12   0   7  35   0   0   0  11  22   1  0.94 0.23
  101 R    0  2  1  1 -4  1  5 -3 -1 -3 -3  0 -3 -4 -2 -1 -1 -3 -3 -3    7  12   8   6   0   2  55   1   0   1   1   2   0   0   1   1   2   0   0   1  0.65 0.18
  102 S    2 -1  3  1 -2  0  1 -1 -1 -3 -3  1 -2 -3 -2  2  0 -3 -2 -2   22   1  16   5   0   2   8   3   0   0   1  10   0   0   0  23   5   0   0   1  0.28 0.11
  103 D   -1 -2  3  4 -4  1  2  2  0 -4 -4  0 -3 -4 -3  0 -2 -4 -3 -3    3   0  20  24   0   5  16  21   1   0   1   4   0   0   0   4   0   0   0   0  0.52 0.15
  104 Q   -1  0  0  0 -4  3  5 -1 -1 -4 -4  0 -2 -4 -2 -1 -1 -4 -3 -3    5   3   4   2   0  13  55   5   0   0   0   4   0   0   0   3   2   0   0   1  0.69 0.20
  105 N    1  2  2  0 -2  0  0 -1  0 -2 -2  1 -1 -2 -1  0  3 -2 -2 -1   11  15  13   3   0   2   4   2   1   1   2   8   0   1   2   4  26   0   1   2  0.22 0.08
  106 L   -1  1 -2 -2 -1 -1 -2 -2 -2  2  1 -1  1  1 -1 -1  1 -2 -1  2    2  10   1   2   1   1   2   2   1  18  15   2   2   8   2   2  10   0   1  18  0.10 0.05
  107 V   -2 -4 -5 -5 -3 -4 -4 -5 -5  4  0 -4  0 -2 -4 -4 -2 -4 -3  6    0   0   0   0   0   0   0   0   0  20   2   0   1   0   0   0   0   0   0  76  1.13 0.29
  108 K   -1  0  1  0 -3  0  2 -2 -1 -1 -2  3  0 -3 -2  0  3 -3 -2 -1    1   1   6   4   0   2  13   1   1   5   2  24   4   1   1   6  28   0   0   1  0.28 0.12
  109 G   -2 -5 -2 -3 -5 -4 -4  7 -4 -6 -6 -4 -5 -5 -4 -2 -4 -5 -5 -5    0   0   0   0   0   0   0 100   0   0   0   0   0   0   0   0   0   0   0   0  2.05 0.38
  110 F    0 -1 -2 -3 -2 -1 -2 -3 -1  2  1 -2  1  3 -3 -2  1 -2  0  3    5   3   1   0   0   4   1   0   2  14   7   1   5  15   0   0  12   0   1  29  0.23 0.11
  111 I   -3 -5 -5 -5 -3 -5 -5 -6 -5  7  0 -4 -1  0 -5 -4 -1 -4 -3  2    0   0   0   0   0   0   0   0   0  81   2   0   0   3   0   0   2   0   0  12  1.23 0.30
  112 L   -2 -2  3 -1 -3 -2 -2 -3  0 -1  0 -2 -1  4 -3  2  2 -3  0 -1    0   0  24   1   0   1   0   0   2   3  13   0   0  21   0  17  16   0   1   2  0.34 0.16
  113 N   -2 -3  3 -2 -4 -3 -1  6 -3 -5 -5 -3 -4 -5 -4  0 -2 -5 -5 -4    0   0  20   0   0   0   3  71   0   0   0   0   0   0   0   4   1   0   0   0  1.28 0.28
  114 S   -2  4 -2 -2 -5  2 -1 -3 -2 -4 -4  6 -3 -5 -3  1 -2 -5 -3 -4    0  22   0   0   0   9   0   0   0   0   0  58   0   0   0  11   0   0   0   0  0.98 0.27
  115 V   -2 -5 -5 -5 -3 -4 -5 -5 -5  1 -1 -4 -1 -3 -5 -4 -2 -5 -3  7    0   0   0   0   0   0   0   0   0   0   0   0   0   0   0   0   0   0   0 100  1.58 0.38
  116 K   -3  1  0 -3 -5 -1 -1 -4 -3 -5 -5  7 -4 -5 -3 -2 -3 -5 -4 -4    0   5   3   0   0   0   0   0   0   0   0  92   0   0   0   0   0   0   0   0  1.58 0.37
  117 G   -2 -5 -2 -3 -5 -4 -4  7 -4 -6 -6 -4 -5 -5 -4 -2 -4 -5 -5 -5    0   0   0   0   0   0   0 100   0   0   0   0   0   0   0   0   0   0   0   0  2.05 0.38
  118 G   -2 -5 -2 -3 -5 -4 -4  7 -4 -6 -6 -4 -5 -5 -4 -2 -4 -5 -5 -5    0   0   0   0   0   0   0 100   0   0   0   0   0   0   0   0   0   0   0   0  2.05 0.38
  119 Y   -4 -4 -5 -5 -4 -5 -5 -5 -3 -2  2 -5 -1  8 -5 -4 -4 -1  4 -2    0   0   0   0   0   0   0   0   0   0  17   0   0  69   0   0   0   0  13   0  1.49 0.32
  120 A    1 -2 -2 -3 -3 -3 -3 -3 -4 -3 -3 -2 -3 -4 -3  0  7 -5 -4 -2   12   1   0   0   0   0   0   0   0   0   0   0   0   0   0   1  85   0   0   0  1.34 0.36
  121 V   -2 -5 -5 -5 -3 -4 -5 -5 -5  1 -1 -4 -1 -3 -4 -4 -2 -5 -3  7    2   0   0   0   0   0   0   0   0   1   0   0   0   0   0   0   0   0   0  97  1.48 0.36
  122 A    1 -2  0  5 -4 -1  3 -3 -2 -3 -2 -2  2 -4 -3  0 -2 -5 -4 -3   13   0   3  44   0   0  22   0   0   0   4   0   9   0   0   3   1   0   0   0  0.68 0.21
  123 I   -2 -4 -4 -5 -2 -4 -4 -5 -4  4  4 -4  1 -1 -4 -3 -1 -3 -2  3    0   0   0   0   0   0   0   0   0  26  44   0   2   0   0   0   4   0   0  25  0.67 0.19
  124 A    1 -2  5  3 -4 -1  0  3 -1 -4 -4 -1 -3 -4 -3  0 -2 -4 -4 -4   13   0  33  16   0   1   4  24   0   0   0   3   0   0   0   5   0   0   0   0  0.59 0.18
  125 G   -1 -3  0  0 -4 -2 -2  6 -2 -5 -4 -2 -4 -4 -3  1 -1 -4 -4 -3    3   0   3   6   0   0   1  68   1   0   0   0   0   0   1  11   4   0   0   1  1.01 0.23
  126 Y    2 -3 -4 -4 -2 -3 -3 -3  2  4  0 -3 -1 -2 -3 -2 -2 -3  1  3   24   0   0   0   0   0   0   0   6  41   5   0   0   0   0   0   0   0   5  19  0.50 0.19
  127 I   -2  6 -2 -3 -4 -1 -2 -4 -2  2 -2  0  0 -3 -4 -1 -1 -4 -3  2    0  57   1   0   0   1   0   0   1  12   0   2   2   0   0   3   3   0   0  18  0.75 0.24
  128 A    6 -4 -4 -4 -2 -3 -3  0 -4 -3 -4 -3 -3 -4 -3 -1 -2 -5 -4 -2   96   0   0   0   0   0   0   3   0   0   0   0   0   0   0   0   0   0   0   0  1.38 0.36
  129 F   -4 -5 -5 -6 -5 -6 -6 -5 -4 -2 -2 -5 -2  9 -6 -3 -4 -1  1 -3    0   0   0   0   0   0   0   0   0   0   0   0   0  98   0   2   0   0   0   0  2.27 0.43
  130 L   -3 -4 -5 -6 -3 -4 -5 -6 -5  0  6 -4  0 -1 -5 -4 -3 -4 -3 -1    0   0   0   0   0   0   0   0   0   0 100   0   0   0   0   0   0   0   0   0  1.43 0.34
  131 P   -3 -5 -5 -4 -5 -4 -4 -5 -5 -5 -5 -3 -5 -6  9 -3 -4 -6 -6 -5    0   0   0   0   0   0   0   0   0   0   0   0   0   0 100   0   0   0   0   0  2.95 0.47
  132 K   -2  1 -2 -3 -4 -3 -3  6 -3 -5 -5  1 -4 -5 -4 -2 -3 -4 -5 -5    0   9   0   0   0   0   0  80   0   0   0  11   0   0   0   0   0   0   0   0  1.40 0.30
  133 S   -1 -3 -2 -2 -3 -2 -2 -3 -3 -5 -5 -2 -4 -5 -3  7 -1 -5 -4 -4    0   0   0   0   0   0   0   0   0   0   0   0   0   0   0 100   0   0   0   0  1.60 0.41
  134 L   -3 -3 -4 -4 -3  4 -3 -5 -3 -1  5 -3  0 -2 -4 -3 -3 -4 -3 -1    0   0   0   0   0  25   0   0   0   0  75   0   0   0   0   0   0   0   0   0  0.99 0.29
  135 L   -2  0 -5 -5 -3 -4 -4 -5 -5  1  0 -4 -1 -2 -4 -4 -2 -5 -3  6    0   6   0   0   0   0   0   0   0   3   6   0   0   1   0   0   0   0   0  84  1.11 0.31
  136 R   -4  1 -1  8 -6 -2 -1 -4 -3 -5 -6 -1 -5 -6 -4 -2 -3 -6 -5 -5    0   8   0  89   0   0   0   0   0   0   0   3   0   0   0   0   0   0   0   0  1.79 0.37
  137 S   -1 -4 -1 -4 -2 -3 -3 -4 -4  4  0 -3  0 -2 -3  0  1 -4 -3  4    1   0   3   0   0   0   0   0   0  29   2   0   2   0   0   9  10   0   0  45  0.58 0.20
  138 R   -4  8 -3 -4 -6 -1 -2 -5 -1 -5 -4  1 -4 -5 -4 -3 -3 -5 -4 -5    0  97   0   0   0   0   0   0   1   0   0   2   0   0   0   0   0   0   0   0  2.00 0.41
  139 K   -3 -4 -4 -4 -5 -3 -3 -4 -4 -5 -5  1 -5 -6  8 -3 -1 -6 -5 -5    0   0   0   0   0   0   0   0   0   0   0  10   0   0  88   0   3   0   0   0  2.40 0.41
  140 V   -2 -4 -5 -5 -3 -4 -4 -5 -1  4  0 -4 -1 -2 -4 -3 -1 -5 -3  6    0   0   0   0   0   0   0   0   2  22   2   0   0   0   0   0   1   0   0  73  1.07 0.28
  141 F   -3 -1 -5 -5 -3 -4 -4 -5 -3  0  5 -3  0  3 -5 -4 -3 -2  3 -1    0   4   0   0   0   0   0   0   0   0  69   0   0  16   0   0   0   0  10   0  0.85 0.24
  142 Y   -3 -2 -2 -1 -5  0  6 -4  2 -3 -2 -2  5 -3 -3 -2 -3 -4  1 -3    0   0   0   1   0   0  63   0   6   1   3   0  22   0   0   0   0   0   5   0  1.03 0.31
  143 S   -2 -3  3 -1 -4 -2 -3  5  1 -4 -5 -2 -4 -4 -3  1 -2 -4 -3 -4    0   0  18   2   0   0   0  61   5   0   0   1   0   0   0  12   0   0   0   0  1.00 0.24
  144 Q   -2  1  0 -2 -4  3 -1 -3 -2 -1 -2  5 -1 -4 -3 -1  0 -4 -3 -1    0   3   4   0   0  15   0   0   0   3   4  58   1   0   0   1   7   0   0   5  0.68 0.23
  145 W   -1 -2 -2  1 -4  0  4 -3 -2 -3 -2  0 -3 -3  3 -1  1  4 -1 -3    2   0   0   9   0   1  39   0   0   0   3   4   0   0  19   1  10   8   1   1  0.62 0.19
  146 R   -2  2 -3 -3  0  4 -2 -4 -1  1  3 -1  2 -1 -4 -3 -2 -1 -2 -1    0  11   0   0   2  27   0   0   1   6  42   0   5   2   0   0   0   1   1   2  0.46 0.19
  147 I   -3 -2 -2  1 -5  0  5 -4 -2  0 -3 -1  0 -4  4 -2 -2 -5 -4 -3    0   0   0   7   0   2  56   0   0   8   0   0   3   0  23   1   0   0   0   0  0.93 0.26
  148 F   -4 -5 -5 -6 -2 -5 -6 -5 -4 -2  0 -5  0  9 -6 -5 -4 -1  1 -3    0   0   0   0   1   0   0   0   0   0   4   0   1  94   0   0   0   0   0   0  2.10 0.41
  149 S   -2  1 -2 -2 -4  4  0 -3 -1 -4 -4  6 -3 -5 -3  1 -2 -4 -3 -4    1   2   0   0   0  18   3   0   1   0   0  62   0   0   0  11   0   0   0   0  0.94 0.27
  150 I   -2 -4 -5 -5 -3 -4 -4 -5 -5  5  1 -4  0 -2 -4 -4 -2 -4 -3  5    0   0   0   0   0   0   0   0   0  42   8   0   0   0   0   0   0   0   0  50  0.97 0.25
  151 L   -3 -4 -5 -5 -3 -4 -5 -5 -5  6  3 -4  0 -2 -5 -4 -2 -4 -3  1    0   0   0   0   0   0   0   0   0  62  36   0   0   0   0   0   0   0   0   3  1.05 0.27
  152 N   -3  0  1 -3 -5 -1 -1 -4 -3 -5 -5  7 -4 -5 -3 -2 -3 -5 -4 -5    0   0   8   0   0   0   0   0   0   0   0  92   0   0   0   0   0   0   0   0  1.57 0.38
  153 M   -3 -4 -5 -5 -3 -3 -4 -5 -4  1  5 -4  7 -1 -5 -4 -3 -3 -3 -1    0   0   0   0   0   0   0   0   0   6  57   0  38   0   0   0   0   0   0   0  1.15 0.29
  154 K   -4 -3  2  8 -6 -2 -1 -3 -3 -5 -6  0 -5 -6 -4 -2 -3 -6 -5 -5    0   0   6  89   0   0   0   0   0   0   0   5   0   0   0   0   0   0   0   0  1.82 0.37
  155 P   -1  5 -2 -3 -4  4 -1 -3 -1 -4 -3  2 -3 -4  2 -1 -2 -4 -2 -4    5  44   0   0   0  23   1   0   1   0   1   9   0   0  12   3   0   0   1   0  0.78 0.23
  156 K   -1  4 -2 -3 -5  0  0 -3 -2 -4 -4  6 -3 -5 -1 -1 -2 -5 -4 -4    3  25   0   0   0   1   2   0   0   0   1  64   0   0   2   2   1   0   0   0  1.05 0.28
  157 I   -3  7 -3 -4 -5 -1 -2 -5 -3  1 -4  0 -3 -5 -4 -2 -3 -5 -4 -3    0  88   0   0   0   0   0   0   0  11   0   0   0   0   0   1   0   0   0   0  1.64 0.37
  158 S   -3 -3  7 -1 -4 -2 -2  3 -2 -5 -3 -2 -4 -5 -4  0 -2 -5 -4 -5    0   0  63   0   0   0   0  28   0   0   3   1   0   0   0   5   0   0   0   0  1.21 0.30
  159 N   -4 -3  8 -1 -5 -2 -3 -3 -2 -6 -6 -3 -5 -6 -4 -2 -2 -6 -5 -5    0   0 100   0   0   0   0   0   0   0   0   0   0   0   0   0   0   0   0   0  2.21 0.45
  160 I   -2 -5 -5 -5 -3 -4 -5 -5 -5  5  0 -4 -1 -2 -4 -4 -2 -5 -3  5    0   0   0   0   0   0   0   0   0  45   1   0   0   0   0   0   0   0   0  54  1.10 0.28
  161 V   -2 -5 -5 -5 -3 -4 -5 -5 -5  1 -1 -4 -1 -3 -5 -4 -2 -5 -3  7    0   0   0   0   0   0   0   0   0   0   0   0   0   0   0   0   0   0   0 100  1.58 0.38
  162 V   -2 -4 -5 -5 -3 -4 -4 -5 -5  1  1 -4  0 -3 -4 -4 -2 -5 -3  6    0   0   0   0   0   0   0   0   0   1  11   0   1   0   0   0   0   0   0  88  1.25 0.32
  163 K   -1 -2 -1 -2 -3 -2 -2 -2 -3 -5 -5  2 -4 -5 -3  6 -1 -5 -4 -4    0   0   0   0   0   0   0   0   0   0   0  11   0   0   0  89   0   0   0   0  1.28 0.36
  164 E    0  0  0  0 -1  0  1  0  0 -1  0  0  0 -1  0  0  0  0  0  0    7   5   4   5   2   4  17   6   2   5   8   5   2   3   5   6   5   1   3   6  0.04 0.00
  165 I    0  0  0  0  0  0  0  0  0  1  0  0  0  0  0  0  0  0  0  0    7   4   4   5   2   4   5   6   2  18   8   5   2   3   4   6   5   1   3   6  0.00 0.00
  166 G    0  0  0  0 -1  0  0  2  0 -1 -1  0  0 -1  0  0  0  0  0  0    7   4   4   5   2   4   5  20   2   4   8   5   2   3   4   6   5   1   3   6  0.05 0.00
  167 D    0  0  0  2 -1  0  1  0  0 -1 -1  0  0 -1  0  0  0  0  0  0    7   4   4  14   2   4   9   6   2   4   8   5   2   3   4   6   5   1   3   6  0.05 0.00
  168 G    0  0  0  0 -1  1  0  1  0 -1  0  0  0 -1  0  0  0  0  0  0    7   4   4   5   2   7   5  14   2   4   8   5   2   3   4   8   5   1   3   6  0.04 0.00
  169 K   -3  7 -2 -3 -5 -1 -2 -4 -2 -5 -4  2 -3 -5 -4 -1 -3 -5 -4 -4    0  86   0   0   0   0   0   0   0   0   0  10   0   0   0   4   0   0   0   0  1.64 0.34
  170 I   -3  7 -3 -4 -5 -1 -2 -4 -2  0 -2  1 -3 -4 -4 -3 -3 -5 -4 -4    0  86   0   0   0   0   0   0   0   6   4   4   0   0   0   0   0   0   0   0  1.51 0.33
  171 D    5 -3 -2  2 -2 -2 -1 -2 -3 -3 -3 -2 -3 -4 -2  0  1 -4 -3 -2   74   0   0  13   0   1   1   0   0   0   0   0   0   0   0   3   8   0   0   1  0.82 0.25
  172 Y   -2 -4 -5 -5 -3 -4 -4 -5 -4  2 -1 -4 -1 -2 -4 -3 -2 -3  3  6    1   0   0   0   0   0   0   0   0  10   0   0   0   0   0   0   0   0  12  77  1.01 0.27
  173 F   -2 -3 -4 -4 -2 -3 -4 -4 -4  3  4 -3  3  1 -4 -1 -2 -3 -2  2    0   0   0   0   0   0   0   0   0  19  44   0  10   7   0   5   0   0   0  15  0.53 0.15
  174 S   -2 -2 -2  0 -5  0  7 -4 -2 -5 -5 -1 -3 -5 -3  1 -2 -5 -4 -4    0   0   0   0   0   1  86   0   0   0   0   1   0   0   0  12   0   0   0   0  1.41 0.32
  175 P    2 -2 -1 -1 -3  1  4 -2 -1 -3 -3  0 -3 -3  2  2  0 -4 -3 -2   21   0   1   0   0   4  34   0   1   0   1   5   0   0  12  17   4   0   0   1  0.47 0.16
  176 T    1 -2 -1 -1 -3  0  4 -1 -2 -3 -3 -1 -2 -4 -2  2  3 -4 -3 -2    9   0   1   0   0   1  39   2   0   1   0   0   0   0   0  22  23   0   0   0  0.56 0.19
  177 K   -2  4  4 -2 -4  0 -1 -2  1 -3 -2  1  2 -1 -3  0 -1 -3  2 -3    2  27  25   0   0   3   0   1   2   0   3   9   8   1   0   7   0   0  12   0  0.41 0.15
  178 S    3 -2  0 -2 -2 -1 -2  2 -2 -4 -4 -1 -3 -4  0  4  0 -4 -3 -3   24   1   2   1   0   1   0  15   1   0   0   1   0   0   5  49   2   0   0   0  0.58 0.19
  179 H    3  0 -1 -1 -3  1  4 -2  2 -3 -3  0 -3 -3 -2 -1 -1 -4 -3 -1   35   5   1   0   0   5  39   0   7   0   0   2   0   0   0   0   1   0   0   4  0.54 0.19
  180 Q   -1 -1 -2  2 -5  5  5 -3 -1 -5 -4 -1 -3 -5 -3 -2 -2 -4 -4 -4    3   0   0   9   0  33  53   1   0   0   0   0   0   0   0   0   0   0   0   1  1.06 0.27
  181 K   -3  7 -2 -3 -5 -1 -1 -4 -2 -5 -4  2 -3 -5 -4 -2 -3 -5 -4 -4    0  85   0   0   0   0   3   0   0   0   1  11   0   0   0   1   0   0   0   0  1.59 0.33
  182 Q   -1  1  0  2 -2  3  4 -2  1 -2 -2  0 -1 -2 -1 -1 -1 -2 -2 -2    2   7   1  15   1  14  35   3   3   2   3   2   1   1   2   2   2   0   1   2  0.38 0.09
  183 T    1  0  0  0 -1  0  0  0 -1  0 -1  0  0 -1  0  1  1 -1 -1  0   21   3   3   3   1   3   4   5   1   3   6   4   1   2   3   9  13   1   2   9  0.06 0.01
  184 K    1  0  0  0 -1  0  0  0 -1 -1 -1  2 -1 -1  0  1  0 -1 -1 -1   14   5   3   4   1   2   3   4   1   4   5  17   1   2   3  17   6   1   2   5  0.08 0.02
  185 Y   -1  1 -1  0 -3  2  4 -1  2 -2 -2  2 -2 -2 -1 -1 -1 -2  0 -2    5   7   2   2   0  12  36   3   6   1   3  13   1   1   1   2   1   0   3   2  0.35 0.09
  186 L   -3 -4 -5 -5 -3 -4 -4 -5 -4  2  5 -4  1 -1 -4 -4 -2 -3 -2  1    0   0   0   0   0   0   0   0   0   8  80   0   0   0   0   0   0   0   0   9  0.93 0.23
  187 G   -2 -3 -4 -4 -3 -3 -4  1 -4  2  4 -3  3 -1 -4 -3 -2 -3 -2  2    0   0   0   0   0   0   0  13   0  10  57   0   7   0   0   0   0   0   0  14  0.57 0.17
  188 A    3 -1  0  0 -3  2  3  0 -1 -3 -3  0 -2 -4 -2  1  0 -4 -3 -2   30   0   2   3   0  11  30   6   1   0   0   5   0   0   0   6   5   0   0   0  0.41 0.14
  189 K   -2  0  5 -1 -3  0  0 -1 -1 -3 -3  2 -3 -4 -3  1  2 -4 -3 -2    0   2  41   0   0   3   3   3   0   0   1  18   0   0   0  13  15   0   0   1  0.56 0.18
  190 L   -3  0 -5 -5 -3 -3 -4 -5 -4  0  6 -4  2 -1 -5 -4 -3 -3 -3 -1    0   5   0   0   0   0   0   0   0   2  89   0   4   0   0   0   0   0   0   0  1.08 0.27
  191 K   -1  0 -1 -1 -3  4  3 -3  1 -3 -3  4 -2 -4 -2 -1  0 -4 -2 -2    5   0   0   1   0  30  22   0   3   0   0  29   0   0   0   1   4   0   1   3  0.61 0.19
  192 H   -3 -2 -2  0 -6  0  7 -4  4 -5 -5 -1 -4 -5 -3 -2 -3 -5 -3 -4    0   0   0   1   0   0  86   0  12   0   0   0   0   0   0   1   0   0   0   1  1.50 0.34
  193 W   -2 -2 -2 -3 -4 -3 -4  7 -4 -4 -2 -3 -4 -4 -4 -2 -3  3 -4 -4    0   3   1   0   0   0   0  86   0   1   5   0   0   0   0   1   0   4   0   0  1.45 0.29
  194 R    1  1 -1  0 -3  5  0 -3  0 -1 -2  0  2 -3 -3  0  0 -3 -3 -2   13   7   0   4   0  46   2   0   1   3   2   2  10   0   0   7   3   0   0   1  0.51 0.18
  195 N   -1 -2  1  1 -3  0  3 -3 -1  1 -1 -1 -1 -3 -2  0  0 -4 -2  2    4   0   8   6   0   3  31   0   1  11   0   2   0   0   0   4   7   0   0  24  0.25 0.11
  196 M    0 -4 -4 -4 -2 -3 -4 -4 -4  3  1 -3  2 -2 -4 -2  0 -4 -2  5    4   0   0   0   0   0   0   0   0  11   8   0   5   0   0   0   6   0   0  65  0.66 0.18
  197 K   -2  1 -2 -1 -5  1  3 -1 -2 -4 -4  6 -3 -5 -2 -2 -2 -4 -3 -4    0   3   0   0   0   1  20   3   0   0   0  73   0   0   0   0   0   0   0   0  0.98 0.23
  198 K   -1  3  0 -1 -3  1  1 -2 -1 -3 -3  4 -1 -3 -1  0 -1 -3 -2 -2    0  20   0   0   0   0   0   0   0   0   0  80   0   0   0   0   0   0   0   0  0.51 0.00
  199 N   -2 -1  5  3 -3  0  0 -1  0 -3 -4  0 -2 -3 -2  0  0 -4 -2 -3    0   0  79  21   0   0   0   0   0   0   0   0   0   0   0   0   0   0   0   0  0.65 0.00
  200 T    1 -1  0 -1 -1 -1 -1 -1 -2 -1 -1 -1 -1 -2 -1  1  4 -3 -2  0   20   0   0   0   0   0   0   0   0   0   0   0   0   0   0   0  80   0   0   0  0.38 0.00
  201 N   -1  0  5  1 -3  1  3 -1  0 -3 -3  0 -2 -3 -2  0  0 -4 -2 -3    0   0  70   0   0   0  30   0   0   0   0   0   0   0   0   0   0   0   0   0  0.57 0.00
  202 V    0  0 -2 -2 -1 -1 -1 -3 -2  2  0  2  0 -1 -2 -1  0 -3 -1  3    0   0   0   0   0   0   0   0   0   0   0  30   0   0   0   0   0   0   0  70  0.17 0.00
  203 K   -1  2  0 -1 -3  1  1 -2 -1 -3 -3  5 -1 -3 -1  0 -1 -3 -2 -2    0   0   0   0   0   0   0   0   0   0   0 100   0   0   0   0   0   0   0   0  0.52 0.00
  204 K   -1  2  0 -1 -3  1  1 -2 -1 -3 -3  5 -1 -3 -1  0 -1 -3 -2 -2    0   0   0   0   0   0   0   0   0   0   0 100   0   0   0   0   0   0   0   0  0.52 0.00
  205 K   -1  1  3  0 -2  1  0 -1  0 -2 -2  3 -1 -3 -1  1  2 -3 -2 -2    0   0  30   0   0   0   0   0   0   0   0  46   0   0   0   0  24   0   0   0  0.32 0.00
  206 Y    0  0  3  0 -2  0  0 -1  0 -2 -2  2 -2  0 -2  2  0 -1  3 -2    0   0  24   0   0   0   0   0   0   0   0  24   0   0   0  30   0   0  23   0  0.24 0.00
  207 I    0 -2 -2 -2 -1 -2 -2 -2 -2  3  1 -2  1 -1 -2  1  0 -3 -2  2    0   0   0   0   0   0   0   0   0  70   0   0   0   0   0  30   0   0   0   0  0.18 0.00
  208 F   -2 -3 -3 -4 -2 -3 -3 -3 -2  0  2 -3  1  6 -4 -3 -2  1  3  0    0   0   0   0   0   0   0   0   0   0  24   0   0  76   0   0   0   0   0   0  0.55 0.00
  209 S    1 -1  0 -1 -1 -1 -1 -1 -2  1 -1 -1  0 -2 -1  3  1 -3 -2  0    0   0   0   0   0   0   0   0   0  30   0   0   0   0   0  70   0   0   0   0  0.21 0.00
  210 E   -1 -1 -1  1 -4  1  4 -2 -1 -3 -3  0 -2 -4  4  0 -1 -3 -2 -3    0   0   0   0   0   0  70   0   0   0   0   0   0   0  30   0   0   0   0   0  0.77 0.00
  211 K   -1  2 -1 -1 -3  1  0 -2 -1 -1  0  4  3 -2 -1 -1 -1 -3 -2 -1    0   0   0   0   0   0   0   0   0   0   0  70  30   0   0   0   0   0   0   0  0.27 0.00
  212 V    0 -3 -3 -3 -1 -2 -3 -3 -3  3  1 -2  1 -1 -3 -2  0 -3 -1  4    0   0   0   0   0   0   0   0   0   0   0   0   0   0   0   0   0   0   0 100  0.35 0.00
  213 P   -1 -2 -2 -2 -3 -2 -2 -3 -2 -2 -2 -2 -2  3  7 -1 -1 -2  0 -2    0   0   0   0   0   0   0   0   0   0   0   0   0  30  70   0   0   0   0   0  1.25 0.00
  214 T    0 -1  0 -1 -1 -1 -1 -2 -2 -1 -1 -1 -1 -2 -1  1  5 -3 -2  0    0   0   0   0   0   0   0   0   0   0   0   0   0   0   0   0 100   0   0   0  0.47 0.00
  215 T    0 -1  0 -1 -1 -1 -1 -2 -2 -1 -1 -1 -1 -2 -1  1  5 -3 -2  0    0   0   0   0   0   0   0   0   0   0   0   0   0   0   0   0 100   0   0   0  0.47 0.00
  216 K   -1  1  0 -1 -2  3  1 -2 -1 -2 -2  3 -1 -3 -1  0  2 -3 -2 -2    0   0   0   0   0  30   0   0   0   0   0  47   0   0   0   0  24   0   0   0  0.35 0.00
  217 K   -1  2  0 -1 -3  1  1 -2 -1 -3 -3  5 -1 -3 -1  0 -1 -3 -2 -2    0   0   0   0   0   0   0   0   0   0   0 100   0   0   0   0   0   0   0   0  0.52 0.00
  218 T    0 -1  0 -1 -1 -1 -1 -2 -2 -1 -1 -1 -1 -2 -1  1  5 -3 -2  0    0   0   0   0   0   0   0   0   0   0   0   0   0   0   0   0 100   0   0   0  0.47 0.00
  219 K   -1  4  0 -1 -3  1  1 -2 -1 -3 -3  4 -1 -3 -1  0 -1 -3 -2 -2    0  24   0   0   0   0   0   0   0   0   0  76   0   0   0   0   0   0   0   0  0.51 0.00
  220 Q   -1  1  0  0 -3  6  2 -2  0 -3 -2  1  0 -3 -1  0 -1 -2 -2 -2    0   0   0   0   0 100   0   0   0   0   0   0   0   0   0   0   0   0   0   0  0.65 0.00
  221 G    1 -1  0 -1 -1  0 -1  3 -1 -3 -3  0 -2 -3 -1  4  1 -3 -2 -2    0   0   0   0   0   0   0  23   0   0   0   0   0   0   0  77   0   0   0   0  0.42 0.00
  222 F   -2 -3 -3 -4 -2 -3 -3 -4 -2  1  3 -3  1  5 -3 -3 -2  0  2  0    0   0   0   0   0   0   0   0   0   0  54   0   0  46   0   0   0   0   0   0  0.42 0.00
  223 K   -1  2  0 -1 -3  1  1 -2 -1 -3 -3  5 -1 -3 -1  0 -1 -3 -2 -2    0   0   0   0   0   0   0   0   0   0   0 100   0   0   0   0   0   0   0   0  0.52 0.00
  224 H   -2  3  0 -1 -3  1  0 -2  7 -3 -3  0 -2 -2 -2 -1 -2 -3  1 -3    0  30   0   0   0   0   0   0  70   0   0   0   0   0   0   0   0   0   0   0  0.64 0.00
  225 L   -2 -2 -4 -4 -1 -2 -3 -4 -3  2  4 -3  2  0 -3 -3 -1 -2 -1  1    0   0   0   0   0   0   0   0   0   0 100   0   0   0   0   0   0   0   0   0  0.45 0.00
  226 G    0 -2  0 -1 -3 -2 -2  6 -2 -4 -4 -2 -3 -3 -2  0 -2 -3 -3 -3    0   0   0   0   0   0   0 100   0   0   0   0   0   0   0   0   0   0   0   0  1.04 0.00
  227 P   -1 -2 -2 -1 -2 -1 -1 -2 -2 -2 -3 -1 -2 -3  7  0  2 -4 -3 -2    0   0   0   0   0   0   0   0   0   0   0   0   0   0  76   0  24   0   0   0  1.43 0.00
  228 K   -1  2  0 -1 -3  1  1 -2 -1 -3 -3  5 -1 -3 -1  0 -1 -3 -2 -2    0   0   0   0   0   0   0   0   0   0   0 100   0   0   0   0   0   0   0   0  0.52 0.00
  229 P   -1 -2 -2 -2 -3 -1 -1 -2 -2 -3 -3 -1 -3 -4  8 -1 -1 -4 -3 -3    0   0   0   0   0   0   0   0   0   0   0   0   0   0 100   0   0   0   0   0  2.04 0.00
  230 L   -1 -1 -2 -2 -2  2 -1 -3 -2  1  3 -1  2  0 -2 -2 -1 -2 -1  0    0   0   0   0   0  30   0   0   0   0  70   0   0   0   0   0   0   0   0   0  0.25 0.00
  231 A    4 -2 -2 -2  0 -1 -1  0 -2 -1 -2 -1 -1 -2 -1  1  0 -3 -2  0  100   0   0   0   0   0   0   0   0   0   0   0   0   0   0   0   0   0   0   0  0.40 0.00
  232 Y   -2  3 -2 -3 -3 -1 -1 -3  1 -2 -1  0 -1  2 -3 -1 -2  1  6 -2    0  30   0   0   0   0   0   0   0   0   0   0   0   0   0   0   0   0  70   0  0.56 0.00
  233 T    0 -1  0 -1 -1 -1 -1 -2 -2 -1 -1 -1 -1 -2 -1  1  5 -3 -2  0    0   0   0   0   0   0   0   0   0   0   0   0   0   0   0   0 100   0   0   0  0.47 0.00
  234 E   -1  0  0  2 -4  2  5 -2  0 -3 -3  1 -2 -3 -1  0 -1 -3 -2 -3    0   0   0   0   0   0 100   0   0   0   0   0   0   0   0   0   0   0   0   0  0.73 0.00
  235 K   -1  2  0  0 -3  2  3 -2 -1 -3 -3  4 -2 -3 -1  0 -1 -3 -2 -2    0   0   0   0   0   0  30   0   0   0   0  70   0   0   0   0   0   0   0   0  0.47 0.00
  236 K   -1  2  0 -1 -2  1  0 -2 -1 -2 -2  4 -1 -3 -1  0  2 -3 -2 -2    0   0   0   0   0   0   0   0   0   0   0  70   0   0   0   0  30   0   0   0  0.35 0.00
  237 R   -2  5  0 -2 -3  1  0 -2  5 -3 -2  2 -2 -2 -2 -1 -1 -3  0 -3    0  70   0   0   0   0   0   0  30   0   0   0   0   0   0   0   0   0   0   0  0.58 0.00
  238 E   -1  0  0  2 -4  2  5 -2  0 -3 -3  1 -2 -3 -1  0 -1 -3 -2 -3    0   0   0   0   0   0 100   0   0   0   0   0   0   0   0   0   0   0   0   0  0.73 0.00
  239 T    0 -1  3  0 -1  0 -1 -1 -1 -1 -2 -1 -1 -3 -1  1  4 -3 -2 -1    0   0  30   0   0   0   0   0   0   0   0   0   0   0   0   0  70   0   0   0  0.39 0.00
  240 T    0 -1  0 -1 -1 -1 -1 -2 -2 -1 -1 -1 -1 -2 -1  1  5 -3 -2  0    0   0   0   0   0   0   0   0   0   0   0   0   0   0   0   0 100   0   0   0  0.47 0.00
  241 K   -1  2  0  0 -3  2  3 -2 -1 -3 -3  4 -2 -3 -1  0 -1 -3 -2 -2    0   0   0   0   0   0  30   0   0   0   0  70   0   0   0   0   0   0   0   0  0.47 0.00
  242 Q   -1  3  0 -1 -3  5  1 -2  0 -3 -2  2 -1 -3 -2  0 -1 -2 -2 -2    0  30   0   0   0  70   0   0   0   0   0   0   0   0   0   0   0   0   0   0  0.56 0.00
  243 S    1 -1  1  0 -1  0  0  0 -1 -3 -3  0 -2 -3 -1  4  1 -3 -2 -2    0   0   0   0   0   0   0   0   0   0   0   0   0   0   0 100   0   0   0   0  0.45 0.00
  244 T    0 -1  0 -1 -1 -1 -1 -2 -2 -1 -1 -1 -1 -2 -1  1  5 -3 -2  0    0   0   0   0   0   0   0   0   0   0   0   0   0   0   0   0 100   0   0   0  0.47 0.00
  245 K    0  1  0 -1 -2  1  0 -2 -1 -2 -2  4 -1 -3 -1  1  3 -3 -2 -1    0   0   0   0   0   0   0   0   0   0   0  63   0   0   0   0  37   0   0   0  0.34 0.00
  246 N   -2  0  6  1 -3  0  0  0  1 -3 -4  0 -2 -3 -2  1  0 -4 -2 -3    0   0 100   0   0   0   0   0   0   0   0   0   0   0   0   0   0   0   0   0  0.72 0.00
  247 N   -2  0  6  1 -3  0  0  0  1 -3 -4  0 -2 -3 -2  1  0 -4 -2 -3    0   0 100   0   0   0   0   0   0   0   0   0   0   0   0   0   0   0   0   0  0.72 0.00
  248 V    0 -3 -3 -3 -1 -2 -3 -3 -3  3  1 -2  1 -1 -3 -2  0 -3 -1  4    0   0   0   0   0   0   0   0   0   0   0   0   0   0   0   0   0   0   0 100  0.34 0.00
  249 F   -1 -2 -1 -2 -2 -2 -2 -2 -1 -1  0 -2  0  5 -2  2  0  0  2 -1    0   0   0   0   0   0   0   0   0   0   0   0   0  63   0  37   0   0   0   0  0.34 0.00
  250 Q   -1  5  0 -1 -3  3  1 -2  0 -3 -2  2 -1 -3 -2 -1 -1 -3 -2 -3    0  68   0   0   0  32   0   0   0   0   0   0   0   0   0   0   0   0   0   0  0.60 0.00
  251 L   -2 -2 -4 -4 -1 -2 -3 -4 -3  2  4 -3  2  0 -3 -3 -1 -2 -1  1    0   0   0   0   0   0   0   0   0   0 100   0   0   0   0   0   0   0   0   0  0.45 0.00
  252 K   -1  4  0 -1 -3  1  1 -2 -1 -3 -2  4 -1 -3 -1  0 -1 -3 -2 -3    0  37   0   0   0   0   0   0   0   0   0  63   0   0   0   0   0   0   0   0  0.53 0.00
  253 D   -2 -2  1  6 -4  0  2 -1 -1 -3 -4 -1 -3 -4 -2  0 -1 -5 -3 -3    0   0   0 100   0   0   0   0   0   0   0   0   0   0   0   0   0   0   0   0  0.93 0.00
  254 Q   -1  1  0  0 -3  6  2 -2  0 -3 -2  1  0 -3 -1  0 -1 -2 -2 -2    0   0   0   0   0 100   0   0   0   0   0   0   0   0   0   0   0   0   0   0  0.65 0.00
  255 G    0 -2  0 -1 -3 -2 -2  6 -2 -4 -4 -2 -3 -3 -2  0 -2 -3 -3 -3    0   0   0   0   0   0   0 100   0   0   0   0   0   0   0   0   0   0   0   0  1.04 0.00
  256 Q   -1  5  0 -1 -3  3  1 -2  0 -3 -2  2 -1 -3 -2 -1 -1 -3 -2 -3    0  68   0   0   0  32   0   0   0   0   0   0   0   0   0   0   0   0   0   0  0.60 0.00
  257 G    2 -2 -1 -2 -2 -1 -2  5 -2 -3 -3 -1 -2 -3 -2  0 -1 -3 -3 -2   37   0   0   0   0   0   0  63   0   0   0   0   0   0   0   0   0   0   0   0  0.62 0.00
  258 K   -1  4  0 -1 -3  1  1 -2 -1 -3 -2  4 -1 -3 -1  0 -1 -3 -2 -3    0  37   0   0   0   0   0   0   0   0   0  63   0   0   0   0   0   0   0   0  0.53 0.00
  259 S    0 -1  4  1 -2  0  0  0  0 -3 -3  0 -2 -3 -1  3  1 -3 -2 -2    0   0  50   0   0   0   0   0   0   0   0   0   0   0   0  50   0   0   0   0  0.45 0.00
  260 L    0 -1 -1 -2 -1 -1 -1 -2 -2  0  2 -1  1 -1 -2  2  0 -2 -1  0    0   0   0   0   0   0   0   0   0   0  50   0   0   0   0  50   0   0   0   0  0.17 0.00
  261 V   -1 -3 -3 -3 -1 -3 -3 -4 -3  4  1 -3  1 -1 -3 -2  0 -3 -1  3    0   0   0   0   0   0   0   0   0  50   0   0   0   0   0   0   0   0   0  50  0.34 0.00
  262 F   -2 -3 -3 -4 -2 -3 -3 -4 -2  1  3 -3  1  5 -3 -3 -2  0  2  0    0   0   0   0   0   0   0   0   0   0  50   0   0  50   0   0   0   0   0   0  0.43 0.00
  263 V   -1 -2 -3 -4 -1 -2 -3 -4 -3  2  3 -3  2  0 -3 -2 -1 -2 -1  3    0   0   0   0   0   0   0   0   0   0  50   0   0   0   0   0   0   0   0  50  0.32 0.01
  264 D   -2 -2  1  6 -3  0  1 -1 -1 -3 -4 -1 -3 -3 -1  0 -1 -4 -3 -3    0   0   0   0   0   0   0   0   0   0   0   0   0   0   0   0   0   0   0   0  0.00     0.00
  265 V    0 -2 -3 -3 -1 -2 -2 -3 -3  2  1 -2  1 -1 -2 -2  0 -3 -1  4    0   0   0   0   0   0   0   0   0   0   0   0   0   0   0   0   0   0   0   0  0.00     0.00
  266 L   -1 -2 -3 -4 -1 -2 -3 -4 -3  1  4 -2  2  0 -3 -2 -1 -2 -1  1    0   0   0   0   0   0   0   0   0   0   0   0   0   0   0   0   0   0   0   0  0.00     0.00
  267 T    0 -1  0 -1 -1 -1 -1 -2 -2 -1 -1 -1 -1 -2 -1  1  4 -2 -2  0    0   0   0   0   0   0   0   0   0   0   0   0   0   0   0   0   0   0   0   0  0.00     0.00
  268 Q   -1  1  0  0 -3  5  2 -2  0 -3 -2  1  0 -3 -1  0 -1 -2 -1 -2    0   0   0   0   0   0   0   0   0   0   0   0   0   0   0   0   0   0   0   0  0.00     0.00
  269 S    1 -1  1  0 -1  0  0  0 -1 -2 -2  0 -1 -2 -1  4  1 -3 -2 -2    0   0   0   0   0   0   0   0   0   0   0   0   0   0   0   0   0   0   0   0  0.00     0.00
  270 S    1 -1  1  0 -1  0  0  0 -1 -2 -2  0 -1 -2 -1  4  1 -3 -2 -2    0   0   0   0   0   0   0   0   0   0   0   0   0   0   0   0   0   0   0   0  0.00     0.00

                      K         Lambda
Standard Ungapped    0.1350     0.3194
Standard Gapped      0.0462     0.2670
PSI Ungapped         0.1515     0.3119
PSI Gapped           0.0462     0.2670
