
Last position-specific scoring matrix computed, weighted observed percentages rounded down, information per position, and relative weight of gapless real matches to pseudocounts
           A  R  N  D  C  Q  E  G  H  I  L  K  M  F  P  S  T  W  Y  V   A   R   N   D   C   Q   E   G   H   I   L   K   M   F   P   S   T   W   Y   V
    1 M   -1 -1 -2 -3 -2  0 -2 -3 -2  1  2 -1  6  0 -3 -2 -1 -2 -1  1    0   0   0   0   0   0   0   0   0   0   0   0 100   0   0   0   0   0   0   0  0.33 0.00
    2 F   -2 -3 -3 -4 -3 -3 -3 -3 -1  0  0 -3  0  6 -4 -3 -2  1  3 -1    0   0   0   0   0   0   0   0   0   0   0   0   0 100   0   0   0   0   0   0  0.73 0.00
    3 E   -1  0  0  2 -4  2  5 -2  0 -3 -3  1 -2 -3 -1  0 -1 -3 -2 -3    0   0   0   0   0   0 100   0   0   0   0   0   0   0   0   0   0   0   0   0  0.73 0.00
    4 K   -1  2  0 -1 -3  4  1 -2  0 -3 -2  4 -1 -3 -1  0 -1 -3 -2 -2    0   0   0   0   0  44   0   0   0   0   0  56   0   0   0   0   0   0   0   0  0.49 0.00
    5 N   -1  3  2  0 -3  3  1 -2  0 -3 -3  2 -1 -3 -2  0 -1 -3 -2 -3    0  28  19   0   0  33   0   0   0   0   0  19   0   0   0   0   0   0   0   0  0.44 0.01
    6 G    2 -2 -1 -2 -2 -2 -2  5 -2 -3 -3 -1 -2 -3 -2  0 -1 -3 -3 -2   33   0   0   0   0   0   0  67   0   0   0   0   0   0   0   0   0   0   0   0  0.67 0.01
    7 R   -1  6 -1 -2 -4  1  0 -2  0 -3 -2  3 -2 -3 -2 -1 -1 -3 -2 -3    0  77   0   0   0   0   0   0   0   0   0  23   0   0   0   0   0   0   0   0  0.70 0.02
    8 T    0 -1  4  0 -2  0 -1 -1  0 -2 -3  0 -2 -3 -2  2  3 -3 -2 -2    0   0  48   0   0   0   0   0   0   0   0   0   0   0   0  23  30   0   0   0  0.43 0.02
    9 L    1 -2 -1 -2 -1 -1 -1 -2 -2  0  1 -1  0 -1 -2  1  3 -2 -2  0   23   0   0   0   0   0   0   0   0   0  30   0   0   0   0   0  48   0   0   0  0.22 0.01
   10 L   -1 -2 -2 -3 -1 -2 -2 -3 -2  1  4 -2  2  0 -2  1  0 -2 -1  0    0   0   0   0   0   0   0   0   0   0  77   0   0   0   0  23   0   0   0   0  0.28 0.02
   11 A    3 -1 -1 -2 -1 -1 -1 -1 -2 -1 -2 -1 -1 -2 -1  1  3 -3 -2  0   52   0   0   0   0   0   0   0   0   0   0   0   0   0   0   0  48   0   0   0  0.34 0.02
   12 K    1  1  0 -1 -2  1  0 -1 -1 -3 -3  4 -2 -3 -1  2  0 -3 -2 -2   15   0   0   0   0   0   0   0   0   0   0  61   0   0   0  24   0   0   0   0  0.37 0.03
   13 R   -1  5  0 -2 -3  0  0 -2 -1 -3 -2  1 -2 -3 -2  2  1 -3 -2 -2    0  69   0   0   0   0   0   0   0   0   0   0   0   0   0  22   9   0   0   0  0.56 0.04
   14 K   -1  2 -1 -1 -3  1  0 -2 -1 -3 -3  4 -2 -3  4  0 -1 -3 -2 -3    0  10   0   0   0   0   0   0   0   0   0  58   0   0  23   9   0   0   0   0  0.57 0.03
   15 T   -1  2  3  0 -2  0 -1 -2  0 -2 -2  1 -1 -2 -2  0  3 -2  1 -1    0  13  29   0   0   0   0   0   0   0   0   9   0   0   0   0  41   0   8   0  0.31 0.03
   16 Q    0  2 -2 -2 -2  1 -1 -2 -2  1  1  0  0 -1 -2  0 -1 -3 -2  0   13  26   0   0   0   8   0   0   0  21  24   0   0   0   0   9   0   0   0   0  0.12 0.02
   17 G   -1  1  1 -1 -3  0  0  2 -1 -3 -3  4 -2 -4  3  0  0 -3 -3 -3    0   0   6   0   0   0   0  19   0   0   0  50   0   0  19   0   6   0   0   0  0.46 0.05
   18 T   -1  2  0 -1 -2  2  0 -2 -1 -2 -2  0 -1 -3 -2  1  4 -3 -2 -1    0  18   0   0   0  19   0   0   0   0   0   0   0   0   0  12  51   0   0   0  0.39 0.05
   19 I   -1  0  0 -2 -2  0 -1 -2 -2  1  0 -1  0 -2  4  0  0 -3 -2  1    0   6   7   0   0   6   0   0   0  12   7   0   0   0  25   8   7   0   0  19  0.27 0.02
   20 K   -1  4  0  2 -3  1  0 -2 -1 -3 -3  3 -2 -3 -2  1 -1 -3 -2 -3    0  41   0  15   0   7   0   0   0   0   0  21   0   0   0  16   0   0   0   0  0.47 0.05
   21 T   -1  2  1 -1 -2  1 -1 -2 -1 -2 -2  0 -2 -3  3  1  3 -3 -2 -2    0  21   5   0   0  10   0   0   0   0   0   0   0   0  17  11  36   0   0   0  0.41 0.05
   22 R   -1  5 -1 -2 -3  0 -1 -3 -1 -3 -2  1 -2 -3 -2  0  3 -3 -2 -2    0  64   0   0   0   0   0   0   0   0   0   0   0   0   0   0  36   0   0   0  0.65 0.09
   23 A    0  2 -1 -1 -2  0  2  2 -1 -1 -2  1  0 -3 -2  0  1 -3 -2 -1    5  17   0   0   0   0  21  21   0   5   0   5   6   0   0   5  15   0   0   0  0.20 0.03
   24 S    0  1  2 -1 -2  0 -1  3 -1 -3 -3  1 -2 -3 -2  1  2 -3 -2 -2    0  11  10   0   0   0   0  26   0   0   0  15   0   0   0  10  27   0   0   0  0.31 0.04
   25 K    0  1  0 -1 -3  1  2 -2 -1 -2  0  4 -1 -3 -2  0 -1 -3 -2 -2    6   0   5   0   0   5  15   0   0   0  15  48   0   0   0   5   0   0   0   0  0.28 0.05
   26 K    1  1  2  0 -2  0  1 -1 -1 -3 -3  3 -2 -3 -1  2  0 -3 -2 -2   17   6  15   0   0   0   5   0   0   0   0  31   0   0   0  26   0   0   0   0  0.31 0.04
   27 I    1  2 -1 -2 -2 -1 -1 -2 -2  2 -1  0 -1 -2 -2  2  1 -3 -2  0   13  21   0   0   0   0   0   0   0  25   0   0   0   0   0  36   5   0   0   0  0.19 0.05
   28 R    0  3  0  0 -2  0 -1  1 -1 -2  0  1 -1 -2 -2 -1 -1 -3 -2 -2   13  30   6   6   0   0   0  16   0   0  16  11   0   0   0   0   0   0   0   0  0.17 0.03
   29 K    1  1  2 -1 -3  0  0 -1 -1 -3 -3  4 -2 -3  1  0  0 -4 -2 -2   17   0  15   0   0   0   0   0   0   0   0  56   0   0   6   0   5   0   0   0  0.39 0.06
   30 M   -1  0 -2 -3 -2  2 -1 -3 -2  0  2  0  5 -1  0 -1  0 -2 -2  0    4   4   0   0   0  15   0   0   0   0  20   4  38   0   4   0   5   0   0   6  0.23 0.06
   31 E    0  1 -1  0 -3  0  2  3 -1 -4 -3  3 -2 -4 -2  0 -1 -3 -3 -3    4   4   0   4   0   0  22  29   0   0   0  36   0   0   0   0   0   0   0   0  0.42 0.06
   32 G    1  0 -1 -1 -3  2 -1  4 -2 -3 -3  1  0 -3 -2  0 -1 -3 -3 -3    9   4   0   0   0  14   0  48   0   0   0  14   4   0   0   6   0   0   0   0  0.46 0.06
   33 T    1 -2  0 -1 -2 -1 -1 -2 -2 -2 -2 -1 -2 -3  4  2  3 -3 -2 -1    8   0   4   0   0   0   0   0   0   0   0   0   0   0  23  27  38   0   0   0  0.54 0.07
   34 L   -2  1 -1 -3 -2 -1 -2 -3 -2  0  3  0  1 -1  3 -2 -1 -3 -2  0    0  14   5   0   0   0   0   0   0   0  54   4   0   0  18   0   0   0   0   4  0.33 0.06
   35 E    1 -1 -1 -1 -2  2  1  0 -1  1 -1 -1 -1 -2 -2  2  1 -3 -2  0   12   0   0   0   0  14  12   4   0  18   0   0   0   0   0  22  13   0   0   4  0.15 0.04
   36 R   -1  4  0  2 -3  2  0  2 -1 -3 -3  1 -2 -3 -2  0  0 -3 -2 -3    0  41   0  14   0  14   0  18   0   0   0   0   0   0   0   8   4   0   0   0  0.41 0.06
   37 H   -2 -1  2  0 -3  1  3 -2  6 -3 -1  0 -2 -2 -2 -1 -1 -3  0 -3    0   0  15   0   0   5  33   0  36   0   9   0   0   0   0   0   0   0   0   0  0.49 0.07
   38 S   -1 -2 -2 -2 -2 -1 -2 -3  4  0  3 -2  1  1 -2  0 -1 -2  0  0    1   0   0   0   0   0   0   1  19   0  55   0   0   8   0  12   0   0   0   0  0.26 0.06
   39 L    0 -1 -1 -2 -2  2 -1 -2 -1  0  2 -1  0 -1 -2  1  1 -2 -2  1    1   0   0   0   0  21   0   1   0   0  27   0   0   0   0  19  13   0   0  15  0.14 0.04
   40 L   -1  0 -2 -3 -2  1 -1 -3 -2  1  2 -1  1  2 -3 -1 -1 -2  0  2    0   6   0   0   0  15   0   0   0   0  37   0   0  15   0   5   0   0   0  21  0.17 0.04
   41 Q   -1  0  0  2 -3  5  2  0 -1 -4 -3  0 -2 -4 -2  1 -1 -3 -2 -3    0   0   0  14   0  59   5   8   0   0   0   0   0   0   0  14   0   0   0   0  0.57 0.09
   42 F   -1 -1 -2 -2 -2  0 -1 -3 -2  1  3  1  1  2 -2  0 -1 -2 -1  0    0   0   0   0   0   4   0   0   0   4  44  15   0  12   0  15   0   0   0   4  0.14 0.04
   43 G    0 -1  2  0 -3  0  2  4 -1 -3 -3 -1 -2 -3 -2  1 -1 -3 -3 -3    4   0  15   0   0   4  19  47   0   0   0   0   0   0   0   9   0   0   0   0  0.48 0.05
   44 Q   -1  1  2  0 -3  3  1 -2  4 -3 -3  3 -2 -3 -2  0 -1 -3 -1 -3    0   0  15   0   0  24   4   0  16   0   0  32   0   0   0   6   0   0   0   0  0.41 0.06
   45 L   -1 -3 -3 -3 -2 -2 -3 -3  2  2  2 -3  0  2 -1 -2 -1 -2  0  3    0   0   0   0   0   0   0   0   9  10  17   0   0  14   3   0   0   0   0  45  0.28 0.07
   46 S    2  1  0 -1 -2  3  0 -1  1 -3 -2  0 -2 -3  0  3  1 -3 -2 -2   21  10   0   0   0  20   0   0   3   0   0   0   0   0   3  36   5   0   0   0  0.32 0.08
   47 K   -1  2 -2 -2 -2  0  1 -3 -2  0  2  1  0 -1 -2  0 -1 -3 -2  0    0  16   0   0   0   3   9   0   0   3  41  15   0   0   0   9   0   0   0   3  0.17 0.06
   48 I   -1  0 -2 -2  0  0 -1 -3  0  1  1  2  0  2  1 -1 -1 -2 -1  0    3   4   0   0   3   3   0   0   3  12  25  21   0  13   6   3   3   0   0   0  0.09 0.04
   49 S   -1 -1  1  2 -3  3  0 -2 -1 -3 -3  0 -2 -1  2  3  0 -3 -2 -3    0   0   7  13   0  28   0   0   0   0   0   0   0   3   9  39   0   0   0   0  0.42 0.10
   50 F   -1 -1 -2 -2 -2 -1 -2 -3  1  1  1  0  0  4 -1  0 -1  0  3 -1    0   0   0   0   0   3   0   0   3   9  12   9   0  28   3  15   0   0  15   0  0.22 0.07
   51 E    1 -1  0  0 -2  2  0 -1  2 -2 -2  0 -1 -3  1  3  1 -3 -2 -2   12   0   0   6   0  17   3   0   6   0   3   4   0   0   5  33   8   0   0   0  0.26 0.07
   52 N    0  1  2  0 -2  2  0 -1 -1 -3 -3  0 -2 -3  2  2  1 -3 -2 -2    3  11  17   3   0  12   1   1   0   0   1   1   0   0  12  28   8   0   0   1  0.32 0.07
   53 R    1  1  1  0 -2  2  2 -1 -1 -2 -1  0 -1 -3 -2  2  1 -3 -2 -2   11   8   8   3   0  11  15   0   0   0   9   0   0   0   0  27   5   0   0   0  0.21 0.06
   54 P   -1 -1  0  1 -3 -1  1 -2  0 -3 -3  0 -3 -4  6  1 -1 -4 -3 -3    3   3   3   8   0   0  10   1   2   0   1   3   0   0  51  10   3   0   0   1  0.93 0.13
   55 S    0  1 -1 -2 -2 -1  1 -2 -2 -1  2  0  0  1 -2  1  1 -2 -1 -1   11   8   0   0   0   0  10   0   0   0  33   8   0   6   0  16   8   0   0   0  0.11 0.06
   56 S    0 -1  1 -1 -2 -1  1  0 -2 -3 -3  0 -2  0  2  3  1 -3 -2 -2    5   0   6   0   0   0  11   7   0   0   0   7   0   6  13  34  11   0   0   0  0.30 0.09
   57 N    0 -1  3  2 -3  1  0 -1  2 -3 -2  0 -2 -3  1  1  1 -3 -2 -2    7   0  25  14   0   7   0   3   7   0   4   6   0   0   6  12   8   0   0   0  0.28 0.08
   58 V    1 -1 -1  0  2 -1 -1  1  1 -1 -2  1 -1  3 -2  1 -1 -2  0 -1   14   0   0   6   7   0   0   9   6   3   0  11   0  19   0  20   0   0   0   4  0.13 0.08
   59 A    1 -1  1  1 -2  1 -1 -1 -1 -1  0 -1 -1  1  1  2  1 -2  1  0   11   0   6   9   0   9   0   2   0   0   9   0   0   7   6  20   8   0   6   6  0.10 0.05
   60 S    1 -2 -1 -2 -2 -1 -2 -1 -2 -2  0 -2 -2  0  3  4  0 -3 -2 -1    8   0   0   0   0   0   0   2   0   0  10   0   0   6  19  52   0   0   0   2  0.45 0.15
   61 S    0 -1  2 -1 -2 -1  1 -2  2 -1  0 -1 -1 -2 -2  2  2 -3 -2  0    5   0  16   0   0   0  11   0   7   0  12   0   0   0   0  28  13   0   0   6  0.21 0.09
   62 A    1  4  1 -2  1  0  0  0 -1 -2 -1  0 -2 -3 -1  0 -1 -3 -2 -1   16  38  10   0   5   0   6   6   0   0   7   0   0   0   2   6   0   0   0   3  0.27 0.10
   63 F   -1  0  0 -3 -3 -3 -3 -3 -2  1 -1 -2 -1  6 -1  0 -2 -1  1 -1    6   5   7   0   0   0   0   0   0  12   2   0   0  52   3  12   0   0   0   0  0.48 0.16
   64 Q    0 -1  1 -1 -3  4  2 -1 -1 -2 -2 -1  1 -2  2  1 -1 -3  1 -2    5   0   7   0   0  30  13   5   0   3   0   0   6   0  13  10   0   0   8   0  0.34 0.13
   65 G   -1 -1  3  1 -3  2  1  1 -1 -2 -1  0 -1 -2 -2  1  0 -3  0 -2    2   0  21   6   0  11  10  12   0   0  10   4   0   0   0  16   2   0   5   2  0.20 0.08
   66 L    1 -1  0 -3  3 -2 -1 -2 -3  1  2 -2  0 -2  0 -1  0 -3 -2  0   21   5   6   0  10   0   3   0   0   6  36   0   0   0   5   0   6   0   0   2  0.18 0.10
   67 L   -2 -3 -3 -3 -2 -2  0 -3 -2  1  3 -2  0  1  3  1 -1 -2  1 -1    0   0   0   0   0   0   7   0   0   9  37   0   0   8  19  14   0   0   6   0  0.33 0.12
   68 D   -1  0  0  5 -4  2  2 -3 -2 -3 -2 -1 -2  0  0  0  0 -3 -2 -3    2   5   0  41   0  11  15   0   0   0   5   0   0   7   5   4   4   0   0   0  0.46 0.14
   69 S    1 -2 -1 -2 -2 -1  0 -1 -2 -4 -4  0 -3 -4 -1  5  0 -4 -3 -3    9   0   0   0   0   0   4   2   0   0   0   5   0   0   2  76   3   0   0   0  0.78 0.25
   70 D   -1 -1  1  1 -4  3  3 -2 -1 -4 -4  0 -3 -3  3  0 -1 -3  0 -3    4   0   7   7   0  18  30   2   0   0   0   2   0   0  18   6   0   0   5   0  0.52 0.15
   71 S    2  0 -1  0 -2  0  1  2 -2 -1  0 -1 -1 -2  0  0  0 -3 -2  0   21   7   0   6   0   2  13  17   0   2  10   0   0   0   4   5   4   0   0   7  0.12 0.06
   72 S    1 -1  1  0 -2 -1  0 -1 -2 -1 -2  1 -2 -3  3  2  0 -4 -3 -1    9   0   8   5   0   0   5   2   0   6   0  15   0   0  18  21   6   0   0   5  0.29 0.09
   73 E   -1  0  0  1 -3  2  1  0 -1 -3 -3  0 -2  0  3  1  1 -3  0 -2    0   6   4   7   0  17  11   6   0   0   0   0   0   5  17  10  12   0   4   0  0.30 0.10
   74 L    0  0 -1 -2 -2  0 -2 -2 -2  0  1 -1  0  1  2  0  1  4  0 -1    8   8   2   0   0   4   0   0   0   6  21   0   0   7  10   6  16   8   2   0  0.16 0.08
   75 R   -2  3  0 -1 -3  1  0 -3  2 -1 -2  1  1 -3  4 -1 -1 -3 -2 -1    0  23   5   2   0   6   6   0   7   4   0  10   6   0  23   2   0   0   0   4  0.42 0.12
   76 N   -1 -2  2  0 -3 -1  0  0 -2 -3 -3 -1 -3 -4  5  1  2 -4 -3 -2    2   0  10   5   0   0   3   9   0   0   2   3   0   0  29  15  20   0   0   2  0.54 0.17
   77 Q    1  1  2 -1  1  3  0 -2 -1 -1 -1 -1  1 -2  2  0 -1 -3 -2 -2   12   9  14   0   4  26   5   0   0   4   7   0   4   2   9   4   0   0   0   0  0.25 0.15
   78 L    0  1  2 -2 -2  0 -1 -2  1  0  1 -1 -1  0 -1  1  1 -3 -2 -1   10   9  14   0   0   3   0   0   5   5  19   0   0   4   2  14  13   0   0   0  0.12 0.10
   79 G   -1 -2 -1  0  3  0 -1  2  3 -2 -2 -2 -2  0  3  2  0 -3 -2 -1    0   0   0   6   8   5   2  18   9   2   2   0   0   5  15  19   5   0   0   4  0.27 0.13
   80 S    0 -2  0  0 -2  0 -1  0 -2 -2  1 -2 -1 -3  4  2  2 -4 -3 -1    3   0   4   5   0   5   0   5   0   0  18   0   0   0  22  22  13   0   0   1  0.35 0.15
   81 A    1 -1  0 -1 -2 -1  1  0 -2 -1 -1 -1  1  1  1  1  1 -3 -2  1    9   2   4   1   0   0  10   5   0   0   2   0   7   8   7  17  13   0   0  14  0.12 0.10
   82 D   -1  2  2  4 -4  0  1 -2  0 -3 -3 -1  1 -4  3 -1 -2 -4 -3 -3    4  13  10  32   0   4   9   0   2   0   0   0   7   0  15   0   0   0   0   0  0.51 0.18
   83 S    3 -2  0 -1 -2  1 -1 -2 -2  1  0 -2 -1  1 -2  1 -1 -3 -2  1   33   0   5   2   0   7   2   0   0   9   6   0   0   7   0  14   0   0   0  13  0.17 0.13
   84 D   -1 -1  1  4 -3  3  2 -2  0 -3 -2  0 -2 -3 -2  0  1 -3  0 -2    2   0   5  36   0  15  13   0   2   0   2   4   0   0   0   4   8   0   4   2  0.46 0.17
   85 A    1 -1 -1  1  1  0  3 -1 -2  0 -1 -1 -2 -3  2  0 -1 -3 -3 -1   13   3   0   6   4   0  32   5   0   7   4   0   0   0  11   8   2   0   0   3  0.25 0.12
   86 N    0 -1  3  2 -3  3  1 -2 -1  0 -2 -1 -2 -3 -1  0  2 -3 -2 -1    9   0  21  12   0  17   5   1   0   7   1   0   0   0   3   6  15   0   0   3  0.28 0.14
   87 C    0  0 -1  0  2  0 -1  0 -2 -1  0 -1  1 -1  1  1  1 -3 -2  0    4   8   0   6   7   4   0   8   0   0   5   0   8   3   7  16   9   0   0  12  0.08 0.08
   88 G   -1 -2  1  2 -3  1  2  1 -2  0 -3 -1 -2 -3  2  1 -1  2 -2 -2    2   0   8  16   0   5  19  11   0  10   1   0   0   0  11  10   0   4   0   0  0.28 0.12
   89 E   -2 -2 -1  4 -4  0  5 -3 -2  1 -1 -1 -2 -3 -2 -1 -2 -4 -3 -1    1   0   0  28   0   0  44   1   0  12   5   1   0   0   0   2   1   0   0   4  0.62 0.22
   90 K   -2  4 -2 -2 -4  0 -1 -1 -2 -3 -2  4  2 -3  1 -2 -2 -3 -3 -1    1  32   0   0   0   0   1   4   0   0   1  39   9   0   6   1   1   0   0   4  0.61 0.23
   91 D   -2 -3  0  6 -3 -2 -1  2 -2 -3 -2 -2 -3  0  0 -1 -2 -3 -3 -3    1   1   2  54   0   1   1  18   0   1   5   1   0   6   6   4   1   0   0   1  0.69 0.21
   92 F    0 -2  0 -2  5 -1  0  1 -2 -2  0  0 -1  3 -2  0 -1 -2 -1 -2    5   1   7   1  19   1   6  13   0   1   9   9   0  20   1   5   1   0   1   1  0.23 0.12
   93 I   -1  0 -2 -2 -2 -2  0 -3 -2  4  0 -2 -1 -1  0  1  0  3 -2  2    1   6   1   1   0   1   6   1   0  42   1   1   0   1   4  13   4   5   1  11  0.27 0.15
   94 L    0 -1 -2 -2 -2 -1 -1 -2 -2  1  3 -1  2  0  2  0 -1 -2 -1  0    7   1   1   1   0   3   2   2   1   6  39   4   5   4   9   9   2   0   1   2  0.17 0.08
   95 S    0 -1 -1  0 -2  1  0 -1 -2 -2 -2 -1 -2 -2 -1  4  3 -3 -2 -2    2   1   1   3   0   5   4   2   1   1   2   1   1   1   1  49  20   0   1   2  0.47 0.18
   96 Q   -1  1 -1 -1 -3  6  1 -2 -1 -3 -2  0 -2 -3 -2  1 -1 -2 -2 -2    2   8   1   1   0  56   6   2   1   1   2   1   1   1   1  11   1   0   1   2  0.75 0.23
   97 D   -2 -1  0  5 -3  2  3 -2 -1 -3 -3  0 -2 -3 -2  0 -1 -3 -2 -3    2   1   1  43   0  11  18   2   1   1   2   6   1   1   1   5   1   0   1   2  0.59 0.16
   98 F    0 -2 -2 -1 -2 -2  0 -2 -2  0  1 -2  0  5 -2  0  0 -1  0 -1    7   1   1   5   0   1   6   2   1   6  15   1   1  36   1   6   8   0   1   2  0.25 0.11
   99 F   -1  0 -2 -2 -2 -1 -2 -2 -1  0 -1  0  1  5 -2  0 -1  0  2 -1    3   6   1   2   1   1   2   2   1   5   3   7   4  40   2  10   2   0   5   2  0.33 0.11
  100 C   -1 -3 -2 -2  8 -2 -2  1 -2 -2 -1 -2 -2  0  1 -1 -2 -2 -2 -2    2   1   1   1  45   1   2  14   1   1   7   2   1   4   9   5   2   0   1   2  0.81 0.20
  101 T    0 -2 -1 -2 -2 -2  0 -1 -2 -2 -3 -2 -2 -3 -2  3  5 -3 -3 -2    5   1   1   1   0   1   5   5   0   1   1   1   0   0   1  25  53   0   0   1  0.70 0.28
  102 P   -1 -3 -3  0 -4 -3 -2 -3 -3 -4 -4 -2 -4 -4  8  0 -2 -4 -4 -3    4   1   1   5   0   1   1   1   0   1   1   1   0   0  74   8   1   0   0   1  1.80 0.39
  103 D   -3 -3  2  7 -4  0  0 -3 -2 -4 -3 -2 -4 -4 -1 -2 -2 -4 -4 -4    1   1   8  73   0   3   3   1   0   1   4   1   0   0   2   1   1   0   0   1  1.27 0.37
  104 Y   -3 -1 -3 -4 -4  1 -1 -4  1 -2 -2 -3  1  5 -1 -3 -3  2  7 -1    1   3   0   0   0   8   3   1   3   0   1   0   4  23   4   1   0   2  43   3  0.94 0.33
  105 I   -1 -3 -1 -3  1 -3 -3 -3 -1  4  2 -3  2 -1 -3 -1 -1  1 -2  2    4   1   3   1   4   0   1   1   2  32  19   1   6   0   1   4   1   3   0  18  0.36 0.18
  106 T   -2 -3 -2 -1 -3 -3 -3 -4 -4 -4 -4  0 -3 -5 -3  3  7 -5 -4 -3    0   0   0   2   0   0   0   0   0   0   0   5   0   0   0  20  71   0   0   0  1.34 0.53
  107 P   -3 -5 -4 -1 -5 -4 -4 -5 -5 -5 -5 -4 -5 -6  8  1 -3  3 -5 -5    0   0   0   4   0   0   0   0   0   0   0   0   0   0  81   9   0   4   0   0  2.31 0.64
  108 D   -3  1  0  5 -4  2  3 -3 -2 -3 -2  1 -3 -4 -1 -2 -2 -5 -4  1    0   8   2  34   0   9  21   0   0   0   4   7   0   0   3   0   0   0   0  11  0.57 0.28
  109 N    1  1  2  3 -3  1  1 -2 -2 -3 -2  0  0 -4  0  1 -1 -4 -3 -2   14  10  14  18   0   7   8   1   0   0   2   5   3   0   5   8   2   0   0   2  0.28 0.17
  110 Q   -1  0  0 -2 -4  5  0 -3  1 -3 -2  0 -1 -2  3  0  1 -3 -3 -3    3   3   4   1   0  38   3   1   3   0   3   5   2   2  16   6  10   0   0   1  0.59 0.29
  111 N    1 -1  1  1  0  3  0 -2  1 -3 -2  0 -2  0  3  0 -2 -3 -1 -1   12   3   9  10   2  20   2   0   3   0   2   3   0   4  17   5   0   0   2   4  0.31 0.19
  112 L   -2 -2 -1  2 -3 -2 -2 -3  0  1  2 -1  1  1  0 -1  0 -3  0  1    0   0   2  13   0   0   0   0   2   7  28   5   5   7   6   5   4   0   3  12  0.16 0.14
  113 M    1 -2 -2  0  2  0  1  0 -2 -1  1 -1  3  0 -2  0  1 -3 -2 -1   15   0   0   6   5   5  11   8   0   1  13   2  11   4   1   4  11   0   0   2  0.11 0.13
  114 S   -1 -1  3  1  2  0  1 -2  2 -2 -2  0 -2 -1  0  1  1 -3  0 -1    2   2  22   6   5   3   9   1   5   1   3   5   0   2   5  12   8   0   3   6  0.21 0.14
  115 G    1 -1  1  1 -3 -1  1  3 -2 -3 -3 -2 -3 -3 -2  2  0 -3 -3 -2    9   3   5   8   0   1  12  29   0   1   1   1   0   0   1  21   6   0   0   2  0.38 0.19
  116 L   -1 -2 -2 -2 -1 -1  0  2 -1 -2  0 -2 -1  4  1  0 -2  2  0 -1    4   2   1   1   1   3   7  17   2   1  11   1   0  27   8   6   1   3   2   3  0.25 0.17
  117 D   -1  0  1  5 -3  0  2 -2 -2 -3 -2 -1  0 -3 -2  0  0 -3  0 -3    4   5   5  38   0   2  15   1   0   1   5   1   3   1   1   7   6   0   4   1  0.47 0.22
  118 I    0 -2  0  1  3 -1  0  0 -2 -1  0 -1 -1  1  0  2  0 -2 -1 -2    8   1   3   8   9   2   5   7   0   3   9   3   0   9   5  20   6   0   1   1  0.11 0.10
  119 S   -1 -1  2  3 -3  1  1 -2 -2 -2  0  0 -2 -3  0  2  0  1 -2 -2    1   2  11  21   0   6   6   1   0   1  10   6   0   1   5  18   4   2   1   3  0.24 0.15
  120 K    0  0 -1 -2  0  1 -1 -1 -2 -3 -3  5  0 -3 -2  0  0 -3 -3 -3    6   2   2   1   2   7   3   5   0   1   2  49   3   1   1   7   6   0   1   1  0.54 0.25
  121 D    0  0 -1  2  0  0  4 -2  0 -2 -2 -1 -2 -2 -1  1 -1  2 -2 -2    5   6   1  11   3   1  34   2   2   3   4   1   0   2   3  15   1   3   1   3  0.33 0.19
  122 H   -2 -1  5  1  1 -1 -1  0  1 -3 -2  0 -2 -3  1  1 -1 -3 -1 -3    2   2  35   5   4   2   3   7   4   1   3   7   0   1   6  13   1   0   2   1  0.42 0.21
  123 S    0  1 -1 -2 -1  1  0 -1 -2  2  0 -1 -1  1 -2  1  0 -2 -1  0    4   9   3   1   1   8   8   4   0  17   7   1   0   8   1  14   6   0   1   6  0.07 0.10
  124 P   -1  1 -2 -3 -3  0 -2 -3  1 -3 -3  1  0 -3  6  0 -1 -4 -1 -2    3   9   1   1   0   4   1   1   4   1   2  10   3   1  43   7   4   0   3   2  0.84 0.31
  125 C   -1 -4 -2 -2  9 -1 -4 -1 -4 -3  1 -1 -3 -2  0 -3 -2 -4 -1  0    6   0   2   2  43   3   0   6   0   0  15   3   0   1   6   0   2   0   2   8  0.99 0.41
  126 P    0 -4  0 -4 -2 -1 -2 -4 -4 -3 -2 -1 -1 -5  7  0 -2 -5 -4 -4    7   0   5   0   1   2   2   1   0   2   5   3   1   0  61   7   2   0   0   0  1.42 0.51
  127 R    0  3  2  0 -4  1  2 -1 -1 -3 -3  3  1 -4 -1  0  0 -4 -3 -2    6  15  12   3   0   7  13   4   1   0   0  20   5   0   3   5   4   0   0   3  0.32 0.21
  128 S   -1 -3 -2 -3  0 -2 -3 -3 -1 -3 -1 -1 -3 -1 -2  5  4 -5 -4 -1    3   0   0   0   2   1   0   0   2   0   5   2   0   3   2  45  29   0   0   4  0.80 0.45
  129 P   -5 -3 -6 -6 -1 -2 -5 -6 -6 -3 -5 -5 -6 -7  8 -5  0 -8 -7 -6    0   1   0   0   2   2   0   0   0   2   1   0   0   0  86   0   6   0   0   0  2.70 0.92
  130 V    0 -1 -2  0  3  1  3 -3  0 -1  0  0 -2 -4  0 -1  0 -4 -3  1    8   2   0   3   8   7  27   1   2   3  10   6   0   0   5   2   5   0   0  11  0.26 0.22
  131 K   -1  1 -1  0 -1  4 -1 -2  1 -2 -2  4 -3 -4 -3 -1  2 -4 -2 -3    4   6   2   6   2  19   2   2   4   2   3  30   0   0   0   3  13   0   1   0  0.49 0.32
  132 L   -1  0 -2 -2 -3  0 -1 -2 -3 -2  1 -2 -1  0  4  2 -1 -3  0  0    4   5   2   2   0   5   2   1   0   1  18   1   1   5  22  17   3   0   3   7  0.32 0.22
  133 N    0 -2  2  1 -3  1 -2 -1 -1 -4 -3  0 -3 -2  1  4  2 -4 -1 -3    6   1  10   8   0   5   1   3   1   0   3   4   0   2   6  36  10   0   2   0  0.42 0.30
  134 T   -2 -4  0 -3  0 -3 -1 -3 -1 -4 -2 -1 -2 -5  5  2  4 -5 -4  0    2   0   4   0   2   0   3   2   1   0   3   3   1   0  33  15  24   0   0   6  0.82 0.43
  135 V    1 -2 -2 -3  1  0 -2 -2  2  1  1  0 -1 -3  3  1  1 -4 -1  0   10   0   0   0   3   4   0   1   6   8  15   6   0   0  14  12   8   0   1   8  0.21 0.18
  136 K   -1  4  0 -2 -4  0 -2 -2  0 -2 -2  4 -3  0  2  1 -1 -4 -3 -3    3  23   4   1   0   3   0   3   2   2   3  25   0   4  10   9   4   0   0   1  0.45 0.29
  137 S   -1  2 -1 -1 -1 -2 -2  1  2  0 -1  0 -2 -3 -1  3  2 -4 -3 -2    2  11   2   3   1   0   1   9   6   7   7   4   0   0   3  28  13   0   0   2  0.27 0.24
  138 K   -2  1  0  1 -5  1 -2 -1 -2 -4 -4  6 -4 -1 -2  0 -2 -1 -4 -2    2   5   3   9   0   5   0   4   1   0   1  49   0   4   2   8   2   1   0   3  0.70 0.40
  139 R   -2  6 -2 -1 -5 -1 -2 -2 -3 -4 -1  2 -3 -1 -1 -1 -1 -4 -4 -3    3  51   1   4   0   2   1   3   0   0   7  10   0   3   3   3   4   0   0   2  0.86 0.43
  140 C   -1  1  0 -2  2  0 -2 -2  0 -1  1 -1  0  0  3  1  1  0  0 -1    2   7   3   1   6   4   1   3   3   2  15   4   2   4  14  11  11   1   4   3  0.15 0.15
  141 R   -3  7 -4 -2 -6 -2 -3 -3 -1 -1 -1  1 -4 -3 -1  1 -1 -6 -3 -5    1  57   0   3   0   1   1   2   1   4   7   5   0   1   3   9   3   0   1   0  1.07 0.55
  142 Q   -1  2 -1 -1 -3  1  0 -1  2 -2  1 -1  1  1  1  1  1 -3 -1 -2    4  12   2   3   0   7   4   6   6   1  14   2   5   7   6  11   9   0   2   1  0.11 0.15
  143 E   -1 -1 -1  3 -3  1  1 -1 -1 -2 -1  1 -1 -1  1  0  0  0 -2 -1    5   3   2  18   0   6   9   5   1   2   8  11   1   3   8   7   5   2   1   4  0.16 0.14
  144 S   -1 -1  0  0  4  1  1 -1  0 -1  0 -1 -1 -1  0  1  0 -3  0  0    3   2   4   6  10   6   9   4   2   1  10   1   1   2   3  16   6   0   4   8  0.11 0.13
  145 F    0  0  0  0 -3 -1 -1 -3  0  1  0 -1 -1  0  2  2  1 -3  1  0    5   6   4   5   0   2   2   0   2   9  10   2   1   4  10  19   9   0   5   6  0.13 0.14
  146 T   -2 -1 -1 -4 -4 -1 -2 -3 -2 -2  2 -2  0  0  4  2  1 -4 -3 -1    2   3   3   0   0   3   2   1   1   1  24   2   2   3  25  16   7   0   0   4  0.47 0.32
  147 G    0  1  0  0 -3 -1 -1  2  0 -1 -2  1 -1 -3  2  1  0 -4 -3  0    8   9   5   5   0   2   2  17   3   3   4   8   1   0   9  11   5   0   0   8  0.16 0.14
  148 N    0 -1  1  2 -1  0 -1  0  1 -1 -1  0  0  0  0  2  1 -4 -3 -1    5   2   8  13   1   3   1   6   4   2   4   5   3   4   5  18  11   0   0   5  0.14 0.16
  149 H    0  1 -2 -2 -4 -3 -2 -1  0 -2  0  0 -3 -4  4  2  1 -5  1 -4    7   7   1   2   0   0   2   5   2   2   9   5   0   0  25  21   9   0   5   0  0.47 0.33
  150 S   -1  0 -1  1 -2 -1  0  0 -2 -1  1  0  0 -2  3  1  0 -4 -2 -2    4   5   2   9   1   2   6   6   1   3  19   4   3   1  13  14   7   0   2   1  0.15 0.16
  151 N    0  1  1  0 -4 -1  0  0  0 -2 -2  0  0 -3  2  3  1  1 -1 -2    4   8   5   5   0   1   6   7   2   1   2   4   3   0  10  25   8   2   2   2  0.23 0.22
  152 S   -1 -3  0  0 -1  0 -1 -3 -4 -3 -3  0 -2 -5  5  2  3 -6 -3 -3    3   1   4   6   1   5   2   1   0   1   2   5   1   0  31  14  20   0   1   1  0.70 0.42
  153 T    0  0  0  2 -2  0  2 -2  1 -1 -1 -1 -2 -3  1  1  2 -4 -1 -1    5   4   2  13   1   4  12   2   4   3   7   3   0   0   6  13  14   0   2   5  0.18 0.18
  154 W   -2  0 -1 -3  1 -2  0 -3 -3  0  2  0  1  2  0  0 -2 -1  0  0    1   5   4   0   4   1   6   1   0   5  28   6   3  11   6   9   1   1   2   7  0.18 0.19
  155 S   -1 -1  0 -1  2 -2 -1 -1  0 -2 -2 -2 -2  0  3  4  0 -2 -4 -1    3   4   4   2   4   1   4   4   2   2   4   1   1   5  15  34   4   1   0   4  0.38 0.31
  156 S    0  0  0  2 -3  1 -1  1  0 -2 -2  0  1  1 -1  2 -1 -3  0 -3    9   4   3  11   0   6   1  13   2   2   4   5   5   6   3  19   3   0   3   0  0.16 0.18
  157 K   -1  1 -1  2  0  1  0 -2 -1 -2 -1  1 -1 -3  3  1  0 -4 -2 -2    5   9   2  15   2   7   4   2   2   2   8   9   2   1  14   9   4   0   1   2  0.23 0.19
  158 H   -1  1 -2 -1 -4  3  1 -1  3 -3 -2  1 -2 -1  0  3 -1 -4 -1 -3    5   7   1   3   0  14   9   3   9   1   3   9   1   3   4  23   2   0   2   1  0.32 0.27
  159 R   -2  3 -1 -2 -1  4  1  0  3 -3 -3  0 -1 -5  3  0 -2  1 -4 -4    1  18   2   1   1  22   7   6   7   2   2   6   2   0  13   7   1   2   0   0  0.52 0.35
  160 V   -1  2 -1 -2 -2 -2 -2 -2  0  1  2 -2 -2 -2  2  1  0 -4 -3  1    2  12   3   2   1   1   2   2   2   7  20   1   0   1  12  13   7   0   0  12  0.20 0.20
  161 D    0  0 -1 -1  1 -1 -2 -2  3  0  0 -1 -1  0  1  0  0  0  0  2    6   4   2   4   4   3   1   2  11   3  11   3   1   5   7   5   7   1   3  17  0.11 0.14
  162 E    0  0  0  0  0 -1  1 -2  0  1 -1  1  1 -2  2  0 -1 -4 -3  0    7   5   4   6   2   1  13   1   3   8   3  12   4   1  11   7   3   0   0   7  0.13 0.13
  163 Q   -1  2  1 -2 -3  3  0 -2 -2 -1  1  0 -2 -2  0  1  1 -4 -3  0    3  11   6   1   0  15   6   2   0   3  13   4   0   1   5  13   8   0   0   9  0.18 0.20
  164 E   -1 -1 -2 -3  0  1  0  1 -1 -1 -1  0 -2  1  4 -1  0  0 -3  0    3   3   1   0   2   7   7  12   2   4   7   6   0   6  22   4   7   1   0   7  0.26 0.20
  165 N   -1  1  3  0 -2  1  0 -1 -2 -3 -2  1 -1  1  1  0  1 -4 -3 -1    4   6  19   4   1   8   5   5   0   0   4   8   2   8   7   6   8   0   0   4  0.21 0.20
  166 D   -2  1 -1  3 -4 -1  1  2 -1 -2 -2  0  0 -2  0  2  0 -4 -2 -3    1   9   2  16   0   2  10  15   1   2   3   5   3   2   5  18   5   0   1   0  0.27 0.23
  167 D    0  1  2  1  0  0  0 -1  3 -2 -1  1  0 -1  0  1  0 -4 -2 -2    6   6   9   8   2   3   4   3  10   1   6   8   3   3   5  15   6   0   0   2  0.15 0.15
  168 I   -1 -2 -3 -1 -2 -1 -1 -1 -3  1  2 -1  0  2  2  1  0 -3 -2  0    4   1   0   3   1   2   4   4   0   9  20   4   2  12  10  11   7   0   0   5  0.15 0.15
  169 D   -1 -1  0  1 -4  2  0  2  0 -4 -2  0 -1 -2  3  1  0 -4 -3 -3    5   3   4   7   0  13   4  15   2   0   4   6   1   2  17  10   6   0   0   1  0.31 0.23
  170 T    0  0 -1 -1  0  0 -1  0 -3  0  0  0  0 -1 -1  3  2 -3 -1 -1    5   6   1   3   2   5   2   7   0   5   9   5   3   3   3  26  12   0   2   4  0.15 0.17
  171 D   -1  1  3  2 -4 -2  2 -2 -2 -4 -3  0 -2 -2  0  2  0 -4 -2 -2    4   6  16  14   0   0  15   2   1   0   3   5   1   2   5  17   5   0   1   2  0.34 0.24
  172 E    0  1 -1  1 -1  0  1  0 -1 -1 -1  0  0  0  0  1  0 -1 -1  0    5   9   2   7   1   4  13   7   1   4   5   6   2   5   4  12   4   1   1   7  0.06 0.07
  173 V   -1  0 -1 -2  0 -2 -2  0 -3  0  1 -1  2  1  0  2  1 -3 -1  1    3   6   3   1   2   1   2   7   0   4  12   3   7   6   5  17   7   0   1  13  0.09 0.13
  174 M    0  2  0 -1 -1  1  0 -1  0  0 -1  1  1 -1 -1  0  0 -3 -2  0    8  11   4   3   1   7   4   5   2   5   6  12   6   3   2   8   7   0   0   6  0.07 0.09
  175 G    0  1  0  0 -2  0  0  1  1  0 -2  0 -2 -1  3  1  1  0 -2 -1    5   8   5   4   0   5   4  10   4   7   3   4   0   4  13   9  10   1   0   3  0.14 0.13
  176 D   -1  1  0  2 -5  1  3 -3 -3 -2 -1  2 -3  0  3  0 -1 -5 -4 -3    3   6   4   9   0   7  18   1   0   2   5  11   0   4  17   8   2   0   0   1  0.38 0.27
  177 K   -2  3 -1 -2 -5  2  1 -2  0 -4 -2  4 -2 -2  1  0 -1 -5 -2 -3    2  18   3   2   0   9   7   3   2   0   3  29   1   2   6   7   4   0   1   1  0.49 0.33
  178 L   -1  0  0 -1 -1 -2 -1 -1 -1  1  1 -1  0  1  4 -1  0 -3  0  0    4   7   5   2   1   1   4   4   2   7  13   2   3   6  19   5   4   0   3   8  0.18 0.15
  179 Q    0  1  0 -2 -1  1 -1 -2 -1 -1  0  0 -2 -2  2  2  2 -4 -1 -1    7   9   5   1   1   8   2   3   1   3   8   6   1   1   9  19  12   0   2   4  0.17 0.18
  180 A    1  0 -1 -2 -2 -3 -1  0 -1 -1 -3 -2 -1 -2  5  2  1 -5 -2 -1   10   7   2   2   1   0   3   6   1   5   2   2   2   2  26  15   9   0   1   5  0.41 0.28
  181 N    0  0  2 -1 -1  0 -1 -1 -1 -2 -1  0 -2 -2  3  2  1 -5 -2 -2    5   6  12   2   1   4   2   4   1   2   7   5   1   2  16  18   9   0   1   1  0.28 0.23
  182 Q    0  3  0 -1  1  1  1 -1  0 -3 -2  1 -2  0  2  0  0 -4 -3 -2    7  17   5   2   3   8   9   4   2   1   4   8   0   4  10   7   6   0   0   2  0.21 0.18
  183 T   -1  1 -1 -1 -4  1  0  0  1 -2 -1  2 -2  0  2  1  1 -4 -1 -2    4   6   3   3   0   7   6   6   3   1   7  13   0   4  12  13   8   0   1   2  0.18 0.17
  184 E    0  2 -1 -1 -4  0  1 -2  0 -3 -2  3 -2 -1  1  1  1  1 -2 -2    9   9   1   3   0   3  10   2   2   0   4  20   1   3   8  10  10   2   1   3  0.25 0.22
  185 R    1  2  0  0 -4  1  0 -1  1 -3 -2  0 -2 -2  2  1  1 -4 -2 -3   10  14   5   4   0   8   6   4   4   1   3   6   1   1   9  13   9   0   1   1  0.23 0.20
  186 T   -2  1  0 -2 -2  2  0  0 -1 -2 -3  0 -3 -2  4  2  1 -5 -2 -1    1  10   4   2   1   9   5   7   1   2   2   4   0   2  20  16  10   0   1   5  0.35 0.27
  187 G    1 -1  2 -2 -4 -1 -2  3 -3 -3 -3 -2 -1 -3  3  2  0 -4 -4 -2   12   3  12   1   0   2   1  22   0   1   3   2   2   1  13  16   6   0   0   2  0.40 0.27
  188 Y   -1  0 -1 -1  0 -2 -2 -2  3 -1 -1 -1  1  2  2  0  0 -2  4 -1    3   6   3   3   2   0   2   3   8   4   6   4   5   8  10   8   5   0  16   3  0.21 0.18
  189 V    0  1 -1 -1  1  0 -1 -1 -2  0  0 -1  0  0 -1  1  1 -1 -1  1    5  10   3   2   4   5   4   4   0   4   8   2   2   6   3  11  11   1   1  15  0.06 0.11
  190 S    0  2 -1 -1 -4  0 -2 -1  0 -2 -1 -1 -1  0  3  3  0 -4 -2 -2    5  11   2   2   0   3   2   4   2   1   8   3   1   4  15  26   6   0   1   2  0.31 0.26
  191 Q    1  1 -1 -2 -1  3  1 -2  3 -3 -2  1 -2 -2  1  0  1 -4 -3 -2   12   8   3   1   2  15   7   2   7   1   4  10   0   2   8   7   7   0   0   3  0.24 0.21
  192 A    2  1  0 -1 -2  0 -1  1  2 -2 -2  0 -1 -1 -1  3 -1 -2 -2 -3   18   9   4   3   0   3   4   9   4   2   3   5   1   3   2  25   3   0   1   1  0.25 0.22
  193 A    1  2 -1 -3 -1 -2 -2  0 -2 -3  1  0 -1 -2  2  2 -1 -4 -1 -1   14  15   2   0   1   1   2   8   1   0  13   6   1   2   9  17   3   0   2   3  0.21 0.21
  194 V    0  2  0 -2 -3  2 -1  0  0  0  0  1 -2 -1  0 -1  1 -1 -1  1    7  12   5   1   0  10   3   6   2   5   8   8   0   2   5   3  10   1   2  10  0.09 0.12
  195 A    1  1  0 -1 -3 -1 -2  1 -2 -2 -1  1 -2 -3  2  2  0 -4 -3 -1   13  10   3   4   0   2   0  11   1   2   7   9   1   0  10  16   6   0   0   4  0.18 0.17
  196 L    0  2 -2 -3 -1 -2 -2 -3  0  0  3 -1  2  0  0 -2 -1 -4 -2  1    9  11   1   1   1   1   3   1   3   3  34   4   4   4   4   2   2   0   1   9  0.26 0.22
  197 R   -1  5  1 -3  3  0 -2 -1 -1 -4 -1 -1 -2  0  1  2 -2 -4 -1 -3    4  31   7   1   8   3   2   4   2   0   6   2   1   4   7  14   1   0   2   2  0.45 0.32
  198 C    0  2 -1 -2  4  0  0 -2 -1 -1 -1  0 -1 -3  0  2  0 -1 -2 -1    7  11   2   2  11   3   6   2   1   3   7   6   1   0   4  22   6   1   1   3  0.22 0.20
  199 R   -1  4  1 -2 -3  2 -1  0  1 -3 -2  0 -1 -3  0  1  0 -2 -1 -2    4  24   6   2   0  11   1   7   4   1   3   5   2   1   5  13   5   1   2   3  0.30 0.24
  200 A    1  0 -1  0 -1  0 -1 -1 -2  0  0  0  0 -1  0  1  1 -3 -2  1   16   4   3   4   1   5   3   4   1   6   8   6   3   2   4  13   8   0   0  10  0.07 0.09
  201 M    0  0 -1 -1  0  0  0  0  0 -1 -1  1  2 -1  2  1  0 -3 -2  0    5   6   3   3   2   4   7   6   3   2   6   7   8   3  10  12   5   0   0   7  0.09 0.10
  202 P   -1  0  0 -2  1  0 -2  0 -1 -2 -2 -2  0 -3  5  3  0 -4 -4 -3    5   4   5   2   3   4   2   7   1   2   4   1   2   1  27  21   5   0   0   1  0.48 0.30
  203 P   -2  2 -2 -2 -4  0 -2 -2 -1 -3 -2  1  0 -2  5  0  0 -5 -4 -1    3  12   1   2   0   5   2   2   1   1   4  10   2   2  35   6   5   0   0   5  0.65 0.35
  204 P   -1 -1 -2 -1 -5  0 -1 -2 -1 -3 -3 -2  0 -1  6  1  0 -2 -4 -1    4   4   2   4   0   4   4   3   2   1   2   2   2   2  44   9   5   1   0   4  0.86 0.42
  205 C    1 -1 -1 -3  7 -1 -2 -2  0 -1 -1 -1 -2  0  2  1 -1 -4 -3 -2   13   4   4   1  23   3   3   2   2   3   7   4   1   5  11   9   4   0   0   2  0.45 0.27
  206 L    1 -1 -1 -2 -2 -1 -1  0  0  1  0  0  1  0  2  0  0 -2  0  0   17   3   3   2   0   1   2   8   2   9   7   5   4   5  10   9   4   0   3   7  0.08 0.09
  207 K    0  3 -2 -2 -4  1 -1  0 -1 -1 -2  2 -3 -2  0  1  0 -1 -1 -1    7  20   1   1   0   6   2   7   1   3   4  16   0   2   4  14   4   1   2   5  0.24 0.21
  208 N    0  1  3  0 -4  0 -2  0  0 -2 -1  1 -1 -3  2  1 -1 -4 -3 -1    8   8  19   5   0   4   1   7   3   2   5   7   2   1  11  11   3   0   0   3  0.23 0.19
  209 P    2 -2 -1 -1  0 -2 -3 -3 -3 -1 -2  0  3 -3  5  2 -2 -5 -2 -1   18   2   3   4   2   1   1   1   0   3   3   5   8   1  27  15   2   0   2   4  0.52 0.33
  210 Y   -1  0 -1 -3 -2 -1 -2 -1  1 -1 -1 -1 -1  4  0  1  1  2  2 -1    5   7   2   1   1   3   2   4   3   4   5   4   1  18   4  11  12   3   8   3  0.20 0.18
  211 V   -1  0  0 -1  1 -1  0 -2  0  0  1  0  1 -2  1  1  0 -3 -2  0    5   4   4   3   3   1   7   1   2   5  20   5   3   1   8  12   7   0   0   8  0.09 0.11
  212 L   -2  1  0 -1 -2 -1 -1 -1  0  0  2  2  0  2  1 -2 -1 -3 -1  1    0   6   6   3   1   2   3   5   2   4  21  15   2   9   7   2   2   0   1   9  0.12 0.15
  213 N    0  2  1  2  0  0  0  1 -1 -4 -2  1 -2 -4 -2  2  0 -3 -4 -3    9  10   7  12   3   2   6  10   1   0   4   7   1   0   2  19   5   0   0   1  0.24 0.20
  214 Q    0  1  1  2 -3  2  1  0  1 -3 -2  1 -1 -3 -1  1 -1 -2 -3 -3   10   9   5  14   0  12   8   8   4   2   3   7   2   1   2  10   4   0   0   0  0.22 0.18
  215 S    0 -2  1  1 -3  1  0 -1  3 -3 -2 -1 -1 -2  2  2  0 -4  1 -2    7   1   8   7   0   7   6   4   7   1   5   2   1   1  10  20   6   0   4   2  0.23 0.20
  216 E   -1  0  0  1  0  3  3 -3 -2 -3  0  0 -1  0  0  0  1 -4 -3 -3    5   4   4   6   2  13  22   1   1   1   9   3   2   5   4   8  11   0   0   1  0.27 0.23
  217 T    0  0 -1  0 -3  0  1  1 -1 -1 -2  0  0 -2  2  2  0 -4 -2 -1    5   7   2   6   0   3   8  12   1   5   4   5   3   2  12  16   5   0   1   5  0.15 0.13
  218 A    1  0  1  1 -3 -1  0  0  1 -2 -1 -1 -1 -3  3  1  0 -4 -1 -3   14   4   7   9   0   2   7   6   5   2   6   3   1   1  16  10   5   0   2   0  0.22 0.17
  219 T    1  2 -1  0  2  0  0 -2 -1  0 -1  0 -1 -1 -3  1  1  2 -2  0   12  12   2   6   4   4   5   2   1   5   5   5   1   2   0  10  10   3   0   9  0.10 0.12
  220 D    0 -2  2  2 -2 -1  0  1  2 -2 -1 -2 -3 -4  0  1  2 -4 -2 -3    7   2  10  15   0   2   6  11   5   3   7   1   0   0   4  14  12   0   1   1  0.22 0.19
  221 P   -1 -1 -2 -1 -4 -1  1 -1 -3 -1 -4 -1  1 -1  6  0 -1 -5 -4  0    4   4   1   3   0   2   9   4   0   4   1   3   3   3  41   8   4   0   0   6  0.74 0.38
  222 F    0  0 -2 -1 -2 -1 -2 -1 -1 -1  1 -1  0  4 -1  1  0 -1  0  0    7   6   0   3   0   3   2   6   1   3  15   2   2  20   2  12   6   0   3   5  0.13 0.14
  223 G    0 -1 -1  0  0 -1  1  2  2 -1 -2  0 -1 -1  1  1  0  2 -2 -1    6   3   2   5   2   0   8  19   5   4   3   6   1   3   8  10   5   4   0   3  0.14 0.12
  224 H   -1  0  2  0 -1  1 -1  0  3 -2 -2 -1  1  0  3  1  0 -3  0 -2    5   6  11   4   1   6   3   6   9   1   2   1   4   5  13  14   5   0   3   2  0.22 0.18
  225 Q   -1  3 -1  1 -1  3  2 -1 -2 -3 -3  1 -1 -2 -1  1 -1 -4 -3 -1    5  17   2   8   1  16  12   6   0   1   2   5   1   1   3  10   3   0   0   5  0.28 0.21
  226 R   -2  4 -1 -1 -1  1  0 -2  1 -2 -1  1 -1 -1  2  0 -2  1 -1 -3    2  27   3   4   2   7   5   3   4   2   7   9   1   2   9   9   2   2   2   0  0.31 0.22
  227 S   -1  1 -1 -1  1  0 -1  1  0 -1 -1  0  0 -1  3  2  0 -4 -2 -3    3   7   3   2   3   5   3  10   2   3   5   6   3   3  14  22   5   0   1   1  0.22 0.19
  228 K    0  2  1 -1 -1  0  0  1 -1 -2 -1  1 -2 -2  1  1  0 -1 -2 -3    8  14   6   3   1   4   6  11   1   2   5  10   1   2   7  14   4   1   1   1  0.16 0.13
  229 C    0  1 -1 -1  4  2  1 -2  0 -1 -1 -1 -2 -2  0  2  0 -3 -1 -1    8   8   1   2   9   9  10   2   2   3   7   3   0   2   5  18   4   0   2   4  0.16 0.16
  230 A    1 -1  0 -1 -3  0  1  1 -1 -2 -1  0  0 -2  2  1  0 -2 -3  0   13   1   3   3   0   5   8  10   2   1   6   6   3   2   9  14   5   0   0   9  0.12 0.12
  231 S    0 -1 -1 -1 -3  2  1  0  1 -3 -2  1 -2 -4  1  3  0 -4 -3 -2    7   2   3   3   0   9   8   8   3   1   3   8   0   0   8  28   5   0   0   3  0.28 0.22
  232 F    0  0 -1 -2 -3 -2 -2 -1  0 -1  0  1 -1  3  3  0  0  0 -1  0    9   4   3   1   0   0   2   5   3   2  13  11   1  14  14   7   4   1   0   6  0.16 0.14
  233 L   -1  0  0 -1 -2 -1 -2 -1  1  0  1  1  0  1  0  1  1 -2 -1  1    3   4   4   2   0   2   1   3   4   4  13   9   2   8   5  15   7   0   0  12  0.07 0.11
  234 P   -1  1 -1 -1 -2  0  0 -3  0 -2 -3 -1 -1 -2  6  0 -2 -5 -2  0    4   7   3   3   1   4   5   1   2   2   1   4   1   2  42   8   2   0   1   6  0.78 0.35
  235 V    1 -2 -1 -2  0 -2 -2  0  2  0  1 -1  0  0 -1  0  0 -3 -1  2   10   1   2   1   2   1   2   6   6   3  14   5   2   5   2   9   6   0   1  21  0.10 0.12
  236 S    1 -1 -1 -2 -3  1 -1 -1  0 -2 -1  1 -1  0  2  2  0 -2  4 -2   11   2   2   2   0   6   2   5   2   2   7   8   1   3   9  16   4   0  17   2  0.21 0.18
  237 T   -1  1  1  2 -1  0  0 -2  0  0  0  1 -1 -2  0  0  2 -3 -2 -1    3  10   7  13   1   3   3   2   3   6   9   9   1   2   4   7  14   0   0   2  0.13 0.12
  238 S    1  0  0 -1 -3  1  1  0  1 -3 -1 -1 -2 -3  3  2 -1 -4 -1 -1   10   6   4   3   0   6  11   7   4   0   5   1   0   1  15  17   3   0   2   3  0.23 0.17
  239 G    0 -2  0  1 -3  0  0  2 -2 -2 -3 -1 -3 -2  0  2  1 -4 -1 -2    8   2   4   9   0   4   5  20   1   2   2   3   0   2   4  21  10   0   2   3  0.24 0.18
  240 D   -1  0  2  2  0  1  1 -1 -1 -2 -1  1 -2 -2  0  1  0 -1 -1  0    3   5  13  13   2   7   7   3   1   2   5  10   0   1   4   9   4   1   2   7  0.14 0.12
  241 G    1  1  1  0 -1  1  0  2 -2 -2 -2 -1  3 -4  2  0  0 -4 -3 -3   10   7   8   4   1   6   6  16   0   1   3   3  13   0  10   5   6   0   0   0  0.23 0.19
  242 L    0 -1 -2  1 -1  0  0 -1 -2  1  1 -1  2 -1  2  0  0 -3 -2  1    9   3   1   9   1   4   6   3   0   8  13   4   7   2  10   5   5   0   1   9  0.09 0.09
  243 S   -1 -2 -1 -2 -3 -3 -2  1 -4 -5 -2 -2 -3 -4 -2  6 -1 -5 -1 -3    2   1   2   1   0   0   2   9   0   0   4   2   1   1   2  65   3   0   2   1  1.06 0.54
  244 R   -2  6 -1 -3 -3 -1 -2 -2  0 -4 -4  1 -4  2  0  0 -3 -4  2 -4    3  47   2   1   0   2   2   3   2   1   1   9   0   8   5   6   1   0   6   1  0.80 0.40
  245 Y   -3 -3 -3 -3 -4 -3 -2 -5 -2  0 -1 -3 -1  6 -2 -2 -2 -2  7 -2    1   1   1   1   0   1   2   1   0   6   6   1   1  31   3   3   2   0  34   3  1.07 0.43
  246 L   -2  0 -1 -1 -1  0  2 -3  1  0  2 -1  6 -2 -4 -2 -2 -2 -2 -2    3   6   3   4   1   4  15   1   4   5  17   3  25   1   0   2   2   1   1   2  0.46 0.30
  247 T   -1  0  0  3 -3  3  3 -3 -1 -4 -4  1 -4 -5 -3  1  1 -5 -3 -2    5   5   5  17   0  16  17   1   2   1   1   9   0   0   0   9   8   0   1   2  0.48 0.30
  248 D   -2  1  1  4  2  1  3 -2  1 -4 -3  1 -2 -5 -4 -1 -1 -5 -4 -3    2   7   6  28   5   6  18   2   3   0   2  10   1   0   0   4   3   0   0   2  0.56 0.32
  249 F   -6 -6 -6 -7 -3 -6 -6 -7 -4 -5 -5 -6 -5  7 -7 -6 -6 -3  8 -5    0   0   0   0   1   0   0   0   0   0   0   0   0  50   0   0   0   0  46   0  2.61 0.89
  250 H   -2  1 -1  1  1  2  3 -3  3  0 -1  1 -2 -2 -3 -1  0 -4 -2 -1    2   6   3   6   3   7  24   2   7   5   6   9   1   2   0   4   7   0   1   5  0.25 0.20
  251 E   -2  1 -1 -1 -3  1  3 -4 -3  2 -1  1 -1 -1 -1 -2 -1 -4 -1  2    2   9   3   3   0   5  21   0   0  14   5  10   1   3   3   2   3   0   2  15  0.25 0.21
  252 I   -3 -4 -5 -1 -4 -2 -1  0 -5  4  3 -3  0 -2 -4 -4 -2 -5 -3  3    1   0   0   3   0   1   5   7   0  29  28   2   1   1   1   0   2   0   0  17  0.62 0.33
  253 R   -1  3 -1  1  0  1  3  1 -2 -5 -5  3 -4 -5 -4 -1 -2 -5 -3 -5    4  19   3   7   2   4  20  11   0   0   1  21   0   0   0   4   1   0   1   0  0.58 0.33
  254 Q   -2  0 -2 -2  1  1  1 -4 -2  1  0  3  0 -2 -2 -2  0 -1 -3  3    2   4   1   1   4   7   8   0   1   8   9  23   2   1   2   1   5   1   0  20  0.29 0.23
  255 I   -5 -6 -6 -6 -3 -6 -6 -7 -6  6  4 -5 -1 -4 -6 -6 -4 -6 -5  2    0   0   0   0   0   0   0   0   0  51  35   1   1   0   0   0   0   0   0  10  1.49 0.58
  256 G   -3 -6 -5 -6 -6 -6 -6  7 -6 -7 -7 -6 -7 -7 -6 -3 -6 -6 -7 -7    2   0   0   0   0   0   0  93   0   0   0   0   0   0   0   2   0   0   0   0  2.56 0.88
  257 A   -1  3  0 -1 -3  1  3 -3  0 -4 -3  3 -4 -5 -4  2  0 -5 -3 -1    3  15   3   3   1   5  21   1   2   1   2  19   0   0   0  13   4   0   1   5  0.47 0.30
  258 G   -4 -6 -5 -6 -7 -2 -6  8 -6 -7 -7 -6 -7 -7 -6 -5 -6 -7 -7 -7    0   0   0   0   0   2   0  95   0   0   0   0   0   0   0   0   0   0   0   0  2.64 0.91
  259 H    1 -4  1 -2 -1  0  1  1 -2 -5 -5 -3 -4 -4 -4  5  1 -5 -2 -3   13   0   6   1   1   5  11   9   1   0   0   1   0   0   0  41   9   0   1   1  0.66 0.41
  260 F   -6 -5 -7 -7 -6 -4 -7 -7 -2 -5 -4 -7 -5  9 -7 -5 -6 -3  4 -5    0   1   0   0   0   1   0   0   1   0   0   0   0  81   0   1   0   0  13   0  2.77 0.92
  261 S    0 -6 -4 -5 -3 -5 -5  7 -6 -7 -7 -5 -6 -6 -5  2 -2 -6 -6 -6    8   0   0   0   1   0   0  73   0   0   0   0   0   0   0  14   2   0   0   0  1.80 0.70
  262 R   -2  2 -3 -1 -1  0  4 -5 -2 -1 -4  3 -4 -5 -4  2  1 -4 -3 -1    3  11   0   2   1   4  26   0   1   4   1  21   0   0   0  13   9   0   1   4  0.56 0.38
  263 V    3 -7 -7 -7  4 -6 -6 -6 -7  0 -4 -6 -4 -6 -6 -5 -4 -7 -6  7   24   0   0   0   7   0   0   0   0   3   0   0   0   0   0   0   0   0   0  65  1.73 0.76
  264 F   -4 -1 -4 -6 -4 -3 -5 -6  0  0  0 -4  0  5 -6 -2 -1  4  7 -1    1   3   1   0   0   1   0   0   2   6   8   0   2  24   0   3   3   5  35   5  1.17 0.54
  265 K   -2  2 -5 -5 -6 -1  0 -6 -5 -4  3  6 -2 -5 -5 -4 -4 -6 -5 -4    3   8   0   0   0   3   6   0   0   0  29  47   1   0   0   1   1   0   0   1  1.14 0.60
  266 V    3 -7 -7 -7  6 -5 -6 -3 -7  0 -3 -6  2 -4 -6 -4 -4 -7 -1  5   21   0   0   0  18   0   0   2   0   5   1   0   4   0   0   1   0   0   2  45  1.34 0.64
  267 L   -4  5 -3 -5 -2  3 -2 -6 -3  2 -1  3 -1 -4 -5 -4  1 -3 -4  0    0  31   1   0   1  12   2   0   0  11   7  16   1   1   0   0   9   0   0   7  0.71 0.44
  268 K   -3  3  3  2  3  0 -2 -2  4 -5 -6  2 -5 -6 -5  2 -4 -6 -1 -6    1  18  14  11   6   3   1   4  12   0   0  11   0   0   0  17   0   0   2   0  0.70 0.43
  269 R   -4  5 -2 -5 -5 -2 -2 -6 -5 -2  1  5 -2 -5 -4 -4 -1 -7 -6 -3    0  31   2   0   0   1   3   0   0   3  13  38   1   0   1   0   5   0   0   1  1.11 0.58
  270 M   -1  0 -1 -1 -3  1  2 -3 -2  0  2  0  0 -1 -4  1  1 -4 -3 -1    4   5   3   3   0   6  16   2   0   6  19   5   1   3   0  14   7   0   0   4  0.17 0.19
  271 D   -5 -6  1  7 -7 -5  0 -3 -6 -7 -7 -4 -7 -8 -6  1  2 -8 -7 -7    0   0   5  67   0   0   4   2   0   0   0   1   0   0   0   9  11   0   0   0  1.87 0.82
  272 G   -3  0  3 -1 -5  0 -3  6 -1 -5 -6  0 -6 -4 -6  0 -4 -7 -6 -7    1   5  15   4   0   4   1  53   1   1   1   7   0   1   0   7   0   0   0   0  1.16 0.57
  273 C   -2  3 -1 -3  6  3  0 -3  0 -1 -3  3  0 -4 -5 -1 -3  0 -3 -2    3  13   3   1  16  14   7   2   2   4   2  21   3   0   0   5   1   1   1   2  0.60 0.38
  274 L   -2 -2 -3 -3 -3  2 -1 -5 -1  2  2  0  2  0 -1 -3  0  0  0  2    3   2   1   1   0  10   3   0   2  12  23   8   6   3   2   0   5   1   4  16  0.29 0.24
  275 Y   -6 -2 -7 -8  3 -7 -7 -8 -4 -5 -1 -5 -3  3 -8 -7 -6  0  9  2    0   2   0   0   6   0   0   0   0   0   5   1   0  10   0   0   0   1  63  12  2.23 0.92
  276 A    6 -7 -7 -7 -1 -6 -6 -5 -7 -1 -5 -6 -5 -7 -6 -4 -5 -8 -6  4   69   0   0   0   1   0   0   0   0   3   0   0   0   0   0   0   0   0   0  26  1.82 0.85
  277 V   -1 -2 -7 -7  1 -3 -6 -7 -7  5  1 -6  4 -4 -6 -5 -4  3 -5  4    6   2   0   0   3   1   0   0   0  33  11   0   8   0   0   1   0   3   0  32  1.13 0.56
  278 K   -6 -3 -5 -6 -8 -4 -5 -7 -6 -7 -7  8 -6 -8 -6 -5 -6 -8 -7 -7    0   0   0   0   0   0   0   0   0   0   0  97   0   0   0   0   0   0   0   0  3.01 1.20
  279 H   -3  4 -4 -4  0  2  3 -6  0  1 -4  4 -2 -5 -5 -3 -4 -6 -5  0    1  22   0   0   2   7  21   0   2   8   1  26   1   0   0   1   1   0   0   6  0.83 0.50
  280 S   -2 -5 -5 -4 -3 -5 -5 -6 -6  5  0 -2  2 -4 -6  4  1 -6 -4  2    2   0   0   1   0   0   0   0   0  32   7   3   6   0   0  31   7   0   0  11  0.89 0.54
  281 T   -2  2  2  1 -1 -1 -2 -3 -1  0 -2  3  2 -2  1 -1  0 -5 -3 -1    3  14  11   7   1   2   1   1   1   6   2  21   6   2   8   4   6   0   1   4  0.29 0.25
  282 R   -2  2 -2 -2 -4  2 -1 -4  2  0  2  3  0  1 -3 -1 -2 -4  1 -2    3  12   1   2   0  10   4   0   4   5  20  19   2   6   1   3   2   0   4   2  0.32 0.26
  283 K    0  1 -2 -2 -2  1  1 -1  0 -3 -2  2 -2 -3  4  2  0 -5 -3 -3    6   6   1   2   1   6   7   5   3   1   3  14   1   1  20  16   4   0   1   1  0.38 0.29
  284 L   -2  2 -1 -1 -1 -1 -2 -1  0  0  0  2  0  4 -3 -1 -1 -3  0 -1    2  12   3   3   1   1   2   5   2   5  10  14   3  20   1   5   3   0   3   4  0.23 0.20
  285 Y    0  3 -3 -4 -2  0 -2 -3  0  0  0 -1  5 -2 -4  0 -2  1  0  1    9  16   1   0   1   4   2   2   3   5  10   3  20   1   0   7   2   2   3   9  0.37 0.28
  286 L   -1 -3  1  0 -3  0 -1  3 -4 -4 -3 -1 -3 -4 -1  3  1 -5  0 -3    5   1   6   4   0   5   4  25   0   1   3   4   0   1   3  23  10   0   3   1  0.43 0.33
  287 D   -1  0  0  2 -3  0  3 -3  0 -3 -2  2 -2 -2  1  1  0 -1 -2 -2    5   3   4  10   1   3  20   1   2   2   4  15   1   2   7  13   4   1   1   2  0.29 0.24
  288 S    0  2 -1 -2 -2  0  0 -2 -1 -2 -2  3 -2 -1  1  2 -1 -2 -3 -1    8  12   2   1   1   4   5   2   1   2   3  23   1   3   7  17   4   1   1   4  0.29 0.26
  289 E   -1 -3  0  5 -1 -1  5 -5  3 -3 -5 -2 -3 -3 -5 -2 -3 -6 -1 -5    5   1   5  26   1   3  38   0   8   2   1   2   1   1   0   2   1   0   2   0  1.00 0.55
  290 R   -3  6 -3 -3 -2  3  2 -6  0 -4 -3  3 -2 -4 -5 -2 -2 -6 -4 -4    2  41   1   1   1  13  14   0   2   1   3  14   1   1   0   2   2   0   0   1  1.01 0.55
  291 R    0  3  1  0  0  4  2 -4 -1 -2 -3  2 -2 -5 -4 -1 -2 -5 -2 -2    6  16   7   6   2  19  14   1   1   2   3  13   1   0   0   3   2   0   2   4  0.45 0.33
  292 K   -1  2  3  2 -3  2  3 -4 -3 -4 -1  1  1 -2 -4  0 -1 -5 -3 -4    6  13  13  11   0   9  19   0   0   0   6   7   4   2   0   6   3   0   1   1  0.41 0.31
  293 A    4  0 -2 -3  1 -2 -2 -3 -1 -1  0  3 -1 -3 -3  1 -1 -2 -2 -2   36   3   2   1   3   1   2   0   1   4   9  20   1   1   1  10   2   1   1   2  0.41 0.33
  294 M   -2  1 -5 -5 -4 -1 -2 -5 -1  3  4 -2  3  0 -5 -3 -3 -1  0  1    2   8   0   0   0   3   2   0   2  16  39   3   8   4   0   1   0   1   3   9  0.55 0.33
  295 M   -1  2  3  1 -4  2  1 -3  1 -2 -1  2  0 -4 -3 -1 -1 -4 -2 -2    6  13  14   6   0  11   9   1   4   1   7  15   3   0   0   2   4   0   1   3  0.30 0.22
  296 E   -5 -4  1 -3 -7 -2  7 -6 -4 -7 -6  0 -6 -7 -5 -4 -5 -6 -6 -6    0   0   7   0   0   0  85   0   0   0   0   5   0   0   0   0   0   0   0   0  2.16 0.88
  297 V    1 -4 -5 -4  0 -4  1 -5 -5  2 -1 -4  1 -4 -4 -2 -2 -5 -4  5   13   0   0   0   2   0  12   0   0  12   3   0   3   0   0   2   2   0   0  50  0.84 0.45
  298 Q   -1  2  1  0 -1  2  0 -1  1  2 -2  1 -1 -2 -3 -1 -2  0  2 -1    3  12   9   4   1  13   5   3   4  14   1   7   2   1   0   5   1   1  10   3  0.20 0.20
  299 A    2  0 -1 -3 -2 -1  1 -1 -3  2  1  0  0 -2 -3  0  0 -4 -3  1   19   6   3   0   1   1  12   3   0  12  15   5   1   1   0   8   3   0   0  10  0.15 0.17
  300 L   -3 -5 -2 -6 -5 -3 -5 -3  5  0  5 -5  2 -2 -6 -5 -5 -5  0 -2    1   0   2   0   0   1   0   3  17   3  64   0   4   1   0   0   0   0   3   1  1.24 0.58
  301 A    3  1 -2 -2 -4  1  2 -3  4 -3 -1  1  1 -4 -3  1 -3 -5 -3 -2   26   6   1   1   0   5  15   0  12   0   7   9   5   0   0  10   0   0   0   3  0.41 0.31
  302 A    0  4 -1 -1  1  1  0 -4 -1 -2 -3  3 -1 -4 -3  0 -1 -4 -1  0    8  24   2   3   3   7   6   0   1   1   2  18   2   0   0   8   3   0   2   8  0.36 0.26
  303 L   -4 -5 -5 -1 -1 -2 -5 -3 -5  2  5 -5  3  1 -5 -5 -2 -4 -2  0    0   0   0   4   1   2   0   2   0  12  56   0   8   5   0   0   2   0   1   6  0.89 0.44
  304 G   -1 -1  1  0  1 -1 -1  2 -1 -1  1 -1  0 -1  2  0 -1 -3 -2 -2    2   3   9   6   4   2   2  20   1   3  15   4   2   2  10   9   3   0   1   2  0.15 0.12
  305 F   -1  1  1  0 -1  2  0 -1  3 -3 -2  2 -2 -1  1  1 -1 -3  0 -2    3   9   7   4   1  13   3   5   9   1   3  14   1   3   7  11   1   0   4   2  0.23 0.17
  306 H   -5 -4 -1 -5  1 -1 -4 -5 11 -5 -6 -4 -5 -5 -6 -2 -4 -6 -2 -6    1   0   3   0   2   3   0   1  82   1   1   1   0   0   0   4   1   0   0   0  3.00 0.89
  307 E   -2 -1 -2  0 -6  0  2 -5 -5 -5 -6  0 -4 -5  7 -2 -3 -7 -6 -4    3   4   2   5   0   3  12   0   0   0   0   5   0   0  59   3   1   0   0   1  1.54 0.59
  308 N   -6 -2  7 -4 -3 -4 -4 -4  7 -7 -7 -4 -5 -2 -6 -2 -5 -6  2 -7    0   2  58   0   1   0   0   1  27   0   0   0   0   2   0   2   0   0   7   0  2.06 0.75
  309 I   -4 -7 -7 -7  4 -6 -7 -7 -7  7 -1 -6 -3 -3 -6 -6 -4 -6 -5  4    1   0   0   0   9   0   0   0   0  60   3   0   0   0   0   0   0   0   0  26  1.71 0.61
  310 V   -3 -6 -6 -6 -4 -6 -5 -7 -6  3  1 -6 -2 -4 -6 -4 -2 -6 -5  7    1   0   0   0   0   0   1   0   0  15  10   0   1   0   0   1   2   0   0  70  1.57 0.59
  311 G    0  6 -2 -3 -2  2  0  0 -1 -4 -4  2 -3 -4 -4  0  0 -5 -4 -4    7  41   1   0   1   8   4   8   1   1   1  12   0   1   0   6   7   0   0   0  0.73 0.37
  312 Y   -6 -6 -6 -7 -4 -6 -6 -7 -2 -3  0 -6 -4  5 -7 -6 -6 -2  9 -3    0   0   0   0   0   0   0   0   0   1  11   0   0  19   0   0   0   0  66   2  2.29 0.77
  313 Y   -4  0 -4 -4 -3 -2 -1 -6  4  0 -2  2 -2  3 -5 -3 -3 -2  7  0    0   4   0   0   0   1   4   0  10   7   4  13   1  10   0   2   1   0  37   6  0.92 0.43
  314 S   -1  1  0  4 -2  1  3 -2  1 -5 -5  0 -3 -5 -4  3  0 -5 -4 -5    3   7   3  20   1   6  21   3   4   0   0   3   1   0   0  21   6   0   0   0  0.57 0.33
  315 S    4  0 -3 -4  0 -3 -4 -2  2 -3 -4 -3 -2 -3 -4  4 -3 -5 -1  0   41   6   0   0   2   0   0   1   4   1   0   1   1   1   0  31   0   0   2   6  0.78 0.44
  316 W   -5 -7 -6 -7 -7 -7 -7 -7 -3  0 -3 -7 -5  6 -8 -6 -5 11  2 -2    1   0   0   0   0   0   0   0   1   5   1   0   0  30   0   0   0  52   5   3  2.76 0.85
  317 F    1 -1 -2 -2 -3  1  4 -3 -2  2 -1 -2  1  2 -4 -2 -2 -2 -1  0   14   3   1   0   0   8  29   1   0  13   4   1   3   9   0   1   1   0   2   7  0.35 0.27
  318 E   -3 -3 -2  4 -7  0  6 -5 -2 -6 -5 -1 -6 -7 -4 -3 -3 -7 -4 -5    2   0   1  23   0   4  61   0   1   0   1   3   0   0   1   1   1   0   0   0  1.51 0.62
  319 N   -2  2  4  4 -2 -1  0  1 -2 -5 -5  1 -3 -5 -4  0 -2 -5 -1 -5    2  10  22  27   1   2   6   9   0   0   0  10   0   0   0   7   2   0   2   0  0.62 0.32
  320 E   -2 -2  3  4 -1  0  2  3 -3 -5 -4 -1 -4 -4 -4 -1 -1 -5 -5 -5    1   2  13  27   2   4  12  27   0   0   1   4   0   1   0   2   3   0   0   0  0.71 0.35
  321 Q   -1  1  1 -3  1  1 -1 -4  6 -1 -1  0  0  0 -4  1  1 -4  2 -2    3   8   7   1   3   6   3   0  23   4   5   4   2   4   0  10  10   0   6   2  0.39 0.25
  322 L   -4 -5 -5 -6 -3 -4 -6 -6 -6  2  5 -5  5  1 -6 -5 -3 -5 -2  0    1   0   0   0   0   0   0   0   0   9  62   0  15   5   0   0   1   0   1   5  1.25 0.50
  323 Y   -2 -4 -1 -6  4 -4 -5 -5  0  1 -1 -5 -1  3 -6 -3 -5  1  8 -3    3   0   4   0   9   0   0   1   2   9   5   0   1  11   0   2   0   2  50   1  1.39 0.55
  324 I   -4 -7 -7 -7 -2 -6 -7 -7 -7  8  1 -6  1 -2 -7 -6 -4 -6 -5 -1    1   0   0   0   1   0   0   0   0  80  12   0   3   2   0   0   0   0   0   2  2.01 0.69
  325 Q   -3 -2 -4 -5 -5  6 -1 -5 -4  2 -1 -3 -3 -2 -5 -4 -3 -5 -4  4    2   1   1   0   0  44   2   0   0  12   6   0   0   2   0   1   1   0   0  28  1.12 0.54
  326 L   -4 -5  3 -5  2 -3 -5 -5 -5 -3  1 -5  8 -2 -6 -3  3 -5 -5 -3    0   0  15   0   4   1   0   1   0   1  12   0  44   1   0   2  21   0   0   0  1.44 0.62
  327 E   -5 -4 -4  0 -8 -2  8 -3 -4 -6 -7 -4 -6 -7 -5 -3 -5 -7 -6 -7    0   0   0   3   0   0  91   3   0   0   0   0   0   0   0   1   0   0   0   0  2.38 0.86
  328 L   -5 -6 -6 -7 -2 -5 -5 -7 -1 -3  4 -4 -2  3 -7 -5 -5 -2  8 -3    0   0   0   0   1   0   0   0   1   0  37   1   1   8   0   0   0   0  49   1  1.72 0.65
  329 C    2 -7 -5 -8 11 -7 -6 -5 -7 -6 -5 -7  2 -7 -7 -5 -5 -7 -4 -4   14   0   0   0  77   0   0   1   0   0   0   0   5   0   0   0   0   0   0   1  3.18 0.95
  330 D   -2 -2  3  5 -4  0  3  0 -1 -6 -5 -2 -5 -6 -3  1 -2 -6 -5 -5    2   2  15  32   0   4  23   7   1   0   0   1   0   0   1  10   2   0   0   0  0.85 0.41
  331 H    0  0 -1 -2  1 -1 -1  5  0 -5 -4 -1  2 -5 -1 -1 -2 -5 -2 -4    5   6   2   2   3   2   3  53   2   0   1   3   6   0   3   3   2   0   1   1  0.82 0.38
  332 S   -3 -2  2 -3 -1 -4 -4  6 -5 -5 -5 -2 -5 -6 -5  3 -1 -6 -6 -6    0   2   8   1   1   0   0  59   0   1   1   2   0   0   0  21   4   0   0   0  1.30 0.54
  333 L   -1 -4 -2  1 -3 -4 -2 -5 -4  0  4 -4  2  0 -4  2 -1 -4  1 -1    3   0   2   7   0   0   2   0   0   5  42   0   6   4   0  18   3   0   6   2  0.48 0.31
  334 S   -1 -1 -1  0 -2  2 -1 -2  0  1  2 -1  1 -1 -3  0 -1 -3  2 -1    6   3   3   5   0  10   4   2   2   8  29   3   4   1   0   9   2   0   7   1  0.17 0.17
  335 A    2  1 -1  1 -4  4  1 -2  0 -4 -3  2  0 -1 -3  0 -1 -4 -2 -3   18   7   2   9   0  19   8   3   2   0   1  15   2   3   0   4   3   0   1   1  0.35 0.24
  336 L    0 -1 -2  0 -3  0  0 -3  4  2  1  0  0  0 -3 -1 -2  0  2  0    8   2   0   5   0   4   6   1  11  17  16   6   3   2   0   3   2   1  10   3  0.19 0.16
  337 P   -1  0  2 -2  3  0 -1 -3  0  3  0  2  1  0 -2 -1 -1  0 -1  0    4   3  12   1   7   4   3   1   2  21   9  14   4   3   1   4   2   1   1   3  0.17 0.16
  338 K   -1  2  0 -1 -3  1  2 -2  0  0 -1  3  0 -3 -3  0  0  1 -2 -2    5  11   5   1   0   6  13   3   2   6   6  20   3   0   1   5   7   2   1   1  0.20 0.16
  339 K   -1  3  1  0 -2  4  0  0 -2 -4 -4  4 -4 -5 -3 -1 -2 -5 -3 -3    6  15   7   4   1  18   4   8   0   1   1  28   0   0   1   2   2   0   1   1  0.56 0.31
  340 S    0  2  0 -1  0  2  0  0  2 -3 -2  2 -2 -2 -2  1 -1  0  0 -2    6  15   5   3   2  11   5   6   5   1   3  14   0   1   1  12   3   2   3   3  0.20 0.16
  341 S   -2  3  2  0 -4 -1 -2  4  1 -4 -3  1 -1 -3 -1 -1 -2 -5 -3 -3    2  16  11   4   0   3   1  35   3   1   3  10   1   1   3   4   1   0   1   1  0.51 0.28
  342 L   -1  2  1  0 -2  2  1 -1  2 -1 -2  2 -1 -1 -1 -1  0 -1 -1  0    3  10   6   4   1   9   8   5   8   4   3  16   1   2   2   3   6   1   2   6  0.14 0.12
  343 K   -2  1 -1 -2 -3  0 -2 -2  3 -1  1  0  0  0  3 -1  0 -2  1 -1    2   7   3   1   0   4   1   3  10   1  20   6   2   4  16   5   5   0   6   4  0.22 0.16
  344 V   -4 -5 -6 -6 -4 -4 -6 -6 -5  2  4 -5  2  6 -4 -4 -3 -3 -1  0    1   0   0   0   0   1   0   0   0  13  37   0   5  34   1   1   1   0   1   5  1.10 0.44
  345 S   -1 -3 -1  1 -3  1  1 -3 -2 -4 -3  0 -4 -4  5  3  1 -6 -5 -4    3   0   3   8   0   5   8   1   1   1   2   7   0   0  29  22   8   0   0   0  0.68 0.36
  346 E   -4 -4 -3 -1 -5 -1  8 -6 -3 -4 -7 -3 -6 -4 -3 -4 -3 -7 -4 -5    1   0   1   2   0   2  88   0   0   1   0   0   0   1   1   0   1   0   0   1  2.16 0.81
  347 R    0  1  0  3 -3  1  2 -1 -1 -4 -3  1 -2 -2  2  0 -1 -2 -1 -2   10   7   4  16   0   5  13   4   1   0   2  10   1   2  11   6   2   0   2   2  0.27 0.17
  348 E   -1  1 -2  1 -5  3  4 -4 -2 -2 -2  2  1 -2 -4 -2  1 -5 -1 -2    4   7   1   7   0  15  27   0   0   2   3  12   4   2   0   1  11   0   2   2  0.45 0.29
  349 I   -1 -5 -6 -6 -4 -5 -5 -6 -6  5  3 -3  0 -3 -6 -5 -3 -5 -4  4    5   0   0   0   0   0   0   0   0  39  24   1   1   0   0   0   1   0   0  27  1.09 0.45
  350 L   -2  1 -4 -6  1 -4 -4 -5 -5 -1  2  2  2 -1 -6 -3 -4  9 -2 -1    4   9   1   0   4   0   0   0   0   2  20  15   4   1   0   2   1  32   1   4  1.20 0.49
  351 V   -2  2  3  3 -3  1  1 -1  2 -3 -3  2 -3 -3 -3  0 -2  0  1 -3    2  10  13  17   1   6   9   5   4   2   2  13   0   0   0   7   1   1   5   2  0.32 0.21
  352 I   -2 -5 -5 -6 -2 -5 -6 -4 -4  4  1 -4  0  2 -6 -5 -3  7  6  1    3   0   0   0   1   0   0   1   0  22  11   1   2   6   0   0   1  17  25   9  1.12 0.46
  353 M   -3 -6 -6 -7  0 -5 -6 -4 -5  0  5 -6  4  6 -6 -5 -3 -4 -1 -2    1   0   0   0   2   0   0   2   0   3  49   0  10  30   0   0   1   0   1   1  1.26 0.51
  354 H   -1  2 -3 -4  1 -1 -3 -3  0  1  2  0  0  0 -4 -1  1 -2  2  2    5  13   0   0   3   2   0   1   2   7  19   5   2   4   0   4   8   0   8  17  0.20 0.17
  355 Q   -5 -4 -2  4 -7  8  0 -6  3 -7 -7 -3 -4 -7 -6 -4 -5 -7 -6 -7    0   0   1  20   0  67   3   0   8   0   0   1   0   0   0   0   0   0   0   0  2.09 0.81
  356 I   -3 -6 -6 -6 -3 -5 -6 -7 -6  6  3 -5  3 -3 -6 -5 -1 -5 -4  3    1   0   0   0   0   0   0   0   0  43  27   0   7   0   0   0   3   0   0  18  1.18 0.47
  357 A    2 -5 -4 -5  6 -4 -4 -2 -5 -1  3 -4 -1 -1 -5  2  0 -5 -4  1   20   0   0   0  20   0   0   2   0   2  26   0   1   2   0  14   4   0   0   9  0.68 0.36
  358 K   -2  1 -1 -3 -1  2  0 -4 -2 -1  3  1  2 -2 -4  2 -2 -4 -3 -2    1   6   3   1   1  10   4   0   1   2  34  11   6   1   0  17   1   0   1   1  0.36 0.28
  359 A    5 -6 -5 -5 -5 -5 -5  5 -6 -6 -6 -5 -5 -6 -5 -1 -4 -6 -6 -5   48   0   0   0   0   0   0  48   0   0   0   0   0   0   0   4   0   0   0   0  1.59 0.63
  360 L   -5 -6 -7 -7 -5 -6 -7 -7 -7  0  6 -6  0 -3 -7 -6 -5 -6 -5  2    0   0   0   0   0   0   0   0   0   4  82   0   1   0   0   0   0   0   0  12  1.72 0.64
  361 H    0  2  1  1 -1  2  1 -3  2 -3 -4  4 -3 -3 -4  0 -2 -5 -2 -4    8   9   7   9   2   9   9   1   5   1   1  31   0   1   0   5   1   0   1   0  0.47 0.28
  362 F   -2 -5 -5 -4 -1 -4 -2 -6  8 -4 -3 -5 -5  3 -6 -2 -5 -3  7 -3    3   0   0   1   1   0   3   0  34   1   2   0   0   9   0   3   0   0  40   2  1.77 0.66
  363 V   -3 -6 -6 -7  4 -5 -6 -7 -6  5  3 -6  5 -3 -6 -5 -4 -5 -4  1    1   0   0   0   9   0   0   0   0  35  32   0  13   0   0   0   0   0   0   9  1.18 0.47
  364 H   -6 -5 -4 -6 -8 -5 -5 -7 11 -8 -7 -6 -7 -6 -7 -5 -7 -8 -3 -8    0   0   0   0   0   0   0   0  99   0   0   0   0   0   0   0   0   0   0   0  4.13 1.18
  365 E   -1  1  2  3 -3  1  2 -1  0 -5 -5  1 -3 -3 -3  3 -2 -5 -4 -5    5   8   8  16   0   7  14   4   2   0   0   7   0   1   0  26   1   0   0   0  0.50 0.30
  366 K   -2  4  2 -3 -2  2 -2 -4  4 -4 -3  3  1 -4 -2  1 -2 -5 -3 -4    3  23  11   0   1  11   1   0  10   1   2  17   5   1   2  11   1   0   0   0  0.57 0.33
  367 G   -3  2  3  0 -5  0 -1  4  1 -6 -5  3 -5 -4 -4  0 -3 -5 -5 -5    0   9  15   4   0   4   3  37   4   0   1  17   0   1   0   5   0   0   0   0  0.77 0.37
  368 I   -4 -6 -6 -6 -4 -5 -6 -7 -6  6  3 -5  4  0 -6 -5 -3 -5 -1  3    0   0   0   0   0   0   0   0   0  44  24   1  11   3   0   0   0   0   2  16  1.18 0.47
  369 A    0 -5 -6 -6 -2 -5 -5 -6 -5  2  4 -5  2  1 -5 -4 -3 -5 -3  4    8   0   0   0   1   0   0   0   0  12  37   0   4   6   0   0   1   0   0  31  0.84 0.38
  370 H   -7 -5 -5 -6 -8 -5 -5 -7 11 -9 -8 -6 -7 -6 -7 -6 -7 -8 -3 -8    0   0   0   0   0   0   0   0 100   0   0   0   0   0   0   0   0   0   0   0  4.25 1.21
  371 L   -5  6 -2 -4 -3 -4 -5 -6 -5 -4  3 -3  5 -2 -6 -5 -5 -6 -3 -4    0  50   2   1   1   0   0   0   0   0  33   0  12   1   0   0   0   0   1   0  1.43 0.61
  372 D   -7 -6 -3  9 -8 -5 -3 -6 -6 -8 -9 -5 -8 -8 -6 -5 -6 -9 -8 -8    0   0   0 100   0   0   0   0   0   0   0   0   0   0   0   0   0   0   0   0  3.13 0.99
  373 V   -5 -6 -7 -7 -5 -6 -6 -7 -7  6  3 -6  0 -3 -6 -6 -4 -6 -5  3    0   0   0   0   0   0   0   0   0  50  30   0   1   0   0   0   0   0   0  19  1.46 0.55
  374 K   -5 -2 -5 -5 -8 -3 -4 -6 -5 -7 -7  8 -6 -8 -6 -5 -5 -8 -7 -7    0   0   0   0   0   0   0   0   0   0   0 100   0   0   0   0   0   0   0   0  2.85 0.97
  375 P   -2 -6 -5 -5  1 -5 -5 -4 -6 -6 -1 -5 -5 -7  8  1  2 -7 -6 -4    4   0   0   0   3   0   0   1   0   0   6   0   0   0  65   9  12   0   0   1  1.87 0.70
  376 D    2 -2 -2  2 -3  3  3  1 -3 -4 -4 -1 -1 -5 -4  2 -3 -5 -5 -4   19   1   1  13   0  16  20  11   0   0   2   2   2   0   0  15   0   0   0   0  0.56 0.34
  377 N   -6 -5  9 -3 -8 -5 -5 -5 -4 -8 -8 -5 -7 -8 -7 -4 -5 -9 -7 -8    0   0 100   0   0   0   0   0   0   0   0   0   0   0   0   0   0   0   0   0  3.27 1.05
  378 I   -5 -7 -7 -7 -5 -6 -7 -7 -7  7  0 -6 -1  0 -7 -6 -4 -6 -5  3    0   0   0   0   0   0   0   0   0  68   6   0   1   4   0   0   0   0   0  21  1.79 0.63
  379 Y   -6 -7 -7 -8 -6 -7 -7 -7 -5 -4  2 -7  0  8 -8 -6 -6 -3  2 -4    0   0   0   0   0   0   0   0   0   0  21   0   2  70   0   0   0   0   7   0  2.22 0.74
  380 I   -4 -5 -6 -6 -4 -5 -6 -6 -4  5  4 -5  1  0 -6 -4 -2 -5  0  2    0   0   0   0   0   0   0   0   0  35  40   0   3   4   0   1   3   0   3  11  1.03 0.43
  381 K   -2  1 -1  1  4 -1  0 -1 -1 -4 -4  4 -4 -5 -4  2  3 -5 -4 -3    1   6   3   7   9   2   4   4   1   1   0  26   0   0   0  19  18   0   0   1  0.54 0.33
  382 N   -3  1  5  3 -5  1  1 -2  3 -5 -5  2 -4 -5 -3  1 -1 -6 -3 -5    1   8  26  18   0   6   7   2   7   0   0  12   0   0   1   9   4   0   0   0  0.66 0.34
  383 G   -1 -3  3  1 -2 -2 -2  5 -3 -3 -5  1 -2 -5 -5 -2 -3 -2 -4  0    3   0  14   9   1   1   3  46   1   1   0   8   1   0   0   2   1   1   0   9  0.77 0.37
  384 V   -2  1  1 -2 -2  0 -2 -4 -1  3  0 -1  3 -2 -4 -1  2 -4 -3  3    2   8   6   2   1   4   2   1   1  17   6   3   8   1   0   3  12   0   0  23  0.30 0.22
  385 C   -1 -5 -5 -6  5 -5 -5 -6 -2  2  2 -5 -2  2 -4 -4 -4 -1  5  3    4   0   0   0  12   0   0   0   1  13  16   0   0   6   0   0   0   1  24  22  0.88 0.39
  386 K   -5  0 -4 -5 -7 -1 -3 -6 -5 -7 -7  8 -6 -7 -5 -4 -4 -7 -6 -6    0   3   0   0   0   2   0   0   0   0   0  94   0   0   0   0   0   0   0   0  2.52 0.87
  387 L   -5 -6 -6 -7 -5 -6 -6 -7 -6  5  5 -6  0 -3 -6 -6 -4 -5 -4  1    0   0   0   0   0   0   0   0   0  31  61   0   1   0   0   0   0   0   0   6  1.46 0.55
  388 G    0 -6 -4 -5 -2 -5 -6  7 -6 -3 -7 -5 -6 -7 -6 -3 -5 -6 -7 -5    8   0   0   0   1   0   0  86   0   2   0   0   0   0   0   1   0   0   0   0  2.14 0.72
  389 D   -6 -6 -3  9 -8 -5 -3 -6 -6 -8 -8 -5 -7 -8 -6 -5 -6 -8 -7 -8    0   0   0  99   0   0   0   0   0   0   0   0   0   0   0   0   0   0   0   0  3.04 0.96
  390 F   -6 -6 -7 -7 -6 -7 -7 -7 -5 -3  3 -7  0  8 -7 -6 -6  0  0 -4    0   0   0   0   0   0   0   0   0   0  27   0   2  68   0   0   0   1   1   0  2.14 0.71
  391 G   -4 -6  0 -5 -7 -6 -6  7 -6 -8 -8 -6 -7 -7 -6 -4 -6 -7 -7 -7    0   0   4   0   0   0   0  95   0   0   0   0   0   0   0   1   0   0   0   0  2.54 0.82
  392 C   -3 -3 -4 -5  2 -2 -4 -5  5  3  4 -4  1 -2 -5  0 -1 -5 -3  1    1   1   0   0   4   1   0   0  15  17  40   0   3   1   0   7   3   0   0   8  0.72 0.36
  393 A    4 -4 -4 -5  2 -4 -4 -2 -5 -1 -1 -4 -2 -5 -4  3 -2 -5 -4  3   42   0   0   0   5   0   0   3   0   2   5   0   1   0   0  20   1   0   0  22  0.80 0.43
  394 T    0  4 -3 -4 -1 -2 -3 -3 -1 -1 -2  3 -2 -3 -4  0  4 -5 -4  0    7  24   0   0   1   0   0   1   1   3   3  19   1   1   0   5  26   0   0   8  0.59 0.35
  395 R   -1  1 -1  0  0  0  1 -3 -1  1  0  0 -1 -1 -2  2 -1 -4 -2  2    4   8   2   5   2   3   9   0   1   8  11   5   1   2   1  17   2   0   0  19  0.12 0.14
  396 L    0 -4 -5 -5 -2 -3 -5 -5 -5  3  4 -4  2  0 -5 -3 -1  1 -2  2    7   1   0   0   1   1   0   0   0  15  48   0   4   4   0   2   3   2   1  12  0.73 0.34
  397 D   -1 -1  3  3 -2  0  1  0 -1 -4 -4  0 -3 -3 -1  2  0 -4 -1 -3    2   2  17  16   1   4  10   6   1   1   1   6   0   0   3  20   5   0   3   1  0.37 0.24
  398 K   -2  1  3  0 -3  1  0  0  2 -4 -4  2 -4 -5 -2  3  0 -5 -3 -4    2   7  18   4   0   7   6   8   5   0   1  13   0   0   2  23   3   0   0   1  0.44 0.27
  399 S    0  0  0  0 -4  0  1  0 -2 -3 -2  1 -2 -3  4  1  2 -5 -4 -2    7   4   5   5   0   4   7   6   1   1   3   9   1   1  19  12  15   0   0   2  0.33 0.21
  400 L    0  0  0 -1 -1  1  0 -1  0 -1  0  0  2 -1  0  1  1  0  0 -1   10   4   5   3   1   6   5   3   2   3  11   4   7   2   5  12   8   2   3   4  0.05 0.06
  401 P   -1  0  0  3 -3  2  2 -2  2 -4 -2  1 -3 -2  2  1  0 -4 -1 -3    5   3   3  16   0  12  12   2   6   0   3   8   0   1   9  11   5   0   2   1  0.31 0.20
  402 V    0 -3 -2 -2 -3 -2 -2 -2 -1  1  0 -2  2  0 -4 -1  3 -1  2  3   10   1   1   2   0   1   2   2   1   7   7   2   6   4   0   2  20   1   9  22  0.27 0.21
  403 E    2 -1 -1 -1 -1  2  4 -4 -1  0 -3 -2  0 -3 -3 -1  2 -4 -1  0   18   4   3   2   1   9  27   0   1   6   1   1   3   1   0   4  12   0   3   5  0.33 0.26
  404 E   -3 -1 -3  0  3  1  6 -5  0 -1 -4  0 -4 -5 -5 -2 -1 -6 -4  1    1   3   0   5   7   6  50   0   3   3   1   4   0   0   0   1   3   0   0  13  0.87 0.45
  405 G   -4 -7 -5 -6 -7 -6 -6  7 -6 -8 -8 -6 -7 -8 -6  0 -6 -7 -7 -7    0   0   0   0   0   0   0  94   0   0   0   0   0   0   0   6   0   0   0   0  2.53 0.83
  406 D   -5 -6 -3  6 -6 -5 -4 -6 -6 -6 -6 -5 -6 -7 -5 -2  6 -7 -6 -5    0   0   0  49   0   0   0   0   0   0   0   0   0   0   0   1  50   0   0   0  2.00 0.77
  407 A    0  0 -2 -5  3 -2 -4 -2 -5 -5 -5 -1 -5 -4  7  2 -2 -7 -6 -4    6   6   2   0   6   1   0   3   0   1   1   3   0   1  51  18   2   0   0   0  1.32 0.55
  408 R   -4  5  0 -5 -1 -3 -4 -4 -1 -4 -3  0 -3  0 -3 -4 -5  4  6 -3    1  37   5   0   1   0   0   1   1   0   3   5   1   3   2   0   0   6  33   1  1.24 0.54
  409 Y   -6 -6 -7 -8 -7 -6 -7 -8 -3 -6 -6 -7 -6  3 -8 -6 -6  1 10 -4    0   0   0   0   0   0   0   0   0   0   0   0   0   9   0   0   0   2  88   1  3.18 0.99
  410 M   -1  0 -6 -6 -2 -4 -5 -6 -5  1  4 -5  8 -1 -6 -5 -3 -5 -4  0    6   5   0   0   1   0   0   0   0   6  37   0  38   2   0   0   1   0   0   5  1.29 0.54
  411 P    5 -5 -4 -5  0 -4 -4 -3 -5 -5 -6 -4 -5 -6  3  4 -3 -6 -5 -4   46   0   0   0   2   0   0   1   0   0   0   0   0   0  14  36   0   0   0   0  1.29 0.60
  412 Q   -4 -1  2 -5 -5 -1 -3 -6 -5 -5 -4  1 -3 -6  8 -3 -4 -7 -5 -5    1   3   9   0   0   3   1   0   0   0   2   8   1   0  68   2   1   0   0   0  1.92 0.70
  413 E   -5 -5 -5 -1 -8 -3  8 -7 -5 -8 -7 -4 -7 -8 -6 -4 -5 -7 -7 -7    0   0   0   2   0   0  97   0   0   0   0   0   0   0   0   1   0   0   0   0  2.70 0.94
  414 I   -3 -2 -6 -5  2 -1 -5 -6 -5  4  3 -5  2 -3 -5 -5 -3 -5 -4  3    1   2   0   1   4   3   0   0   0  28  33   0   4   0   0   0   0   0   0  24  0.91 0.39
  415 L   -4 -5 -5 -5  5 -4 -3 -5 -5  2  5 -5  2  0 -4 -4 -4 -1 -3 -1    1   0   0   0  14   0   2   0   0   9  58   0   5   4   1   0   0   1   0   2  1.09 0.43
  416 N   -1  0  3  0 -4  5  0 -3  2 -3 -1 -1 -2 -3 -3  0 -2  4 -3 -3    4   6  18   5   0  28   4   1   4   1   8   2   1   1   1   8   1   6   0   1  0.55 0.30
  417 E   -3  1 -2  1 -3  1  5  3 -1 -4 -4  1 -4 -4 -2 -1  0 -2 -3 -4    1   6   1   8   1   5  37  21   1   1   1   7   0   0   1   3   5   1   1   1  0.63 0.31
  418 D   -2 -1  4  4  0  1  0  0  0 -3 -4  0 -4 -4 -3  1 -1 -4 -3 -3    2   3  24  25   2   7   6   5   2   1   1   4   0   0   1  10   3   0   1   2  0.56 0.28
  419 Y   -2  0 -3 -3 -4  0 -1 -1  1 -1 -2  3  1  2  0 -2 -2 -2  6 -1    3   5   0   1   0   4   3   4   3   3   4  18   4   7   4   2   2   0  28   5  0.46 0.26
  420 E   -1  0  0  0 -2  0 -1  2 -3 -3 -3  0 -3 -1  4  2 -1 -4 -1 -3    4   6   3   6   1   4   3  16   0   1   1   4   0   3  25  16   3   0   2   2  0.43 0.24
  421 H   -2 -1  0  1 -1 -2 -3 -4  6 -3 -4 -3 -3 -1 -3 -3 -3 -2  7 -3    3   3   5   8   1   2   1   1  17   2   1   1   1   1   2   2   1   0  47   1  1.26 0.46
  422 L   -3 -3  4  2 -3 -3 -2  0 -2 -2  3 -3 -2 -2 -3  0  1 -4 -3 -3    1   1  24  12   0   1   1   7   1   1  31   1   0   2   1   8   9   0   0   1  0.47 0.28
  423 D   -2 -2  2  0  0  0  1 -4  1 -4 -3  1 -3  1  3  0  2 -2  2 -3    2   1  10   6   3   3   8   0   4   0   1  10   0   7  18   7  14   0   7   1  0.36 0.24
  424 K    1  0 -4 -4 -6 -2  0 -4 -4 -6 -6  7 -2 -6 -2 -2 -3 -6 -5 -5   13   2   0   0   0   0   4   1   0   0   0  72   1   0   2   3   1   0   0   0  1.59 0.65
  425 V    4 -5 -4 -4  3 -4 -4 -2 -5 -3 -5 -4  1 -5 -4  4  0 -6 -5  0   39   0   0   0   5   0   0   2   0   1   0   0   4   0   0  37   6   0   0   7  0.99 0.51
  426 D   -6 -3 -3  9 -8 -5 -3 -6 -6 -8 -8 -5 -8 -8 -6 -5 -6 -9 -8 -8    0   1   0  99   0   0   0   0   0   0   0   0   0   0   0   0   0   0   0   0  3.05 0.98
  427 I   -5 -7 -7 -7 -5 -6 -7 -8 -7  7 -1 -6  2 -4 -7 -6 -4 -6 -5  4    0   0   0   0   0   0   0   0   0  69   3   0   4   0   0   0   0   0   0  23  1.91 0.67
  428 F   -7 -8 -8 -9 -1 -7 -8 -8 -6 -6 -5 -8 -5  7 -9 -7 -7 11  0 -6    0   0   0   0   1   0   0   0   0   0   0   0   0  47   0   0   0  50   2   0  3.35 0.99
  429 S    4 -4 -4 -5 -2 -4 -4 -3 -5 -6 -6 -4 -4 -6 -5  6 -3 -7 -6 -5   31   1   0   0   1   0   0   1   0   0   0   0   0   0   0  66   0   0   0   0  1.65 0.72
  430 L   -1 -6 -7 -7  0 -6 -6 -7 -6 -1  6 -6  1  0 -6 -6 -4 -5 -4 -1    6   0   0   0   2   0   0   0   0   1  81   0   3   4   0   0   1   0   0   2  1.56 0.60
  431 G   -1 -7 -5 -6 -7 -6 -6  7 -6 -8 -8 -6 -7 -7 -6 -3 -6 -7 -7 -7    5   0   0   0   0   0   0  93   0   0   0   0   0   0   0   1   0   0   0   0  2.50 0.82
  432 V    1 -6 -6 -7  9 -6 -6 -6 -6  2  2 -6  1 -5 -6 -3 -4 -6 -5  1   13   0   0   0  44   0   0   0   0  11  19   0   4   0   0   1   0   0   0   8  1.54 0.57
  433 T   -1 -5 -4 -5  2 -4 -4 -5 -5  2  0 -4  0 -4 -5  1  5 -5 -4  3    5   0   0   0   4   0   0   0   0  12   9   0   2   0   0   8  36   0   0  24  0.77 0.41
  434 V   -1 -5 -6 -6 -4 -5 -6 -6 -6  4  4 -5  5  0 -5 -5 -3 -5 -4  2    4   0   0   0   0   0   0   0   0  28  34   0  15   3   0   0   1   0   0  14  1.01 0.42
  435 Y    0 -6 -6 -7 -6 -5 -6 -6 -2 -2  2 -6 -4  2 -7 -5 -5 -1  8 -2    8   0   0   0   0   0   0   0   0   2  18   0   0   7   0   0   0   0  61   3  1.83 0.68
  436 E   -5 -4 -4 -2  0 -1  7 -6 -3 -3 -3 -3 -3 -7 -5 -4 -1 -7 -6 -1    0   0   0   1   2   1  80   0   0   2   3   0   1   0   0   1   3   0   0   5  1.82 0.73
  437 L    2 -5 -6 -6 -1 -4 -5 -5 -5  2  4 -5  5 -3 -5 -4 -2 -2 -4  1   17   0   0   0   1   0   0   0   0  11  46   0  16   0   0   0   2   1   0   6  0.92 0.43
  438 I    5 -5 -5 -5  7 -4 -4 -1 -5  0  1 -4  0 -3 -5 -1  0 -5 -5 -1   46   0   0   0  20   0   0   4   0   4  11   0   3   1   0   2   4   0   0   3  0.97 0.45
  439 K    2  0 -2 -4  5 -3 -3  2 -3 -3 -1 -3 -3 -5 -4  1  4 -5 -4 -3   16   5   1   0  13   0   1  14   0   1   5   1   0   0   0   9  32   0   0   1  0.64 0.36
  440 G    1 -1  2  0 -2 -2 -3  3 -1 -2  3 -3 -2 -1 -4 -2 -3 -3 -1 -2   11   4  11   5   1   2   0  23   1   0  36   1   0   2   0   1   0   0   2   1  0.41 0.28
  441 S   -1  2 -1 -2 -3  1  1 -1  1 -1  0  3  2 -2 -2  0  0 -4 -1 -1    2  13   3   0   0   7  10   4   3   4   8  21   6   1   1   6   4   0   2   3  0.20 0.17
  442 P   -2 -1 -2  0 -4 -1  1 -5  6 -4 -4 -2 -5 -5  6  1 -1 -6 -4 -3    2   4   1   5   0   3  11   0  17   1   2   1   0   0  38   9   3   0   0   2  1.03 0.45
  443 L    1 -5 -6 -6 -5 -5 -4 -5 -4 -2  4 -5  0 -3  5 -4 -2 -2 -5 -1   12   0   0   0   0   0   0   0   0   0  47   0   2   1  30   0   2   1   0   4  1.11 0.50
  444 T   -4 -7 -7 -6 -7 -5 -5 -7 -6 -5 -5 -6 -4  7  7 -4 -5 -5  0 -6    1   0   0   0   0   0   0   0   0   0   0   0   0  47  48   1   0   0   3   0  2.23 0.77
  445 E   -2  1  1  1 -3  2  3 -3  1 -2 -3  1 -2 -4  0  1  1 -4  0 -3    2   8   6   8   1   9  20   1   4   2   1   9   1   0   5  11   9   0   3   1  0.30 0.21
  446 S    3 -3  4 -1  0 -1 -1  3 -1 -5 -5 -3 -4 -5 -3  1  0 -5 -3 -4   26   0  23   2   2   2   4  23   1   0   0   1   0   0   1   9   5   0   1   0  0.65 0.36
  447 R    0  0  1 -1 -5 -1 -2  5 -4 -5 -4  1 -1 -3 -2 -1  0 -3 -4 -4    6   4   6   3   0   2   3  53   0   0   1   7   2   1   2   4   6   0   0   0  0.81 0.37
  448 N   -1 -1  4  3 -3  0  3 -3 -2 -4 -4  0 -3 -5  1  1  0 -5 -4 -3    6   3  22  18   0   3  17   0   1   0   1   4   0   0   8  12   4   0   0   1  0.55 0.31
  449 Q    0 -2 -3 -1 -4  2  2 -1 -1 -2  2 -1  5 -2 -3 -1 -1  0 -3 -1    7   1   0   3   0  10  17   5   2   1  22   3  19   1   0   3   3   1   0   2  0.37 0.28
  450 S    0 -4 -1 -3  1 -3 -5 -5 -3 -1 -2 -3  1  1 -5 -1 -3 10  3  1    7   1   3   2   3   1   0   0   0   4   3   1   3   5   0   5   1  41  10   9  1.48 0.55
  451 L   -2  1 -1  0 -5  3 -1 -4  7 -2  1  0  0  0 -4 -3 -2 -4  0 -1    3   7   2   5   0  17   3   0  28   2  13   4   2   4   0   0   2   0   3   4  0.62 0.34
  452 N   -1  2  1  1  1  2  1 -3  3 -3 -2  4 -2 -3 -2 -1 -3 -3 -3 -4    3  10   6   6   4   9   9   0   7   1   4  33   1   1   1   4   0   0   0   0  0.50 0.29
  453 I   -5 -6 -7 -7 -5 -6 -6 -7 -6  7  3 -6 -1 -1 -5 -6 -4 -6 -4  1    0   0   0   0   0   0   0   0   0  62  27   0   0   2   0   0   0   0   0   7  1.58 0.57
  454 K   -4  6 -3 -5  2 -1 -2 -5 -4  0  0  2  1 -5 -3 -3 -3 -5 -4  0    0  52   1   0   4   2   3   0   0   7   7  10   3   0   1   1   1   0   0   6  0.99 0.45
  455 E   -2  3  1  0 -5  4  3 -3  0 -5 -5  3 -4 -5 -4  0 -2 -5 -3 -4    2  17   6   5   0  21  18   1   1   0   0  18   0   0   0   8   1   0   1   1  0.70 0.36
  456 G   -1 -4 -3 -2  1 -4 -4  7 -5 -4 -6 -5 -6 -4 -5 -2 -4 -2 -4 -3    4   1   1   3   3   0   1  79   0   1   0   0   0   1   0   3   1   1   1   2  1.73 0.62
  457 K   -2  2  2  1 -3  2  0 -3  2 -1 -3  3 -2 -2 -2  1 -1 -4  1 -2    2  10   9   7   0   8   5   0   6   5   2  20   1   2   1  10   3   0   5   2  0.28 0.20
  458 L   -3 -2 -5 -6 -3 -4 -5 -5 -2  3  3 -5 -1  3 -2 -3 -3 -3  5  1    1   2   0   0   0   1   0   0   1  15  32   0   1  14   3   1   1   0  21   7  0.77 0.36
  459 P   -1 -2 -1 -1 -6  0 -1 -5 -3 -6 -5 -1 -4 -7  7  0 -1 -7 -6 -3    5   2   3   3   0   4   4   0   1   0   1   3   0   0  61   8   3   0   0   2  1.54 0.60
  460 L   -2  1 -2  0 -3  0 -1 -4  0  0  1 -1  1  2  5 -1 -3 -4 -1 -2    3   7   1   7   0   6   3   1   2   4  13   3   5  10  28   5   0   0   2   1  0.45 0.26
  461 L   -3 -4 -3 -4 -4 -4 -4 -5 -4  4  3 -4  2  1  1 -1  0  0 -3  1    1   1   1   1   0   0   0   0   0  24  33   0   4   6   8   6   6   1   0   7  0.54 0.30
  462 P    0 -1 -1 -2 -2 -2 -1 -4 -3 -6 -4 -1 -3 -3  7  1 -1 -6 -5 -4    6   3   4   2   1   1   4   1   0   0   1   4   0   1  54  11   3   0   0   1  1.28 0.53
  463 G   -2  0  1 -1 -2  4 -1  3  2 -4 -4  0 -3 -5 -3  2  0 -1 -3 -3    2   6   7   3   1  21   2  23   4   1   1   4   0   0   1  17   6   1   1   1  0.47 0.30
  464 H   -3 -1 -5 -4  2 -4 -4 -6  1  0  3 -4  0  1 -6 -4 -2  0  7 -1    2   4   0   1   5   0   1   0   3   5  25   0   2   4   0   0   2   1  40   4  1.01 0.46
  465 S   -3 -5 -4 -3 -5 -4 -4 -3 -4 -5 -3 -5 -4 -6  0  7  0 -7 -5 -5    0   0   0   1   0   0   0   1   0   1   4   0   0   0   5  83   4   0   0   0  1.82 0.79
  466 L   -1  0  0  1 -2  2  1 -3  0 -2 -1  0 -1 -2  3  1 -1 -3  0 -2    5   5   3   8   1  11  11   0   2   1   7   5   2   1  17  10   3   0   3   2  0.26 0.18
  467 Q   -1 -1 -1  4 -1  2  4 -3 -2 -5 -4 -1 -4 -6  0  0 -2 -6 -4 -4    5   2   2  25   1   9  33   2   1   0   1   3   0   0   4   8   2   0   0   1  0.73 0.39
  468 L    0 -6 -7 -7  1 -6 -6 -6 -6 -1  5 -6  1  4 -6 -5 -4 -5 -3 -2    7   0   0   0   3   0   0   0   0   2  65   0   2  19   0   0   0   0   0   1  1.33 0.55
  469 Q   -2  4  1 -2  0  3 -1 -3  1 -1 -1  2 -2 -2 -4  0 -1 -3  0 -2    2  23   7   1   3  15   2   2   4   5   8  12   0   1   0   8   3   0   3   2  0.34 0.24
  470 Q    0  0  3  2 -3  2  2 -1  2 -2 -3  1 -2 -3 -3  2 -1 -5 -1 -3    6   4  13  13   0   9  12   3   4   2   1   8   1   1   0  17   3   0   2   0  0.33 0.22
  471 L   -4 -6 -7 -7 -3 -6 -6 -7 -6  2  5 -6  3  0 -6 -6 -4 -5 -4  2    0   0   0   0   0   0   0   0   0   9  67   0   5   4   0   0   0   0   0  14  1.34 0.53
  472 L   -5 -6 -7 -7 -3 -6 -6 -7 -6  6  3 -6  0 -2 -6 -6 -4 -6 -3  3    0   0   0   0   0   0   0   0   0  48  31   0   2   1   0   0   0   0   0  18  1.39 0.53
  473 K    0  2 -1  0  0  1 -1 -2  1 -3 -2  4 -2 -4 -3  1  0 -3 -2 -2    9  11   3   5   2   6   3   1   4   1   3  31   1   0   0  11   5   0   1   3  0.38 0.26
  474 T    1  0  0 -1 -1  2 -1 -2 -3 -2  0  0  2 -3 -3  2  0  2 -3 -1   15   5   5   2   1  13   4   2   0   1  10   4   7   1   0  21   4   3   0   3  0.23 0.22
  475 M   -5 -6 -7 -8  4 -5 -7 -7 -6 -1  2 -6 10 -5 -7 -6 -5 -6 -6 -4    1   0   0   0   9   0   0   0   0   3  16   0  71   0   0   0   0   0   0   0  2.68 0.92
  476 M   -4 -5 -6 -7  0 -5 -6 -7 -6  3  5 -6  6  2 -6 -5 -3 -5 -4  0    0   0   0   0   2   0   0   0   0  15  47   0  21   7   0   0   1   0   0   6  1.21 0.50
  477 D    0  1  2  2  0  3  1 -4  5 -3 -5  1 -3 -4 -4  1  0 -5 -2 -4    7   8  11  13   2  12   8   0  16   1   0   7   0   1   0   9   4   0   1   0  0.49 0.29
  478 R   -2  1 -4 -4 -5  0 -2 -5 -2 -1 -1  3 -3 -4  6 -2 -1  0  1  0    2   7   0   0   0   3   1   0   1   3   5  17   0   0  40   2   4   2   5   7  0.86 0.42
  479 D   -3 -3  4  7 -3 -1  0 -5 -1 -4 -6 -1 -6 -7 -5  0 -3 -7 -6 -4    2   1  21  55   0   2   5   0   1   1   0   4   0   0   0   6   1   0   0   1  1.40 0.58
  480 P   -1 -7 -6 -4 -7 -3 -5 -7 -1 -7 -7 -4 -7 -5  8 -4 -4 -4  0 -5    5   0   0   1   0   1   0   0   1   0   0   1   0   0  85   1   1   0   3   1  2.70 0.92
  481 K    0  2 -1  1 -2  1  3 -3  0 -3 -2  2 -1 -3 -3  1  0 -4 -2 -1    9  10   2   9   1   5  20   1   2   0   3  11   2   1   0  11   7   0   1   5  0.26 0.20
  482 R   -1  2  0  1 -2  3  2 -3  1 -3  0  3  0 -3 -3  0 -2 -2 -3 -4    4  10   4   9   1  12  13   0   4   0   9  21   3   1   0   6   1   1   0   0  0.36 0.25
  483 R   -6  9 -5 -7 -9 -4 -5 -7 -5 -8 -7 -3 -6 -8 -7 -6 -6 -8 -7 -8    0 100   0   0   0   0   0   0   0   0   0   0   0   0   0   0   0   0   0   0  3.17 1.04
  484 P   -1 -7 -7 -6 -7 -6 -6 -7 -7  0 -3 -6 -6 -6  8 -5 -6 -5 -5 -3    4   0   0   0   0   0   0   0   0   7   3   0   0   0  84   0   0   0   0   1  2.65 0.91
  485 S   -2 -5  0  0  0 -4 -3 -4 -4 -6 -5 -3 -5 -6 -4  6  4 -7 -6 -5    1   0   4   5   2   0   1   0   0   0   1   1   0   0   1  59  25   0   0   0  1.38 0.65
  486 A    5 -5 -5 -6  2 -5 -5 -4 -5  3 -2 -5 -2 -5 -3 -2 -1 -2 -5  2   56   0   0   0   4   0   0   0   0  15   4   0   1   0   1   2   4   0   0  13  1.02 0.50
  487 R    1  0  2  2 -3  1  2 -2  1 -3 -3  1  0 -3 -2  1  1 -3 -3 -1   12   5   9  13   0   6  14   1   4   1   1   9   2   1   1  10   8   0   0   3  0.26 0.19
  488 E    1 -1 -2  2 -3  5  4 -3 -3 -5 -5  0 -1 -5 -4  1  0 -3 -5 -3   11   3   0  13   0  24  25   1   0   0   0   3   2   0   0   9   6   0   0   2  0.67 0.39
  489 L    0 -6 -6 -7 -2 -6 -6 -6 -6  5  4 -6 -1 -3 -6 -5 -3 -5 -5  1    7   0   0   0   1   0   0   0   0  35  46   0   1   0   0   0   1   0   0   9  1.18 0.49
  490 L   -2 -4 -6 -7  2 -3 -6 -6 -5  0  6 -5  2 -2 -6 -4 -2 -3 -2  0    3   1   0   0   4   1   0   0   0   4  70   0   4   1   0   1   2   0   1   6  1.18 0.50
  491 D    1  3  1  0 -1  4  2 -3  0 -5 -4  2 -2 -5 -3  1 -2 -5 -4 -4   10  14   6   5   2  20  13   1   2   0   1  15   1   0   0   9   1   0   0   0  0.51 0.31
  492 H   -4  1  2 -1 -6 -1 -3 -5  8 -2  1  0 -1 -1 -6 -2 -3 -3  0 -5    0   7  11   3   0   2   0   0  45   2  15   5   1   2   0   3   1   0   3   0  1.22 0.51
  493 P   -2 -2 -3  1 -6 -1 -1 -2 -3 -6 -6 -4 -6 -7  7  1 -2 -7 -6 -4    2   2   1   7   0   3   3   3   0   0   0   0   0   0  64  11   2   0   0   1  1.70 0.63
  494 M   -1 -2 -4 -4 -1 -2 -3 -4 -1  2  1  0  1  4 -4 -1 -2  3  3  2    4   2   0   1   1   2   1   1   1  10  10   6   4  21   0   4   1   3  11  17  0.41 0.23
  495 F   -4 -5 -6 -6 -3 -5 -6 -6 -6  4  4 -4  2  4 -6 -5 -4 -4 -3  2    0   0   0   0   0   0   0   0   0  27  40   1   4  16   0   0   0   0   0  12  1.06 0.43
  496 D    0  4 -1  0 -1  4  1 -4 -1 -4 -3  2 -3 -4 -4  0  0 -5 -3 -3    8  23   1   4   1  23   7   0   1   1   2  14   0   1   0   8   5   0   1   1  0.58 0.32
  497 R   -3  3  1 -3 -5  2  2 -4 -3 -5 -4  5 -2 -3  2 -1 -3 -5 -3 -4    0  19   6   0   0   9  11   0   0   0   0  38   1   1   9   4   1   0   1   1  0.80 0.37
  498 I    0  0 -1 -2  2  1 -1 -3  0  0  1 -1  1  0  0  0  0 -3  0  0    9   7   4   0   6   9   3   0   3   6  20   1   4   3   4   7   3   0   3   7  0.08 0.09
  499 R   -3  6 -3 -4 -3  3 -1 -3 -3 -1  1  1  0 -4 -4 -2 -2 -4 -4 -1    0  49   0   0   0  14   1   1   0   3  17   8   2   0   0   2   1   0   0   3  0.79 0.32
  500 G    4 -4 -2 -3 -3 -3 -3  5 -3 -4 -4 -3 -3 -4 -3 -1 -2 -4 -4 -3   46   0   0   0   0   0   0  54   0   0   0   0   0   0   0   0   0   0   0   0  1.10 0.28

                      K         Lambda
Standard Ungapped    0.1330     0.3172
Standard Gapped      0.0451     0.2670
PSI Ungapped         0.1471     0.3099
PSI Gapped           0.0451     0.2670
