
Last position-specific scoring matrix computed, weighted observed percentages rounded down, information per position, and relative weight of gapless real matches to pseudocounts
           A  R  N  D  C  Q  E  G  H  I  L  K  M  F  P  S  T  W  Y  V   A   R   N   D   C   Q   E   G   H   I   L   K   M   F   P   S   T   W   Y   V
    1 M   -3 -4 -5 -6 -4 -3 -4 -5 -4 -1  0 -4 10 -2 -5 -4 -3 -4 -3 -1    0   0   0   0   0   0   0   0   0   0   0   0 100   0   0   0   0   0   0   0  2.36 0.50
    2 L   -3 -4 -5 -5 -3 -2 -4 -5 -4  4  5 -4  1  1 -4 -4 -2 -3 -2  0    0   0   0   0   0   2   0   0   0  30  63   0   1   4   0   0   0   0   0   0  0.82 0.22
    3 I   -3 -3 -2  1 -4 -1  5 -3 -3  4 -2 -1 -1 -3 -3 -2 -2 -4 -3  0    0   0   0   7   0   0  49   1   0  39   0   1   1   0   0   0   0   0   0   2  0.70 0.25
    4 K    1 -2 -3 -3 -3 -2 -1 -3 -3  3 -1  0  1  5 -2  0 -1 -2  0 -1   17   0   0   0   0   1   3   0   0  25   0   8   3  31   1  10   1   0   1   0  0.31 0.16
    5 Q   -1 -1 -2 -1 -5  5  5 -4  0 -5 -4  0 -3 -5 -1 -2 -2 -4 -3 -3    3   1   0   0   0  38  50   0   1   0   0   3   0   0   2   0   0   0   0   1  1.04 0.29
    6 L   -3  5 -1 -3 -1  0 -1 -4 -2 -4 -1  5 -1 -4 -3 -2 -2 -4 -3 -3    0  39   1   0   2   0   0   0   0   0   7  48   1   0   0   0   1   0   0   1  0.93 0.28
    7 S   -3 -4 -4 -4 -5 -3 -3 -4 -4  1 -2 -3 -2 -5  8  0 -3 -6 -5 -2    0   0   0   0   0   0   1   0   0  10   3   0   1   0  77   7   0   0   0   2  1.91 0.39
    8 S   -1  2  2 -1 -3  1  4 -3 -2 -2 -3  1 -2 -4 -3  1  2 -4 -3 -1    1  10  11   0   0   3  32   0   0   2   0   9   0   0   0   9  19   0   0   4  0.42 0.18
    9 S   -2 -3 -3 -4  1 -3 -2 -4 -4  5  2 -3  0  0 -4  0  1 -4 -2  1    0   1   0   0   3   0   2   0   0  44  23   0   0   2   0   9  10   0   0   6  0.47 0.19
   10 Y    0 -1 -1 -1 -3 -1  2 -2  3  0 -2 -1 -2 -2 -2  0  3 -3  1  1    6   2   1   1   0   1  16   1  10   5   0   2   0   0   0   6  25   0   6  15  0.23 0.15
   11 N   -2  0  1  1 -2  1  5 -3 -2 -1 -3  2 -3 -4 -2 -1 -1 -4 -3  0    1   4   8   5   1   2  52   0   0   4   1  11   0   0   0   2   3   0   0   7  0.60 0.23
   12 E   -1  0 -1  0 -3  1  4 -4 -2  3 -1 -1 -1 -3 -3 -1  0 -4 -2  1    2   4   1   4   0   5  37   0   0  22   4   2   1   0   0   3   4   0   0  10  0.34 0.17
   13 Y    0 -1  1  1 -3  0  2 -2  0 -2 -3  0 -2 -2  0  3  1 -3  1  0    3   2   6   8   0   2  16   1   1   1   0   3   0   1   3  28   7   0   8  10  0.22 0.13
   14 N   -1 -2  1  2 -3  1  4 -3 -1  1  0 -1 -2 -3 -1 -1 -2 -4 -2  1    3   1   7  12   0   5  32   0   1  10   7   0   0   0   2   3   0   0   1  14  0.27 0.15
   15 N   -1 -2  3  5 -4 -1  1  0 -2 -4 -4 -1 -4 -4 -3  2  1 -5 -4 -3    3   1  16  38   0   1   6   8   0   0   0   1   0   0   0  17   9   0   0   0  0.64 0.22
   16 N    0 -1  3  3 -3  0  2  1 -1 -4 -4  0 -3 -4  1  0 -1 -4 -2 -2    7   3  23  17   0   1  14  13   0   0   0   6   0   0   5   7   2   0   1   2  0.37 0.14
   17 Y   -1  1  3  0 -3 -1 -1 -2  1 -2 -3  1 -2  0 -3  1  2 -2  3 -2    2   8  18   4   0   1   1   0   4   1   1  12   0   4   0   9  21   0  13   1  0.29 0.15
   18 A    0  3 -4 -5 -5 -2 -3 -5  2 -4 -3 -2 -2  2 -5 -3 -3 -1  8 -3    7  22   0   0   0   1   0   0   4   0   0   0   0   8   0   0   0   0  57   0  1.28 0.36
   19 A    2 -4 -2 -3 -4 -2 -3  6 -4 -5 -5 -3 -4 -5 -3  2 -1 -4 -4 -4   14   0   0   0   0   1   0  65   0   0   0   0   0   0   0  18   2   0   0   0  1.13 0.30
   20 S   -2  5 -2 -3 -2  0  0 -4 -2 -4 -4  6 -2 -5 -3  0 -2 -5 -4 -4    0  30   0   0   1   1   5   0   0   0   0  55   1   0   0   6   1   0   0   0  1.02 0.31
   21 F   -4 -5 -5 -6 -5 -6 -6 -6 -4  0 -2 -5 -2  8 -6 -5 -4 -1  2  0    0   0   0   0   0   0   0   0   0   3   0   0   0  87   0   0   0   0   3   7  1.97 0.45
   22 L    0 -4 -4 -5 -3 -4 -3 -5 -5  2  0 -3 -1 -2 -4 -2  1 -4 -2  6    5   0   0   0   0   0   1   0   0  11   6   1   0   1   0   1   8   0   0  67  0.81 0.28
   23 I   -1 -4 -5 -5  2 -4 -4 -5 -5  5  2 -4  1 -2 -4 -3 -2 -3 -3  4    3   0   0   0   5   0   0   0   0  37  13   0   3   0   0   0   0   0   0  39  0.78 0.25
   24 G   -3 -3 -2  0 -6  0  7  0 -3 -6 -5 -2 -4 -6 -4 -1 -3 -5 -4 -5    0   0   0   2   0   1  86   8   0   0   0   0   0   0   0   2   1   0   0   0  1.54 0.43
   25 P   -4 -5 -5 -4 -6 -4 -4 -5 -5 -6 -6 -4 -5 -7  9 -4 -4 -7 -6 -5    0   0   0   0   0   0   0   0   0   0   0   0   0   0 100   0   0   0   0   0  3.04 0.57
   26 L   -4 -4 -6 -6 -3 -4 -5 -6 -5  0  6 -5  1  1 -5 -5 -3 -4 -3 -1    0   0   0   0   0   0   0   0   0   0  94   0   2   4   0   0   0   0   0   0  1.38 0.38
   27 P   -3 -3 -3  0 -6 -1  7 -5 -3 -6 -5 -1 -5 -6  1 -3 -3 -5 -5 -4    0   0   0   1   0   0  91   0   0   0   0   1   0   0   6   0   0   0   0   1  1.74 0.46
   28 E   -3  7 -3 -4 -4 -1  0 -5 -3 -5 -5  0 -4 -5  4 -3 -3 -5 -4 -5    0  72   0   0   0   0   6   0   0   0   0   0   0   0  21   1   0   0   0   0  1.51 0.40
   29 G   -2 -5 -3 -4 -5 -4 -5  7 -5 -6 -6 -4 -5 -6 -5 -3 -4 -5 -6 -6    0   0   0   0   0   0   0 100   0   0   0   0   0   0   0   0   0   0   0   0  2.16 0.46
   30 I   -4 -4 -5 -6 -5 -2 -5 -6 -1  0 -3 -5 -3  6 -6 -4 -4  0  8 -3    0   0   0   0   0   1   0   0   0   6   0   0   0  32   0   0   0   0  61   0  1.79 0.43
   31 A    0 -5 -3 -4 -5 -4 -4  7 -4 -6 -6 -4 -5 -5 -4 -2 -4 -5 -5 -5    8   0   0   0   0   0   0  92   0   0   0   0   0   0   0   0   0   0   0   0  1.88 0.42
   32 Q   -2 -3 -2 -3 -3  1 -3 -4  3  3 -2 -3 -1 -2 -4 -2  4 -3  4  0    0   0   1   0   0   6   0   0   8  19   1   0   1   0   0   0  41   0  18   5  0.61 0.27
   33 S   -2 -4 -2 -4 -3 -3 -3 -4 -4 -3 -4 -3 -3 -5 -4  1  7 -5 -4 -3    0   0   0   0   0   0   0   0   0   0   0   0   0   0   0   7  93   0   0   0  1.74 0.48
   34 L   -3 -4 -5 -6 -3 -4 -5 -6 -5  2  6 -5  0  0 -5 -4 -3 -4 -3  0    0   0   0   0   0   0   0   0   0   9  85   0   1   3   0   0   0   0   0   3  1.18 0.33
   35 G   -2 -5 -3 -4 -5 -4 -5  7 -5 -6 -6 -4 -5 -6 -5 -3 -4 -5 -6 -6    0   0   0   0   0   0   0 100   0   0   0   0   0   0   0   0   0   0   0   0  2.16 0.46
   36 F   -4 -3  8 -1 -5 -3 -3 -3 -2 -6 -6 -3 -5  1 -5 -2 -3 -6 -4 -5    0   0  93   0   0   0   0   0   0   0   0   0   0   6   0   0   0   0   0   0  2.08 0.51
   37 N    2 -3  1 -2 -2 -2 -2 -2 -3 -4 -4 -2 -4 -5 -1  6 -1 -5 -4 -3   19   0   6   0   0   0   0   1   0   0   0   0   0   0   2  73   0   0   0   0  1.06 0.37
   38 I   -4 -4 -6 -6 -3 -4 -5 -6 -5  2  6 -5  1 -2 -5 -5 -3 -4 -3 -1    0   0   0   0   0   0   0   0   0   8  90   0   2   0   0   0   0   0   0   0  1.32 0.36
   39 R   -4  8 -3 -4 -6 -2 -3 -5 -3 -6 -5  0 -4 -6 -5 -3 -4 -5 -4 -5    0 100   0   0   0   0   0   0   0   0   0   0   0   0   0   0   0   0   0   0  2.26 0.52
   40 S   -4  8 -3 -4 -6 -1 -3 -5 -3 -6 -5  0 -4 -5 -5  0 -3 -5 -4 -5    0  94   0   0   0   0   0   0   0   0   0   0   0   0   0   6   0   0   0   0  2.01 0.49
   41 V   -2 -4 -4 -5 -3 -4 -4 -5 -5  5 -1 -4  0 -2 -4 -3  2 -5 -3  4    0   0   0   0   0   0   0   0   0  49   0   0   2   0   0   0  18   0   0  31  0.90 0.30
   42 L   -4 -4 -6 -6 -3 -4 -5 -6 -5  0  6 -5  4 -2 -5 -5 -3 -4 -3 -1    0   0   0   0   0   0   0   0   0   0  90   0  10   0   0   0   0   0   0   0  1.38 0.38
   43 L   -4 -4 -6 -6 -4 -4 -5 -6 -5  0  6 -5  0 -2 -5 -4 -3 -4 -3 -1    0   0   0   0   0   0   0   0   0   1  98   0   0   0   0   0   0   0   0   0  1.49 0.40
   44 K    0 -2 -2 -3 -3 -2 -2 -3 -3 -5 -5  0 -4 -5 -3  6  0 -5 -4 -4    5   1   0   0   0   0   0   0   0   0   0   6   0   0   0  85   2   0   0   0  1.28 0.41
   45 E   -1 -3 -1 -2 -3 -2  0 -3 -3 -5 -5 -2 -4 -4 -3  7 -1 -5 -4 -4    1   0   1   0   0   0   6   0   0   0   0   0   0   1   0  91   1   0   0   0  1.43 0.45
   46 F   -3 -4 -5 -5 -3 -4 -5 -5 -4  4  5 -4  3  1 -5 -4 -3 -3 -2  0    0   0   0   0   0   0   0   0   0  25  61   0   6   6   0   0   0   0   0   2  0.91 0.27
   47 P   -3 -5 -4 -3 -5 -2 -1 -5 -5 -5 -5 -3 -5 -5  8 -3 -2 -6 -5 -4    0   0   0   1   0   2   3   0   0   0   0   0   0   0  90   1   1   0   0   1  2.54 0.50
   48 Y   -2 -5 -3 -4 -5 -4 -4  7 -4 -6 -6 -4 -5 -4 -5 -2 -4 -4  1 -5    0   0   0   0   0   0   0  92   0   0   0   0   0   0   0   2   0   0   6   0  1.86 0.42
   49 F    5 -3 -3 -4  1 -3 -3 -2 -3 -2 -3 -3  0  1 -3  0  2 -4  0  0   62   0   0   0   2   0   0   0   0   0   0   0   2   7   0   5  12   0   3   8  0.65 0.27
   50 A    7 -4 -4 -4 -3 -3 -3 -1 -4 -4 -4 -3 -3 -5 -3  0 -2 -5 -4 -3   97   0   0   0   0   0   0   1   0   0   0   0   0   0   0   2   0   0   0   0  1.52 0.44
   51 V   -1 -5 -5 -5 -2 -4 -4 -5 -5  3  0 -4 -1 -3 -1 -4 -2 -5 -3  6    3   0   0   0   0   0   0   0   0  18   2   0   0   0   3   0   1   0   0  72  1.06 0.33
   52 K   -2 -2  0 -3 -3 -2 -3 -3 -3 -2 -3  1 -3 -4 -3  2  6 -5 -3 -1    0   1   4   0   0   0   0   0   0   1   0   7   0   0   0  13  70   0   0   3  1.04 0.36
   53 N    0 -1  2  0 -3  1  1 -2 -1 -4 -4 -1 -2 -2 -3  5  0 -4 -1 -3    4   3  13   3   0   7   6   1   1   0   0   1   1   1   0  53   3   0   2   0  0.57 0.25
   54 I   -2 -5 -5 -5 -3 -4 -5 -5 -5  5  0 -4 -1 -2 -5 -4 -2 -5 -3  5    2   0   0   0   0   0   0   0   0  47   3   0   0   0   0   0   0   0   0  48  1.09 0.32
   55 R   -3  4 -1 -2 -5  4  0 -4 -1 -5 -4  5 -3 -5 -3 -2 -2 -4 -1 -4    0  26   2   0   0  25   3   0   0   0   0  40   0   0   0   1   1   0   2   0  0.94 0.30
   56 F   -4 -5 -6 -6 -4 -5 -6 -6 -5  7 -1 -5  0  2 -5 -5 -3 -4 -3  1    0   0   0   0   0   0   0   0   0  88   0   0   1   9   0   0   0   0   0   2  1.55 0.41
   57 N   -1 -2  2  6 -5 -1  3 -3 -3 -5 -5 -1 -4 -5 -1 -2 -2 -6 -5 -5    5   1   7  58   0   1  22   0   0   0   0   2   0   0   2   1   1   0   0   0  1.12 0.31
   58 P   -2 -4 -1 -1 -5 -4 -4  7 -4 -6 -6 -4 -5 -5  1 -2 -3 -5 -5 -5    0   0   2   4   0   0   0  86   0   0   0   0   0   0   6   1   1   0   0   0  1.64 0.38
   59 E   -1 -4 -4 -5 -3 -4  0 -5 -5  1 -1 -2 -2 -3 -4 -3 -2 -5 -3  7    4   0   1   0   0   0   6   0   0   1   0   2   0   0   0   0   0   0   0  86  1.19 0.38
   60 N   -2 -3  0 -4 -3  0 -2 -5 -3  0  5 -3  0 -1 -3 -3 -2  0 -1  0    1   1   6   0   0   5   2   0   0   0  76   0   0   1   1   0   1   1   2   3  0.76 0.28
   61 N   -5 -3  1 -3 -6 -2 -3 -5 11 -6 -6 -4 -5 -4 -5 -4 -4 -5 -1 -6    0   0   6   0   0   0   0   0  93   0   0   0   0   0   0   0   0   0   0   0  2.88 0.59
   62 N   -3 -3  1 -1 -6 -1  7 -5 -3 -6 -6 -2 -5 -6 -4 -3 -3 -6 -5 -5    0   0   6   0   0   0  94   0   0   0   0   0   0   0   0   0   0   0   0   0  1.84 0.48
   63 Y   -5 -5 -5 -6 -5 -5 -6 -6 -3 -3 -2 -5 -3  9 -6 -5 -5 -1  4 -3    0   0   0   0   0   0   0   0   0   0   0   0   0  85   0   0   0   0  15   0  2.16 0.47
   64 K   -1 -2 -1  0 -2 -2 -2 -3 -3 -4 -4  0 -3 -4 -3  6  3 -5 -4 -3    2   1   0   3   0   0   0   0   0   0   0   6   0   0   0  73  15   0   0   0  1.04 0.36
   65 T    0 -3 -2 -3 -3 -3 -3 -4 -4 -3 -4 -3 -3 -4 -2  1  7 -5 -4 -1    5   0   0   0   0   0   0   0   0   0   0   0   0   0   1  10  82   0   0   2  1.37 0.42
   66 H   -3 -4 -5 -5 -3 -4 -5 -6  2  6  0 -3 -1 -2 -5 -4 -2 -5 -3  3    0   0   0   0   0   0   0   0   6  65   4   1   0   0   0   0   0   0   0  24  1.08 0.32
   67 I   -2 -2 -1  2 -5 -1  2 -4 -3 -1 -4  0 -4 -5  7 -2 -2 -5 -4 -3    2   0   2  13   0   2  16   0   0   6   0   6   0   0  51   1   1   0   0   0  1.16 0.29
   68 G   -2 -5 -2 -4 -5 -4 -5  7 -3 -6 -6 -4 -5 -6 -5 -3 -4 -5 -6 -6    0   0   1   0   0   0   0  98   0   0   0   0   0   0   0   0   0   0   0   0  2.08 0.45
   69 T   -2 -5 -5 -5 -2 -4 -5 -5 -5  1 -1 -4 -1 -3 -5 -4  0 -5 -4  7    0   0   0   0   0   0   0   0   0   2   0   0   0   0   0   0   6   0   0  91  1.42 0.41
   70 K   -2  2 -2 -3 -4  1 -1 -3 -3 -1  0  5 -1 -3 -3 -2  0 -4 -2  2    0  11   0   0   0   6   1   0   0   1   9  47   1   0   0   0   6   0   0  17  0.52 0.23
   71 E   -3 -3 -3  0 -6 -1  8 -5 -3 -6 -6 -2 -5 -6 -4 -3 -3 -6 -5 -5    0   0   0   2   0   0  98   0   0   0   0   0   0   0   0   0   0   0   0   0  2.00 0.50
   72 S   -4 -4 -1  8 -6 -3 -1 -4 -4 -6 -6 -3 -6 -6 -4  0 -3 -7 -6 -6    0   0   1  93   0   0   0   0   0   0   0   0   0   0   0   6   0   0   0   0  2.07 0.48
   73 I   -2 -5 -5 -5 -3 -4 -5 -5 -5  2 -1 -4  0 -3 -5 -4  0 -5 -3  7    0   0   0   0   0   0   0   0   0   8   0   0   1   0   0   0   4   0   0  86  1.32 0.38
   74 E    0 -3 -2 -3 -3 -2  0 -3 -4 -1 -2 -3  0 -4 -1  1  6 -4 -3  1    5   0   0   0   0   0   6   0   0   3   3   0   2   0   3   6  64   0   0   8  0.79 0.30
   75 T   -1 -2  0  3 -4  3  5 -3 -1 -4 -4  0 -3 -5 -3  0  1 -4 -4 -4    2   0   3  18   0  13  47   0   0   0   0   2   0   0   0   3  11   0   0   0  0.78 0.26
   76 I   -3 -5 -5 -5 -3 -5 -5 -6 -5  7  1 -5  0 -2 -5 -4 -3 -5 -3  1    0   0   0   0   0   0   0   0   0  87   6   0   1   1   0   0   0   0   0   4  1.48 0.39
   77 I   -3 -5 -5 -5 -3 -5 -5 -6 -5  7  1 -4  0 -2 -5 -4 -3 -4 -3  3    0   0   0   0   0   0   0   0   0  75   9   0   1   0   0   0   0   0   0  13  1.23 0.34
   78 N   -3 -4  0 -5 -3 -3 -4 -5 -4  0  6 -4  3 -2 -4 -4 -3 -3 -3 -1    0   0   6   0   0   0   0   0   0   0  82   0   8   0   0   0   0   0   0   0  1.06 0.32
   79 T   -3 -3  8 -1 -5 -2 -3 -3 -2 -5 -5 -2 -4 -5 -4 -1  1 -6 -4 -5    1   0  88   0   0   0   0   0   0   0   0   0   0   0   0   1   8   0   0   0  1.86 0.45
   80 I   -3 -4 -5 -5 -3 -4 -4 -5 -4  5  4 -4  1 -1 -4 -4 -2 -3 -3  1    0   0   0   0   0   0   0   0   0  37  50   0   2   1   0   0   1   0   0   7  0.82 0.24
   81 L   -3  0 -2 -3 -5 -1 -1 -4 -3 -4 -1  7 -3 -5 -3 -2 -3 -5 -4 -4    0   1   0   0   0   0   0   0   0   0   6  90   0   0   0   0   0   0   0   0  1.52 0.42
   82 G   -1  0  1  0 -2  1  1  3 -1 -4 -4  3 -3 -4 -2  1 -1 -4 -3 -3    2   2   8   3   1   6  11  31   0   0   1  21   0   0   0  11   1   0   0   0  0.43 0.16
   83 I   -3 -4 -5 -5 -3 -4 -4 -5 -4  3  5 -4  0 -1 -4 -4 -2 -3 -3  2    0   0   0   0   0   0   0   0   0  18  64   0   0   0   0   0   0   0   0  15  0.85 0.25
   84 D    3 -1 -2  0  2 -1 -1 -2 -3  0 -2 -1 -2 -3 -2  1  0 -4 -3  3   33   4   0   6   5   3   2   0   0   2   0   1   0   0   0  12   2   0   0  27  0.29 0.16
   85 F   -1 -3 -4 -4 -1 -3 -4 -4 -4  3  4 -4  1  2 -4 -3 -2  0 -1  2    5   0   0   0   1   0   0   0   0  15  49   0   2  10   0   0   0   1   0  15  0.55 0.18
   86 N   -2  3  1 -2 -4 -1 -1 -2 -2 -4 -3  5 -2 -4 -3  2 -1 -4 -3 -3    1  17   7   1   0   0   1   1   0   0   1  48   0   0   0  18   2   0   0   1  0.68 0.25
   87 Y   -1 -3  1 -2 -2 -2 -2 -2 -2  2  1 -2  4  0 -1  2 -1 -3  1  0    2   0   7   1   0   0   0   2   0  17  16   1  17   2   2  25   0   0   7   1  0.25 0.16
   88 S   -1 -2  2  2 -3  0  2 -2  5 -3 -2 -1 -2 -1 -2  1 -1 -2  3 -2    3   0   9  11   0   1  17   1  21   1   3   1   0   2   0  10   3   0  14   2  0.39 0.16
   89 F    0 -2  1 -1 -1 -1  0  2  1 -2 -2 -1 -2  1 -2  3  1 -2 -1 -1    5   1   7   2   1   1   6  14   5   2   3   1   0   7   1  32   8   0   1   3  0.20 0.11
   90 D   -2  0  0  6 -4  0  3 -2 -2 -4 -4 -1 -3 -4 -1 -1 -2 -4 -3 -3    2   5   2  52   0   1  21   1   0   1   1   1   0   1   3   4   1   0   0   1  0.84 0.22
   91 F   -1 -1 -1  2 -3  0  5  0 -1 -3 -3 -1 -2  1 -2 -1 -1 -3 -2 -3    3   1   1  12   1   1  49   8   1   1   2   1   0   9   1   3   2   0   1   1  0.53 0.18
   92 Y   -1 -1 -1  0 -3  0  3 -2 -2 -2 -2 -1 -2 -2  5  0 -1 -3  1 -2    4   2   1   6   0   2  21   1   0   1   2   1   1   1  36   7   2   0   7   3  0.62 0.16
   93 K   -1  1 -1 -1 -3  1  0 -2 -1 -1 -2  4 -1 -2 -2 -1 -1 -3 -2  2    4   7   1   3   0   6   5   1   1   2   2  39   0   1   1   2   1   0   1  22  0.32 0.14
   94 A    1 -1 -1 -1 -2 -1 -1 -2 -2  0 -1 -1 -1 -2 -1  0  3 -2 -2  2   10   2   2   3   0   2   3   2   1   4   4   4   1   1   3   4  32   0   1  22  0.21 0.11
   95 M   -1 -2 -2 -2 -2 -2 -2 -2 -2  2  3 -1  4 -1 -2 -2 -1 -2 -2  1    5   2   1   1   0   1   2   3   1  12  30   4  20   1   1   2   2   0   1  11  0.26 0.11
   96 G   -1  1 -1 -1 -2  0  2  0  1 -1 -2  0 -1  0 -2 -1  0 -1  4 -1    2  10   2   2   1   2  19   8   3   5   3   5   1   1   1   4   5   0  22   4  0.20 0.09
   97 L   -1 -2 -3 -3 -2 -2 -2 -3 -3  4  3 -2  1 -1 -2 -2 -1 -2 -2  1    3   1   1   1   1   1   2   2   1  34  40   2   1   1   1   2   2   0   1   3  0.42 0.13
   98 Y    0  2  0  0 -1  0  0 -1  1 -1 -1  0 -1  0  0  0  0  0  2 -1    5  20   3   6   1   3   6   5   3   4   7   4   1   2   3   8   4   1   9   5  0.07 0.02
   99 K    0  1  0  0 -1  0  0 -1 -1 -1 -1  3 -1 -1  0  0  0 -1 -1 -1    8   4   5   3   1   3   4   5   1   4   6  31   1   2   3   6   4   1   2   5  0.11 0.03
  100 S    0  0  0  0 -1  2  1  0  0 -1  0  0  0 -1  0  1  0 -1 -1 -1    7   3   4   6   1  12   8   5   1   3  10   4   1   3   3  15   4   1   2   4  0.06 0.01
  101 K    0  0  0  0 -1  0  1  0  0 -1 -1  1  0 -1  0  0  0  0  0  0    7   5   6   5   2   4   8   7   2   4   8  13   2   3   4   6   6   1   3   5  0.03 0.00
  102 P    0  0  0  0 -1  0  0  0  0  0  0  0  0 -1  2  0  0  0  0  0    7   4   4   5   2   5   6   6   2   5  10   7   2   3  12   6   5   1   3   6  0.07 0.00
  103 K    0  0  0  0 -1  0  0  0  0  0  0  1  0  0  0  0  0  0  0  0    7   5   4   5   2   4   6   7   2   5  10  14   2   3   5   6   5   1   3   6  0.02 0.00
  104 A    1  0  0  0  0  0  0  0  0  0  0  0  0  0  0  0  0  0  0  0   13   5   4   5   2   4   6   7   2   5   8   8   2   3   5   6   5   1   3   7  0.02 0.03
  105 L    0  0  0  0  0  0  0  0  0  0  1  0  0  0  0  0  0  0  0  0    8   5   4   5   2   4   6   7   2   5  18   5   2   3   5   6   5   1   3   7  0.01 0.00
  106 F    0  0  0  0 -1  0  0  0  0  0  0  0  0  1  0  0  0  0  0  0    8   5   4   6   2   4   6   7   2   5   8   7   2   9   5   6   5   1   4   6  0.01 0.03
  107 Q    0  0  0  0 -1  1  0  0  0  0  0  0  0  0  0  0  0  0  0  0    7   5   4   5   2  10   6   6   2   6  11   5   2   3   5   6   5   1   3   6  0.02 0.00
  108 E    0  0  0  0 -1  0  1  0  0 -1  0  0  0 -1  0  0  0  0  0  0    7   4   4   5   2   4  14   6   3   4   9   7   2   3   4   7   5   1   3   6  0.04 0.00
  109 N    0  0  1  0  0  0  0  0  0 -1  0  0  0 -1  0  1  0  0  0  0    7   4  10   5   2   4   6   8   2   4   9   5   2   3   4  10   5   1   3   5  0.03 0.00
  110 L    0  0  0  0 -1  0  0  0  0  0  0  0  0  0  1  0  0  1  0  0    7   5   4   6   2   4   6   6   3   5  14   6   2   3   6   7   5   3   3   5  0.02 0.00
  111 S    0  0  0  0 -1  0  0  0  0 -1 -1  0  0 -1  0  1  1 -1  0 -1    7   4   4   6   1   3   7   8   2   4   7   5   2   3   4  17   9   1   2   5  0.05 0.01
  112 K    0  1  1  1 -1  1  1  0  0 -1 -1  1  0 -1  1  0  0 -1 -1 -1    6   6   7   8   1   5   8   6   2   4   7  12   2   3   5   5   4   1   2   5  0.05 0.00
  113 A    1  0  0  1 -1  0  1  0  0 -1 -1  0  0 -1  0  0  0 -1 -1  0   13   5   3   8   1   4  15   6   2   4   7   4   2   3   4   5   5   1   2   6  0.05 0.01
  114 K    0  0  0  0 -1  0  1  0  0 -1 -1  1  0 -1  2  0  0 -1 -1  0    6   4   4   4   1   3   8   5   2   4   7  10   2   3  12   7   8   1   2   7  0.08 0.01
  115 F    0  0  0  0 -1  0  0  0  0  0  0  1  0  1  0  0  0  0  0  0    7   4   3   4   1   4   5   5   3   4   7  14   2   9   4   5   5   1   2   8  0.01 0.00
  116 L    0  0  0  0 -1  0  0 -1 -1  0  0  0  0 -1  0  0  1 -1  0  0    5   4   3   4   1   4   7   5   2   7  13   5   2   3   4   7  14   1   2   8  0.02 0.01
  117 C    1 -1 -1 -1  2  0  0  0 -1  0  0  0  0 -1  0  0  0 -1 -1  0   16   4   3   4   7   3   4   6   2   6  13   4   3   3   4   5   4   1   2   7  0.02 0.01
  118 S    0  1  0  0 -1  0  1 -1  0 -1 -1  0 -1  0  0  1  0  0  1  0    5  10   3   4   1   3  10   5   2   5   6   4   1   3   4  14   7   1   8   5  0.05 0.01
  119 A    0 -1 -1 -1 -1 -1 -1 -1 -1  2  1 -1  0  0  0  0  0 -1 -1  1   11   3   3   3   1   3   4   5   1  22  15   4   1   3   3   4   4   1   2   7  0.03 0.02
  120 K   -1 -1  1  4 -2  0  3 -2 -1 -2 -2  1 -2 -1 -1  0 -1 -2 -2 -1    3   2   6  29   1   2  23   2   1   2   3  10   1   3   2   4   2   0   1   5  0.35 0.10
  121 Q    2 -1 -1 -2  0  1 -1 -1 -1  1 -1  0  0  0 -1  0  0 -2  0  2   24   1   1   2   2   8   2   2   2   6   3   7   1   6   1   3   3   0   2  23  0.10 0.07
  122 V    0  0  0  0 -2  2  3 -2 -1 -1 -2  2 -1 -2 -1  0  1 -2 -2  0    5   4   3   3   0  13  21   2   1   2   2  13   1   1   1   5  12   0   1  11  0.19 0.08
  123 G   -2 -4 -2 -3 -4 -4 -4  7 -4 -5 -5 -3 -4 -5 -4 -2 -3 -4 -5 -5    1   0   0   1   0   0   0  93   0   0   1   0   0   0   0   1   1   0   0   0  1.82 0.38
  124 E    0 -3 -2 -1 -5 -1  5 -3 -3 -5 -5 -1 -4 -5  6 -1 -3 -5 -4 -4    9   0   1   2   0   0  40   0   0   0   0   3   0   0  42   3   0   0   0   0  1.18 0.32
  125 G    2 -2 -2 -3  2 -3 -3  6 -4 -4 -5  0 -2 -5 -4 -2 -2 -4 -4 -3   17   2   0   0   4   0   0  67   0   0   0   6   1   0   0   0   1   0   0   1  1.08 0.29
  126 I   -1 -2 -2  0 -3  0  4 -4 -3  1 -2 -1 -1 -3  1 -2  1 -4 -3  3    4   1   1   5   0   3  33   0   0  11   0   2   0   0   6   0   8   0   0  27  0.36 0.18
  127 L   -2 -5 -5 -5 -3 -4 -5 -5 -5  2  1 -4 -1 -2 -4 -4 -2 -5 -3  6    1   0   0   0   0   0   0   0   0   9   8   0   0   1   0   0   0   0   0  80  1.19 0.35
  128 Y   -2  1 -2 -3 -3 -3 -3 -4 -3 -3 -3  0 -3 -4 -3 -1  7 -4  1 -2    0   7   0   0   0   0   0   0   0   0   2   6   0   0   0   0  77   0   6   1  1.18 0.39
  129 A    6 -4 -4 -4 -3 -3 -3  0 -4 -4 -4 -3 -3 -5 -3 -1 -2 -5 -4 -2   94   0   0   0   0   0   0   6   0   0   0   0   0   0   0   0   0   0   0   0  1.44 0.42
  130 K    3 -1 -2 -2 -3 -2 -1  4 -3 -4 -4  1 -3 -4 -3  0 -2 -4 -4 -3   37   2   1   1   0   0   3  41   0   0   0  10   0   0   0   5   0   0   0   0  0.71 0.24
  131 D   -4 -4  0  8 -6 -3 -1 -4 -2 -6 -6 -2 -6 -6 -4 -2 -3 -7 -6 -6    0   0   1  95   0   0   0   0   1   0   0   1   0   0   0   1   0   0   0   0  2.11 0.48
  132 L   -4 -5 -6 -5 -3 -5 -5 -6 -5  7  1 -5 -1  0 -5 -5 -3 -4 -3  1    0   0   0   0   0   0   0   0   0  83  12   0   0   4   0   0   0   0   0   2  1.41 0.38
  133 M   -1  0 -1  0 -3  3  1 -3 -1  2 -1  2  2 -3 -3 -1  1 -4 -2  0    4   3   1   3   0  17   8   0   1  16   3  15   9   0   0   2  12   0   0   5  0.19 0.13
  134 L    1 -3 -2 -3  3 -2 -2  0  2 -1  1 -2 -1 -2  2 -1  2 -1 -1  1   17   0   0   0   8   0   0   5   7   0  16   0   0   0  13   2  17   1   1  10  0.23 0.14
  135 P   -3 -4 -1  6 -5 -3 -1 -1 -4 -5 -5 -3 -5 -6  6 -1 -3 -6 -5 -4    0   0   1  51   0   0   1   5   0   0   0   0   0   0  37   3   1   0   0   1  1.39 0.35
  136 V    3 -2 -1 -1 -2 -1 -1  0  2 -3 -3 -2 -2 -4  2  3  0 -4 -3  0   30   0   1   2   0   2   2   7   7   0   1   0   0   0   9  30   3   0   0   6  0.40 0.19
  137 G   -3 -3  0  6 -4 -2  2  3 -2 -5 -6 -3 -5 -5 -4 -2 -3 -5 -5 -5    0   0   2  56   0   0  12  28   0   0   0   0   0   0   0   1   1   0   0   0  1.17 0.32
  138 I   -2 -5 -5 -5 -3 -4 -5 -5 -5  4 -1 -4 -1 -2 -5 -4 -1 -5 -3  6    1   0   0   0   0   0   0   0   0  22   1   0   0   1   0   0   2   0   0  73  1.18 0.35
  139 K   -3 -2 -2  0 -5  0  7 -4 -2 -5 -5  1 -2 -5 -3 -2  1 -5 -4 -3    0   0   0   3   0   2  78   0   0   0   0   6   1   0   0   1   8   0   0   1  1.31 0.38
  140 C   -3 -5 -5 -5  3 -5 -5 -6 -5  6 -1 -5 -1 -2 -5 -4 -2 -5 -3  4    0   0   0   0   6   0   0   0   0  61   0   0   0   0   0   0   0   0   0  33  1.17 0.34
  141 T   -2 -3 -3 -4 -2 -3 -3 -4  4  2  4 -3  2 -1 -4 -3  0 -3 -2  1    1   0   0   0   0   0   0   0  15  13  46   0   6   1   0   0   6   0   0  10  0.54 0.21
  142 T   -4 -3  8  0 -5 -2 -3 -3 -2 -6 -6 -2 -5 -6 -4 -1  0 -6 -5 -5    0   0  89   3   0   0   0   0   0   0   0   0   0   0   0   1   6   0   0   0  1.92 0.48
  143 P   -3 -3 -3 -4 -5 -2 -3 -3 -4 -5 -5  1 -5 -6  8 -3 -3 -6 -5 -5    0   1   1   0   0   1   0   1   0   0   0   8   0   0  86   1   0   0   0   0  2.39 0.48
  144 Y   -3 -2  0  7 -5 -2  3 -3 -3 -5 -5 -2 -5 -4 -4 -1 -3 -5  1 -5    0   1   2  67   0   0  19   1   0   0   0   1   0   0   0   3   0   0   6   0  1.30 0.35
  145 K   -2 -2 -3 -4 -3  2 -2 -4  5 -1  4  0  3 -2 -4 -3 -2 -2 -2 -2    1   0   0   0   0  14   0   0  16   0  54   6   7   0   0   0   1   0   0   0  0.67 0.27
  146 I   -3 -2 -2 -4 -4 -2 -2 -4  8  1 -3 -1 -3 -2 -1 -3 -3 -3  4  2    1   1   0   0   0   0   1   0  50   8   1   4   0   0   3   0   1   0  17  15  1.12 0.34
  147 I   -4 -5 -6 -6 -4 -5 -6 -6 -6  7  1 -5 -1 -2 -5 -5 -3 -5 -4  0    0   0   0   0   0   0   0   0   0  92   8   0   0   0   0   0   0   0   0   0  1.66 0.43
  148 A    6 -4 -4 -4  5 -3 -3 -2 -4 -4 -4 -3 -2 -3 -3 -1 -2 -5 -4 -2   86   0   0   0  12   0   0   0   0   0   0   0   1   1   0   0   0   0   0   0  1.37 0.41
  149 H   -2 -3 -1 -3 -3 -3 -3 -4  4 -3 -4 -3 -3 -3 -4  0  7 -5 -3 -3    0   0   2   0   0   0   0   0  12   0   0   0   0   1   0   5  80   0   0   0  1.40 0.43
  150 V   -3 -4 -5 -5 -1 -4 -5 -5 -5  1  5 -4  0 -2 -5 -4 -3 -4 -3  3    0   0   0   0   1   0   0   0   0   5  68   0   0   0   0   0   0   0   0  26  0.95 0.29
  151 T    2 -2  4  2 -3 -1  0 -1 -2 -4 -4 -2 -2 -4 -3  2  1 -5 -3 -3   24   0  26  11   0   0   6   3   0   0   0   0   0   0   0  19  10   0   0   0  0.49 0.20
  152 K    0 -1 -1  3 -4  0  4  1 -2 -4 -4  2 -3 -5 -1  0 -1 -4 -4 -4    7   1   1  20   0   2  32  11   0   0   0  18   0   0   3   4   2   0   0   0  0.53 0.19
  153 Q   -2 -2  1  3 -4  1  0  4 -1 -5 -5  1 -4 -5 -3 -1 -1 -4 -4 -4    1   0   7  22   0   8   2  42   1   0   0  12   0   0   0   3   2   0   0   0  0.67 0.21
  154 N    3 -3  1 -2 -3 -2 -2  5 -1 -4 -4 -1 -3 -4 -3  0 -1 -4 -4 -3   32   0   7   2   0   0   0  46   2   0   0   3   0   0   0   3   3   0   0   0  0.74 0.24
  155 F   -2  3  0  0 -4  0  0 -3  4 -2 -3  3 -2  1 -3  0  0 -3  0 -3    1  18   3   6   0   1   6   0  13   1   0  25   0  10   0   6   7   0   3   1  0.35 0.16
  156 L   -2 -4 -5 -5 -3 -4 -5 -5 -4  1  5 -4  4  1 -5 -4 -3 -3 -2  0    2   0   0   0   0   0   0   0   0   5  70   0  15   5   0   0   0   0   0   3  0.97 0.29
  157 G   -2  2  1  1 -5  1  4  0  3 -4 -4  0 -3 -1 -3 -1 -2 -3  2 -3    0  13   6   7   0   2  39   7   9   0   0   5   0   2   0   2   0   0   7   1  0.50 0.20
  158 F   -3 -4 -5 -6 -4 -3 -5 -5 -4  2  3 -4  9  2 -5 -4 -3 -4 -3 -1    0   0   0   0   0   0   0   0   0   9  22   0  61   7   0   0   0   0   0   2  1.40 0.40
  159 T   -2 -1 -1  0 -4  0  4 -4 -2 -3 -4 -1 -2 -2 -3 -1  5 -2 -2 -2    0   3   1   3   0   3  34   0   0   1   0   2   0   2   0   1  47   1   1   0  0.75 0.29
  160 F    1 -4 -4 -4 -2 -3 -4 -4 -4  4  2 -3  3  2 -4 -3 -2 -3 -2  2   15   0   0   0   0   0   0   0   0  27  24   0   9   8   0   0   0   0   0  16  0.47 0.18
  161 E   -1 -1  2  1 -4  0  4 -2 -1 -3 -3  2 -1 -4 -3  0  3 -2 -2 -2    2   2  10   7   0   2  32   2   1   0   0  11   1   0   0   2  23   1   1   3  0.44 0.19
  162 L   -1  4  0 -3 -3 -1 -2 -3 -2  1  0  2 -1 -3 -2 -1  0 -2 -3  2    4  30   4   0   0   1   0   0   0  10   8  18   0   0   1   2   4   1   0  17  0.32 0.16
  163 G   -1 -3 -1 -2 -5 -3  0  7 -4 -6 -6 -3 -5 -5 -4 -2 -4 -5 -5 -4    2   1   2   2   0   0   7  85   0   0   0   0   0   0   0   1   0   0   0   1  1.56 0.37
  164 F   -3  7 -2 -4 -6 -1 -2 -5 -2 -5 -4  1 -3  1 -4 -3 -3 -4  0 -3    0  80   1   0   0   1   0   0   0   0   0   7   0   7   0   0   0   0   3   2  1.49 0.40
  165 L   -2 -5 -3 -3 -5 -3 -4  7 -4 -5 -2 -4 -4 -5 -4 -2 -4 -5 -5 -3    0   0   0   0   0   1   0  91   0   0   6   0   0   0   0   0   0   0   0   2  1.73 0.40
  166 F   -4  3 -4 -5 -5 -3 -4 -5  0 -4 -3 -3 -3  3 -3 -2 -4 -1  8 -4    0  18   0   0   0   0   0   0   1   0   0   0   0   9   1   2   0   0  68   0  1.65 0.43
  167 G    0 -3 -3 -4 -3 -3 -3  3 -4  0 -1 -3 -2 -3 -4 -2 -1 -4 -3  5    5   1   0   0   0   1   2  27   0   1   1   0   0   0   0   1   3   0   0  57  0.67 0.27
  168 L   -1 -2 -2 -2 -3  0 -1 -2 -2 -3 -1 -2 -3 -2  5  2  0 -2  4 -3    3   2   1   1   0   4   2   2   0   1   8   0   0   0  31  22   3   0  20   0  0.64 0.23
  169 N    4 -1  2 -1 -2  0  0  0 -3 -2 -3 -2 -1 -4 -3  1 -1 -3 -3  0   54   2  10   3   0   5   4   4   0   0   1   0   1   0   0   6   0   0   0   9  0.45 0.21
  170 N   -1  0  3  4 -4  1  3 -2 -2 -4 -4  0 -2 -4 -1  1  0 -4 -3 -3    5   5  15  27   0   6  20   0   0   0   0   5   0   0   3  10   3   0   0   1  0.48 0.17
  171 N    0  2  3  1 -4  2  2 -1  0 -3 -2  2 -1 -4 -2 -1 -1 -4 -2 -2    8  10  19   5   0  13  11   2   1   1   3  18   2   0   1   2   1   0   0   3  0.30 0.13
  172 I   -1  0  6  0 -4  0  0 -2  0 -1 -3  2 -1 -4 -1 -1 -1 -5 -2 -3    4   5  50   2   0   2   6   1   2   6   1  13   2   0   2   2   1   0   1   1  0.62 0.24
  173 K   -1  1  0  0 -4  1  0 -1 -2 -4 -4  6 -3 -4 -3  0 -1 -4 -1 -4    4   4   5   4   0   4   5   3   0   0   0  62   0   0   0   5   3   0   2   0  0.75 0.27
  174 F    0  0  1  0 -2  0  0  0  1 -1 -2  1 -1  0  0  1  1 -3 -1 -1   10   6   9   4   0   4   6   7   5   3   3   8   0   7   4  11  10   0   1   1  0.09 0.05
  175 E   -1  0 -1  3 -5  0  5  0 -2 -4 -3  1 -3 -4  1 -1 -1 -5 -3 -3    3   4   1  19   0   1  43   6   0   0   1  10   0   0   6   1   3   0   0   0  0.60 0.21
  176 N   -1 -2  2  5 -4  1  1  0  1  0 -3 -1 -2 -4 -2 -1 -2 -5 -3 -3    6   1  13  40   0   8   5   5   4   9   1   3   1   0   1   3   1   0   0   0  0.48 0.18
  177 K    0  0 -1  1 -4 -1  2  3 -1 -4 -3  1 -3 -4  4 -1 -1 -4 -4 -3    6   4   1   9   0   1  13  24   1   0   1   8   0   0  27   3   1   0   0   1  0.54 0.17
  178 L   -2 -1 -3  0 -3 -2 -1 -3 -3  4  1 -3  1 -2 -2 -2 -1 -4 -3  3    1   4   1   6   0   0   4   2   0  36   7   0   2   0   2   2   3   0   0  31  0.40 0.18
  179 Y   -2 -2 -1  3 -3 -2 -1  2  0  3  0 -2  2 -2 -3 -2 -2 -3  1 -1    1   2   2  23   0   1   2  21   2  24   5   1   9   0   0   0   0   0   7   0  0.30 0.17
  180 S    1  1 -2  0 -3 -2 -1 -1 -3 -2 -3 -2 -1 -4  4  3 -1 -4 -3  0   12   7   0   5   0   0   1   3   0   1   0   0   2   0  25  31   2   0   0  11  0.49 0.20
  181 I   -1 -5 -6 -5 -3 -5 -5 -6 -6  7  0 -5 -1 -2 -5 -4 -3 -5 -4  2    4   0   0   0   0   0   0   0   0  88   1   0   0   0   0   0   0   0   0   7  1.52 0.40
  182 K   -1 -3 -1  4 -4 -2 -1  2 -2 -2 -4  0 -3 -2  4  0 -2 -2  4 -3    3   0   1  25   0   0   0  15   0   2   0   6   0   0  19   5   0   0  21   1  0.55 0.21
  183 T   -1 -3 -2 -3 -3 -3 -2 -3 -3 -1 -2 -3 -1  4 -3  2  3 -2  1  3    1   0   0   0   0   0   1   0   0   1   0   0   0  21   0  20  22   0   5  28  0.45 0.21
  184 Y   -1 -2 -1 -2 -2 -2 -2 -2 -2 -1 -2 -2 -1 -2 -2  4  4 -3  1 -2    2   1   1   1   0   1   1   1   0   3   2   1   2   1   1  43  32   0   7   1  0.56 0.22
  185 P   -4 -5 -5 -4 -6 -4 -4 -5 -5 -6 -6 -4 -5 -7  9 -4 -4 -7 -6 -5    0   0   0   0   0   0   0   0   0   0   0   0   0   0 100   0   0   0   0   0  3.04 0.57
  186 I   -3 -5 -5 -5 -3 -5 -5 -6 -5  5 -1 -5 -1 -3 -5 -4 -2 -5 -3  6    0   0   0   0   0   0   0   0   0  38   0   0   0   0   0   0   0   0   0  62  1.25 0.35
  187 Q   -2  3 -1 -1 -4  2  3 -3  0 -2  1  2 -1 -3 -2  0 -1 -4 -2 -2    0  19   0   2   0   9  23   0   2   0  20  12   0   0   1   7   3   0   1   1  0.31 0.15
  188 N   -3  6  1 -3 -5 -1 -2 -4 -1 -5 -4  5 -3 -5 -4 -2 -3 -5 -4 -4    1  49   7   0   0   0   0   0   1   0   0  41   0   0   0   0   0   0   0   0  1.21 0.35
  189 I   -2 -5 -5 -6 -3 -5 -5 -5 -6  2 -1 -5 -1 -3 -5 -4 -2 -5 -4  7    2   0   0   0   0   0   0   0   0   6   0   0   0   0   0   0   0   0   0  92  1.49 0.42
  190 N   -1 -3  7 -1 -4 -1 -2 -3 -2 -4 -5 -2 -4 -5 -4  2  2 -6 -4 -4    5   0  67   0   0   1   0   0   0   0   0   1   0   0   0  14  13   0   0   0  1.24 0.37
  191 I   -4 -4 -5 -6 -5 -4 -5 -6 -1  0 -1 -4  1  4 -5 -4 -4  2  8 -3    0   0   0   0   0   0   0   0   0   6   4   0   3  15   0   0   0   2  70   0  1.73 0.42
  192 E    0  1  0 -1 -3  4  1 -2  0 -2 -2  2 -2 -3 -2  0  2 -4 -2 -1    7   8   3   2   0  23   8   1   2   1   2  17   0   0   0   4  19   0   1   3  0.34 0.16
  193 I   -2 -5 -5 -5 -3 -5 -5 -6 -5  2 -1 -5 -1 -3 -5 -3 -2 -5 -3  7    0   0   0   0   0   0   0   0   0   8   0   0   0   0   0   1   1   0   0  90  1.45 0.41
  194 I   -3 -2 -2  0 -6  1  7 -4 -2  0 -5 -2 -4 -5 -3 -2 -2 -5 -4 -4    0   0   0   3   0   3  84   0   0   6   0   0   0   0   0   1   2   0   0   0  1.45 0.41
  195 N    2 -2  6  2 -4 -1 -2 -2  0 -4 -4  0 -4 -5 -1  1 -2 -5 -4 -4   18   0  50  12   0   0   0   0   2   0   0   4   0   0   3   8   0   0   0   0  0.81 0.28
  196 S    2 -3 -2 -3 -3 -3 -3 -3 -4 -2 -3 -3 -3 -4 -3  1  7 -5 -4 -1   15   0   0   0   0   0   0   0   0   1   0   0   0   0   0   6  75   0   0   3  1.20 0.39
  197 K   -4  8 -3 -4 -6 -1 -3 -5 -3 -6 -5  1 -4 -5 -5 -3 -4 -1 -4 -5    0  93   0   0   0   0   0   0   0   0   0   6   0   0   0   0   0   1   0   0  2.02 0.48
  198 K   -2 -4 -5 -5 -3 -4 -4 -5 -5  1 -1  0 -1 -3 -5 -4 -2 -5 -3  7    1   0   0   0   0   0   0   0   0   1   2   6   0   0   0   0   0   0   0  90  1.36 0.40
  199 S   -2 -4 -2 -2 -5 -2  3  6 -3 -6 -6 -3 -5 -5 -4  0 -3 -5 -5 -5    1   0   0   0   0   0  21  71   0   0   0   0   0   0   0   6   0   0   0   0  1.31 0.34
  200 F   -3  0  0 -2 -5  7  0 -3  1 -5 -4  1 -2  1 -4 -2 -3 -4 -3 -4    1   3   4   1   0  73   3   1   2   0   0   5   1   6   0   1   1   0   0   0  1.32 0.41
  201 N   -2  5  1 -2 -4  0 -2 -4 -1  1 -2  1  0 -2 -4 -1 -2 -4 -3  1    2  45   8   2   0   2   0   0   1  11   0   5   3   1   0   4   0   0   0  15  0.50 0.21
  202 L   -1 -3  1  1 -3 -2 -2 -3 -3 -3 -1 -3 -3 -4 -3  0  6 -5 -4 -2    4   0   6   9   0   0   1   0   0   0   7   0   0   0   0   4  69   0   0   0  0.95 0.34
  203 N   -4 -4  3  7 -6 -1  0 -3 -3 -5 -6 -3 -5 -6 -4 -2 -3 -7 -5 -5    0   0  15  80   0   1   1   0   0   0   0   0   0   0   0   1   0   0   0   0  1.74 0.42
  204 S   -4 -4 -4 -5 -4 -3 -4 -5 -2 -2  0 -3 -1  6 -5 -1 -3 -1  7 -3    0   0   0   0   0   0   0   0   0   1   8   1   1  38   0   6   0   0  44   0  1.33 0.35
  205 E   -4 -4 -1  8 -6 -2  1 -4 -3 -6 -6 -3 -6 -6 -4 -3 -3 -7 -6 -6    0   0   1  92   0   0   8   0   0   0   0   0   0   0   0   0   0   0   0   0  2.05 0.47
  206 S   -3  4 -2 -3 -5  0 -1 -4 -3 -5 -5  7 -4 -5 -3  0 -3 -5 -4 -4    0  18   0   0   0   2   0   0   0   0   0  73   0   0   0   7   0   0   0   0  1.30 0.38
  207 I   -4 -4 -6 -6 -3 -4 -5 -6 -5  1  6 -5  0 -2 -5 -5 -3 -4 -3 -1    0   0   0   0   0   0   0   0   0   6  93   0   0   0   0   0   0   0   0   1  1.37 0.37
  208 I   -2 -4 -3 -4 -3 -3 -3 -4 -4  4 -1 -3 -1 -3 -4  0  5 -5 -3  2    0   0   0   0   0   0   0   0   0  28   1   0   1   0   0   3  54   0   0  14  0.86 0.31
  209 L   -3 -4 -5 -5 -3 -4 -5 -5 -5  2  5 -4  3  0 -5 -4 -3 -3 -3  1    0   0   0   0   0   0   0   0   0  13  70   0   7   2   0   0   0   0   0   8  0.95 0.28
  210 S   -3 -2 -1  6 -5 -1  5 -4 -3 -5 -5 -2 -5 -5 -3  0 -3 -6 -5 -5    0   2   0  50   0   0  41   0   0   0   0   0   0   0   0   6   0   0   0   0  1.27 0.35
  211 F   -2 -5 -5 -5 -3 -4 -5 -5 -5  4  0 -4 -1  1 -5 -4 -2 -4 -3  6    0   0   0   0   0   0   0   0   0  25   3   0   0   6   0   0   0   0   0  66  1.06 0.32
  212 T   -4 -4 -3 -4 -5 -3  4 -5 -3 -4 -4 -3 -3  1 -5 -3  0 11  1 -4    0   0   1   0   0   0  27   0   0   0   1   0   0   5   0   0   7  54   4   1  2.02 0.45
  213 T   -2 -4 -3 -4 -3 -3 -3 -4 -4 -3 -4 -3 -3 -5 -4  0  8 -5 -4 -2    0   0   0   0   0   0   0   0   0   0   0   0   0   0   0   3  96   0   0   0  1.81 0.50
  214 K   -3 -2  6  5 -5 -2 -1 -3 -2 -5 -5  4 -4 -5 -4 -2 -2 -6 -4 -5    0   0  40  34   0   0   0   0   0   0   0  26   0   0   0   1   0   0   0   0  1.13 0.33
  215 S   -2 -3  0 -3 -4 -2 -2  6 -3 -5 -5 -1 -4 -5  1  0 -3 -5 -5 -5    0   0   5   0   0   1   1  74   0   0   0   3   0   0   7   8   0   0   0   0  1.24 0.32
  216 S    1 -3 -2 -3 -2 -2 -2 -3 -3 -4 -4 -2 -3 -4 -3  6  3 -5 -4 -1    7   0   0   0   1   0   0   0   0   0   0   0   0   0   0  68  21   0   0   3  1.02 0.36
  217 L   -3 -4 -5 -5 -3 -4 -5 -5 -5  6  2 -4  3 -1 -5 -4 -1 -4 -3  2    0   0   0   0   0   0   0   0   0  62  19   0   7   1   0   0   2   0   0   9  0.97 0.29
  218 Q    1  2  0 -1 -3  1  1 -1 -1 -2 -2  1 -1 -3 -2  2  3 -4 -2 -2   10  13   2   3   0   7   7   4   0   1   3   7   1   0   0  15  25   0   1   1  0.24 0.12
  219 P    0 -5 -5 -4 -5 -4 -4 -5 -5 -4 -5 -4 -5 -6  8 -3 -4 -6 -5 -3    9   0   0   0   0   0   0   0   0   1   0   0   0   0  89   0   0   0   0   1  2.52 0.50
  220 I   -1  3  0  3 -4  2  3 -2 -1 -1 -2  0 -2 -4 -3  0 -1 -4 -3 -3    2  20   2  21   0   7  22   1   1   6   3   4   0   0   0   9   3   0   0   0  0.41 0.16
  221 D   -3 -3 -1  5 -6  0  6 -4 -3 -5 -5 -1 -5 -6 -3 -2 -3 -6 -5 -5    1   0   0  39   0   1  58   0   0   0   0   1   0   0   0   0   0   0   0   0  1.40 0.38
  222 V    6 -4 -4 -4 -3 -3 -3 -1 -4 -3 -4 -3 -3 -4 -3  0 -2 -5 -4  0   88   0   0   0   0   0   0   3   0   0   0   0   0   0   0   3   0   0   0   6  1.25 0.39
  223 I   -2 -4 -4 -5 -2 -4 -4 -5 -5  4  2 -4  2 -1 -4 -3  0 -4 -3  4    1   0   0   0   0   0   0   0   0  31  21   0   4   1   0   0   4   0   0  37  0.71 0.23
  224 K    3  1  0 -2 -3 -2 -2 -2 -3 -4 -3  0 -3 -4 -3  5 -1 -5 -4 -3   23   8   2   0   0   0   0   1   0   0   2   6   0   0   0  58   0   0   0   1  0.72 0.29
  225 I   -1 -1 -2 -2 -2  1 -1 -3 -1  1  3  0  1  0 -3  1 -1 -1  0 -1    1   3   0   0   0   7   3   1   1   8  40   5   2   4   0  19   1   1   3   1  0.21 0.13
  226 L    5 -3 -3 -4 -2 -3 -3  2 -4 -3  1 -3 -2 -4 -3  1 -2 -4 -4 -2   66   0   0   0   0   0   0  12   0   0  14   0   0   0   0   8   0   0   0   0  0.76 0.29
  227 S    5 -3 -3 -3 -3 -3 -3  3 -3 -3 -4 -3 -3 -4 -3  2 -1 -4 -4 -2   60   0   0   0   0   0   0  19   0   0   0   0   0   0   0  17   2   0   0   2  0.82 0.29
  228 Y    1  2 -1 -1 -3  0  0 -1 -1 -3 -3  4 -2 -2 -2  0  0 -3  1 -2   11  12   1   3   0   2   3   2   1   1   1  43   0   1   1   5   5   0   6   1  0.41 0.16
  229 L   -2 -2 -3 -4 -3 -3 -3 -4 -4  5  0  3 -1 -3 -4 -2  2 -4 -3  1    0   0   0   0   0   0   0   0   0  49   7  22   0   0   0   0  18   0   0   4  0.63 0.26
  230 L   -3 -4 -5 -5 -3 -4 -5 -5 -5  2  5 -4  1 -1 -5 -4 -3 -4 -3  2    0   0   0   0   0   0   0   0   0  12  76   0   1   0   0   0   0   0   0  11  1.03 0.30
  231 L   -1 -2 -2 -3  1  0 -2 -3 -2  2  2 -1  3 -1 -2 -2 -1 -2 -1  3    2   2   1   1   3   4   2   2   0  14  23   3   9   1   1   2   3   0   1  27  0.23 0.09
  232 N   -1 -1  2  1 -2  0  3 -1 -1 -3 -3  0 -2 -3 -2  2  3 -3 -2 -2    1   2  12   8   0   3  21   3   0   1   1   4   0   1   1  17  23   0   0   1  0.34 0.13
  233 K   -2 -2 -2  1 -4  3  5 -4  1 -3  1  1 -1 -3 -3 -2 -2 -4 -2 -3    1   0   0   5   0  13  48   0   4   0  19   7   1   0   0   1   0   0   1   0  0.63 0.24
  234 H   -4 -3 -2 -4 -5 -3 -3 -5  9 -4  0 -4 -3  5 -5 -4 -4 -3  1 -4    0   0   0   0   0   0   0   0  66   0   9   0   0  23   0   0   0   0   2   0  1.83 0.44
  235 L   -1 -3 -4 -4 -3 -2 -2 -4 -4  0  5 -2  1  2 -4 -1 -2 -3 -2 -1    6   0   0   0   0   1   2   0   0   0  70   2   1  10   0   4   1   0   0   1  0.67 0.24
  236 I    0  1  3  1 -3  0  0 -1 -1  0 -2  1 -1 -3 -1  0  0 -4 -3  0    7   8  25   6   0   2   3   3   0   9   0  11   2   0   3   7   4   0   0  10  0.18 0.10
  237 L   -2 -4 -4 -5 -3 -4 -4 -4 -4  3  4 -4  2  3 -3 -3 -1 -1  0  0    1   0   0   0   0   0   0   0   0  16  54   0   5  14   0   1   2   1   2   3  0.64 0.20
  238 I   -2 -5 -5 -5 -4 -5 -5 -5 -4  2 -1 -5  0  8 -5 -3 -1 -2  1  0    2   0   0   0   0   0   0   0   0  12   3   0   1  71   0   1   3   0   0   6  1.30 0.33
  239 K    0 -2 -1 -2 -2  0  0 -3 -3  3  0  0  1 -2 -3  0  0 -4 -2  3    6   1   3   1   0   4   6   0   0  18   2   7   4   0   0   5   6   0   0  37  0.24 0.13
  240 A    1 -2  4  4 -3 -1  0  2 -1 -4 -3 -2 -3 -2 -3  0 -1 -4 -3 -3   11   0  24  27   0   0   5  20   1   0   3   0   0   2   0   5   3   0   0   0  0.47 0.16
  241 F   -2 -4 -5 -4 -3 -3 -3 -5 -4  0  5 -4  2  3 -2 -3 -2 -3 -2 -1    2   0   0   1   0   0   2   0   0   1  73   0   4  12   2   1   1   0   0   0  0.78 0.24
  242 Q   -1 -2  2  1 -3  2  1  0 -2 -3 -3 -1 -2 -4 -2  3  3 -4 -3 -3    0   0  12   7   0  10   8   5   0   0   0   1   0   0   0  28  28   0   0   0  0.44 0.17
  243 Q   -1  0 -1  4 -5  3  5 -2 -2 -4 -4  0 -3 -5 -3 -1 -2 -4 -3 -4    6   2   0  22   0  14  53   1   0   0   0   2   0   0   0   0   0   0   0   0  0.86 0.22
  244 F    0 -1  0 -1 -2  0  0 -2  4 -1 -1  0 -1  2 -2  1  1 -2  1  1    9   0   4   1   0   2   4   0  15   0   3   8   0  12   0  16   7   0   4  15  0.11 0.06
  245 L    1 -3 -3 -3 -1 -2 -3 -3 -3  2  3 -2  2 -1 -3 -1  0 -3 -2  3   18   0   0   0   0   0   0   0   0   9  34   0   7   0   0   4   2   0   0  27  0.27 0.07
  246 D   -2 -2  3  5 -4  1  3 -2 -1 -4 -4 -1 -3 -4 -2 -1 -1 -5 -3 -4    0   0  20  54   0   3  23   0   0   0   0   0   0   0   0   0   0   0   0   0  0.83 0.11

                      K         Lambda
Standard Ungapped    0.1391     0.3214
Standard Gapped      0.0475     0.2670
PSI Ungapped         0.1549     0.3109
PSI Gapped           0.0475     0.2670
