
Last position-specific scoring matrix computed, weighted observed percentages rounded down, information per position, and relative weight of gapless real matches to pseudocounts
           A  R  N  D  C  Q  E  G  H  I  L  K  M  F  P  S  T  W  Y  V   A   R   N   D   C   Q   E   G   H   I   L   K   M   F   P   S   T   W   Y   V
    1 M   -4 -4 -5 -6 -4 -3 -5 -6 -5 -2  0 -4 10 -3 -6 -4 -4 -4 -4 -2    0   0   0   0   0   0   0   0   0   0   5   0  95   0   0   0   0   0   0   0  2.65 0.71
    2 A    4 -2 -1 -1 -3  0  2 -1 -3 -1 -3  2 -3 -4 -3  0 -2 -4 -3 -2   48   0   2   2   0   3  16   3   0   3   0  16   0   0   0   4   0   0   0   2  0.49 0.27
    3 R   -1  4 -1 -2 -3  0 -2 -1 -1 -1  0  2 -2  0  0  2  0 -4 -2 -2    2  30   2   0   0   2   0   5   1   3  11  12   0   4   4  18   3   0   0   2  0.27 0.18
    4 S   -1 -2 -2 -3 -1 -3 -3 -1 -3 -3 -2 -1 -1  3 -2  5  1 -4 -2 -2    2   2   0   0   1   0   0   4   0   0   3   3   2  17   1  59   6   0   0   1  0.72 0.38
    5 L    0  0 -3 -4  1 -2 -3 -1 -1  3  2 -1  3  0 -3 -1 -1  0  0  1    7   7   0   0   3   1   0   5   2  22  17   3  13   2   0   3   1   1   2   9  0.20 0.15
    6 C    0  3 -2 -3  4 -1 -2 -3 -1 -2  0  2 -2  2 -2  1  0 -3  2 -2    5  20   0   0  10   1   0   0   1   0   8  13   0  11   2  16   5   0   7   1  0.28 0.21
    7 F   -4 -4 -5 -5 -4 -2 -5 -5 -4  1  3 -4  3  6 -4 -3 -2 -2  2  0    0   0   0   0   0   2   0   0   0   8  33   0   7  37   0   2   1   0   5   4  0.86 0.36
    8 M    0 -4 -4 -5 -3 -4 -3 -4 -4  2  2 -4  4  5 -5 -2 -2 -3 -1  2    9   0   0   0   0   0   1   1   0  14  15   0  14  30   0   2   1   0   0  13  0.64 0.32
    9 A    2 -3 -3 -3  0 -2 -3 -1 -2  0  1 -2 -1  0  1  1  0  0 -2  1   26   0   0   0   1   0   0   4   1   3  20   1   1   3   6  14   6   1   1  11  0.22 0.20
   10 F    1 -4 -4 -4 -1 -4 -4 -4 -4  1  2 -4  0  4 -3 -2  2 -3 -1  1   16   0   0   0   1   0   0   0   0   7  25   0   2  22   1   2  16   0   0   9  0.45 0.28
   11 A    2 -4 -4 -5  1 -4 -4 -4 -4  2  3 -4  1  2 -4 -2 -2 -4 -2  2   21   0   0   0   3   0   0   0   0  13  30   0   4   8   0   2   1   0   0  18  0.47 0.27
   12 I    0 -5 -5 -5  0 -5 -5 -5 -4  1  3 -5 -1  6 -5 -3 -2 -3 -1  3    7   0   0   0   2   0   0   0   0   8  27   0   0  34   0   1   2   0   0  20  0.79 0.36
   13 L    0 -4 -5 -4 -3 -4 -4 -5 -1  2  4 -4  1  1 -3 -3 -1 -4 -3  2   10   0   0   1   0   0   0   0   2  12  46   0   3   6   1   0   4   0   0  16  0.58 0.30
   14 A    3 -4 -4 -4  0 -3 -4 -3 -4  0  2 -3  2  3 -4  0 -1 -3  0  1   30   0   0   0   2   0   0   0   0   2  25   0   7  14   0   5   3   0   2  10  0.45 0.29
   15 M    0 -3 -4 -3 -3 -2 -3 -2 -4  2  3 -3  3  1 -1  0  0 -3 -2  2    9   0   0   1   0   1   1   2   0  10  34   0   9   7   2   6   4   0   0  12  0.33 0.22
   16 M   -1 -4 -4 -2 -3 -3 -1 -1 -4  1  3 -3  4  1 -4 -1  0 -4 -3  2    3   0   0   2   0   0   4   4   0   6  31   0  14   5   0   6   6   0   0  20  0.39 0.26
   17 L   -3 -4 -5 -5 -3 -2 -3 -6 -3  1  5 -4  4 -1 -4 -4 -1  2 -3  0    1   0   0   0   0   2   2   0   1   6  62   0  10   2   1   1   4   3   0   6  0.88 0.41
   18 F   -2 -4 -4 -5 -4 -3 -2 -2 -4  1  2 -3  3  5 -5 -3  0 -3  1  1    3   0   0   0   0   1   3   3   0   7  23   1  10  31   0   1   5   0   3  10  0.57 0.31
   19 V    2 -3 -4 -4 -3 -2 -2 -2 -4  1  0 -1  3  0 -3  0 -1 -4 -2  4   22   0   0   0   0   2   1   2   0   4   6   4  11   4   1   7   3   0   1  33  0.40 0.29
   20 A    5 -3 -3 -3 -1 -1 -3 -1 -4 -2 -2 -2  0 -3 -1  2  1 -5 -4  1   48   1   1   1   1   3   0   2   0   2   2   1   2   1   2  13  10   0   0  11  0.57 0.36
   21 Y    0  0  0 -1 -1  2 -1 -2  1 -2 -1 -1  1  1 -1  0  2  0  3  0    6   5   6   2   1  10   3   2   3   0   6   1   4   6   2   3  19   1  12  10  0.15 0.17
   22 E   -1 -2 -2  1  0  0  4  2 -3 -4 -4 -1  0 -4 -1 -1  0 -5 -2 -1    4   1   1   6   2   4  39  19   0   0   1   2   3   0   3   3   5   0   1   5  0.48 0.31
   23 V    4 -4 -4 -4 -3 -3 -2 -2 -4  1 -2 -2  3 -4 -3 -1  1 -5 -4  4   34   0   0   0   0   0   2   3   0   6   0   2   7   0   1   3   7   0   0  35  0.64 0.39
   24 Q   -2 -2 -1 -1 -6  3  6 -5 -1 -5 -2  0 -4 -6 -3 -1 -3 -6 -5 -3    3   1   3   2   0  14  60   0   1   0   4   4   0   0   1   5   1   0   0   2  1.13 0.55
   25 A    6 -3 -3 -2 -4 -3 -2  1 -3 -5 -4 -2 -2 -5 -1  0 -3 -6 -5 -4   73   1   1   2   0   1   2   9   1   0   1   1   1   0   3   5   0   0   0   0  1.21 0.58
   26 R   -1  6 -1 -4 -5  0 -1 -2 -3 -3 -5  4 -2 -5 -4 -3 -1 -5 -2 -3    5  50   2   0   0   4   3   3   0   1   0  24   1   0   0   1   4   0   2   2  1.08 0.50
   27 E   -3 -2 -2  2 -3 -2  1 -4  1  2  1 -1  1 -3 -2 -2  3 -4 -2  1    0   2   1  11   0   1  12   0   4  13  11   3   4   0   2   0  24   0   1   9  0.30 0.25
   28 C   -3 -7 -7 -7 11 -7 -7 -6 -7  0 -5 -7 -5 -6 -7 -5 -5 -6 -6 -5    2   0   0   0  90   0   0   0   0   5   0   0   0   0   0   0   0   0   0   0  3.75 1.07
   29 K   -2  0 -3  0  2  2  5 -3  1 -4  0  2  1 -4 -3 -2 -2 -4 -1 -3    2   4   0   4   5   7  38   1   3   0   8  15   4   0   1   2   1   0   2   1  0.56 0.34
   30 T    1  2  1 -2  2 -1 -2 -1  0 -2 -4  0 -3 -4 -3  3  2 -4 -3  0   10  12   5   2   5   2   1   3   2   1   0   4   0   0   1  30  14   0   1   6  0.38 0.29
   31 E   -2  3 -3 -2 -4  4  1 -3  0 -2  0  2 -3 -4  3 -1 -2 -4 -1 -3    3  15   0   2   0  19   9   1   2   2  12  13   0   0  16   2   2   0   2   0  0.47 0.31
   32 S    0 -3 -2 -4  1 -4 -1 -2 -5 -6 -6 -2 -5 -6 -3  7 -2 -6 -5 -3    5   1   1   0   3   0   3   2   0   0   0   2   0   0   1  79   0   0   0   2  1.55 0.71
   33 N   -2  1  0  0 -4  1  0  2  5 -3 -2  1 -1 -3  0 -1  1 -4 -2 -3    2   6   4   6   0   6   5  15  20   1   5  11   1   1   5   2   8   0   0   1  0.35 0.24
   34 T   -2  3  1 -3 -4 -1 -1 -1  2 -3 -3  2 -1 -4 -4  0  4  0 -2 -3    1  17   5   1   0   1   3   5   5   1   2  14   1   0   0   7  35   1   1   1  0.56 0.36
   35 F   -5 -6 -6 -6 -6 -3 -6 -6 -4 -4 -2 -2 -4  8 -6 -4 -2  7  5 -5    0   0   0   0   0   1   0   0   0   0   3   3   0  58   0   1   3  14  16   0  1.99 0.70
   36 P   -2  2 -1 -1 -5  0  0 -2  2 -3 -4  5 -4 -5  1  1 -1 -5 -4 -2    1  11   3   2   0   3   4   2   6   1   1  43   0   0   7  12   2   0   0   3  0.66 0.37
   37 G   -2 -3 -4 -5 -6 -5 -6  7 -6 -7 -7 -5 -6 -3 -6 -2 -5 -6 -2 -3    2   2   0   0   0   0   0  88   0   0   0   0   0   1   0   3   0   0   2   2  2.11 0.73
   38 I    0  0 -3 -4 -4 -2 -3 -4 -2  1  2 -1  3  0  4 -3 -1  2 -1  2    7   5   1   0   0   1   0   0   1   6  18   4   8   3  22   1   4   4   2  14  0.41 0.25
   39 C   -5 -9 -8 -9 12 -8 -9 -8 -8 -6 -6 -8 -6 -7 -8 -6 -6 -7 -8 -6    0   0   0   0 100   0   0   0   0   0   0   0   0   0   0   0   0   0   0   0  4.49 1.22
   40 I   -1 -2 -3 -4 -3 -2 -4  0 -1  2  1 -3  2  4 -4 -1  0  4  0  1    5   2   1   0   0   1   0   7   1  12  15   0   6  18   0   4   6   6   2  12  0.31 0.23
   41 T   -1  3  3 -1 -4  0 -2 -1  2 -2 -2  0  0 -2 -2  3  0 -4  0 -2    2  17  14   2   0   4   1   4   5   3   3   5   3   2   1  24   6   0   3   3  0.29 0.27
   42 K   -2 -2  3  5 -5  0 -1 -1  1 -5 -5  0 -4 -5 -2  2  0  3 -2 -3    2   2  15  30   0   3   3   5   3   0   0   6   0   0   2  17   7   4   1   1  0.60 0.38
   43 P    0  1  2  2 -3  0  0  0  3 -2 -4  0 -2 -4  0  2  1 -4 -2 -2    6   7   9  10   0   2   7   6   8   1   0   4   1   0   5  21  10   0   1   3  0.26 0.22
   44 P    0  0  7  0 -5  0 -2 -3  2 -5 -4  0 -4 -5 -1  0 -2 -6 -1 -4    7   4  52   4   0   4   2   1   5   0   1   6   0   0   3   7   2   0   2   1  0.97 0.52
   45 C   -5 -9 -8 -9 12 -8 -9 -8 -8 -6 -6 -8 -7 -8 -8 -6 -6 -7 -8 -6    0   0   0   0 100   0   0   0   0   0   0   0   0   0   0   0   0   0   0   0  4.51 1.39
   46 R    4  2  1  1 -4  0 -1 -1 -1 -1 -4  1  0 -3 -2 -1 -1 -5 -4 -1   36  13   7  10   0   3   1   3   1   4   0   7   2   1   1   3   4   0   0   3  0.36 0.31
   47 K    0  1  4  1 -4  0 -1 -1  1 -1 -2  1 -1 -2 -3  1  1 -1 -3 -2   10  10  21   7   0   4   3   3   4   3   3   9   2   1   0  10   8   1   0   2  0.25 0.22
   48 A    1 -1 -3 -4  1  2 -2 -3  3  1 -1 -2  0 -3 -4 -1  0 -5 -2  4   11   2   1   0   3   9   1   2   8   6   5   1   1   0   0   4   4   0   1  41  0.48 0.36
   49 C   -5 -8 -7 -8 12 -8 -8 -7 -8 -6 -6 -8 -6 -7 -8 -1 -6 -7 -7 -6    0   0   0   0  96   0   0   0   0   0   0   0   0   0   0   4   0   0   0   0  4.18 1.21
   50 I   -3  4 -2 -3 -4  1 -1 -2  4  2  0  2  1 -2 -3 -2 -1 -4 -3  0    1  22   1   0   0   7   2   2  11  17   7  14   4   1   1   1   3   0   0   5  0.39 0.28
   51 S   -1  0  3 -1 -4  0  1 -2  0 -4 -1  2 -3 -4 -4  1  4 -5 -2 -3    3   5  18   2   0   4   7   3   2   0   8  11   0   0   0   8  27   0   1   0  0.42 0.31
   52 E   -3 -2 -4 -1 -8  0  7 -6 -1 -7 -7 -2 -6 -7 -5 -4 -5 -7 -2 -4    2   1   0   2   0   2  88   0   1   0   0   2   0   0   0   0   0   0   1   1  2.11 0.82
   53 K    0  2  1  0 -4  0  0  4  3 -4 -4  0 -3 -3 -3  0 -2 -3  1 -4    6  12   8   6   0   5   5  33   8   0   0   6   0   0   0   5   0   0   7   0  0.39 0.20
   54 F    0 -1  0 -1 -3 -2 -1 -1  3 -2  0 -2 -2  5 -4 -1 -2  4  3 -2    9   4   5   4   0   0   4   4   8   0   7   0   0  33   0   5   0   5  11   0  0.40 0.24
   55 T   -1  0  1 -1 -2 -1 -1 -1  0  1  0  0  0 -1  1  0  2 -3 -1  0    2   6   7   2   0   2   4   5   2   8   9   4   2   2   8   7  19   0   2   7  0.09 0.11
   56 D   -1  0 -1  2 -4 -3 -2  5  3 -5 -5 -3 -4 -1 -4  2 -1  1  0 -4    2   5   2  11   0   0   2  43   7   0   0   0   0   3   0  18   2   2   3   0  0.67 0.31
   57 G   -3 -6 -4 -5 -6 -5 -5  7 -5 -5 -6 -5 -5 -6 -5 -4 -5 -6 -6  0    0   0   0   0   0   0   0  91   0   0   0   0   0   0   0   0   0   0   0   9  2.11 0.64
   58 H    0  1  1  0 -4  2  1 -3  4 -3 -3  2 -2  1 -3  0 -1 -3  1 -2    6   9   6   5   0  12   6   0  14   0   1  14   0   7   0   8   4   0   5   2  0.31 0.19
   59 C   -4 -7 -6 -7 11 -6 -7 -6 -6 -5 -5 -6 -5 -6 -6 -4  2 -6 -6 -4    0   0   0   0  85   0   0   0   0   0   0   0   0   0   0   0  15   0   0   0  3.22 0.73
   60 S   -1  3  1  3 -4  0 -1 -2  4 -3 -3  1 -3 -2 -2  1 -1 -1 -3 -3    3  17   7  20   0   4   1   3  12   1   2   8   0   1   1  14   2   1   0   1  0.40 0.22
   61 K    0 -2 -1  1 -4 -3 -3  5  2 -3  0 -1 -3  0 -1 -2 -1 -4  2 -2    6   2   3   7   0   0   0  42   6   0  11   3   0   3   2   2   3   0   7   3  0.48 0.26
   62 I   -1 -1 -3 -1 -3 -2 -3 -1  1  1  0 -3 -1  4 -2 -1 -2  3  1  2    4   3   1   4   0   2   0   6   4   8   9   1   1  23   2   3   1   4   3  21  0.28 0.19
   63 L   -1  3 -2 -2 -3  0  2 -1  0 -1  0 -1  0  3 -1 -1  0 -3  0 -1    4  19   1   1   0   2  14   5   2   3  10   2   2  16   2   3   5   0   3   5  0.19 0.17
   64 R   -3  6 -1 -2 -4 -1 -2 -1  3 -2 -1  0 -3 -1  0 -1  1 -4 -1 -2    1  47   2   1   0   2   1   5   6   2   5   3   0   3   4   4   9   0   2   2  0.64 0.30
   65 R    0  5 -1 -1 -4  1 -2 -3  0 -4 -4  4 -3 -4 -1  1 -2 -4 -4 -3    9  30   1   3   0   5   0   0   2   0   1  30   0   0   2  12   2   0   0   2  0.69 0.32
   66 C   -4 -6 -6 -6 11 -6 -6 -6 -6 -5 -5 -6 -5 -6 -2 -4  1 -6 -6 -4    0   0   0   0  83   0   0   0   0   0   0   0   0   0   2   0   9   0   0   0  3.22 0.85
   67 L   -4 -3 -4 -5 -4 -4 -3 -5 -1  2  0 -1  3  6 -5 -3 -2  6  3  0    0   1   0   0   0   0   2   0   2  11   6   4   8  36   0   1   2  10  10   5  0.85 0.34
   68 C   -5 -8 -7 -8 12 -7 -8 -7 -8 -6 -6 -8  2 -7 -7 -5 -5 -7 -7 -5    0   0   0   0  95   0   0   0   0   0   0   0   5   0   0   0   0   0   0   0  4.08 1.03
   69 T    0 -1 -2 -3 -4 -1 -2 -4 -1 -1 -2  1 -1  0 -4  1  5 -3  3 -2    5   2   0   1   0   2   2   0   1   4   3   7   2   4   0  12  41   0  12   1  0.55 0.34
   70 K   -1  4 -1 -4 -5  0 -2 -4 -2 -4 -3  5 -2  3 -4 -2  0 -4  0 -2    5  23   2   0   0   3   1   0   1   0   1  40   1  12   0   1   6   0   3   2  0.80 0.39
   71 P   -2  0  3  0 -5  0  1 -3  3 -3 -3  1 -4 -3  5 -1 -1 -5 -2 -3    2   5  14   6   0   4   9   1   8   2   3   8   0   1  31   3   2   0   1   1  0.63 0.30
   72 C   -5 -8 -7 -8 12 -7 -8 -7 -8 -6 -6 -8 -6 -7 -7 -5 -2 -7 -7 -5    0   0   0   0  97   0   0   0   0   0   0   0   0   0   0   0   3   0   0   0  4.16 1.02
   73 V    2 -1  0 -3 -2 -2 -3  0 -3  0  1 -2  1 -2  0 -1 -1 -3 -2  3   22   2   6   0   0   0   0   8   0   0  10   0   4   0   4   0   1   0   0  43  0.24 0.13
   74 F    0 -2  0 -2 -2 -2 -2  1 -1 -1  0 -2  1  4 -2 -1  1 -1  2 -1    6   1   6   1   0   0   1  15   0   1   8   1   7  31   1   1  16   0   5   1  0.20 0.07
   75 D    0  1  0  3 -3  1  2  1 -1 -2 -2  0  0 -3 -1  0 -1 -3 -2 -2    8  10   1  27   0   7  20  10   0   1   1   1   6   0   1   6   1   0   0   1  0.29 0.06
   76 E   -1 -1  2  1 -3  0  3  1 -1 -3 -1 -1 -2 -3 -2  2 -1 -3 -2 -2    1   0  12   8   0   0  31  12   0   0   8   0   0   0   0  25   0   0   0   1  0.30 0.09
   77 K   -1  2  0 -1 -3  0  2 -2 -1 -2 -3  3 -2 -3  4 -1  0 -3 -2 -2    1  10   6   0   0   0  16   1   0   4   1  26   0   0  27   1   6   0   0   1  0.51 0.10
   78 M    1 -1 -2  0 -2 -1 -1 -2 -2  0 -1  1  2 -2  4 -1  0 -3 -2  1   16   0   0   6   0   0   1   1   0   3   1  13  14   0  24   1   3   0   0  15  0.31 0.08
   79 T    0 -1  2  1 -2  1  2  0 -1  0 -1 -1 -1 -2 -2  1  0 -3 -2 -1    7   0  13  10   0   8  16   6   0  13   5   0   0   0   0  17   3   0   0   1  0.15 0.05
   80 K    0  0  2  2 -2  0  1 -2 -1  0  0  1 -1 -1 -2  0 -1 -2  1 -1   10   4  14  13   0   3   8   1   0  10  14  10   0   0   0   3   0   0   7   1  0.08 0.04
   81 T   -1 -2  1 -1 -2 -1  1  0 -2 -2 -1 -1 -2 -3  4  1  2 -3 -2 -1    1   0   8   0   0   0  13   8   0   0   6   0   0   0  24  10  23   0   0   4  0.37 0.08
   82 G    0  0 -1 -2 -2 -1 -2  3 -2 -1 -2 -1 -2 -3  4  0 -1 -3 -3  1    7   7   0   0   0   3   0  33   0   0   0   0   0   0  20  10   0   0   0  16  0.40 0.09
   83 A    2  0 -1 -2 -2 -1 -1  1 -2 -2 -2  1 -2 -3  3  1  2 -3 -2 -1   26   5   0   0   0   0   0  11   0   0   1  10   0   0  13   6  25   0   0   0  0.29 0.07
   84 E    1 -1 -1 -1 -2  0  3  1 -1 -2 -2 -1 -1 -1 -1  0  1 -2  2  0   19   1   0   1   0   0  29  12   0   1   1   1   0   0   1   1  15   0  11   6  0.19 0.06
   85 I   -1 -2  0 -2 -2 -1 -2  1  1  1  1 -2  3 -1 -2 -1  2 -2 -1  1    1   0   4   0   0   0   0  12   6   7   9   0  22   0   0   0  28   0   0   9  0.16 0.08
   86 L    1  0 -2 -2 -2 -1 -2  1 -2  0  2 -1  0  0  2 -1 -1 -2 -1 -1   19   7   0   0   0   0   1  12   0   0  38   0   0   5  13   1   0   0   0   1  0.17 0.05
   87 A    2 -2 -1 -2 -1 -1 -1  2 -2 -1 -2 -1 -1 -2  2  1  1 -3 -2  1   36   0   0   0   0   0   1  16   0   0   1   0   0   0  10   7  12   0   0  15  0.24 0.05
   88 E    0 -1  1  0 -3  2  3  0 -1 -3 -3  1 -2 -3 -2  3  0 -3 -2 -3    0   0   4   0   0  13  33   7   0   0   0   5   0   0   0  38   0   0   0   0  0.43 0.09
   89 E   -2 -1 -1  4 -4  0  3 -2 -1 -4 -4  1 -3 -4  4 -1 -1 -4 -3 -3    0   0   0  29   0   0  33   0   0   0   0  10   0   0  28   0   0   0   0   0  0.78 0.10
   90 A    4 -2 -2 -2 -1 -2 -2  1 -2 -1 -2 -2 -1 -3  2  0 -1 -3 -2  1   60   0   0   0   0   0   0  10   0   0   0   0   0   0  13   0   0   0   0  17  0.39 0.09
   91 K    0  2  1 -1 -3  2  1 -2 -1 -3 -3  3 -2 -3 -2  0  1 -3 -2 -2    9  13   9   0   0  14   4   0   0   0   0  41   0   0   0   0  11   0   0   0  0.36 0.06
   92 T    0 -2 -1 -2 -1 -1 -1 -2 -2 -1  0 -1 -1 -2 -2  2  5 -3 -2 -1    0   0   0   0   0   0   0   0   0   0  14   0   0   0   0  13  74   0   0   0  0.50 0.10
   93 L   -1 -2 -2 -2 -2 -1  1 -3 -2  1  4 -2  2 -1 -3 -1  1 -2 -2  0    0   0   0   0   0   0  13   0   0   0  65   0   5   0   0   0  17   0   0   0  0.31 0.07
   94 A    3  1 -1 -1 -1  0  0 -1  3 -2 -2  0 -1 -3 -1  1  1 -3 -1 -1   52   8   0   0   0   0   5   0  14   0   0   0   0   0   0  12   9   0   0   0  0.30 0.06
   95 A    3 -1 -2 -1 -2  0  2 -1 -2 -1 -1  1 -1 -3 -2  0 -1 -3 -2  1   39   0   0   0   0   0  26   0   0   0   0  13   0   0   0   0   0   0   0  22  0.22 0.06
   96 A    3 -2 -2 -2 -1  0  1 -1 -2 -1 -1 -1 -1 -2 -1  0  1 -3 -2  1   58   0   0   0   0   6  10   0   0   0   0   0   0   0   0   0   9   0   0  18  0.26 0.06
   97 L   -1 -2 -3 -4 -1 -2 -3 -4 -3  2  4 -2  3  0 -3 -2 -1 -2 -1  2    0   0   0   0   0   0   0   0   0   0  63   0  19   0   0   0   0   0   0  18  0.40 0.04
   98 L   -1 -3 -4 -4 -1 -2 -3 -4 -3  2  4 -3  2  0 -3 -3 -1 -2 -1  2    0   0   0   0   0   0   0   0   0  17  73   0   0   0   0   0   0   0   0  10  0.41 0.02
   99 E   -1  0  0  1 -4  2  6 -2  0 -4 -3  1 -2 -4 -1  0 -1 -3 -2 -3    0   0   0   0   0   0 100   0   0   0   0   0   0   0   0   0   0   0   0   0  0.83 0.04
  100 E    0  0 -1  1 -3  2  5 -2  0 -3 -3  1 -2 -3 -1  0 -1 -3 -2 -2   10   0   0   0   0   0  90   0   0   0   0   0   0   0   0   0   0   0   0   0  0.69 0.04
  101 E   -1 -1  0  3 -4  1  5 -2  0 -4 -3  0 -2 -4 -1  0 -1 -3 -2 -3    0   0   0  20   0   0  80   0   0   0   0   0   0   0   0   0   0   0   0   0  0.73 0.03
  102 I   -2 -3 -3 -3 -2 -2 -3 -4 -2  3  2 -2  4  2 -3 -2 -1 -2  0  2    0   0   0   0   0   0   0   0   0  51   0   0  32  17   0   0   0   0   0   0  0.31 0.03
  103 M   -1 -2 -3 -4 -2 -1 -3 -3 -2  1  3 -2  6  0 -3 -2 -1 -2 -1  1    0   0   0   0   0   0   0   0   0   0  26   0  67   0   0   0   0   0   0   7  0.40 0.04
  104 D   -2 -1  1  6 -4  0  3 -2 -1 -3 -4  0 -3 -4 -2  0 -1 -4 -3 -3    0   0   0  76   0   0  24   0   0   0   0   0   0   0   0   0   0   0   0   0  0.78 0.00
  105 N   -2  0  6  1 -3  0  0  0  1 -3 -4  0 -2 -3 -2  1  0 -4 -2 -3    0   0 100   0   0   0   0   0   0   0   0   0   0   0   0   0   0   0   0   0  0.72 0.00

                      K         Lambda
Standard Ungapped    0.1344     0.3263
Standard Gapped      0.0460     0.2670
PSI Ungapped         0.1501     0.3158
PSI Gapped           0.0460     0.2670
