
Last position-specific scoring matrix computed, weighted observed percentages rounded down, information per position, and relative weight of gapless real matches to pseudocounts
           A  R  N  D  C  Q  E  G  H  I  L  K  M  F  P  S  T  W  Y  V   A   R   N   D   C   Q   E   G   H   I   L   K   M   F   P   S   T   W   Y   V
    1 M   -1 -2 -2 -3 -2 -1 -2 -3 -2  1  2 -2  6  0 -3 -2 -1 -2 -1  1    0   0   0   0   0   0   0   0   0   0   0   0 100   0   0   0   0   0   0   0  0.41 0.02
    2 A    4 -2 -2 -2  0 -1 -1  0 -2 -1 -2 -1 -1 -2 -1  1  0 -3 -2  0  100   0   0   0   0   0   0   0   0   0   0   0   0   0   0   0   0   0   0   0  0.42 0.01
    3 T    3 -2 -1 -2 -1 -1 -1 -1 -2  1  0 -1  0 -2 -1  1  2 -3 -2  1   53   0   0   0   0   0   0   0   0  23   0   0   0   0   0   0  24   0   0   0  0.20 0.00
    4 T    0 -1  0 -1 -1 -1 -1 -2 -2 -1 -1 -1 -1 -2 -1  1  5 -3 -2  0    0   0   0   0   0   0   0   0   0   0   0   0   0   0   0   0 100   0   0   0  0.50 0.01
    5 A    2 -1  0 -1 -1 -1 -1 -1 -2 -1 -2 -1 -1 -2 -1  2  3 -3 -2 -1   24   0   0   0   0   0   0   0   0   0   0   0   0   0   0  30  46   0   0   0  0.33 0.00
    6 T    0 -2 -1 -2 -1 -1 -1 -2 -2  2  0 -1  0 -1 -2  2  2 -3 -2  2    0   0   0   0   0   0   0   0   0  23   0   0   0   0   0  30  24   0   0  23  0.17 0.00
    7 T    0 -1  0 -1 -1 -1 -1 -2 -2 -1 -1 -1 -1 -2 -1  1  5 -3 -2  0    0   0   0   0   0   0   0   0   0   0   0   0   0   0   0   0 100   0   0   0  0.50 0.01
    8 T    0 -1  0 -1 -1 -1 -1 -1 -1  0  1 -1  0 -1 -1  2  2 -1 -1  0    2   2   1   2   1   1   2   2   1   2  26   2   1   1   2  25  26   0   1   2  0.11 0.00
    9 P    2 -1  0 -1 -1 -1 -1 -1 -1 -2 -2 -1 -2 -3  4  3  1 -3 -2 -1   30   0   0   0   0   0   0   0   0   0   0   0   0   0  24  46   0   0   0   0  0.49 0.00
   10 S    2 -1  0 -1 -1  0  0  0 -1 -2 -2  0 -1 -3 -1  4  1 -3 -2 -1   23   0   0   0   0   0   0   0   0   0   0   0   0   0   0  77   0   0   0   0  0.40 0.01
   11 A    3 -2 -2 -3 -1 -1 -2 -1 -2  0  2 -2  1 -1 -2  0 -1 -2 -2  0   54   0   0   0   0   0   0   0   0   0  46   0   0   0   0   0   0   0   0   0  0.21 0.00
   12 T    0 -1  0 -1 -1  0 -1 -1 -1 -1  0 -1  3 -1 -1  3  2 -2 -2  0    0   0   0   0   0   0   0   0   0   0   0   0  30   0   0  46  24   0   0   0  0.22 0.01
   13 S    2 -1 -1 -1 -1 -1 -1 -1 -2 -1  1 -1  0 -2 -1  3  1 -3 -2 -1   30   0   0   0   0   0   0   0   0   0  23   0   0   0   0  47   0   0   0   0  0.20 0.00
   14 L   -1 -1 -1 -2 -2 -1 -1 -3  6  1  1 -2  0 -1 -3 -2 -1 -2  0  1    0   0   0   0   0   0   0   0  46   0  24   0   0   0   0   0   0   0   0  30  0.28 0.01
   15 T    2 -1  0 -1 -1 -1 -1 -1 -2 -1 -2 -1 -1 -2 -1  2  3 -3 -2  0   30   0   0   0   0   0   0   0   0   0   0   0   0   0   0  23  47   0   0   0  0.33 0.00
   16 T    2 -1  0 -1 -1 -1 -1 -1 -2 -1 -1 -1 -1 -2 -1  1  4 -3 -2  0   30   0   0   0   0   0   0   0   0   0   0   0   0   0   0   0  70   0   0   0  0.36 0.01
   17 L    0 -1  0 -1 -1 -1 -1 -2 -2  0  1 -1  0 -1 -1  2  3 -2 -2  0    0   0   0   0   0   0   0   0   0   0  24   0   0   0   0  23  53   0   0   0  0.25 0.00
   18 H    0 -1  0 -1 -1  0 -1 -1  4 -2 -2 -1 -1 -2 -1  2  3 -3  0 -1    0   0   0   0   0   0   0   0  24   0   0   0   0   0   0  30  46   0   0   0  0.33 0.01
   19 R   -1  1 -2 -2 -3 -1 -1 -2 -2 -3 -3  0 -2 -4  7 -1 -1 -4 -3 -3    0  17   0   0   0   0   0   0   0   0   0   0   0   0  83   0   0   0   0   0  1.62 0.02
   20 R   -1  5  0 -2 -3  1  0 -2 -1 -2 -2  2 -1 -3 -2  0  2 -3 -2 -2    0  77   0   0   0   0   0   0   0   0   0   0   0   0   0   0  23   0   0   0  0.55 0.01
   21 I   -2 -3 -3 -4 -2 -3 -3 -4 -3  3  3 -3  1  2 -3 -3 -1 -2  0  2    0   0   0   0   0   0   0   0   0  47  39   0   0  13   0   0   0   0   0   0  0.34 0.01
   22 P    2 -1  0 -1 -1 -1 -1 -1 -1 -2 -3 -1 -2 -3  5  3  1 -3 -2 -2   17   0   0   0   0   0   0   0   0   0   0   0   0   0  31  53   0   0   0   0  0.60 0.01
   23 L   -1 -2 -2 -3 -1 -2 -2 -3 -2  0  2 -2  1  3 -2  0  1 -1  0  0    0   0   0   0   0   0   0   0   0   0  47   0   0  24   0  15  15   0   0   0  0.20 0.01
   24 F    1 -2 -1 -2 -1 -1 -2 -2  2  0  1 -2  0  3 -2  1  0 -1  0  0   26   0   0   0   0   0   0   0   8   9  18   0   0  21   0  18   0   0   0   0  0.12 0.01
   25 P   -1 -2 -2 -2 -3 -1 -1 -2 -2 -3 -3  0 -3 -4  8 -1 -1 -4 -3 -3    0   0   0   0   0   0   0   0   0   0   0   9   0   0  91   0   0   0   0   0  1.91 0.06
   26 T   -2 -2  0 -2 -2 -2 -3 -3 -2  1  1 -2  0  5  1 -1  0  0  1  0    0   0  10   0   0   0   0   0   0   9  11   0   0  52   9   0  10   0   0   0  0.32 0.03
   27 T    0 -1  1 -1 -2  1 -1 -2 -1  0 -2 -1 -1 -2  2  1  3 -3 -2 -1    0   0  10   0   0   9   0   0   0   9   0   0   0   0  13  13  47   0   0   0  0.32 0.02
   28 T    1 -1  1 -1 -1  0 -1 -1 -1 -2 -1  1 -1 -2 -1  3  1 -3 -2 -1   17   0   9   0   0   0   0   0   0   0  10  11   0   0   0  44  10   0   0   0  0.23 0.02
   29 T    0  0 -1 -2 -2  1 -1 -2 -2  0  1  1  0 -2 -2  0  3 -2 -2  0    9   0   0   0   0   9   0   0   0   0  26  18   0   0   0   0  39   0   0   0  0.17 0.02
   30 L   -1 -2 -2 -2 -3 -2 -2 -3 -2 -2 -1 -1 -2 -3  7 -1  1 -4 -3 -2    0   0   0   0   0   0   0   0   0   0  10   0   0   0  73   0  17   0   0   0  1.38 0.04
   31 L   -1 -1 -2 -2 -2 -1 -2 -3  2  0  2  0  1  3 -2  0  0 -1  0  0    0   0   0   0   0   0   0   0   9   0  44  10   0  20   0   8   9   0   0   0  0.15 0.02
   32 S    0  1  0 -1 -2  0 -1  1  2 -3 -3  0 -2 -3 -1  3  1 -3 -1 -2    0  13   0   0   0   0   0  13   9   0   0   0   0   0   0  54  11   0   0   0  0.31 0.03
   33 L   -1 -1 -2 -3 -2 -1 -2 -3 -2  1  3  0  1  0 -2  0  1 -2 -1  1    0   0   0   0   0   0   0   0   0   9  64  10   0   0   0   9   9   0   0   0  0.23 0.02
   34 S    1  3 -1 -1 -2  0 -1 -1 -1 -2 -2  0 -1  2 -2  2  2 -2  0 -1   10  26   0   0   0   0   0   0   0   0   0   0   0  18   0  30  17   0   0   0  0.21 0.02
   35 S    0 -1 -1 -2 -2 -1 -1 -2 -2  0  1  1  0  1 -2  2  1 -2 -1  0    0   0   0   0   0   0   0   0   0   9  26  17   0   9   0  28  11   0   0   0  0.10 0.01
   36 S   -1  3 -1 -2 -2  0 -1 -2 -1  0  0  2 -1 -2  3  1 -1 -3 -2 -1    0  23   0   0   0   0   0   0   0  17   7  17   0   0  21  15   0   0   0   0  0.29 0.02
   37 S    0  1 -1 -1 -3 -1 -1 -2 -2 -3 -3  1 -2 -3  6  2  0 -4 -3 -2    0   7   0   0   0   0   0   0   0   0   0  14   0   0  55  24   0   0   0   0  0.99 0.04
   38 K   -1  2 -1 -1 -2  2  0 -2 -1  0  0  3  0  0 -1  0 -1 -2 -1 -1    1   7   0   0   0  12   1   1   0   9   8  42   0   8   0   8   1   0   0   1  0.17 0.02
   39 P   -1 -2 -1 -1 -2 -1 -1 -2 -2 -1 -2 -1 -2 -3  6  0  1 -3 -2  0    1   0   0   0   0   0   1   1   0   0   1   1   0   0  60   8  15   0   0   9  1.03 0.03
   40 L   -1 -2 -2 -2 -1  0 -1 -2 -2  2  2 -1  1  0 -2  0  0 -2 -1  1    1   0   0   0   0   7   1   1   0  22  39   1   0   0   0  17   1   0   0   8  0.14 0.01
   41 F   -1 -2 -2 -2 -2 -2 -2 -2 -1  0  2 -2  0  5 -2  0 -1  0  2  0    1   1   1   1   0   1   1   1   0   1  24   1   0  49   1  14   1   0   1   1  0.27 0.02
   42 L   -1 -1 -2 -2 -1  0 -1 -2 -1  0  2 -1  1  3 -2  0 -1 -1  0  0    1   1   1   1   0   8   1   1   0   1  42   1   0  23   1  15   1   0   1   1  0.14 0.01
   43 S    1 -1  0 -1 -1 -1 -1 -1 -1 -1 -1 -1 -1  1 -1  3  2 -2  0 -1   13   1   1   1   0   1   1   1   0   1   1   1   0  13   1  43  19   0   1   1  0.20 0.02
   44 L    0 -2 -2 -2 -1 -2 -2 -2 -2  1  3 -2  1  2  1 -1 -1 -1  0  0   13   1   1   1   0   1   1   1   0   1  53   1   0  14   8   1   1   0   1   1  0.19 0.01
   45 S    0 -1 -1 -1 -1 -1 -1 -1 -1 -1  1  0  0  2 -2  2  0 -1  0 -1    1   0   0   0   0   0   0   1   0   0  26   7   0  17   0  46   0   0   0   0  0.14 0.02
   46 S    0  1  2 -1 -2  0  0 -1  2 -2 -2  0 -2 -2  2  2  1 -2  1 -2    1  12  14   0   0   0   0   1   8   0   1   0   0   0  12  34   9   0   7   0  0.26 0.02
   47 T   -1  3 -1 -2 -2  1  0 -2  1  0  0  1  0 -2 -2  0  1 -2 -1  1    1  25   0   0   0   7   0   1   7   0   8   7   0   0   0   7  15   0   0  21  0.12 0.01
   48 R   -1  3 -1 -2 -3  0 -1 -2 -1 -2 -1  1 -1 -3  5  0 -1 -3 -2 -2    0  33   0   0   0   0   0   0   0   0   8   9   0   0  39   7   0   0   0   0  0.66 0.02
   49 S    1  0 -1 -1 -1  0 -1 -1 -1 -1  0  1 -1  2 -1  2  0 -2  0  0   21   0   0   0   0   0   0   0   0   0   8  19   0  14   0  28   0   0   0   7  0.10 0.01
   50 F    0 -1  1 -1 -1 -1 -1 -1 -1  1 -1  0 -1  1 -1  2  0 -2 -1  0    1   1   8   1   0   1   1   1   0  23   1   8   0   8   1  44   1   0   0   1  0.11 0.02
   51 P    0  0 -1 -1 -2 -1 -1 -2 -2 -1 -1 -1 -1 -2  5  2  0  5 -1 -1    1   7   0   0   0   0   0   0   0   7   8   0   0   0  31  32   0  11   0   0  0.48 0.02
   52 T    0 -1  0  1 -1 -1 -1 -2 -2  0  0 -1  0 -2  1  1  3 -3 -2  0    0   0   0  11   0   0   0   0   0   6  13   0   0   0   6  12  47   0   0   0  0.22 0.02
   53 H   -1 -1 -1 -1 -2  0  1 -2  2  0 -1  0 -1 -1 -1  1  2  5  0  0    1   1   1   1   0   1  12   1   8   7   1   8   0   1   1   8  31  12   0   7  0.19 0.01
   54 L   -1 -2 -2 -2  2 -2 -2 -2 -2  2  2 -2  1  1 -2  0  0 -2 -1  1    1   1   1   1   6   1   1   1   0  19  27   1   0   7   1  12   7   0   0  12  0.11 0.01
   55 Y   -1 -1  0  1 -2  0  1 -2 -1  0 -1  0 -1  0 -1  0  2 -1  1  1    1   1   6   7   0   1  12   1   0   1   1   6   0   6   1   1  23   0   8  24  0.07 0.01
   56 C    0  1  1 -1  2  0  0 -1 -1 -2 -2  2 -1 -2  3  1  0 -3 -2 -2    7   6   6   1   7   1   1   1   0   1   1  25   0   1  18  17   6   0   0   1  0.28 0.01
   57 I    3 -1 -2 -1 -1 -1  0 -1 -2  1  0  0  0 -1 -1  0  0 -2 -2  1   48   1   1   1   0   1   9   1   0  13   7   6   0   0   1   1   1   0   0  10  0.12 0.01
   58 K    1  0  1  1 -2  0  1 -1 -1 -2 -2  2 -1 -2  1  2  0 -3 -2 -2   15   1   6   9   0   1   6   1   0   1   1  24   0   0   6  27   1   0   0   1  0.22 0.01
   59 K    1 -1  0  0 -2  1  1  2 -1 -3 -3  0 -2 -3  1  2  0 -3 -2 -2   11   0   0   0   0   5   9  17   0   0   0   7   0   0   6  41   0   0   0   0  0.28 0.01
   60 D    0 -1  2  3 -2  0  1  1 -1 -3 -3 -1 -2 -3  1  1  0 -3 -3 -2   11   0  12  33   0   0   9   8   0   0   0   0   0   0   5  16   6   0   0   0  0.34 0.01
   61 D   -1 -1  1  5 -3  0  3  0 -1 -3 -4 -1 -3 -4 -2  0 -1 -4 -3 -3    0   0   0  66   0   0  19   9   0   0   0   0   0   0   0   6   0   0   0   0  0.69 0.03
   62 I    0 -2 -2 -1 -2 -1  1 -2 -2  2  0 -1  0  1 -2  0  1 -2 -1  1    8   0   0   0   0   0  17   0   0  38   0   0   0   8   0   6  18   0   0   5  0.11 0.01
   63 D   -2 -1  0  5 -4  1  4 -2 -1 -4 -4  0 -3 -4 -2  0 -1 -4 -3 -3    0   0   0  49   0   0  51   0   0   0   0   0   0   0   0   0   0   0   0   0  0.75 0.03
   64 I   -1 -1 -1  0 -2  0  2 -2 -2  1 -1 -1 -1 -2 -1  1  4 -3 -2  0    0   0   0   0   0   0  26   0   0  14   0   0   0   0   0   0  60   0   0   0  0.31 0.03
   65 T    0 -1  0 -1 -1 -1  0  1 -2 -1 -2 -1 -1  0 -1  2  3 -2 -1 -1    0   0   0   0   0   0   8   9   0   6   0   0   0   6   0  29  42   0   0   0  0.24 0.02
   66 F   -2 -3 -3 -3 -2 -2 -1 -3 -2  1  0 -3  0  6 -3 -2 -2  0  2  1    0   0   0   0   0   0   8   0   0   8   0   0   0  67   0   0   0   0   0  17  0.46 0.03
   67 F   -1 -2 -2 -2 -3 -2  0 -3 -1 -1  0  0 -1  6  1 -2 -2  0  2 -1    8   0   0   0   0   0   9   0   0   0   0   8   0  67   8   0   0   0   0   0  0.40 0.03
   68 E    0 -1  0  4 -3  2  4 -2 -1 -3 -3  0 -2 -4 -1  0 -1 -4 -3 -3    8   0   0  43   0   8  41   0   0   0   0   0   0   0   0   0   0   0   0   0  0.59 0.02
   69 Q   -1  2  4  2 -3  1  0  2  0 -3 -3  0 -2 -3 -2  0 -1 -4 -2 -3    0  17  43  18   0   7   0  16   0   0   0   0   0   0   0   0   0   0   0   0  0.44 0.02
   70 D   -1 -2 -1  3 -3 -1  2 -2 -2  0  0 -1 -1 -2  4 -1  0 -3 -2  0    0   0   0  24   0   0  16   0   0   9  10   0   0   0  30   0   6   0   0   5  0.44 0.01
   71 N   -1 -1  3  3 -3  1  2 -1  0 -2 -1  0 -1 -3 -2  1  1 -3 -2 -2    0   0  31  21   0   7  18   0   0   0   7   0   0   0   0   5  11   0   0   0  0.34 0.01
   72 P   -1 -2 -2 -2 -3 -1  0 -3 -2 -3 -2 -1 -2 -4  8 -1 -1 -4 -3 -2    0   0   0   0   0   0   6   0   0   0   5   0   0   0  89   0   0   0   0   0  1.77 0.03
   73 D   -1  0  0  2 -3  3  4 -2 -1 -1 -2  0 -1 -3 -1  0 -1 -3 -2  0    1   0   0  13   0  20  44   1   0   0   1   0   0   0   0   1   0   0   0  18  0.34 0.01
   74 E    1 -1  0  2 -2  1  3 -1 -1 -2 -2  0 -2  0 -1  1 -1 -2  0 -2   23   0   0  14   0   0  41   1   0   0   1   0   0   5   0   7   0   0   5   0  0.27 0.01
   75 E    0 -1  2  3 -3  1  3 -1 -1 -2 -2  0 -2 -3 -1  0 -1 -3 -2 -2   10   0  11  22   0   0  42   0   0   5   1   0   0   0   0   5   0   0   0   0  0.36 0.01
   76 I    0 -2 -2 -2 -1 -2 -2 -1 -2  2  0 -2  0  3 -2  1  0 -1  0  1    5   0   0   0   0   0   0   5   0  24   1   0   0  27   0  20   0   0   0  16  0.11 0.01
   77 T    0 -1 -1 -1 -1  2  0  0 -1  1 -1 -1  0 -2 -2  0  2 -2 -2  2    1   0   0   0   0  22   5  10   0   0   1   0   0   0   0   0  20   0   0  39  0.12 0.01
   78 F   -2 -3 -3 -4 -3 -3 -3 -3 -1  0  0 -3  0  6 -4 -3 -2  1  4 -1    0   0   0   0   0   0   0   0   0   0   0   0   0  85   0   0   0   0  15   0  0.80 0.03
   79 D    1 -1  2  4 -3  1  3 -1 -1 -3 -3  0 -2 -3 -1  0 -1 -3 -2 -2   21   0  15  36   0   5  23   0   0   0   0   0   0   0   0   0   0   0   0   0  0.42 0.01
   80 P    1 -2 -2 -2 -2 -2 -1 -2 -2 -2 -2 -1 -2  1  7 -1 -1 -2 -1 -2   21   0   0   0   0   0   0   0   0   0   0   0   0  15  64   0   0   0   0   0  1.12 0.02
   81 P    1 -2 -2 -2 -2 -1 -1 -2 -2 -3 -3 -1 -2 -4  7  0  0 -4 -3 -2   15   0   0   0   0   0   0   0   0   0   0   0   0   0  81   0   5   0   0   0  1.57 0.03
   82 E    0 -1  0  0 -2  1  3 -1 -1  0 -1  0 -1 -2  1  1  1 -2 -1 -1    7   1   1   1   0   1  41   2   0  12   2   1   0   1   6  11  11   0   1   1  0.20 0.01
   83 K    1  0 -1 -1 -2 -1 -1 -1 -2  0 -1  0 -1 -2  5  0 -1 -2 -2  0   17   6   1   1   0   1   1   2   0   8   2   7   0   1  38   2   1   0   1  10  0.49 0.01
   84 P   -1 -2 -2 -2 -3 -2 -1 -2 -2 -3 -3 -1 -3 -4  8 -1 -1 -4 -3 -3    0   0   0   0   0   0   0   0   0   0   0   0   0   0 100   0   0   0   0   0  2.12 0.04
   85 E   -1  0  0  1 -4  2  5 -2  0 -4 -3  1 -2 -4 -1  0 -1 -3 -2 -3    0   0   0   0   0   0 100   0   0   0   0   0   0   0   0   0   0   0   0   0  0.82 0.03
   86 G    0 -2  0  2 -3 -2 -1  6 -2 -4 -4 -2 -3 -3 -2  0 -2 -3 -3 -3    0   0   0  15   0   0   0  85   0   0   0   0   0   0   0   0   0   0   0   0  0.91 0.02
   87 Y   -2 -2 -3 -4 -3 -2 -3 -3  0 -1  0 -3 -1  5 -4 -2 -2  2  6 -1    0   0   0   0   0   0   0   0   0   0   0   0   0  53   0   0   0   0  47   0  0.77 0.03
   88 I   -1 -3 -3 -3 -1 -3 -3 -4 -3  3  1 -3  1 -1 -3 -2  0 -3 -1  4    0   0   0   0   0   0   0   0   0  28   0   0   0   0   0   0   0   0   0  72  0.39 0.02
   89 P    0 -1 -1  0 -3  0  3 -2 -1 -3 -3  0 -2 -4  6  0 -1 -3 -3 -2    8   0   0   0   0   0  41   0   0   0   0   0   0   0  45   5   0   0   0   0  0.87 0.02
   90 P   -1 -2 -2 -2 -3 -2 -1 -2 -2 -3 -3 -1 -3 -4  8 -1 -1 -4 -3 -3    0   0   0   0   0   0   0   0   0   0   0   0   0   0 100   0   0   0   0   0  2.12 0.04
   91 R    2  0 -2 -2 -2 -1 -1 -1 -2 -2 -2 -1 -2 -3  6  0 -1 -3 -3 -1   41   6   0   0   0   0   0   0   0   0   0   0   0   0  53   0   0   0   0   0  0.94 0.02
   92 A    2 -1 -1 -1 -1 -1 -1 -1 -1 -2 -2 -1 -2 -1  3  3  0 -1  2 -1   18   0   0   0   0   0   0   0   0   0   0   0   0   0  16  49   0   0  17   0  0.35 0.02
   93 V   -2 -3 -3 -4 -2 -3 -3 -3 -2  1  0 -3  0  6 -4 -3 -2  1  3  0    0   0   0   0   0   0   0   0   0   6   0   0   0  89   0   0   0   0   0   5  0.72 0.03
   94 D   -2 -2  1  7 -4 -1  1 -2 -2 -4 -4 -1 -4 -4 -2 -1 -1 -5 -4 -4    0   0   0 100   0   0   0   0   0   0   0   0   0   0   0   0   0   0   0   0  1.16 0.07
   95 E   -1 -1  0  4 -3  1  4 -2 -1 -3 -3  1 -3 -4 -1  1 -1 -4 -3 -3    0   0   0  34   0   0  47   0   0   0   0   5   0   0   0  14   0   0   0   0  0.59 0.04
   96 P   -1  0  2 -1 -3  2  1  3 -1 -1  1  0 -1 -2  0 -1 -1 -3 -2 -2    0   5  14   0   0  15   9  29   0   0  24   0   0   0   4   0   0   0   0   0  0.19 0.02
   97 P   -1  0 -1 -2 -3 -1 -1 -2 -2 -3 -3 -1 -2 -4  7  1  1 -4 -3 -2    0   5   0   0   0   0   0   0   0   0   0   0   0   0  67  13  15   0   0   0  1.27 0.05
   98 F   -1 -2 -1  1 -2  1 -1 -3 -2  0  0 -1  1  0  4 -1 -1 -3 -2  1    0   0   0  11   0  14   0   0   0   6   9   0   9   4  29   3   0   0   0  15  0.34 0.02
   99 E   -1  0 -1  1 -3  1  5 -2 -1 -3 -3  2 -2 -3 -1  0  1 -3 -2 -2    0   0   0   0   0   0  71   0   0   0   0  15   0   0   0   0  14   0   0   0  0.60 0.05
  100 S    0 -1  2  1 -2  0  1 -1 -1 -2 -2  0 -2 -3 -1  2  3 -3 -2 -1    0   0  14   4   0   0  15   0   0   0   0   0   0   0   0  31  36   0   0   0  0.35 0.03
  101 E   -1 -1 -1  0 -3  0  4 -2 -1 -3 -3  0 -2 -4  5  0  1 -3 -3 -2    0   0   0   0   0   0  47   0   0   0   0   0   0   0  38   0  15   0   0   0  0.81 0.05
  102 E   -1 -1  2  3 -4  1  4 -2 -1 -3 -2  0 -2 -3 -2  0 -1 -4 -3 -3    0   0  14  23   0   0  57   0   0   0   5   0   0   0   0   0   0   0   0   0  0.58 0.04
  103 E   -2 -1  0  4 -4  1  5 -2 -1 -4 -4  0 -3 -4 -2  0 -1 -4 -3 -3    0   0   0  38   0   0  62   0   0   0   0   0   0   0   0   0   0   0   0   0  0.78 0.05
  104 I   -1 -3 -3 -4 -1 -3 -3 -4 -4  4  1 -3  1 -1 -3 -2 -1 -3 -2  3    0   0   0   0   0   0   0   0   0  61   0   0   0   0   0   0   0   0   0  39  0.47 0.04
  105 A    4 -2 -2 -2 -1 -1 -1 -1 -2 -1 -1 -1 -1 -2  3  0  0 -3 -2  1   66   0   0   0   0   0   0   0   0   0   0   0   0   0  14   0   5   0   0  15  0.38 0.04
  106 L    4 -2 -1 -2 -1 -1 -1  0 -2 -2 -1  0 -1 -3 -1  2  1 -3 -2 -1   76   0   0   0   0   0   0   0   0   0   3   3   0   0   0  12   6   0   0   0  0.41 0.06
  107 A    5 -2 -2 -2 -1 -1 -1  0 -2 -2 -2 -1 -1 -3 -1  1  0 -3 -2 -1   97   0   0   0   0   0   0   3   0   0   0   0   0   0   0   0   0   0   0   0  0.60 0.08
  108 Y    0 -1 -2 -3 -2  2 -1 -3  1 -2 -2 -1 -1  2 -3 -1  0  1  6 -1   12   0   0   0   0  15   0   0   0   0   0   0   0   6   0   0  10   0  57   0  0.53 0.06
  109 E   -1  0  0  2 -4  4  5 -2  0 -4 -3  0 -2 -4 -2 -1 -1 -3 -2 -3    0   0   0  12   0  25  63   0   0   0   0   0   0   0   0   0   0   0   0   0  0.73 0.06
  110 E    1  2  1  1 -2  1  3 -1  0 -3 -2  0 -2 -3 -1  1  0 -3 -2 -2   15  15  11   3   0   0  36   1   0   1   1   1   0   0   1  12   1   0   0   1  0.29 0.03
  111 L   -1 -2  0 -2 -2 -2 -2  0 -2  1  3 -2  1  0 -2  0 -1 -2 -1  0    1   1   8   1   0   0   1  11   0   6  59   1   0   0   1   8   1   0   0   1  0.17 0.03
  112 Y   -2 -2  2 -2 -3 -1  0 -3  1 -1 -2 -2 -1  2 -3 -1 -1  1  6  0    0   0  15   0   0   0  10   0   0   0   0   0   0   0   0   0   0   0  63  12  0.58 0.07
  113 G    0 -3 -1 -2 -3 -2 -2  6 -3 -4 -4 -2 -3 -4  2 -1  0 -3 -3 -3    0   0   0   0   0   0   0  82   0   0   0   0   0   0  10   0   8   0   0   0  0.97 0.07
  114 A    1 -3 -3 -2 -3 -2 -2 -2 -3 -3 -3 -2 -3 -4  7 -1 -1 -4 -3 -1   15   0   0   0   0   0   0   0   0   0   0   0   0   0  81   0   0   0   0   3  1.72 0.11
  115 A    5  0 -2 -2 -1 -1 -1  1 -2 -2 -2 -1 -2 -3 -1  1 -1 -3 -2 -1   86   7   0   0   0   0   0   7   0   0   0   0   0   0   0   0   0   0   0   0  0.53 0.08
  116 Y    1 -2 -2  0 -2 -2 -2  0  0 -1 -1 -2 -1  4 -2 -1 -1  0  5 -1   24   0   0   7   0   0   0   6   0   0   1   0   0  23   0   1   0   0  35   0  0.35 0.05
  117 S    1  0  0  1 -2  0  1  0 -1 -3 -3  0 -2 -3 -1  4  0 -3 -2 -2    7   5   0   6   0   0   8   6   0   0   1   0   0   0   0  63   0   0   0   0  0.37 0.06
  118 G    0 -3  0 -2 -3 -2 -3  6 -2 -4 -4 -2 -3 -4 -3 -1 -2 -3 -4 -4    6   0   5   0   0   0   0  89   0   0   0   0   0   0   0   0   0   0   0   0  1.15 0.10
  119 E    0  0  0  2 -3  1  3 -2 -1  0 -2  0 -1 -3 -2 -1  0 -3 -2  1    4   4   4   9   0   6  39   0   0   3   0   4   2   0   0   0   6   0   0  18  0.27 0.05
  120 S    1  0  1 -1 -2  1 -1  0 -1 -2 -2 -1 -2 -3  1  3  2 -3 -2 -1    5   4   8   0   0   6   0   4   0   0   0   0   0   0   5  47  16   0   0   5  0.32 0.07
  121 L    0 -2 -2 -1 -2 -1  1 -2 -2  1  1 -1  2  0  0  0  1 -2 -1  2    9   0   0   0   0   0  17   0   0   0  16   0   9   2   4   4   8   0   2  26  0.10 0.03
  122 L   -1 -2  0 -1 -2  0  0 -1 -2  0  2 -1  3 -1 -2 -1 -1 -2 -2  0    4   0   8   4   0   6   5   6   0   0  41   0  15   0   0   4   0   0   0   5  0.13 0.04
  123 G    0  0  1  1 -3 -1  0  5 -2 -4 -4 -1 -3 -3 -2 -1 -2 -3 -3 -3    5   6   9   6   0   0   9  64   0   0   0   0   0   0   0   0   0   0   0   0  0.68 0.07
  124 N   -1  2  5  0 -3  0  0  0 -1 -3 -3  1 -2 -3 -2  2  0 -4 -2 -3    3  12  47   0   0   0   4   3   0   0   0  10   0   0   0  20   0   0   0   0  0.49 0.08
  125 D   -1 -1  5  4 -3 -1  1  0 -1 -4 -4  0 -3 -4 -2  0 -1 -4 -3 -3    3   0  44  37   0   0   4   5   0   0   0   3   0   0   0   3   0   0   0   0  0.69 0.10
  126 V    0 -1 -1  1 -2  0  0 -1 -2  2  0 -1  0 -2 -1  0  1 -3 -2  2    7   2   0   9   0   5   7   5   0  19   0   2   0   0   2   3  10   0   0  29  0.09 0.04
  127 Y   -1  1  2  0 -3 -1  1  0  0 -2 -2  0 -2  2 -3  0 -1 -1  4 -2    0  10  14   5   0   0  10   7   0   0   0   4   0  14   0  10   0   0  25   0  0.25 0.06
  128 A    0  2  1  0 -2  0  2  0 -1 -1 -2  0 -1 -3 -2  0 -1 -3 -2  1    8  16   9   5   0   0  17   7   0   0   0   5   0   0   0   9   0   0   0  24  0.13 0.04
  129 M    0  1  0 -2 -2  0 -2  1 -2  0  0 -1  5 -2 -3 -1 -1 -3 -2  1    9  10   6   0   0   3   0  14   0   0   0   0  40   0   0   3   0   0   0  14  0.24 0.09
  130 D    1  0  1  4 -2  0  1  1 -1 -3 -3  0 -2 -3  0  0  0 -3 -2 -2   19   6   4  32   0   2   8   9   0   0   1   5   0   0   2   6   3   0   0   1  0.29 0.05
  131 S    1  1  1  1 -2  1  1  2 -1 -2 -2  0 -2 -3 -1  2  0 -3 -2 -1   12   7   6   7   0   5   9  18   0   1   1   5   0   0   1  21   4   0   0   3  0.20 0.03
  132 K   -1  3  0  0 -3  2  1  0 -1 -2 -2  3 -2 -3  1  0 -1 -3 -2 -1    1  17   5   2   0   9   7   5   0   0   1  32   0   0   6   7   1   0   0   6  0.29 0.05
  133 I    0  1  0  1 -2  1  1  1  2 -1 -1  0 -1 -2 -2  0 -1 -3 -1  0    5  12   2  12   0   7   9  13   8   2   4   4   1   0   0   5   1   0   0  14  0.09 0.02
  134 K    0  4 -1  0 -3  1  1  0 -1 -3 -3  3 -2 -3 -1  0 -1 -3 -2 -3    5  31   0   4   0   6   5   7   0   0   1  33   0   0   2   2   1   0   0   1  0.41 0.07
  135 K   -1  3  0 -1 -4  2  1  1  0 -3 -3  4 -2 -4 -1 -1 -1 -3 -2 -2    0  24   1   0   0  11   8  12   2   0   0  38   0   0   2   0   0   0   0   2  0.46 0.09
  136 A    1  1  0  0 -2  0  0  1 -2 -1 -2  0 -1 -3 -2  1  1 -3 -2  0   21  13   3   6   0   1   2  13   0   4   1   6   0   0   0  10  11   0   0   8  0.14 0.04
  137 T    0  1  1 -1 -2  0 -1  2 -1 -2 -2  1 -1 -1 -2  1  2 -3 -1  0    1  11   8   2   0   1   0  18   0   0   0  13   2   2   0  14  17   0   3   8  0.17 0.05
  138 G   -1  1  1  2 -3  0  0  4 -2 -3 -3  1 -2 -2 -2  0 -1 -3 -2 -2    2   9   5  15   0   4   5  38   0   0   0  13   0   2   0   4   0   0   0   2  0.38 0.07
  139 F   -1  4 -1 -1 -3  0 -1 -1  0 -2 -2  1  1  2  1 -1 -1 -1  0 -2    4  43   1   4   0   3   2   4   1   2   0   3   7  13   8   1   1   1   3   0  0.33 0.10
  140 G    0  4  2  0 -3  1  0  2  0 -2 -3  1 -2 -2 -2  0 -1 -3 -2 -2    7  34  13   3   0   4   3  16   2   2   0   8   0   1   0   3   1   0   0   4  0.31 0.08
  141 S    0  3  2  2 -3  0  0  0 -1 -3 -3  3 -2 -3  0  1 -1 -4 -3 -2    8  19  11  11   0   0   1   5   1   0   1  26   0   0   4  12   0   0   0   1  0.32 0.09
  142 K   -1  3  0  0 -3  1  0 -1 -2 -2 -1  2  5 -2 -2  0 -1 -3 -3 -1    2  18   6   4   0   7   4   3   0   0   1  14  30   0   1   6   2   0   0   3  0.32 0.15
  143 S    1  1  2  1 -3  1  1  0  0 -2 -2  1 -2 -3  0  1  0 -3 -2 -2   16  12  14   9   0   5   6   5   2   1   2   9   0   0   3  10   3   0   0   2  0.19 0.06
  144 K   -2  5  1  0 -4  1  0 -2 -2 -4 -4  3 -2 -3 -2 -1 -2 -4 -2 -4    2  49   7   3   0   3   5   2   0   0   0  23   0   1   1   4   0   0   1   0  0.73 0.19
  145 K   -1  2  1  0 -3  1  0 -2 -1  2 -1  1 -1  0 -1  0  0 -3 -2  1    4  14   8   4   0   9   5   1   1  20   1  11   0   4   1   3   4   0   0   8  0.10 0.06
  146 E   -2  1  1  4 -4  2  2 -2 -1 -3 -3  2 -2 -2 -1 -1 -1 -4 -2 -3    1   8   7  31   0  11  17   1   0   0   1  16   0   1   1   1   1   0   1   2  0.48 0.13
  147 K    1  1  0  1 -3  1  2 -1 -1 -2 -3  1 -2 -3  3  0 -1 -2 -2 -2   14  10   5   6   0   7  17   2   0   1   0  11   0   0  16   4   1   1   1   2  0.32 0.08
  148 I   -1  0  3  1 -3  1  3 -1 -1 -1 -3  1 -2 -3  1  1  0 -4 -3 -1    3   3  18   7   0   5  24   4   0   5   0  10   0   0   5  10   3   0   0   3  0.28 0.09
  149 R   -1  1  1  2 -3  2  3 -1 -1 -3 -3  3 -2 -4 -1  0  0 -4 -3 -2    4   7   5  10   0   7  22   4   0   0   1  27   0   0   1   3   5   0   0   2  0.35 0.10
  150 D   -1 -1  1  2 -2 -1  0 -1 -2 -1  1  0 -1 -2  0  2  1 -3 -2 -1    1   0   6  17   0   0   5   4   0   2  23   5   0   0   5  21  10   0   0   1  0.16 0.08
  151 G   -1 -1  2  4 -4  2  4  0 -1 -4 -4  0 -3 -4 -1 -1 -1 -4 -3 -4    2   0  10  24   0   8  42   7   0   0   0   3   0   0   1   0   2   0   0   0  0.66 0.16
  152 F   -3 -3 -4 -5 -3 -3 -4 -4 -1  0  4 -4  1  4 -4 -3 -3  5  2 -1    0   0   0   0   0   0   0   0   1   2  54   0   1  21   0   0   0  10   8   0  0.76 0.18
  153 E   -1 -1 -1  0 -3  3  3 -3 -1  1 -1  2 -1 -3 -2 -1  0 -3 -3 -1    1   0   2   3   0  23  24   0   0  11   6  17   0   0   0   2   7   0   0   4  0.32 0.12
  154 E   -3 -2 -2  3 -5  0  6 -4 -2 -5 -5 -1 -4 -5 -3 -2 -2 -5 -4 -4    0   0   0  16   0   0  82   0   0   0   0   0   0   0   0   0   1   0   0   0  1.39 0.28
  155 N   -3  6  0 -3 -5  0 -1 -4 -1 -5 -4  4 -3 -4 -3 -2 -2 -4 -3 -4    0  63   4   0   0   2   0   0   1   0   0  30   0   0   0   0   0   0   0   0  1.19 0.24
  156 V   -2 -4 -5 -5 -2 -4 -4 -5 -5  2  1 -4  0 -2 -4 -3 -1 -4 -3  6    0   0   0   0   0   0   0   0   0   5  12   0   1   0   0   0   1   0   0  82  1.02 0.24
  157 V   -2 -4 -5 -5 -3 -4 -4 -5 -5  3 -1 -4 -1 -2 -4 -3 -2 -5 -3  6    0   0   0   0   0   0   0   0   0  10   0   0   0   0   0   0   0   0   0  90  1.23 0.28
  158 Q    1 -1  0 -1 -3  3  0 -1  2 -3 -2 -1 -2  1 -2  1  2 -2  1 -2   17   0   3   2   0  23   3   4   8   0   0   1   0   8   0   9  17   0   4   1  0.25 0.12
  159 V   -3 -5 -5 -5 -3 -4 -5 -5 -5  6  1 -4  0 -2 -4 -4 -2 -4 -3  3    0   0   0   0   0   0   0   0   0  79   4   0   0   0   0   0   1   0   0  17  1.17 0.25
  160 R   -2  3  7 -1 -4  0 -2 -2 -1 -5 -5  0 -3 -5 -4  0 -2 -5 -4 -4    1  21  66   0   0   4   0   1   1   0   0   3   0   0   0   3   0   0   0   0  1.12 0.25
  161 R   -3  8 -2 -4 -6 -1 -2 -4 -2 -5 -4  0 -3 -5 -4 -3 -3 -5 -4 -5    0 100   0   0   0   0   0   0   0   0   0   0   0   0   0   0   0   0   0   0  1.99 0.36
  162 V   -2 -4 -5 -5 -1 -4 -4 -5 -5  1 -1 -4 -1 -3 -4 -3 -1 -5 -3  6    0   0   0   0   1   0   0   0   0   2   0   0   0   0   0   0   2   0   0  95  1.30 0.30
  163 T    4 -3 -2 -2 -2 -2 -2 -2 -3 -3 -3 -2 -2 -4 -2  3  4 -4 -3 -2   43   0   0   0   0   0   0   0   0   0   0   0   0   0   0  25  32   0   0   0  0.70 0.21
  164 K   -3  0 -2 -3 -5 -1 -1 -4 -3 -5 -5  7 -3 -5 -3 -2 -3 -5 -4 -4    0   0   0   0   0   0   0   0   0   0   0 100   0   0   0   0   0   0   0   0  1.68 0.35
  165 V   -2 -4 -4 -5 -3 -4 -4 -5 -5  1 -1 -4 -1 -3 -4 -3  1 -5 -3  6    0   0   0   0   0   0   0   0   0   0   0   0   0   0   0   0  11   0   0  89  1.18 0.28
  166 V   -2 -4 -3 -5 -3 -3 -4 -5 -3  1 -1 -4 -1 -3 -4 -3  0 -5 -3  6    0   0   1   0   0   1   0   0   1   0   0   0   0   0   0   0   6   0   0  91  1.17 0.28
  167 K   -3  0 -2 -3 -5  0 -1 -4 -3 -5 -4  7 -3 -5 -3 -2 -3 -5 -4 -4    0   1   0   0   0   1   1   0   0   0   0  98   0   0   0   0   0   0   0   0  1.62 0.34
  168 G   -2 -4 -2 -3 -4 -4 -4  7 -4 -6 -6 -3 -5 -5 -4 -2 -3 -4 -5 -5    0   0   0   0   0   0   0 100   0   0   0   0   0   0   0   0   0   0   0   0  1.96 0.32
  169 G   -2 -4 -2 -3 -4 -4 -4  7 -4 -6 -6 -3 -5 -5 -4 -2 -3 -4 -5 -5    0   0   0   0   0   0   0 100   0   0   0   0   0   0   0   0   0   0   0   0  1.96 0.32
  170 K   -3  7 -2 -3 -5 -1 -2 -4 -2 -5 -4  3 -3 -5 -4 -2 -2 -5 -4 -4    0  81   0   0   0   0   0   0   0   0   0  19   0   0   0   0   1   0   0   0  1.54 0.30
  171 H   -1  5  2 -2 -4  1 -1 -3 -1 -1 -3  2 -2 -4 -3 -1  0 -4 -3 -3    3  53  12   0   0   7   0   0   1   6   0  13   0   0   0   0   5   0   0   0  0.72 0.19
  172 M   -4 -4 -5 -5 -4 -4 -5 -5 -3 -1  2 -4  3  7 -5 -4 -3 -1  1 -2    0   0   0   0   0   0   0   0   0   0  22   0  10  67   0   1   0   0   0   0  1.28 0.26
  173 R    0  4  0 -2 -3 -1 -2  0  0 -4 -4  0 -3 -4 -3  5  0 -4 -3 -3    2  26   2   0   0   0   0   7   2   0   0   4   0   0   0  56   1   0   0   0  0.69 0.21
  174 F   -4 -5 -5 -6 -4 -5 -5 -5 -3 -2  0 -5 -2  8 -6 -4 -4 -1  2 -3    0   0   0   0   0   0   0   0   0   0   4   0   0  94   0   0   0   0   1   0  2.01 0.34
  175 R    2  3  0 -2 -2 -1 -2 -2 -2 -3 -3 -1 -2 -4 -2  3  3 -4 -3 -1   18  19   2   0   0   0   0   0   0   0   1   0   0   0   0  35  23   0   0   2  0.48 0.16
  176 A    6 -3 -3 -4 -1 -3 -3 -2 -3 -3 -3 -3 -3 -4 -3  0 -2 -4 -4 -1   96   0   0   0   1   0   0   0   0   0   0   0   0   0   0   1   0   0   0   2  1.26 0.30
  177 I   -3 -4 -5 -5 -3 -4 -4 -5 -4  4  4 -4  1 -1 -4 -4 -2 -3 -2  2    0   0   0   0   0   0   0   0   0  27  64   0   0   0   0   0   1   0   0   9  0.83 0.19
  178 V   -2 -4 -5 -5 -3 -4 -4 -5 -5  1 -1 -4  0 -3 -4 -3  0 -5 -3  6    1   0   0   0   0   0   0   0   0   1   1   0   1   0   0   0   4   0   0  93  1.23 0.29
  179 V   -1 -4 -5 -5 -3 -4 -4 -5 -5  3 -1 -4 -1 -2 -4 -3 -2 -5 -3  6    2   0   0   0   0   0   0   0   0  10   0   0   0   0   0   0   0   0   0  89  1.21 0.28
  180 V   -2 -4 -5 -5 -3 -4 -4 -5 -5  2 -1 -4 -1 -3 -4 -3 -2 -5 -3  6    0   0   0   0   0   0   0   0   0   4   1   0   0   0   0   0   0   0   0  95  1.33 0.30
  181 G   -2 -4 -2 -3 -4 -4 -4  7 -4 -6 -6 -3 -5 -5 -4 -2 -3 -4 -5 -5    0   0   0   0   0   0   0 100   0   0   0   0   0   0   0   0   0   0   0   0  1.96 0.32
  182 D   -4 -3  3  7 -5 -2  0 -3 -3 -5 -6 -2 -5 -5 -3 -2 -3 -6 -5 -5    0   0  14  86   0   0   0   0   0   0   0   0   0   0   0   0   0   0   0   0  1.73 0.31
  183 K   -1  0 -1 -1 -4  0  3  5  0 -4 -4  2 -1 -4 -3 -1 -2 -4 -3 -4    0   5   0   1   0   1  25  48   2   0   0  15   2   0   0   0   0   0   0   0  0.71 0.17
  184 K   -2  1  5  1 -3  2  1 -2  0 -4 -4  3 -3 -4 -3 -1 -1 -5 -3 -4    1   6  46   6   0   8   5   0   2   0   0  24   0   0   0   1   1   0   0   0  0.74 0.19
  185 G   -2 -4 -2 -3 -4 -4 -3  7 -4 -6 -6 -3 -5 -5 -4 -2 -3 -4 -5 -5    0   0   0   0   0   0   1  99   0   0   0   0   0   0   0   1   0   0   0   0  1.90 0.31
  186 Q   -2  2  1 -2 -3  2 -1 -3  6 -1 -2  1  1 -2 -3 -1  1  0  1  0    0  11   5   0   0  15   1   0  27   3   2   8   4   0   0   2   9   1   3   7  0.36 0.13
  187 V   -2 -4 -5 -5 -3 -4 -4 -5 -5  1 -1 -4 -1 -3 -4 -3 -2 -5 -3  7    1   0   0   0   0   0   0   0   0   2   0   0   0   0   0   0   0   0   0  97  1.38 0.31
  188 G   -1 -3 -2 -3 -4 -4 -4  7 -4 -6 -6 -3 -5 -5 -4 -2 -3 -4 -5 -5    1   1   0   0   0   0   0  99   0   0   0   0   0   0   0   0   0   0   0   0  1.90 0.31
  189 V    0 -3 -3 -4 -2 -2 -3 -4  1  1  0 -3  0  4 -4 -2 -2 -1  2  4    9   0   0   0   0   2   0   0   4   3   4   0   1  21   0   1   0   0   8  46  0.46 0.15
  190 G   -1 -4 -2 -3 -4 -4 -4  7 -4 -6 -6 -3 -5 -5 -4 -2 -3 -4 -5 -5    2   0   0   0   0   0   0  98   0   0   0   0   0   0   0   0   0   0   0   0  1.89 0.31
  191 V   -2 -1 -3 -3  1 -2 -3 -4 -1  1  2 -2  2  0 -3 -1  2 -2  3  2    0   3   0   0   3   0   0   0   1   4  28   1   6   0   0   1  20   0  17  16  0.30 0.12
  192 G   -1 -4 -2 -2 -4 -4 -4  7 -4 -6 -6 -3 -5 -5 -4 -2 -3 -4 -5 -5    2   0   0   1   0   0   0  97   0   0   0   0   0   0   0   0   0   0   0   0  1.83 0.30
  193 K   -3  1 -2 -3 -5 -1 -1 -4 -3 -5 -4  7 -3 -5 -3 -2 -3 -5 -4 -4    0   1   0   0   0   0   0   0   0   0   0  98   0   0   0   1   0   0   0   0  1.62 0.34
  194 A    6 -3 -3 -3 -2 -2 -2 -2 -3 -3 -3 -2 -3 -4 -2  2 -1 -4 -3 -2   87   0   0   0   0   0   0   0   0   0   0   0   0   0   0  13   0   0   0   0  1.13 0.28
  195 K    1  1  2 -1 -3  2 -1  1 -1 -2 -2  3  0 -3 -2  0  0 -4 -3 -2   11   8  16   0   0  13   0  12   1   1   2  24   2   0   0   7   2   0   0   1  0.27 0.10
  196 E   -3 -2 -2  3 -5  0  7 -4 -2 -5 -4 -1 -4 -5 -3 -2 -3 -5 -4 -4    0   0   0  14   0   1  84   0   0   0   1   0   0   0   0   0   0   0   0   0  1.44 0.30
  197 V   -2 -4 -5 -5 -3 -4 -4 -5 -5  2 -1 -4 -1 -3 -4 -3 -2 -5 -3  6    0   0   0   0   0   0   0   0   0   8   0   0   0   0   0   0   0   0   0  92  1.28 0.29
  198 V   -1 -3 -3 -3 -4 -2 -3 -4 -4  2 -3 -3 -3 -4  7 -1  0 -5 -4 -1    3   1   0   0   0   1   0   0   0  14   0   0   0   0  69   3   6   0   0   3  1.57 0.26
  199 S    1 -2  0  3 -3  0  4  1 -2 -2 -2 -1 -2 -4 -2  0 -1 -4 -3 -2   16   0   2  19   0   2  36  11   0   2   3   0   0   0   0   2   2   0   0   3  0.41 0.13
  200 A    6 -3 -3 -4 -2 -3 -3 -2 -3 -3 -3 -3 -3 -4 -3  0 -2 -4 -4 -2   98   0   0   0   0   0   0   0   0   0   0   0   0   0   0   2   0   0   0   0  1.33 0.31
  201 V   -3 -5 -5 -5 -3 -4 -5 -5 -5  7  0 -4  0 -2 -4 -4 -2 -4 -3  3    0   0   0   0   0   0   0   0   0  82   0   0   0   0   0   0   0   0   0  18  1.27 0.27
  202 Q    1  5 -1 -2 -4  3 -1 -3 -2 -4 -3  2 -2 -4 -3  0 -1 -4 -3 -3   15  49   0   0   0  15   0   0   0   0   0  12   0   0   0   6   3   0   0   0  0.72 0.19
  203 K   -3  0 -2 -3 -5 -1 -1 -4 -3 -5 -5  7 -3 -5 -3 -2 -3 -5 -4 -4    0   0   0   0   0   0   0   0   0   0   0 100   0   0   0   0   0   0   0   0  1.68 0.35
  204 A    4 -3 -2 -3 -3 -3 -3  5 -3 -4 -4 -3 -3 -4 -3  0 -2 -4 -4 -3   40   0   0   0   0   0   0  57   0   0   0   0   0   0   0   4   0   0   0   0  1.03 0.22
  205 A    0 -3 -3 -4 -2 -2 -3 -3 -4  4  0 -2  1 -2 -3 -1  0 -4 -2  4    8   0   1   0   0   1   1   1   0  26   1   1   4   0   0   3   3   0   0  50  0.51 0.16
  206 V    0 -2 -2  2 -4  1  6 -3 -2 -2 -3 -1 -1 -4 -3 -1 -2 -4 -3 -1   10   0   0  10   0   2  65   0   0   2   2   1   2   0   0   1   1   0   0   3  0.80 0.21
  207 D    0 -1  1  6 -4  0  2 -2 -2 -4 -4  0 -4 -5 -3 -1 -2 -5 -4 -3   12   2   7  56   0   4  13   0   0   1   0   4   0   0   0   2   0   0   0   0  0.84 0.19
  208 A    6 -3 -3 -3 -2 -3 -3  2 -3 -3 -3 -2 -3 -4 -3 -1 -2 -4 -4 -2   87   0   0   0   0   0   0  13   0   0   0   0   0   0   0   0   0   0   0   0  1.11 0.27
  209 R   -2  4 -2 -3 -5  0 -1 -3 -2 -4 -4  6 -3 -5 -3 -2 -2 -5 -4 -4    1  20   0   0   0   1   0   0   0   0   0  77   0   0   0   0   0   0   0   0  1.27 0.28
  210 R   -3  3 -2 -2 -5  0 -1 -3 -2 -5 -4  7 -3 -5 -3 -2 -2 -5 -4 -4    0  14   0   1   0   0   0   0   0   0   0  85   0   0   0   0   0   0   0   0  1.37 0.29
  211 N   -2 -2  7  1 -4  0 -1 -2  5 -5 -5 -1 -4 -4 -4  0 -2 -5 -2 -4    1   0  69   4   0   3   2   0  15   0   0   2   0   0   0   4   0   0   1   0  1.22 0.26
  212 I   -2 -3 -4 -5 -3 -3 -4 -5 -4  1  4 -4  5  3 -4 -3 -2 -2 -1  0    0   0   0   0   0   0   0   0   0   7  54   0  23  12   0   0   0   0   0   4  0.76 0.19
  213 I   -2 -4 -4 -5 -2 -3 -4 -5 -3  5  0 -4  0  4 -4 -3 -2 -3 -1  3    0   0   0   0   0   1   0   0   0  48   1   0   0  21   0   0   1   0   0  27  0.75 0.19
  214 T   -1  3  0  0 -3  1  2 -2  1 -3 -3  2 -2 -3 -2  1  2 -3 -1 -2    1  20   4   5   0   5  12   0   4   0   1  19   0   0   0   8  18   0   1   1  0.33 0.10
  215 V   -2 -4 -5 -5 -3 -4 -4 -5 -5  3 -1 -4 -1 -2 -4 -3 -2 -5 -3  6    0   0   0   0   0   0   0   0   0  11   0   0   0   0   0   0   0   0   0  89  1.25 0.28
  216 P   -1 -4 -2 -2 -4 -2 -1 -4 -4 -5 -5 -2 -4 -5  8  0 -2 -5 -5 -4    5   0   1   1   0   1   3   0   0   0   0   0   0   0  82   5   1   0   0   0  2.06 0.31
  217 M   -2  1 -3 -4 -2 -2 -3 -4 -3  2  4 -1  4 -1 -4 -3 -2 -3 -2  1    0  13   0   0   0   0   0   0   0  17  45   2  15   0   0   0   1   0   0   6  0.48 0.14
  218 T   -1 -1  0 -1 -2 -1 -2 -2  0  2  0 -2  0 -1 -2  0  3 -3 -2  2    3   2   6   2   0   1   1   1   3  16   6   1   1   1   1   3  26   0   1  25  0.20 0.09
  219 K   -1  1  2  1 -3  1  1  2 -1 -3 -3  3 -2 -3 -1 -1 -1 -3 -3 -2    3   6  10   6   0   6  10  21   0   1   1  31   0   0   1   1   1   0   0   2  0.34 0.09
  220 Y    0 -2  1 -1 -2 -1 -1  4  0 -3 -3 -2 -2 -2 -2  1  2 -3  1 -2    5   1   5   2   0   1   3  40   3   1   1   0   0   0   0   8  23   0   6   1  0.44 0.12
  221 L    0  1  2  0 -1  0  0  0  0 -1 -1  0 -1 -1 -1  1  1 -1 -1 -1    5   7  13   4   1   3   3   8   2   3   6   4   1   2   2  15  11   1   2   4  0.08 0.02
  222 T   -1 -3 -2 -3 -3 -2 -2 -3 -3 -3 -3 -2 -3 -4 -3  3  6 -4 -3 -2    0   0   0   0   0   0   0   0   0   0   0   0   0   0   0  21  79   0   0   0  1.24 0.30
  223 F   -3 -4 -4 -5 -3 -4 -4 -5 -4  6  1 -4  0  1 -4 -4 -2 -3 -2  2    0   0   0   0   0   0   0   0   0  72   9   0   0   7   0   0   0   0   0  10  0.95 0.22
  224 P   -2 -4 -3 -3 -5  0 -3 -4 -2 -4 -5 -3 -4 -5  8 -2  1 -5 -3 -3    0   0   0   0   0   4   0   0   1   0   0   0   0   0  84   0   9   0   1   1  2.15 0.33
  225 H   -4 -3 -2 -3 -3 -2 -2 -4 10 -5 -5 -3 -4 -1 -4 -3 -3 -4  1 -5    0   0   0   0   1   0   0   0  93   0   0   0   0   2   0   0   1   0   3   0  2.47 0.41
  226 R   -1  1 -2  1 -4  1  4 -3 -2 -2 -2  0 -2 -4  4 -1 -1 -4 -3 -2    3   9   0   5   0   6  38   0   0   2   4   2   1   0  25   1   2   0   0   2  0.61 0.15
  227 N    0 -3 -3 -3 -2  0 -3 -3 -3  3  0 -3  1 -1 -3  0  0 -4 -2  4    6   0   1   0   0   6   0   0   0  26   1   0   3   1   0   6   5   0   0  45  0.45 0.15
  228 E   -1 -1  0  0 -3  2  1 -3  0  2  0  1  0 -1 -3 -1  0 -2 -1  1    0   1   6   5   0  14   8   0   2  25   9   9   1   1   0   1   8   0   1   8  0.12 0.08
  229 A    0 -4 -2 -3 -3 -3 -4  7 -4 -5 -5 -3 -3 -5 -4 -2 -3 -4 -5 -4    6   0   0   0   0   0   0  91   0   0   0   0   1   0   0   1   0   0   0   1  1.64 0.29
  230 D   -1  3  0  0 -3  1  2 -3  3  0 -2  2 -1 -3 -2 -1  0 -4 -2  0    3  18   2   5   0   2  21   0   9   7   0  17   0   0   0   2   4   0   0   8  0.26 0.10
  231 Y    0 -3 -3  0 -4 -2 -2 -1  2 -2 -2 -2 -2  6 -4 -1 -3  0  4 -2   10   0   0   6   0   0   1   5   6   0   0   2   0  46   0   3   0   0  20   0  0.71 0.19
  232 G    1 -4 -2 -2 -2 -3 -3  6 -3 -5 -5 -2 -4 -5 -3  0 -2 -4 -4 -3   13   0   1   1   1   0   0  77   0   0   0   1   0   0   0   5   1   0   0   1  1.24 0.24
  233 A    5 -3 -2 -3 -2 -2 -2  3 -3 -3 -3 -2 -3 -4 -3  1 -1 -4 -3 -2   64   0   0   0   0   0   0  25   0   0   0   0   0   0   0   8   2   0   0   0  0.82 0.22
  234 A    3 -3 -2 -3 -3 -3 -3  6 -3 -4 -4 -3 -4 -4 -3  0 -2 -4 -4 -3   28   0   0   0   0   0   0  66   0   0   0   0   0   0   0   5   0   0   0   0  1.13 0.23
  235 R   -1  4  0 -2 -4  1  0 -3 -1 -2 -2  4 -2 -2 -3  0 -1 -2 -1  0    1  29   4   0   0   6   4   0   1   2   0  31   0   2   0   6   2   0   1  11  0.42 0.14
  236 V   -2 -4 -5 -5 -3 -4 -4 -5 -5  3 -1 -4 -1 -2 -4 -4 -2 -5 -3  6    0   0   0   0   0   0   0   0   0  11   1   0   0   0   0   0   0   0   0  89  1.26 0.29
  237 M   -3 -3 -4 -5 -3 -3 -4 -5 -3  1  4 -4  5  2 -4 -3 -2 -1  1  0    0   1   0   0   0   0   0   0   0   5  58   0  19  11   0   0   0   0   4   1  0.75 0.19
  238 L   -3 -4 -4 -5 -3 -3 -4 -5 -4  3  4 -4  5 -1 -4 -4 -2 -3 -2  1    0   0   0   0   0   0   0   0   0  19  57   0  20   0   0   0   0   0   0   4  0.83 0.20
  239 R   -2  5 -2 -3 -5  1 -1 -3 -2 -4 -2  5  2 -4 -3 -2 -2 -4 -3 -3    0  32   0   0   0   5   0   0   0   0   2  53   7   0   0   0   0   0   0   0  0.95 0.24
  240 P   -3 -4 -4 -4 -5 -3 -3 -4 -4 -5 -5 -2 -5 -6  8 -3 -3 -6 -5 -5    0   0   0   0   0   0   0   0   0   0   0   1   0   0  97   0   1   0   0   0  2.76 0.40
  241 A    6 -3 -3 -4 -2 -3 -3 -1 -4 -3 -3 -3 -3 -4 -3  0 -2 -4 -4 -2   98   0   0   0   0   0   0   0   0   0   0   0   0   0   0   2   0   0   0   0  1.35 0.32
  242 A    3 -1 -1 -2  0 -1 -1 -1 -2 -2 -3  0 -2 -2  0  3  1 -4 -2  0   37   2   0   0   2   1   2   1   1   1   0   4   0   1   4  32   6   0   1   5  0.38 0.14
  243 P    0 -2 -2 -1 -4  0  4 -3 -1 -4 -4  0 -3 -5  6 -1 -2 -5 -4 -3    9   1   1   2   0   2  32   0   1   0   0   4   0   0  47   1   1   0   0   1  1.11 0.22
  244 G   -2 -4 -2 -3 -5 -4 -4  7 -4 -6 -6 -3 -5 -5 -4 -2 -4 -4 -5 -5    0   0   0   0   0   0   0 100   0   0   0   0   0   0   0   0   0   0   0   0  1.98 0.33
  245 T   -1 -3 -2 -3 -2 -3 -3 -3 -4 -3 -3 -3 -3 -4 -3  1  7 -4 -4 -2    1   0   0   0   0   0   0   0   0   0   0   0   0   0   0  10  88   0   0   0  1.40 0.33
  246 G   -2 -4 -2 -3 -5 -4 -4  7 -4 -6 -6 -3 -5 -5 -4 -2 -4 -4 -5 -5    0   0   0   0   0   0   0 100   0   0   0   0   0   0   0   0   0   0   0   0  1.98 0.33
  247 V   -2 -4 -5 -5 -3 -4 -4 -5 -5  3  0 -4 -1 -2 -4 -3 -2 -5 -3  6    0   0   0   0   0   0   0   0   0  10   3   0   0   0   0   0   0   0   0  87  1.20 0.28
  248 I   -1 -5 -5 -5 -3 -4 -5 -5 -5  7  0 -3 -1 -2 -4 -3 -2 -4 -3  1    6   0   0   0   0   0   0   0   0  89   1   1   0   0   0   1   1   0   0   0  1.26 0.29
  249 A    6 -3 -3 -4 -2 -3 -3 -2 -4 -3 -3 -3 -3 -4 -3  0 -2 -5 -4 -2   99   0   0   0   0   0   0   0   0   0   0   0   0   0   0   1   0   0   0   0  1.39 0.33
  250 G   -1 -4 -2 -3 -4 -4 -4  7 -4 -6 -6 -3 -5 -5 -4 -2 -4 -4 -5 -5    1   0   0   0   0   0   0  99   0   0   0   0   0   0   0   0   0   0   0   0  1.96 0.33
  251 G   -1 -3 -2 -3 -4 -4 -4  7 -4 -6 -6 -3 -5 -5 -4 -2 -3 -4 -5 -5    1   1   0   0   0   0   0  98   0   0   0   0   0   0   0   1   0   0   0   0  1.88 0.32
  252 A    4 -3 -3 -3 -3 -3 -3  0 -3 -4 -4 -2 -3 -4  6  0 -2 -5 -4 -3   47   0   0   0   0   0   0   5   0   0   0   0   0   0  43   4   1   0   0   0  1.16 0.24
  253 V    1 -4 -4 -5 -2 -3 -4 -4 -4  1 -1 -3  3 -2 -4 -2 -1 -4 -3  6   13   0   0   0   0   0   0   0   0   3   0   0   9   0   0   1   0   0   0  74  0.87 0.24
  254 R   -4  8 -3 -4 -6 -1 -2 -4 -2 -5 -4  0 -3 -5 -4 -3 -3 -5 -4 -5    0 100   0   0   0   0   0   0   0   0   0   0   0   0   0   0   0   0   0   0  2.02 0.38
  255 T    5 -3 -2 -2 -2 -2 -2 -2 -3 -1 -3 -2 -2 -4  1  0  1 -4 -3 -1   72   0   1   1   0   0   0   0   0   4   0   0   0   0   5   3  11   0   0   3  0.73 0.22
  256 V   -2 -4 -5 -5 -3 -4 -4 -5 -5  2  0 -4 -1 -2 -4 -4 -2 -5 -3  6    0   0   0   0   0   0   0   0   0   7   3   0   0   0   0   0   0   0   0  91  1.26 0.29
  257 L   -3 -4 -5 -5  1 -3 -4 -5 -4  1  5 -4  3  1 -4 -4 -2 -3 -2  1    0   0   0   0   3   0   0   0   0   4  73   0   8   5   0   0   0   0   0   7  0.83 0.20
  258 E   -3 -2 -2  0 -6  0  7 -4 -2 -5 -5 -1 -4 -5 -3 -2 -2 -5 -4 -5    0   0   0   1   0   0  97   0   0   0   0   0   0   0   0   0   1   0   0   0  1.74 0.36
  259 M    1 -3 -4 -4  5 -2 -3 -3 -4  0  4 -3  3 -1 -3  0 -1 -3 -2  0   13   0   0   0  14   1   0   0   0   2  51   0   8   0   0   6   1   0   0   5  0.50 0.16
  260 A    6 -3 -3 -4 -2 -3 -3 -1 -3 -2 -2 -3 -2 -4 -3  0 -2 -4 -3  0   88   0   0   0   0   0   0   1   0   0   1   0   0   0   0   2   0   0   0   7  1.06 0.28
  261 G   -2 -4 -2 -3 -5 -4 -4  7 -4 -6 -6 -3 -5 -5 -4 -2 -4 -4 -5 -5    0   0   0   0   0   0   0 100   0   0   0   0   0   0   0   0   0   0   0   0  1.98 0.33
  262 V   -2 -4 -5 -5 -2 -4 -4 -5 -4  5  1 -4  0 -2 -4 -3 -2 -4 -1  5    0   0   0   0   0   0   0   0   0  45   4   0   0   0   0   0   0   0   2  49  0.92 0.22
  263 E    0  2  0 -1 -3  2  1 -1  5 -4 -3  3 -2 -3 -2  0  0 -4 -1 -3    7  13   3   1   0   9   6   5  23   0   0  22   0   0   0   4   8   0   0   0  0.42 0.13
  264 N   -3 -3  5  6 -5 -2 -1 -3 -2 -5 -5 -2 -5 -5 -3 -2 -2 -6 -5 -5    0   0  35  65   0   0   0   0   0   0   0   0   0   0   0   0   0   0   0   0  1.51 0.30
  265 A   -1 -4 -4 -5 -1 -4 -4 -4 -5  5  0 -4  0 -2 -4 -3 -2 -4 -3  5    5   0   0   0   1   0   0   1   0  46   1   0   0   0   0   0   0   0   0  47  0.86 0.22
  266 L   -3  2 -4 -4 -3 -3 -4 -5 -4  0  5 -3  0  0 -4 -3  0 -3 -1 -1    0  13   0   0   0   0   0   0   0   0  74   0   0   2   0   0   8   0   1   1  0.74 0.21
  267 G    3 -2 -1 -2 -1 -2 -2  0 -3 -3 -3 -2 -2 -4 -2  3  3 -4 -3 -2   31   0   0   0   1   0   0   6   0   0   0   0   0   0   0  34  28   0   0   0  0.60 0.19
  268 K   -3  0 -2 -3 -5  0 -1 -4 -2 -5 -5  7 -3 -5 -3 -2 -3 -5 -4 -4    0   0   1   0   0   0   0   0   0   0   0  99   0   0   0   0   0   0   0   0  1.66 0.35
  269 Q    0  0  0 -2  4  3 -1 -2 -2 -4 -4 -1 -3 -3 -3  5  0 -4 -3 -3    2   4   3   0   9  15   0   0   0   0   0   0   0   0   0  65   1   0   0   0  0.79 0.24
  270 L   -3 -3 -4 -4 -3  0 -3 -5 -3  1  5 -1  1 -1 -4 -3 -2 -3  0  0    0   0   0   0   0   6   0   0   0   4  78   4   2   0   0   0   1   0   4   1  0.77 0.21
  271 G   -2 -1 -2 -3 -4 -3 -4  7 -4 -6 -6 -3 -5 -5 -4 -2 -3 -4 -5 -5    0   4   0   0   0   0   0  96   0   0   0   0   0   0   0   0   0   0   0   0  1.81 0.31
  272 S   -1 -2 -1 -2 -3 -2 -2 -2 -3 -4 -4 -2 -3 -4 -3  6  2 -5 -4 -3    0   1   0   0   0   0   0   0   0   0   0   0   0   0   0  89  10   0   0   0  1.27 0.32
  273 N   -1  0  5  2 -3 -1 -1 -1  0 -4 -4  0 -3 -4 -2  3  0 -4 -3 -3    4   3  39  12   0   1   0   1   2   0   0   5   0   0   1  26   5   0   0   0  0.59 0.17
  274 N   -3 -2  7 -1 -4 -2 -2 -2 -2 -5 -5 -2 -4 -5 -4 -1  2 -5 -4 -4    0   0  81   0   0   0   0   0   0   0   0   0   0   0   0   1  17   0   0   0  1.53 0.32
  275 A    2 -3 -3 -3 -4 -2 -2 -2 -3 -4 -4 -1 -4 -5  7 -1 -2 -5 -4 -3   20   0   0   0   0   1   1   1   0   0   0   3   0   0  69   3   1   0   0   1  1.63 0.27
  276 L   -2  0  0 -3 -1 -1 -2 -3  4  4  2 -1  1 -1 -3 -2 -1 -3 -1  1    1   7   4   0   1   2   0   0  18  34  20   3   2   0   0   0   1   0   1   6  0.33 0.13
  277 N   -4 -3  8 -1 -5 -2 -2 -3 -2 -6 -6 -2 -4 -5 -4 -1 -2 -6 -4 -5    0   0  99   0   0   0   0   0   0   0   0   0   0   0   0   1   0   0   0   0  2.09 0.39
  278 N   -2 -3  2 -3 -3 -2 -3 -4 -3  2  0 -3  5 -2 -4 -2 -1 -4 -3  4    1   0  17   0   0   1   0   0   0  14   2   0  29   0   0   0   1   0   0  35  0.60 0.20
  279 A    2 -4 -4 -4 -2 -3 -4 -4 -4  2 -1 -3 -1 -2 -4 -2 -1 -4 -3  5   18   0   0   0   0   0   0   0   0   9   1   0   0   0   0   1   1   0   0  71  0.83 0.23
  280 R   -2  5  2 -2 -4  0 -1 -3  4 -4 -3  3 -3 -4 -3 -1 -2 -4 -1 -4    1  46  11   0   0   1   0   0  13   0   2  23   0   0   0   1   0   0   1   0  0.82 0.20
  281 A    6 -3 -3 -4 -2 -3 -3 -1 -4 -3 -3 -3 -3 -4 -3 -1 -2 -5 -4 -2   98   0   0   0   0   0   0   2   0   0   0   0   0   0   0   0   0   0   0   0  1.36 0.32
  282 T    2 -3 -2 -3 -2 -3 -3 -3 -4 -3 -3 -2 -2 -4 -3  0  6 -4 -3 -1   18   0   0   0   1   0   0   0   0   0   0   0   0   0   0   0  80   0   0   1  1.19 0.30
  283 I   -1 -4 -4 -4 -2 -3 -4 -4 -4  4  2 -3  3  3 -4 -3 -2 -3 -1  3    5   0   0   0   0   0   0   0   0  33  12   0  11  15   0   0   0   0   0  23  0.52 0.15
  284 V    1 -1  3  4 -3  1  3 -2 -1 -3 -3  1 -3 -4 -2 -1 -1 -4 -3 -2   15   0  15  25   0   6  25   0   0   0   1   6   0   0   0   1   1   0   0   3  0.47 0.14
  285 A    4 -3 -2 -3 -2 -3 -3  5 -3 -4 -4 -3 -3 -4 -3 -1 -2 -4 -4 -3   50   0   0   0   0   0   0  49   0   0   0   0   0   0   0   0   0   0   0   0  1.03 0.24
  286 V   -3 -4 -5 -5 -3 -4 -5 -5 -4  1  6 -4  1 -1 -5 -4 -2 -3 -3  0    0   0   0   0   0   0   0   0   0   3  90   0   0   1   0   0   2   0   0   3  1.12 0.26
  287 Q    0  1 -1 -1 -2  2  1 -2 -2 -2 -1  4 -1 -3 -2  1  0 -4 -3 -2    8   7   1   2   0  11   5   1   0   1   6  37   1   0   0  13   7   0   0   1  0.32 0.12
  288 T    0  2  2  0 -3  4  1  0  0 -3 -3  1  0 -4 -2  2  0 -3 -3 -3    4  10   9   2   0  26   8   5   1   0   1   7   3   0   0  19   4   0   0   0  0.34 0.12
  289 M   -3 -4 -5 -5 -2 -3 -4 -5 -4  1  5 -4  5 -1 -4 -4 -3 -3 -3  0    0   0   0   0   0   0   1   0   0   3  75   0  20   0   0   0   0   0   0   1  1.04 0.25
  290 R   -2  5 -1 -2 -3  1  2 -3 -1 -3 -3  4 -2 -4 -3  0 -1 -3 -3 -2    1  36   1   0   0   4  12   0   1   1   0  35   0   0   0   4   2   0   0   3  0.69 0.19
  291 Q   -1  2  0  1 -3  1  0 -2 -2 -3 -3  0 -2 -4 -2  2  3 -4 -3 -2    2  16   4  10   0   8   4   1   0   0   1   1   0   0   0  22  30   0   0   0  0.41 0.15
  292 F    3 -3 -3 -3 -3 -3 -3 -3 -1 -1 -1 -3 -2  2  5 -1 -2 -3 -2  0   36   1   0   0   0   0   0   0   1   2   4   0   0  13  35   0   0   0   0   8  0.73 0.19
  293 S   -1  0 -1  1 -4  1  5 -2  0 -3 -3  1 -3 -4 -3  1 -1 -4 -2 -3    4   5   2   4   0   4  56   1   2   1   1   8   0   0   0  10   1   0   1   0  0.67 0.20
  294 D    0 -1 -1  3 -4  3  4 -3  0 -4 -4  0 -1 -4 -2  0  0 -4 -3 -3    8   1   0  18   0  13  40   0   1   0   0   4   2   0   0   6   6   0   0   0  0.59 0.18
  295 V   -2 -4 -5 -5 -3 -3 -4 -5 -5  3  0 -4  0 -2 -4 -3 -1 -5 -3  6    1   0   0   0   0   1   0   0   0  12   1   0   1   0   0   1   2   0   0  81  1.12 0.29
  296 A    6 -3 -3 -4 -2 -2 -3 -2 -4 -3 -3 -2 -2 -4 -3  0 -2 -5 -4 -2   94   0   0   0   0   0   0   0   0   0   0   0   1   0   0   4   0   0   0   0  1.32 0.34
  297 R    3  2 -1  0 -3  2  2 -2 -2 -3 -3  3 -2 -3 -2 -1 -1 -4 -2 -2   30  12   1   3   0   8  18   1   0   0   0  24   1   1   0   1   0   0   0   0  0.43 0.16
  298 D   -2  3 -2 -1 -3  1  1 -4 -2 -1  3  1  1 -2 -3 -2 -2 -3 -2 -1    1  23   1   3   0   7  12   0   0   1  39   6   3   0   0   0   1   0   0   0  0.35 0.15
  299 R   -4  8 -3 -4 -6 -1 -2 -5 -3 -5 -5  0 -4 -5 -4 -3 -3 -5 -4 -5    0 100   0   0   0   0   0   0   0   0   0   0   0   0   0   0   0   0   0   0  2.13 0.42
  300 G   -2 -3  0 -1 -4 -3 -3  7 -4 -6 -6 -3 -5 -5 -4 -1 -3 -5 -5 -5    0   0   4   4   0   1   1  89   0   0   0   0   0   0   0   2   0   0   0   0  1.63 0.31
  301 I   -2 -1 -3 -3 -3 -1 -2 -4 -3  3  1  4  1 -2 -3 -2 -2 -4 -3  2    0   1   0   0   0   0   0   0   0  22  16  43   3   0   0   0   1   0   0  15  0.49 0.19
  302 P    0 -2 -1 -1 -3 -1 -2 -2 -3 -3 -4  0 -3 -4  4  4  3 -4 -3 -3    2   0   1   3   0   1   1   0   0   0   0   6   0   0  23  39  24   0   0   0  0.72 0.22
  303 M   -1 -3 -4 -5 -2 -3 -4 -4 -4  2  2 -4  2 -1 -2 -3 -1 -4 -2  5    3   0   0   0   0   0   0   0   0   8  23   0   7   1   2   0   1   0   0  55  0.66 0.20
  304 E   -1 -1 -1  2 -5  1  6 -2 -2 -4 -4  0 -3 -5 -3  0 -2 -5 -4 -4    5   2   1  10   0   5  64   1   0   1   0   4   0   0   0   6   1   0   0   0  0.90 0.24
  305 E   -2  0  0  2 -5  2  5 -3  2 -5 -4  2 -3 -4 -3 -1 -2 -4 -3 -4    1   3   3  11   0   8  53   0   6   0   0  14   0   0   0   1   0   0   0   0  0.83 0.22
  306 L   -2 -3 -5 -5 -2 -4 -4 -5 -4  4  4 -4  2 -1 -4 -3 -2 -4 -2  3    0   1   0   0   0   0   0   0   0  29  42   0   3   0   0   0   0   0   0  25  0.73 0.19
  307 W   -3 -3 -4 -5 -1 -3 -4 -4 -2 -1  3 -4  1  4 -4 -3 -3  5  4 -1    1   0   0   0   1   0   0   0   0   0  43   0   3  24   0   0   0   7  21   0  0.78 0.18
  308 K   -1  2 -1  0 -4  1  3 -2 -1 -4 -3  5 -2 -4 -2 -1 -1 -4 -3 -3    0   3   0   0   0   0  26   0   0   0   0  70   0   0   0   0   0   0   0   0  0.69 0.09

                      K         Lambda
Standard Ungapped    0.1315     0.3149
Standard Gapped      0.0488     0.2670
PSI Ungapped         0.1587     0.3063
PSI Gapped           0.0488     0.2670
