
Last position-specific scoring matrix computed, weighted observed percentages rounded down, information per position, and relative weight of gapless real matches to pseudocounts
           A  R  N  D  C  Q  E  G  H  I  L  K  M  F  P  S  T  W  Y  V   A   R   N   D   C   Q   E   G   H   I   L   K   M   F   P   S   T   W   Y   V
    1 M   -4 -5 -6 -7 -5 -4 -5 -6 -5 -2  1 -5 10 -3 -6 -5 -4 -5 -4 -3    0   0   0   0   0   0   0   0   0   0   7   0  93   0   0   0   0   0   0   0  2.83 0.87
    2 S    4 -3  1 -1 -3 -3 -2 -2 -3 -4 -4 -3 -2 -5  1  4  0 -5 -4 -3   35   0   7   2   0   0   1   1   0   0   0   0   1   0   7  39   5   0   0   1  0.77 0.45
    3 S    2 -4  2 -2 -4 -1 -2 -2 -4 -5 -5 -1 -4 -5  1  5  1 -6 -5 -4   14   0   9   2   0   2   1   2   0   0   0   2   0   0   6  54   7   0   0   0  0.92 0.56
    4 A    2 -2 -1  0 -3 -2 -1  0 -2  0  0 -2  3 -3 -1  3  0 -4 -3 -1   16   2   2   6   0   1   4   7   1   6  10   1  10   0   3  26   3   0   0   2  0.25 0.27
    5 Q    0  0  1  2 -2  3  4 -2 -2 -3 -5  0 -3 -5 -3  1  1 -5 -4 -4    6   4   7  10   1  14  27   2   1   1   0   6   0   0   1  13   8   0   0   0  0.52 0.38
    6 D   -7 -7 -3  9 -9 -5 -3 -6 -6 -8 -9 -6 -8 -5 -7 -5 -6 -9 -8 -8    0   0   1  98   0   0   1   0   0   0   0   0   0   1   0   0   0   0   0   0  3.14 1.27
    7 P   -3 -4 -6 -6 -7 -2 -6 -6 -7 -5 -6 -6 -7 -8  8  0 -4 -8 -5 -4    2   1   0   0   0   2   0   0   0   1   0   0   0   0  85   6   1   0   1   1  2.72 1.17
    8 F   -7 -7 -8 -8 -7 -4 -7 -8 -6 -6 -4 -7 -5  7 -8 -7 -7  9  5 -5    0   0   0   0   0   1   0   0   0   0   1   0   0  51   0   0   0  31  15   1  2.80 1.14
    9 Y   -1 -3  0  0 -4 -1 -1 -4  1 -1  3 -3 -1  4 -2 -3 -2 -3  5 -2    5   1   6   6   0   2   4   1   4   4  26   1   1  15   2   1   2   0  19   2  0.48 0.36
   10 I   -1  0  1  3 -2  3  2 -3 -2  0 -1 -1 -1 -3 -2 -1 -1 -5 -3  2    5   4   6  16   1  15  15   1   0   5   6   2   1   0   1   4   3   0   1  14  0.29 0.28
   11 V    0 -4 -4 -2  2 -3  2 -4 -5  0  0 -3  0  0 -5 -2 -2 -5 -3  5    8   0   1   3   4   1  15   1   0   4   7   1   2   4   0   2   1   0   0  45  0.67 0.47
   12 K    1  2 -3 -2 -2  3  1 -4  4 -4 -2  3 -4 -1 -4 -3 -4 -4  3 -1   12   9   0   1   1  15   7   0  10   1   3  22   0   2   0   1   0   0  11   5  0.56 0.43
   13 E    1  1  0  3 -3  2  2  1 -1 -5 -4  0 -3 -5 -4  1 -2 -5 -4 -4   11   9   4  18   0  11  12  11   1   0   1   5   1   0   0  11   2   0   0   1  0.43 0.35
   14 E   -2 -1  0  5 -7  1  5 -4 -4 -6 -5  0 -6 -7 -5 -1 -4 -7 -4 -4    3   3   4  27   0   5  43   1   0   0   1   6   0   0   0   5   1   0   1   1  1.15 0.69
   15 I    0 -6 -4 -6  2 -5 -6 -5 -6  5  2 -5  0 -2 -4 -5 -1 -6 -5  4    8   0   1   0   5   0   0   1   0  29  20   0   2   1   1   0   4   0   0  29  0.94 0.54
   16 Q    0  1 -1  0 -1  4  2 -2 -2 -3 -1  2 -3 -1 -3  1 -2  0  0 -2    9   6   2   5   1  19  14   2   1   1   6  13   0   2   0  10   2   2   3   3  0.29 0.30
   17 D    1  2  0  1 -5  1  2 -2 -1 -4 -5  3 -3 -4 -4  2 -1 -5 -4 -3   13  12   3   8   0   5  16   2   1   1   0  17   0   1   0  15   4   0   0   1  0.46 0.39
   18 S    1 -1  0  1 -1  3 -1 -2  0 -3  0 -1  0 -4 -4  3  0 -3 -2 -2   13   3   5   8   1  14   3   2   3   1  12   4   2   0   0  22   5   0   1   2  0.29 0.32
   19 I   -2 -5 -7 -7 -5 -4 -6 -6 -4  5  4 -6  1 -2 -6 -4 -4 -6 -3  3    3   1   0   0   0   1   0   0   0  27  44   0   2   1   0   1   1   0   1  17  1.15 0.63
   20 D   -1  2  4  2 -5  3  2 -3  3 -3 -4 -1 -3 -6 -4  1 -1 -6 -4 -3    5  11  18  11   0  14  12   2   6   1   1   3   0   0   0  10   3   0   0   2  0.54 0.43
   21 K   -1  1  0  2 -4  2  1 -1 -2 -4 -1  2 -3 -4 -3  2  1 -5 -1 -3    5   6   5  11   0   8   9   5   1   1   6  15   0   0   0  16  10   0   2   1  0.30 0.30
   22 L    3 -2 -4 -5  0 -4 -4 -5 -5  2  3 -3  3 -3 -5 -1  1 -2 -4  1   22   2   1   0   2   0   1   0   0  12  32   1   8   0   0   3   8   1   0   9  0.58 0.43
   23 Q   -2  5 -1 -1 -1  3  2 -3  0  1 -2  0  0 -4 -4 -2 -1 -5 -4 -2    3  32   3   2   1  11  14   1   2   8   3   5   2   1   0   2   4   0   0   2  0.58 0.45
   24 S    1 -1  0  1 -3  2  1  1 -2 -4 -2  0 -3 -4  0  3  0 -5 -3 -2    9   2   5   7   0   9  10   9   1   0   4   4   0   0   5  23   7   0   1   3  0.27 0.29
   25 T   -1  0 -2  1 -1  1  0  0 -1  0  3 -1 -1  0 -4 -1  0  0 -1 -2    5   5   1   7   1   8   7   7   1   5  32   4   1   3   0   3   5   1   1   1  0.18 0.23
   26 F   -3  2 -3 -5  0 -2 -3 -5  2  3  2 -2  0  3 -5 -3 -3 -3  4 -1    2  12   1   0   2   1   1   0   5  17  22   2   1  13   0   2   1   0  13   4  0.54 0.38
   27 H    0  0  3  0 -4  3  3 -1  2 -3 -2  0 -3 -4 -4  1  0 -5 -3 -3    8   4  13   5   0  15  17   4   5   1   4   4   0   0   0  10   6   0   1   2  0.37 0.33
   28 K   -1  4  0 -1 -5  2  2 -2  0 -4 -3  1 -4 -5 -4  3 -1 -5 -2 -4    4  23   3   3   0   9  12   3   2   1   3   9   0   0   0  21   4   0   1   1  0.52 0.41
   29 W   -2  3 -3 -3 -2 -2 -3 -4 -1  0  1 -2 -2  2 -4 -2 -2  7  4 -2    4  18   1   1   1   1   2   1   2   6  15   2   1   8   1   4   2  16  13   3  0.68 0.42
   30 E   -1  1  1  1  0  2  3 -3  1 -2  0  1 -2 -4  2  0 -1 -4 -3 -3    3   9   6   7   2   7  19   2   3   2   9   8   1   0   9   7   4   0   1   1  0.25 0.25
   31 R    0  4  1  0 -2  3  2 -1  0 -4 -3  1 -2 -4 -2  1 -2 -5 -4 -3    7  20   7   5   1  15  11   4   2   1   2   6   1   1   2  11   1   0   0   2  0.43 0.36
   32 I    0 -1 -2 -2 -2  0 -2 -1 -1  3  3 -1  0 -2 -3  0  0 -4 -2  0    7   3   1   3   1   4   3   4   1  19  29   4   2   1   1   6   6   0   1   4  0.25 0.24
   33 S    1  0  1 -2 -2  1 -1  1 -1 -2  0 -1 -2 -3  0  2  0 -3 -4 -1   11   5   7   1   1   8   4  12   1   1  10   4   0   1   4  19   7   0   0   5  0.17 0.23
   34 P    1  1  1  1 -3  1  1 -3  1 -4 -2  1 -2 -3  4  1  0 -5 -3 -2   11   6   6   6   0   7   9   1   3   1   3   7   1   1  19   9   5   0   1   3  0.32 0.28
   35 D    0 -1  3  3 -4 -1  2 -1 -2 -3 -2  0 -2 -3  0  1  1 -2 -3 -3    7   3  14  15   0   3  14   4   0   1   5   5   1   1   5  13   9   0   1   1  0.31 0.30
   36 M    1 -1  1 -1 -4  0 -1  1 -2 -1 -1 -1 -1 -3  0  2  3 -5 -4  0    9   3   6   2   0   5   3  11   1   3   5   4   1   1   4  18  17   0   0   7  0.21 0.25
   37 G    1 -1  1 -1 -4  2  1  1 -2 -2 -1  0  0 -2  2  1  0 -1 -3 -2   12   2   7   2   0  10   8   9   1   2   5   6   2   2  12  10   6   1   1   2  0.18 0.20
   38 D    0  1  1  1 -2  2  3 -1  1 -2 -3  0 -3 -4 -1  1  0 -5 -4 -3    7   9   7   8   1   7  23   4   3   3   2   6   0   0   2   9   7   0   0   2  0.30 0.28
   39 Q    0  0  0  0 -2  0 -1 -2  3 -1  1 -1 -1  0 -1  0  0 -3  1 -1    7   6   4   6   1   5   4   2   8   3  20   4   0   4   3   7   5   0   6   5  0.09 0.14
   40 A    1 -1  0  1 -3  1  1 -2  0  0  0  0 -2 -3  0  1  1 -4 -2  1   14   2   3   7   0   6   8   2   3   4   8   6   0   1   4  11   9   0   1  11  0.11 0.16
   41 H    1  0  1  1 -3  2  1 -3  1 -1 -3  1 -2 -3 -2  2 -1  4 -3 -1   12   5   6   7   0   9  10   1   3   4   2   8   1   1   2  16   3   6   1   4  0.23 0.25
   42 V    3 -3 -1 -2  0 -1 -2 -2 -2  2  2 -2 -1 -2 -3  1  2 -2 -2 -1   25   1   2   2   2   2   3   2   1  11  18   2   1   1   1   9  12   1   1   4  0.26 0.28
   43 A    1  1  1 -2 -2  0  0 -1  0  1 -1  0  0 -2 -2  1  2 -4 -1 -1   13   9   7   2   1   3   6   4   2   9   4   4   2   1   1  12  15   0   2   2  0.13 0.19
   44 K    1  3  3  0 -4  2  0 -1 -1 -3 -3  1 -2 -3 -2  1  0 -4 -2 -2   14  15  13   4   0   8   6   3   1   1   3   9   1   1   1  11   5   0   1   3  0.28 0.28
   45 E    0  1  1  3 -5  1  4 -3 -2 -2 -3 -1 -2 -5 -3  0  0 -5 -5 -2    7   9   5  14   0   7  33   1   1   3   2   3   1   0   1   7   5   0   0   2  0.57 0.43
   46 L   -1 -3 -2 -3 -2 -3 -5 -4 -5  3  4  1  1  1 -3 -3 -3 -5 -2  0    5   1   2   1   1   1   0   1   0  20  41   9   2   5   1   1   1   0   1   6  0.63 0.43
   47 V   -1  4  0 -1 -5  1  1 -2  0  0 -1  2 -1 -4 -3 -1 -1 -2 -4 -2    4  26   5   3   0   7   9   2   2   6   8  14   1   0   1   3   4   1   0   3  0.37 0.33
   48 A    0  2  1  1 -3  1  1 -1  0 -3 -3  2 -3 -3 -2  1  2 -5 -1 -2    9  12   8   8   0   6  10   3   2   1   2  11   0   1   1   9  11   0   2   2  0.25 0.26
   49 T    1  0  2 -1 -1  1  0 -1 -2  1 -1  0 -1 -3 -2  1  2 -4 -2 -1   12   5  10   2   1   8   5   5   0  10   7   5   1   0   1  11  14   0   1   3  0.14 0.20
   50 C   -2 -2 -4 -6  2 -5 -4 -5 -5  3  4  1  1  0 -5 -3 -3 -5 -1  1    3   2   1   0   4   0   1   1   0  13  44   8   3   4   0   2   1   0   2  10  0.69 0.46
   51 G    1  2  0 -1 -3  1  2  1  0 -2 -4  1 -2 -4 -2  1  0 -5 -3 -2   14  12   3   3   0   7  13  10   2   2   1  10   1   1   1  11   5   0   1   3  0.26 0.27
   52 S    0  1  1  1 -4  2  2 -1  0 -2 -2  1 -2 -2 -2  2  2 -2 -1 -2    8   7   6   7   0  10  12   3   2   2   3   8   1   1   1  14  13   0   3   1  0.23 0.26
   53 I   -1 -1 -3 -4 -1 -3 -3 -3 -2  2  4 -1  0  1 -5 -3 -2 -2 -1  1    6   4   1   1   1   1   2   2   1  13  43   4   2   6   0   1   2   1   2   8  0.50 0.36
   54 E   -1  1  1  0 -3  2  3 -1 -1 -1 -1  1 -1 -3 -2  0  0 -4 -2 -1    5   9   5   4   1   8  22   4   1   4   6   8   1   1   2   8   6   0   1   4  0.20 0.21
   55 W    1  0  0  1 -4  1  2  0 -1 -3 -2  2 -2 -4 -2  1  0  5 -1 -2   12   6   4   7   0   5  14   6   1   1   4  11   1   0   1   9   6   8   2   2  0.24 0.24
   56 Q   -1  0  0  3 -2  3  2 -2  0 -1 -1  0  0 -3 -2 -1  0 -4 -3 -3    5   5   3  20   1  16  12   3   2   3   6   6   2   1   1   4   6   0   1   1  0.32 0.29
   57 V   -2 -3 -3 -4 -2 -2 -4 -4 -4  2  4 -3  0  0 -3 -2 -2 -1  1  2    3   1   1   1   1   2   1   1   0  12  45   1   2   4   2   3   2   1   5  14  0.63 0.42
   58 D    0  1  1  3 -4  1  2 -1  1 -2 -2  2 -2 -4  1  0 -1 -4 -3 -2    6   7   6  16   0   5  17   4   3   2   4  11   1   0   6   7   4   0   0   3  0.27 0.24
   59 E   -2  1  1  5 -6  0  3 -2  0 -4 -3  1 -2 -2 -2 -1 -2 -6 -3 -4    3   8   5  32   0   4  17   3   3   1   3   9   1   2   2   3   2   0   1   1  0.59 0.44
   60 L   -3 -3 -6 -4 -5 -5 -3 -3 -6  0  6 -4  2 -1 -3 -2 -3 -5 -1  0    2   1   0   1   0   0   2   2   0   4  67   1   4   2   1   4   1   0   2   5  1.08 0.66
   61 E   -1  1  0  3 -4  2  2 -2  0 -2 -2  1 -2 -2 -2  0  0 -4 -1 -1    4   9   4  18   0   9  15   3   2   3   4   8   1   1   2   7   4   0   3   4  0.24 0.24
   62 K   -1  2  1  1 -4  1  2 -2 -1 -3 -2  2 -1 -3 -2  2 -1 -4 -2 -2    4  13   5   8   0   6  16   3   1   1   5  13   1   1   2  14   3   0   1   2  0.27 0.27
   63 A    1 -1 -1 -2 -1  1 -1 -1 -1 -1  2  0  0 -3 -1  2  2  0 -1 -1   10   3   2   2   1   7   2   4   1   2  20   5   2   0   2  15  12   1   2   4  0.13 0.22
   64 I    0 -1 -2 -2 -3  0 -2 -3 -1  2  2 -1  0  1 -2 -1 -1 -3  0  2    8   3   2   2   0   4   2   2   1  14  22   3   2   7   1   4   4   0   2  17  0.20 0.20
   65 T    0  1  1  0  0  1  0  0  1 -1 -1  1  0 -1 -1  1  0 -3  0 -1    5   7   6   6   2   6   7   6   4   3   6   8   2   2   2  11   7   0   3   6  0.05 0.07
   66 V    0  0  0  0  0  1  0  0 -1  0  0  0  0  0 -2  0  0  2  0  0    7   6   5   5   3   7   6   8   0   7   7   8   3   3   0   6   6   3   4   7  0.03 0.05
   67 A    0  0  0  0 -2  1  0  0  1  0 -1  0  1  0  1  0  0 -2  1  0    6   6   5   6   0   5   6   6   5   6   6   6   5   5   6   6   6   0   5   6  0.03 0.06
   68 A    0 -1  0 -1 -3  0  5 -1  0 -3 -3  0 -2 -3 -2  2 -1 -5 -1 -2    7   3   3   3   1   4  36   5   2   1   3   5   1   1   2  13   3   0   2   4  0.48 0.40
   69 K    1  2  2  1 -3  1  0 -1 -1 -4 -3  2 -2 -4 -1  1  0 -5 -2 -3   12  12   9   7   1   6   7   5   2   1   3  15   1   0   3  10   6   0   1   1  0.26 0.25
   70 D   -2  0  4  3 -5  0  0 -2  1 -2 -2  0  0 -2  0  0  0 -2 -3 -2    3   5  24  16   0   4   5   3   3   2   5   5   3   2   5   7   5   1   1   2  0.38 0.32
   71 P   -1  1  0  1 -2 -2 -2 -1 -3 -1 -1  0  1 -2  5  0 -2 -2 -2 -2    6   7   5   7   1   2   2   5   0   4   8   6   3   2  27   9   2   1   1   3  0.37 0.29
   72 S    1  0  1  1 -3  0  0  1 -1 -2 -1  1 -1 -1  0  2  0 -3  0 -2   10   6   6   7   0   3   6  10   1   2   6   8   1   2   4  15   6   0   4   3  0.10 0.12
   73 W    0  3 -1 -2 -4  1 -1 -2 -1 -2 -1  4  0 -2 -1  1 -1  2 -1 -2    7  15   3   2   0   5   4   3   2   2   6  23   2   2   3  11   3   3   2   3  0.30 0.25
   74 Y   -1  0 -1 -1 -1  0  0 -2 -1 -2  0  0 -1  4 -2 -1  0  2  4 -2    6   5   2   3   1   5   6   3   1   2   8   6   1  20   2   5   5   3  12   3  0.28 0.22
   75 G    0  1  1 -1 -4  1 -1  3  0 -1 -2  2 -3 -2  0  0  0 -1 -2 -2    7   8   6   3   0   5   3  22   3   5   4  14   0   1   4   6   5   1   1   3  0.20 0.19
   76 I   -1 -2 -1 -1 -1 -1 -1 -2 -1  3  3 -2  0 -1 -2 -1  0 -4 -1  0    5   1   3   3   1   3   5   4   1  17  27   3   2   2   2   6   6   0   2   6  0.21 0.20
   77 D   -2 -2  1  3 -1 -1  1 -1 -1 -2 -2 -1  0 -5  0  3  2 -5 -4 -3    2   2   6  16   2   3  10   5   1   3   4   2   2   0   5  20  16   0   0   2  0.34 0.33
   78 E    0  0 -1  1 -4  2  1 -2  0 -1 -1  0 -1  0  2  0  0 -4  0 -1    8   4   3  10   0   9  10   2   2   3   7   6   2   4  12   5   5   0   4   3  0.16 0.18
   79 A    0  0  1  1  0  0  2  0  1 -1 -1  1  1 -1  0  0  0 -4 -1 -1    8   4   6   7   2   4  14   5   3   4   5   8   5   2   5   8   5   0   2   3  0.09 0.11
   80 E   -1 -2 -1  1 -6 -1  6 -2  0 -2 -3 -2 -1 -2 -2 -2  0 -6 -1 -2    5   2   3   8   0   3  47   3   3   2   3   3   2   2   2   3   5   0   2   2  0.80 0.57
   81 L   -1  0  0  0  2  0  0 -1  2  0 -1  0  2  1  0 -1  0  4  1 -1    5   5   5   5   5   5   5   5   5   5   5   5   5   5   5   5   5   5   5   5  0.09 0.08
   82 E    0  1  1  1 -2  3  3 -2  0 -3 -2 -1  0 -5 -1  2  0 -5 -1 -3    8   7   6   9   1  11  17   3   2   1   4   2   2   0   3  14   4   0   3   2  0.28 0.29
   83 K    0  4  1  0 -5  1  1 -2 -1 -2 -2  1 -2 -2 -2  1  0 -5 -2 -1    7  23   7   4   0   7   8   2   1   2   5  10   1   1   1  11   4   0   1   5  0.31 0.29
   84 R   -4  7 -5 -3 -2  0 -3 -4  1 -4 -1  0 -1 -3 -4 -1 -2 -1 -2 -3    1  60   0   1   1   3   2   1   4   1   5   5   1   1   1   4   3   1   1   2  1.36 0.79
   85 R   -1  5 -1 -3 -1  3  0 -3 -1 -2 -3  3 -2 -2 -1 -1 -2  0 -2 -2    4  26   3   1   2  11   6   2   1   2   2  21   1   2   3   4   2   1   2   3  0.55 0.42
   86 R    0  2  1  3 -4  1  1 -1  1 -1 -2  1 -1 -2 -1  0 -1 -4 -1 -1    8  11   7  16   0   6   8   4   3   5   3   7   2   2   3   6   3   0   2   4  0.16 0.17
   87 W   -1 -1 -1 -1 -4  0 -2 -2  0  0  2 -1  3  3 -2 -1 -1  4  1 -1    5   4   3   4   0   4   3   2   2   5  21   4   7  15   2   4   3   5   3   4  0.22 0.21
   88 T   -1 -2 -2 -2  0 -3 -2 -2  0  2  2 -4  0  0 -1 -1  1  2  0  3    4   2   2   2   2   0   2   3   2  13  17   0   2   3   3   4   9   3   3  23  0.27 0.25
   89 S    0  0  0  0  2  0  0 -1  1  0 -1  0  1  0  0  0  0 -2  1  0    5   5   5   5   5   5   5   5   5   5   5   5   5   5   5   5   5   0   5   5  0.03 0.05
   90 N    1  2  2  3 -5  2  2 -2  1 -2 -4  0 -3 -4 -1  1  0 -6 -4 -3   10  10   9  16   0   8  11   3   3   2   2   4   1   1   3  10   5   0   1   1  0.34 0.32
   91 A    0 -4 -4 -4 -1 -2 -2 -4 -2  0  4 -5  2 -2 -3  0  2 -6 -2  1    8   1   1   1   2   2   2   2   1   4  39   1   5   1   2   6  12   0   1   8  0.53 0.40
   92 R   -2  5 -1 -1 -3  1  0  0  0 -1 -2  3 -2 -4 -1 -1 -2 -2 -2 -2    4  25   3   3   1   5   7   8   2   3   4  18   1   1   3   5   2   1   1   3  0.46 0.36
   93 T    0  0  2  2 -2  1  1 -1  0 -3 -4  1 -1 -3 -1  2  1 -6 -3 -2    6   5   8  11   1   7   9   4   2   2   1   8   2   1   3  15   9   0   1   4  0.23 0.24
   94 Q   -1  2 -2  1 -2  3  3 -4 -5 -3 -3  2 -1 -3 -2  0 -1 -2 -2 -2    5  12   2   7   1  13  22   1   0   1   3  14   2   2   3   6   3   1   1   3  0.47 0.39
   95 V   -2 -1 -3 -1  1 -3 -1 -4  0  3  2 -2 -2 -1 -3 -1 -3 -2 -3  4    4   3   1   3   3   1   5   1   3  16  17   3   1   2   2   4   2   1   1  25  0.49 0.29
   96 R   -1  2  2  2 -6  3  3 -1 -1 -3 -3  2 -5 -4 -1 -1 -1 -6 -3 -2    6   9   8   9   0  11  17   5   1   2   2  10   0   1   4   5   4   0   1   3  0.32 0.30
   97 N    0  0  1  2 -2  3  2 -1  1 -2 -2  1 -2 -1 -2  1  0 -1 -2 -3    8   4   6  10   1  12  15   5   3   3   3   7   1   2   2   9   5   1   1   2  0.21 0.22
   98 V   -1 -3 -3 -4 -1 -2 -3 -4 -1  3  3 -1  6 -1 -2 -2 -1  0 -2  1    6   1   1   1   1   2   2   2   2  13  24   4  18   2   3   4   3   1   1   8  0.52 0.38
   99 K   -1  3 -1  0 -1  2  0 -2  0 -2 -1  3  0 -3  1  0 -1 -1 -2 -2    5  15   3   5   2   8   7   2   3   2   5  19   2   1   6   7   3   1   1   3  0.25 0.24
  100 S    0  1  1  3 -4  0  1 -1  1 -2 -2  1 -1 -1  0  1 -1  0 -1 -3    8   7   6  16   0   4  10   3   3   2   3  10   1   3   4  11   4   1   2   2  0.19 0.20
  101 G    0  0  0  0  0  1  1  1  1 -1 -1  0  0 -1  0  1  0 -3 -1 -1    8   3   5   3   2   6  10  10   4   4   5   7   2   3   4  11   5   0   1   5  0.06 0.08
  102 V   -1 -1 -1 -2  0 -1 -2 -2 -1  1  2 -1  3  1 -1 -1  0  2  0  2    4   4   3   3   2   2   3   3   2   6  17   3   9   6   4   5   5   3   3  14  0.12 0.15
  103 L    0  0  1  1  0  1  1 -1  0 -1 -1  0  0 -1  0  1  0 -3 -1  0    7   5   9   7   2   7   8   4   2   3   5   6   3   3   4  10   7   0   2   6  0.07 0.09
  104 A    0  0  0  0 -2  1  0  0  1  0 -1  0  1  0  1  0  0 -2  1  0    6   6   5   6   0   5   6   6   5   6   6   6   5   5   6   6   6   0   5   6  0.03 0.06
  105 G    0  0  1  0 -3  0  0  0  0 -1 -1  0  1 -1  1  0  0  1  0 -1    8   6   7   5   0   5   5   8   3   3   4   6   4   3   8   8   6   3   3   4  0.07 0.08
  106 K    0  0  0  0 -2  1  0  0  1  0 -1  0  1  0  1  0  0 -2  1  0    6   6   5   6   0   5   6   6   5   6   6   6   5   5   6   6   6   0   5   6  0.03 0.06
  107 V    1  0  1 -1 -2  0  0  0  0 -1 -1  1  0 -1  0  1  0 -1 -1  0   12   5   7   3   0   4   4   5   2   3   7   9   3   3   4  10   7   1   1   9  0.05 0.09
  108 S    1  1  1  0 -3  1  0 -1  0 -1 -2  1 -1 -2  0  2  0 -4 -2 -1   11   7   8   6   0   7   5   4   2   3   4   8   2   1   5  15   6   0   1   4  0.13 0.16
  109 S    2  1  1  1 -4  0 -1  0 -1 -2 -3 -1 -1 -2  0  2  1 -1 -1 -2   17   6   8   8   0   3   4   5   1   2   2   3   2   1   5  16  10   1   2   3  0.19 0.22
  110 G    1  0  0  1 -3  0  0  1 -1 -1 -1  0  0  0  0  1  1 -1 -1 -1   12   5   5   7   0   4   5  12   2   3   5   4   2   4   5  10  10   1   1   5  0.08 0.10
  111 A    1  0  0  0 -3  0  0  0 -1 -1 -1  0  0  0  0  1  0  0 -1 -1   17   6   5   6   0   3   4   7   2   2   7   7   3   4   5   8   7   1   1   4  0.06 0.10
  112 G    1  0  1  0 -3  1  1  1 -1 -2 -2  0 -1 -1  0  1  0  1 -1 -1   12   5   8   5   0   6   7  12   1   2   4   6   1   2   3  11   5   2   2   4  0.10 0.12
  113 H    1  2  0  0 -1  0  0  0  1 -2 -1  1  2  0  0  0  1  0 -1 -1   11  11   4   4   1   4   6   6   4   2   4   7   6   3   5   6   8   1   2   3  0.08 0.12
  114 A    1  0  1  0 -3  0  0 -1  0 -1 -1  0  0 -2  1  2  0  0 -1 -1   13   3   6   6   0   4   6   4   2   3   6   6   2   2   7  17   5   1   2   4  0.11 0.15
  115 S    0  1  2  1 -3  1  0  0  1 -1 -2  0  0 -2  0  1  0 -4 -1 -1    5   9  12   7   0   5   5   6   4   3   4   5   2   2   4  14   6   0   2   4  0.13 0.16
  116 E    0  1  0  1 -3  1  0  0  0 -2 -1  1  0 -1  0  1  0  1 -1 -1   10   8   4   8   0   6   6   8   2   2   7   7   2   3   4   9   6   2   2   3  0.06 0.09
  117 V    0  0  0  0  2  0  0 -1  1  0 -1  0  1  0  0  0  0 -2  1  0    5   5   5   5   5   5   5   5   5   5   5   5   5   5   5   5   5   0   5   5  0.03 0.05
  118 R    0  3  2  0 -2  0 -1  0  0 -2 -2  1  0 -2  0  1  0 -1  0 -3    9  15  10   5   1   3   3   8   3   2   3   7   2   1   5  10   7   1   3   1  0.16 0.19
  119 R    0  2  1  0 -4  1  0  0  0 -2 -1  0 -1 -1  1  1  0  0 -2 -2    7  15   6   4   0   7   4   7   2   3   6   5   1   2   6  14   7   1   1   3  0.14 0.17
  120 E    0  0  1  2 -4  0  1  1  0 -2 -2  0 -1  0  0  1  0  0 -1 -2    9   5   6  12   0   5  11  10   2   2   5   4   2   4   5   9   5   1   2   2  0.12 0.14
  121 L    0 -1  0  0 -1  0 -1  1 -1  0  1 -1  1 -1  1  0  0  0 -1  0    9   4   4   6   1   4   4  11   2   4  18   3   3   2   7   7   5   1   2   4  0.05 0.08
  122 M    0 -1  0 -1 -2  0  0  0  0  0  1  0  2  0  0  0  0  1  0  0    7   3   6   4   0   3   4   6   2   6  18   5   7   4   4   6   5   2   3   6  0.03 0.07
  123 R    0  1  0  1 -3  0  0  0  0 -1 -1  0  0  0  1  0  0  2  0 -1    6  10   5   8   0   5   4   7   3   4   6   5   3   5   8   6   5   3   3   4  0.06 0.08
  124 M    0  0  0  0  2  0  0 -1  1  0 -1  0  1  0  0  0  0 -2  1  0    5   5   5   5   5   5   5   5   5   5   5   5   5   5   5   5   5   0   5   5  0.03 0.05
  125 P    0 -1 -2  1 -2 -1  0  0  0 -4 -3 -1 -2 -1  4  2  0 -1 -1 -3    8   3   2   8   1   3   6   8   2   1   3   4   1   3  21  14   6   1   2   2  0.35 0.31
  126 N   -1  1  3  3 -6  1  0  1  0 -3 -4 -1 -2 -3  0  1  0 -6  0 -2    6   7  11  13   0   5   7   9   2   2   2   4   1   1   6  12   7   0   3   3  0.25 0.22
  127 S    0  1  1  0 -1 -1 -1 -1  0 -2 -3  0 -1 -2  3  2  1  0 -2 -2    8   8   6   6   1   3   5   6   2   3   3   5   2   2  13  15   8   2   2   3  0.18 0.19
  128 G    0  0  0  2 -1  0 -1  0  1 -2 -3  0 -1  1  1  2 -1  3  0 -2    7   4   4  11   1   4   4   9   4   2   2   5   2   6   7  14   4   4   3   3  0.16 0.16
  129 E    0  1  0  1 -5  1  1  0  0 -1 -1  1 -1 -2  2  0  0  0 -1 -1    7   7   4   7   0   6   8   7   2   4   5   7   2   2   9   8   7   2   2   4  0.09 0.11
  130 A    0 -1  0  0  1  0 -1  0  1 -1 -1 -1  1  0  1  0  0  2  1  0    7   4   5   5   3   4   4   6   3   3   5   4   3   5   8   8   6   3   5   7  0.05 0.06
  131 S    0  0  0  0 -2  0  0  0  1  0 -1  0  1  0  0  0  0 -2  1  0    5   5   5   5   0   5   5   5   5   5   5   5   5   5   5   5   5   0   5   5  0.00 0.06
  132 R   -1  2  0  2 -3 -1  1  0  0 -2 -1  1 -1 -2  2  0  0 -1 -2 -1    5  13   5  12   0   2  10   6   2   2   7   7   1   2   9   7   5   1   1   3  0.14 0.15
  133 Y    0 -1  0  1 -3 -1  0 -1  0 -1  0 -1  0  0  1  0  1  0  2 -1    6   3   3  10   0   2   6   5   2   4  11   2   3   5   6   9  10   1   7   5  0.06 0.10
  134 D    0 -1  2  4 -4  0  2 -1 -1 -3 -2 -1 -2 -2  0  1  0 -1 -2 -3    6   3  11  22   0   4  12   5   1   2   3   3   1   2   4  12   5   1   1   2  0.32 0.28
  135 Q   -1  2  0  2 -4  1  1 -1  0 -2 -2  1 -1 -2  2  1 -1 -2 -2 -2    5  12   4  13   0   7   8   5   2   2   4   7   1   2  11  10   3   1   1   3  0.20 0.20
  136 Y    0 -1  1  1 -3  0  2 -1  1 -2 -1 -1 -1  0  0  1  2 -3  2 -1    7   2   8   8   0   3  13   4   3   2   6   3   1   3   4   9  13   0   9   3  0.14 0.18
  137 G    1  1  0  0 -2  0  1  2  0 -1 -2  0 -1 -2  1  1  0 -2 -1 -1   12   9   3   4   1   4   9  15   2   3   4   4   2   1   6  10   6   1   2   3  0.11 0.12
  138 G    0  0  1  1 -3  1  1  2  1 -2 -3 -1 -2 -2  2  0 -1 -4  0 -1    7   5   6   8   0   5  10  17   3   3   1   2   1   2  10   8   3   0   3   4  0.19 0.19
  139 R   -1  1  0  0 -3  1  2 -1 -1 -1  1 -1  0  0  0  0  0 -3  1 -1    3   9   4   6   0   5  14   4   1   4  14   2   3   4   4   8   4   0   6   3  0.08 0.13
  140 D    0 -1  0  4 -2 -1  2  0  0 -2 -3 -1 -2 -3  0  1  0 -4 -3 -2    6   4   5  28   1   2  11   8   2   2   3   3   1   1   5   9   6   0   1   3  0.35 0.30
  141 D   -2 -2  5  3 -4 -1  1 -2  1 -2 -3 -2 -4 -2  0  1  0 -5 -2 -3    2   2  28  18   0   2  11   3   3   2   2   2   0   2   4   9   7   0   1   2  0.53 0.40
  142 D   -1  0  1  4 -4  3  1 -1  0 -3 -4 -2 -2 -3 -1  1  0 -4 -2 -2    6   5   5  23   0  13   9   5   2   2   1   1   1   1   3  13   7   0   1   2  0.37 0.33
  143 G    0  1  0  2 -2  1  1  2  1 -2 -2  0 -1 -2  1  0 -1 -3  1 -1    6   9   3  11   1   5  11  15   3   3   3   3   1   2   6   6   3   0   6   4  0.13 0.15
  144 F   -1 -1  0 -1 -1  0 -1 -1  1  0  0 -2  0  3 -3  0 -1 -2  3 -1    6   3   6   4   1   6   4   5   3   7  11   1   2  16   0   7   4   0  11   4  0.14 0.17
  145 V    1 -1 -1 -2 -2 -1 -2 -1 -1  2  1 -1  1  0 -1 -1  0 -3 -1  2   11   3   4   2   0   3   2   3   2  14  16   2   4   3   3   4   6   0   2  15  0.11 0.14
  146 Q    0  1  0  1 -4  4  3  0  0 -3 -2  0  0 -1 -2  0 -1 -4 -2 -3    7   7   5   9   0  18  18   8   2   1   3   4   2   3   1   6   2   0   1   2  0.30 0.29
  147 S    0 -1  0  2 -3  1  1  0  0 -2  0 -1  1  2 -2  1 -1  1 -1 -2    6   3   5  11   0   7  12   7   3   1  10   1   4  10   2   9   3   2   2   2  0.11 0.16
  148 E    0 -1 -1 -1 -3  3  3 -2  1 -1  0 -1  0  0 -1  0  0  1 -1 -1    8   3   3   2   0  17  21   2   4   3   8   2   3   3   3   5   5   2   2   4  0.23 0.25
  149 S    0  1  0 -1 -3  4  0 -2  3 -1  0  0  1 -1 -1  1 -1 -3 -1 -2    6   9   5   2   0  20   4   3   7   3   8   5   5   3   3   9   3   0   2   3  0.21 0.24
  150 D    0 -1  0  1 -4  4  1 -2 -1 -2 -1  0 -1  0 -1  1 -1 -3  0 -2    7   3   4   8   0  22  10   3   1   2   6   5   2   4   2  12   3   0   3   2  0.25 0.27
  151 R   -1  2  0  1 -4  3  1 -2  2 -1 -2  0  0 -1 -1  0  0 -3  1 -1    3  12   5   8   0  18   9   2   5   5   3   5   2   2   2   6   4   0   5   3  0.22 0.23
  152 Q   -3 -1  0 -1 -5  7  0 -3  2 -1 -3 -1 -1 -1 -4 -1 -2  1 -1 -2    2   3   4   3   0  51   4   2   5   4   2   2   2   2   0   5   3   2   2   2  0.99 0.67
  153 M   -1  2  1  1 -4  4  1 -2  0 -1 -1  1  1 -1  0 -1 -1 -4 -1 -2    3  10   7   6   0  22   8   2   2   3   7   7   5   2   4   4   4   0   2   3  0.24 0.26
  154 L   -1  1  0  0 -3  3  1 -2  1 -1  0  1  1 -1  0 -1  0 -3  1 -1    4   8   3   5   0  16  10   3   3   3   9   7   4   3   4   3   5   0   5   4  0.13 0.17
  155 L    0  0  1  0 -3  1  0 -2  2  0  0  0  1 -2  1  0  0 -2  1  0    6   6   6   6   0   6   6   0   6   6   6   6   6   0   6   6   6   0   6   6  0.07 0.11
  156 I   -3 -2 -3 -2 -4  0  0 -4 -1  2  1  0  7 -1 -4 -3 -2 -1 -1  0    2   2   1   2   0   5   7   1   2  12  14   5  34   2   0   0   2   1   2   6  0.66 0.40
  157 K   -1  3  0  1 -4  3  1 -2  2 -3 -3  3  0 -4 -3 -1 -1 -4 -2 -3    5  18   4   8   0  17   9   2   4   1   1  18   2   0   0   4   3   0   1   1  0.47 0.31
  158 Q   -2  1  1  1 -5  3  5 -3  0 -4 -3  0 -2 -5 -1  0 -2 -5 -4 -3    3   8   5   7   0  16  36   1   2   1   2   4   1   0   2   7   2   0   0   2  0.63 0.37
  159 Q   -5 -3  0 -2  0  8 -1 -5 -1 -3 -3 -3 -1 -6 -5 -3 -2 -6 -5 -3    0   0   4   2   2  77   2   0   1   2   3   0   1   0   0   2   2   0   0   1  2.00 0.87
  160 D   -5 -5  0  8 -7 -2  0 -5 -1 -7 -5 -3 -6 -7 -5 -2 -3 -7 -6 -6    0   0   4  81   0   1   4   0   1   0   1   1   0   0   0   3   2   0   0   0  2.15 0.82
  161 E    0  0  0  1 -5  3  4 -3 -1 -3 -3  1  0 -5 -4 -1 -1 -5 -2 -2    6   5   3   9   0  16  32   2   1   1   3   9   3   0   0   2   4   0   1   3  0.52 0.33
  162 E   -1 -1 -1  1 -1  3  1  1  4 -3 -2  0  0 -4  0  0  1 -4 -2 -2    3   2   1   7   2  18   9  12  10   1   4   6   2   0   4   7   9   0   1   2  0.28 0.24
  163 L   -5 -6 -7 -7 -5 -6 -7 -7 -6  2  6 -6  2  0 -7 -6 -5 -5 -4  1    0   0   0   0   0   0   0   0   0   9  73   0   4   3   0   0   0   0   0  10  1.51 0.62
  164 D   -2 -2  0  6 -6 -1  3 -2 -1 -3 -4 -2 -5 -6 -5 -1 -2 -7 -2 -1    2   2   3  51   0   2  19   3   2   2   2   2   0   0   0   4   2   0   1   5  1.08 0.58
  165 E    0  2 -1  1 -3  2  1  0  0 -1 -1  0  1 -2 -3  0 -1 -4 -1  0    7  13   2   8   0  12  11   7   2   3   5   4   5   2   0   6   3   0   2   9  0.13 0.16
  166 L   -4 -5 -6 -6  1 -5 -5 -6 -5  3  5 -5  2 -1 -1 -5 -2 -5 -4  2    0   0   0   0   3   0   0   0   0  17  53   0   4   2   4   0   3   0   0  12  0.98 0.50
  167 S    0  0  1 -1 -1 -1  1  1  3 -1 -2 -1 -3  0  0  3  0 -4 -1 -2    6   6   5   2   2   2   9  10   7   3   4   2   0   5   4  25   5   0   2   1  0.18 0.21
  168 K    0  1  0  1 -4  1  2  1  1 -3 -3  2 -1 -2 -3  0  0 -4 -1 -2    8   8   4   9   0   7  14  12   3   1   2  12   1   1   0   5   6   0   2   2  0.21 0.19
  169 S   -1 -3  0 -2 -3  0 -2  1 -1  1 -3  0 -2 -4 -3  3  3 -4 -3  0    4   0   3   1   0   4   1  12   1  10   1   7   1   0   0  25  23   0   0   7  0.36 0.29
  170 V    0 -4 -4 -5 -3 -4 -4 -4 -4  4  2 -4  2 -3 -4 -3  0 -4 -3  5    7   0   0   0   0   0   0   1   0  23  15   0   5   0   0   1   4   0   0  40  0.79 0.37
  171 Q    0  1  0  1 -2  2  0  2  1 -2 -2  0  0 -3  0  1  0 -2 -2 -2    5   8   4   8   0  12   3  16   3   2   3   4   4   0   4  13   6   0   1   3  0.17 0.14
  172 R    0  5  2 -2 -4 -1 -1 -3 -1 -2 -3  1 -2 -3 -3  1  2 -4 -3  0    7  34  12   2   0   2   3   1   1   1   2   6   1   1   0  10  11   0   0   7  0.49 0.30
  173 I   -3 -3 -3 -4 -4  4 -3 -3 -4  2  4 -3  0  1 -4 -2  0 -4 -3  0    1   0   1   0   0  20   0   2   0  10  45   0   1   5   0   2   6   0   0   4  0.65 0.38
  174 G   -2  3  0 -3 -5 -1 -2  0  5 -4 -4  5 -2 -3 -4 -1 -2 -4 -2 -2    2  16   3   1   0   1   0   8  14   0   1  40   1   1   0   5   1   0   1   3  0.77 0.40
  175 G   -2  0  2  1 -4  2  2  1  4 -3 -2 -1 -1 -3 -3 -1  0 -4  0 -2    2   4  11   8   0  12  16  10  13   1   5   2   2   1   0   4   5   0   3   2  0.32 0.22
  176 V   -2 -3 -3 -4 -3  3 -2 -3 -1  3  2 -3  5  0 -4 -2 -1 -3 -2  1    2   0   1   0   0  17   2   1   1  18  16   0  20   4   0   2   3   0   1   8  0.53 0.32
  177 G    4 -3 -1 -3 -3 -1 -3  3 -3 -4 -4 -3 -3 -4 -3  2  0 -4 -4 -2   40   1   2   1   0   3   1  23   0   1   1   1   0   0   1  19   5   0   0   2  0.71 0.37
  178 L   -1  0  0 -1 -3  2  0  0  1  1  2  0  1 -2 -3 -1 -1 -3 -1  0    2   5   5   3   0  14   6   8   3   9  22   4   3   1   0   4   3   0   2   6  0.10 0.13
  179 T    1  1  2  2 -3  3  1 -2  0 -2 -1 -1  0 -3 -3 -1  2 -4 -3 -2   12   6  12  11   0  15   7   2   2   2   7   1   2   0   0   3  13   0   0   2  0.24 0.20
  180 I   -4 -5 -5 -5 -4 -3 -5 -5 -4  6  0 -4  6  0 -5 -4 -3 -4  1  1    1   0   0   0   0   1   0   1   0  52   5   0  21   3   0   1   0   0   4   8  1.25 0.52
  181 H   -2 -2  5 -1 -4 -1 -2  4  4 -4 -4 -1  1 -3 -4  0 -2 -4 -3 -3    3   2  26   2   0   2   2  35   9   0   1   4   4   1   0   5   1   0   1   1  0.77 0.38
  182 D   -1  0  2  4 -4  2  3 -2  0 -3 -3 -1 -2 -3 -3  0  0 -4 -3 -1    3   6  11  25   0   8  21   2   2   1   1   2   1   1   0   6   5   0   0   4  0.47 0.27
  183 E   -4 -3 -3 -1 -6  0  7 -2 -3 -5 -5 -3 -5 -6  0 -3 -2 -5 -5 -4    1   1   0   2   0   2  79   3   0   0   1   0   0   0   4   1   3   0   0   1  1.74 0.71
  184 L   -2 -4 -5 -5 -3 -4 -4 -3 -4  3  4 -4  0 -2 -4 -4 -2 -4 -1  3    2   0   0   0   0   0   0   2   0  13  51   0   1   1   0   1   2   0   2  22  0.84 0.39
  185 V   -2  0  0  5 -4  1  3 -1 -1 -3 -3  0 -3 -3 -3  0  0 -2 -2 -2    3   4   4  33   0   5  18   5   1   1   2   5   0   1   0   8   5   1   1   2  0.51 0.29
  186 A   -2  1  0  2 -4  1  4 -2  0 -1  0  0 -1 -3 -3  0 -1 -4 -1 -1    2   6   5  14   0   5  29   3   2   4   9   4   1   1   0   5   4   0   3   4  0.28 0.20
  187 Q   -4 -3 -3 -4 -5  8 -2 -5  7 -5 -3 -3  0 -5 -5 -3 -4 -5 -4 -5    1   0   0   0   0  65   0   1  23   0   3   0   3   0   0   2   0   0   0   0  2.01 0.79
  188 E    0 -2  5  0 -2 -1  0  1  0 -1 -2 -2 -1 -3 -3  0  1 -4 -3  0    7   2  35   3   1   3   7  11   2   3   3   0   1   1   0   4   8   0   0   9  0.44 0.29
  189 R   -1  3  0  0 -4  1  3 -1  0  0 -2  1 -1 -2  0 -1 -2 -4 -2  0    5  19   3   4   0   8  19   4   2   7   1   8   1   2   5   2   1   0   1   8  0.24 0.19
  190 I   -3 -3 -4 -3 -2 -2 -3 -5 -4  3  4  0  7 -2 -4 -4 -3 -4 -3 -1    1   1   0   1   1   1   1   1   0  16  36   6  30   1   0   1   0   0   0   2  0.99 0.47
  191 I   -4 -4 -5 -5 -4 -4 -5 -5 -5  3  5 -4  2 -2 -5 -4 -2  3 -3  0    1   0   0   0   0   0   0   1   0  17  63   0   5   0   0   1   3   4   0   3  1.11 0.47
  192 D   -3 -2  1  6 -5  0  1  0 -2 -5 -5  0 -4 -5 -4 -1 -2 -5 -4 -4    1   1   7  54   0   3   9   6   1   0   1   6   0   0   0   5   2   0   1   1  1.06 0.46
  193 E   -1 -2  1  5 -4  0  4 -1 -1 -4 -3 -1 -2 -4 -3 -1 -1 -5 -3 -2    5   2   5  36   0   2  26   5   1   1   2   3   1   0   0   3   2   0   0   3  0.70 0.36
  194 L   -2 -4 -4 -5 -3 -4 -4 -5 -4  2  4 -4  3  2 -4 -3 -1 -3 -2  2    2   0   0   0   0   0   0   1   0  11  46   0   8  10   0   2   3   0   0  14  0.72 0.35
  195 D   -1 -3  2  5 -5 -1  3  1 -1 -5 -5 -3 -5 -5 -4  0 -1 -6 -5 -4    6   0   8  40   0   2  20  13   1   0   1   0   0   0   0   5   3   0   0   1  0.86 0.43
  196 T   -2  1  3  2 -4  1  2 -1  2 -2 -3 -1 -1 -3 -3  0  1 -4 -1 -2    2   9  16  11   0   7  15   5   6   2   2   2   1   1   0   6  10   0   2   3  0.29 0.22
  197 E   -1  1  0  3 -4  1  2  1  2 -3 -1  1 -1 -4 -3 -2 -1 -4 -2 -2    4   8   3  21   0   8  17  10   7   1   6   7   1   0   0   1   3   0   1   3  0.33 0.23
  198 M    0 -4 -5 -5 -4 -4 -4 -2 -5  2  1 -4  6  0 -5 -4 -1 -4 -3  5    7   0   0   0   0   0   1   4   0   8   9   0  23   3   0   0   4   0   0  39  0.87 0.45
  199 D   -3 -5 -1  7 -6 -2  3 -4 -3 -5 -6 -4 -6 -6 -5 -2 -1 -7 -6 -5    2   0   2  70   0   1  16   1   1   0   0   0   0   0   0   2   4   0   0   0  1.77 0.71
  200 S   -2  4  2 -1 -4  0 -1 -1  4 -3 -4  2 -2 -3 -4  1  0 -4  0 -2    2  27  10   2   0   3   3   4  10   1   1  11   0   0   0  14   6   0   3   4  0.46 0.30
  201 T    1 -4 -1 -1 -4 -2 -3 -3  1 -2 -3 -3 -3 -4 -3  1  5 -5 -3  3   11   0   3   4   0   1   0   1   4   1   1   0   0   0   1   9  43   0   0  20  0.73 0.46
  202 K    0 -1  2  3 -4  3  1  1  1 -4 -3 -1 -2 -4 -3  1  0 -5 -4 -3    9   3   8  18   0  16   8  13   4   0   1   2   1   0   0  10   6   0   0   1  0.37 0.27
  203 N    2 -1  2  0 -3  0  1  2 -1 -3 -3 -1 -1 -3 -3  3  0 -4 -2 -2   15   3  10   4   0   4   8  15   1   0   2   2   1   1   0  25   5   0   1   2  0.32 0.25
  204 R   -2  5 -1 -1 -5  0 -1 -2  0 -4 -1  4 -3 -5 -4 -2 -2 -5 -2 -4    3  35   3   4   0   3   2   3   3   0   8  31   0   0   0   2   2   0   1   0  0.78 0.43
  205 L   -4 -5 -6 -6 -4 -4 -6 -6 -6  1  6 -5  5 -1 -6 -4 -4 -5 -4  0    0   0   0   0   0   1   0   0   0   7  71   0  12   2   0   1   0   0   0   5  1.39 0.61
  206 E   -1  2  2  3 -4  2  1  0  0 -2 -3  1 -2 -4 -1  0 -1 -4 -3 -2    3  15   9  16   0  12   6   7   1   3   1   9   1   0   3   5   3   0   0   2  0.30 0.22
  207 F    0  3  2 -1 -3  0 -2  0 -1  0 -2  1 -1  0 -3  1  1 -4 -2 -1    6  21  12   2   0   2   1   7   1   5   2  10   1   6   0   9  10   0   1   4  0.21 0.20
  208 V    3 -2 -1 -3 -3  0  0  1 -4 -1 -1 -2 -1 -4 -3 -1  2 -4 -4  3   27   1   3   0   0   5   6  11   0   1   4   1   1   0   0   1  12   0   0  27  0.40 0.32
  209 Q   -1  2  3 -2 -4  2 -2 -2 -2 -2 -1  0  4 -3 -3  0  2 -4 -3 -1    5  11  16   1   0  11   1   1   1   1   5   6  14   1   0   6  16   0   0   3  0.37 0.30
  210 K   -2  4  2 -2 -5  1 -1 -1 -2 -4 -3  5 -2 -5 -4 -1 -2 -5 -4 -2    2  25   9   1   0   6   3   5   1   0   1  36   1   0   0   3   2   0   0   4  0.73 0.42
  211 K   -3  5 -1 -3 -6  2 -1 -4  1 -3 -4  5 -3 -5 -4 -2  0 -5 -4 -5    1  38   3   0   0   9   1   1   4   1   1  32   1   0   0   3   5   0   0   0  1.04 0.52
  212 V   -2 -4 -5 -5 -4 -3 -5 -5 -5  2  4 -4  5 -1 -5 -4 -1 -4 -3  3    3   0   0   0   0   1   0   0   0  12  39   0  16   2   0   0   3   0   0  21  0.85 0.43
  213 G    1  1  1  2 -4  2  1  1 -1 -3 -3  2 -2 -4 -2  0 -1 -4 -3 -2   16   6   8  11   0   9   8  12   1   1   1  16   0   0   1   7   2   0   0   2  0.28 0.21
  214 M   -2  2  0  1 -4  1  0 -3  1  0 -2  3  1 -3 -3 -1 -1  2  0 -1    2  14   3   8   0   7   5   1   3   7   3  25   5   1   0   2   4   3   3   3  0.29 0.24
  215 V   -3 -5 -5 -6 -4 -5 -5 -6 -5  3  2 -5  1  4 -5 -4 -1 -2 -1  4    1   0   0   0   0   0   0   0   0  16  22   0   3  19   0   0   3   0   1  33  0.87 0.43
  216 M   -1  0  1 -1 -3 -2 -2 -3 -2  2  2 -2  3 -1 -4  0  0 -4 -1  0    5   6   9   4   0   0   2   1   0  15  26   1  10   1   0   8   6   0   3   5  0.23 0.22
  217 K   -1  4  1 -1 -5  1  2 -3  3 -4 -4  3 -4 -3 -3 -1 -1 -5 -1 -4    4  27   7   3   0   7  12   1   7   0   1  22   0   1   1   3   2   0   2   1  0.63 0.37
  218 K   -1  3  0 -1 -4  1  0  0 -2 -1 -1  4  2 -4 -3  0  0 -4 -3 -3    4  16   4   2   0   6   5   6   1   3   4  28   8   0   0   7   7   0   0   0  0.37 0.28
  219 A    2 -1  3  0  0 -2 -2 -1 -2 -2 -2 -2  1 -4 -1  2  2 -5 -4 -1   21   3  18   5   2   0   1   3   0   1   3   1   4   0   3  19  14   0   0   3  0.37 0.31
  220 G   -1  2  1  0 -4 -1  2  1 -2 -4 -4  2 -4 -5 -1  3 -1 -5 -4 -4    3  13   8   3   0   1  12  13   0   0   1  14   0   0   2  25   3   0   0   1  0.42 0.31
  221 A   -1 -2  1  3 -3 -1  3  1 -2 -3 -2 -1 -3 -4 -1  2  1 -2 -3 -3    4   1   6  22   0   1  18   9   0   1   3   2   0   0   3  16   8   0   1   1  0.37 0.27
  222 K   -3  3  2 -2  4 -1 -1 -1 -1 -4 -4  3 -4 -3 -4  1  1  1 -2 -4    1  20  11   1  10   1   4   5   1   1   1  23   0   1   0   9   8   2   1   0  0.54 0.36
  223 G   -1  2 -1 -3  3 -2 -3  4 -1 -3 -2  0 -1 -1 -3  0 -1  3  0 -2    3  16   3   0   8   1   0  32   1   1   4   5   2   2   1   9   2   5   4   2  0.44 0.30
  224 Q   -2 -2  1 -2 -2  4 -2  0 -1 -3  0  0  2 -1 -1  2 -2 -1  1 -3    1   1   8   1   1  25   1   7   1   0  10   6   6   3   3  19   2   1   6   0  0.36 0.34
  225 M   -3 -4 -2 -1  5 -4 -5 -2 -4  1  0 -4  2  1 -3  1 -1  8  1 -1    1   1   2   3  15   0   0   3   0  10  10   0   7   6   1  11   3  22   4   2  0.84 0.45
  226 M   -2 -3 -5 -4  7 -4 -2 -2 -4  1  0 -4  4  0 -3 -1  1  3  1  0    1   1   0   1  29   0   3   2   0   7   6   1  13   4   1   5   8   5   4   8  0.78 0.43
  227 M    1 -4 -4 -2  6 -4 -4 -4 -5  2  1 -4  4 -2 -4 -2  1 -3 -3  2   14   1   0   3  20   0   0   1   0  13  12   0  11   1   0   2   8   0   0  12  0.61 0.37
  228 I   -3 -6 -4 -2  0 -5 -2 -4 -6  7  1 -5  3 -2 -5 -4 -2 -6 -4  1    1   0   0   3   2   0   3   1   0  65   9   0   6   1   0   1   2   0   0   5  1.26 0.58
  229 C    2 -4 -4 -4  6 -3 -4  0 -5  2  1 -4  1  0 -4 -3 -2 -4 -2  2   18   1   0   1  20   0   0   6   0  15  16   0   4   4   0   1   1   0   1  12  0.58 0.34
  230 F   -1 -4 -5 -5  0 -4 -5 -1 -4  3  3 -4  1  4 -3 -3 -2 -2 -1  2    6   0   0   0   2   0   0   4   0  21  30   0   2  17   1   1   1   0   1  13  0.58 0.32
  231 L   -1 -5 -5 -6  0 -5 -3 -4 -5  0  6 -5  1 -1 -5 -1 -2 -5 -4 -1    4   0   0   0   2   0   2   1   0   2  75   0   2   2   0   5   2   0   0   3  1.11 0.52
  232 L   -1 -4 -4 -4  2 -4 -4 -2 -4  2  2 -4  0  4 -4  0  0 -3 -1  3    3   0   0   0   6   0   0   2   0  12  22   0   1  17   0   8   7   0   1  20  0.45 0.28
  233 V    0 -4 -5 -5 -1 -4 -4 -2 -4  4  0 -4 -1  3 -3 -2 -1 -4 -2  4    9   0   0   0   1   0   0   4   0  25   6   0   1  15   1   1   3   0   0  33  0.62 0.34
  234 L    1 -4 -4 -4  2 -4 -3 -1 -4  4  2 -4  0 -2 -4 -1  0 -4 -3  3   16   0   0   0   5   0   1   5   0  28  17   0   1   1   0   3   5   0   0  18  0.45 0.27
  235 F   -1 -5 -5 -5  0 -4 -5 -3 -4  3  4 -4  2  4 -3 -2 -3 -3 -2  0    4   0   0   0   2   0   0   2   0  21  38   0   5  21   1   3   1   0   0   4  0.71 0.35
  236 I   -1 -4 -3 -5  2 -4 -4  0 -4  3  2 -4  1  3 -4 -2 -1 -3 -2  3    5   0   1   0   4   0   0   7   0  21  16   0   3  12   0   3   2   0   0  26  0.45 0.27
  237 I    0 -5 -5 -5 -3 -4 -5 -2 -5  5  1 -4  1  1 -5 -3 -2 -4 -2  3    7   0   0   0   0   0   0   3   0  38  13   0   4   7   0   1   1   0   1  25  0.72 0.35
  238 L   -1 -2 -5 -5 -2 -4 -5 -2 -5  1  4 -4  2  0 -3 -4 -3 -4 -3  3    4   3   0   0   0   0   0   4   0   7  52   0   4   2   1   0   0   0   0  22  0.74 0.37
  239 F    1 -4 -4 -4 -3 -3 -4 -2 -3  3  1 -4  1  3 -4 -1 -1 -3  2  2   16   0   0   0   0   0   0   2   0  22  13   0   3  15   0   3   3   0   8  15  0.40 0.25
  240 V    0 -4 -4 -4  1 -3 -1 -4 -3  2  1 -4  1  3 -4 -2 -2  0  2  3   10   0   0   0   4   0   4   0   0  15  14   0   4  16   0   1   1   1   7  22  0.40 0.24
  241 L   -1 -4 -5 -5 -2 -4 -5 -5 -5  3  4 -4  0  2 -5 -3 -3  4 -1  2    5   0   0   0   1   0   0   0   0  19  44   0   0   7   0   2   0   6   1  15  0.72 0.34
  242 V   -1 -4 -4 -3 -3 -3 -3 -2 -4  3  2 -4  1  2 -3 -3 -2 -3  0  4    5   0   0   1   0   0   1   3   0  18  18   0   3   9   1   0   1   0   3  36  0.49 0.26
  243 F   -3 -5 -5 -6 -4 -5 -5 -5 -4  4  0 -5 -2  7 -6 -5 -4  6  2  0    1   0   0   0   0   0   0   0   0  27   6   0   0  48   0   0   0  11   4   3  1.29 0.45
  244 L   -2 -3 -4 -4 -3 -3 -4 -5 -2  2  3 -2  2  2 -4 -3 -1 -2  4  2    0   0   0   0   0   0   0   0   0  10  35   3   6   8   0   0   2   0  19  18  0.53 0.22
  245 T    2 -2 -1 -2 -2 -2 -2 -2 -3 -2 -3 -2 -2 -3 -2  2  6 -4 -3 -1   16   0   0   0   0   0   0   0   0   0   0   0   0   0   0  10  74   0   0   0  0.84 0.24

                      K         Lambda
Standard Ungapped    0.1325     0.3170
Standard Gapped      0.0420     0.2670
PSI Ungapped         0.1362     0.3078
PSI Gapped           0.0420     0.2670
