
Last position-specific scoring matrix computed, weighted observed percentages rounded down, information per position, and relative weight of gapless real matches to pseudocounts
           A  R  N  D  C  Q  E  G  H  I  L  K  M  F  P  S  T  W  Y  V   A   R   N   D   C   Q   E   G   H   I   L   K   M   F   P   S   T   W   Y   V
    1 M   -3 -4 -4 -5 -4 -3 -4 -5 -4  0  1 -4 10 -2 -5 -4 -3 -4 -3  0    0   0   0   0   0   0   0   0   0   3   4   0  89   0   0   0   0   0   0   4  1.91 0.45
    2 A    5 -1 -2 -3 -2 -1  0  1 -3 -3 -3 -2 -3 -4 -1  2  0 -4 -3 -2   62   2   0   0   0   1   4   8   0   0   0   0   0   0   2  16   5   0   0   0  0.67 0.26
    3 A    4  0 -1 -2 -2 -2  0  2 -3 -3 -3  0 -3 -4 -2  3  0 -4 -3 -2   39   4   1   1   0   0   4  15   0   0   0   4   0   0   0  24   5   0   0   2  0.46 0.21
    4 K    0  3  1  1  0  0  0 -1  0 -2 -2  1 -1 -3  0  1  1 -3 -2  0    4  19   6   7   3   2   4   2   3   1   1  11   1   0   4  17   7   0   0   8  0.18 0.10
    5 V   -1  0 -1 -2 -2 -1 -2 -2 -2  2  1 -1  5 -1  1  0  0 -3 -2  1    3   5   2   2   0   3   2   3   0  13   7   2  24   2   8   6   6   0   0  12  0.20 0.13
    6 S    2 -1 -1 -1 -2 -2 -2 -2 -3 -2 -3 -1 -3 -3  0  5  1 -3 -2 -1   19   2   2   3   1   0   1   0   0   2   0   2   0   0   3  48   9   0   1   4  0.53 0.28
    7 S    1  4  0 -2 -2 -1 -1 -1 -2 -1 -1  0  0 -3 -2  1  1 -4 -3  1   17  30   4   1   0   2   2   3   0   3   3   2   3   0   1   8  10   0   0  12  0.29 0.20
    8 D   -3 -3  3  6 -6  1  4 -3 -1 -5 -6 -2 -5 -6 -4 -3 -3 -6 -5 -5    1   0  12  49   0   5  29   2   1   0   0   0   0   0   0   0   0   0   0   0  1.27 0.47
    9 P    2 -4 -3 -3 -2 -4 -4 -4 -4 -4 -4 -4 -5 -6  7  1 -2 -6 -5 -4   18   0   1   1   1   0   0   0   0   1   1   0   0   0  65   9   2   0   0   1  1.71 0.55
   10 L   -4 -4 -6 -6 -4 -5 -6 -5 -3 -1  6 -5  0  4 -6 -5 -4 -4 -2 -2    1   0   0   0   0   0   0   1   1   0  76   0   1  19   0   0   0   0   0   1  1.40 0.52
   11 V    0 -3 -2 -4 -3 -1 -1 -3 -4  3 -1  0 -1 -3 -4 -1  1 -5 -3  5    7   1   2   0   0   3   3   1   0  15   3   5   1   0   0   3   8   0   0  47  0.53 0.30
   12 I    0 -1 -3 -3 -3 -3 -3 -4 -4  1  1  1  0 -3 -4 -1  1  0 -3  5    6   3   1   1   0   0   1   0   0   6  13  10   2   0   0   3   7   1   0  46  0.48 0.29
   13 G    1 -3  0 -2 -3 -2 -2  5  6 -6 -5 -3 -5 -3 -4  0 -4 -2 -3 -5   10   1   4   2   0   1   2  51  20   0   0   1   0   1   0   5   0   1   0   0  1.07 0.44
   14 R   -3  5 -1 -3 -5  1  2  2  2 -5 -5  3 -4 -5 -4 -2 -3 -5 -4 -5    1  39   2   0   0   6  12  15   6   0   0  16   0   0   0   2   0   0   0   0  0.85 0.40
   15 V   -4 -6 -7 -7 -4 -6 -6 -7 -7  5 -1 -4 -2 -4 -6 -5 -4 -6 -5  6    0   0   0   0   0   0   0   0   0  29   2   1   0   0   0   0   0   0   0  67  1.74 0.66
   16 I   -3 -6 -6 -7 -4 -6 -6 -7 -7  7 -2 -6 -2 -4 -6 -5 -4 -6 -5  5    2   0   0   0   0   0   0   0   0  56   0   0   0   0   0   0   0   0   0  41  1.73 0.65
   17 G   -4 -5 -5 -4 -6 -4 -4  5  0 -7 -7 -4 -6 -7  6 -3 -5 -7 -5 -6    0   0   0   0   0   1   1  48   2   0   0   1   0   0  45   1   0   0   0   0  1.84 0.70
   18 D   -4 -5 -3  8 -7 -2  2 -4 -2 -6 -7 -3 -4 -7 -5 -3 -5 -7 -6 -3    1   0   0  81   0   1  11   1   1   0   0   1   0   0   0   1   0   0   0   2  2.14 0.78
   19 V   -4 -6 -6 -7 -4 -6 -6 -7 -6  2 -1 -6 -2 -2 -6 -5 -4  1 -5  7    0   0   0   0   0   0   0   0   0   9   4   0   1   1   0   1   0   2   0  82  1.81 0.70
   20 V   -4 -5 -6 -6 -4 -5 -6 -6 -6  5  4 -5 -1 -3 -6 -5 -4 -5 -4  4    0   0   0   0   0   0   0   0   0  34  33   0   0   0   0   0   0   0   0  32  1.24 0.51
   21 D   -2 -3 -1  8 -5 -3  0 -4 -4 -5 -5 -2 -5 -5 -2 -1 -3 -5 -5 -5    3   1   2  75   0   0   5   1   0   1   1   1   0   0   2   3   1   0   0   1  1.75 0.62
   22 H    0  0  0 -2 -2  0  0 -3  1 -3 -2  1  3 -3  5  1  0 -4  1 -2    8   4   4   2   1   4   5   0   4   1   2   7   8   1  27  10   4   0   6   2  0.45 0.27
   23 F   -1 -3 -3 -4  1 -4 -4 -4 -3  1 -2 -4 -2  7 -3 -3 -3 -2  0  2    4   1   1   1   3   1   1   1   0   6   1   1   0  53   2   2   1   0   2  17  1.12 0.44
   24 T    2 -1  1  0 -2 -2 -1 -1 -3 -1 -3 -2 -2 -3  3  0  3 -4 -2  0   17   3   7   6   0   1   4   4   0   3   0   2   0   1  17   5  20   0   1   9  0.32 0.24
   25 S    0  1 -1 -3 -5 -1 -2 -4 -5 -6 -6 -1 -4 -7  7  0 -2 -7 -5 -6    8   8   3   1   0   2   2   1   0   0   0   4   0   0  61   8   2   0   0   0  1.58 0.65
   26 T    1 -1  1 -2  0  1 -1 -2 -1 -4 -3  1 -2 -3 -3  4  3 -5 -1 -3    9   2   5   2   2   6   2   2   1   0   2   7   1   1   0  33  22   0   2   1  0.47 0.33
   27 V    1 -3 -2 -1 -1 -1  0 -3  0  2 -1 -1  1 -2 -3 -2  0 -4 -3  4   16   0   1   3   1   3   8   1   3  13   3   5   3   1   1   1   4   0   0  32  0.29 0.24
   28 K    0  0  0  0 -3 -1 -1 -2 -1 -2  0  2 -1  1  2  1  1 -1 -2 -1    7   5   5   5   0   2   3   2   1   1  12  15   1   7  11  11   8   1   0   3  0.12 0.13
   29 M    0 -4 -5 -5 -4 -4 -5 -5 -5  1  5 -4  6  0 -5 -4 -3 -4 -3  1    7   0   0   0   0   0   0   0   0   7  51   0  21   3   0   0   1   0   0   7  1.00 0.44
   30 S   -1  4  1 -2 -3  1  0 -2  1 -3 -3  2 -2 -2 -3  2  3 -5 -3 -3    3  24   8   1   0   5   5   2   3   1   1  12   1   2   0  13  18   0   0   1  0.44 0.29
   31 V   -2 -6 -6 -7 -4 -6 -6 -7 -7  3 -2 -6 -2 -4 -6 -5 -3 -6 -5  7    2   0   0   0   0   0   0   0   0  16   2   0   1   0   0   0   1   0   0  78  1.78 0.69
   32 I    0 -1 -1 -1 -3 -1 -1 -3  0 -1 -1  0  0 -2 -3  1  4 -4  0  0    7   3   2   2   0   1   4   1   2   2   7   6   2   1   0  13  35   0   4   7  0.32 0.26
   33 Y   -6 -6 -6 -7 -7 -6 -4 -7 -3 -4 -5 -6 -5  4 -7 -6 -6  1 10 -4    0   0   0   0   0   0   1   0   0   1   0   0   0  12   0   0   0   1  84   1  2.91 0.97
   34 N   -1 -2  4  1 -1 -2 -1  3  0 -3 -4 -2 -2 -4  2  0 -1 -5 -4 -4    3   2  26   7   1   1   2  27   2   2   1   2   1   0  12   6   3   0   0   1  0.57 0.31
   35 S   -1 -2  4  1  0 -2 -2  2 -2 -4 -4 -2 -3 -4 -2  4 -2 -2 -4 -4    3   1  25   9   2   1   1  18   0   1   1   2   0   1   1  32   1   1   0   1  0.66 0.34
   36 N    0  0  3  0 -1  0  0  2  0 -2 -1  0 -1 -1 -1  0  0  0 -1 -1    5   6  16   6   1   4   5  20   2   2   5   5   1   2   2   4   7   1   1   5  0.14 0.07
   37 N    0  0  0  0 -1  0  0  0 -1  0  0  0  0  0  0  0  0  0  0  1    8   3   4   5   1   4   7   5   2   7  12   4   1   3   5   5   6   2   2  14  0.01 0.01
   38 S    0  0  0  0  0  0  0  0 -1  0  0  0  0 -1  0  0  0 -1 -1  0    9   5   4   6   2   3   7   6   1   9   6   6   2   3   3  10   5   1   2  10  0.01 0.00
   39 I    1  0  0  1  0  0  0  0  0  0 -1  0  0 -1  0  0  1 -1 -1  0   14   4   4   8   2   3   6   7   2   4   7   5   1   3   4   6   9   1   2   7  0.02 0.01
   40 K   -2  4 -1 -1 -3  0  0 -2 -2 -1 -2  4 -1 -3 -2 -1 -2 -3 -2 -1    3  27   2   4   1   2   6   2   1   4   3  34   1   1   1   2   2   0   1   4  0.55 0.23
   41 H   -2  0 -1  1 -3  4  3 -3  2 -2  0  0 -1 -3  0 -1 -1 -3 -2 -2    2   5   1   7   0  19  26   1   5   1  12   6   1   1   4   2   3   0   1   2  0.37 0.22
   42 V    0 -3 -3 -4 -2 -3 -3 -3 -4  2  1 -3  0 -2 -3 -3 -1 -3 -3  6    7   1   1   1   0   1   1   2   0  10   9   1   2   1   1   1   2   0   1  58  0.80 0.33
   43 Y   -1 -1  2  1  0  0  0 -1  0  0 -1 -1 -1  1 -2  1  2 -2  0 -1    4   1  14   8   3   4   6   3   3   5   7   1   2   6   1  11  15   0   4   2  0.12 0.12
   44 N    0 -2  6 -2  0 -1 -2 -1 -2 -2  1 -2  0 -1 -1 -1 -1 -4 -3 -2    8   2  46   1   2   2   1   4   0   2  13   2   2   3   4   3   2   0   0   2  0.61 0.32
   45 G   -3 -4 -2 -4 -3 -5 -5  7 -5 -4 -6 -5 -5 -6 -5 -2 -5 -5 -6 -4    1   1   1   0   1   0   0  89   0   1   0   0   0   0   0   2   0   0   0   2  2.08 0.69
   46 H   -1 -1  3 -1  6  0 -1 -1  4 -2 -2  1  1 -3 -4  0 -2 -4  0 -1    4   2  17   2  19   3   2   3  11   1   2  11   4   0   0   7   1   0   3   5  0.45 0.27
   47 E   -3 -1 -2  1 -5  0  6 -3 -1 -1 -3 -2 -1 -5 -4 -2 -1 -5 -4  0    1   3   2   7   0   3  61   1   1   3   2   1   2   0   0   2   3   0   0   7  0.98 0.46
   48 L   -4 -4 -5 -6 -3 -5 -5 -6 -5  2  5 -5  1  3 -5 -5 -4  0 -2 -1    0   1   0   0   0   0   0   0   0   9  68   0   2  13   0   0   0   1   1   3  1.15 0.46
   49 F   -1  2 -1 -2 -4  0 -2 -4 -2 -3 -3  3  0  2 -2  0  4 -4 -1 -3    3  13   1   1   0   4   1   0   0   0   2  25   2  10   1   5  30   0   1   0  0.53 0.33
   50 P   -3 -3 -5 -5 -6 -2 -4 -5 -5 -6 -4 -4 -5 -6  8 -2 -4 -6 -6 -5    2   2   0   0   0   2   0   0   0   0   2   0   0   0  87   2   1   0   0   0  2.66 0.82
   51 S    0 -2 -2 -2 -4 -2 -2 -3 -4 -4 -3 -2  0 -3 -1  5  4 -5 -4 -3    5   1   1   1   0   1   1   0   0   0   2   1   3   1   3  49  28   0   0   1  0.88 0.47
   52 A    2 -2 -2 -1 -4  6  0 -3  1 -2 -2 -1  1 -2 -4  0 -2 -4 -4 -1   17   0   1   3   0  45   5   1   3   2   3   2   4   1   0   5   2   0   0   4  0.71 0.41
   53 V    0 -5 -5 -5 -2 -4 -5 -5 -5  1  0 -4 -2 -3 -5 -3  2 -5 -4  6    7   0   0   0   0   0   0   0   0   6   6   0   0   0   0   1  11   0   0  66  1.11 0.49
   54 T    1  1 -1 -2 -3  1 -2 -3 -3  0 -1  3 -1 -3 -2  0  0 -4 -3  2   12   8   1   1   0   7   1   1   0   6   4  26   1   1   1   8   5   0   0  18  0.26 0.21
   55 S    0 -2  4  4 -3 -1 -1 -2  2 -3 -3 -1 -2  0 -2  1  0 -4 -2 -3    8   1  25  24   0   3   2   1   6   1   3   2   1   4   1  13   4   0   1   1  0.49 0.28
   56 T   -1  2 -2 -2 -2  5  2 -4 -1 -2 -3  3 -2 -5  2 -2 -2 -4 -3 -2    5   9   1   0   1  27  12   0   1   2   2  23   1   0  11   1   2   0   0   3  0.62 0.34
   57 P   -4 -5 -5 -5 -6 -5 -5 -5  0 -6 -6 -5 -6 -7  9 -3 -5 -7 -6 -6    0   0   0   0   0   0   0   0   2   0   0   0   0   0  93   1   0   0   0   0  2.97 0.88
   58 R   -2  5 -1 -3 -2  0 -1 -4 -1 -1 -3  2 -2 -4 -3  1  3 -4 -3 -1    3  37   2   0   1   4   3   0   1   3   2  10   1   0   0   9  19   0   1   4  0.58 0.33
   59 V   -2 -5 -4 -5 -3 -4 -5 -5 -2  3  0 -2  1 -2 -5 -3 -2 -5 -4  6    2   0   1   0   0   0   0   1   1  16   5   2   2   1   0   1   1   0   0  67  1.16 0.48
   60 E   -1  0  0  2 -2  2  3 -3  3 -1 -2  1 -2 -3 -3  1  1 -4 -2 -2    2   6   3  10   1   7  25   1   8   3   3   6   0   0   0  12   9   0   1   2  0.32 0.21
   61 V   -4 -5 -3 -5 -2 -3 -3 -5 -5  5 -1 -3 -2  0 -5 -3 -3  9 -1  2    0   0   1   0   1   1   2   0   0  37   3   1   0   4   0   2   1  30   1  15  1.35 0.48
   62 H    0 -1 -1  0 -2  2  1  3  0 -2 -2 -1 -2 -2  1  0  1  3  0 -2    5   2   2   4   1  10  10  25   3   2   2   2   1   1   6   5   9   5   3   1  0.23 0.14
   63 G    0 -3  1  2 -1 -3 -1  5 -3 -4 -4 -2 -3 -4 -1  0 -2 -4 -4 -3    7   1   6  11   1   1   3  53   0   1   2   1   0   0   3   5   2   0   0   2  0.76 0.30
   64 G    2  0  1  1  0 -1  1  2 -1 -3 -2 -1 -2 -2 -1  0  1 -3 -3 -1   25   6   6   9   2   2   9  14   1   1   3   1   0   2   2   3  10   0   0   3  0.19 0.15
   65 D   -3 -2 -1  6 -4 -1  3 -2 -1 -4 -4 -1 -4 -4 -2  0 -2 -4 -3 -3    1   2   1  57   0   2  17   2   1   1   1   2   0   1   2   6   1   0   1   2  1.04 0.36
   66 M    0 -2 -1 -2 -3 -1 -1 -1 -3 -1  2 -1  4  0  4 -1 -1 -3 -2 -1    9   1   3   2   0   1   4   4   0   1  22   4  15   5  20   5   3   0   1   1  0.31 0.19
   67 R   -2  5  2  1 -3 -1  0  2 -1 -3 -4  0 -3 -4 -3  0 -1 -4  0 -3    1  39   9   8   0   1   6  15   1   1   1   4   0   0   0   6   3   0   3   1  0.52 0.25
   68 S    1 -2  2  0 -2  0 -1 -2 -2 -2 -3  0 -2 -3  0  3  2 -4 -2  0   15   0  12   4   0   4   3   1   0   1   1   4   0   1   5  26  14   0   1   9  0.27 0.19
   69 F   -2 -3 -4 -4  2 -4 -4 -4 -2 -1  3 -4 -1  6 -3 -2 -2  0  3 -2    2   1   1   0   5   0   0   0   1   2  34   0   0  35   1   3   2   1  10   0  0.74 0.31
   70 F   -4 -4 -5 -5 -5 -4 -5 -5  0 -3 -3 -4 -3  4 -2 -4 -4 -1  9 -2    0   0   0   0   0   0   0   0   1   0   1   0   0  17   2   0   0   0  72   2  2.01 0.60
   71 T   -1 -4 -3 -4 -3 -3 -3 -4 -4 -2 -4 -3 -3 -5 -4  1  7 -5 -4 -3    3   0   0   0   0   0   0   0   0   2   0   0   0   0   0  10  83   0   0   0  1.61 0.60
   72 L   -3 -4 -5 -5 -3 -3 -5 -4 -2  0  6 -3  3 -2 -5 -4 -2 -4 -3 -1    0   0   0   0   0   1   0   1   1   2  81   2   5   0   0   0   2   0   0   3  1.15 0.44
   73 I   -2 -4 -4  0  3 -4 -4 -5 -5  3  2 -4  0 -1 -4 -3 -1 -4 -3  5    2   0   0   6   7   0   0   0   0  14  16   0   1   2   0   0   3   0   0  48  0.69 0.33
   74 M   -3  0 -4 -5  2 -3 -4 -1 -4 -1  2 -1  8  1 -4 -4 -2 -4 -3 -2    1   5   0   0   5   0   0   6   0   1  15   4  54   5   0   0   1   0   0   1  1.14 0.48
   75 T    0 -3 -1  0 -2 -3 -3 -3 -3  1 -1 -3  1 -2 -2 -1  4 -4 -3  3    6   0   2   6   0   0   1   1   0   8   4   1   3   2   1   2  34   0   0  29  0.45 0.27
   76 D   -3  0  0  7  4 -3 -1 -3 -3 -5 -5 -3 -4 -5 -4 -1 -3 -5 -4 -4    1   5   4  70   8   0   1   1   0   0   1   1   0   0   0   5   1   0   0   1  1.45 0.50
   77 P   -1 -4 -4 -4 -4 -3 -3 -4 -2 -2 -2 -3 -4 -4  8  1 -3 -5 -4 -1    4   1   1   1   0   0   1   1   1   2   4   1   0   0  68   9   1   0   0   6  1.69 0.52
   78 D   -2 -3 -2  7 -5  0 -1 -3  1 -4 -4 -3  1 -5 -4 -3 -3 -5 -4 -4    3   1   1  75   0   5   1   1   4   1   1   1   5   0   1   1   1   0   0   1  1.61 0.55
   79 V    4 -3 -1 -3 -1 -3 -2 -2 -3  0  1 -3 -2 -1  0  0 -1 -4 -2  2   46   0   4   0   1   0   1   1   0   5  12   0   0   2   4   6   1   0   1  13  0.42 0.27
   80 P   -3 -4 -4 -4 -5  1 -3 -3 -4 -4  0 -3 -4 -4  8 -3 -3  3 -1 -3    1   0   0   0   0   6   1   2   0   0   9   0   0   0  68   1   1   4   3   2  1.75 0.58
   81 G   -1 -2  2  0 -2  1 -1  0 -1 -3 -4  0 -3 -4 -3  5  0 -4 -3 -2    2   1   9   4   1   5   2   7   1   1   1   6   0   1   1  51   5   0   0   3  0.58 0.32
   82 P   -2  5 -3 -3 -4 -2 -3 -1 -3 -1 -4  1 -3 -4  5 -3  0 -4 -4 -3    2  38   0   1   0   0   1   4   0   4   1   6   0   0  35   1   5   0   0   2  1.06 0.42
   83 S    1 -2 -1  0 -2  0  0 -2 -1 -1 -1  0  0 -2  0  3  1 -3 -3  0    8   1   2   5   0   4   7   1   1   2   4   7   3   1   3  34   9   0   0   7  0.24 0.19
   84 D   -2 -1  4  4 -4 -1  2 -3  0 -1 -2  0 -2 -4 -2  0 -2 -5 -2 -3    2   3  21  29   0   2  14   0   3   4   4   5   1   0   2   5   1   0   1   1  0.53 0.29
   85 P   -3 -1 -1 -4 -5 -1 -4 -5  3 -2 -2 -4 -4 -5  8 -4 -4 -6 -5 -4    2   3   3   0   0   2   0   0   7   3   5   0   0   0  72   0   0   0   0   0  1.92 0.66
   86 Y   -2  0  2 -2 -1  0 -1 -3  0 -1 -2  3 -1 -1 -3  1  2  1  3 -2    0   4  13   1   2   4   2   0   2   3   3  21   1   2   0   8  16   2  14   2  0.31 0.24
   87 L   -2 -1 -1 -2 -3 -1 -1 -4  0  0  2 -1  2  4 -1 -1 -1  0  3 -1    2   3   4   1   0   2   4   0   2   3  27   3   7  21   3   4   3   1  10   2  0.31 0.21
   88 R   -1  7  0 -4 -5 -2 -3 -1 -3 -4 -2  2 -3  1 -4 -2 -3 -4 -3 -2    5  58   5   0   0   0   0   5   0   0   4   9   0   7   0   3   0   0   0   2  1.01 0.47
   89 E   -3  0 -1  0  1  1  6 -4 -3 -4 -1 -2 -3 -2 -2  0 -3 -4 -4 -4    1   4   2   3   3   5  60   1   0   1   7   1   0   2   2   6   1   0   0   1  0.94 0.45
   90 H   -2 -1 -1 -3  0 -2 -2 -3  3  0 -1 -1  0  2  2 -1 -1  6  4  0    1   3   3   1   2   0   1   1  11   6   4   3   2  10  10   3   4  14  15   7  0.43 0.20
   91 L   -1 -1 -1 -3  1 -1 -2 -2  2  1  3 -1  0  2 -3 -2 -2 -2 -1  1    4   3   3   1   3   3   1   4   6   4  38   5   0  11   1   1   1   0   0  13  0.22 0.16
   92 H   -3 -3 -2 -3 -4  1 -2 -4  9 -4 -1 -3 -3  2 -4 -3 -3 -3  3 -4    1   0   0   1   0   6   1   1  62   0   6   1   0   9   1   1   1   0   9   1  1.63 0.52
   93 W   -1  1 -2 -3  4 -1 -2 -3 -2  0  1 -1  2  2 -2 -2 -1  6  0 -1    1  15   1   1  15   1   1   1   0   1  16   1  15  15   1   1   1  14   0   1  0.31 0.08
   94 I    0 -2 -2 -2  3 -2 -2  0 -2  1  0 -2  1  1  1  0  0 -2  1  0    8   0   0   0   7   0   0   8   0   8   8   0   7   7   8   8   8   0   7   8  0.06 0.12
   95 V   -1 -3 -3 -3 -2 -2 -3 -3 -3  3  1 -2  1 -1 -3 -2 -1 -2  1  4    4   1   0   1   0   0   1   1   0  17   6   3   3   0   1   1   1   0   7  54  0.41 0.18
   96 T    0 -2 -1 -2  0 -2 -2  1 -2  1 -1 -2  0  1 -2  0  3 -2  0  2    6   1   2   1   2   0   1  11   0   6   3   1   2   7   1   3  34   0   3  17  0.20 0.14
   97 D   -2  0  5  3 -3 -1  0  0 -1  0 -1 -1 -2 -3 -3 -1 -1 -4 -3 -2    1   6  47  18   0   0   4   6   0   7   6   1   0   0   1   1   1   0   0   1  0.55 0.22
   98 I   -1 -3 -3 -3 -2 -3 -3 -4 -3  5  2 -3  3  1 -3 -3 -2 -3 -1  2    4   1   0   1   0   0   1   1   0  49  12   1   9   7   1   1   1   0   0  11  0.49 0.19
   99 P   -1  0 -2 -2 -3  2 -1 -2  3 -3 -2  1 -2 -3  6 -1 -2 -3  0 -3    4   3   1   1   0  10   1   1   8   1   4   8   0   1  47   4   1   0   3   1  0.86 0.21
  100 G    1 -3 -2 -1 -3 -1  0  5 -3 -3 -3 -3 -3 -4 -3 -1 -2 -4 -4  0    9   1   1   2   0   3   7  57   0   1   1   1   0   0   1   3   2   0   0   9  0.79 0.31
  101 T   -1  0  3 -1  0  0 -1  2 -2 -3 -3 -1 -1 -1 -2  1  3 -3 -2 -2    4   6  18   2   3   4   2  17   0   1   1   2   1   4   1   9  23   0   0   2  0.29 0.18
  102 T   -1  0  1  2  1  0  0  0  1  0 -1  0  1 -3 -3  0  3 -4 -3 -1    4   4   7  14   3   5   4   6   5   6   4   5   6   0   0   4  21   0   0   3  0.17 0.22
  103 D   -1 -1  1  4 -3  0  0  0  1  0 -2 -2 -2 -1 -1 -1  0 -3  0  0    4   3   7  28   0   4   4   6   5   6   4   0   0   3   3   4   4   0   3  10  0.21 0.22
  104 S    2 -3  0 -1  0  0 -1 -1 -3  1  0  0  0 -1  1  0  0  1 -3  1   22   0   4   3   2   4   3   3   0   8   7   6   3   2   8   6   7   2   0  11  0.12 0.18
  105 S    0 -1  0  0  0 -1 -1  2  0 -1 -2  0 -1 -2 -1  3  1 -4 -1 -2    5   2   5   4   2   3   3  17   2   3   3   4   2   2   3  28   8   0   2   2  0.24 0.27
  106 F   -2  0  0  0  2  1  0  0  2  0  0  0  1  1 -3  0  0 -2  1  0    0   6   6   6   6   6   6   6   6   6   6   6   6   6   0   6   6   0   6   6  0.05 0.10
  107 G    0  1 -1  0 -3  1  0  0  2  0 -1  0 -1 -2  1 -1  0  4 -1  0    7   7   0   7   0   7   7   7   7   7   7   7   0   0   7   0   7   7   0   7  0.10 0.12
  108 K    0  0  0  0 -3  1  0  0  2  0 -1  0  1 -2  0  0  0  3  1  0    6   6   5   6   0   5   6   6   5   6   6   6   5   0   6   6   6   5   5   6  0.07 0.10
  109 E    0  0  0  0 -4  1  3 -1  1 -1 -2 -1 -2 -3  0  1  0 -4  0  1    8   4   3   4   0   7  23   3   4   4   4   3   0   0   4   9   5   0   4  12  0.18 0.22
  110 V    1 -2 -2 -1 -3 -1 -1 -3 -4  2  2 -2  1 -1 -1 -3 -1 -4 -3  3   15   3   2   4   0   2   5   2   0  15  20   2   3   3   3   0   2   0   0  20  0.26 0.23
  111 V    0 -4 -1 -4  0 -4 -1 -5 -3  0 -1 -4  3  1 -4  0 -1 -3  5  4    8   0   3   0   2   0   5   0   0   5   5   0   7   5   0   6   2   0  20  30  0.59 0.41
  112 S    0 -2 -1  0  2  0  1 -1  0  1 -1 -1  0 -1  1  1 -1  0  1  1    5   1   2   5   6   3  11   5   2  10   3   2   2   3   7  11   3   1   6  12  0.07 0.13
  113 Y   -3 -5 -5 -5 -5 -4 -5  2 -1 -1 -1 -5 -4  0 -2 -3 -4  1  8 -4    2   0   0   0   0   0   0  17   1   4   5   0   0   2   2   2   0   1  60   0  1.61 0.71
  114 E    0 -1 -2 -1 -4 -2  4 -1 -3  1 -1 -2  1 -1 -2  2 -1 -4 -3  0    7   3   1   1   0   0  31   5   0   8   5   1   5   3   1  19   2   0   0   8  0.33 0.30
  115 M   -1 -1 -1 -3 -2 -3 -3  5 -1 -2 -3 -1  2 -1  0  3 -2 -4 -4 -3    2   4   2   0   1   0   1  41   2   3   2   4   5   3   4  22   2   0   0   1  0.61 0.38
  116 P    0 -5 -5 -4 -5 -1 -2 -5 -5 -3 -3 -4 -5 -6  8  0 -1 -6 -5 -3    8   0   0   0   0   3   2   0   0   2   2   0   0   0  67   8   4   0   0   2  1.79 0.75
  117 R   -1  4 -2 -3 -2  0 -1  0 -2 -3 -4  2 -2 -2  5 -1 -1  0 -4 -4    5  27   1   1   1   3   3   6   1   1   1  12   1   2  25   3   4   1   0   0  0.65 0.38
  118 P   -1 -3 -3 -5 -6  0 -1 -5 -5 -6 -4  1 -5 -6  8 -2 -3 -6 -6 -5    4   1   1   0   0   4   4   0   0   0   2   9   0   0  67   3   2   0   0   0  1.85 0.78
  119 N   -1  0  2  0 -4 -2 -2  4 -2 -3 -4 -2 -2 -3  3  0  1 -4 -2 -1    3   5  10   4   0   1   2  33   1   1   1   2   1   1  14   6  10   0   1   4  0.49 0.31
  120 I    0 -2 -3 -3 -3 -1 -2 -3 -3  2  0 -2  2 -3 -3  2  4 -4 -1  1    6   2   0   0   0   2   1   1   0  15   7   2   6   0   0  16  27   0   2  10  0.37 0.26
  121 G   -3 -5 -4 -2 -6 -5 -2  7 -5 -7 -6 -5 -6 -6 -3 -4 -5  0 -6 -6    0   0   0   2   0   0   3  88   0   0   0   0   0   0   2   0   0   1   0   0  2.13 0.72
  122 I   -4 -4 -5 -5  0 -3 -5 -6 -5  5  3 -5  0  1 -2 -4 -2 -4 -2  2    0   1   0   0   2   1   0   0   0  43  29   0   1   6   2   1   2   0   1   9  0.90 0.40
  123 H   -6 -4 -2 -5 -7  0 -4 -6 11 -7 -5 -1 -6 -6 -6 -5 -6 -6 -3 -7    0   0   1   0   0   4   0   0  88   0   1   4   0   0   0   0   0   0   0   0  3.34 1.03
  124 R   -6  8 -5 -6 -1 -3 -4 -4 -5 -7 -6 -2 -6 -7 -6 -5 -4  2 -6 -2    0  90   0   0   1   0   0   1   0   0   0   0   0   0   0   0   1   3   0   4  2.48 0.89
  125 F   -5 -6 -6 -6 -3 -5 -2 -7 -3  1 -2 -6  2  4 -7 -5 -1 -2  8 -2    0   0   0   0   1   0   4   0   0   8   3   0   4  18   0   0   4   0  56   2  1.72 0.67
  126 V   -1 -5 -6 -6 -2 -5 -5 -4 -6  4 -1 -5 -2 -2 -5 -4  0 -5  0  6    4   0   0   0   1   0   0   2   0  20   4   0   0   1   0   0   5   0   3  61  1.16 0.50
  127 F   -5 -6 -6 -7 -1 -6 -7 -7 -4  1  0 -6 -2  8 -7 -5 -5  3  3 -3    0   0   0   0   1   0   0   0   0   7   9   0   1  68   0   1   0   3  10   1  1.90 0.66
  128 L   -1 -4 -5 -5 -1 -4 -1 -5 -5  1  4 -4  1 -1 -4 -3 -2 -4 -3  4    5   0   0   0   1   0   4   0   0   6  42   0   2   2   0   1   1   0   0  36  0.75 0.35
  129 L   -2 -5 -4 -5 -3 -4 -5 -2 -5  1  5 -5 -1 -1 -5 -4 -3 -4 -2  4    3   0   1   0   0   0   0   4   0   5  54   0   0   2   0   0   0   0   1  30  0.87 0.39
  130 F   -5 -5 -6 -6 -2 -6 -6 -6 -3 -3 -2 -6 -3  8 -6 -5 -5 -2  6 -1    0   0   0   0   1   0   0   0   0   0   1   0   0  61   0   0   0   0  31   5  2.03 0.66
  131 K   -3  4 -2 -3 -5  3  1 -4  2 -5 -4  5 -3 -5 -4 -3  0 -5 -4 -5    1  24   1   0   0  13   9   1   4   0   1  41   0   0   0   0   5   0   0   0  0.96 0.43
  132 Q   -5 -3 -4 -4 -6  9 -1 -5  0 -6 -6 -3 -1 -6 -5 -4 -4 -5  1 -6    0   0   0   0   0  88   1   0   2   0   0   0   2   0   0   0   0   0   5   0  2.41 0.86
  133 K    0  0  0 -1 -4  2 -1 -1 -2 -2  1  3 -1 -2  3  0 -1 -4 -3 -3    7   2   4   2   0   8   2   4   1   1  14  25   2   1  18   7   2   0   1   0  0.34 0.23
  134 K    0  1 -1 -1  3  0  0  4 -2 -3 -4  1 -3  0 -3  1 -1 -4 -3 -2    5  10   2   3   7   5   7  31   0   1   0  10   0   5   0   9   4   0   0   2  0.34 0.21
  135 R   -1  6 -2 -1 -4  0  1 -2 -2 -3 -4  3 -4 -5  1 -2 -3  1 -3 -4    4  44   1   4   0   3   9   3   1   2   1  18   0   0   6   1   1   2   1   1  0.80 0.37
  136 G    0 -1  0  0 -1  2  2  1  0  1  0 -1  0  0 -2 -1 -1 -2 -2 -1    8   4   5   5   1   9  17  12   3   9  10   2   3   4   1   2   2   0   1   2  0.11 0.11
  137 Q    0  1  0  0 -3  4  1 -2 -3 -3 -3  0 -2 -4  3  0  1 -4 -4 -2    6   8   4   6   0  20   9   3   0   1   2   6   1   0  14   7   7   0   0   3  0.36 0.25
  138 A   -1  2 -2 -2 -2  1 -2 -1  0  0 -1 -1  1  1 -2 -1  3 -3  2  1    3  14   1   2   1   6   2   4   2   6   3   3   4   5   2   3  19   0   7  13  0.19 0.20
  139 M   -1  0 -2 -2 -2 -3 -2 -3 -3  2  1 -2  1 -2 -3  0  1 -2 -3  4    4   5   1   2   1   1   2   1   0  11  14   2   4   1   1   7   8   1   0  32  0.33 0.23
  140 L    0 -1  0 -1  0 -1  0 -2  0 -1  0  0  0  1  1  1  1  0  4  0    5   2   4   2   2   2   6   2   1   2   8   5   2   5   7  10  10   1  16   7  0.12 0.13
  141 S    3 -1  3 -2 -3  0  0 -1 -2 -2 -2  1 -1 -2  0  0  0 -4  0 -1   29   2  17   1   0   3   5   3   1   1   3   7   1   2   4   7   4   0   4   5  0.27 0.22
  142 P    1  2  2 -1 -3 -1 -2 -2 -1 -2 -2 -1 -3 -4  6 -1  0 -5 -4 -3   10  10   9   4   1   3   2   2   1   2   3   3   1   0  37   3   6   0   0   2  0.72 0.38
  143 P   -1  0  0 -2 -2 -2 -1  2 -2 -3 -4 -2 -4 -5  5  3 -1 -5 -4 -4    4   6   4   1   1   2   3  14   1   2   2   2   0   0  25  28   4   0   0   1  0.64 0.37
  144 V    0  0 -1 -1 -2 -1 -1  1 -1  0  0  0  0 -1  3  0 -1 -2  0  0    7   7   3   2   1   1   3  12   1   6   8   4   3   3  18   5   3   0   3   6  0.15 0.10
  145 V    0 -1  0  2 -2  0  3  1 -1 -2 -2  0 -2 -2  0  1  1 -3 -2 -1    8   3   3  12   1   4  19   9   1   1   5   4   0   2   3  12   8   0   1   3  0.19 0.13
  146 C   -1 -2  2  0 -2 -1 -1  2  2 -3 -3 -1 -2 -3 -3  3  0  7 -3 -4    3   1  10   4   1   3   4  15   5   2   2   4   1   1   1  21   5  17   0   1  0.58 0.33
  147 R   -6  9 -5 -6 -8 -4 -5 -7 -1 -7 -7 -2 -6 -7 -7 -5 -6 -7 -6 -5    0  94   0   0   0   0   0   0   1   0   0   1   0   0   0   0   0   0   0   1  2.93 1.04
  148 D    1  0  0  3 -4  3 -1  2  2 -2 -2 -2 -2 -3 -1  0 -1 -5 -3 -2   11   5   4  17   0  18   2  14   5   2   4   1   1   1   3   5   4   0   0   2  0.31 0.25
  149 G   -3  0  7 -3  1 -2 -4  0  4 -5 -2  2 -2 -5 -5 -1 -4 -6  1 -6    1   5  46   0   3   1   0   7   8   0   4  13   1   0   0   4   0   0   5   0  1.05 0.53
  150 F   -7 -8 -8 -8 -4 -6 -8 -8 -6 -3 -4 -8 -5  9 -8 -7 -4  4  0 -3    0   0   0   0   0   0   0   0   0   1   0   0   0  88   0   0   1   5   2   1  2.99 1.00
  151 N   -4 -1  6 -1 -1 -2 -2 -4 -1 -4 -6  2 -3 -5 -5  4 -2 -7 -4 -4    0   3  41   3   1   1   1   0   2   1   0  13   1   0   0  30   1   0   1   1  1.14 0.58
  152 T    1 -5 -3 -5  0 -3 -5 -5 -1  2 -2 -5 -2 -2 -3 -1  6 -6 -5  2   10   0   0   0   2   1   0   0   1  10   2   0   1   2   1   4  54   0   0  13  1.07 0.56
  153 R   -1  7 -2 -5 -5 -1 -1 -5 -2 -5 -6  1  1 -6 -6 -3 -2 -7 -5 -5    6  68   2   0   0   2   3   0   1   1   0   8   4   0   0   1   2   0   0   0  1.66 0.70
  154 K    0  1  1  4 -3  1  2 -3 -2 -4 -4  3 -2 -5 -4  0 -2 -1 -2 -3    7   7   7  25   1   7  10   1   0   0   1  19   1   0   0   8   2   1   1   2  0.52 0.31
  155 F   -7 -7 -8 -8 -7 -8 -8 -8 -6 -4 -3 -8 -3  9 -8 -7 -7 -1  1 -4    0   0   0   0   0   0   0   0   0   0   2   0   1  91   0   0   0   1   4   1  3.12 1.03
  156 T    6 -1 -5 -5 -4 -4 -5 -4 -5 -1 -4 -4 -2 -6 -5  1 -1 -6 -5  0   70   4   0   0   0   0   0   0   0   4   1   0   1   0   0   9   3   0   0   7  1.31 0.63
  157 Q    3  1 -2  0 -2  2  4 -2 -1 -4 -3  2 -4 -5 -4 -1 -1 -5 -3 -3   25   7   1   4   1   8  27   2   1   1   2  12   0   0   0   4   2   0   1   2  0.50 0.33
  158 E   -2  1  0 -1  1  2  3 -4  0 -2  0  5 -3  0 -4 -3 -3 -5 -2 -3    2   5   4   3   3  10  17   1   2   2   9  34   0   5   0   0   0   0   1   1  0.55 0.35
  159 N   -6 -5  4 -6 -4 -5 -6 -6  6 -6 -4 -6 -4  0 -7 -5 -6  1  8 -6    0   0  20   0   0   0   0   0  15   0   2   0   0   3   0   0   0   2  57   0  2.20 0.84
  160 E   -2 -3  5  3 -3  0  1  2  2 -6 -6  0 -5 -3 -5  1 -3 -6 -4 -6    2   1  31  16   1   4   9  14   6   0   0   6   0   1   0   9   0   0   0   0  0.76 0.41
  161 L   -6 -5 -8 -8 -6 -7 -7 -8 -7 -3  7 -7  0  0 -5 -7 -6 -6 -5 -4    0   0   0   0   0   0   0   0   0   0  94   0   2   3   0   0   0   0   0   0  2.16 0.83
  162 G   -4 -4 -2 -2 -6 -3 -2  7 -6 -7 -7 -4 -6 -7 -3 -1 -3 -6 -7 -5    0   1   2   2   0   1   3  82   0   0   0   1   0   0   1   4   1   0   0   1  1.94 0.73
  163 L    0 -2  1  0 -2  0  0 -2 -1 -1  3 -1 -1 -1  1  1 -1 -4 -1 -1   10   1   7   6   1   4   5   2   2   3  32   2   0   2   8   9   3   0   1   3  0.18 0.19
  164 P   -3 -6 -6 -6 -6 -5 -5 -6 -6 -6 -3 -3 -6 -7  9 -5 -5 -7 -6 -4    3   0   0   0   0   0   0   0   0   0   3   1   0   0  88   0   0   0   0   1  2.84 0.96
  165 V   -3 -6 -6 -7 -2 -6 -4 -7 -6  3 -1 -5 -1 -4 -6 -5 -3 -1 -2  7    1   0   0   0   1   0   1   0   0  12   3   1   1   0   0   0   1   1   1  76  1.72 0.68
  166 A    7 -3 -6 -3 -5 -5 -5 -1 -6 -6 -6 -5 -5 -4 -5 -2 -3 -7 -3 -5   90   1   0   1   0   0   0   4   0   0   0   0   0   1   0   1   1   0   1   0  2.00 0.81
  167 A    5 -3 -5 -5 -2 -5 -5  5 -5 -3 -4 -5 -5 -6 -5 -2 -2 -6 -6 -1   49   1   0   0   1   0   0  38   0   2   1   0   0   0   0   1   2   0   0   5  1.25 0.57
  168 V   -1 -3  6 -3 -3 -4 -5 -5 -4 -2 -1 -4  0 -5 -5 -2  1 -6 -5  5    4   1  36   0   1   0   0   0   0   1   5   0   3   0   0   1   9   0   0  38  1.05 0.53
  169 F   -6 -6 -7 -8  2 -6 -7 -7  0 -5 -2 -7  0  7 -7 -6 -6 -3  8 -2    0   0   0   0   4   0   0   0   2   0   3   0   2  40   0   0   0   0  46   2  2.17 0.77
  170 F   -6 -7 -7 -8 -3 -7 -7 -8 -5 -4 -3 -7 -5  9 -8 -7 -6 -3  6 -5    0   0   0   0   1   0   0   0   0   1   2   0   0  73   0   0   0   0  23   0  2.66 0.88
  171 N   -5 -2  7 -3 -6  5 -1 -5 -3 -2 -2 -2 -3 -3 -6 -3 -1 -7 -3 -4    0   2  53   0   0  26   3   0   0   3   4   2   0   1   0   0   4   0   1   1  1.44 0.65
  172 C    5 -6 -5 -6  8 -5 -5 -4 -6 -3 -5 -5 -5 -6 -5  1 -3 -6 -6 -4   56   0   0   0  29   0   0   0   0   1   0   0   0   0   0  12   1   0   0   0  1.74 0.69
  173 Q   -4 -1 -1 -4 -7  8  3 -6 -1 -7 -7  0 -3 -7 -5 -4 -3 -6 -6 -6    1   3   2   0   0  73  15   0   1   0   0   3   0   0   0   0   1   0   0   0  2.07 0.82
  174 R   -5  6 -3 -6 -7 -3 -4 -6 -1 -5 -5  2 -5  1 -4 -5 -5  7  5 -6    0  41   1   0   0   0   0   0   1   0   0  14   0   5   1   0   0  17  20   0  1.57 0.62
  175 E   -4 -4 -3  6 -7 -1  6 -6 -4 -7 -7 -3 -6 -7 -3 -2 -5 -7 -6 -7    0   0   0  39   0   2  56   0   0   0   0   0   0   0   1   2   0   0   0   0  1.82 0.69
  176 T   -1 -1  2  3 -4 -3 -2  1 -2 -4 -5 -3 -4 -5  3  1  4 -5 -4 -4    5   3   8  19   0   0   0  12   0   0   0   0   0   0  15  11  26   0   0   0  0.60 0.32
  177 A    4 -4 -3 -4 -4 -3 -4  4 -3 -5 -5 -4 -4 -3 -4  1 -2 -1  5 -4   32   0   0   0   0   1   0  34   0   0   0   0   0   0   0  10   1   1  21   0  0.93 0.41
  178 A    2 -4  0 -4  4 -3 -3 -2 -3 -2 -3 -3 -2 -3 -2  2  1 -1 -4  4   20   0   4   0  11   0   0   2   0   0   0   0   0   0   1  21   7   1   0  32  0.55 0.32
  179 R   -3  4 -2 -2 -5 -3 -3  4  1 -6 -5  0 -5 -6  4 -3 -4 -5 -5 -5    1  28   1   1   0   0   0  37   3   0   0   5   0   0  24   0   0   0   0   0  1.09 0.42
  180 R   -3  5 -3 -4 -4 -2 -1  4 -2 -1 -5  3 -4 -5 -4 -2 -3 -5 -5 -4    0  31   0   0   0   0   3  37   0   5   0  22   0   0   0   1   0   0   0   0  0.95 0.39
  181 R   -5  8 -4 -5 -7 -2 -3 -6 -3 -6 -5 -1 -5 -6 -5 -4 -4 -6 -5 -6    0 100   0   0   0   0   0   0   0   0   0   0   0   0   0   0   0   0   0   0  2.54 0.68

                      K         Lambda
Standard Ungapped    0.1374     0.3220
Standard Gapped      0.0493     0.2670
PSI Ungapped         0.1608     0.3124
PSI Gapped           0.0493     0.2670
