
Last position-specific scoring matrix computed, weighted observed percentages rounded down, information per position, and relative weight of gapless real matches to pseudocounts
           A  R  N  D  C  Q  E  G  H  I  L  K  M  F  P  S  T  W  Y  V   A   R   N   D   C   Q   E   G   H   I   L   K   M   F   P   S   T   W   Y   V
    1 M   -1 -2 -3 -4 -1 -2 -3 -4 -3  1  4 -2  4  0 -3 -2 -1 -2 -1  1    0   0   0   0   0   0   0   0   0   0  69   0  31   0   0   0   0   0   0   0  0.39 0.00
    2 S    1  1  0  0 -2  0  0 -1 -1 -3 -3  3 -2 -3 -1  3  1 -3 -2 -2    0   0   0   0   0   0   0   0   0   0   0  36   0   0   0  64   0   0   0   0  0.35 0.01
    3 L    2  0 -2 -2 -2  0 -1 -2 -2  0  2  2  1 -1 -2  0 -1 -2 -2  0   30   0   0   0   0   0   0   0   0   0  40  30   0   0   0   0   0   0   0   0  0.13 0.00
    4 Q    0  0  0  0 -2  3  2 -1 -1 -3 -3  2 -1 -3  3  2  0 -3 -2 -2    0   0   0   0   0  24  15   0   0   0   0  16   0   0  15  30   0   0   0   0  0.40 0.01
    5 S    2 -1  0 -1 -1 -1 -1 -1 -1 -2 -2 -1 -1 -3 -1  3  3 -3 -2 -1   18   0   0   0   0   0   0   0   0   0   0   0   0   0   0  49  33   0   0   0  0.37 0.02
    6 S    1 -1  0  0 -1  0  0  1 -1 -2 -2 -1 -2 -1 -1  4  1 -3 -1 -2    5   0   0   5   0   0   0   6   0   0   0   0   0   5   0  74   5   0   0   0  0.35 0.02
    7 I   -1 -3 -3 -4 -1 -3 -3 -4 -3  3  2 -3  1  1 -3 -2 -1 -2 -1  3    0   0   0   0   0   0   0   0   0  19  19   0   0   5   0   0   0   0   0  57  0.33 0.01
    8 R    1  4  0 -1 -2  0  0 -1 -1 -2 -2  2 -1 -3 -2  1  0 -3 -2 -2   15  52   4   0   0   0   0   0   0   5   0   5   0   0   0  19   0   0   0   0  0.35 0.02
    9 A    1 -3 -3 -4  8 -3 -3 -2 -3  0 -1 -3 -1  1 -3 -1 -1 -2 -1 -1   14   0   0   0  67   0   0   0   0   5   0   0   0  13   0   0   0   0   0   0  0.79 0.03
   10 D   -1  0  1  3 -4  1  4 -2 -1 -3 -3  1 -2 -4 -1  0 -1 -3 -2 -3    0   0   4  24   0   0  62   0   0   0   0   5   0   0   0   5   0   0   0   0  0.60 0.02
   11 S    1 -1  0  0 -1  0  0 -1 -1 -3 -3  0 -2 -3 -1  5  1 -3 -2 -2    0   0   0   0   0   0   0   0   0   0   0   0   0   0   0 100   0   0   0   0  0.54 0.03
   12 N   -1  0  2  2 -4  2  5 -2  2 -4 -3  1 -2 -3 -2  0 -1 -3 -2 -3    0   0  14   5   0   9  66   0   5   0   0   0   0   0   0   0   0   0   0   0  0.58 0.02
   13 C    1 -1  0 -1  4  0  0 -1 -1 -2 -2  0 -2 -3 -1  3  2 -3 -2 -1   10   0   0   0  14   0   5   0   0   0   0   5   0   0   0  56   9   0   0   0  0.33 0.02
   14 T    1 -1  0 -1 -1  0  0 -1 -1 -2 -2  0 -2 -3 -1  4  3 -3 -2 -2    0   0   0   0   0   0   0   0   0   0   0   0   0   0   0  80  20   0   0   0  0.46 0.03
   15 L   -2 -3 -4 -4 -2 -3 -3 -4 -2  0  3 -3  1  6 -4 -3 -2  0  2  0    0   0   0   0   0   0   0   0   0   0  38   0   0  62   0   0   0   0   0   0  0.56 0.03
   16 P    0 -2 -2 -2 -2 -1 -2 -2 -2  0  2 -2  0  2  5 -1 -1 -2 -1 -1    7   0   0   0   0   4   0   0   0   4  30   0   0  15  35   4   0   0   0   0  0.47 0.02
   17 N    0  0  2 -1 -2 -1 -1  4 -1 -3 -3 -1 -2 -3 -2  2  1 -3 -2 -2    0   8  18   0   0   0   0  41   0   0   0   0   0   0   0  25   7   0   0   0  0.41 0.02
   18 N   -1  0  3  0 -3  0  0 -1  6 -3 -3  3 -2 -2 -2  0 -1 -3  0 -3    1   1  26   1   0   0   1   1  34   1   1  31   0   0   1   1   1   0   0   1  0.45 0.05
   19 P   -1 -1 -1  0 -3  1  3  1 -1 -2 -1  0 -2 -3  5 -1 -1 -3 -2 -2    1   1   0   1   0   3  34  13   0   1   8   3   0   0  32   1   1   0   0   1  0.54 0.03
   20 V    0  0 -1 -2 -1 -1 -1 -2 -2  0  0 -1  0  2 -1  1  2 -2  0  0    7   8   1   1   0   0   1   1   0   4   8   1   0  14   1  17  28   0   0   8  0.11 0.02
   21 C    0 -2  0 -2  6 -2 -2  0 -2 -1 -1 -2 -1  2 -2  1  1 -2 -1 -1    1   1   4   1  35   1   1   6   0   1   1   1   0  13   1  19  10   0   0   3  0.33 0.04
   22 V    1 -1 -1  0 -1 -1 -1  1 -2  0 -1 -1  1 -1  1  1  0 -2 -1  1   15   1   1   6   0   1   1  13   0   1   2   1   8   3   7  19   1   0   1  19  0.09 0.02
   23 L    1 -1 -2 -1 -1 -1  0 -2 -2  0  2 -1  0  1  1 -1  0 -2 -1  0   19   1   1   1   0   1  11   1   0   1  32   3   0  11   7   1   3   0   1   6  0.08 0.02
   24 L   -1  0  0  0 -2  0 -1 -2 -1  1  2  1  1  1 -2 -1  0 -2 -1  0    1   3   5   5   0   5   1   1   0   8  35  13   0   7   1   3   6   0   0   3  0.06 0.02
   25 P    1  1  0 -1 -2  0 -1 -1 -1 -2 -2  1 -1 -3  4  1  0 -3 -2 -2   21  11   3   1   0   4   1   1   0   1   3   6   0   1  27  15   4   0   0   1  0.41 0.03
   26 V    2  0  0  1 -1  1  0 -1  1  0 -1 -1  1 -2 -1  1  0 -2 -1  0   24   3   5   8   0  13   1   2   5   7   1   1   9   0   1   8   3   0   0   8  0.08 0.02
   27 D    1  2  1  0 -2  1  0 -1 -1 -2 -2  1 -1 -1 -1  2  1 -2 -2 -1    9  12   8   4   0   6   1   1   0   3   1   9   0   2   1  31  10   0   0   1  0.19 0.03
   28 F    0  0 -1 -2 -2 -1 -1 -1  0  0  0 -1  0  4 -2  1  0 -1  1  0    3   6   1   1   0   3   1   4   3   9   3   2   0  33   1  18   4   0   2   7  0.13 0.03
   29 I    0  2  0 -2 -2 -1 -1 -2 -2  1  1  0  2 -1  0  0 -1 -2 -2  0   12  22   5   0   0   0   0   2   0  13  14   0  12   0   3   8   1   0   0   6  0.10 0.04
   30 V    1  1 -1 -2 -2 -1 -1 -1 -2  2  0  0  0  0 -1  0  0 -2 -1  2   16  11   3   0   0   3   0   5   0  22   5   3   1   4   1   6   2   0   0  17  0.06 0.03
   31 A    3 -1  0 -1  1 -1 -1  1 -2 -2 -2  1 -2 -2 -1  3  0 -3 -2 -1   32   2   3   0   4   0   0   7   0   3   0   9   0   1   0  34   3   0   0   0  0.28 0.07
   32 A    2  1 -1 -1 -2 -1  0  0  1 -1 -1 -1  3 -2 -2  2 -1 -3 -2 -1   30   8   0   1   0   0   4   3   6   1   3   0  18   1   0  20   0   0   0   2  0.19 0.08
   33 M   -1 -2 -2 -3 -2 -1 -2 -3  3  1  2 -2  4  2 -3  0 -1 -2  0  0    4   1   0   0   0   2   0   0  13   6  18   0  26  12   0   7   2   0   1   6  0.26 0.09
   34 A    2  1 -2 -2 -2 -1 -1 -1 -2  0  2  0  1  0 -2  1  0 -1  0  0   25  10   0   0   0   0   3   2   0   2  26   3   5   5   0  13   2   1   3   2  0.11 0.06
   35 S    2  2  1 -1  0  1  0 -1  1 -3 -2  0 -1 -3  0  2  1 -3 -2 -2   21  19   8   1   2   8   2   2   3   0   1   3   2   0   3  18   7   0   0   0  0.23 0.07
   36 S    1  2  0 -2 -2  0 -1 -1  2 -2 -1  0 -1 -2  3  2  0 -3 -2 -1   11  13   4   0   0   2   1   1   7   1   6   5   2   1  17  23   2   0   0   4  0.25 0.07
   37 T    0  1 -1 -2 -2  0 -1 -2 -1  0  1  0  1  2 -1  1  0 -1  0  0    9  10   3   0   0   3   3   1   1   5  15   4   5  16   3  12   4   1   1   6  0.05 0.04
   38 S    1  2  0 -2 -2  0 -1 -1 -1 -1  0  1  0 -1  1  1  0 -3 -2  0   16  20   2   0   0   1   0   3   1   0   8   7   1   4   7  13   7   0   0   8  0.13 0.05
   39 S    2  1  1 -2 -2 -1 -1 -1 -2 -2 -2  0  0 -2  3  3  1 -3 -3 -2   18  12   5   0   0   1   0   3   0   0   4   3   3   1  13  29   9   0   0   0  0.30 0.11
   40 A    2  2 -1 -2 -2  1 -1 -2 -1 -1 -1  0 -1 -1  1  1  1 -3 -2 -1   24  16   2   0   0   8   1   1   1   2   8   4   1   3   7  15   7   0   0   1  0.17 0.08
   41 M    0  2 -1 -2 -2  0 -1 -2 -2  0  2 -1  2  1 -1  0  0 -2 -1  0   12  14   2   0   0   5   1   1   0   5  21   1  11   7   2   7   5   0   0   7  0.09 0.06
   42 A    2  2 -1 -2 -2  1 -1 -1 -2 -1  0  0  0  0  0  1  1 -3 -1  0   26  13   1   0   0   9   2   2   0   1   6   2   4   5   3  11   7   0   1   6  0.12 0.07
   43 K    1  3  0 -1 -2  1  0 -1 -1 -2 -2  1  0 -2  1  1  0 -3 -2 -1   13  27   3   1   0   3   6   2   0   0   3   8   4   1   8  11   4   0   1   4  0.21 0.08
   44 W    0  0 -1 -2 -1  0  0 -1 -1  0  0  0  0  2  2  0  0  0  0  0   10   6   0   1   1   2   5   4   1   3  10   6   1  13  12   9   4   1   1   9  0.08 0.04
   45 A    2  0  0 -1 -1  0 -1  0 -1 -1 -1  0 -1 -2 -1  2  1 -3 -2 -1   27   5   3   1   1   3   3   7   1   1   6   3   0   0   2  23   9   0   0   4  0.18 0.08
   46 A    1  2  0 -1  1  1 -1  1 -1 -1  0  0 -1 -2 -1  1  0 -3 -2 -1   20  14   4   1   3   7   1  11   1   2   9   3   0   2   2  12   4   0   1   4  0.10 0.05
   47 Q    1  0 -1 -2 -1  1 -1 -1 -1  1  0  0  0 -1  1  1  1 -3 -1  1   16   6   2   0   1   7   2   2   1  10   5   4   1   4   5  15   7   0   0  13  0.07 0.05
   48 A    2 -1 -1 -2 -1  2 -1  0 -1 -1  0 -1 -1 -2 -1  1  0 -3 -2  0   30   2   2   0   1  16   0   8   0   2  13   1   0   0   1   9   3   0   1   8  0.16 0.09
   49 A    1  3  0 -2  0  0 -1 -1 -1 -1  0  1  0 -2 -1  0  0 -3 -2  0   20  22   3   0   2   3   1   4   1   1  15   7   2   0   2   7   7   0   0   5  0.13 0.07
   50 R   -2  6  0 -2 -4  0 -1 -2 -1 -4 -2  2 -2 -4 -3 -1 -1 -4 -3 -3    1  70   3   1   0   2   1   3   1   0   4   7   0   0   0   3   2   0   0   2  0.95 0.23
   51 G    2  1  1 -2 -1  0 -1  1  0 -2 -1 -1 -1 -2  0  2  0 -3 -2 -2   21  13   7   0   1   4   0  13   2   1   6   1   0   2   4  19   6   0   1   0  0.17 0.08
   52 F    0 -1 -3 -3 -3 -2 -2 -3  1 -1  0 -2 -1  6 -3 -1 -2 -1  2 -1    9   4   1   1   0   1   2   1   4   1   8   1   0  53   0   6   1   0   4   4  0.56 0.16
   53 A    1  0  1 -1 -2  0 -1 -1 -2 -3 -2  0 -2 -2 -1  4  1 -3 -2 -2   10   6   5   2   0   4   1   2   0   0   3   3   0   1   2  53   6   0   0   3  0.40 0.15
   54 A    1 -1  0 -1  4 -1 -2  0 -1 -1 -2 -1 -2 -2 -1  2  2 -3  0  0   14   3   2   2  13   2   0   4   1   1   2   1   0   1   2  18  20   0   4   8  0.21 0.09
   55 A    0  2  0 -2 -1 -1 -1 -1 -1 -2 -2  0 -1  1 -2  3  2 -2  1 -1    6  16   2   1   1   1   1   2   1   2   3   3   0   7   1  33  13   0   5   3  0.20 0.09
   56 A    4 -1 -1 -2 -1  0 -1 -1 -1 -1 -1 -1 -1 -2 -1  2  0 -3 -1  0   51   3   1   1   1   3   1   1   2   2   4   2   1   1   2  16   3   0   1   5  0.32 0.12
   57 P    0  2 -1 -1 -2  2  0 -1 -1 -1 -1  2 -1 -1  0  1  1 -2 -1 -1    6  16   1   1   1  16   1   2   1   3   3  14   0   2   4  13   7   0   2   6  0.16 0.06
   58 S    0 -1  3  0 -1  1  0  2 -1 -3 -3  0 -2 -3  0  2  0 -3 -2 -2    7   1  20   3   1   7   4  16   0   1   2   2   0   0   4  24   5   0   1   1  0.28 0.08
   59 S    1 -1  1 -1 -2  1 -1  1  0 -2 -1  0 -1 -2  1  1  0 -2 -2 -1   16   2   9   1   0   9   1  14   1   1   8   4   0   1   8  16   4   0   0   2  0.16 0.05
   60 G    3  0  0 -1 -2  2  0  0 -1 -2 -2  0 -1 -2 -1  2  0 -2 -2 -1   31   3   4   2   0  13   2   4   1   1   2   5   0   1   2  20   5   0   1   4  0.22 0.08
   61 K    0  2  2 -1  0  0  0  0 -1 -2 -2  0 -1 -2  4  1 -1 -2 -1 -2    8  14  12   2   3   3   3   5   1   2   3   5   1   1  21  10   2   0   2   2  0.26 0.05
   62 G    0 -1  2  1 -2  1  1  2  0 -2 -1  0 -1 -1  0  1  0 -2 -1 -2    5   1  14   6   1   8  10  20   3   1   6   3   1   2   3  11   3   0   2   2  0.16 0.04
   63 R    0  2 -1 -2 -2 -1 -1 -2  0 -1 -1 -1  0  3 -1  0  0  0  4 -1    7  15   2   1   0   2   1   1   2   1   3   2   2  19   2   6   9   0  19   4  0.21 0.07
   64 K   -2  1 -1 -3 -5 -1 -1 -3 -2 -5 -4  7 -3 -5 -3 -2 -2 -5 -4 -4    1   3   1   0   0   0   0   0   1   0   0  92   0   0   0   0   1   0   0   0  1.44 0.33
   65 V    0 -4 -5 -5 -1 -4 -4 -5 -5  1 -1 -4 -1 -3 -4 -3 -2 -5 -3  6    7   0   0   0   1   0   0   0   0   2   0   0   0   0   0   0   0   0   0  90  1.20 0.30
   66 A    5 -3 -3 -3 -1 -2 -3 -2 -3 -2 -3 -2 -2 -4 -3  0  1 -4 -3  1   77   0   0   0   0   0   0   0   0   0   0   0   0   0   0   4  10   0   0   8  0.87 0.26
   67 V   -2 -4 -5 -5 -3 -4 -4 -5 -5  3  0 -4 -1 -2 -4 -4 -2 -5 -3  6    0   0   0   0   0   0   0   0   0  17   3   0   0   0   0   0   0   0   0  79  1.12 0.28
   68 L   -2 -4 -5 -5  1 -4 -5 -5 -4  1  6 -4  1 -1 -4 -4 -3 -3 -3  0    3   0   0   0   3   0   0   0   0   2  88   0   1   0   0   0   0   0   0   2  1.05 0.26
   69 G   -2 -4 -2 -3 -5 -4 -4  7 -4 -6 -6 -4 -5 -5 -4 -2 -4 -5 -5 -5    0   0   0   0   0   0   0 100   0   0   0   0   0   0   0   0   0   0   0   0  2.00 0.35
   70 A    6 -3 -3 -4 -2 -3 -3 -1 -4 -3 -3 -3 -3 -4 -3 -1 -2 -5 -4 -2   97   0   0   0   0   0   0   2   0   0   0   0   0   0   0   0   0   0   0   0  1.34 0.33
   71 A    5 -3 -1 -3 -2 -2 -2  1 -3 -3 -3 -2 -3 -4 -2  3 -1 -4 -3 -2   69   0   2   0   0   0   0   8   0   0   0   0   0   0   0  21   0   0   0   0  0.83 0.24
   72 G   -2 -4 -2 -3 -5 -4 -4  7 -4 -6 -6 -4 -5 -5 -4 -2 -4 -5 -5 -5    0   0   0   0   0   0   0  99   0   0   0   0   0   0   0   0   0   0   0   0  1.97 0.34
   73 G   -2 -4 -2 -3 -5 -4 -4  7 -4 -6 -6 -4 -5 -5 -4 -2 -4 -5 -5 -5    0   0   0   0   0   0   0 100   0   0   0   0   0   0   0   0   0   0   0   0  1.98 0.35
   74 I   -3 -5 -5 -5 -3 -5 -5 -6 -5  8  0 -5 -1 -2 -5 -5 -3 -5 -3  1    0   0   0   0   0   0   0   0   0 100   0   0   0   0   0   0   0   0   0   0  1.70 0.37
   75 G   -2 -4 -2 -3 -5 -4 -4  7 -4 -6 -6 -4 -5 -5 -4 -2 -4 -5 -5 -5    0   0   0   0   0   0   0 100   0   0   0   0   0   0   0   0   0   0   0   0  2.01 0.36
   76 Q   -3 -1 -2 -3 -6  8  0 -4 -2 -5 -5 -1 -3 -6 -4 -2 -3 -4 -4 -5    0   0   0   0   0 100   0   0   0   0   0   0   0   0   0   0   0   0   0   0  2.17 0.47
   77 P    1 -4 -4 -4 -4 -3 -3 -4 -4 -5 -5 -3 -4 -5  8  0 -2 -6 -5 -4   14   0   0   0   0   0   0   0   0   0   0   0   0   0  80   5   1   0   0   0  2.08 0.36
   78 L   -3 -4 -5 -6 -1 -4 -5 -6 -5  0  6 -4  2 -1 -5 -4 -3 -4 -3 -1    0   0   0   0   1   0   0   0   0   0  96   0   3   0   0   0   0   0   0   0  1.28 0.30
   79 S    3 -3 -2 -2 -2 -2 -2 -1 -3 -4 -4 -2 -3 -4 -3  6 -1 -5 -4 -3   25   0   0   0   0   0   0   3   0   0   0   0   0   0   0  72   0   0   0   0  1.00 0.30
   80 M   -3 -4 -5 -6 -3 -4 -5 -6 -5  0  6 -4  3 -1 -5 -4 -3 -3 -3 -1    1   0   0   0   0   0   0   0   0   0  93   0   6   0   0   0   0   0   0   0  1.26 0.30
   81 L   -3 -4 -5 -6 -3 -4 -5 -6 -5  0  6 -4  0 -1 -5 -4 -3 -4 -3 -1    0   0   0   0   0   0   0   0   0   0  99   0   0   1   0   0   0   0   0   0  1.38 0.32
   82 M   -3 -4 -5 -5  0 -3 -4 -5 -4  1  5 -4  5 -1 -4 -4 -3 -3 -3  0    1   0   0   0   2   0   0   0   0   6  66   0  23   0   0   0   0   0   0   1  0.98 0.26
   83 K   -3  0 -2 -3 -5 -1 -1 -4 -3 -5 -5  7 -4 -5 -3 -2 -3 -5 -4 -5    0   0   0   0   0   0   0   0   0   0   0 100   0   0   0   0   0   0   0   0  1.79 0.40
   84 M   -1 -2  2 -2 -2  2 -1 -3 -1  0  3 -2  4 -2 -3 -1  1 -3 -2 -1    2   0  14   1   0  11   1   1   1   2  31   0  21   0   0   2  10   0   0   2  0.32 0.16
   85 N   -2 -1  6  0  0  2 -1 -2  0 -4 -4 -2 -2 -4 -3  3 -1 -5 -3 -4    0   2  46   4   3  10   0   1   2   0   0   0   1   0   0  31   0   0   0   0  0.81 0.24
   86 S   -2 -3 -3 -2 -4 -2 -3 -4  2 -5 -4 -1 -3 -5  8 -2 -3 -6 -4 -4    1   0   1   1   0   1   0   0   5   0   1   3   0   0  83   1   1   0   0   0  2.15 0.37
   87 Q    1  1 -2 -3 -3 -1 -2 -3  0  0  4  0  1 -1 -2 -1 -2 -3 -1 -1   12  11   2   0   0   1   1   1   3   1  53   6   1   2   1   5   0   0   1   1  0.30 0.14
   88 V   -2 -4 -4 -4 -3 -4 -3  1 -5  2 -1 -4 -1 -3 -4 -3 -2 -5 -3  6    0   0   0   0   0   0   1  15   0  10   0   0   0   0   0   0   0   0   0  74  0.91 0.27
   89 S    0 -2 -1  0 -3 -2 -1 -1 -3 -4 -4 -1 -3 -4 -3  5  4 -4 -3 -3    3   0   1   4   0   0   1   2   0   0   0   2   0   0   0  60  28   0   0   0  0.83 0.26
   90 S    0  1  0  3 -4  1  4 -2  2 -3 -2  0 -2 -4 -2  0 -1 -4 -2 -1    6   7   2  17   0   5  33   1   7   0   2   4   0   0   0   7   2   0   0   7  0.38 0.13
   91 L   -3 -4 -5 -6 -3 -4 -5 -6 -5  0  6 -4  0 -1 -5 -4 -3 -4 -3 -1    0   0   0   0   0   0   0   0   0   1  98   0   0   0   0   0   0   0   0   1  1.36 0.32
   92 S    3  1  0 -2 -2 -1 -2 -1  4 -3 -3 -1 -3 -4 -2  3  1 -4 -2 -2   32   7   3   0   0   0   0   2  15   0   0   1   0   0   0  33   6   0   0   0  0.52 0.19
   93 L   -3 -4 -5 -6  1 -4 -5 -6 -5  0  6 -4  0 -1 -5 -4 -3 -4 -3 -1    0   0   0   0   4   0   0   0   0   1  95   0   0   0   0   0   0   0   0   1  1.27 0.31
   94 Y   -4 -4 -5 -6 -5 -4 -5 -6 -1 -4 -3 -4 -3  2 -6 -4 -4  0  9 -4    0   0   0   0   0   0   0   0   0   0   1   0   0   4   0   0   0   0  96   0  2.46 0.46
   95 D   -4 -4 -1  8 -6 -3 -1 -4 -3 -6 -6 -3 -5 -6 -4 -2 -3 -7 -5 -6    0   0   0 100   0   0   0   0   0   0   0   0   0   0   0   0   0   0   0   0  2.18 0.41
   96 I   -3 -5 -5 -5 -3 -4 -5 -5 -5  6  1 -4  0 -2 -4 -4 -2 -4 -3  4    0   0   0   0   0   0   0   0   0  66   7   0   0   0   0   0   0   0   0  27  1.09 0.27
   97 A    4  3 -3 -3 -2 -1 -2 -2 -3 -1 -2  0 -1 -3 -3 -1 -2 -4 -3  3   47  18   0   0   0   1   0   0   0   0   0   6   1   0   0   0   0   0   0  26  0.50 0.20
   98 G   -2 -3  5 -1 -4 -2 -2  3  4 -4 -3 -2 -3 -4  3 -1 -2 -5 -3 -4    0   0  36   0   0   0   0  28  14   0   3   0   0   0  18   0   0   0   0   0  0.83 0.23
   99 T    2 -3 -2 -3 -2 -2 -3  0 -3 -2 -3 -2 -2 -4 -3  0  5 -4 -3  2   23   0   0   0   0   0   0   5   0   0   0   0   0   0   0   1  56   0   0  14  0.73 0.25
  100 P   -1 -3 -4 -3 -5 -3 -2 -4 -4 -4 -4  1 -3 -5  8 -3 -3 -6 -5 -2    3   0   0   0   0   0   1   0   0   0   0  11   1   0  79   0   0   0   0   4  2.02 0.35
  101 G   -2 -4 -2 -3 -5 -4 -4  7 -4 -6 -6 -4 -5 -5 -1 -2 -4 -5 -5 -5    0   0   0   0   0   0   0  96   0   0   0   0   0   0   4   0   0   0   0   0  1.89 0.35
  102 V   -2 -5 -5 -5 -3 -4 -5 -2 -5  1 -1 -4 -1 -3 -4 -4 -2 -5 -3  7    0   0   0   0   0   0   0   3   0   0   0   0   0   0   0   0   0   0   0  97  1.43 0.36
  103 A    6 -3 -3 -4 -2 -3 -3 -1 -4 -3 -3 -3 -3 -4 -3 -1  1 -4 -4  0   83   0   0   0   0   0   0   2   0   0   0   0   0   0   0   0  10   0   0   5  1.03 0.30
  104 A    6 -3 -3 -4 -1 -3 -3 -2 -4 -2 -3 -2 -3 -4 -3  0 -1 -4 -4  1   84   0   0   0   1   0   0   0   0   0   0   2   0   0   0   2   2   0   0   9  1.03 0.30
  105 D   -4 -4 -1  8 -6 -3 -1 -4 -3 -6 -6 -3 -5 -6 -4 -2 -3 -7 -5 -6    0   0   0 100   0   0   0   0   0   0   0   0   0   0   0   0   0   0   0   0  2.16 0.41
  106 V   -2 -4 -5 -5 -2 -4 -4 -4 -4  2  5 -4  0 -1 -4 -4 -2 -3 -3  3    0   0   0   0   1   0   0   0   0  12  63   0   0   0   0   0   0   0   0  23  0.81 0.22
  107 S   -1 -3 -1 -2 -3 -2 -2  0 -3 -5 -5 -2 -4 -5 -3  6 -1 -5 -4 -4    1   0   1   1   0   0   0   5   0   0   0   0   0   0   0  93   0   0   0   0  1.36 0.37
  108 H   -4 -3 -2 -4 -6 -2 -3 -5 11 -6 -6 -3 -4 -4 -5 -4 -4 -5 -1 -6    0   0   0   0   0   0   0   0 100   0   0   0   0   0   0   0   0   0   0   0  2.98 0.51
  109 I   -3 -5 -5 -5  4 -4 -5 -5 -5  6  0 -4  3 -2 -4 -4 -2 -4 -3  2    0   0   0   0  11   0   0   0   0  68   0   0  11   0   0   0   1   0   0   8  1.06 0.27
  110 N   -2 -2  5  3 -1 -1  2 -3 -2 -4 -5 -2 -4 -5  4  0 -1 -5 -4 -4    1   0  36  18   2   0  12   0   0   0   0   0   0   0  23   7   1   0   0   0  0.83 0.22
  111 T   -2 -3 -2 -3 -3 -3 -3 -4 -4 -3 -3 -3 -3 -4 -3  2  7 -5 -4 -2    1   0   0   0   0   0   0   0   0   0   0   0   0   0   0  11  88   0   0   0  1.46 0.37
  112 K    1  2  2  0 -3  0 -1  0 -1 -3 -3  1 -3 -4  4  0 -1 -4 -3 -2   12  17  12   4   0   1   1   7   1   1   0  12   0   0  23   6   1   0   0   1  0.42 0.12
  113 A    4 -3 -2 -3 -1 -2 -2 -1 -3 -2 -3 -2 -2 -4 -2  3  0 -4 -3  2   46   0   0   0   1   0   0   2   0   0   0   0   0   0   0  34   1   0   0  16  0.61 0.22
  114 Q   -1  1  0 -1 -3  2  1 -3 -1 -2 -2  3 -2 -4 -2  0  2 -4 -3  0    2   3   4   2   0  12  10   0   1   1   1  32   0   0   0   3  18   0   0  11  0.33 0.14
  115 V   -2 -4 -5 -5  1 -4 -4 -4 -5  3 -1 -4 -1 -3 -4 -3  0 -5 -3  6    1   0   0   0   2   0   0   0   0  10   0   0   0   0   0   0   4   0   0  82  1.11 0.29
  116 K    0  2 -1 -2 -3  0  0 -3 -1 -2 -1  3 -1 -3 -2  1  3 -4 -3 -1    6  12   2   0   0   2   5   0   1   0   5  31   1   0   0   7  24   0   0   5  0.32 0.14
  117 G   -1 -4 -2  0 -4 -3 -3  7 -4 -5 -5 -3 -4 -5 -3 -1 -3 -4 -5 -5    3   0   0   6   0   0   0  87   0   0   0   0   0   0   1   2   0   0   0   0  1.54 0.30
  118 F   -3 -3 -4 -4 -2 -3 -4 -5  4 -3 -2 -4 -2  6 -5 -4 -4  0  7 -3    1   1   0   0   1   0   0   0  10   0   0   0   0  41   0   0   0   0  44   0  1.41 0.30
  119 D    1 -3 -1 -1 -1 -2 -1  5 -3 -3 -2 -2 -3 -4  0  0  1 -4 -3 -3   12   0   2   2   1   1   2  51   0   0   5   0   0   0   4   6  14   0   0   0  0.60 0.16
  120 K    1 -2 -1  1 -3  1  0  2 -2 -3 -3  0 -2 -4  5 -1 -2 -4 -3 -3   14   0   3   8   0   8   4  19   0   1   1   6   1   0  34   0   0   0   0   0  0.65 0.16
  121 D   -1 -2  0  5 -4  1  4 -2 -2 -4 -4  0 -3 -4 -1  1 -1 -4 -4 -4    2   0   2  37   0   5  36   2   0   0   0   2   0   0   2  10   2   0   0   0  0.75 0.20
  122 G   -1 -1  1  3 -4  4  2  3 -1 -4 -4  0 -3 -4 -3 -1 -2 -4 -3 -4    2   0   6  16   0  32  16  22   0   0   0   2   0   0   0   1   0   0   0   0  0.61 0.18
  123 L   -1 -3 -4 -5 -3 -3 -4 -4 -4  1  5 -3  1 -1  1 -3 -3 -3 -3 -1    7   1   0   0   0   0   0   0   0   4  80   0   0   0   7   0   0   0   0   0  0.84 0.24
  124 A    2  0  0  1 -3  0  1  2 -1 -3 -3  1 -2 -3  1  0  1 -3 -3 -2   21   5   2   8   0   1  13  15   1   1   0  14   0   0   6   4   9   0   0   0  0.24 0.09
  125 E    1 -1  1  3 -3  1  2 -1 -1 -3 -3  2 -2 -4  2  0 -1 -4 -3 -3   14   1   8  19   0   3  17   3   1   0   2  14   0   0  10   4   3   0   0   1  0.33 0.10
  126 A    5 -3 -3 -3  5 -3 -3 -2 -3 -3 -3 -2 -3 -4 -3  1  0 -4 -3 -2   74   0   0   0  13   0   0   0   0   0   0   0   0   0   0   7   4   0   0   0  0.96 0.27
  127 L   -3 -3 -5 -5 -3 -4 -4 -5 -4  0  6 -4  0 -1 -4 -4 -3 -3 -3  0    1   1   0   0   0   0   0   0   0   1  91   0   0   1   0   0   0   0   0   4  1.13 0.27
  128 R   -1  0 -1  1 -3  1  3 -3 -2 -3 -3  4 -2 -4 -2  0  2 -4 -2 -2    4   1   0   6   0   2  20   0   0   1   0  39   0   0   0   3  19   0   1   3  0.48 0.17
  129 G   -2 -4  0  2 -3 -3 -3  6 -3 -5 -5 -3 -4 -5 -4 -2 -3 -4 -5 -5    1   0   3  11   1   0   0  83   0   0   1   0   0   0   0   0   0   0   0   0  1.45 0.29
  130 C    4 -3 -3 -3  4 -2 -2 -2 -3 -1 -2 -2  2 -3 -3  1  0 -4 -3  1   51   0   0   0  12   0   0   0   0   1   0   1   9   0   0   9   5   0   0  10  0.54 0.19
  131 D   -3 -3  1  7 -5  0  3 -3 -1 -5 -5  0 -4 -5 -3 -1 -3 -5 -4 -5    0   0   4  70   0   3  15   0   1   0   0   4   0   0   0   1   0   0   0   0  1.26 0.27
  132 L   -2 -4 -4 -4 -2 -4 -4 -5 -4  4  2 -4  0 -2 -4 -3 -2 -4 -2  5    0   0   0   0   0   0   0   0   0  26  23   0   0   0   0   0   0   0   0  48  0.74 0.20
  133 V   -2 -4 -5 -5 -3 -4 -4 -5 -5  2 -1 -4 -1 -3 -4 -3 -2 -5 -3  7    0   0   0   0   0   0   0   0   0   8   0   0   0   0   0   0   0   0   0  90  1.29 0.32
  134 I   -2 -4 -4 -4 -2 -4 -4 -5 -4  4  3 -4  1 -1 -4 -3 -2 -4 -2  4    1   0   0   0   0   0   0   0   0  28  29   0   1   0   0   0   0   0   0  40  0.70 0.19
  135 I   -3 -5 -5 -5 -3 -5 -5 -6 -5  7  0 -5  0 -2 -5 -4 -3 -4 -3  1    0   0   0   0   0   0   0   0   0  96   0   0   0   0   0   0   0   0   0   2  1.56 0.35
  136 P   -3 -4 -4 -3 -3 -3 -3 -4 -4 -5 -5 -3 -4 -5  8  1 -3 -6 -5 -4    0   0   0   0   1   0   0   0   0   0   0   0   0   0  87  10   0   0   0   0  2.35 0.39
  137 A    6 -3 -3 -4 -2 -3 -3 -2 -4 -3 -3 -3 -3 -4 -3 -1 -2 -4 -4 -2   98   0   0   0   0   0   0   0   0   0   0   0   0   0   0   0   0   0   0   0  1.39 0.35
  138 G   -2 -4 -2 -3 -4 -4 -4  7 -4 -6 -5 -3 -5 -5 -4 -2 -3 -4 -5 -5    0   0   0   0   0   0   0  98   0   0   0   0   0   0   0   0   0   0   0   0  1.93 0.35
  139 V   -2 -4 -5 -5 -3 -4 -4 -5 -5  2  0 -4  1 -2 -4 -3 -2 -4 -3  6    0   0   0   0   0   0   0   0   0   6   4   0   4   0   0   0   0   0   0  85  1.15 0.29
  140 P    1 -4 -4 -4 -4 -3 -3 -4 -4 -5 -5 -3 -4 -5  8 -3 -3 -5 -5 -4   11   0   0   0   0   0   0   0   0   0   0   0   0   0  87   0   0   0   0   0  2.35 0.38
  141 R   -4  8 -3 -4 -5 -1 -2 -4 -2 -5 -4  0 -3 -5 -4 -3 -3 -5 -4 -5    0  98   0   0   0   0   0   0   0   0   0   0   0   0   0   0   0   0   0   0  1.98 0.40
  142 K   -3  0 -2 -3 -5 -1 -1 -4 -3 -5 -4  7 -3 -5 -3 -2 -3 -5 -4 -4    0   0   0   0   0   0   0   0   0   0   0  98   0   0   0   0   0   0   0   0  1.69 0.38
  143 P   -3 -3 -4 -4 -5 -3 -3 -4 -4 -5 -5 -3 -5 -6  9 -3 -3 -6 -5 -5    0   1   0   0   0   0   0   0   0   0   0   0   0   0  97   0   0   0   0   0  2.77 0.43
  144 G   -2 -4 -2 -3 -5 -4 -4  7 -4 -6 -6 -4 -5 -5 -4 -2 -4 -5 -5 -5    0   0   0   0   0   0   0 100   0   0   0   0   0   0   0   0   0   0   0   0  2.03 0.37
  145 M   -4 -4 -5 -6 -4 -3 -5 -5 -4 -1  0 -4 10 -3 -5 -4 -3 -4 -4 -2    0   0   0   0   0   0   0   0   0   0   0   0  99   0   0   0   0   0   0   0  2.53 0.51
  146 T   -2 -3 -1  2 -3 -3 -2 -4 -4 -3 -4 -3 -3 -4 -3  0  7 -5 -4 -2    0   0   0  14   0   0   0   0   0   0   0   0   0   0   0   2  83   0   0   0  1.34 0.35
  147 R   -4  8 -3 -4 -6 -1 -2 -5 -2 -5 -5  0 -4 -5 -4 -3 -3 -5 -4 -5    0 100   0   0   0   0   0   0   0   0   0   0   0   0   0   0   0   0   0   0  2.08 0.42
  148 D   -1 -4 -1  7 -5 -2  0 -3 -3 -5 -6 -3 -5 -5 -3  1 -3 -6 -5 -5    5   0   0  85   0   0   0   0   0   0   0   0   0   0   0  10   0   0   0   0  1.63 0.35
  149 D   -4 -4 -1  8 -6 -3  0 -4 -3 -6 -6 -3 -5 -6 -4 -2 -3 -7 -5 -6    0   0   0  99   0   0   1   0   0   0   0   0   0   0   0   0   0   0   0   0  2.16 0.41
  150 L   -3 -4 -5 -6 -3 -4 -5 -6 -5  0  6 -4  0 -1 -5 -4 -3 -4 -3 -1    0   0   0   0   0   0   0   0   0   0 100   0   0   0   0   0   0   0   0   0  1.41 0.33
  151 F   -5 -5 -5 -6 -5 -6 -6 -6 -4 -2 -2 -6 -2  9 -6 -5 -5 -1  1 -3    0   0   0   0   0   0   0   0   0   0   0   0   0 100   0   0   0   0   0   0  2.35 0.43
  152 K   -2 -2  8  0 -5 -2 -2 -2 -2 -5 -5  2 -4 -5 -4  0 -2 -6 -4 -4    2   0  79   1   0   0   0   1   0   0   0  12   0   0   0   4   1   0   0   1  1.45 0.34
  153 I   -2 -3 -3 -4 -3 -3 -3 -4 -4  5 -1 -1  0 -2 -3 -1  4 -4 -3  2    0   0   0   0   0   0   0   0   0  41   0   3   1   0   0   0  41   0   0  12  0.72 0.24
  154 N   -4 -3  8 -1 -5 -2 -3 -3 -2 -6 -6 -2 -5 -5 -4 -2 -2 -6 -4 -5    0   0  99   0   0   0   0   0   0   0   0   0   0   0   0   0   0   0   0   0  2.15 0.43
  155 A    6 -3 -4 -4 -2 -3 -3 -2 -4 -3 -3 -3 -3 -4 -3 -1 -2 -5 -4 -2   98   0   0   0   0   0   0   0   0   1   0   0   0   0   0   0   0   0   0   0  1.41 0.36
  156 G   -1 -3  0 -2 -3 -2 -3  5 -3 -4 -5 -2 -4 -4 -3  3  0 -4 -4 -4    1   0   4   0   0   0   0  55   0   0   0   0   0   0   0  33   6   0   0   0  0.96 0.24
  157 I   -3 -5 -5 -5 -3 -5 -5 -6 -5  7  0 -5 -1 -2 -5 -4 -3 -5 -3  1    0   0   0   0   0   0   0   0   0  97   0   0   0   0   0   0   0   0   0   2  1.62 0.36
  158 V   -2 -4 -5 -5 -3 -4 -4 -5 -5  2 -1 -4 -1 -3 -4 -4 -2 -5 -3  7    1   0   0   0   0   0   0   0   0   4   0   0   0   0   0   0   1   0   0  94  1.37 0.34
  159 R    0  6 -2 -3 -2  1 -1 -3 -1 -4 -3  4 -2 -4 -3 -2 -2 -4 -3 -4   10  51   0   0   1   4   0   0   1   0   1  30   1   0   0   0   0   0   0   0  0.94 0.24
  160 D   -1 -2  3  5 -3 -1  0  0 -2 -4 -4 -1 -3 -4 -3  1  3 -5 -4 -3    2   0  14  39   0   1   1   6   0   0   0   1   0   0   0  11  25   0   0   0  0.67 0.20
  161 L   -3 -4 -5 -6 -3 -4 -5 -6 -5  1  6 -4  0 -1 -5 -4 -3 -4 -3 -1    0   0   0   0   0   0   0   0   0   5  95   0   0   0   0   0   0   0   0   0  1.30 0.31
  162 V    3 -3 -3 -3  5 -3 -3 -2 -3  1 -2 -3 -1 -3 -3  0  1 -1 -3  2   38   0   0   0  15   0   0   0   0   9   0   0   1   0   0   5   8   1   0  22  0.48 0.18
  163 T    1 -1 -1  0 -3  2  4 -2 -1 -2 -3  2 -2 -4 -2  0  1 -4 -3 -2   12   1   2   3   0   8  38   1   0   2   0  17   0   0   0   4  10   0   0   2  0.44 0.16
  164 A    5 -2 -2 -3 -1  0 -2  3 -3 -3 -3  0 -3 -4 -3  0 -1 -4 -3 -1   59   1   1   0   1   5   0  22   0   0   0   6   0   0   0   2   1   0   0   3  0.64 0.21
  165 V    1 -4 -4 -4  6 -4 -4 -4 -4  4 -1 -4 -1 -2 -4 -2 -1 -4 -3  4   13   0   0   0  22   0   0   0   0  30   0   0   1   0   0   1   1   0   0  32  0.75 0.21
  166 G    6 -3 -3 -4 -2 -3 -3  0 -4 -3 -3 -3 -3 -4 -3  0 -1 -5 -4 -1   89   0   0   0   0   0   0   6   0   0   0   0   0   0   0   1   1   0   0   2  1.17 0.32
  167 Q   -1  1 -1  3 -4  2  3 -2 -1 -3 -3  4 -3 -4 -2 -1 -1 -4 -3 -2    4   7   1  16   0  10  19   1   1   1   0  34   0   0   0   1   3   0   0   2  0.50 0.16
  168 H    0 -2  3 -2  2 -1 -2 -3  5 -1 -2 -2 -2  0 -3  1  1 -2  3  1    9   0  18   0   6   1   1   0  19   1   0   0   0   4   0   9  10   0  11  14  0.32 0.14
  169 C    2 -5 -4 -5 10 -4 -5 -3 -5 -3 -4 -4 -3 -5 -4  0 -3 -5 -4 -3   23   0   0   0  69   0   0   1   0   0   0   0   0   0   0   7   0   0   0   0  1.97 0.37
  170 P   -3 -5 -4 -4 -5 -4 -4 -5 -5 -5 -5 -3 -5 -6  9 -3 -3 -6 -5 -5    0   0   0   0   0   0   0   0   0   0   0   0   0   0  99   1   0   0   0   0  2.91 0.46
  171 G   -2  0  4  2 -4  1  2 -1  2 -4 -4  4 -3 -3 -3 -1 -1 -4 -3 -4    1   1  22  12   0   3  14   2   5   0   0  36   0   1   0   0   4   0   0   0  0.56 0.18
  172 A    6 -4 -4 -4 -2 -3 -3 -2 -4 -3 -4 -3 -3 -4 -3 -1 -2 -5 -4 -2   99   0   0   0   0   0   0   0   0   0   0   0   0   0   0   1   0   0   0   0  1.45 0.36
  173 V   -1 -2  0 -3  4 -2 -3 -3  2  1  2 -2  3  3 -3 -2 -2  0  0  0    6   0   6   0  12   0   0   0   7  12  20   2  10  18   0   2   0   1   1   4  0.26 0.11
  174 L   -2 -4 -5 -5 -3 -4 -4 -5 -5  5  1 -4  1 -1 -4 -4 -2 -4 -3  4    0   0   0   0   0   0   0   0   0  46  10   0   4   1   0   0   1   0   0  38  0.85 0.22
  175 N    0 -3  3 -2  4 -2 -2  2  2 -2  2 -2 -1 -3 -3 -1 -2 -4 -3 -2   11   0  20   0  13   1   1  19   7   0  28   0   0   0   0   0   0   0   0   0  0.36 0.16
  176 I   -3 -4 -5 -5 -3 -4 -5 -5 -5  6  1 -4  2 -2 -4 -4 -2 -4 -3  4    0   0   0   0   0   0   0   0   0  61   7   0   6   0   0   0   0   0   0  26  0.98 0.25
  177 I   -3 -4 -5 -5 -3 -5 -5 -6 -5  7  0 -5 -1 -2 -5 -5 -3 -5 -3  1    0   1   0   0   0   0   0   0   0  98   0   0   0   0   0   0   0   0   0   1  1.66 0.37
  178 S    1 -3 -1 -2 -2 -2 -2 -2 -3 -4 -4 -2 -3 -4 -3  5  3 -5 -4 -3    9   0   0   0   0   0   0   0   0   0   0   0   0   0   0  68  23   0   0   0  0.98 0.29
  179 N   -4 -3  8 -1 -5 -2 -3 -2 -2 -6 -6 -2 -5 -6 -4 -2 -2 -6 -5 -5    0   0  99   0   0   0   0   1   0   0   0   0   0   0   0   0   0   0   0   0  2.17 0.44
  180 P   -3 -5 -5 -4 -5 -4 -4 -5 -5 -5 -5 -3 -5 -6  9 -3 -4 -6 -6 -5    0   0   0   0   0   0   0   0   0   0   0   0   0   0 100   0   0   0   0   0  2.94 0.46
  181 V   -2 -5 -5 -5 -3 -4 -5 -5 -5  1 -1 -4 -1 -3 -5 -4 -2 -5 -3  7    0   0   0   0   0   0   0   0   0   0   0   0   0   0   0   0   0   0   0 100  1.56 0.37
  182 N   -4 -3  8 -1 -5 -2 -3 -3 -2 -6 -6 -2 -5 -6 -4 -2 -2 -6 -5 -5    0   0 100   0   0   0   0   0   0   0   0   0   0   0   0   0   0   0   0   0  2.19 0.44
  183 S   -1 -3 -1 -2 -3 -2 -2 -1 -3 -4 -4 -2 -3 -4 -2  6  2 -5 -4 -3    1   0   0   0   0   0   0   2   0   0   0   0   0   0   0  84  13   0   0   0  1.20 0.34
  184 T   -2 -3 -2 -3 -1 -3 -3 -4 -4 -2 -3 -3 -1 -4 -3 -1  7 -5 -4 -2    1   0   0   0   1   0   0   0   0   1   0   0   1   0   0   0  96   0   0   0  1.64 0.40
  185 V   -2 -5 -5 -5 -3 -4 -5 -5 -5  2 -1 -4 -1 -3 -4 -4 -2 -5 -3  7    1   0   0   0   0   0   0   0   0   8   0   0   0   0   0   0   0   0   0  91  1.36 0.33
  186 P    1 -4 -4 -4 -5 -3 -3 -4 -4 -5 -5 -3 -5 -6  8 -3 -3 -6 -5 -4   12   0   0   0   0   0   0   0   0   0   0   0   0   0  88   0   0   0   0   0  2.43 0.40
  187 I   -3 -5 -5 -5 -3 -5 -5 -6 -5  7  0 -5 -1 -2 -5 -4 -3 -5 -3  1    1   0   0   0   0   0   0   0   0  98   0   0   0   0   0   0   0   0   0   2  1.65 0.37
  188 A    5 -3 -3 -4  2 -3 -3 -2 -4 -1 -2 -3 -2 -2 -3 -1  1 -4 -3  2   63   0   0   0   4   0   0   0   0   0   0   0   0   1   0   0   9   0   0  22  0.69 0.24
  189 A    6 -2 -3 -3  1 -2 -2 -1 -3 -3 -3 -2 -3 -4 -3  2 -1 -4 -4 -1   80   1   0   0   2   0   0   1   0   0   0   0   0   0   0  12   1   0   0   3  0.97 0.28
  190 E   -2 -2 -2  0 -6  0  7 -4 -2 -5 -5 -1 -4 -5 -3 -2 -3 -5 -4 -5    2   1   0   2   0   1  93   0   0   0   0   0   0   0   0   1   0   0   0   0  1.65 0.37
  191 Q   -1 -4 -4 -5 -2 -3 -3 -5 -5  2 -1 -4 -1 -3 -4 -3  1 -5 -3  6    2   0   0   0   0   0   1   0   0   9   0   0   0   0   0   0   7   0   0  80  1.04 0.28
  192 L   -3 -4 -5 -5 -2 -4 -5 -5 -3 -1  4 -4  1  6 -5 -4 -3 -2  2 -1    0   0   0   0   1   0   0   0   0   0  51   0   2  43   0   0   0   0   4   0  1.04 0.25
  193 K   -2  1 -2 -3 -5  0  0 -3 -3 -5 -5  7 -3 -5 -3 -2 -3 -5 -4 -4    1   3   0   0   0   1   3   0   0   0   0  90   0   0   0   0   0   0   0   0  1.48 0.35
  194 K    1  2 -1 -2 -4  2 -1 -3 -2 -4 -3  6 -2 -4 -3  0 -2 -4 -3 -3   10   8   2   0   0   7   1   0   0   0   1  62   0   0   0   7   0   0   0   1  0.78 0.23
  195 M    4  0 -1 -3 -3 -1 -1 -2  4 -3 -2  3 -2 -4 -3 -1 -2 -4 -2 -2   50   3   1   0   0   1   2   0  14   0   3  24   1   0   0   1   0   0   0   0  0.56 0.21
  196 G   -2 -4  1 -3 -5 -4 -4  7 -4 -6 -6 -3 -5 -5 -4 -2 -3 -5 -5 -5    0   0   5   0   0   0   0  94   0   0   0   0   0   0   0   0   0   0   0   0  1.82 0.34
  197 V   -1 -4 -4 -4  0 -3 -4 -4 -4  1 -1 -2  0 -3 -4 -2  2 -4 -3  6    2   0   0   0   2   0   0   0   0   0   1   2   1   0   0   0  18   0   0  74  0.91 0.27
  198 Y   -4 -4 -5 -6 -5 -4 -5 -5 -1 -3 -3 -4 -3  4 -5 -4 -4  0  9 -3    0   0   0   0   0   0   0   0   0   0   1   0   0  17   0   0   0   0  82   0  2.10 0.41
  199 D   -4 -3  5  7  0 -2  0 -3 -2 -5 -6 -2 -5 -5 -4 -2 -3 -6 -5 -5    0   0  30  66   2   0   1   0   0   0   0   0   0   0   0   0   0   0   0   0  1.48 0.32
  200 K   -2 -2 -4 -3 -5 -2  0 -4 -2 -5 -5  2 -4 -5  8 -3 -3 -6 -5 -4    2   1   0   0   0   0   7   0   1   0   0  13   0   0  75   0   0   0   0   1  1.89 0.34
  201 R   -1  3  3 -2 -4  0 -1 -2 -1 -4 -4  5 -3 -5 -3 -1 -2 -5 -3 -4    5  16  20   0   0   1   0   1   0   0   0  53   0   0   0   2   1   0   0   0  0.80 0.23
  202 K   -3  6 -2 -3 -5 -1 -1 -4 -1 -5 -4  5 -3 -5 -3 -2 -2 -5 -4 -4    0  52   0   0   0   0   0   0   1   0   0  46   0   0   0   0   1   0   0   0  1.30 0.31
  203 V   -2 -4 -5 -5 -3 -4 -4 -5 -5  2  5 -4  0 -1 -4 -4 -2 -3 -3  2    1   0   0   0   0   0   0   0   0  13  74   0   0   0   0   0   0   0   0  13  0.92 0.24
  204 M   -4 -5 -5 -6 -2 -5 -5 -5 -3 -1  1 -5  1  8 -6 -4 -4 -1  1 -2    0   0   0   0   1   0   0   0   0   1  10   0   3  84   0   0   0   0   1   1  1.72 0.35
  205 G   -2 -4 -2 -3 -5 -4 -4  7 -4 -6 -6 -4 -5 -5 -4 -2 -4 -5 -5 -5    0   0   0   0   0   0   0 100   0   0   0   0   0   0   0   0   0   0   0   0  2.03 0.37
  206 V   -2 -5 -5 -5 -3 -4 -5 -5 -5  2 -1 -4 -1 -3 -4 -4 -2 -5 -3  7    0   0   0   0   0   0   0   0   0   4   0   0   0   0   0   0   0   0   0  96  1.46 0.35
  207 T   -2 -3 -2 -3 -3 -3 -3 -4 -4 -3 -3 -3 -3 -4 -3  1  7 -5 -4 -2    0   0   0   0   0   0   0   0   0   0   0   0   0   0   0   5  95   0   0   0  1.64 0.40
  208 T   -2 -3 -2 -3 -3 -3 -3 -4 -2 -3 -3 -3  0 -4 -3  0  7 -5 -4 -2    1   0   0   0   0   0   0   0   1   0   0   0   3   0   0   3  92   0   0   0  1.51 0.38
  209 L   -3 -4 -5 -6 -3 -4 -5 -6 -5  0  6 -4  0 -1 -5 -4 -3 -4 -3 -1    0   0   0   0   0   0   0   0   0   0  99   0   0   1   0   0   0   0   0   0  1.39 0.32
  210 D   -4 -4 -1  8 -6 -3 -1 -3 -3 -6 -6 -3 -5 -6 -4 -2 -3 -7 -5 -6    0   0   0  99   0   0   0   1   0   0   0   0   0   0   0   0   0   0   0   0  2.16 0.41
  211 V   -2 -4 -5 -5 -3 -4 -4 -5 -5  4  0 -4 -1 -2 -4 -2 -1 -5 -3  6    1   0   0   0   0   0   0   0   0  20   1   0   0   0   0   2   2   0   0  74  1.05 0.28
  212 V   -1 -4 -4 -5  0 -4 -4 -5 -5  3  0 -4  0 -2 -4 -3 -1 -4 -3  6    4   0   0   0   2   0   0   0   0  18   5   0   1   0   0   0   2   0   0  69  0.88 0.24
  213 R   -4  8 -3 -4 -6 -1 -2 -5 -2 -5 -5  0 -4 -5 -4 -3 -3 -5 -4 -5    0 100   0   0   0   0   0   0   0   0   0   0   0   0   0   0   0   0   0   0  2.09 0.42
  214 A    6 -3 -3 -3 -2 -2 -3 -2 -3 -3 -3 -2 -3 -4 -3  3 -1 -4 -4 -2   79   0   0   0   0   0   0   0   0   0   0   0   0   0   0  19   0   0   0   1  1.07 0.30
  215 K   -1  1  5  0 -4  0  2 -2 -1 -4 -4  1 -3 -4 -3  2 -1 -5 -3 -4    5   7  42   0   0   2  15   0   0   0   0   7   0   0   0  22   1   0   0   0  0.65 0.20
  216 T    0  3 -2 -3 -3 -2 -2 -3 -3 -3 -3 -1 -3 -4 -3  0  6 -4 -3 -2    8  19   0   0   0   1   0   0   0   0   0   1   0   0   0   1  69   0   0   0  0.99 0.30
  217 F   -5 -5 -5 -6 -5 -6 -6 -6 -4 -2 -2 -6 -2  9 -6 -4 -4 -1  1 -3    0   0   0   0   0   0   0   0   0   0   0   0   0  99   0   1   0   0   0   0  2.30 0.43
  218 Y   -2 -4 -4 -5 -2 -4 -4 -5 -4  4  1 -4 -1 -1 -4 -3 -1 -3  2  5    1   0   0   0   0   0   0   0   0  22   8   0   0   0   0   0   2   0   8  58  0.78 0.22
  219 A    5 -3 -2 -3 -2 -1 -2  1 -3 -3 -3 -2 -3 -4 -3  3 -1 -4 -3 -2   67   0   0   0   0   2   0   7   0   0   0   0   0   0   0  23   0   0   0   1  0.84 0.26
  220 E   -1 -1 -1  0 -5  3  6  0  0 -5 -5 -1 -3 -5 -3 -1 -2 -4 -4 -4    3   0   2   1   0  12  68   9   1   0   0   1   0   0   0   2   1   0   0   0  0.99 0.27
  221 K    1 -1 -2 -3 -2 -2 -2 -3 -2  2  2  1  0 -1 -3 -1 -1 -2 -2  2   16   2   2   0   0   0   0   0   1  13  28  16   1   1   0   2   1   0   1  17  0.19 0.10
  222 N    1  0 -1 -2 -3  1 -1 -2 -2 -1  0  5 -1 -3 -3  0 -1 -4 -3 -1   12   1   2   0   0   4   1   1   0   2  13  53   1   0   0   4   3   0   0   3  0.45 0.18
  223 G   -2 -3  3 -1 -2 -2 -2  6 -2 -5 -5  0 -4 -5 -4 -1 -2 -4 -4 -5    0   0  17   3   1   0   1  70   1   0   0   6   0   0   0   1   0   0   0   0  1.16 0.26
  224 L   -1 -2 -2 -3 -2 -2 -2 -3 -2  0  3  1  0 -1 -3 -1  2 -1 -2  2    2   0   1   0   0   1   1   1   1   2  41  13   1   1   0   4  15   1   0  16  0.25 0.13
  225 D   -2  0  3  6 -5 -1  0 -3 -1 -4 -4  0 -4 -5  1  0 -2 -5 -4 -4    2   4  14  55   0   2   3   0   1   0   1   7   0   0   8   4   0   0   0   0  0.86 0.22
  226 V   -1 -4 -4 -4 -4 -3 -3 -4 -4 -1  0 -3 -2 -4  7 -2 -1 -5 -4  2    5   0   0   0   0   0   0   0   0   1   8   0   1   0  61   2   2   0   0  20  1.37 0.28
  227 A    2  1  0 -1 -2  1  0 -1 -1  0 -2  1 -2 -3 -1  1  1 -3 -1 -1   28   9   5   2   0   6   5   2   0   7   1  11   0   0   1  10   9   0   2   2  0.16 0.08
  228 S   -1  1  2  4 -3  1  3 -2 -1 -4 -4  2 -3 -4 -2  0  0 -4 -3 -3    2  10   9  30   0   3  20   1   1   0   1  13   0   0   0   5   6   0   0   0  0.50 0.14
  229 V   -1 -3 -3 -3 -2 -2  1 -4 -3  2  0 -3  0 -2 -3 -2  1 -4 -2  5    1   0   1   0   0   0  15   0   0   7   4   0   1   0   0   0  12   0   1  56  0.52 0.19
  230 D   -1  0  4  3 -3  0  1 -2  1 -2 -3  1 -3 -3 -1  0  0 -4 -2 -2    2   4  33  20   0   2   5   1   4   2   0   9   0   0   3   7   6   0   1   2  0.43 0.14
  231 V   -2 -4 -5 -5  0 -4 -4 -5 -5  3 -1 -4 -1 -2 -4 -3 -2 -4 -3  6    1   0   0   0   2   0   0   0   0  15   1   0   0   0   0   0   0   0   0  80  1.11 0.28
  232 P   -2 -4 -1 -3 -4 -2 -3 -4 -2 -4 -4 -2 -4 -5  8 -1  2 -5 -4 -3    1   0   4   1   0   1   0   0   1   0   0   1   0   0  74   2  15   0   0   1  1.85 0.33
  233 V   -2 -4 -5 -5 -3 -4 -4 -5 -5  1 -1 -4 -1 -3 -4 -4 -2 -5 -3  7    1   0   0   0   0   0   0   0   0   1   0   0   0   0   0   0   0   0   0  96  1.41 0.34
  234 V   -2 -4 -5 -5 -3 -4 -4 -5 -5  5  0 -4 -1 -2 -4 -4 -2 -4 -2  5    0   0   0   0   0   0   0   0   0  50   1   0   0   0   0   0   0   0   1  46  1.02 0.26
  235 G   -2 -4 -2 -3 -4 -4 -4  7 -4 -5 -5 -3 -5 -5 -4 -2 -3 -4 -5 -4    0   0   0   0   0   0   0  97   0   0   0   0   0   0   0   0   0   0   0   1  1.88 0.34
  236 G   -2 -4 -2 -3 -4 -4 -4  7 -4 -6 -6 -3 -5 -5 -4 -2 -4 -4 -5 -5    0   0   0   0   0   0   0  98   0   0   0   0   0   0   0   0   0   0   0   0  1.94 0.35
  237 H   -4 -3 -2 -4 -5 -2 -3 -4 11 -6 -5 -3 -4 -4 -5 -3 -4 -5 -1 -6    0   0   0   0   0   0   0   0  98   0   0   0   0   0   0   0   0   0   0   0  2.84 0.49
  238 A    4 -3 -2 -2 -2 -2 -2 -2 -3 -4 -4 -2 -3 -4 -2  5 -1 -4 -3 -3   42   0   0   0   0   0   0   0   0   0   0   0   0   0   0  57   0   0   0   0  0.93 0.28
  239 G   -1 -4 -2 -3 -4 -4 -4  7 -4 -6 -5 -3 -5 -5 -4 -2 -3 -4 -5 -5    1   0   0   0   0   0   0  97   0   0   0   0   0   0   0   0   0   0   0   0  1.90 0.34
  240 V   -1 -2 -2 -2 -2 -2 -1 -3 -3  3 -1  0 -1 -2 -1 -2  1 -4 -3  4    4   0   1   1   0   0   5   1   0  23   0   9   0   0   3   1   7   0   0  45  0.39 0.16
  241 T   -2 -3 -2 -3 -3 -3 -3 -4 -4 -3 -3 -2 -3 -4 -3 -1  7 -5 -4 -2    0   0   0   0   0   0   0   0   0   0   0   1   0   0   0   0  98   0   0   0  1.68 0.40
  242 I   -3 -5 -5 -5 -3 -5 -5 -6 -5  7  0 -5 -1 -2 -5 -4 -3 -5 -3  1    0   0   0   0   0   0   0   0   0  98   0   0   0   0   0   0   0   0   0   0  1.63 0.36
  243 L   -2 -4 -4 -5 -2 -3 -4 -5 -4  3  4 -4  1 -1 -4 -3 -2 -3 -2  3    0   0   0   0   0   0   0   0   0  19  52   0   1   0   0   0   0   0   0  27  0.72 0.19
  244 P   -3 -4 -4 -4 -5 -4 -3 -4 -4 -5 -5 -3 -5 -6  9 -3 -3 -6 -5 -5    0   0   0   0   0   0   0   0   0   0   0   0   0   0  98   0   0   0   0   0  2.82 0.44
  245 L   -3 -4 -5 -5 -3 -4 -4 -5 -4  1  6 -4  1 -1 -4 -4 -3 -3 -3  0    0   0   0   0   0   0   0   0   0   3  90   0   0   0   0   0   0   0   0   4  1.14 0.27
  246 F   -3 -4 -4 -5 -3 -4 -4 -5 -4  3  4 -4  0  3 -3 -3 -2 -2 -1  0    0   0   0   0   0   0   0   0   0  18  60   0   0  18   1   1   0   0   1   1  0.75 0.20
  247 S   -1 -3 -1 -2 -3 -2 -2 -2 -3 -4 -4 -2 -4 -4 -3  7 -1 -5 -4 -4    0   0   0   0   0   0   0   0   0   0   1   0   0   0   0  98   0   0   0   0  1.49 0.38
  248 Q   -3  0 -2 -2 -5  8  0 -4 -2 -5 -4  1 -3 -5 -3 -2 -3 -4 -4 -4    1   2   0   0   0  87   0   0   0   0   0   7   0   0   0   0   0   0   0   0  1.72 0.39
  249 A    2 -3 -2 -3  4 -2 -2 -2 -3  1 -1 -2 -1 -3 -2  1  2 -3 -3  2   22   0   0   0  12   1   0   1   0   6   3   0   0   0   0  14  16   0   0  24  0.33 0.14
  250 T   -1  1  2 -1 -2  1  1 -2 -1 -2 -2  2 -1 -2  0  1  3 -3 -2 -2    3   5   9   1   0   8  12   1   0   1   1  15   1   1   3  10  26   0   1   1  0.27 0.10
  251 P   -2 -3 -2 -2 -3 -1 -1 -2  4 -3 -3 -2 -3 -3  7 -2 -2 -2  0 -3    2   1   2   1   0   2   2   3  14   1   1   1   0   1  62   1   1   0   4   1  1.38 0.24
  252 K    0 -1 -1 -2 -2  0 -1  3 -1 -3 -3  2 -3 -2  4  1 -1 -4 -2 -3    7   1   1   1   1   4   0  23   1   0   1  20   0   1  20  15   2   0   0   1  0.43 0.13
  253 A    1 -2 -2 -1  3 -2 -1 -2 -2  1  0  0 -1  0 -2  0  0 -3 -1  3   13   0   1   4   7   1   2   1   0   2   3   6   0   4   1   7   4   0   1  42  0.19 0.11
  254 T    0 -1  2  2 -3  0  1 -1 -2 -3 -2  0 -2 -3 -1  3  1 -2 -3 -3    4   0  11  12   0   2  11   3   0   1   3   6   0   0   2  34   8   0   0   0  0.32 0.13
  255 M   -3 -4 -4 -5 -3 -4 -4 -4 -3  2  2 -4  1  7 -4 -2 -3  1  1  0    0   0   0   0   0   0   0   1   0  11  19   0   2  55   1   3   0   1   0   5  0.87 0.22
  256 S    0 -2  0  0 -3 -1 -1 -2 -3 -3 -3 -1 -3 -4  4  3  4 -4 -3 -2    4   0   3   5   0   2   3   1   0   0   0   2   0   0  20  24  37   0   0   0  0.63 0.20
  257 A    0 -1  0  4 -4  3  2  1  0 -4 -4  0 -3 -4  2  0 -1 -4 -3 -3    8   0   3  28   0  16  12  12   2   0   0   6   0   0   8   3   1   0   0   0  0.44 0.13
  258 E    0 -2 -1  4 -4  2  5 -2 -2 -4 -4  0 -3 -5 -2 -1 -2 -5 -4 -4    9   0   1  27   0   6  48   1   0   0   0   3   0   0   0   3   1   0   0   0  0.82 0.22
  259 V    0 -1 -1  1 -4  3  5 -3 -2 -3 -3  1 -3 -4 -2 -1  1 -4 -3 -1    5   1   0   6   0  16  49   1   0   0   1   8   0   0   0   1   8   0   0   4  0.65 0.20
  260 L   -1  1 -3 -3 -2 -2 -3 -4 -2  3  2 -1  0 -1 -3 -2 -1  0  2  2    3  13   0   0   0   0   0   0   1  24  21   3   1   0   0   0   3   1   8  20  0.27 0.11
  261 D    1  0 -1  3 -3  1  3 -2 -1 -3 -3  2 -2 -4 -2  1  0 -4 -3 -2   15   2   1  19   0   3  28   1   1   1   0  13   0   0   0   7   7   0   0   3  0.37 0.12
  262 A    4 -1 -1  0 -2  0  1 -2 -1 -3 -3  2 -2 -2 -1  0 -1 -3  2 -2   48   1   1   4   0   2  11   0   0   0   0  13   0   1   1   4   3   0   9   1  0.36 0.16
  263 L   -3 -4 -5 -5 -3 -4 -5 -6 -4  1  6 -4  1 -1 -5 -4 -2 -3 -1 -1    0   0   0   0   0   0   0   0   0   3  92   0   2   0   0   0   1   0   2   1  1.19 0.29
  264 T   -2 -3 -2 -3 -3 -3 -3 -4 -4  1 -2 -3 -1 -3 -3 -1  6 -4 -3  3    0   0   0   0   0   0   0   0   0   6   1   0   1   0   0   1  71   0   0  21  1.02 0.30
  265 K   -1  0  3  0 -3  0  0  0  5 -2 -3  3 -2 -3 -1 -1  0 -4 -1  0    3   2  17   3   0   1   4   7  19   1   0  26   1   0   2   2   4   0   1   9  0.33 0.14
  266 R   -4  8 -3 -4 -6 -1 -2 -5 -2 -5 -4  1 -4 -5 -4 -3 -3 -5 -4 -5    0  97   0   0   0   0   0   0   0   0   0   3   0   0   0   0   0   0   0   0  1.99 0.40
  267 T   -3 -5 -5 -5 -3 -4 -5 -5 -5  7  0 -4 -1 -2 -4 -3  1 -4 -3  2    0   0   0   0   0   0   0   0   0  78   0   0   0   0   0   0  11   0   0  11  1.16 0.30
  268 Q   -3 -1 -2 -3 -5  8  0 -4 -2 -5 -5 -1 -2 -6 -4 -2 -3 -4 -4 -5    1   1   0   0   0  97   0   0   0   0   0   0   1   0   0   0   0   0   0   0  2.08 0.46
  269 D   -3 -3  5  2 -4 -2  2 -3  0 -3 -3 -2 -3  5 -4 -2 -2 -2  1 -4    0   0  37  13   0   0  13   0   2   0   0   0   0  31   0   0   0   0   4   0  0.76 0.23
  270 G    4 -4 -3 -3 -3 -3 -3  5 -4 -4 -4 -3 -3 -4 -3 -1 -2 -4 -4 -3   45   0   0   0   0   0   0  55   0   0   0   0   0   0   0   0   0   0   0   0  1.13 0.27
  271 G   -2 -4 -2 -3 -5 -4 -4  7 -4 -6 -6 -4 -5 -5 -4 -2 -4 -5 -5 -5    0   0   0   0   0   0   0 100   0   0   0   0   0   0   0   0   0   0   0   0  2.03 0.37
  272 T   -2 -3 -1  5 -4 -2 -2 -3 -3 -3 -4 -3 -3 -5 -3 -1  6 -5 -4 -3    0   0   0  36   0   0   0   0   0   0   0   0   0   0   0   0  64   0   0   0  1.22 0.33
  273 E   -3 -2 -2  0 -6  0  7 -4 -2 -5 -5 -1 -4 -6 -3 -2 -3 -5 -4 -4    0   0   0   1   0   0  98   0   0   0   0   0   0   0   0   0   0   0   0   1  1.82 0.40
  274 V   -2 -5 -5 -5 -3 -4 -5 -4 -5  1 -1 -4 -1 -3 -5 -4 -2 -5 -3  7    0   0   0   0   0   0   0   1   0   0   0   0   0   0   0   0   0   0   0  99  1.52 0.37
  275 V   -2 -5 -5 -5 -3 -4 -4 -5 -5  1 -1 -4 -1 -3 -5 -4 -2 -5 -3  7    0   0   0   0   0   0   1   0   0   0   0   0   0   0   0   0   0   0   0  99  1.50 0.36
  276 Q   -2  0  0  0 -5  3  5 -3 -1 -5 -4  5 -3 -5 -3 -2 -2 -4 -3 -4    2   0   4   2   0  11  40   0   0   0   0  41   0   0   0   0   0   0   0   0  0.88 0.25
  277 A    6 -3 -3 -4 -2 -3 -3 -2 -4 -3 -3 -3 -3 -4 -3 -1 -2 -4 -4 -2   98   0   0   0   0   0   0   0   0   0   0   0   0   0   0   0   0   0   0   0  1.41 0.35
  278 K   -3  0 -2 -3 -5 -1 -1 -4 -1 -5 -5  7 -3 -5 -3 -2 -3 -5 -4 -4    0   0   0   0   0   0   0   0   1   0   0  97   0   0   0   0   0   0   0   0  1.66 0.38
  279 A    5 -3  0  4 -3 -2 -1 -1 -3 -3 -4 -2 -3 -4 -3  0 -2 -4 -4 -2   65   0   5  25   0   0   1   1   0   0   0   1   0   0   0   1   0   0   0   0  0.81 0.25
  280 G   -2 -4 -2 -3 -4 -4 -4  7 -4 -6 -6 -3 -5 -5 -4 -2 -4 -4 -5 -5    0   0   0   0   0   0   0  98   0   0   0   0   0   0   0   0   0   0   0   0  1.95 0.35
  281 K    5 -2 -2 -3 -2 -2 -2  2 -3 -3 -3  1 -3 -4 -2  0  0 -4 -3 -2   64   0   0   0   0   0   0  16   0   0   0  10   0   0   0   2   4   0   0   1  0.70 0.22
  282 G   -2 -4 -2 -3 -4 -4 -4  7 -4 -6 -6 -3 -5 -5 -4 -2 -4 -4 -5 -5    0   0   0   0   0   0   0  98   0   0   0   0   0   0   0   0   0   0   0   0  1.95 0.35
  283 S   -1 -3 -1 -2 -3 -2 -2 -2 -3 -4 -5 -2 -4 -4 -3  7 -1 -5 -4 -4    0   0   0   0   0   0   0   0   0   0   0   0   0   0   0  98   0   0   0   0  1.52 0.39
  284 A    6 -3 -3 -4 -2 -3 -3 -2 -4 -3 -3 -3 -3 -4 -3  0 -2 -4 -4 -2   97   0   0   0   0   0   0   0   0   0   0   0   0   0   0   1   0   0   0   0  1.37 0.35
  285 T   -2 -3 -2 -3 -3 -3 -3 -4 -4 -3 -3 -3 -3 -4 -2 -1  7 -5 -4 -2    1   0   0   0   0   0   0   0   0   0   0   0   0   0   1   0  96   0   0   0  1.63 0.39
  286 L   -3 -4 -5 -5 -3 -4 -5 -5 -5  0  6 -4  0 -1 -5 -4 -3 -3 -3 -1    0   0   0   0   0   0   0   0   0   0  98   0   0   0   0   0   0   0   0   0  1.34 0.31
  287 S   -1 -3 -1 -2 -3 -2 -2 -2 -3 -4 -5 -2 -4 -4 -2  7 -1 -5 -4 -4    0   0   0   0   0   0   0   0   0   0   0   0   0   0   1  97   0   0   0   0  1.46 0.38
  288 M   -3 -4 -5 -5 -4 -3 -4 -5 -4 -1  0 -4 10 -2 -5 -4 -3 -4 -3 -2    0   0   0   0   0   0   0   0   0   1   0   0  96   0   0   0   1   0   0   0  2.38 0.49
  289 A    6 -3 -3 -4 -2 -3 -3  2 -4 -2 -3 -3 -3 -4 -3 -1 -2 -4 -4 -2   86   0   0   0   0   0   0  13   0   1   0   0   0   0   0   0   0   0   0   0  1.14 0.31
  290 Y   -2 -2 -4 -4 -4  3 -3 -5  0 -3 -1 -3  2  3 -4 -3 -3  1  8 -3    2   0   0   0   0  16   0   0   1   0   3   0   6  11   0   0   0   1  58   0  1.20 0.30
  291 A    6 -4 -4 -4 -2 -3 -3 -2 -4 -3 -4 -3 -3 -4 -3 -1 -2 -5 -4 -2   99   0   0   0   0   0   0   0   0   0   0   0   0   0   0   0   1   0   0   0  1.45 0.36
  292 A    4 -4 -3 -3 -3 -3 -3  5 -4 -4 -4 -3 -4 -4 -3 -1 -2 -4 -4 -3   44   0   0   0   0   0   0  56   0   0   0   0   0   0   0   0   0   0   0   0  1.15 0.27
  293 A    6 -3 -3 -4  1 -3 -3 -2 -3 -3 -3 -2 -2 -1 -2  0 -2 -4 -1 -1   82   0   1   0   3   0   0   0   0   0   0   0   1   3   1   2   0   0   3   3  0.93 0.28
  294 L   -3  6 -2 -2 -4  0  0 -4 -1 -1 -1  3 -2 -4 -3 -2 -2 -4 -3 -1    0  61   0   0   0   1   6   0   1   3   6  15   0   0   0   0   1   0   0   4  0.87 0.23
  295 F   -4 -5 -5 -6 -5 -5 -5 -5 -3 -2 -1 -5  2  8 -6 -4 -4  1  1 -3    0   0   0   0   0   0   0   0   0   0   1   0   5  91   0   1   0   1   0   0  2.00 0.39
  296 A    4 -3 -3 -3  2 -2 -3  1 -3 -2 -2 -2 -2 -3 -2  0  1 -4 -3  2   53   0   0   0   5   0   0  11   0   0   1   0   0   0   1   1  12   0   0  16  0.52 0.19
  297 D   -2 -2  2  4 -2 -1  3 -1 -1 -2  0 -1 -1  2 -3 -1 -1 -3 -1 -2    1   1   9  26   1   1  24   5   1   1  13   1   1  11   0   2   2   0   1   1  0.30 0.12
  298 S    3 -1 -1 -2 -2 -1 -2 -2 -2 -4 -3  0 -3 -4 -2  5 -1 -4 -3 -3   29   2   1   0   0   1   1   1   0   0   1   6   0   0   0  58   0   0   0   0  0.72 0.24
  299 C   -2 -4 -4 -4  6 -3 -4 -4 -4  1  4 -4  1 -1 -4  0 -2 -3 -3  2    0   0   0   0  21   0   0   0   0   3  46   0   1   1   0   7   1   0   0  20  0.65 0.19
  300 L   -2 -4 -5 -5 -1 -4 -4 -5 -4  2  5 -4  2 -1 -4 -3 -2 -3 -3  2    1   0   0   0   1   0   0   0   0  11  67   0   3   0   0   1   0   0   0  16  0.78 0.21
  301 R   -1  5 -1  1 -5  0  0 -3  0 -4 -3  3 -3 -4 -3 -1 -2 -4 -3 -4    4  49   2  10   0   1   5   0   1   0   1  24   0   0   0   3   0   0   0   0  0.79 0.21
  302 G    5 -3 -3 -3 -3 -3 -3  5 -4 -4 -4 -3 -3 -4 -3 -1 -2 -2 -4 -3   58   0   0   0   0   0   0  41   0   0   0   0   0   0   0   0   0   0   0   0  1.02 0.27
  303 L    0 -3 -4 -4 -3 -2 -4 -4 -4  1  4 -3  4 -1 -4 -2 -2 -3 -2  0    8   0   0   0   0   1   0   0   0   5  60   1  16   1   0   3   0   0   0   4  0.65 0.20
  304 N    0  2  5  1 -4  3  0 -1 -1 -4 -3  2 -2 -4 -3  0 -1 -4 -3 -3    7  10  34   9   0  17   1   2   0   0   1  11   0   0   0   7   1   0   0   0  0.50 0.16
  305 G   -2 -4 -2 -3 -5 -4 -4  7 -4 -6 -6 -3 -5 -5 -4 -2 -4 -5 -5 -4    0   0   0   1   0   0   0  97   0   0   0   1   0   0   0   0   0   0   0   1  1.92 0.35
  306 A    1 -2 -2  1 -4  1  6 -3 -2 -3 -4  0 -3 -4 -3 -1 -1 -4 -3 -1   13   0   0   3   0   2  63   1   0   0   0   5   0   0   0   3   3   0   0   6  0.79 0.24
  307 P   -1 -1  2  2 -4 -1  0  3 -2 -4 -4  3 -3 -4  2 -1 -1 -4 -4 -3    1   0   9  15   0   0   4  28   1   0   0  27   0   0  12   1   1   0   0   1  0.52 0.16
  308 V   -2 -4 -4 -5 -3 -4 -4 -5 -5  4  0 -3 -1 -2 -4 -3 -2 -5 -3  6    1   0   0   0   0   0   0   0   0  25   2   1   0   0   0   0   0   0   0  70  1.01 0.27
  309 V   -2 -4 -4 -4 -3 -3 -4 -5 -3  4  0 -3  0 -1 -4 -3  0 -2  2  5    0   0   0   0   0   0   0   0   0  22   1   1   1   1   0   0   5   0  10  58  0.73 0.22
  310 E   -1 -2 -2  0 -5  1  7 -4 -2 -4 -3 -1 -2 -5 -3 -2 -1 -5 -4 -2    4   0   0   1   0   5  82   0   0   0   1   0   1   0   0   1   3   0   0   2  1.27 0.32
  311 C   -2 -5 -4 -5 10 -4 -4 -5 -3 -4 -4 -4 -3 -4  4 -2 -3 -4  1 -3    0   0   0   0  65   0   0   0   0   0   0   0   0   0  25   2   0   0   6   0  2.00 0.38
  312 T    3 -3 -2 -2 -2 -2 -2 -1 -3 -3 -3 -2 -2 -4 -2  4  4 -4 -3 -2   35   0   0   0   0   0   0   1   0   0   0   0   1   0   0  34  29   0   0   1  0.68 0.23
  313 Y   -4 -4 -5 -5 -5 -4 -5 -5 -1 -3 -2 -5 -1  7 -5 -4 -4  0  7 -3    0   0   0   0   0   0   0   0   0   0   0   0   1  49   0   0   0   0  49   1  1.77 0.35
  314 V   -2 -5 -5 -5 -3 -4 -4 -5 -3  2 -1 -4 -1 -3 -4 -3 -1 -5 -3  7    0   0   0   0   0   0   0   0   1   4   0   0   0   0   0   0   1   0   0  93  1.36 0.34
  315 E    1  1 -1  2 -4  3  3 -2 -1 -4 -4  2 -3 -3 -2 -1 -2 -3  0 -3   11   6   0  14   0  18  28   1   0   0   0  15   0   1   0   2   0   0   4   0  0.47 0.15
  316 S   -1 -3  0 -2 -1 -2 -1  2 -2 -3 -2 -2 -3 -4 -3  6  0 -4 -3 -2    1   0   2   0   1   0   2  12   0   0   4   0   0   0   0  73   2   0   1   2  0.82 0.27
  317 T   -2 -2  1  3 -3  2  2 -1 -1 -2 -3 -1 -3 -4  4  0  0 -4 -3 -3    1   0   7  22   0  10  13   2   1   3   0   2   0   0  25   5   7   0   0   0  0.55 0.15
  318 V   -1 -2 -2 -3 -2 -2  0  2 -3  1  2 -2  0 -2 -3 -1 -1 -3 -3  3    1   1   1   0   0   0   9  18   0   5  31   1   0   0   0   3   1   0   0  30  0.27 0.13
  319 T    0 -2 -1 -1 -2  0  1 -2 -2 -2 -2  0 -2 -1 -1  0  5 -3  3 -1    5   0   0   1   1   3  12   2   0   0   1   6   0   3   2   3  47   0  12   4  0.42 0.18
  320 D   -2 -1 -1  3 -4  0  4  2  2 -4 -4  2 -3 -3 -1 -1 -2 -4  1 -4    0   0   1  20   0   0  37  15   5   0   0  12   0   1   2   2   0   0   5   0  0.54 0.17
  321 A    2 -3 -3 -4  4 -2 -3 -3 -3  2  2 -3  0 -1 -3 -1  0 -3 -1  2   25   0   0   0  13   1   0   0   0  11  29   0   0   0   0   3   3   0   2  12  0.35 0.13
  322 P   -1  1 -1  2 -4  0  2 -2 -1 -3 -4  0 -3 -4  5 -1  1 -4 -3 -3    4   9   1  14   0   2  16   1   1   1   0   6   0   0  32   2  10   0   0   0  0.64 0.15
  323 Y   -4 -5 -5 -6 -2 -5 -5 -5 -2 -2 -2 -5 -2  8 -6 -4 -4  0  6 -3    0   0   0   0   1   0   0   0   0   0   0   0   0  69   0   0   0   0  29   0  1.80 0.36
  324 F   -5 -5 -5 -6 -5 -6 -6 -6 -2 -2 -1 -5 -2  9 -6 -5 -4 -1  1 -3    0   0   0   0   0   0   0   0   1   0   2   0   0  97   0   0   0   0   0   0  2.21 0.42
  325 A    5 -3 -2 -3  0 -2 -2 -2 -2 -3 -4 -2 -3 -4 -3  4 -1 -4 -3 -2   58   0   0   0   1   0   0   0   1   0   0   0   0   0   0  40   0   0   0   0  0.92 0.28
  326 S   -1 -2 -1 -2  0  2 -2 -2  0 -3 -3 -2 -2 -4 -2  4  4 -4 -3 -1    1   0   1   0   1  13   0   0   2   1   1   0   0   0   1  47  29   0   0   4  0.64 0.23
  327 K   -2  2  1 -2 -4 -1 -2 -3 -1 -4 -4  3 -3 -5  6 -2 -2 -5 -4 -3    2  12   8   0   0   2   0   0   1   0   1  25   0   0  47   0   0   0   0   1  1.11 0.24
  328 V   -2 -4 -5 -5  1 -4 -4 -5 -5  2  2 -4  0 -2 -3 -3 -2 -4 -3  6    0   0   0   0   3   0   0   0   0   9  18   0   0   0   1   0   0   0   0  69  0.90 0.25
  329 K   -2  3 -2 -2 -4  0  3 -3 -2 -2  1  2 -1 -3 -3 -1  1 -4 -3 -1    1  25   0   0   0   1  26   0   0   0  20  12   0   0   0   0  11   0   0   4  0.38 0.16
  330 L   -3 -4 -5 -6 -3 -4 -5 -6 -5  1  6 -4  0  1 -5 -4 -3 -3 -3 -1    0   0   0   0   0   0   0   0   0   5  91   0   0   4   0   0   0   0   0   0  1.20 0.29
  331 S   -2 -4 -2 -3 -5 -4 -4  7 -4 -6 -6 -4 -5 -5 -4 -2 -4 -5 -5 -5    0   0   0   0   0   0   0  99   0   0   0   0   0   0   0   1   0   0   0   0  2.00 0.37
  332 T   -2  3 -2 -3 -4 -1 -1 -3 -3 -3 -3  5 -3 -5  5 -2  0 -5 -4 -1    1  14   0   0   0   0   1   0   0   0   1  44   0   0  29   0   4   0   0   4  0.89 0.23
  333 E   -2 -1  6  1 -3  0  2  0  0 -4 -4  1 -3 -4 -3  0 -1 -5 -3 -4    1   1  50   7   1   2  12   6   1   0   0  11   0   0   0   4   3   0   0   1  0.72 0.21
  334 G   -2 -5 -3 -3 -5 -4 -4  7 -4 -6 -6 -4 -5 -5 -4 -2 -4 -5 -5 -5    0   0   0   0   0   0   0 100   0   0   0   0   0   0   0   0   0   0   0   0  2.06 0.38
  335 V    1 -4 -4 -5 -2 -4 -4 -4 -5  3  0 -4  0 -2 -4 -3 -2 -2 -3  5   12   0   0   0   0   0   0   0   0  21   4   0   1   0   0   0   0   0   0  63  0.83 0.24
  336 D    0 -2 -2  0 -5  1  6 -3 -1 -5 -4  1 -3 -5 -3 -1 -2 -5 -4 -2    6   0   0   2   0   3  78   0   1   0   0   5   0   0   0   2   0   0   0   3  1.19 0.31
  337 K    0  0 -1 -1 -4  1  4 -3 -1 -4 -4  5 -3 -5 -3 -1 -1 -4 -3 -3    6   3   2   0   0   3  36   0   0   0   0  45   0   0   0   2   3   0   0   1  0.76 0.23
  338 I   -1 -1  3 -3 -3 -3 -3 -4 -2  4  0 -3 -1 -1 -4 -2 -2 -4 -2  3    4   4  18   0   0   0   0   0   0  39   4   0   0   2   0   0   0   0   1  29  0.51 0.19
  339 H   -2 -2 -1 -3 -3 -2 -3 -4  5  0  4 -2  1  1 -3 -1 -2 -3  1 -1    1   1   4   0   0   1   0   0  20   3  50   2   3   5   0   6   0   0   4   0  0.47 0.18
  340 D   -1 -3 -1  2 -3  0  0  4 -2 -3 -4 -2 -4 -5  5  0 -2 -5 -4 -3    1   0   1  12   0   3   5  31   1   1   0   1   0   0  36   7   0   0   0   1  0.86 0.20
  341 L   -2 -4 -4 -5 -2 -3 -4 -5 -3  3  4 -4  1  0 -4 -3 -2 -2  2  2    1   0   0   0   0   0   0   0   0  22  49   0   3   3   0   0   1   0   9  13  0.61 0.17
  342 G   -2 -2 -2 -3 -4  0 -2  7 -3 -6 -5 -3 -4 -5  0 -1 -3 -4 -5 -5    0   1   1   0   0   5   2  84   0   0   0   0   0   0   5   1   0   0   0   0  1.45 0.30
  343 P    0  0  1  0 -4  1  2  1 -2 -3 -3  3 -2 -4  3  0  0 -4 -3 -3    5   1   6   4   0   5  13   9   0   0   1  29   0   0  17   4   7   0   0   0  0.41 0.13
  344 L   -2 -4 -5 -5 -3 -4 -4 -5 -4  3  5 -4  1 -1 -4 -4 -2 -3 -3  2    1   0   0   0   0   0   0   0   0  16  67   0   1   1   0   0   1   0   0  13  0.83 0.22
  345 S   -1 -2  4  0 -3 -2 -2 -2 -2 -3 -4 -2 -3 -4 -3  5  3 -5 -3 -3    0   0  20   5   0   0   0   0   0   0   1   0   0   0   0  55  17   0   0   0  0.80 0.26
  346 D    3 -2 -1  4 -3 -1  3 -2 -2 -4 -3 -1 -3 -4  1  1 -1 -4 -3 -3   30   0   1  25   0   1  24   1   0   0   1   2   0   0   8   7   1   0   0   0  0.53 0.18
  347 Y   -2 -3 -2 -3 -3 -2  0 -4  2 -2 -2 -2 -1  5 -4 -3 -2  0  7 -2    2   0   2   0   0   1   8   0   4   1   1   1   1  34   0   0   1   0  41   2  1.00 0.26
  348 E   -3 -2 -3 -1 -6  0  7 -4 -2 -6 -5 -1 -4 -6 -3 -2 -3 -5 -4 -5    0   0   0   0   0   0  99   1   0   0   0   0   0   0   0   0   0   0   0   0  1.91 0.43
  349 K   -1  2 -1 -1 -4  5  3 -3 -1 -3 -4  3 -2 -5 -3 -1 -2 -4 -3 -3    5  10   2   0   0  35  23   0   0   1   0  21   0   0   0   1   1   0   0   1  0.71 0.22
  350 A    1  0  0  0 -4  2  2  0  0 -3 -3  4 -2 -4 -2 -1 -1 -4 -3 -2   11   1   4   2   0  10  17   6   1   1   0  39   0   0   0   2   3   0   0   2  0.42 0.16
  351 G    2 -3 -1 -3 -1 -2 -3  2 -3 -1  3 -2  3 -2 -3 -1 -2  1 -3 -1   21   0   2   0   1   0   1  18   0   0  42   2   8   0   0   2   0   2   0   0  0.35 0.16
  352 L   -3 -2 -5 -5 -3 -3 -4 -5 -4  2  5 -2  2  1 -4 -4 -2 -3 -1  1    0   1   0   0   0   0   0   0   0  12  65   3   4   4   0   0   0   0   1   9  0.72 0.21
  353 K    1 -1  0  3 -4  1  5 -2 -2 -4 -4  2 -3 -5 -3 -1 -1 -5 -4 -3   13   0   4  19   0   3  45   1   0   0   0  12   0   0   0   2   2   0   0   1  0.67 0.21
  354 A    3 -1  0  1 -3 -1  1  0 -2 -3 -3  2 -2 -4 -2  1  0 -4 -3 -1   40   0   3   8   0   0  11   5   0   0   1  18   0   0   0   6   4   0   0   3  0.34 0.15
  355 M    3 -3 -3 -4  6 -3 -3 -3 -4 -1  2 -3  5 -3 -3 -1 -2 -4 -3 -1   36   0   0   0  20   0   0   0   0   0  18   0  23   0   0   1   0   0   0   1  0.73 0.24
  356 M   -2 -1 -3 -3 -3 -2 -2 -4 -3  2  3  3  2  0 -3 -2 -1 -3 -2  1    0   1   0   0   0   0   0   0   0  18  32  31   6   3   0   0   1   0   1   6  0.39 0.17
  357 P    0 -2 -2  1 -4 -1  2 -1 -2 -4 -4  1 -3 -5  6 -1 -1 -5 -4 -2    8   0   1  10   0   0  13   5   0   0   0  10   0   0  46   2   2   0   0   3  0.91 0.21
  358 E   -2 -2 -2  3 -4  0  5  0 -2 -4 -4 -1 -3 -5 -3 -1  2 -5 -4 -2    2   0   0  13   0   2  55   8   0   0   0   1   0   0   0   0  17   0   0   2  0.80 0.25
  359 L   -4 -4 -6 -6 -3 -4 -5 -6 -5  0  6 -5  0 -2 -5 -5 -3 -4 -3 -1    0   0   0   0   0   0   0   0   0   1  99   0   0   0   0   0   0   0   0   0  1.45 0.35
  360 L    0  1  0 -2 -4  2  0 -3 -1 -1 -2  5 -1 -4 -3  0 -2 -4 -3 -2    8   5   3   0   0   7   3   1   1   3   3  58   2   0   0   4   1   0   0   2  0.63 0.22
  361 A    2 -1 -1 -1 -3  0  0  2 -2 -3 -4  4 -3 -4 -2  1  0 -4 -3 -3   25   0   1   1   0   2   4  17   0   0   0  38   0   0   0  10   3   0   0   0  0.48 0.18
  362 S   -2 -2  6  3 -4  0 -1 -2 -2 -5 -5 -2 -3 -5 -3  4 -1 -5 -4 -4    0   0  42  16   0   4   1   0   0   0   0   0   1   0   0  36   1   0   0   0  0.93 0.27
  363 I   -3 -5 -6 -5 -3 -5 -6 -6 -6  8 -1 -5 -1 -2 -5 -5 -3 -5 -4  1    2   0   0   0   0   0   0   0   0  97   0   0   0   0   0   0   0   0   0   2  1.71 0.39
  364 E    0 -1 -1  1 -4  4  4 -3 -2 -4 -4  3 -3 -5 -3 -1 -1 -4 -3 -3    8   1   1   4   0  22  38   0   0   0   0  20   0   0   0   2   3   0   0   1  0.70 0.22
  365 K   -2  0 -2 -3 -5  0 -1 -4 -3 -3  0  7 -2 -4 -3 -2 -2 -5 -4 -3    1   1   1   0   0   1   2   0   0   1   9  81   1   0   0   1   2   0   0   0  1.17 0.33
  366 G   -2 -5 -3 -4 -5 -4 -4  7 -4 -6 -6 -4 -5 -6 -4 -2 -4 -5 -5 -6    0   0   0   0   0   0   0 100   0   0   0   0   0   0   0   0   0   0   0   0  2.10 0.40
  367 V   -2 -2 -3 -2 -2 -1  3 -4 -3  3 -1  0 -1 -2 -3 -2 -1 -4 -2  4    1   1   0   0   0   1  23   0   0  23   1   5   0   1   0   1   1   0   1  42  0.49 0.20
  368 Q    1 -1  1  4 -4  0  2 -2 -2 -4 -4  2 -3 -4 -2  1 -1 -4 -3 -3   15   0   5  30   0   3  16   0   0   0   0  18   0   0   0   8   3   0   0   0  0.50 0.16
  369 F   -5 -5 -6 -6 -4 -6 -6 -6 -4 -3 -2 -6 -2  9 -6 -4 -5  3  2 -3    0   0   0   0   0   0   0   0   0   0   0   0   0  94   0   0   0   4   2   0  2.25 0.44
  370 V    3 -4 -4 -4 -2 -3 -3 -3 -4  3 -1 -3  2 -3 -3 -2 -2 -4 -3  5   30   0   0   0   0   0   0   1   0  14   0   0   5   0   0   0   0   0   0  49  0.66 0.23
  371 K   -1  1  4 -1 -4  2  0 -2  2 -4 -4  4 -3 -4 -3 -1 -1 -4 -3 -4    5   6  31   0   0  11   2   1   5   0   0  35   0   0   0   1   3   0   0   0  0.63 0.19
  372 G   -1 -2  5  0 -3  0 -1  3 -1 -4 -4 -1 -3 -4 -3  2 -1 -4 -3 -4    3   0  46   1   0   3   2  26   0   0   0   2   0   0   0  18   0   0   0   0  0.70 0.16
  373 A    4 -2 -1 -2 -1 -1 -1 -1 -2 -2 -3 -1 -2 -3 -1  4  0 -3 -2 -1   51   0   0   0   0   0   0   0   0   0   0   0   0   0   0  49   0   0   0   0  0.55 0.09

                      K         Lambda
Standard Ungapped    0.1306     0.3158
Standard Gapped      0.0574     0.2670
PSI Ungapped         0.1870     0.3129
PSI Gapped           0.0574     0.2670
