
Last position-specific scoring matrix computed, weighted observed percentages rounded down, information per position, and relative weight of gapless real matches to pseudocounts
           A  R  N  D  C  Q  E  G  H  I  L  K  M  F  P  S  T  W  Y  V   A   R   N   D   C   Q   E   G   H   I   L   K   M   F   P   S   T   W   Y   V
    1 M   -1 -2 -3 -4 -2 -1 -2 -3 -2  1  2 -2  7  0 -3 -2 -1 -2 -1  0    0   0   0   0   0   0   0   0   0   0   0   0 100   0   0   0   0   0   0   0  0.55 0.05
    2 G    1 -2 -1 -2 -3 -2 -2  5 -2 -4 -4 -2 -3 -3  4  0 -1 -3 -3 -3   10   0   0   0   0   0   0  67   0   0   0   0   0   0  22   0   0   0   0   0  0.83 0.02
    3 S    2  2  0 -1 -1  0  0 -1 -1 -2 -2  0 -2 -3 -1  3  1 -3 -2 -2   20  22   0   0   0   0   0   0   0   0   0   0   0   0   0  56   3   0   0   0  0.34 0.02
    4 S    1 -1  1  0 -2  0  2 -1 -1 -3 -3  0 -2 -3  0  3  1 -3 -2 -2   10   0   4   0   0   0  27   0   0   0   0   0   0   0   2  46  10   0   0   0  0.34 0.02
    5 G    1 -2 -1  0 -2 -1  1  5 -2 -3 -3 -1 -3 -3 -2  1 -1 -3 -3 -3   15   0   0   5   0   0  11  60   0   0   0   0   0   0   0   9   0   0   0   0  0.58 0.03
    6 F    0  1  0 -1 -2 -1 -1 -2  1  0  0  0  2  4 -3 -1 -1 -1  2  0    7  15   4   4   0   0   0   0   4   2   0   3  17  29   0   4   3   0   4   4  0.12 0.03
    7 S    1 -1  2  3 -2  0  2  0 -1 -3 -3  0 -2 -3 -1  2  0 -3 -2 -2   22   0  11  23   0   0  18   2   0   0   0   0   0   0   0  19   2   0   0   0  0.32 0.03
    8 W   -3 -3 -4 -4 -3 -3 -3 -3 -2 -1  1 -3 -1  2 -4 -3 -2 10  3 -2    0   0   0   0   0   0   0   0   0   0  23   0   0   6   0   0   3  58   8   0  1.49 0.11
    9 T   -1  2 -1 -1 -1  2  2 -2 -1 -2 -1  3 -1 -3 -2  0  2 -3 -2 -2    0  14   0   0   2   7  14   0   0   0   5  36   0   0   0   2  20   0   0   0  0.33 0.06
   10 L   -2 -3 -4 -5 -2 -3 -4 -5 -4  2  5 -3  3  0 -4 -3 -2 -3 -2  0    0   0   0   0   0   0   0   0   0   7  87   0   6   0   0   0   0   0   0   0  0.77 0.14
   11 P    2  1 -1  0 -2  1  0 -1 -1 -2 -2  3 -2 -3  2  0  1 -3 -2 -2   25   6   0   4   0   3   3   0   1   0   1  32   0   0  10   2   9   0   0   0  0.29 0.07
   12 D    0  1 -1  3 -3  0  0 -2  0 -3 -2  3 -2 -3  4  0 -1 -4 -3 -3    9   5   0  26   0   0   1   0   2   0   3  26   0   0  22   2   0   0   0   0  0.46 0.08
   13 H   -2  0  3 -1 -4 -1 -1 -3  8 -3 -2 -1  0 -1 -3 -2 -2 -3  0 -3    0   4  17   2   0   0   0   0  62   0   4   2   4   2   0   0   0   0   0   0  0.95 0.17
   14 P   -1 -1 -2 -1 -3 -1 -2 -2 -1 -3 -3  1 -3 -4  7  0  0 -4 -3 -3    4   1   0   2   0   2   0   2   2   0   0  10   0   0  67   4   5   0   0   0  1.35 0.16
   15 K    0  1  1  0 -1  0  0 -1 -1 -2 -2  3 -1  0  0  1  2 -3 -2  0    7   5   8   5   1   0   1   2   0   0   0  28   0   6   3  10  16   0   0   7  0.15 0.06
   16 L   -2 -2 -4 -4 -1 -2 -4 -3 -3  2  2 -3  7  1 -4 -2  0  3 -2  0    1   1   0   0   1   0   0   2   0  10  19   0  48   5   0   1   4   5   0   2  0.72 0.23
   17 P    1 -1 -1 -2 -3 -1 -1 -1 -3 -4 -4  0 -3 -4  6  3  1 -4 -3 -3   10   2   2   1   0   2   3   2   0   0   0   5   0   0  40  26   6   0   0   0  0.81 0.19
   18 K    1  4 -1 -2 -2  1 -1  0 -2 -3 -3  4 -2 -4  0 -1 -1 -4 -3 -2   15  24   2   1   1   7   0   6   0   0   2  33   0   0   4   0   3   0   0   2  0.45 0.17
   19 G   -1  2  0 -2 -4  0 -1  1  0 -3 -4  5 -3 -5  3 -1 -2 -5 -4 -4    2  12   3   1   0   1   1  11   2   1   1  46   0   0  15   2   1   0   0   0  0.65 0.24
   20 K   -2  3 -2 -3 -5 -1 -2  0 -2 -4 -5  7 -4 -5 -4 -3 -3 -5 -4 -5    1  16   1   0   0   1   0   8   0   0   0  72   0   0   0   0   1   0   0   0  1.28 0.39
   21 S   -3 -4 -4 -4 -5 -3 -4 -5 -5 -4 -3 -2 -4 -5  8 -3  1 -6 -5 -3    0   0   0   0   0   1   0   0   0   1   2   2   0   0  81   1   9   0   0   1  2.19 0.49
   22 V   -2 -3 -4 -5 -3 -3 -4 -5 -2  2  3 -3  2 -1 -4 -3  2 -4 -3  4    1   1   0   0   0   0   0   0   1   6  35   0   5   1   0   0  12   0   0  38  0.63 0.24
   23 A    3 -4 -4 -4 -3 -3 -4 -2 -4  0  1 -3  3 -2 -4 -2 -1 -4 -3  4   34   0   0   0   0   0   0   2   0   1  15   0  10   1   0   0   1   0   0  36  0.60 0.26
   24 V   -3 -5 -6 -6 -3 -4 -5 -6 -5  1  6 -5  1 -2 -5 -5 -2 -4 -3  1    0   0   0   0   0   0   0   0   0   4  83   0   2   0   0   0   2   0   0   8  1.24 0.36
   25 V   -3 -4 -5 -5  2 -4 -5 -5 -5  5  1 -4  5 -1 -5 -4 -2 -4 -3  3    0   0   0   0   5   0   0   0   0  36   9   0  22   1   0   0   2   0   0  26  0.87 0.29
   26 V   -4 -6 -6 -6 -4 -5 -6 -6 -6  7 -1 -5 -1 -3 -5 -5 -3 -5 -4  3    0   0   0   0   0   0   0   0   0  81   0   0   0   0   0   0   0   0   0  19  1.66 0.44
   27 L   -3 -5 -6 -6 -4 -4 -5 -6 -5 -1  6 -5  5 -1 -5 -5 -4 -3 -3 -1    0   0   0   0   0   0   0   0   0   0  81   0  18   1   0   0   0   0   0   0  1.43 0.41
   28 D   -5 -5 -2  8 -7 -3 -1 -4 -4 -6 -7 -4 -6 -7 -5 -3 -4 -8 -6 -6    0   0   0 100   0   0   0   0   0   0   0   0   0   0   0   0   0   0   0   0  2.53 0.59
   29 G   -3 -5 -3 -4 -5 -5 -5  7 -5 -7 -7 -4 -6 -6 -5 -3 -4 -5 -6 -6    0   0   0   0   0   0   0 100   0   0   0   0   0   0   0   0   0   0   0   0  2.31 0.52
   30 W   -5 -5 -6 -7 -3 -5 -6 -6 -4 -2 -2 -5 -3  5 -6 -5 -5 10  5  1    0   0   0   0   0   0   0   0   0   1   2   0   0  26   0   0   0  44  16  10  2.05 0.47
   31 G   -1 -5 -3 -4 -5 -5 -5  7 -5 -7 -7 -4 -6 -6 -5 -3 -4 -5 -6 -6    3   0   0   0   0   0   0  97   0   0   0   0   0   0   0   0   0   0   0   0  2.18 0.50
   32 E   -3 -3 -3 -3  1 -2  1 -5  3  2  2 -3  0  0 -4 -3 -3  0  5 -1    0   0   1   1   3   0  14   0  10  14  21   0   2   2   0   0   0   1  29   3  0.54 0.24
   33 A    0  4  3 -2 -2 -1 -2  1 -2 -4 -4 -1 -3 -4 -2  2  0 -3 -4 -3    9  32  18   0   1   1   0  10   0   0   0   0   0   0   1  22   4   0   0   0  0.56 0.24
   34 N   -1 -1  0  3 -5 -1  4 -3 -2 -3 -4  1 -4 -5  4 -1 -2 -5 -4 -4    3   2   5  17   0   0  38   1   0   1   0  10   0   0  19   2   1   0   0   0  0.75 0.26
   35 P    0  0  1  2 -4  0  3 -2  1 -3 -4  2 -3 -3  1  0  0 -4  0 -2    6   4   8  14   0   1  21   1   4   1   0  13   0   0   8   8   4   0   4   2  0.31 0.13
   36 D    0  0  1  3  0  1  1 -2  0 -2 -3  1 -1 -3  1  0  2 -4 -2 -1    5   4   4  18   2   6   8   1   3   1   1  10   1   0   6   6  17   0   0   6  0.22 0.11
   37 Q   -1 -1 -1  2 -4  3  4 -3  0 -3 -3  1 -3 -3  0 -1 -1 -4  0 -2    3   2   2  12   0  12  40   0   1   1   1   9   0   1   4   2   3   0   4   4  0.53 0.22
   38 Y   -1 -3  0  1 -4 -3 -3  5  1 -4 -4 -2 -3  1 -4  0 -2 -2  3 -4    4   0   4  11   0   0   0  49   4   0   0   1   0   6   0   7   0   0  12   0  0.72 0.25
   39 N   -4 -3  8  2 -6 -3 -3 -3 -2 -6 -7 -3 -5 -6 -5 -1 -3 -7 -5 -6    0   0  90   8   0   0   0   0   0   0   0   0   0   0   0   2   0   0   0   0  2.21 0.56
   40 C    7 -4 -4 -5  3 -4 -4 -2 -4 -4 -4 -4 -4 -5 -4 -1 -2 -5 -5 -3   92   0   0   0   6   0   0   1   0   0   0   0   0   0   0   1   0   0   0   0  1.59 0.48
   41 I   -3 -5 -5 -6 -1 -5 -5 -6 -5  6 -1 -5 -1 -1 -5 -4 -2 -5 -2  5    0   0   0   0   1   0   0   0   0  55   1   0   0   1   0   0   1   0   1  40  1.25 0.37
   42 H    3 -1 -1 -3  0 -1 -1 -2  4 -3  0  1 -1  0 -3  0 -1 -1  1 -2   39   3   3   0   2   1   1   0  14   0   9   8   1   4   0   4   2   1   6   1  0.32 0.19
   43 V    2  0  2 -1 -1  3  0 -2  2 -1  0  0  0 -3 -3  0 -1 -2 -2  1   24   3  11   2   1  16   5   1   5   2   8   3   3   0   0   3   2   0   0  11  0.17 0.13
   44 A    7 -4 -4 -4 -3 -3 -4 -1 -4 -4 -4 -3 -4 -5 -4  0 -3 -5 -5 -3   93   0   0   0   0   0   0   3   0   0   0   0   0   0   0   3   0   0   0   0  1.58 0.48
   45 Q   -2  2  4  0 -3  1  0 -1  2 -5 -4  4 -3 -4 -1 -1 -1 -5 -1 -4    0  10  27   4   0   5   5   3   5   0   0  33   0   0   2   3   1   0   2   0  0.59 0.23
   46 T   -2 -2 -3 -4 -2 -3 -3 -4 -3 -2 -2  3  1 -5 -3 -1  6 -5 -4 -3    1   1   0   0   1   0   0   0   0   2   2  21   4   0   1   1  67   0   0   0  1.13 0.41
   47 P   -4 -4 -4 -4 -6 -4 -3 -5 -5 -6 -6 -3 -6 -7  9 -4 -4 -7 -3 -5    0   0   0   1   0   0   1   0   0   0   0   1   0   0  96   0   0   0   1   0  2.90 0.61
   48 V   -2 -3  5 -2  0 -3 -3 -3  2 -1 -2 -3 -2  0 -4 -2  2 -2 -2  3    1   0  36   0   2   0   0   0   6   2   1   0   0   4   0   0  14   0   1  32  0.64 0.29
   49 M   -3 -4 -5 -6 -4 -4 -5 -5 -4  1  3 -4  6  4 -5 -4 -2  5  1 -1    0   0   0   0   0   0   0   0   0   6  33   0  29  16   0   0   1  10   5   1  0.96 0.31
   50 D   -4 -2  1  8 -6 -2 -1 -4 -2 -6 -6 -1 -6 -6 -4 -2 -2 -7 -4 -6    0   1   4  85   0   1   1   0   1   0   0   3   0   0   0   1   1   0   0   0  1.87 0.47
   51 S    1  4  0 -1 -4  1  0  0  0 -4 -3  3 -2 -3 -3  1 -1  1 -2 -3   13  32   4   2   0   5   3   5   2   0   1  17   1   0   0  12   1   2   1   0  0.42 0.19
   52 L   -4 -4 -5 -6 -4 -3 -5 -6 -3  1  5 -5  1  1 -5 -4 -3 -3  3 -1    0   0   0   0   0   1   0   0   0   6  75   0   2   4   0   0   0   0  11   1  1.08 0.34
   53 K   -2  0 -1 -4  0 -1 -2 -4 -2 -1  0  1  4  2 -4 -2 -1  8  0 -2    3   6   2   0   2   2   2   0   1   2   9  13  12   8   0   3   3  28   2   1  0.72 0.24
   54 N    3  0  2 -1 -3  1  2 -2 -2 -4 -4  3 -3 -4 -3  0 -1 -4 -3 -2   36   3  12   2   0   7  11   1   0   0   0  20   0   0   0   4   3   0   0   1  0.44 0.21
   55 G   -1  0  2  1 -4  2  3  0  0 -3 -3  2 -2 -4 -3  0  2 -4 -3 -2    2   2  13   7   0  11  20   7   1   0   1  12   0   0   0   5  16   0   0   2  0.34 0.16
   56 A    0  0  0 -4  4  0 -3 -2  1 -3 -3 -2 -2  2 -4 -1 -3  0  7 -2   10   6   4   0  10   4   1   3   2   0   0   2   1   6   0   3   0   0  46   1  0.80 0.28
   57 P   -2 -4 -5 -4 -6 -3 -4 -5 -5 -6 -6 -3 -5 -6  9 -2 -4 -6 -6 -5    3   1   0   0   0   1   0   0   0   0   0   1   0   0  91   2   0   0   0   0  2.66 0.56
   58 E   -2  0  3  0 -2 -1  0 -2  7 -4 -3  0 -1 -3 -3  0  0 -3  0 -3    1   4  17   3   1   0   7   2  39   1   2   4   2   1   1   6   6   0   3   1  0.73 0.23
   59 K    0  1 -1 -2 -1 -1 -2 -1 -1 -2 -2  0 -2 -2 -2  1  5 -3 -1 -1    6   8   1   1   1   1   1   5   2   1   2   4   0   1   1   9  49   0   2   3  0.46 0.19
   60 W   -1  0 -1 -1 -1  1  0 -1  0 -1 -1  0 -1  2 -1 -1 -1  5  1 -1    5   5   2   3   1   8   7   4   3   5   5   8   1  15   3   4   3  11   4   4  0.16 0.04
   61 R    0  2  0 -1  1  0  0  0 -1  0  0  0  0 -1  0  0  0 -1 -1  1    5  17   3   3   5   4   4   6   1   4   6   4   3   2   3   5   7   1   2  14  0.04 0.02
   62 L   -1 -1 -2 -2  0 -1 -1 -3 -2  0  3  0  0 -1 -1  0  2 -2 -2  0    2   2   1   1   2   1   3   2   0   1  45   6   0   2   3   6  18   0   1   4  0.26 0.13
   63 V   -3 -4 -5 -5 -3 -4 -5 -1 -5  5  4 -4  0 -2 -4 -4 -3 -4 -3  2    0   0   0   0   0   0   0   7   0  41  40   0   1   0   0   0   0   0   0  10  0.79 0.26
   64 K    0  1  1  0 -1  2  1  0  0 -3 -3  3 -2 -3 -2  2  0 -4 -1 -2    6   7   8   4   1  10   7   6   2   1   2  20   0   0   0  20   4   0   2   1  0.26 0.13
   65 A    6 -4 -3 -4  2 -3 -3  2 -4 -4 -4 -3 -3 -5 -2 -1  1 -5 -4 -3   73   0   0   0   4   0   0  12   0   0   0   0   0   0   1   2   9   0   0   0  1.05 0.37
   66 H   -1 -3 -2 -2  0 -2 -2 -3  7 -5 -5 -3 -4 -4 -4  6 -2 -5 -3 -5    1   0   0   1   2   0   0   0  26   0   0   0   0   0   0  69   0   0   0   0  1.43 0.46
   67 G   -3 -5 -3 -4 -5 -5 -4  7 -5 -7 -7 -4 -6 -6 -5 -3 -4 -5 -6 -6    0   0   0   0   0   0   0  99   0   0   0   0   0   0   0   1   0   0   0   0  2.25 0.51
   68 T   -1 -1 -2 -3 -3 -1  2 -3 -2 -1  2  0  5 -1 -2 -2  2 -4 -2 -1    3   2   0   0   0   0  19   1   0   2  27   7  19   1   1   1  15   0   0   0  0.36 0.21
   69 A    5 -3 -1  4 -2 -2  0 -1 -2 -4 -4 -3 -3 -2 -3  0 -2 -5 -1 -3   55   0   1  26   0   0   5   2   1   0   0   0   0   2   0   5   0   0   2   0  0.76 0.30
   70 V   -2 -5 -6 -6 -4 -5 -5 -6 -6  0 -2 -5 -2 -4 -5 -4 -3 -6 -4  7    1   0   0   0   0   0   0   0   0   0   0   0   0   0   0   0   0   0   0  99  1.88 0.51
   71 G   -3 -5 -3 -4 -5 -5 -5  7 -5 -7 -7 -4 -6 -6 -5 -3 -4 -5 -6 -6    0   0   0   0   0   0   0 100   0   0   0   0   0   0   0   0   0   0   0   0  2.30 0.52
   72 L   -4 -5 -6 -6 -4 -5 -5 -6 -5 -1  6 -5  2 -2 -5 -5 -4 -4 -4 -2    0   0   0   0   0   0   0   0   0   0  96   0   4   0   0   0   0   0   0   0  1.58 0.43
   73 P   -4 -5 -5 -5 -6 -4 -4 -5 -5 -6 -6 -4 -6 -7  9 -4 -4 -7 -6 -6    0   0   0   0   0   0   0   0   0   0   0   0   0   0 100   0   0   0   0   0  3.14 0.63
   74 S    0  0  0  0 -1  0  0  0  0 -1 -1  0 -1 -1  0  2  2 -1 -1 -1    8   5   3   3   1   4   4   6   2   3   5   6   1   2   3  22  14   1   2   4  0.09 0.03
   75 D   -3 -3  0  6 -4 -1  4 -2 -2 -4 -4 -2 -4 -4 -1 -2 -2 -4 -4 -4    1   1   3  55   0   1  29   2   0   1   1   1   0   0   3   1   1   0   0   1  1.13 0.30
   76 D    0 -2 -2  2 -5 -3 -1  6 -4 -6 -6 -3 -5 -5 -4 -2 -3 -5 -5 -5    6   2   0  14   0   0   5  73   0   0   0   0   0   0   0   0   0   0   0   0  1.34 0.35
   77 D   -4 -2 -2  4 -6  8 -1 -5 -3 -6 -5 -2 -2 -6 -4 -3 -4 -5 -5 -5    0   0   0  26   0  73   0   0   0   0   0   0   1   0   0   0   0   0   0   0  1.81 0.52
   78 M   -4 -5 -6 -7 -5 -4 -5 -6 -5 -2 -1 -5 11 -2 -6 -5 -4 -5 -4 -3    0   0   0   0   0   0   0   0   0   0   0   0  99   1   0   0   0   0   0   0  3.00 0.70
   79 G   -3 -5 -3 -4 -5 -5 -5  7 -5 -7 -7 -4 -6 -6 -5 -3 -4 -5 -6 -6    0   0   0   0   0   0   0 100   0   0   0   0   0   0   0   0   0   0   0   0  2.29 0.51
   80 N   -5 -3  9 -2 -6 -3 -3 -3 -2 -7 -7 -3 -5 -6 -5 -2 -3 -7 -5 -6    0   0 100   0   0   0   0   0   0   0   0   0   0   0   0   0   0   0   0   0  2.55 0.61
   81 S   -2 -4 -2 -3 -4 -3 -3 -3 -4 -5 -6 -3 -4 -5 -4  7 -1 -6 -5 -5    0   0   0   0   0   0   0   0   0   0   0   0   0   0   0 100   0   0   0   0  1.90 0.56
   82 E   -4 -3 -3 -1 -7 -1  8 -5 -3 -6 -6 -2 -5 -6 -4 -3 -4 -6 -5 -6    0   0   0   0   0   0 100   0   0   0   0   0   0   0   0   0   0   0   0   0  2.20 0.57
   83 V   -3 -5 -6 -5 -4 -5 -5 -6 -6  0 -2 -5 -2 -4 -5 -4 -3 -6 -4  7    0   0   0   0   0   0   0   0   0   0   0   0   0   0   0   0   0   0   0 100  1.88 0.51
   84 G   -3 -5 -3 -4 -5 -5 -5  7 -5 -7 -7 -4 -6 -6 -5 -3 -4 -5 -6 -6    0   0   0   0   0   0   0 100   0   0   0   0   0   0   0   0   0   0   0   0  2.29 0.51
   85 H   -5 -4 -3 -5 -7 -3 -3 -6 11 -7 -6 -4 -5 -5 -6 -4 -5 -6 -1 -7    0   0   0   0   0   0   0   0 100   0   0   0   0   0   0   0   0   0   0   0  3.41 0.71
   86 N   -3 -3  4 -3 -3 -3 -3 -4 -3  0  3 -3  4 -2 -4 -2  1 -4 -3  1    0   0  26   0   0   0   0   0   0   2  36   0  14   0   0   0  12   0   0  10  0.59 0.26
   87 A    3 -3  7 -2 -4 -3 -3 -3 -2 -5 -5 -3 -4 -5 -4 -1 -1 -6 -5 -3   25   0  70   0   0   0   0   0   0   0   0   0   0   0   0   1   2   0   0   1  1.50 0.45
   88 L   -3 -5 -5 -6 -3 -4 -5 -6 -5  5  4 -5  4 -2 -5 -4 -3 -4 -3  0    0   0   0   0   0   0   0   0   0  44  43   0  13   0   0   0   0   0   0   0  1.10 0.33
   89 G   -3 -5 -3 -4 -5 -5 -5  7 -5 -7 -7 -4 -6 -6 -5 -3 -4 -5 -6 -6    0   0   0   0   0   0   0 100   0   0   0   0   0   0   0   0   0   0   0   0  2.29 0.51
   90 A    6 -4 -4 -4  3 -3 -3 -2 -4 -4 -4 -3 -3 -5 -3  1 -2 -5 -4 -3   86   0   0   0   5   0   0   1   0   0   0   0   0   0   0   8   0   0   0   0  1.38 0.43
   91 G   -3 -5 -3 -4 -5 -5 -5  7 -5 -7 -7 -4 -6 -6 -5 -3 -4 -5 -6 -6    0   0   0   0   0   0   0 100   0   0   0   0   0   0   0   0   0   0   0   0  2.29 0.51
   92 R   -4  8 -3 -4 -6  2 -3 -5 -3 -6 -5  0 -4 -5 -5 -3 -4 -6 -5 -5    0  90   0   0   0   7   0   0   0   0   0   2   0   0   0   0   0   0   0   0  2.07 0.52
   93 I   -3 -5 -5 -6 -3 -5 -5 -6 -6  6 -1 -5 -1 -3 -5 -4 -2 -5 -3  5    0   0   0   0   0   0   0   0   0  55   1   0   0   0   0   0   1   0   0  43  1.31 0.38
   94 F   -2 -5 -5 -6 -3 -5 -5 -6 -4  2 -1 -5 -2  3 -5 -4 -3 -4  2  6    1   0   0   0   0   0   0   0   0   7   2   0   0  12   0   0   0   0   7  72  1.14 0.36
   95 A    1 -4 -2 -1 -5 -3 -4 -5  0 -4 -2 -3 -3  0 -5 -1 -3 -1  9 -4   12   0   2   4   0   0   0   0   1   0   3   1   0   1   0   5   1   0  71   0  1.60 0.45
   96 Q   -4 -2 -3 -4 -6  9 -1 -5 -3 -6 -5 -2 -4 -7 -5 -3 -4 -5 -5 -6    0   0   0   0   0 100   0   0   0   0   0   0   0   0   0   0   0   0   0   0  2.56 0.66
   97 G   -2 -3  1  5 -5 -1  4  3 -3 -5 -5 -2 -4 -5 -3  0 -3 -3 -4 -5    1   0   5  33   0   1  26  26   0   0   0   0   0   0   0   7   0   0   0   0  0.83 0.27
   98 A    3 -4 -5 -5 -3 -4 -4 -4 -4  0  4 -4 -1  4 -4 -3 -3 -3  0 -1   26   0   0   0   0   0   0   0   0   2  53   0   0  17   0   0   0   0   2   0  0.74 0.29
   99 K   -1 -2 -2 -3 -4 -3 -3 -3 -4 -3 -4  2 -3 -5 -3  1  7 -5 -4 -2    4   1   0   0   0   0   0   1   0   0   0  14   0   0   0   7  72   0   0   1  1.20 0.41
  100 L   -4  7 -3 -4 -5 -2 -3 -5 -3 -3  2  1 -2 -4 -5 -3 -3 -5 -4 -4    0  68   0   0   0   0   0   0   0   0  26   6   0   0   0   0   0   0   0   0  1.34 0.41
  101 V   -3 -5 -6 -6 -2 -5 -5 -6 -6  6  0 -5 -1 -3 -5 -4 -3 -5 -4  4    0   0   0   0   0   0   0   0   0  60   3   0   0   0   0   0   0   0   0  36  1.30 0.37
  102 D   -1 -3  3  4 -4 -2 -2 -1 -2 -4 -4 -2 -3 -2 -3  2  4 -5 -4 -3    2   0  15  25   0   0   0   3   0   0   0   0   0   2   0  17  35   0   0   0  0.72 0.28
  103 Q   -2  1 -1 -1 -4  1  0 -2 -3 -1 -1  6 -1 -3 -3 -2 -1 -5 -4 -1    2   5   3   3   0   4   4   2   0   5   7  58   1   0   0   1   2   0   0   4  0.64 0.27
  104 A    5 -3 -2  0 -2 -2  1 -2 -3 -4 -4 -2 -3 -5 -3  3 -2 -5 -4 -2   59   0   1   5   0   0   8   1   0   0   0   0   0   0   0  26   0   0   0   1  0.84 0.32
  105 L   -3 -5 -6 -6 -4 -5 -6 -6 -6  7  2 -5  0 -2 -5 -5 -3 -5 -4  1    0   0   0   0   0   0   0   0   0  81  16   0   0   0   0   0   0   0   0   3  1.51 0.41
  106 A    1  3  0  1 -4  2  4 -2 -2 -4 -3  2 -3 -4 -3  0 -2 -4 -3 -3   15  16   3   5   0   9  30   1   0   0   1  14   0   0   0   6   0   0   0   0  0.50 0.20
  107 S   -3 -3  1  6 -3 -1  3 -3 -3 -5 -5 -1 -4 -5 -3  2  1 -6 -4 -4    0   0   5  49   0   0  16   0   0   0   0   2   0   0   0  17  11   0   0   0  0.95 0.31
  108 G   -2 -1 -2 -3 -5 -4 -4  7 -3 -6 -6 -1 -5 -6 -5 -3 -4 -5 -6 -6    0   3   1   1   0   0   0  91   0   0   0   3   0   0   0   0   0   0   0   0  1.90 0.45
  109 K    0 -1  0  5 -4 -1  4 -2 -1 -4 -4  1 -4 -5 -3  1  0 -5 -4 -3    6   2   2  32   0   1  27   1   1   0   0   9   0   0   0  12   6   0   0   1  0.63 0.23
  110 I   -4 -5 -6 -6 -4 -5 -6 -6 -4  3  1 -5  2  8 -6 -5 -4 -2  0 -2    1   0   0   0   0   0   0   0   0  15  12   0   5  67   0   0   0   0   0   1  1.49 0.39
  111 Y   -3 -4 -5 -1 -5 -1 -1 -4 -3 -3 -2 -3 -3  8 -5 -4 -3  2  4 -3    2   0   0   4   0   4   4   1   0   0   1   1   0  65   0   0   1   3  14   1  1.35 0.38
  112 D   -1  0  0  2 -4  2  4 -3 -1 -4 -4  2 -3 -4 -3  0  1 -4 -3 -3    5   4   4   9   0  10  32   0   1   0   0  16   0   0   0   6  11   0   0   1  0.51 0.20
  113 G   -3 -3  7  0 -5 -3 -3  3  0 -4 -5 -2 -5 -5 -4 -1 -1 -6 -5 -4    0   0  68   3   0   0   0  19   1   1   0   2   0   0   0   2   3   0   0   1  1.37 0.40
  114 D    0 -1 -2  1 -5  1  4 -4 -2 -5 -5  0 -4 -5  5 -2 -1 -5 -4 -3    8   1   1   6   0   6  35   0   0   0   0   6   0   0  33   1   3   0   0   1  0.91 0.28
  115 G    3 -3 -2 -3 -3 -2  0  2 -3  0 -2 -2 -2 -3 -3 -1  2 -4 -3  3   32   0   1   0   0   1   8  16   0   2   0   0   0   0   0   0  15   0   0  25  0.39 0.21
  116 F   -4 -4 -5 -6 -4 -4 -5 -6 -4  1  4 -5  0  4 -5 -5 -4  7  1 -2    0   0   0   0   0   0   0   0   0   6  54   0   1  19   0   0   0  16   5   0  1.10 0.32
  117 N   -1  1  1 -1  2  0 -1 -2 -1 -1  1  2 -1 -2 -3 -1  1 -4 -3  0    3   7  11   3   7   2   2   2   1   3  20  19   1   0   0   3  10   0   0   7  0.13 0.11
  118 Y    3 -1  0  1 -3  1  2 -1 -1 -3 -2  1 -2 -2 -3 -1 -1 -3  3 -2   29   1   5   7   0   5  14   4   1   0   3  12   0   0   0   2   1   0  15   0  0.29 0.17
  119 I    4 -4 -4 -4  0 -3 -3 -2 -4  3  0 -3  0 -2 -3 -2 -2 -4 -3  2   46   0   0   0   1   0   0   1   0  25   8   0   2   0   0   1   0   0   0  16  0.60 0.26
  120 K   -2 -2 -1  3  0 -1 -1 -4 -1  2 -1  1  4 -1 -3 -1 -1 -4 -3  2    1   1   1  20   3   2   1   0   2  16   1  12  14   2   0   4   1   0   0  21  0.29 0.18
  121 E    0  0  1  3 -4  1  3 -1  1 -4 -4  3 -3 -4  0  0 -1 -4 -3 -3    8   4   6  16   0   6  24   5   3   0   0  19   0   0   3   4   3   0   0   0  0.41 0.16
  122 S    3  0  4 -2 -1 -1 -2 -1  3 -4 -3  0 -3 -4 -3  1 -1 -5 -2 -2   36   6  26   1   1   2   0   2   7   0   1   5   0   0   0   9   1   0   0   2  0.50 0.23
  123 F    3 -3 -3 -4  4 -3 -3 -3 -4  1 -1 -2 -2  3 -4 -2 -1 -3 -2  3   31   1   0   0   9   0   1   0   0   4   2   2   0  14   0   1   2   0   0  33  0.48 0.23
  124 E    1  1  1 -1 -4  1  1 -2 -1 -4 -4  5 -3 -5 -1  0 -2 -5 -4 -3   14   5   5   3   0   3   9   1   1   0   0  50   0   0   2   4   1   0   0   1  0.60 0.24
  125 S    2 -2  4  2 -4 -1 -1  3 -2 -4 -4  0 -3 -5 -3  0  0 -5 -4 -4   18   0  29  14   0   2   3  19   0   0   0   7   0   0   0   4   4   0   0   0  0.53 0.21
  126 G   -1 -1  1 -2 -4 -2 -2  4  0 -5 -5  2 -4 -5 -3  3 -1 -5 -4 -4    2   2   7   0   0   0   0  40   3   0   0  16   0   0   0  28   2   0   0   0  0.71 0.26
  127 T    5 -1 -1 -1 -3 -2 -2 -2 -3 -3 -3  0 -3 -4 -2  1  4 -4 -4 -2   51   3   2   3   0   0   0   1   0   0   0   5   0   0   1   6  27   0   0   1  0.67 0.28
  128 L   -3 -4 -5 -5 -3 -4 -5 -5 -5  1  5 -4  1  0 -5 -4 -3 -4 -3  4    0   0   0   0   0   0   0   1   0   2  63   0   1   2   0   0   0   0   0  30  0.96 0.31
  129 H   -5 -3 -3 -4 -6 -3 -3 -5 11 -7 -6 -4 -5 -5 -5 -4 -5 -6 -1 -6    0   1   0   0   0   0   0   0  99   0   0   0   0   0   0   0   0   0   0   0  3.32 0.69
  130 L   -3 -4 -5 -5 -3 -4 -5 -5 -4  4  4 -4  1  3 -5 -4 -3 -3 -2  1    0   0   0   0   0   0   0   0   0  26  54   0   1  14   0   0   0   0   0   4  0.89 0.28
  131 I   -3 -4 -5 -5 -2 -3 -5 -5 -3  4  2 -4  8  3 -5 -4 -3  0  1 -1    1   0   0   0   1   0   0   0   1  23  13   0  43  12   0   0   0   1   4   1  1.02 0.34
  132 G   -2 -5 -3 -4 -5 -4 -5  7 -5 -6 -6 -4 -5 -6 -5 -3 -3 -5 -6 -6    1   0   0   0   0   0   0  97   0   0   1   0   0   0   0   0   1   0   0   0  2.13 0.48
  133 L   -4 -5 -6 -6 -4 -5 -5 -5 -5 -1  6 -5  0 -2 -5 -5 -4 -4 -4 -2    0   0   0   0   0   0   0   1   0   0  99   0   0   0   0   0   0   0   0   0  1.62 0.44
  134 L   -2 -4 -5 -6 -2 -4 -5 -5 -5  0  5 -4  2  2 -5 -4 -3 -3 -2  2    1   0   0   0   0   0   0   1   0   0  72   0   5   9   0   0   0   0   0  11  0.99 0.31
  135 S   -2 -4 -2 -3 -4 -3 -3 -3 -4 -5 -5 -3 -4 -5 -4  7 -1 -6 -5 -5    0   0   0   0   0   0   0   0   0   0   0   0   0   0   0  99   0   0   0   0  1.86 0.55
  136 D   -2 -4  0  7 -3 -3 -1 -4 -3 -5 -6 -3 -5 -5  4 -2 -3 -6 -2 -5    4   0   2  67   1   0   2   0   0   0   0   0   0   0  20   1   0   0   2   0  1.47 0.40
  137 G   -2 -5 -3 -4 -5 -5 -5  7 -5 -7 -6 -4 -5 -6 -5 -3 -4 -5 -6 -6    0   0   0   0   0   0   0  99   0   0   0   0   0   0   0   0   0   0   0   0  2.24 0.50
  138 G   -2 -5  2 -3 -5 -4 -4  7 -4 -6 -6 -4 -5 -6 -5 -3 -4 -5 -6 -6    0   0  11   0   0   0   0  89   0   0   0   0   0   0   0   0   0   0   0   0  1.93 0.46
  139 V   -3 -5 -6 -6 -4 -5 -5 -6 -6  1 -2 -5 -2 -4 -5 -4 -3 -6 -4  7    0   0   0   0   0   0   0   0   0   1   0   0   0   0   0   0   0   0   0  99  1.86 0.51
  140 H   -5 -4 -3 -5 -7 -3 -3 -6 11 -7 -6 -4 -5 -5 -6 -4 -5 -6 -1 -7    0   0   0   0   0   0   0   0 100   0   0   0   0   0   0   0   0   0   0   0  3.41 0.71
  141 S   -2 -4 -2 -3 -4 -3 -3 -3 -4 -5 -6 -3 -4 -5 -4  7 -1 -6 -5 -5    0   0   0   0   0   0   0   0   0   0   0   0   0   0   0 100   0   0   0   0  1.90 0.56
  142 R   -5  3 -2 -4 -6 -2 -3 -5 10 -6 -6 -3 -5 -4 -5 -3 -5 -5  0 -6    0  16   1   0   0   0   0   0  81   0   0   0   0   0   0   0   0   0   1   0  2.57 0.59
  143 L   -2 -3  1  0 -2  1  3 -4 -1  4  1 -2  1 -2 -4 -2 -1 -4 -1  0    1   0   8   4   0   6  22   0   1  38  10   0   3   0   0   1   3   0   2   0  0.38 0.21
  144 D   -2 -1  2  6 -5 -1  2 -3 -2 -5 -5  0 -4 -5 -2 -1  1 -5 -4 -4    2   2  10  49   0   1  15   1   0   0   0   4   0   0   1   3  11   0   0   0  0.88 0.28
  145 Q   -5 -3 -3 -4 -6  4 -3 -5 10 -6 -6 -3 -4 -5 -5 -4 -5 -6 -2 -6    0   0   0   0   0  17   0   0  83   0   0   0   0   0   0   0   0   0   0   0  2.73 0.62
  146 L   -3 -4 -5 -6 -3 -4 -5 -6 -5  4  5 -5  1 -1 -5 -4 -2 -4 -3  1    0   0   0   0   0   0   0   0   0  30  61   0   2   0   0   0   1   0   0   5  1.03 0.31
  147 Q   -2 -1 -3 -3 -4  1 -1 -4  1  0  0  2  1  4 -4 -3 -2  1  5  0    2   2   0   0   0   7   3   0   4   4  10  15   4  19   0   0   0   1  23   6  0.42 0.19
  148 L    5 -4 -3 -3 -3 -2 -3  2 -4 -3  0 -3 -2 -4 -3 -1 -2 -5 -4 -3   69   0   0   0   0   1   1  18   0   0   8   0   1   0   0   2   0   0   0   0  0.92 0.34
  149 L    0 -4 -5 -5  0 -3 -4 -5 -4  1  4 -4  7 -1 -5 -3 -2 -4 -3 -1    8   0   0   0   2   0   0   0   0   5  52   0  30   1   0   1   1   0   0   1  0.96 0.32
  150 L    0 -4 -5 -5  1 -4 -4 -5 -5  3  4 -4  2 -1 -4 -3 -2 -4 -3  2    6   0   0   0   3   0   0   0   0  22  49   0   5   0   0   0   0   0   0  14  0.70 0.24
  151 K   -2  1 -1  2 -5  1  5 -3 -2 -4 -4  3 -3 -5 -3 -1 -2 -5 -3 -3    1   8   1   9   0   5  46   0   0   0   0  24   0   0   0   2   1   0   0   1  0.80 0.28
  152 G   -2 -1 -3 -4 -3  0 -3  1 -1 -1  4 -2  5  0 -4 -3 -2 -3 -2 -1    1   3   0   0   0   5   1  13   2   0  48   1  21   3   0   0   1   0   0   1  0.57 0.25
  153 V    7 -4 -4 -4  2 -3 -4 -2 -4 -4 -4 -3 -4 -4 -3 -1 -2 -5 -4 -2   93   0   0   0   4   0   0   0   0   0   0   0   0   0   0   2   0   0   0   1  1.54 0.47
  154 S    3  1 -2 -2 -3  0 -1 -2 -1 -2 -3  4 -2 -3 -3  0 -2 -4 -3  1   29   6   0   2   0   2   1   1   2   1   1  38   0   1   0   6   0   0   0  10  0.46 0.23
  155 E    0  3 -1  0 -4  2  3 -2 -2 -4 -4  4 -2 -5 -3 -1 -1 -4 -3 -3    9  18   1   5   0  10  20   1   0   0   1  31   0   0   0   2   2   0   0   1  0.58 0.22
  156 R   -2  5  1  1 -5  2  3 -3  2 -4 -4  2 -2 -3 -3 -2 -2 -4 -3 -3    3  35   7   6   0  11  20   0   5   0   1   9   1   1   0   1   0   0   0   1  0.62 0.23
  157 G   -2 -4  0 -1 -5 -3 -3  7 -3 -6 -6 -3 -5 -6 -5 -3 -4 -5 -6 -6    0   0   5   4   0   1   1  87   0   0   0   1   0   0   0   0   0   0   0   0  1.76 0.43
  158 A    4 -4 -4 -4  1 -2 -3 -3 -4  1  2 -3  0 -1 -3 -2 -2 -4 -3  3   39   0   0   0   2   1   0   0   0   7  24   0   1   2   0   0   0   0   0  24  0.52 0.23
  159 K   -2  0 -1  1 -5  1  3 -2 -2 -5 -4  5 -3 -5 -1  0  0 -5 -4 -4    2   2   1   5   0   4  23   1   0   0   0  48   0   0   2   4   6   0   0   0  0.74 0.28
  160 K   -1  4  1  0 -5  1  1 -3 -1 -5 -4  5 -3 -5 -3 -1 -1 -5 -4 -4    3  24   7   5   0   5   7   0   1   0   0  43   0   0   0   2   2   0   0   0  0.75 0.26
  161 I   -2 -5 -5 -5 -3 -5 -5 -6 -5  5  0 -5 -1 -3 -5 -4 -2 -5 -3  6    1   0   0   0   0   0   0   0   0  32   4   0   0   0   0   0   1   0   0  61  1.17 0.35
  162 R   -4  4 -4 -5 -2 -3 -4 -5 -1 -4 -4 -3 -4  3 -5 -4 -4  0  8 -4    1  26   0   0   1   0   0   0   0   0   0   0   0  12   0   0   0   0  60   0  1.66 0.45
  163 V   -3 -4 -5 -5 -2 -4 -5 -5 -5  4  3 -4  0  0 -5 -4 -2 -4 -2  5    0   0   0   0   0   0   0   0   0  21  29   0   0   3   0   0   0   0   0  46  0.87 0.28
  164 H   -5 -4 -3 -5 -7 -3 -3 -6 11 -7 -6 -4 -5 -5 -6 -4 -5 -6 -1 -7    0   0   0   0   0   0   0   0 100   0   0   0   0   0   0   0   0   0   0   0  3.41 0.71
  165 I    5 -4 -4 -4  5 -3 -3  0 -4  2 -2 -3 -2 -3 -1 -1 -1 -4 -4  1   52   0   0   0  13   0   0   7   0  13   0   0   0   1   3   0   2   0   0   9  0.66 0.27
  166 L   -4 -5 -6 -6 -4 -5 -6 -6 -4  0  3 -5 -1  8 -6 -5 -4 -2  0 -2    0   0   0   0   0   0   0   0   0   5  28   0   0  66   0   0   0   0   0   1  1.55 0.41
  167 T   -3 -4 -5 -5 -3 -4 -5 -5 -4  0  5 -4  2  0 -5 -3  2 -4  0 -1    0   0   0   0   0   0   0   0   0   1  74   0   4   2   0   0  17   0   3   0  1.01 0.34
  168 D   -5 -5 -2  8 -7 -3 -1 -4 -4 -6 -7 -4 -6 -7 -5 -3 -4 -7 -6 -6    0   0   0 100   0   0   0   0   0   0   0   0   0   0   0   0   0   0   0   0  2.49 0.57
  169 G   -3 -5 -3 -4 -5 -5 -5  7 -5 -7 -7 -4 -6 -6 -5 -3 -4 -5 -6 -6    0   0   0   0   0   0   0 100   0   0   0   0   0   0   0   0   0   0   0   0  2.29 0.51
  170 R   -4  8 -3 -5 -7 -2 -3 -5 -3 -6 -5 -1 -4 -6 -5 -4 -4 -6 -5 -6    0 100   0   0   0   0   0   0   0   0   0   0   0   0   0   0   0   0   0   0  2.43 0.58
  171 D   -5 -5 -2  8 -7 -3 -1 -4 -4 -6 -7 -4 -6 -7 -5 -3 -4 -7 -6 -6    0   0   0 100   0   0   0   0   0   0   0   0   0   0   0   0   0   0   0   0  2.49 0.57
  172 V   -2 -4 -4 -5 -3 -4 -4 -5 -5 -1 -2 -4  0 -4 -4 -2  5 -5 -4  5    0   0   0   0   0   0   0   0   0   0   0   0   2   0   0   0  41   0   0  56  1.17 0.40
  173 L    0 -4 -4 -2 -5 -4 -3  0 -5 -4  0 -3 -3 -5  7 -1 -3 -6 -5 -4   10   0   0   1   0   0   1   8   0   0  11   0   0   0  66   3   0   0   0   0  1.60 0.40
  174 D   -3 -4 -4  3 -6 -2  1 -5 -4 -6 -6 -3 -5 -6  8 -3 -3 -6 -6 -5    0   0   0  15   0   1   9   0   0   0   0   0   0   0  74   0   0   0   0   0  2.10 0.48
  175 G    0  4 -1  0 -4  2 -1  2 -2 -4 -4  2 -3 -4 -3  1  2 -4 -3 -3    9  26   1   5   0   9   1  14   0   0   0  12   0   0   0   7  14   0   0   0  0.40 0.18
  176 S   -1 -3  0 -3 -2 -2 -3 -3 -4 -5 -5 -3 -4 -5 -3  7  1 -5 -4 -4    2   0   3   0   1   0   0   0   0   0   0   0   0   0   0  85   8   0   0   0  1.42 0.46
  177 S    5 -4 -3 -4  0 -3 -3  2 -4 -4 -4 -3 -3 -5 -3  2 -2 -5 -4 -3   67   0   0   0   2   0   0  18   0   0   0   0   0   0   0  14   0   0   0   0  1.02 0.35
  178 I   -1  0 -2 -2 -3  1  1 -2  0  0  1  3 -1 -1 -2 -2 -1 -4 -2  1    5   2   0   0   0   8  11   2   2   5  21  29   0   3   1   0   1   0   0  10  0.21 0.15
  179 G    1 -1  0  2 -3  0  2  2 -1 -2 -3  1 -2 -4  0  1  0 -4 -3 -2   10   2   3  12   0   1  19  20   1   2   1  10   0   0   4   8   5   0   0   2  0.27 0.12
  180 F   -3 -4 -3 -1 -4 -4 -4 -4 -2 -4 -3 -4 -3  5 -1  2 -2 -1  7 -4    1   0   0   3   0   0   0   1   0   0   0   0   0  23   3  22   1   0  46   0  1.19 0.38
  181 V   -2 -4 -5 -5 -3 -4 -4 -5 -5  4  3 -4  3 -1 -4 -3 -1 -4 -3  3    2   0   0   0   0   0   0   0   0  31  29   0   7   2   0   0   3   0   0  27  0.70 0.24
  182 E    0  0  0  2 -2  2  4 -2 -2 -3 -3  2 -2 -4 -3 -1 -1 -4 -3 -2   10   4   3   8   1   8  41   2   0   1   2  13   1   0   0   2   3   0   0   2  0.50 0.21
  183 T    0  2 -1  0 -3  3  2 -3  0 -3 -2  2 -1 -4  2 -1  1 -3 -3 -2   11  12   1   3   0  15  17   0   2   1   4  12   1   0   9   1   9   0   0   1  0.30 0.14
  184 L   -1 -4 -4 -5 -1 -4 -4 -5 -3  1  4 -4  1  4 -5 -4 -1 -3 -1  0    5   0   0   0   1   0   0   0   1   8  56   0   3  20   0   0   3   0   0   3  0.73 0.25
  185 E   -2 -2  0  2 -4  3  6 -4 -2 -3 -2 -1 -3 -5 -3 -1 -2 -5 -4 -2    2   0   4  10   0  12  59   0   0   1   4   1   0   0   0   2   1   0   0   3  0.89 0.31
  186 N    3 -1  2  2 -3  1  2 -2 -2 -3 -3  1 -3 -4 -2  0  0 -4 -3 -3   32   2  11  14   0   4  17   1   0   0   1  10   0   0   0   2   4   0   0   0  0.41 0.19
  187 D   -1  0 -2  1 -1  0  0 -3 -1 -2  0  4 -1  1 -3 -1 -1 -1  2  0    4   2   0   9   1   2   6   0   1   0  10  34   1   8   0   1   4   1   8   7  0.22 0.15
  188 L   -3 -4 -5 -5  3 -4 -5 -5 -4  1  3 -4  6  4 -5 -4 -2 -3 -1 -1    1   0   0   0   7   0   0   0   0   8  36   0  23  23   0   0   1   0   1   0  0.84 0.28
  189 L    3  0  0  1 -3  0  1 -2 -2 -3 -3  3 -3 -4 -2  0  0 -4 -3 -2   37   4   3   9   0   4   7   1   0   0   1  24   0   0   0   5   4   0   0   2  0.40 0.19
  190 E    0  1 -1  1 -4  2  5 -2 -2 -4 -4  2 -3 -5 -3  0 -1 -4 -4 -4    5   6   2   4   0   8  49   1   0   0   0  14   0   0   0   6   4   0   0   0  0.71 0.25
  191 L   -2 -4 -4 -5 -1 -2 -4 -5 -3  3  5 -4  0  0 -4 -3 -2 -3  0  1    1   0   0   0   1   1   1   0   0  21  61   0   0   1   0   1   1   0   3   5  0.76 0.25
  192 R   -1  3  0 -3 -3 -1 -2  6 -2 -4 -4 -1 -4 -4 -3  0 -2 -4 -3 -4    1  16   5   0   0   2   2  59   1   0   1   2   0   0   1   6   1   0   1   1  0.88 0.26
  193 A    0  0  0  1  1  1  1  0 -1 -1 -1  2 -1 -1 -1  0  0 -1 -1 -1    9   4   4   7   5   5   9   9   1   2   4  17   1   2   3   7   4   1   3   3  0.08 0.02
  194 K    0  0  0  0 -1  1  1  0  0 -1 -1  1  0 -1  0  0  0 -1 -1 -1    8   3   4   6   1   6   7   8   1   4   7  14   3   3   5   7   6   1   2   4  0.05 0.01
  195 G    0 -1  0  0 -1  0  0  3  0 -1 -1  0 -1 -1  0  0  0 -1 -1 -1    6   3   5   4   1   3   5  31   2   3   6   4   1   3   3   6   5   1   2   4  0.16 0.03
  196 V    0 -1 -1 -1  3  0 -1  0 -1  0  0 -1  0  1  0  0  0 -1  0  1    6   3   3   4  10   3   4   9   1   7   6   4   1   9   3   5   5   1   2  13  0.02 0.01
  197 D   -1 -2  0  4 -2 -1 -1 -2  0  1 -1 -1 -1 -1 -2 -1  1 -3 -2  3    2   1   3  26   0   1   2   2   2   6   5   2   1   2   1   3   8   0   1  30  0.25 0.12
  198 A    3 -4 -3 -4 -4 -4 -4  6 -4 -3 -5 -3 -4 -5 -4 -2 -3 -4 -1 -3   25   0   0   0   0   0   0  68   0   2   0   0   0   0   0   0   0   0   2   2  1.29 0.36
  199 Q   -1  5 -2 -2  0  4  2 -4 -2 -4 -4  3 -3 -3 -3 -2 -2 -4 -3 -4    4  37   0   0   2  18  11   0   0   0   0  23   0   1   0   1   0   0   0   1  0.79 0.28
  200 I   -3 -5 -5 -5 -3 -5 -5 -6 -5  7  0 -5 -1  1 -5 -4 -1 -5 -3  3    0   0   0   0   0   0   0   0   0  67   4   0   0   5   0   0   3   0   0  22  1.19 0.35
  201 A    7 -4 -4 -5 -3 -4 -4 -2 -4 -4 -4 -3 -4 -5 -4 -1 -3 -5 -5 -2   97   0   0   0   0   0   0   1   0   0   0   0   0   0   0   0   0   0   0   2  1.67 0.49
  202 S   -2 -3 -2 -3 -3 -3 -3 -3 -4 -4 -4 -3 -4 -5 -3  6  5 -5 -4 -3    0   0   0   0   0   0   0   0   0   0   0   0   0   0   0  59  40   0   0   1  1.29 0.44
  203 G   -2 -4 -4 -4 -3 -4 -4  3 -5  3  2 -4  0 -2 -4 -3 -2 -4 -3  4    0   0   0   0   0   0   0  26   0  20  17   0   2   0   0   0   0   0   0  35  0.63 0.24
  204 G    0 -3 -2 -3 -1 -1 -2  3 -2  2 -2 -3  2 -3 -3  3 -1 -4 -3  1    4   0   0   0   1   3   1  27   1  17   0   0   8   0   0  26   2   0   0   9  0.39 0.21
  205 G   -3 -5 -3 -4 -5 -5 -5  7 -5 -7 -7 -4 -6 -6 -5 -3 -4 -5 -6 -6    0   0   0   0   0   0   0 100   0   0   0   0   0   0   0   0   0   0   0   0  2.29 0.51
  206 R   -4  8 -3 -5 -7 -2 -3 -5 -3 -6 -5 -1 -4 -6 -5 -4 -4 -6 -5 -6    0 100   0   0   0   0   0   0   0   0   0   0   0   0   0   0   0   0   0   0  2.43 0.58
  207 M   -3 -3 -4 -4 -4 -2 -3 -4 -1 -2 -2 -3  6  2 -4 -3 -3 -1  8 -2    1   1   1   1   0   1   1   1   0   1   1   1  26   5   1   1   1   0  58   1  1.51 0.39
  208 Y   -3 -3 -2 -5 -3 -3 -3 -5 -1 -3 -4 -2 -4  1 -5 -3 -2  2  9 -3    1   1   2   0   1   1   1   0   0   1   0   3   0   2   0   1   2   1  81   1  1.98 0.50
  209 V   -1 -1 -1 -1 -1 -1 -1 -1 -1  2  0 -1  0  2 -1 -1  0  1  0  2    4   3   3   3   1   2   4   4   1  13   6   3   2  14   3   4   4   2   2  21  0.06 0.03
  210 T    5 -3 -3 -3 -3 -3 -3 -2 -4 -3 -3 -3 -3 -4 -3  0  4 -4 -4 -2   64   0   0   0   0   0   0   1   0   1   0   0   0   0   0   4  28   0   0   0  1.00 0.35
  211 M   -4 -5 -6 -7 -5 -4 -5 -6 -5 -2 -1 -5 11 -3 -6 -5 -4 -5 -4 -3    0   0   0   0   0   0   0   0   0   0   2   0  98   0   0   0   0   0   0   0  2.98 0.70
  212 D   -5 -5 -2  8 -7 -3 -1 -4 -4 -6 -7 -4 -6 -7 -5 -3 -4 -7 -6 -6    0   0   0 100   0   0   0   0   0   0   0   0   0   0   0   0   0   0   0   0  2.49 0.57
  213 R   -4  8 -3 -5 -7 -2 -3 -5 -3 -6 -5 -1 -4 -6 -5 -4 -4 -6 -5 -6    0 100   0   0   0   0   0   0   0   0   0   0   0   0   0   0   0   0   0   0  2.43 0.58
  214 Y    0  0 -1  0 -1  0  0 -1  0 -1 -1  0 -1  1  0  0  0  0  5 -1    6   4   3   4   1   3   5   5   2   4   7   4   2   3   4   5   4   1  29   5  0.18 0.03
  215 E   -4 -3 -1  7 -6 -2  3 -2 -3 -6 -6 -3 -5 -6 -4 -3 -4 -7 -6 -6    0   0   1  76   0   0  19   3   0   0   0   0   0   0   0   0   0   0   0   0  1.74 0.45
  216 N    2  0  6 -2 -3  0 -2 -3 -1 -5 -5  3 -4 -5 -4 -1 -2 -5 -4 -4   17   4  48   0   0   2   1   0   1   0   0  24   0   0   0   1   0   0   0   0  0.92 0.33
  217 D   -4  7  2  4 -6 -2 -2 -4 -2 -6 -5 -1 -4 -6 -4 -3 -3 -3 -4 -5    0  67  10  22   0   0   1   0   0   0   0   0   0   0   0   0   0   0   0   0  1.46 0.42
  218 W   -6 -6 -7 -8 -6 -6 -7 -6 -6 -6 -5 -7 -5 -2 -7 -6 -6 13  0 -7    0   0   0   0   0   0   0   0   0   0   0   0   0   0   0   0   0  98   1   0  4.56 0.81
  219 D   -2 -2  1  6 -5 -1  4 -1 -3 -5 -5 -1 -3 -5 -2  0 -2 -6 -4 -5    3   0   5  45   0   1  31   4   0   0   0   1   0   0   1   8   0   0   0   0  0.96 0.30
  220 V   -4  7 -3 -5 -5 -2 -3 -5 -3 -1 -3 -1  4 -4 -5 -3 -3 -5 -4  1    0  74   0   0   0   0   0   0   0   3   0   0  13   0   0   0   0   0   0   9  1.50 0.44
  221 V   -3 -5 -5 -5 -3 -4 -4 -6 -5  1 -1 -5 -2 -3 -5 -3  2 -5 -4  7    0   0   0   0   0   0   1   0   0   3   2   0   0   0   0   0  11   0   0  84  1.37 0.42
  222 K   -1 -1 -2 -1 -5  3  6 -4 -1 -5 -5  3 -4 -5 -3 -1 -3 -5 -4 -4    3   2   0   1   0  14  57   0   1   0   0  18   0   0   0   3   0   0   0   0  1.04 0.34
  223 R    0  4 -2 -2 -4  2 -1 -3 -2 -2  1  4 -1 -3 -3 -1 -2 -4 -3 -2    6  27   1   1   0  12   2   0   0   1  14  31   0   0   1   1   1   0   0   2  0.51 0.22
  224 G    5 -4 -3 -4 -2 -3 -3  4 -4 -4 -4 -3 -4 -5 -3  0 -3 -5 -4 -3   66   0   0   0   1   0   0  29   0   0   0   0   0   0   0   4   0   0   0   0  1.14 0.37
  225 W   -5 -5 -6 -7 -6 -5 -5 -6 -2 -5 -4 -5 -4  0 -6 -5 -5  9  9 -5    0   0   0   0   0   0   0   0   0   0   0   0   0   1   0   0   0  26  72   0  2.70 0.60
  226 D   -2  3  4  5 -5  0  1 -3  1 -5 -4  1 -4 -5 -3 -2 -2 -5 -3 -4    3  18  22  34   0   3   5   0   3   0   1   9   0   0   0   0   1   0   1   0  0.74 0.25
  227 A    5 -4 -4 -4 -3 -3 -3 -3 -2 -1  2 -3  0 -3 -3 -1  0 -4 -3  0   60   0   0   0   0   0   0   0   1   2  24   0   1   0   0   1   4   0   0   7  0.72 0.30
  228 Q   -3 -3 -4 -4 -4  2 -3 -5  5  3  3 -3  6 -2 -4 -4 -3 -4 -2 -1    0   0   0   0   0  10   0   0  16  19  27   0  25   1   0   0   0   0   0   1  0.76 0.29
  229 V    0 -4 -4 -5 -2 -4 -4 -5 -5  0 -2 -4 -2 -3 -4 -2  4 -5 -3  6    7   0   0   0   1   0   0   0   0   1   0   0   0   0   0   1  27   0   0  63  1.01 0.36
  230 L   -2  0  0  0 -1  1  1 -4  1 -1  3  0  0  0 -3 -1 -2 -2  3 -2    2   4   3   5   1   8   9   0   4   0  36   7   1   1   0   3   1   0  13   0  0.22 0.15
  231 G    1 -3 -3 -4 -5 -4 -4  7 -4 -6 -6 -4 -5 -6 -4 -2 -4 -5 -5 -5   13   1   0   0   0   0   0  84   0   0   0   0   0   0   0   1   0   0   0   0  1.71 0.42
  232 E   -2 -1 -1  1 -5  2  6 -4 -2 -4 -4  3 -3 -5 -3 -2 -1 -5 -4 -3    1   2   1   7   0   7  54   0   0   1   1  21   0   0   0   0   3   0   0   2  0.92 0.31
  233 A    3 -4 -3 -4 -4 -4 -4  6 -4 -5 -5 -3 -4 -5 -4 -1 -2 -5 -5 -4   32   0   0   0   0   0   0  64   0   0   0   0   0   0   0   3   1   0   0   0  1.32 0.37
  234 P   -1  0 -1  1 -3  1  3 -2 -2 -2 -1  0 -2 -3  4 -1 -1 -3 -2  0    5   4   2   7   0   4  27   2   1   2   5   5   0   1  22   1   2   0   1   9  0.40 0.13
  235 Y   -2  2  0 -2 -2 -1 -2 -2  5 -1  0 -1  0  3 -2 -2 -2 -1  4 -1    2  12   5   1   1   1   2   2  18   3   8   2   2  18   1   2   2   0  16   3  0.36 0.14
  236 K    0  1  0 -1 -2  3  1 -2  1 -2 -3  3 -2 -3 -1  0  2 -3 -1 -2    5   5   4   2   1  17   5   2   4   1   1  23   0   0   2   5  17   0   2   3  0.29 0.14
  237 F    4 -4 -3 -4 -2 -3 -3 -2 -3 -3 -2 -3 -2  5 -3  0 -2 -2  3 -1   43   0   1   0   0   0   0   2   0   0   0   0   0  33   1   4   1   0  12   2  0.79 0.29
  238 K    1  0  1  2 -1  0  1 -2  0 -3 -3  1 -2 -4  1  1  1 -4 -3 -2   18   3   6  13   1   4  10   1   2   0   1  11   0   0   8  10  11   0   0   1  0.26 0.12
  239 S   -1 -3  3  3  0 -2 -2 -2 -2 -4 -4 -2 -4 -5 -3  5  2 -5 -3 -4    1   0  16  18   2   0   0   2   0   0   1   0   0   0   0  48  12   0   0   0  0.79 0.31
  240 A    6 -4 -4 -4 -2 -3 -3  0 -4 -3 -3 -3 -3 -5  4 -1 -2 -5 -4 -2   70   0   0   0   1   0   0   6   0   1   1   0   0   0  18   1   1   0   0   2  1.05 0.36
  241 L    0 -1 -2 -3 -2 -1  0 -3  0  1  2  0  1 -1 -1 -1  0 -3 -2  3    4   4   0   0   0   2   8   1   2   7  19   6   3   1   2   5   6   0   1  30  0.16 0.11
  242 E    2 -2 -1  2 -2  1  5 -2 -1 -4 -4 -1 -3 -5 -3  0 -1 -5 -4 -3   23   0   1  10   1   6  48   1   1   1   0   2   0   0   0   4   4   0   0   0  0.71 0.27
  243 A    6 -4 -4 -4  0 -3 -3  2 -4 -4 -3 -3 -3 -5 -3 -1 -2 -5 -4 -1   76   0   0   0   2   0   0  17   0   0   1   0   0   0   0   0   0   0   0   3  1.14 0.38
  244 V   -2 -4 -5 -5 -3 -4 -5 -5 -5  4  3 -4  2 -2 -4 -4 -2 -4 -3  4    1   0   0   0   0   0   0   0   0  30  35   0   4   0   0   0   0   0   0  31  0.84 0.27
  245 K   -1  0  0  1 -5  3  4 -3 -1 -4 -4  3 -3 -5 -3 -1 -1 -5 -4 -2    5   3   4   6   0  15  38   0   1   0   1  20   0   0   0   2   4   0   0   2  0.63 0.24
  246 T    3 -1  0  1 -3  1  1 -2 -2 -2 -2  1 -2 -4 -2  0  2 -4 -3 -2   38   1   4   7   0   6   8   0   0   1   2  10   1   0   0   2  19   0   0   2  0.36 0.19
  247 L    4 -3 -3 -3 -2 -3 -3 -1 -3 -3  1 -3 -2  1 -3  4 -1 -4  0 -2   36   0   0   0   0   0   0   2   0   0  17   0   0   6   0  35   0   0   4   0  0.54 0.27
  248 R   -4  4 -4 -5 -5 -3 -4 -5 -1 -4 -4 -1 -4  0 -5 -3 -4 -1  9 -4    0  22   0   0   0   0   0   0   0   0   0   3   0   1   0   1   0   0  72   0  1.90 0.50
  249 A    3 -1  0  2 -2  1  3  0  1 -3 -3  1 -2 -3 -2  0 -1 -3 -1 -2   30   1   3  10   0   4  20   5   3   1   1   9   0   1   1   4   2   0   2   1  0.28 0.13
  250 Q   -1  5  1  2 -5  0  4 -3 -2 -5 -4  1 -3 -5 -3 -1 -3 -5 -4 -4    4  40   5  11   0   3  27   1   0   0   0   6   0   0   0   2   0   0   0   0  0.77 0.26
  251 P   -1 -2  1  4 -2 -1  0  2 -2 -3 -3 -1 -3 -4  3 -1 -1 -4 -4 -3    4   1   8  31   1   1   5  20   1   0   1   4   0   0  15   1   4   0   0   2  0.52 0.18
  252 K   -2  0  0  0 -4  0  5  2 -1 -4 -4  3 -3 -4 -2 -1 -2 -4 -3 -4    2   3   4   3   0   2  42  19   1   0   1  19   0   0   1   4   0   0   0   0  0.61 0.22
  253 A    1 -1 -1 -1 -1 -1 -1 -1 -1  2  0  0  0  0 -1 -1  0 -1 -1  2   13   2   2   3   1   2   3   3   1  12   6   5   1   3   3   3   6   1   1  26  0.07 0.04
  254 N   -2 -3  5 -1 -3 -2 -2 -3 -1  1 -3 -2 -2 -2 -3  1  4 -4  1 -2    0   0  33   2   0   0   1   1   1   9   1   0   1   1   0  10  33   0   5   1  0.63 0.27
  255 D   -5 -5 -2  8 -7 -3 -1 -4 -4 -6 -7 -4 -6 -7 -5 -3 -4 -7 -6 -6    0   0   0 100   0   0   0   0   0   0   0   0   0   0   0   0   0   0   0   0  2.49 0.57
  256 Q   -4 -2 -3 -1 -6  5  7 -5 -3 -6 -5 -2 -4 -6 -4 -3 -3 -5 -5 -5    0   0   0   0   0  26  74   0   0   0   0   0   0   0   0   0   0   0   0   0  1.71 0.49
  257 Y   -5 -5 -4  1 -5 -5 -5 -6 -3 -3 -3 -5 -3  8 -6 -5 -5  2  5 -4    0   0   1   8   0   0   0   0   0   0   0   0   0  74   0   0   0   2  15   0  1.88 0.46
  258 L   -3 -5 -5 -5 -1 -4 -5 -6 -5  2  2 -4  0 -1 -5 -4 -2 -4  0  6    0   0   0   0   1   0   0   0   0   8  19   0   2   1   0   0   0   0   3  67  1.02 0.33
  259 P    0 -1 -2 -2 -3  0  0 -2 -2  0  0  3  0 -3  4 -1 -1 -4 -3  0    6   1   0   1   0   4   5   1   1   8  12  27   3   0  22   1   1   0   0   7  0.36 0.17
  260 P    2 -4 -4 -3 -3 -4 -1 -1 -5 -5 -5 -3 -5 -6  8 -1 -3 -6 -5 -4   22   0   0   0   0   0   3   4   0   0   0   0   0   0  69   3   0   0   0   0  1.84 0.44
  261 F   -1 -4 -3 -4 -1 -3 -4 -4 -4 -2 -3 -3 -2  5 -4  1  6 -3 -2 -1    3   0   0   0   1   0   0   0   0   0   0   0   0  28   0  10  55   0   0   2  1.03 0.37
  262 V    0 -1 -4 -5 -1 -4 -2 -5 -4  1 -1 -4 -2 -3 -4 -2  0 -4 -4  6    6   3   0   0   1   0   2   0   0   3   0   0   0   0   0   2   4   0   0  77  1.05 0.36
  263 I   -3 -5 -6 -6 -1 -5 -5 -6 -4  7  0 -5  1 -3 -5 -5 -3 -5 -4  3    0   0   0   0   1   0   0   0   0  80   2   0   2   0   0   0   0   0   0  14  1.48 0.41
  264 V    1 -1 -2 -2  0 -1 -1  0 -1  1  0 -1  0 -2 -1 -1  2 -3 -2  3   11   3   1   2   1   2   2   7   1   4   5   3   3   1   2   2  20   0   1  30  0.16 0.11
  265 D   -2  1  0  5 -3  0  1  0 -1 -3 -3  2 -3 -3  0 -1 -1 -3 -3 -3    2   6   4  36   0   2   8   9   1   1   2  17   0   1   5   2   3   0   1   1  0.45 0.15
  266 D    1 -1  0  3 -3  0  4  0 -1 -3 -3  1 -3 -3  0  0 -1 -3 -2 -2   16   1   3  18   0   1  32   7   1   1   1   7   0   0   3   4   1   0   2   1  0.41 0.16
  267 S    0 -1  3  3 -2  1  1  0  0 -2 -2  0 -2 -3 -1  1 -1 -3 -2 -1   10   2  19  19   1   5   9   7   2   1   2   3   1   1   2  11   1   0   1   4  0.25 0.09
  268 G   -1 -3 -1  0 -4 -3 -1  7 -2 -5 -4 -2 -4 -4 -3 -2 -3 -4 -4 -4    2   1   1   6   0   0   3  78   1   1   1   2   0   0   1   1   1   0   0   1  1.35 0.32
  269 N    0  1  1  0 -2  3  2 -2 -1 -3 -3  4 -2 -4 -2  0  0 -4 -3 -3    7   5   7   3   1  14  16   1   0   0   1  33   0   0   0   4   4   0   0   1  0.45 0.18
  270 A    1 -3 -2 -2 -4 -2  0 -3 -3 -4 -4 -2 -4 -4  7 -1 -2 -4 -4 -3   13   1   1   2   0   1   5   2   0   1   1   1   0   0  65   4   1   0   0   1  1.53 0.34
  271 V   -1 -3 -3  0 -2 -2 -2 -3 -3  2  0 -2 -1 -2 -2 -1  0 -4 -2  5    3   1   1   5   0   1   3   1   0  10   8   2   0   0   1   4   4   0   0  55  0.48 0.20
  272 G    4 -3 -2 -3 -1 -2 -3  5 -2 -3 -3 -2 -3 -4 -3 -1 -1 -3 -3 -2   42   1   1   1   1   1   1  43   1   1   1   1   0   0   1   2   2   0   0   1  0.82 0.25
  273 P    1  1 -1 -3 -3  0 -2 -3 -3 -2 -1  2 -2 -4  3  0  4 -4 -3 -1   10   7   1   0   0   4   0   0   0   1   4  12   0   0  17   3  34   0   0   5  0.45 0.20
  274 V   -3 -5 -5 -5 -3 -5 -5 -6 -5  6  1 -5  3 -2 -5 -4 -3 -5 -3  4    0   0   0   0   0   0   0   0   0  58   7   0   9   0   0   0   0   0   0  26  1.15 0.34
  275 L   -1  1  2  0 -2  3  3 -2 -1 -3 -2  2 -2 -3 -3 -1 -2 -4 -3  0    5   4  10   2   1  18  27   2   0   0   2  16   0   0   0   3   1   0   0   8  0.40 0.19
  276 D   -2 -3  1  7 -6 -2  1 -4 -3 -6 -6 -2 -5 -6 -2 -1 -3 -7 -5 -5    4   0   4  79   0   0   7   0   0   0   0   1   0   0   1   3   0   0   0   0  1.66 0.43
  277 G   -2 -4  3  0 -5 -3 -2  6 -1 -6 -6 -1 -5 -5 -4 -2 -3 -5 -5 -5    0   0  17   5   0   0   2  70   2   0   0   3   0   0   0   0   0   0   0   0  1.34 0.36
  278 D   -5 -5 -2  8 -7 -3 -1 -4 -4 -6 -7 -4 -6 -7 -4 -3 -4 -7 -6 -6    0   0   0  99   0   0   0   0   0   0   0   0   0   0   0   1   0   0   0   0  2.46 0.57
  279 A    4 -3 -2 -3 -3 -3 -3 -1 -3 -3 -4 -3 -3 -4 -3  5  1 -5 -4 -2   45   0   0   0   0   0   0   3   0   0   0   0   0   0   0  44   6   0   0   1  0.92 0.34
  280 V   -2 -5 -5 -6 -2 -5 -5 -6 -5  3  1 -5 -1 -1 -5 -4 -2 -5 -3  6    1   0   0   0   0   0   0   0   0  14  11   0   1   2   0   0   0   0   0  71  1.13 0.35
  281 V   -3 -5 -5 -5 -3 -5 -5 -6 -5  6  1 -5 -1 -1 -5 -4 -3 -5 -3  4    1   0   0   0   0   0   0   0   0  59   9   0   0   1   0   0   0   0   0  30  1.18 0.34
  282 T   -4 -5 -4 -6  2 -5 -6 -6 -4 -1 -1 -5 -1  8 -6 -4  0 -2  1 -2    0   0   0   0   4   0   0   0   0   3   3   0   1  78   0   1   8   0   2   1  1.74 0.45
  283 I   -2 -5 -5 -6 -1 -4 -5 -5 -3 -1 -1 -5  6  7 -5 -4 -3 -2  3 -2    3   0   0   0   1   0   0   0   0   3   2   0  26  53   0   0   1   0  10   1  1.36 0.39
  284 N   -5 -3  9 -2 -6 -3 -3 -3 -2 -7 -7 -3 -5 -6 -5 -2 -3 -7 -5 -6    0   0 100   0   0   0   0   0   0   0   0   0   0   0   0   0   0   0   0   0  2.55 0.61
  285 F   -5 -6 -6 -7 -5 -6 -6 -6 -4 -3 -3 -6 -3  9 -7 -5 -5 -2  2 -4    0   0   0   0   0   0   0   0   0   0   0   0   0  96   0   0   0   0   4   0  2.59 0.57
  286 R   -4  8 -3 -5 -7 -2 -3 -5 -3 -6 -5 -1 -4 -6 -5 -4 -4 -6 -5 -6    0 100   0   0   0   0   0   0   0   0   0   0   0   0   0   0   0   0   0   0  2.43 0.58
  287 A    4 -4 -4 -4 -4 -3 -3  2 -4 -4 -4 -3 -4 -5  6  0 -3 -5 -5 -3   43   0   0   0   0   0   0  13   0   0   0   0   0   0  38   6   0   0   0   0  1.16 0.35
  288 D   -5 -5 -2  8 -7 -3 -1 -4 -4 -6 -7 -4 -6 -7 -5 -3 -4 -7 -6 -6    0   0   0 100   0   0   0   0   0   0   0   0   0   0   0   0   0   0   0   0  2.49 0.57
  289 R   -4  8 -3 -5 -7 -2 -3 -5 -3 -6 -5 -1 -4 -6 -5 -4 -4 -6 -5 -6    0 100   0   0   0   0   0   0   0   0   0   0   0   0   0   0   0   0   0   0  2.43 0.58
  290 M    6 -4 -4 -4 -3 -3 -3 -2 -4 -3 -3 -3  3 -4 -3  0 -2 -5 -4  0   81   0   0   0   0   0   0   0   0   0   0   0   9   0   0   3   0   0   0   6  1.23 0.41
  291 V   -3  7 -3 -4 -5 -1 -3 -5 -3  3 -2 -1 -2 -4 -5 -3 -3 -5 -4  1    0  65   0   0   0   1   0   0   0  19   3   0   0   0   0   0   1   0   0  11  1.19 0.38
  292 M   -3 -2 -3 -2 -6  6  6 -5 -2 -5 -4 -2  3 -5 -4 -3 -3 -5 -4 -5    1   0   0   0   0  35  56   0   0   0   0   0   8   0   0   0   0   0   0   0  1.41 0.44
  293 L   -3 -5 -5 -6 -3 -4 -5 -6 -3  6  3 -5  3 -1 -5 -4 -3 -4 -3  0    1   0   0   0   0   0   0   0   1  60  29   0   9   1   0   0   0   0   0   0  1.13 0.34
  294 A    1 -3 -2 -3 -2 -3 -3 -3 -4 -4 -4 -3 -3 -5 -3  4  6 -5 -4 -3   10   0   0   0   0   0   0   0   0   0   0   0   0   0   0  28  61   0   0   0  1.17 0.40
  295 K   -2  6  0 -3 -5  1 -1 -4  2 -5 -3  3 -2 -4 -4 -2 -3  0  0 -4    2  58   4   0   0   7   1   0   4   0   2  16   0   0   0   0   0   1   4   0  1.03 0.33
  296 A    6 -4 -4 -4  2 -3 -3 -2 -4 -3 -4 -3 -3 -4 -2  0  1 -5 -4  0   74   0   0   0   3   0   0   0   0   0   0   0   0   0   1   6  10   0   0   6  1.04 0.37
  297 L   -5 -5 -6 -6 -5 -6 -6 -6 -4  1  1 -6 -1  8 -6 -5 -4 -2  0 -3    0   0   0   0   0   0   0   0   0   6  14   0   1  78   0   0   0   0   0   0  1.85 0.46
  298 E   -1 -3  0 -1  4 -2  3 -4 -3  1 -2 -3 -2 -3 -3 -2  2 -4 -3  4    2   0   4   2   9   0  22   0   0   7   1   0   0   0   0   0  18   0   0  34  0.48 0.24
  299 Y   -2 -3  3  5 -2  0  3 -3 -1 -3 -3 -1 -1 -2 -3 -2 -2 -3  2 -4    2   0  14  42   1   2  18   1   1   1   2   2   1   1   0   1   1   0  10   0  0.72 0.25
  300 A    1 -1 -1  3 -4  0  3 -3 -2 -4 -4  1 -3 -5  3 -1 -1 -5 -4 -3   12   1   0  22   0   1  26   0   0   0   0  11   0   0  17   3   4   0   0   2  0.59 0.22
  301 D   -1 -2  2  6 -3 -1  2  0 -1 -4 -5 -1 -4 -5 -3 -1 -2 -5 -4 -3    5   0   8  52   0   2  15   7   1   0   0   3   0   0   0   3   2   0   0   2  0.87 0.28
  302 F   -5 -6 -6 -7 -4 -6 -6 -6 -4 -3 -2 -6 -3  9 -7 -5 -5  1  0 -3    0   0   0   0   0   0   0   0   0   0   2   0   0  96   0   0   0   1   0   0  2.55 0.57
  303 D    0  0  2  5 -3 -1  1 -2 -2 -4 -4  1 -4 -5 -1  0  1 -5 -4 -4    6   6   8  44   0   1   5   0   1   0   0   7   0   0   3   7  12   0   0   0  0.65 0.23
  304 N   -1 -2  0  0 -4 -2  0  5  1 -5 -5  2 -4 -3 -3 -1 -3 -4 -3 -5    4   0   3   4   0   0   7  57   4   0   0  15   0   1   1   3   1   0   0   0  0.86 0.27
  305 F   -5 -6 -6 -7 -6 -6 -6 -6 -4 -3 -2 -6 -3  9 -7 -6 -5 -2  0 -4    0   0   0   0   0   0   0   0   0   0   1   0   0  99   0   0   0   0   0   0  2.68 0.59
  306 D    0 -2  1  5 -5  0  4 -3 -2 -4 -5  0 -3 -5  0 -1 -1 -5 -4 -3    8   0   5  40   0   2  28   0   0   1   0   6   0   0   3   1   3   0   0   2  0.75 0.26
  307 R   -4  8 -3 -5 -4 -2 -3 -5 -3 -5 -5  1 -4 -6 -5 -4 -4 -6 -5 -5    0  95   0   0   0   0   0   0   0   0   0   3   0   0   0   0   0   0   0   0  2.23 0.54
  308 V    1  0  0 -1 -3  0  1  3 -2 -2 -3  2 -2 -4  0  0 -1 -4 -3  1    9   2   3   3   0   3  11  24   0   1   0  16   0   0   4   3   2   0   0  17  0.23 0.13
  309 R    0  4  0 -1 -4  0  0 -2 -1 -2 -3  3 -2 -4  1 -1 -1 -4 -2  0    6  33   3   3   0   3   5   1   1   1   1  21   0   0   7   2   3   0   1   8  0.43 0.18
  310 V   -1  2 -2 -3 -2 -1 -2 -3  3  0  0 -1  0  3 -1 -2  0  1  2  1    4  17   0   1   0   2   1   1  11   2   8   2   1  14   3   1   6   2   7  15  0.19 0.13
  311 P   -2 -2 -4 -3 -4 -2 -3 -4 -4 -1 -1 -2 -3  0  8 -3 -2 -5 -4 -1    1   2   0   0   0   1   1   1   0   4   7   2   0   4  69   1   1   0   0   5  1.61 0.38
  312 K    0  1  2  1 -4  2  0 -2  1 -4 -4  5 -3 -5  0 -1 -2 -5 -3 -4    7   5  13   9   0   8   4   1   3   0   0  43   0   0   5   1   0   0   0   0  0.58 0.23
  313 I   -2 -4 -4 -5 -3 -4 -4 -5 -5  3  3 -4  0  0 -3 -3  0 -4 -3  4    1   0   0   0   0   0   0   0   0  17  37   0   1   2   1   0   7   0   0  33  0.66 0.23
  314 R    0  2  1  0 -1 -1  0 -3  4 -3 -2  0 -1  0 -2  1  1 -3  2 -2   10  11   5   4   2   1   5   0  17   0   2   5   1   4   0  11  12   0   8   3  0.23 0.13
  315 Y   -5 -5 -5 -6 -5 -5 -6 -6 -2 -3 -2 -5 -3  8 -6 -5 -5 -1  7 -4    0   0   0   0   0   0   0   0   0   0   1   0   0  60   0   0   0   0  39   0  2.07 0.49
  316 A    3 -4 -5 -5 -2 -4 -4 -4 -5  1 -1 -4 -1 -3 -4 -2 -1 -5 -4  6   25   0   0   0   1   0   0   0   0   5   1   0   0   0   0   1   2   0   0  66  1.00 0.35
  317 G   -2 -4 -3 -4  8 -3 -4  3 -4 -3 -3 -4  5 -4 -4 -1  2 -4 -4 -3    0   0   0   0  34   1   0  28   0   0   0   0  21   0   0   3  13   0   0   0  1.18 0.37
  318 M   -3 -4 -5 -6 -4 -4 -5 -6 -4 -1  4 -4  8  2 -5 -4 -2 -4 -3 -2    0   0   0   0   0   0   0   0   0   1  33   0  53  10   0   0   2   0   0   0  1.43 0.43
  319 L   -2 -4 -3 -4 -3 -3 -4 -4 -4 -2  1 -2  5 -4 -4 -1  7 -5 -4 -2    1   0   0   0   0   0   0   0   0   0  12   1  14   0   0   1  70   0   0   0  1.25 0.43
  320 Q   -3  0 -2  0 -4  6  5 -4  1 -5 -2 -1 -2 -5 -4 -2 -2 -5 -4 -3    0   3   0   4   0  42  39   0   4   0   4   1   0   0   0   1   1   0   0   1  1.06 0.36
  321 Y   -5 -5 -5 -6 -6 -5 -5 -6 -1 -4 -4 -5 -4  3 -6 -5 -5 -1 10 -4    0   0   0   0   0   0   0   0   0   0   0   0   0   7   0   0   0   0  93   0  2.75 0.62
  322 D    3 -4  0  7 -4 -2  0 -3 -3 -5 -5 -2 -4 -5 -3  1 -3 -6 -5 -4   24   0   2  61   0   1   3   0   0   0   0   1   0   0   0   8   0   0   0   0  1.17 0.36
  323 G    3 -2 -2  0 -3 -1  2  3 -3 -3 -4  1 -2 -4 -1  0 -2 -4 -3 -1   28   1   1   4   0   0  19  25   0   1   0   9   0   0   2   5   0   0   0   5  0.40 0.19
  324 E   -2 -2  0  5 -4 -2  2 -2 -3 -4 -4 -1 -4 -5 -3  1  4 -5 -4 -3    1   1   3  38   0   0  10   1   0   0   0   3   0   0   0   9  34   0   0   0  0.82 0.29
  325 L   -3 -4 -4 -4 -3 -4 -5 -5 -4  5  3 -4  2  2 -5 -4 -2 -4 -2  2    1   0   1   1   0   0   0   0   0  44  33   1   4   8   0   0   1   0   0   8  0.79 0.26
  326 K   -1  0  1  3 -2  0  1  0  2 -4 -4  3 -3 -3  3 -1 -1 -4 -3 -3    3   2   7  16   1   3  10   6   7   0   0  25   0   1  15   2   2   0   0   1  0.41 0.16
  327 L    2 -2  2 -2  0 -2 -2 -1 -2  1  2 -2  0 -2 -2 -1  0 -2 -2  0   25   1  14   1   2   0   1   4   0   9  24   1   1   0   0   2   7   0   0   7  0.18 0.12
  328 P   -1 -3 -2 -1 -3 -2 -1 -1 -2 -3 -3 -1 -3 -2  7 -1 -2 -3 -1 -3    5   1   1   3   0   1   4   4   1   1   2   3   0   2  61   5   1   0   3   1  1.29 0.27
  329 S    1 -1  0 -3  4 -2 -2 -1 -2  1 -1  1 -1 -3 -2  0  0 -4 -3  3   10   2   4   0  11   0   1   3   1   7   2  14   0   0   1   9   3   0   0  32  0.25 0.16
  330 R    4  1  1 -2 -3  0  0 -2  3 -3 -1 -1 -2 -3 -3 -1 -2 -4  0 -2   50   9   9   2   0   5   5   1   8   0   5   2   0   0   0   0   0   0   3   1  0.44 0.22
  331 Y   -4 -5 -5 -6 -2 -4 -5 -5 -2  1 -2 -5 -2  6 -5 -4 -3 -1  6  3    0   0   0   0   1   0   0   0   0   5   0   0   0  37   0   0   0   0  35  21  1.27 0.36
  332 L    3 -1 -2 -2 -1 -1 -1 -1 -2  0  2 -1  0 -1 -1  0 -1 -2 -1  0   34   2   2   2   1   2   2   3   1   2  30   2   2   2   3   4   2   1   1   3  0.20 0.09
  333 V   -1 -1 -1 -2 -1 -1 -1 -2 -1  0  0 -1  0  4 -1 -1 -1 -1  2  3    4   2   2   2   1   2   3   3   1   3   4   3   1  22   3   3   3   1   8  28  0.20 0.07
  334 S    0 -1 -2 -2 -4 -1  0  0  0 -4 -4  2 -3 -4  6  1 -1 -4 -2 -3    6   2   1   1   0   1   5   6   3   0   1  15   0   0  45   9   2   0   1   2  0.87 0.24
  335 P   -2 -4 -3 -4 -5 -2 -3 -4 -2 -5 -5  1 -5 -6  8 -1 -2 -6 -5 -5    2   0   1   0   0   1   0   0   1   0   0   8   0   0  80   4   1   0   0   0  2.14 0.47
  336 P    0 -2 -2 -1 -4  3  3 -3 -1 -2 -3 -1 -2 -4  5 -1  0 -4 -3  0    7   1   0   2   0  13  27   1   1   2   0   2   0   0  26   2   7   0   0   7  0.57 0.21
  337 E    1 -1  2  1 -3  0  2 -2  0 -3 -2  1 -2 -2  0  2  0 -4 -2 -2   13   2  10   7   0   3  18   0   2   0   5   7   0   1   4  21   4   0   1   1  0.24 0.13
  338 I   -3 -4 -5 -5 -3 -4 -5 -6 -3  5  5 -4  1 -2 -2 -4 -3 -4 -1  0    0   0   0   0   0   0   0   0   1  35  57   0   3   0   2   0   0   0   2   1  0.98 0.31
  339 D   -1 -1  0  3 -3  0  2 -3  1 -2 -3  2 -2 -4 -2  0  2 -4 -3  0    4   1   4  21   0   1  16   0   3   1   1  14   0   0   0   6  18   0   0  11  0.33 0.16
  340 R   -4  3  7  0 -4 -2 -1 -2  0 -6 -6 -1 -4 -5 -4 -2 -3 -6 -3 -5    0  17  70   3   0   1   3   1   1   0   0   2   0   0   0   0   0   0   1   0  1.45 0.42
  341 T   -2 -4 -3 -3 -2 -3 -3 -2 -4  0 -3 -3 -2 -4 -2  0  7 -5 -4  2    0   0   0   1   0   0   0   2   0   5   0   0   0   0   1   3  72   0   0  15  1.15 0.40
  342 S   -3 -4 -4 -4 -3 -3 -4 -4 -3  0  4 -4  3  4 -4  1 -2 -1  1 -1    0   0   0   0   0   0   0   0   0   2  49   0   8  19   0  14   1   0   3   2  0.65 0.25
  343 G   -2 -5 -3 -4 -3 -4 -2  7 -5 -6 -6 -4 -5 -6 -3 -2 -3 -5 -6 -6    1   0   0   0   1   0   2  92   0   0   0   0   0   0   1   1   1   0   0   0  1.93 0.45
  344 E   -3 -2 -2  0 -6  1  7 -5 -3 -6 -6 -1 -5 -6 -4 -3 -4 -6 -5 -5    1   0   0   3   0   3  91   0   0   0   0   1   0   0   0   0   0   0   0   0  1.86 0.50
  345 Y   -3 -4 -5 -5 -3 -4 -4 -5 -2  0 -2 -4 -2  2 -5 -4 -2  7  7  3    1   0   0   0   0   0   1   0   0   4   1   0   0   7   0   0   1  18  41  26  1.31 0.37
  346 L   -3 -4 -5 -6 -3 -4 -5 -6 -5  2  5 -4  2  0 -5 -4 -3 -4 -3  1    0   0   0   0   0   0   0   0   0   9  73   0   5   4   0   0   0   0   0   9  1.03 0.31
  347 V    4 -3 -2 -3  1 -1 -1 -2 -3 -2 -3 -2  0 -4 -3  4  0 -4 -3  0   41   0   0   0   4   3   4   0   0   0   0   0   2   0   0  34   2   0   0   8  0.61 0.27
  348 K    1  1  1  1 -3  2  0 -1  1 -4 -4  4 -3 -4 -3  0 -1 -4 -1 -3   14   7   8   7   0   9   1   4   4   0   0  35   0   0   0   6   1   0   2   0  0.42 0.19
  349 N    0 -1  4 -2 -4  2  0 -3  5 -3 -1  1 -2 -3 -3  0 -1 -4 -2 -3    9   2  29   0   0   9   4   0  20   1   9   8   0   0   0   7   2   0   0   0  0.49 0.22
  350 G   -2 -4  2  0 -5 -2 -3  7 -1 -6 -6 -3 -5 -5 -4 -2 -4 -5 -4 -5    0   0  10   6   0   1   0  79   2   0   0   1   0   0   0   0   0   0   1   0  1.51 0.38
  351 I   -2 -1 -3 -4 -1 -2 -3 -4 -3  1  3  4  2 -2 -4 -3 -2 -4 -1  2    0   1   0   0   1   1   0   0   0   8  34  33   6   0   0   0   0   0   2  14  0.48 0.23
  352 R   -1  3  0 -3 -4 -1 -2 -3 -1 -3 -3  4 -3 -4 -2  0  4 -5 -3 -3    3  19   5   0   0   0   0   1   1   1   0  27   0   0   1   4  38   0   0   0  0.67 0.28
  353 T   -3 -2 -3 -3 -5  8 -1 -5 -3 -2 -4 -2 -2 -6 -4 -1  2 -5 -4 -4    0   0   0   0   0  80   1   0   0   3   1   0   0   0   0   2  13   0   0   0  1.73 0.52
  354 F   -1 -4 -5 -6 -3 -4 -5 -5 -4 -1  5 -4  0  3 -5 -4 -3  0  2 -1    5   0   0   0   0   0   0   0   0   0  71   0   1  15   0   0   0   1   6   1  0.97 0.32
  355 A    3  7 -3 -4 -5 -2 -3 -4 -2 -5 -4 -1 -4 -5 -4 -2 -3 -5 -4 -3   24  73   0   0   0   0   0   0   0   0   0   0   0   0   0   0   0   0   0   1  1.51 0.44
  356 C   -3 -5 -5 -5  6 -5 -5 -6 -5  7  0 -5 -1 -3 -5 -3 -1 -5 -4  0    1   0   0   0  16   0   0   0   0  72   7   0   0   0   0   1   2   0   0   1  1.35 0.39
  357 S    5 -3 -3 -3 -3 -3 -3 -2 -4 -4 -4 -3 -3 -5 -3  5 -2 -5 -4 -3   57   0   0   0   0   0   0   0   0   0   0   0   0   0   0  43   0   0   0   0  1.15 0.40
  358 E   -4 -3 -3 -1 -7 -1  8 -5 -3 -6 -6 -2 -5 -6 -4 -3 -4 -6 -5 -6    0   0   0   0   0   0 100   0   0   0   0   0   0   0   0   0   0   0   0   0  2.20 0.57
  359 T   -3 -4 -3 -4 -4 -4 -4 -5 -5 -4 -4 -4 -4 -5 -4 -1  8 -6 -5 -3    0   0   0   0   0   0   0   0   0   0   0   0   0   0   0   1  99   0   0   0  2.10 0.58
  360 V   -3 -2 -3 -1 -6  4  7 -5 -3 -5 -5 -2 -4 -6 -4 -3 -3 -5 -4  0    0   0   0   0   0  18  74   0   0   0   0   0   0   0   0   0   0   0   0   8  1.48 0.45
  361 K   -4 -1 -3 -4 -6 -1 -2 -5 -4 -6 -6  8 -4 -6 -4 -3 -4 -6 -5 -5    0   0   0   0   0   0   0   0   0   0   0 100   0   0   0   0   0   0   0   0  2.13 0.56
  362 F   -5 -5 -5 -6 -5 -5 -5 -6 -1 -3 -4 -5 -4  5 -6 -5 -5 -1  9 -4    0   0   0   0   0   0   0   0   0   1   0   0   0  19   0   0   0   0  80   0  2.41 0.56
  363 G    5 -3 -3 -4 -3 -3 -3  3 -4 -4 -4 -3 -4 -5  2 -1 -3 -5 -4 -3   65   0   0   0   0   0   0  26   0   0   0   0   0   0   9   0   0   0   0   0  1.09 0.36
  364 H   -5 -4 -3 -5 -7 -3 -3 -6 11 -7 -6 -4 -5 -5 -6 -4 -5 -6 -1 -7    0   0   0   0   0   0   0   0 100   0   0   0   0   0   0   0   0   0   0   0  3.41 0.71
  365 V   -3 -5 -6 -6 -4 -5 -5 -6 -6  0 -2 -5 -2 -4 -5 -5 -3 -6 -4  7    0   0   0   0   0   0   0   0   0   0   0   0   0   0   0   0   0   0   0 100  1.90 0.52
  366 T   -3 -4 -3 -4 -4 -4 -4 -5 -5 -4 -4 -4 -4 -5 -4 -1  8 -6 -5 -3    0   0   0   0   0   0   0   0   0   0   0   0   0   0   0   0 100   0   0   0  2.13 0.58
  367 F   -5 -6 -6 -6 -5 -6 -6 -6 -3 -3 -3 -6 -3  9 -7 -5 -5 -2  5 -4    0   0   0   0   0   0   0   0   0   0   0   0   0  85   0   0   0   0  15   0  2.31 0.53
  368 F   -5 -6 -6 -7 -6 -6 -6 -6 -4 -3 -2 -6 -3  9 -7 -6 -5 -2  0 -3    0   0   0   0   0   0   0   0   0   0   0   0   0  99   0   0   0   0   0   1  2.66 0.59
  369 W   -5 -6 -6 -7 -5 -5 -6 -6 -4 -3 -2 -6  1  8 -6 -5 -5  8  2 -3    0   0   0   0   0   0   0   0   0   0   2   0   3  69   0   0   0  22   3   0  2.15 0.49
  370 N   -4 -3  8 -1 -5 -3 -3 -3 -2 -6 -6 -3 -5 -6 -5  3 -2 -6 -5 -5    0   0  80   0   0   0   0   0   0   0   0   0   0   0   0  20   0   0   0   0  1.88 0.51
  371 G   -2 -5 -3 -4 -5 -5 -5  7 -5 -7 -7 -4 -6 -6 -5 -3 -4 -5 -6 -6    0   0   0   0   0   0   0  99   0   0   0   0   0   0   0   0   0   0   0   0  2.25 0.50
  372 N   -3 -4  5 -3 -5 -4 -4  6 -4 -6 -6 -4 -5 -6 -5 -2 -4 -5 -5 -6    0   0  26   0   0   0   0  73   0   0   0   0   0   0   0   0   0   0   0   0  1.67 0.42
  373 R   -2  6 -2 -3 -4  0 -1 -4 -3  0 -2  1 -2 -4 -4 -2 -3 -5 -3  3    0  47   1   0   0   3   4   1   0   4   2   7   0   0   0   1   0   0   0  31  0.77 0.29
  374 S   -2 -3 -1  0 -5 -1  6 -3 -3 -5 -5 -2 -4 -5 -3  3 -1 -5 -4 -5    1   0   1   2   0   0  70   1   0   0   0   0   0   0   1  22   2   0   0   0  1.27 0.41
  375 G    0 -1 -1  1 -4  1  4  3 -2 -3 -4  1 -3 -4 -2  0  0 -4 -4 -2    9   1   2   8   0   6  31  23   0   0   0   9   0   0   0   3   5   0   0   3  0.44 0.18
  376 Y   -2 -1 -3 -3 -1  0  2 -4 -3 -4 -2  2 -2 -3  6 -2 -2 -4  3 -1    2   2   0   0   2   3  15   0   0   0   4  14   1   0  41   1   0   0  12   4  0.87 0.28
  377 F   -4 -4  3 -3 -2 -4 -3 -4 -2 -2 -1 -4 -2  7 -5 -3 -3 -1  4 -3    0   0  15   1   1   0   1   1   0   2   3   0   0  59   0   1   0   0  14   1  1.26 0.35
  378 D   -1 -2  1  3 -4 -1  3 -3 -2 -4 -4  1 -4 -5  5  0 -1 -5 -4 -4    3   0   7  21   0   1  22   1   0   0   0   9   0   0  28   5   2   0   0   0  0.74 0.23
  379 A   -1 -3  0  0 -4 -1  1  6 -3 -5 -5 -2 -4 -4 -1 -1 -3 -4 -4 -4    2   0   4   5   0   2  12  65   0   0   1   2   0   1   3   2   0   0   0   0  1.01 0.28
  380 T    0  0  1  0 -1  0  1  0  0 -1 -1  1  0 -1  0  0  0 -1 -1 -1    8   4   6   5   1   4  10   5   2   4   6  15   2   3   4   7   8   1   2   5  0.05 0.01
  381 K    0  0  1  0 -1  0  0  0  0  0  1  0  1 -1  0  0  0 -1 -1  0    5   6   8   5   1   3   4   6   4   3  22   6   4   2   3   5   4   1   2   5  0.01 0.01
  382 E   -4 -3 -3 -1 -7 -1  8 -5 -3 -6 -6 -2 -5 -6 -4 -3 -4 -6 -5 -6    0   0   0   0   0   0 100   0   0   0   0   0   0   0   0   0   0   0   0   0  2.20 0.57
  383 E   -3 -3 -1  5 -5  0  4 -4 -2 -5 -5  0 -4 -5 -3 -1  2 -5 -4 -4    0   0   1  41   0   2  30   0   1   0   0   6   0   0   0   1  17   0   0   0  0.96 0.31
  384 Y   -4  7 -3 -5 -6 -2 -3 -5 -2 -5 -4 -1 -4  1 -5 -4 -4 -1  5 -5    0  74   0   0   0   0   0   0   0   0   0   0   0   5   0   0   0   1  20   0  1.69 0.47
  385 V   -1 -3 -4 -3  2  0  0 -5 -2  5  0 -1 -1 -1 -4 -3 -2 -3 -3  3    4   1   0   0   5   4   7   0   1  44   4   4   0   1   0   0   0   0   0  23  0.52 0.22
  386 E   -4 -4 -4 -3 -4 -2  3 -6 -4 -1  5 -3  0 -2 -5 -4 -3 -4 -4 -1    0   0   0   0   0   1  25   0   0   0  72   0   0   0   0   0   0   0   0   1  1.04 0.36
  387 V   -3 -5 -6 -6 -4 -5 -6 -6 -6  7 -1 -5 -1 -3 -5 -5 -3 -5 -4  4    0   0   0   0   0   0   0   0   0  70   0   0   0   0   0   0   0   0   0  30  1.48 0.41
  388 P   -1 -3  2 -2 -5 -1 -3 -4 -3 -5 -4  1 -5 -6  8 -2 -3 -6 -5 -5    6   0  10   2   0   2   0   0   1   0   1   8   0   0  69   1   1   0   0   0  1.74 0.42
  389 S   -2 -4 -2 -3 -4 -3 -3 -3 -4 -5 -6 -3 -4 -5 -4  7 -1 -6 -5 -5    0   0   0   0   0   0   0   0   0   0   0   0   0   0   0 100   0   0   0   0  1.90 0.56
  390 D   -4 -5 -3  4 -6 -4 -3 -5 -5 -6 -6 -4 -6 -7  8 -3 -4 -7 -6 -5    0   0   1  26   0   0   0   0   0   0   0   0   0   0  74   0   0   0   0   0  2.26 0.51
  391 S   -2  1  0  0 -4  2 -1 -3 -2 -2 -4  6 -3 -4 -3  0 -1 -4 -3 -3    2   6   4   5   0   9   1   1   0   2   1  58   0   0   0   6   2   0   0   2  0.75 0.26
  392 G   -2 -5 -3 -5 -3 -4 -5  0 -5  1 -2 -4 -2 -3 -5 -4 -2 -5 -4  7    0   0   1   0   0   0   0   9   0   4   0   0   0   0   0   0   1   0   0  84  1.31 0.40
  393 I    5 -3 -3 -3 -1 -3 -2 -2 -3  2 -2 -1 -2 -3  0 -1 -2 -4 -3  0   65   0   0   1   1   0   2   1   0  13   2   3   0   0   4   2   0   0   0   5  0.68 0.27
  394 T   -3 -4 -3 -4 -4 -1 -3 -4 -3 -4 -4 -3 -3 -5  3 -1  7 -5 -4 -3    0   0   0   0   0   3   1   0   1   0   0   0   0   0  15   1  79   0   0   0  1.51 0.47
  395 F   -5 -5 -5 -6 -5 -5 -5 -6 -2 -4 -3 -5 -4  5 -6 -5 -5 -1  9 -4    0   0   0   0   0   0   0   0   0   0   0   0   0  26   0   0   0   0  74   0  2.33 0.54
  396 N   -4 -4  4  7 -6 -2  2 -4 -3 -6 -6 -3 -5 -6 -4 -2 -3 -7 -5 -6    0   0  19  71   0   0  10   0   0   0   0   0   0   0   0   0   0   0   0   0  1.69 0.44
  397 V   -3 -2 -4 -3 -4  3  1 -5 -4 -1  5 -2  1 -2 -4 -4 -3 -2 -3  0    0   1   0   1   0  15   9   0   0   0  65   2   2   0   0   0   0   0   0   5  0.76 0.30
  398 A   -1  2 -1 -3 -4  6 -1 -4 -2 -5 -4  5 -3 -5 -4 -2 -3 -5 -4 -4    4  10   1   0   0  46   0   0   0   0   1  37   0   0   0   1   0   0   0   0  1.18 0.39
  399 P   -4 -5 -5 -5 -6 -4 -4 -5 -5 -6 -6 -4 -6 -7  9 -4 -4 -7 -6 -6    0   0   0   0   0   0   0   0   0   0   0   0   0   0 100   0   0   0   0   0  3.14 0.64
  400 N   -2 -2 -2  0 -6  0  7 -5 -2 -5 -3  1 -4 -5 -4 -3 -3  5 -4 -5    2   1   1   2   0   1  74   0   0   0   3   7   0   0   0   0   0  10   0   0  1.39 0.42
  401 M   -4 -5 -6 -7 -5 -4 -6 -6 -5 -2 -1 -5 11 -3 -6 -5 -4 -5 -4 -3    0   0   0   0   0   0   0   0   0   0   0   0 100   0   0   0   0   0   0   0  3.07 0.72
  402 K   -2 -2  1 -3 -4 -1 -2 -3 -3 -5 -5  4 -4 -5 -3  6 -1 -5 -4 -4    0   0   6   0   0   1   0   0   0   0   0  25   0   0   0  67   0   0   0   0  1.14 0.41
  403 A    6 -4 -3 -4  2 -3 -3 -2 -4 -3 -4 -3 -3 -5 -3  3 -2 -5 -4 -2   75   0   0   0   4   0   0   1   0   1   0   0   0   0   0  19   0   0   0   1  1.17 0.39
  404 L    1  0 -2 -3 -3 -2 -1 -3 -1 -1 -1 -1 -2  1  4 -2 -1 -2  5 -1   16   6   1   0   0   1   5   1   0   3   6   3   0   3  21   1   3   0  26   3  0.45 0.20
  405 E   -1 -3 -3 -1 -6  0  7 -3 -3 -4 -2  0 -1 -5 -3 -3 -3 -5 -5 -5    3   0   0   1   0   2  82   1   0   0   4   3   2   0   1   0   1   0   0   0  1.44 0.44
  406 I   -3 -5 -5 -5 -3 -4 -5 -6 -5  4  2 -5 -1 -2 -5 -4 -2 -5 -3  5    0   0   0   0   0   0   0   0   0  29  20   0   0   0   0   0   0   0   0  51  1.02 0.31
  407 A    2 -4 -3 -4  3 -3 -3 -2 -4 -3 -3 -2 -3 -5 -4 -1  7 -5 -4 -3   14   0   0   0   7   0   0   2   0   0   1   2   0   0   0   1  74   0   0   0  1.27 0.42
  408 E   -1 -3 -1  7 -6 -1  4 -3 -2 -5 -6 -1 -4 -6 -4 -2 -3 -6 -5 -5    4   1   1  60   0   0  30   1   0   0   0   2   0   0   0   1   0   0   0   0  1.38 0.39
  409 K    2  2 -1 -2 -4  0  2 -3 -1 -4 -3  5 -2 -4 -3 -1 -1 -5 -3 -3   24   9   2   1   0   1  13   0   1   0   1  43   0   0   0   0   3   0   1   1  0.60 0.25
  410 A    1 -4 -4 -5 -2 -4 -4 -1 -4  1  4 -4  1  0 -4 -3 -1 -3 -3  2   12   0   0   0   1   0   0   4   0   4  55   0   3   3   0   0   2   0   0  15  0.56 0.22
  411 R   -2  1 -4 -4  1 -3 -3 -5 -4  3  2 -1  0 -2 -4 -3 -1 -4 -3  4    1   8   0   0   3   0   1   0   0  16  19   3   1   0   0   0   2   0   0  45  0.55 0.22
  412 D    2  0  0  3 -4  1  4 -1 -2 -4 -4  2 -3 -5 -2 -1 -2 -5 -4 -3   18   3   5  14   0   3  37   3   0   0   1  12   0   0   1   2   0   0   0   0  0.54 0.22
  413 A    5  2 -2 -2 -3  0  1 -2 -3 -4 -4  0 -3 -5 -3 -1 -2 -5 -4 -2   64  13   1   2   0   4  10   0   0   0   0   5   0   0   0   1   0   0   0   1  0.77 0.31
  414 L   -4 -5 -6 -6 -4 -5 -6 -6 -6  7  2 -5  0 -1 -5 -5 -3 -5 -4  1    0   0   0   0   0   0   0   0   0  76  20   0   1   1   0   0   0   0   0   2  1.41 0.39
  415 L   -1  2  1  1 -2  1  3 -2  0 -3  0  3 -1 -4 -2 -1 -1 -4 -3 -3    3  11   7   8   1   3  26   2   3   1  11  20   1   0   1   1   2   0   0   0  0.34 0.16
  416 S    1 -2  1 -2 -3 -1  1 -1 -2 -4 -4 -1 -4 -5 -3  6  0 -5 -4 -4    8   0   5   1   0   1   8   4   1   0   1   3   0   0   0  65   3   0   0   0  0.84 0.33
  417 G   -1 -1  0  3 -4  1  0  5 -1 -5 -5  0 -4 -5 -4 -1 -1 -5 -4 -5    2   3   4  19   0   7   5  52   1   0   0   5   0   0   0   1   2   0   0   0  0.82 0.26
  418 K   -2  2  0 -1 -5  2  1 -3 -2 -4 -4  6 -2 -5 -3 -1 -1 -5 -4 -3    2   7   3   3   0   7   9   0   0   1   0  62   1   0   0   2   2   0   0   1  0.90 0.31
  419 F   -5 -4 -4 -4 -5 -2 -5 -6  3 -3 -3 -5 -3  5 -6 -4 -4  0  8 -4    0   0   0   1   0   2   0   0   7   0   0   0   0  20   0   0   0   1  67   0  1.94 0.48
  420 D   -4 -1 -1  8 -6 -1 -1 -3 -2 -6 -6 -1 -6 -6 -2 -3 -4 -7 -6 -6    0   3   1  87   0   2   1   1   1   0   0   2   0   0   2   0   0   0   0   0  1.88 0.47
  421 Q    1 -3 -4 -4 -1  1 -3 -4 -1  0  0 -3  2  2 -4 -2  1 -3 -1  4   12   0   0   0   1   9   0   0   1   1   6   0   5  12   0   0   8   0   1  43  0.43 0.22
  422 V   -3 -5 -5 -6 -3 -5 -5 -6 -5  7  0 -5  0 -2 -5 -4 -3 -5 -1  3    1   0   0   0   0   0   0   0   0  70   5   0   1   0   0   0   0   0   2  21  1.29 0.37
  423 R   -3  4 -4 -5 -4 -3 -4 -5 -4  6 -1 -2 -1 -3 -5 -4 -3 -5 -4  3    0  26   0   0   0   0   0   0   0  56   1   0   0   0   0   0   0   0   0  16  1.04 0.35
  424 V   -2 -5 -5 -5  7 -4 -5 -5 -5  2  3 -4  1 -2 -5 -3 -1 -4 -3  3    1   0   0   0  28   0   0   0   0  13  31   0   2   0   0   0   2   0   0  22  0.89 0.28
  425 N   -5 -3  9 -2 -6 -3 -3 -3 -2 -7 -7 -3 -5 -6 -5 -2 -3 -7 -5 -6    0   0 100   0   0   0   0   0   0   0   0   0   0   0   0   0   0   0   0   0  2.55 0.61
  426 L   -5 -5 -5 -6 -5 -5 -5 -6 -2 -1  0 -5 -3  7 -6 -5 -4 -1  7 -3    0   0   0   0   0   0   0   0   0   3   6   0   0  43   0   0   0   0  48   0  1.76 0.44
  427 P    6 -4 -4 -4 -3 -3 -3 -3 -4 -4 -4 -3 -4 -5  5 -2 -3 -5 -5 -3   69   0   0   0   0   0   0   0   0   0   0   0   0   0  31   0   0   0   0   0  1.46 0.43
  428 N   -5 -3  9 -2 -6 -3 -3 -3 -2 -7 -7 -3 -5 -6 -5 -2 -3 -7 -5 -6    0   0 100   0   0   0   0   0   0   0   0   0   0   0   0   0   0   0   0   0  2.55 0.61
  429 G    0 -4 -3 -4  3 -4 -4  5 -4 -4 -5 -3  0 -5  6 -1 -3 -5 -5 -4    5   0   0   0   6   0   0  45   0   0   0   0   3   0  36   3   1   0   0   0  1.23 0.34
  430 D   -5 -5 -2  8 -7 -3 -1 -4 -4 -6 -7 -4 -6 -7 -5 -3 -4 -7 -6 -6    0   0   0 100   0   0   0   0   0   0   0   0   0   0   0   0   0   0   0   0  2.49 0.57
  431 M   -4 -5 -6 -7 -5 -3 -5 -6 -5 -2 -1 -5 11 -3 -6 -5 -4 -5 -4 -3    0   0   0   0   0   1   0   0   0   0   0   0  99   0   0   0   0   0   0   0  3.03 0.71
  432 V   -3 -5 -6 -6 -4 -5 -5 -6 -6  0 -2 -5 -2 -4 -5 -4 -3 -6 -4  7    0   0   0   0   0   0   0   0   0   0   0   0   0   0   0   0   0   0   0 100  1.88 0.51
  433 G   -3 -5 -3 -4 -5 -5 -5  7 -5 -7 -7 -4 -6 -6 -5 -3 -4 -5 -6 -6    0   0   0   0   0   0   0 100   0   0   0   0   0   0   0   0   0   0   0   0  2.29 0.51
  434 H   -5 -4 -3 -5 -7 -3 -3 -6 11 -7 -6 -4 -5 -5 -6 -4 -5 -6 -1 -7    0   0   0   0   0   0   0   0 100   0   0   0   0   0   0   0   0   0   0   0  3.41 0.71
  435 T   -3 -4 -3 -4 -4 -3 -4 -4 -4 -4 -4 -3 -4 -5 -4  2  7 -5 -4 -3    0   0   0   0   0   0   0   0   0   0   0   0   0   0   0  14  86   0   0   0  1.72 0.51
  436 G   -3 -5 -3 -4 -5 -5 -5  7 -5 -7 -7 -4 -6 -6 -5 -3 -4 -5 -6 -6    0   0   0   0   0   0   0 100   0   0   0   0   0   0   0   0   0   0   0   0  2.27 0.51
  437 D   -2 -3  2  3 -3 -2 -2 -4 -2  2 -1  0  2 -1 -4 -1 -2 -4 -2  3    0   0  13  21   0   0   1   0   0  11   1   5   6   2   0   4   0   0   1  34  0.40 0.21
  438 I   -3 -3 -4 -5 -3 -3 -2 -5 -3  1  3 -4  4  6 -5 -4 -3 -2  3 -1    0   1   0   0   0   1   4   0   0   8  26   0  12  34   0   0   0   0  12   2  0.76 0.26
  439 E    0 -1  0  4 -5  1  5 -3 -2 -5 -4  0 -4 -5 -1 -1 -3 -5 -4 -4    7   1   3  26   0   4  47   1   0   0   1   4   0   0   3   3   0   0   0   0  0.85 0.29
  440 A    7 -4 -4 -4 -3 -3 -4 -3 -4 -4 -4 -3 -4 -5  1 -1 -3 -5 -5 -3   92   0   0   0   0   0   0   0   0   0   0   0   0   0   8   0   0   0   0   0  1.56 0.47
  441 T    5 -4 -3 -4 -1 -3 -3 -2 -4 -3 -4 -3 -3 -4 -3 -1  4 -5 -4 -1   61   0   0   0   1   0   0   0   0   0   0   0   0   0   0   1  32   0   0   4  1.03 0.37
  442 V   -2 -2 -5 -5 -2 -3 -3 -5 -5  5 -1 -1  0 -3 -4 -4 -1 -5 -3  5    0   2   0   0   0   0   1   0   0  32   0   5   1   0   0   0   2   0   0  55  0.96 0.32
  443 V    0  1 -2 -3  1  1 -1 -3 -3 -1 -3  6  0 -4 -3 -1 -1 -5 -4  0    6   6   0   0   3   5   2   0   0   3   1  57   3   0   0   3   3   0   0   8  0.68 0.28
  444 A    6 -4 -4 -4 -2 -3 -3  0 -4 -4 -4 -3 -4 -5 -3  0 -2 -5 -4 -3   90   0   0   0   1   0   0   5   0   0   0   0   0   0   0   5   0   0   0   0  1.46 0.45
  445 C   -2 -5 -5 -5  7 -4 -5 -5 -5  4 -1 -5  2 -3 -5 -4 -2 -5 -4  5    2   0   0   0  23   0   0   0   0  24   3   0   6   0   0   0   0   0   0  43  1.06 0.32
  446 K   -3 -2 -3 -1 -6  0  7 -5 -3 -6 -5  1 -4 -6 -4 -2 -2 -6 -5 -5    1   1   0   0   0   2  86   0   0   0   0   8   0   0   0   1   2   0   0   0  1.67 0.47
  447 A    5 -3 -3 -4  2 -3 -2 -2 -4 -2 -3 -3 -3 -3 -3  0  3 -4 -2  0   60   0   0   0   4   0   2   1   0   0   1   0   0   1   0   2  21   0   1   6  0.77 0.31
  448 A    0 -4 -5 -5  0 -4 -4 -5 -5  1  2 -4  1 -3 -4 -3 -1 -5 -3  6    7   0   0   0   2   0   0   0   0   3  17   0   3   0   0   0   2   0   0  66  0.91 0.31
  449 D   -5 -5 -2  8 -7 -3 -1 -4 -4 -6 -7 -4 -6 -7 -5 -3 -4 -7 -6 -6    0   0   0 100   0   0   0   0   0   0   0   0   0   0   0   0   0   0   0   0  2.49 0.57
  450 E    1  0  0  0 -3  1  3 -1  1 -1  0  1 -2 -3 -2  0  1 -4 -3 -1   11   3   3   3   0   4  31   4   4   2   9   7   0   0   0   5  11   0   0   4  0.23 0.13
  451 A    1 -5 -3 -5 10  1 -5 -3 -5 -4 -4 -5 -4 -5 -5  0 -3 -5 -5 -4   11   0   1   0  72   6   0   2   0   0   0   0   0   0   0   7   0   0   0   0  2.22 0.51
  452 V   -2 -4 -5 -5 -3 -4 -5 -5 -5  3  4 -4  1 -2 -5 -4 -2 -4 -3  5    0   0   0   0   0   0   0   0   0  17  38   0   2   0   0   0   0   0   0  42  0.89 0.28
  453 K    0 -2 -2 -3 -5 -1 -1  6 -4 -5 -5  2 -4 -5 -4 -1 -3 -5 -5 -5    8   1   0   1   0   3   3  68   0   0   0  15   0   0   0   2   0   0   0   0  1.17 0.33
  454 I   -3  6 -2 -2 -5  1  1 -4 -2 -1 -3  4  1 -5 -4 -3 -2 -5 -4 -3    0  51   1   1   0   5   7   0   0   4   0  25   4   0   0   0   1   0   0   0  0.99 0.32
  455 I    0 -4 -5 -5 -3 -4 -4 -5 -5  4  2 -4  0 -2 -4 -3 -1 -4 -3  5    6   0   0   0   0   0   0   0   0  26  18   0   1   1   0   0   2   0   0  46  0.78 0.26
  456 L    0 -3 -4 -4 -2 -3 -2 -4 -4  2  2 -1  1 -1 -4 -2 -1  1 -1  5    6   0   0   0   0   0   2   0   0   8  16   6   3   1   0   1   3   2   2  50  0.50 0.22
  457 D    0 -2  0  5 -5  0  4 -2 -2 -5 -5  1 -4 -5  1 -1 -2 -5 -4 -4   10   1   3  36   0   3  28   1   0   0   0   9   0   0   6   3   1   0   0   0  0.72 0.25
  458 A    6 -3 -4 -4 -2 -2 -1 -2 -4 -2 -2  0 -3 -4 -3 -1  0 -5 -4  0   73   0   0   0   0   0   3   0   0   1   3   7   0   0   0   0   4   0   0   6  0.88 0.34
  459 V   -2 -4 -5 -5  0 -4 -5 -5 -5  5  3 -4  1 -2 -4 -4 -2 -2 -3  4    2   0   0   0   2   0   0   0   0  33  24   0   2   0   0   0   1   0   0  36  0.81 0.26
  460 E   -1  1 -1  2 -4  1  3 -3 -1 -1  1  2  0 -3 -3 -2 -2 -4 -3 -2    3   6   1  14   0   7  22   0   1   3  22  18   1   0   0   1   1   0   0   1  0.32 0.17
  461 Q    2  0 -1  0 -4  2  4 -2 -2 -4 -4  3 -3 -5 -3  0 -2 -5 -4 -3   19   3   1   3   0  10  37   1   0   0   0  19   0   0   0   6   0   0   0   0  0.61 0.24
  462 V    1  0 -1 -3 -3  0 -2 -3 -1  0  0  2  2 -2 -3 -1 -1 -4 -2  4   11   3   2   0   0   4   0   0   2   1   7  18   5   1   0   1   3   0   0  41  0.33 0.20
  463 G   -2 -2  2  3 -5 -2 -2  6 -1 -6 -6 -2 -5 -5 -4 -2 -3 -5 -5 -5    0   1  10  17   0   1   1  65   1   0   0   2   0   0   0   1   0   0   0   0  1.20 0.33
  464 G   -1 -5 -3 -4 -5 -4 -5  7 -5 -5 -6 -4 -3 -6 -5 -3 -3 -5 -6 -6    3   0   0   0   0   0   0  95   0   1   0   0   1   0   0   0   1   0   0   0  2.05 0.48
  465 I    0 -1 -1 -1 -1  3  2 -3 -1  2 -2 -1  0 -3 -2 -1  1 -4 -2  2    6   3   1   1   1  15  20   0   1  14   0   0   2   0   1   3  12   0   1  20  0.25 0.16
  466 Y    3 -3 -4 -4  4 -3 -3 -3 -3  0  2 -3  3  1 -4 -2 -2  1  1  1   28   0   0   0  10   0   0   1   0   1  19   0  12   7   0   0   1   2   7  12  0.40 0.20
  467 L   -3 -4 -5 -5  1 -4 -5 -5 -4  3  4 -4  1  3 -5 -4 -3 -3 -2  2    0   0   0   0   2   0   0   0   0  20  54   0   1  13   0   0   0   0   0  10  0.81 0.26
  468 V   -3 -5 -6 -6 -3 -5 -6 -6 -6  7  0 -5 -1 -3 -5 -5 -3 -5 -4  3    0   0   0   0   0   0   0   0   0  74   5   0   0   0   0   0   0   0   0  21  1.44 0.40
  469 T   -3 -4 -3 -4  4 -4 -4 -4 -5 -2 -3 -4 -3 -3 -4 -1  7 -5 -4 -3    0   0   0   0   8   0   0   0   0   2   0   0   0   1   0   1  88   0   0   0  1.71 0.51
  470 A    7 -4 -4 -4 -3 -3 -4 -2 -4 -4 -4 -3 -4 -5 -3  0 -3 -5 -5 -3   96   0   0   0   0   0   0   1   0   0   0   0   0   0   0   3   0   0   0   0  1.64 0.48
  471 D   -5 -5 -2  8 -7 -3 -1 -4 -4 -6 -7 -4 -6 -7 -5 -3 -4 -7 -6 -6    0   0   0 100   0   0   0   0   0   0   0   0   0   0   0   0   0   0   0   0  2.49 0.57
  472 H   -5 -4 -3 -5 -7 -3 -3 -6 11 -7 -6 -4 -5 -5 -6 -4 -5 -6 -1 -7    0   0   0   0   0   0   0   0 100   0   0   0   0   0   0   0   0   0   0   0  3.41 0.71
  473 G   -3 -5 -3 -4 -5 -5 -5  7 -5 -7 -7 -4 -6 -6 -5 -3 -4 -5 -6 -6    0   0   0   0   0   0   0 100   0   0   0   0   0   0   0   0   0   0   0   0  2.29 0.51
  474 N   -5 -3  9 -2 -6 -3 -3 -3 -2 -7 -7 -3 -5 -6 -5 -2 -3 -7 -5 -6    0   0 100   0   0   0   0   0   0   0   0   0   0   0   0   0   0   0   0   0  2.55 0.61
  475 A    6 -4 -4 -4  3 -3 -3 -2 -4 -3 -3 -3 -3 -4 -3  1 -2 -5 -4  0   76   0   0   0   7   0   0   1   0   0   0   0   0   0   0   9   0   0   0   7  1.12 0.38
  476 E   -4 -3 -2  5 -6 -1  7 -5 -3 -6 -6 -2 -5 -6 -4 -3 -4 -6 -5 -5    0   0   0  29   0   0  71   0   0   0   0   0   0   0   0   0   0   0   0   0  1.66 0.46
  477 D   -2 -1 -2  3 -2  5  3 -4 -1 -2 -2  1  3 -4 -3 -2 -1 -3 -3 -3    1   2   0  18   1  32  16   0   1   1   3  10  10   0   0   0   4   0   0   1  0.60 0.25
  478 M   -4 -4 -5 -6 -5 -3 -4 -6 -5 -2  1 -2 10 -3 -6 -5 -4 -5 -4  0    0   0   0   0   0   0   1   0   0   0   7   2  86   0   0   0   0   0   0   4  2.33 0.60
  479 V    0  0 -3 -3 -2  0 -1 -4 -2  2  1 -1  0  1 -3 -1  0 -2  2  3    6   5   0   0   1   4   4   0   0  17   8   2   1   6   0   2   6   0   8  30  0.22 0.13
  480 K   -3 -2  2  6 -5  2  2 -3 -2 -4 -5  1 -4 -5 -3 -2 -1 -5 -3 -4    1   0   8  54   0   9  13   0   0   1   0   8   0   0   0   1   4   0   1   0  1.00 0.30
  481 R   -2  2 -2 -1 -4  0  2 -3  2 -2  0 -1 -2  0  4 -2 -2 -3  3 -2    3  16   1   3   0   2  15   0   5   1  11   1   1   3  23   1   1   0  13   1  0.42 0.18
  482 N    0 -2  2  4 -2  1  3 -2  0 -3 -3  1 -2 -4 -2  1  0 -4 -3 -2    5   0  11  23   1   4  24   1   2   1   1   7   1   0   1  10   5   0   0   3  0.42 0.16
  483 K   -2 -1 -1 -2 -3 -1 -1  1 -3 -3 -3  4 -2 -4 -2  0  5 -4 -3 -2    1   1   2   2   0   0   2   9   0   1   1  29   0   0   1   5  44   0   0   1  0.64 0.25
  484 S   -1 -2  0 -1 -3 -2 -1  5 -3 -4 -4  2 -3 -4 -3  1  1 -3 -3 -3    2   1   3   2   0   1   2  50   0   1   1  14   0   0   1   9  11   0   0   1  0.66 0.20
  485 G    0 -1  0 -1 -1  0 -1  4 -1 -1 -1  0 -1 -1  0  0  0 -1 -1 -1    6   3   4   3   1   3   4  35   1   3   6   5   1   2   3   6   4   1   2   4  0.20 0.03
  486 K    0  0  0  0 -1  1  1  0  0 -1 -1  1  0 -1  0  0  0 -1 -1 -1    9   4   6   4   1   7  11   6   2   4   7  11   2   3   4   6   5   1   2   5  0.05 0.01
  487 P    0  0 -1  0  0  0  0 -1 -1  0 -1  0 -1 -1  4  0  0 -1 -1  0    7   4   3   4   2   3   5   5   2   4   7   5   2   3  22   5   4   1   2  10  0.18 0.02
  488 L    0  0  0  0 -1  0  0  0  0  0  0  0  0  0  1  0  0  0  0  0    9   4   3   4   1   4   7   5   2   7  14   6   4   3   5   8   5   1   2   6  0.01 0.00
  489 L    0  1  0  0 -1  0  0  0  0  0  0  0  0  0  0  0  0  0  0  0    6  10   3   4   1   3   5   5   2   5  16   8   3   4   4   5   8   1   3   5  0.01 0.00
  490 D    0  0  1  2 -1  0  0  0  0 -1 -1  0  0 -1  0  0  0 -1 -1 -1    7   4   6  16   2   3   5   8   2   4   7   7   2   3   4   6   5   1   2   5  0.05 0.01
  491 K    0  0  0  0 -1  0  1  0  0 -1 -1  1 -1 -1  1  0  0 -1 -1 -1   11   4   4   5   1   4  11   6   2   4   6  14   2   3   6   7   4   1   2   5  0.06 0.01
  492 N    0  0  1  2 -1  0  1  0  0 -1 -1  0 -1 -1  0  0  0 -1 -1 -1    6   4   8  16   1   4   8   6   2   4   6   6   2   3   4   8   5   1   2   5  0.07 0.01
  493 D    0  0  0  0 -1  0  0  3 -1 -1 -1  0 -1 -1  0  0  0 -1 -1 -1    6   4   3   5   1   3   5  31   2   4   6   4   2   3   4   5   4   1   2   5  0.15 0.02
  494 R    0  0  1  0 -1  0  0  0  0 -1 -1  1 -1 -1  0  1  0 -1 -1 -1    8   5  10   4   1   4   6   5   2   3   7  12   2   3   4  10   6   1   2   4  0.06 0.01
  495 I    0 -1  0  0 -1  0  0  1  0  0  0  0  0  0  2  0  0 -1  0  0    6   3   3   4   1   4   4  11   2   8   8   3   2   4  13   5   4   1   3   9  0.07 0.01
  496 Q   -2  1  0 -1 -2  5  2 -2 -1 -2 -1  2 -1 -3 -2 -1 -1 -3 -2 -1    2   5   3   1   1  36  13   1   1   2   7  16   1   1   1   2   2   0   1   4  0.45 0.17
  497 I    3 -4 -4 -4 -2 -3 -3 -3 -3  1 -3 -3 -3 -4  7 -1 -2 -5 -4  0   26   0   0   0   0   0   0   0   0  10   1   0   0   0  50   2   2   0   0   6  1.16 0.32
  498 L   -3 -2 -2 -4 -2 -1 -3 -4  7 -1  1  1  2  3 -4 -3 -3  1  1 -2    0   0   0   0   1   1   0   0  37   2  18  11   7  15   0   1   0   2   4   1  0.79 0.29
  499 T   -3 -4 -3 -4 -4 -4 -4 -5 -5 -4 -4 -4 -4 -5 -4 -1  8 -6 -5 -3    0   0   0   0   0   0   0   0   0   0   0   0   0   0   0   0 100   0   0   0  2.13 0.58
  500 S    5 -3 -3 -3 -3  0 -3 -2 -4 -4 -4 -2 -3 -5 -3  4 -1 -5 -4 -3   66   0   0   0   0   3   0   0   0   0   0   0   0   0   0  29   1   0   0   0  1.09 0.38
  501 H   -5 -4 -3 -5 -7 -3 -3 -6 11 -7 -6 -4 -5 -5 -6 -4 -5 -6 -1 -7    0   0   0   0   0   0   0   0 100   0   0   0   0   0   0   0   0   0   0   0  3.41 0.71
  502 T   -3 -4 -3 -4 -4 -3 -4 -4 -5 -4 -4 -3 -4 -5 -4  1  8 -5 -5 -3    0   0   0   0   0   0   0   0   0   0   0   0   0   0   0   7  93   0   0   0  1.88 0.54
  503 L   -1 -3  1 -3  2 -3 -3 -3 -3 -1  2 -3 -1 -3 -3  2  5 -4 -3 -1    1   0   8   0   5   0   0   0   0   2  26   0   0   0   0  14  41   0   0   1  0.57 0.27
  504 Q    0 -2  6  1 -4  0  2 -1 -1 -4  0 -2 -3 -3 -4 -1 -2 -3 -3 -3    7   0  52   4   0   4  14   3   1   0  10   1   0   1   0   2   0   0   1   1  0.74 0.29
  505 P   -3 -1 -4 -4 -2 -2 -2 -5 -4 -4  0 -1 -3 -5  8 -3 -4 -6 -4 -4    1   3   0   0   1   2   2   0   0   0   9   3   0   0  77   0   0   0   0   1  1.96 0.46
  506 V   -2 -5 -6 -6 -4 -5 -5 -6 -6  0 -2 -5 -2 -4 -5 -4 -3 -6 -4  7    1   0   0   0   0   0   0   0   0   0   0   0   0   0   0   0   0   0   0  99  1.85 0.51
  507 P   -3 -3 -5 -5 -6 -2 -4 -5 -4 -6 -6 -3 -6 -7  9 -4 -4 -7 -6 -6    0   1   0   0   0   1   0   0   0   0   0   1   0   0  96   0   0   0   0   0  2.90 0.60
  508 V   -3 -5 -5 -6  3 -5 -5 -4 -4  1  2 -5 -1  6 -5 -4 -3 -2  0  2    0   0   0   0   7   0   0   1   0   7  24   0   0  47   0   0   0   0   0  14  0.98 0.30
  509 A    1 -5 -5 -5 -2 -4 -5 -4 -3  6  0 -4  0  0 -5 -3 -3 -3 -1  2   12   0   0   0   1   0   0   0   1  63   3   0   1   3   0   1   0   0   1  14  0.94 0.31
  510 I   -3 -4 -5 -5 -2 -4 -4 -5 -1  3  2 -4  0  1 -5 -4 -3  1  6  2    0   0   0   0   1   0   0   0   1  21  25   0   1   2   0   0   0   1  33  14  0.77 0.26
  511 G   -1 -3 -3 -4 -3 -3 -4  2 -3  2 -1 -3 -1  0 -4 -2  1 -3  2  5    4   0   0   0   0   0   0  15   0   8   1   0   0   3   0   0   9   0  10  47  0.52 0.24
  512 G    0 -3  0  2 -2 -2 -2  5 -2 -4 -4 -2 -3 -4 -3  1 -2 -3 -3 -3    5   1   3  14   1   1   1  55   1   1   1   2   0   1   1  10   1   0   0   1  0.78 0.21
  513 P    0  2  1  1 -2  0  1 -1 -1 -2 -2  1 -2 -2  4  0 -1 -2 -1 -2    7  13   8   6   1   2   8   4   1   1   3   9   1   1  25   3   2   0   2   2  0.37 0.09
  514 G    0  0  2  2 -2  0  1  3  0 -2 -2  0 -2 -2  0  0 -1 -2 -2 -2    6   4  12  16   1   2   9  23   1   1   3   6   1   1   3   3   3   0   1   3  0.23 0.07
  515 L    1 -1 -1 -1  0 -1  0 -1  0  0  1 -1  0  0 -1  0  0 -1  1  0   20   3   3   2   1   2   5   3   2   2  21   3   1   3   3   7   5   0   8   5  0.05 0.04
  516 H    0  1  0  2 -1  0  1  0  2 -2 -2  1 -1 -2  1  0  0 -2  0 -1    6   6   4  11   1   3   9   6   6   2   3  14   1   1   7   6   7   0   3   4  0.12 0.04
  517 P    0  0  0  1 -1  0  0  1 -1 -1 -1  1 -1 -2  4  0 -1 -2 -1 -1    7   5   3   7   1   2   7  11   1   4   4  12   1   2  19   4   3   0   2   4  0.20 0.05
  518 G    1  0  0  1 -2  0  0  3  0 -2 -2  0 -2 -2 -1  0  0 -2 -2 -2   12   7   5   8   1   3   7  25   2   2   3   7   1   1   2   6   4   0   1   3  0.17 0.05
  519 V    0 -1 -1 -2 -1 -1 -1 -2  0  2  0 -1  0  0 -1 -1 -1 -1  2  2    8   3   3   2   1   2   2   3   2  11   9   4   1   4   2   3   3   0  12  26  0.10 0.06
  520 K   -1  3 -1  0 -3  1  1 -1 -1 -2 -2  4 -2 -3 -1  0  0 -2 -2 -2    5  16   1   4   0   5   9   4   1   1   3  34   1   1   2   3   7   0   1   3  0.32 0.12
  521 F   -1 -1 -1 -1 -2 -1 -1 -1 -1  0  2 -1  1  3  0 -1 -1 -1  0  0    4   3   3   5   1   3   2   5   1   2  34   3   4  14   4   3   3   0   2   4  0.11 0.07
  522 R   -1  5  0 -1 -3  0 -1 -2 -1 -1 -1  2 -2 -2 -1 -1 -1 -2 -2 -1    6  45   3   2   1   3   3   3   1   3   5  12   1   1   2   2   2   0   1   6  0.46 0.14
  523 N    0  0  1  1 -1  1  1 -1 -1 -1 -1  1 -1 -2  0  1  1 -2 -2 -1    4   4   6  11   1   7   7   4   1   3   5  13   1   1   3  10  14   0   1   4  0.12 0.04
  524 D    0 -1  0  3 -1  0  0 -1 -1  0  1 -1 -1 -1 -1  0  0 -2 -1 -1    9   2   3  25   1   2   4   5   1   5  20   4   1   2   2   3   5   0   1   3  0.12 0.06
  525 I    0  2 -1 -1 -1 -1 -1 -2 -1  1  2  0  0 -1 -1 -1  0 -1 -1  1    6  14   3   2   1   2   3   3   1   6  25   6   2   2   2   3   4   1   2  13  0.07 0.04
  526 Q   -1  0  0  1 -3  2  4 -2 -1 -3 -3  1 -2 -3  3  0 -1 -3 -2 -3    4   3   4   5   0   7  38   1   0   1   2   6   0   1  16   6   3   0   1   1  0.50 0.16
  527 T   -1 -2  2  2 -3 -1  0  5 -1 -4 -4  0 -3 -4 -2  0  0 -4 -3 -3    2   1   9  12   0   2   6  44   1   0   1   6   0   0   1   4   8   0   0   1  0.55 0.18
  528 P    1 -4 -3 -4 -4 -4 -4  6 -4 -5 -3 -2 -4 -3  0 -2 -3 -2 -5 -4   12   0   0   0   0   0   0  75   0   0   4   3   0   1   5   0   0   0   0   0  1.33 0.36
  529 G    1  1 -2 -3  3 -2 -2  3 -3  1 -2  2 -2 -3 -3  0 -1 -4 -3  0   10  10   0   0   7   0   0  27   0  12   0  17   0   0   0   5   3   0   0   7  0.30 0.16
  530 L   -4 -5 -6 -6 -4 -5 -5 -6 -5  1  6 -5  0 -2 -5 -5 -4 -4 -4 -1    0   0   0   0   0   0   0   0   0   4  96   0   0   0   0   0   0   0   0   0  1.56 0.43
  531 A    5 -2 -3 -3  4 -2 -2 -1 -3 -3 -4 -3 -3 -4 -3  3 -2 -5 -4 -3   53   2   0   0   9   1   2   3   0   0   0   0   0   0   0  30   0   0   0   0  0.84 0.32
  532 N   -4 -4  4  7 -6 -3 -1 -4 -2 -6 -6 -3 -5 -6 -4 -1 -3 -7 -5 -6    0   0  22  73   0   0   0   0   1   0   0   0   0   0   0   3   0   0   0   0  1.75 0.45
  533 V   -3 -5 -5 -5 -3 -4 -5 -6 -5  5  2 -5  0 -2 -5 -4 -2 -2 -3  4    0   0   0   0   0   0   0   0   0  43  18   0   1   0   0   0   0   1   0  37  0.99 0.30
  534 A    6 -4 -4 -4 -3 -3 -3 -1 -4 -2 -4 -3 -3 -5 -3  0  0 -5 -4 -2   86   0   0   0   0   0   0   2   0   2   0   0   0   0   1   3   5   0   0   2  1.29 0.42
  535 A    3 -5 -5 -4 -5 -4 -4 -3 -5 -5 -5 -4 -5 -6  8 -2 -3 -6 -5 -4   23   0   0   0   0   0   0   2   0   0   0   0   0   0  74   1   1   0   0   0  2.08 0.48
  536 T   -3 -4 -3 -4 -4 -4 -4 -5 -5 -4 -4 -4 -4 -5 -4 -1  8 -6 -5 -3    0   0   0   0   0   0   0   0   0   0   0   0   0   0   0   2  98   0   0   0  2.07 0.57
  537 V   -2 -4 -5 -5  1 -3 -4 -4 -4  2  2 -4  7  1 -5 -4 -1 -3  0  2    2   0   0   0   3   0   0   0   0  13  21   0  38   5   0   0   2   0   2  14  0.80 0.28
  538 M   -2 -4 -5 -6 -3 -4 -5 -6 -5  3  5 -4  3  0 -5 -4 -3 -4 -3  0    2   0   0   0   0   0   0   0   0  17  69   0   8   2   0   0   0   0   0   1  1.04 0.32
  539 N   -1 -1  4  3 -4  1  3 -2  2 -4 -4  0 -3 -3 -3  0  1 -4 -1 -3    5   1  21  18   0   4  18   1   7   0   0   6   0   0   0   6  11   0   2   0  0.47 0.19
  540 L   -3 -4 -5 -6 -3 -3 -4 -6 -5  2  6 -4  3 -1 -5 -4 -3 -4 -3  0    0   0   0   0   0   1   1   0   0   9  78   0   6   1   0   0   0   0   0   3  1.13 0.34
  541 H   -2 -4 -4 -5 -4 -3 -4 -5  3  0  4 -4  8 -2 -5 -3 -2 -4 -3 -1    2   0   0   0   0   0   0   0   8   2  42   0  43   0   0   1   2   0   0   0  1.18 0.38
  542 G   -2 -3  0  0 -5 -2 -2  7 -3 -6 -6 -2 -5 -6 -4 -2 -4 -5 -5 -5    1   0   5   6   0   2   3  81   0   0   0   2   0   0   0   0   0   0   0   0  1.52 0.39
  543 F   -2 -3 -4 -5 -3 -2 -3 -4 -3  2  3 -3  5  4 -4 -3 -2 -2  1  1    1   0   0   0   0   2   1   1   0  15  30   0  18  19   0   0   1   0   5   7  0.58 0.22
  544 E   -1 -2 -2  1 -5  1  5 -4 -3 -3 -4  0 -4 -5  4 -1 -1 -5 -4 -2    5   0   0   6   0   5  51   0   0   1   0   3   0   0  22   2   2   0   0   2  0.92 0.31
  545 A    2 -1 -3 -3 -3  4 -1 -3 -3  2 -2  3 -2 -4  0 -1 -1 -4 -3  1   21   1   0   0   0  27   0   0   0  14   0  20   0   0   3   1   2   0   0  10  0.45 0.24
  546 P   -4 -5 -3 -5 -6 -4 -4 -5 -1 -6 -6 -4 -6 -7  9 -4 -4 -7 -6 -6    0   0   1   0   0   0   0   0   2   0   0   0   0   0  97   0   0   0   0   0  3.00 0.61
  547 A    3 -1 -1  0 -3  1  2 -2 -2 -3 -3  2 -2 -4  1  1  0 -2 -3 -2   32   1   1   4   0   6  18   1   0   0   1  15   0   0   7   8   3   1   0   2  0.36 0.18
  548 D   -2 -2 -2  3 -6  0  6 -2  0 -4 -5 -1 -4 -6 -3 -2 -3 -5 -4 -4    2   0   1  17   0   1  70   2   2   1   0   2   0   0   0   0   0   0   0   1  1.27 0.39
  549 Y   -4 -5 -5 -6 -5 -4 -5 -6 -4 -2 -1 -5 10 -1 -6 -5 -4  3  5 -3    0   0   0   0   0   0   0   0   0   0   0   0  76   1   0   0   0   4  18   0  2.22 0.58
  550 E   -2 -3  0  1 -4 -2  2 -3 -1 -3 -3 -1 -3 -5 -3  0  6 -5 -4 -2    0   0   3   7   0   1  13   0   1   0   1   2   0   0   0   4  65   0   0   1  0.98 0.36
  551 Q   -2 -2 -2 -3 -5 -3 -2  6 -4 -6 -6 -2 -5 -6  3 -2 -1 -5 -5 -5    1   2   0   1   0   0   2  72   0   0   0   2   0   0  16   0   4   0   0   0  1.38 0.36
  552 T   -1 -1  0 -2 -2  0 -1 -2  0 -4 -4  2 -3 -4 -2  5  3 -5 -3 -3    1   2   2   1   0   3   2   1   2   0   0  13   0   0   1  51  20   0   0   0  0.69 0.29
  553 L   -2 -4 -4 -4 -2 -3 -4 -4 -4  1  4 -4  2 -2  2  1 -1 -4 -3  1    0   0   0   0   1   0   0   0   0   7  58   0   4   0   9  13   2   0   0   7  0.62 0.24
  554 I   -3 -5 -5 -6 -3 -5 -5 -6 -5  6  4 -5  0 -2 -5 -4 -3 -4 -3  1    0   0   0   0   0   0   0   0   0  54  40   0   1   0   0   0   0   0   0   5  1.12 0.33
  555 E   -2 -1  0 -1 -4  1  3 -3 -1  0  0  2  0  1 -2 -1 -1 -3 -1  0    0   0   4   0   0   7  32   0   1   4  13  20   2   7   1   1   2   0   1   6  0.28 0.15
  556 V   -1 -3 -3 -4 -2 -3 -3 -4 -4  3  2 -3  1 -1 -1 -3 -1 -4 -1  4    2   1   1   0   0   0   0   0   0  21  15   1   3   0   3   0   3   0   1  49  0.49 0.15
  557 A    1  0 -2 -2 -2  0 -1 -2 -2  1  0  1  0 -2 -2  0 -1 -3 -2  3   19   3   1   1   0   5   2   1   0   2  11  14   0   0   0   4   0   0   0  38  0.16 0.09
  558 D   -2 -1  2  5 -4  2  4 -2 -1 -4 -4 -1 -3 -4 -1 -1 -2 -4 -3 -4    0   0   8  42   0   7  38   2   0   0   0   0   0   0   2   1   0   0   0   0  0.78 0.13
  559 N   -2 -1  6  1 -3  0 -1 -1  2 -4 -4 -1 -3 -3 -2  1  0 -4 -2 -3    0   0  80   5   0   0   0   0   7   0   0   0   0   0   0   9   0   0   0   0  0.82 0.09

                      K         Lambda
Standard Ungapped    0.1364     0.3167
Standard Gapped      0.0594     0.2670
PSI Ungapped         0.1934     0.3132
PSI Gapped           0.0594     0.2670
