
Last position-specific scoring matrix computed, weighted observed percentages rounded down, information per position, and relative weight of gapless real matches to pseudocounts
           A  R  N  D  C  Q  E  G  H  I  L  K  M  F  P  S  T  W  Y  V   A   R   N   D   C   Q   E   G   H   I   L   K   M   F   P   S   T   W   Y   V
    1 M   -2 -2 -3 -4 -2 -1 -3 -3 -2  1  2 -2  8  0 -3 -2 -1 -2 -2  0    0   0   0   0   0   0   0   0   0   0   0   0 100   0   0   0   0   0   0   0  0.74 0.09
    2 E   -1  0 -1  1 -4  2  6 -3  0 -4 -3  1 -3 -4 -2 -1 -1 -3 -3 -3    0   0   0   2   0   1  96   0   0   0   0   1   0   0   0   0   0   0   0   0  0.88 0.07
    3 E   -1  0 -1  1 -4  2  6 -2 -1 -4 -3  1 -3 -4 -2  0 -1 -3 -3 -3    1   2   0   1   0   0  92   2   0   0   0   2   0   0   0   0   0   0   0   0  0.80 0.06
    4 F   -2 -3 -4 -4 -2 -3 -3 -4 -3  1  4 -3  2  3 -3 -3 -2 -1  0  0    0   0   0   0   0   0   0   0   0   0  80   0   0  19   0   0   0   0   0   1  0.49 0.04
    5 K   -1  1  0 -1 -4  5  1 -2  0 -3 -3  4 -1 -4 -2  0 -1 -3 -2 -3    0   0   0   0   0  61   0   0   0   0   0  38   0   0   0   0   0   0   0   0  0.63 0.06
    6 K    0  1 -1 -1 -3 -1  0  5 -2 -4 -4  1 -3 -4 -2 -1 -2 -3 -3 -3    0   9   0   0   0   0   9  70   0   0   0  12   0   0   0   0   0   0   0   0  0.69 0.04
    7 Y   -2 -2 -2 -2 -3 -2 -2 -4  1 -2 -2 -2 -2  3 -4 -2 -2  2  8 -2    0   0   0   3   0   0   0   0   0   0   0   0   0   2   0   0   0   0  95   0  1.09 0.08
    8 F   -2 -3 -4 -4 -2 -3 -3 -4 -3  1  4 -3  2  2 -3 -3 -2 -1  0  0    0   0   0   0   0   0   0   0   0   0  87   0   0  13   0   0   0   0   0   0  0.51 0.05
    9 E   -1  0 -1  1 -4  2  6 -3  0 -4 -3  1 -2 -4 -2 -1 -1 -3 -3 -3    0   0   0   0   0   1  93   0   0   0   0   6   0   0   0   0   0   0   0   0  0.85 0.06
   10 R   -1  3 -1 -1 -4  1  0 -2 -1 -2 -3  5 -2 -3 -2 -1 -1 -3 -2 -2    0  11   0   0   0   0   0   2   0   3   0  84   0   0   0   0   0   0   0   0  0.58 0.06
   11 D   -1 -2  1  6 -3 -1  1 -1 -1 -3 -4 -1 -3 -3 -2  1 -1 -4 -2 -3    0   0   1  75   0   0   1   3   0   0   0   0   0   1   0  15   1   0   1   1  0.72 0.05
   12 S   -2  6 -1 -2 -4  1 -1 -1 -1 -3 -3  2 -2 -3 -3 -1 -1 -3 -2 -3    0  87   0   0   0   1   0   6   0   2   0   2   0   0   0   2   0   0   0   0  0.76 0.06
   13 Y    0 -1  0 -1 -2 -1 -1 -1 -1 -3 -3 -1 -2  0  0  4  1 -2  3 -2    0   0   0   1   0   0   0   0   0   0   0   0   0   2   2  79   0   0  16   0  0.42 0.05
   14 W   -2  5 -1 -2 -4  1 -1 -1 -1 -2 -2  3 -2 -2 -3 -1 -2  5 -1 -3    0  65   0   0   0   1   0   3   0   3   0  16   0   0   0   0   0  12   0   0  0.64 0.05
   15 Q   -1  1  0 -1 -4  7  2 -2  0 -3 -3  1 -1 -4 -2 -1 -1 -3 -2 -3    0   0   0   0   0  97   0   0   0   0   0   3   0   0   0   0   0   0   0   0  0.90 0.08
   16 Q   -1  1  0 -1 -4  6  2 -2  1 -3 -3  1 -1 -4 -2 -1 -1 -2 -1 -3    0   4   0   0   0  90   2   0   2   0   0   0   0   0   0   0   0   0   1   0  0.80 0.07
   17 H   -2 -1  1 -2 -4  0 -1 -2  9 -4 -3 -1 -2 -2 -3 -1 -2 -3  2 -4    0   0   4   0   0   0   0   1  91   0   0   0   0   0   0   0   0   0   4   0  1.12 0.08
   18 F   -3 -3 -4 -4 -3 -4 -4 -4 -2 -1  0 -4  0  7 -4 -3 -3  1  3 -1    0   0   0   0   0   0   0   0   0   0   2   0   0  98   0   0   0   0   0   0  1.00 0.07
   19 L   -2 -3 -4 -4 -2 -3 -3 -4 -3  1  5 -3  2  0 -3 -3 -2 -2 -1  1    0   0   0   0   0   0   0   0   0   0 100   0   0   0   0   0   0   0   0   0  0.60 0.05
   20 Y   -2 -2 -3 -4 -3 -2 -3 -4  1 -2 -2 -2 -2  3 -4 -2 -2  2  8 -2    0   0   0   0   0   0   0   0   0   0   0   0   0   0   0   0   0   0 100   0  1.21 0.09
   21 P   -1 -3 -3 -2 -3 -2 -2 -3 -3 -3 -4 -2 -3 -4  8 -1 -1 -4 -4 -3    0   0   0   0   0   0   0   0   0   0   0   0   0   0  98   0   2   0   0   0  2.15 0.08
   22 L   -2 -3 -4 -4 -2 -3 -3 -4 -3  1  5 -3  2  0 -3 -3 -2 -2 -1  1    0   0   0   0   0   0   0   0   0   0 100   0   0   0   0   0   0   0   0   0  0.60 0.05
   23 L   -2 -3 -4 -4 -2 -3 -3 -4 -3  2  5 -3  2  1 -3 -3 -2 -2 -1  1    0   0   0   0   0   0   0   0   0   5  93   0   0   2   0   0   0   0   0   0  0.55 0.05
   24 F   -3 -3 -4 -4 -3 -4 -4 -4 -2 -1  0 -4  0  7 -4 -3 -3  1  3 -1    0   0   0   0   0   0   0   0   0   0   2   0   0  98   0   0   0   0   0   0  0.99 0.07
   25 Q   -1  1  0 -1 -4  6  2 -2  0 -3 -2  2 -1 -4 -2 -1 -1 -3 -2 -3    0   0   0   0   0  90   3   0   0   0   1   6   0   0   0   0   0   0   0   0  0.80 0.07
   26 E   -1  0 -1  1 -4  2  6 -3 -1 -4 -3  0 -3 -4 -2 -1 -1 -3 -3 -3    0   0   0   0   0   0 100   0   0   0   0   0   0   0   0   0   0   0   0   0  0.92 0.07
   27 Y   -2 -2 -3 -4 -3 -2 -3 -4  1 -2 -2 -2 -2  3 -4 -2 -2  2  8 -2    0   0   0   0   0   0   0   0   0   0   0   0   0   0   0   0   0   0 100   0  1.20 0.09
   28 I   -2 -4 -4 -4 -2 -3 -4 -4 -4  5  1 -3  1 -1 -3 -3 -1 -3 -2  2    0   0   0   0   0   0   0   0   0 100   0   0   0   0   0   0   0   0   0   0  0.59 0.06
   29 Y   -2 -2 -3 -4 -3 -2 -3 -4  1 -2 -2 -2 -2  3 -4 -2 -2  2  8 -2    0   0   0   0   0   0   0   0   0   0   0   0   0   0   0   0   0   0 100   0  1.20 0.09
   30 A    4 -2 -2 -2 -1 -1 -1  0 -2 -1 -2 -1 -1 -2 -1  1  1 -3 -2  1   78   0   0   0   0   0   0   0   0   0   0   0   0   0   0   0  13   0   0   9  0.39 0.05
   31 L   -2 -3 -4 -4 -2 -3 -3 -4 -3  1  4 -3  2  3 -3 -3 -2 -1  0  0    0   0   0   0   0   0   0   0   0   0  83   0   0  17   0   0   0   0   0   0  0.50 0.04
   32 A    5 -2 -2 -2 -1 -1 -1  0 -2 -1 -2 -1 -1 -3 -1  1  0 -3 -2  0   93   0   0   0   0   0   0   0   0   3   0   0   0   0   0   1   0   0   0   3  0.48 0.05
   33 H   -2 -1  0 -2 -4  0 -1 -3  9 -4 -3 -1 -2 -1 -3 -1 -2 -2  2 -4    0   0   0   0   0   2   0   0  92   0   0   0   0   0   0   0   0   0   6   0  1.15 0.08
   34 I    0 -1  1  2 -1  0  0  0 -1  1  0  0  0 -1  0  0  0 -1 -1  0    5   3   6  20   1   3   4   6   1  16   6   4   2   3   4   5   4   1   2   4  0.04 0.00
   35 H    0  0  0  0  0  0  0 -1  5 -1 -1  0 -1 -1  0  0  0 -1  1 -1    5   5   3   4   3   3   4   5  31   3   6   4   2   3   4   5   4   1   2   4  0.13 0.01
   36 N   -2 -2  3  5 -4 -1  1  2 -1 -4 -4 -1 -3 -4 -2  0 -1 -4 -3 -4    0   0  17  64   0   0   0  19   0   0   0   0   0   0   0   0   0   0   0   0  0.72 0.05
   37 H   -2  1  0 -1 -3  0 -1 -3  8 -2  0 -1 -1 -1 -3 -1 -2 -2  2 -2    0   9   0   3   0   0   0   0  65   0  19   0   0   0   0   0   0   0   3   0  0.59 0.06
   38 G    0 -2  3 -1 -3 -2 -2  6 -2 -4 -4 -2 -3 -4 -3  0 -2 -3 -3 -4    0   0  19   0   0   0   0  80   0   0   0   0   0   0   0   0   0   0   0   0  0.91 0.05
   39 L   -2 -3 -4 -4 -2 -3 -3 -4 -3  2  4 -3  2  0 -3 -3 -1 -2 -1  2    0   0   0   0   0   0   0   0   0   0  79   0   0   2   0   0   0   0   0  19  0.46 0.04
   40 N   -2 -1  7  1 -3  0 -1 -1  0 -4 -4  0 -3 -4 -2  0  0 -4 -3 -3    0   0  91   0   0   0   0   0   0   0   0   3   0   0   0   1   5   0   0   0  0.85 0.07
   41 G    0 -1 -1 -1 -3 -2 -2  6 -2 -4 -4 -1 -3 -4 -2  1 -1 -3 -3 -3    2   3   0   2   0   0   1  80   0   0   0   0   0   0   0  11   0   0   0   0  0.85 0.05
   42 S    1 -1  0 -1 -1 -1 -1 -1 -1 -3 -3 -1 -2 -3  0  5  1 -3 -2 -2    0   0   0   0   0   0   0   0   0   0   1   0   0   0   3  96   0   0   0   0  0.57 0.07
   43 I   -1 -3 -2 -3 -2 -3 -3 -4 -2  5  2 -3  1  0 -3 -2 -1 -3 -1  2    2   0   3   0   0   0   0   0   1  82   6   0   0   4   0   1   0   0   0   1  0.40 0.05
   44 F   -3 -3 -4 -4 -3 -4 -4 -4 -2  0  1 -4  0  7 -4 -3 -3  1  3 -1    0   0   0   0   0   0   0   0   0   0   5   0   0  95   0   0   0   0   0   0  0.95 0.07
   45 Y   -2 -2 -2 -3 -1 -2 -2 -4  2 -2 -2 -2 -2  3 -4 -2 -2  2  8 -2    0   0   0   1   1   0   0   0   3   0   0   0   0   0   0   1   0   0  94   0  1.07 0.08
   46 E   -1 -1 -1  1 -4  2  6 -3 -1 -4 -3  0 -3 -4 -2 -1 -1 -3 -3 -3    0   0   0   1   0   0  99   0   0   0   0   0   0   0   0   0   0   0   0   0  0.91 0.07
   47 S    0 -2 -1 -2 -2 -1 -1 -2 -2 -3 -2 -1 -2 -3  7  2  0 -4 -3 -2    0   0   0   0   0   0   0   0   0   0   5   0   0   0  65  30   0   0   0   0  1.22 0.05
   48 G    2 -2 -2 -2 -1 -1 -2  1 -2  1  0 -2  2 -2  0  0  1 -3 -2  2   24   0   0   0   0   0   0  13   0   0   1   0  15   0   3   2  11   0   0  31  0.13 0.02
   49 E   -1  0  0  1 -4  2  6 -2  0 -4 -3  1 -2 -4 -2  0 -1 -3 -3 -3    0   0   2   0   0   0  92   1   0   0   0   6   0   0   0   0   0   0   0   0  0.82 0.06
   50 V   -1 -3 -2 -3 -2 -3 -3 -4 -3  4  1 -3  1  2 -3 -2 -1 -2 -1  3    0   0   3   0   0   0   0   0   0  63   0   0   1  11   0   0   1   0   0  21  0.35 0.04
   51 L   -1 -2 -2 -3 -2 -2 -2 -1 -2  1  2 -2  1  4 -3  1 -1 -1  1  0    0   0   0   0   0   0   0   4   0   5  35   0   0  34   0  22   0   0   0   0  0.23 0.03
   52 G    0 -3 -1 -1  0 -2 -2  6 -2 -4 -4 -2 -3 -4 -3  0 -2 -3 -4 -4    0   0   0   3   2   0   0  90   0   0   0   0   0   0   0   5   0   0   0   0  1.01 0.05
   53 Y   -2 -2 -2 -4 -3 -2 -3 -4  1 -2 -2 -2 -2  3 -4 -2 -2  2  8 -2    0   0   1   0   0   0   0   0   0   0   0   0   0   1   0   1   0   0  96   0  1.13 0.08
   54 D   -2 -2  1  7 -4 -1  1 -2 -2 -4 -4 -1 -4 -4 -2 -1 -1 -5 -4 -4    0   0   3  97   0   0   0   0   0   0   0   0   0   0   0   0   0   0   0   0  1.11 0.07
   55 N   -2  0  6  1 -3  0 -1 -1  0 -4 -4  1 -3 -4 -2  0  0 -4 -3 -3    0   0  88   0   0   0   0   0   0   0   0  10   0   0   0   1   1   0   0   0  0.81 0.07
   56 K   -1  2 -1 -1 -4  1  1 -2 -1 -3 -3  6 -2 -4 -1 -1 -1 -4 -2 -3    0   0   0   0   0   2   0   0   0   0   0  98   0   0   0   0   0   0   0   0  0.70 0.07
   57 S    0 -2  0 -1 -2 -1 -1 -1 -1 -2 -2 -1 -1  3 -1  4  1 -2  0 -2    0   0   0   0   0   0   0   0   0   0   0   0   0  23   1  74   0   0   1   0  0.37 0.05
   58 S    1 -1  1 -1 -1  0 -1 -1  0 -3 -3 -1 -2 -3 -1  5  1 -3 -2 -2    0   0   1   0   0   0   0   0   2   0   0   0   0   0   0  97   0   0   0   0  0.59 0.07
   59 L    0 -2 -1 -2 -1 -1 -1 -2 -2 -1  2 -1  0  1 -1  3  0 -2 -1 -1    0   0   0   0   0   0   0   0   0   0  33   0   0   7   1  59   0   0   0   0  0.22 0.04
   60 I    1 -3 -3 -3 -1 -2 -3 -3 -3  2  2 -2  1 -1 -2 -1 -1 -3 -2  3   20   0   0   0   0   0   0   0   0  17  28   0   0   0   0   0   0   0   0  35  0.23 0.02
   61 L   -2 -3 -4 -4 -2 -3 -3 -4 -3  2  5 -3  2  0 -3 -3 -2 -2 -1  1    0   0   0   0   0   0   0   0   0   3  97   0   0   0   0   0   0   0   0   0  0.57 0.05
   62 V    0 -3 -3 -4 -1 -3 -3 -4 -4  3  1 -3  0 -1 -3 -2  0 -3 -2  5    1   0   0   0   0   0   0   0   0   3   0   0   0   0   0   0   0   0   0  96  0.50 0.06
   63 K   -1  2 -1 -1 -4  1  0 -2 -1 -3 -3  6 -2 -4 -1 -1 -1 -4 -2 -3    0   0   0   0   0   0   0   0   0   0   0 100   0   0   0   0   0   0   0   0  0.72 0.07
   64 R   -2  6 -1 -2 -4  1 -1 -3  1 -4 -2  2 -2 -3 -3 -1 -2 -3 -2 -3    0  94   0   0   0   0   0   0   4   0   1   0   0   0   0   0   0   0   0   0  0.89 0.07
   65 L   -2 -3 -4 -4 -2 -3 -3 -4 -3  1  4 -3  2  1 -3 -2 -1 -2 -1  0    0   0   0   0   0   0   0   0   0   0  92   0   0   5   0   4   0   0   0   0  0.50 0.05
   66 I   -2 -4 -4 -4 -2 -3 -4 -4 -4  5  1 -3  1 -1 -3 -3 -1 -3 -2  2    0   0   0   0   0   0   0   0   0 100   0   0   0   0   0   0   0   0   0   0  0.59 0.06
   67 L   -1 -2 -1 -2 -1 -2 -2 -3 -3  3  1 -2  1 -1 -2  0  4 -3 -2  1    0   0   0   0   0   0   0   0   0  34  12   0   1   0   0   1  52   0   0   0  0.29 0.04
   68 R   -2  7 -1 -2 -4  1  0 -3 -1 -4 -3  2 -2 -3 -3 -1 -2 -3 -2 -3    0  97   0   0   0   3   0   0   0   0   0   0   0   0   0   0   0   0   0   0  0.95 0.07
   69 M   -1 -2 -3 -4 -2 -1 -3 -4 -2  2  2 -2  7  0 -3 -2 -1 -2 -2  1    0   0   0   0   0   0   0   0   0  18   0   0  81   0   0   0   0   0   0   1  0.57 0.08
   70 Y   -2 -2 -2 -3 -3 -2 -2 -4  2 -2 -2 -2 -2  3 -4 -2 -2  2  8 -2    0   0   0   1   0   0   0   0   3   0   0   0   0   0   0   1   0   0  94   0  1.09 0.08
   71 Q   -1  1  0 -1 -4  7  2 -2  0 -3 -3  1 -1 -4 -2 -1 -1 -3 -2 -3    0   0   0   0   0 100   0   0   0   0   0   0   0   0   0   0   0   0   0   0  0.92 0.08
   72 Q   -1  1  0 -1 -4  7  2 -2  0 -3 -3  1 -1 -4 -2 -1 -1 -3 -2 -3    0   2   0   0   0  98   0   0   0   0   0   0   0   0   0   0   0   0   0   0  0.90 0.08
   73 N   -2 -1  7  1 -3  0 -1 -1  0 -4 -4  0 -3 -4 -2  1  0 -4 -3 -3    0   0  93   0   0   0   0   0   0   0   0   1   0   0   0   6   0   0   0   0  0.88 0.07
   74 F   -2 -2 -2 -3  0 -2 -3 -3  2 -2 -1 -2 -1  4 -3 -1 -2  1  7 -2    0   0   0   0   2   0   0   0   3   0   0   0   0  20   0   6   0   0  69   0  0.79 0.06
   75 L   -2 -3 -4 -4 -2 -3 -3 -4 -3  1  4 -3  2  2 -3 -2 -1 -2 -1  1    0   0   0   0   0   0   0   0   0   0  88   0   0   8   0   3   0   0   0   1  0.48 0.04
   76 I   -2 -3 -4 -4 -2 -3 -4 -4 -4  5  1 -3  1 -1 -3 -3  0 -3 -2  2    0   0   0   0   0   0   0   0   0  91   1   0   2   0   0   0   4   0   0   2  0.50 0.06
   77 H   -1 -1  3  0 -3 -1 -1 -2  3 -1 -2 -1 -1  1 -3  1 -1 -1  4 -2    0   0  31   3   0   0   0   0  12   7   0   0   0   5   0  14   0   0  29   0  0.31 0.03
   78 S    1 -1  0 -1 -1 -1 -1 -1 -1 -2 -1 -1 -1 -2 -1  5  1 -3 -2 -2    0   0   1   0   0   0   0   0   0   0   6   0   0   1   0  91   0   0   0   0  0.49 0.06
   79 S    0 -3 -3 -3 -1 -2 -3 -3 -3  2  1 -2  1  1 -3  0  0 -3 -1  4    0   0   0   0   0   0   0   0   0   4   1   0   2   7   0  11   0   0   0  76  0.31 0.04
   80 N   -2 -1  7  1 -3  0 -1 -1  0 -4 -4 -1 -3 -4 -3  0  0 -4 -3 -4    0   0  97   1   0   0   0   0   0   0   0   0   0   0   0   1   0   0   0   0  0.95 0.07
   81 E   -2 -2  2  6 -4  0  2 -2  1 -4 -4 -1 -3 -3 -2 -1 -1 -4 -1 -4    0   0   5  75   0   0  12   0   6   0   0   0   0   0   0   0   0   0   2   0  0.82 0.05
   82 S    1 -1  0 -1 -1 -1 -1 -1 -1 -3 -3 -1 -2 -1 -1  5  1 -3 -2 -2    0   0   0   0   0   0   0   0   0   0   0   0   0   3   0  97   0   0   0   0  0.57 0.07
   83 H   -2  0  6  1 -3  0 -1 -1  3 -4 -4  0 -2 -3 -2  0 -1 -3  0 -3    0   5  76   0   0   0   0   0   8   0   0   5   0   0   0   3   0   0   4   0  0.65 0.05
   84 Q   -1  1  0 -1 -4  6  1 -2  0 -3 -2  2 -1 -4  0 -1 -1 -3 -2 -3    0   0   0   0   0  89   0   0   0   0   2   6   0   0   3   0   0   0   0   0  0.77 0.07
   85 N   -2 -1  7  1 -3  0 -1 -1  0 -4 -4  0 -3 -4 -3  0  0 -4 -3 -3    0   0  97   0   0   0   0   0   0   0   0   2   0   0   0   0   1   0   0   0  0.93 0.07
   86 G   -2  6 -1 -2 -4  0 -1  1 -1 -4 -3  2 -2 -3 -2 -1 -2 -3 -2 -3    0  84   0   0   0   0   0  15   0   0   0   0   0   0   1   0   0   0   0   0  0.74 0.06
   87 F   -3 -3 -4 -4 -3 -4 -4 -4 -2  0  0 -4  0  7 -4 -3 -3  1  3 -1    0   0   0   0   0   0   0   0   0   0   4   0   0  95   0   0   0   0   2   0  0.95 0.07
   88 V   -1 -3 -3 -4 -1 -3 -3 -4 -4  3  1 -3  1 -1 -3 -2  0 -3 -2  5    0   0   0   0   0   0   0   0   0  10   5   0   0   0   0   0   0   0   0  84  0.45 0.05
   89 G    0 -2 -1 -2 -3 -2 -2  6 -2 -4 -4 -2 -3 -4 -3 -1 -2 -3 -4 -3    0   2   0   0   0   0   1  95   0   0   0   0   0   0   0   0   0   0   0   2  1.10 0.06
   90 H   -2  0  1  0 -4  0  0 -3  9 -4 -3 -1 -2 -1 -3 -1 -2 -3  2 -4    0   1   3   5   0   0   0   0  85   0   0   0   0   0   0   0   0   0   5   0  1.01 0.08
   91 K   -2 -1  6  1 -3  0 -1 -1  1 -4 -4  0 -3 -4 -2  1  0 -4 -2 -3    0   0  86   0   0   0   0   0   1   0   0   5   0   0   0   4   3   0   0   0  0.78 0.06
   92 N   -1  1  5  0 -3  1  0 -1  4 -4 -3  2 -2 -3 -2  1 -1 -4 -1 -3    0   3  51   0   0   2   0   0  16   0   0  21   0   0   0   6   0   0   0   0  0.49 0.04
   93 P   -2 -1  3 -1 -3  0 -1 -2  6 -3 -3 -1 -2  0  2  0 -1 -2  2 -3    0   0  29   0   0   0   0   0  38   0   0   1   0   4  13   6   0   0   8   0  0.49 0.04
   94 F   -3 -3 -4 -4 -3 -4 -4 -4 -2  0  1 -4  0  7 -4 -3 -3  0  3 -1    0   0   0   0   0   0   0   0   0   0   9   0   0  91   0   0   0   0   0   0  0.89 0.07
   95 F   -2 -2 -2 -1 -3 -2 -2 -3  1 -1 -1 -3 -1  5 -4 -2 -2  1  7 -2    0   0   0   6   0   0   0   0   2   0   0   0   0  31   0   0   0   0  61   0  0.79 0.06
   96 S    1 -1  0 -1 -1  0 -1 -1 -1 -3 -3 -1 -2 -3 -1  5  1 -3 -2 -2    0   0   0   0   0   0   0   0   0   0   0   0   0   0   0  99   0   0   1   0  0.61 0.07
   97 Q   -1  1  0 -1 -4  7  2 -2  0 -3 -2  1 -1 -4 -1 -1 -1 -3 -2 -3    0   0   0   0   0  94   0   0   0   0   1   3   0   0   1   0   0   0   0   0  0.84 0.08
   98 M   -1 -2 -3 -4 -2 -1 -3 -3 -2  2  2 -1  7 -1 -3 -2  0 -2 -2  1    0   0   0   0   0   0   0   0   0  12   0   2  82   0   0   0   3   0   0   0  0.54 0.08
   99 I   -2 -3 -4 -4 -2 -3 -4 -4 -4  5  1 -3  1 -1 -3 -3 -1 -3 -2  3    0   0   0   0   0   0   0   0   0  87   2   0   0   0   0   0   0   0   0  11  0.52 0.05
  100 S    1 -1  0 -1  0 -1 -1 -1 -1 -2 -1 -1 -1 -3 -1  5  1 -3 -2 -2    1   0   0   0   1   0   0   0   0   0   7   0   0   0   0  90   0   0   0   0  0.48 0.06
  101 G   -1 -1 -1  1 -4  1  5  2 -1 -4 -4  0 -3 -4 -2  0 -1 -3 -3 -3    0   0   0   0   0   0  82  18   0   0   0   0   0   0   0   0   0   0   0   0  0.70 0.06
  102 G    0 -2 -1 -1 -2 -2 -2  5 -2 -3 -3 -2 -2 -3 -2  2 -1 -3 -3 -1    0   0   0   0   0   0   0  71   0   0   0   0   0   0   0  21   0   0   0   8  0.71 0.04
  103 F   -3 -3 -4 -4 -3 -4 -4 -4 -2  0  0 -4  0  7 -4 -3 -3  1  3 -1    0   0   0   0   0   0   0   0   0   0   1   0   0  97   0   0   0   0   0   1  0.98 0.07
  104 A    5 -2 -2 -2 -1 -1 -1  0 -2 -1 -2 -1 -1 -3 -1  1  0 -3 -2  0   88   0   0   0   0   0   0   0   0   0   0   0   0   0   0   4   5   0   0   3  0.46 0.05
  105 V    0 -3 -3 -4 -1 -3 -3 -3 -4  3  1 -3  1  0 -3 -2 -1 -3 -1  4    2   0   0   0   0   0   0   1   0  22   0   0   0   4   0   0   0   0   0  71  0.39 0.04
  106 I   -2 -4 -4 -4 -2 -3 -4 -4 -4  5  1 -3  1 -1 -3 -3 -1 -3 -2  3    0   0   0   0   0   0   0   0   0  99   0   0   0   0   0   0   0   0   0   1  0.58 0.06
  107 V    0 -3 -3 -4 -1 -3 -3 -4 -4  2  1 -3  1 -1 -3 -2  0 -3 -2  5    2   0   0   0   0   0   0   0   0   1   0   0   5   0   0   0   0   0   0  92  0.46 0.06
  108 E   -1  0 -1  1 -4  2  6 -3 -1 -4 -3  0 -3 -4 -2 -1 -1 -3 -3 -3    0   0   0   0   0   0 100   0   0   0   0   0   0   0   0   0   0   0   0   0  0.92 0.07
  109 I   -2 -4 -4 -4 -2 -3 -4 -4 -4  5  1 -3  1 -1 -3 -3 -1 -3 -2  2    0   0   0   0   0   0   0   0   0  99   0   0   1   0   0   0   0   0   0   0  0.58 0.06
  110 P   -1 -3 -3 -2 -3 -2 -2 -3 -3 -3 -4 -2 -3 -4  8 -1 -2 -4 -4 -3    0   0   0   0   0   0   0   0   0   0   0   0   0   0 100   0   0   0   0   0  2.22 0.08
  111 F   -3 -3 -4 -4 -3 -4 -4 -4 -2 -1  0 -4  0  7 -4 -3 -3  1  3 -1    0   0   0   0   0   0   0   0   0   0   1   0   0  99   0   0   0   0   0   0  1.01 0.07
  112 S    1 -1  0 -1 -1 -1 -1 -1 -1 -2 -2 -1 -2 -3 -1  5  1 -3 -2 -2    0   0   0   0   0   0   0   0   0   0   5   0   0   0   0  95   0   0   0   0  0.54 0.06
  113 L   -2 -3 -4 -4 -2 -2 -3 -4 -3  1  4 -3  2  0  0 -2 -1 -2 -1  0    0   0   0   0   0   0   0   0   0   0  88   0   3   2   6   1   1   0   0   0  0.46 0.04
  114 P   -2  6 -1 -2 -4  1  0 -3 -1 -3 -2  2 -2 -3  3 -1 -1 -3 -2 -3    0  77   0   0   0   6   0   0   0   0   1   0   0   0  16   0   0   0   0   0  0.76 0.05
  115 S   -1 -2 -3 -3 -2 -2 -3 -3 -3  1  4 -3  2  1 -1 -1 -1 -2 -1  0    0   0   0   0   0   0   0   0   0   1  82   0   0   3   2  10   0   0   0   0  0.38 0.04
  116 L    0 -3 -3 -4 -1 -3 -3 -4 -3  2  2 -3  1  1 -3 -2 -1 -3 -1  4    2   0   0   0   0   0   0   0   0   3  14   0   0   5   0   0   0   0   0  75  0.37 0.04
  117 I    0 -2  0 -1 -1 -1 -1 -1 -2  0 -1 -1 -1  0  1  4  1 -3 -1 -1    0   0   0   0   0   0   0   0   0  12   5   0   0   4   7  71   0   0   1   0  0.29 0.04
  118 E    0 -1  0  0 -2  0  1 -1 -1 -2 -2 -1 -1  1  0  3  0 -1  2 -2    0   0   0   2   0   2  10   0   0   0   2   0   0   6   3  58   0   0  13   0  0.26 0.03
  119 K   -2 -1 -2 -1  0  0  3 -3 -1 -1  1 -1  0  3  1 -1 -1 -1  0 -1    0   0   0   0   2   0  39   0   0   0  23   1   0  27   6   2   0   0   0   0  0.22 0.03
  120 K   -1  1 -1  1 -4  2  5 -2 -1 -4 -3  2 -2 -4 -2  0 -1 -3 -2 -3    0   3   0   2   0   0  79   0   0   0   0  16   0   0   0   0   0   0   0   0  0.71 0.05
  121 K   -1  1  0  1 -4  1  4 -2 -1 -3 -3  4 -2 -4 -1  0 -1 -3 -2 -3    0   1   0   1   0   0  51   2   0   0   0  44   0   0   0   0   0   0   0   0  0.55 0.04
  122 K   -1  2 -1 -1 -4  1  0 -2 -1 -3 -3  6 -1 -4 -1 -1 -1 -3 -2 -3    0   0   0   0   0   0   0   0   0   0   0  97   2   0   0   0   0   0   0   0  0.66 0.06
  123 E   -1  0 -1  1 -4  2  5 -2  0 -4 -3  2 -2 -4 -1  0 -1 -3 -2 -3    0   0   0   1   0   2  84   1   0   0   0  10   0   0   0   0   0   0   0   0  0.73 0.05
  124 I   -2 -4 -4 -4 -2 -3 -4 -4 -4  5  1 -3  1  0 -3 -3 -1 -3 -2  2    0   0   0   0   0   0   0   0   0  97   0   0   3   0   0   0   0   0   0   0  0.56 0.06
  125 T   -1 -2 -2 -2 -3 -1 -1 -3 -3 -3 -2 -1 -3 -4  8 -1 -1 -4 -3 -3    3   0   0   0   0   4   0   0   0   0   3   0   0   0  89   0   1   0   0   0  1.84 0.07
  126 K   -1  2  0 -1 -4  1  1 -2 -1 -3 -3  6 -2 -4 -1 -1 -1 -4 -2 -3    0   0   2   0   0   1   0   0   0   0   0  97   0   0   0   0   0   0   0   0  0.69 0.07
  127 S    0 -1  0 -1  0 -1 -1 -1  0 -2 -2 -1 -2  2 -2  4  0 -1  4 -2    0   0   1   0   2   0   0   0   0   0   0   0   0   8   0  64   0   0  24   0  0.36 0.05
  128 Q   -1  1  0 -1 -4  6  1 -2  5 -3 -3  1 -1 -3 -2 -1 -1 -3 -1 -3    0   1   0   0   0  69   0   0  25   0   0   4   0   0   0   1   0   0   0   0  0.68 0.06
  129 N   -2 -1  7  1 -3  0 -1 -1  0 -4 -4 -1 -3 -4 -3  1  0 -4 -3 -3    0   0  97   0   0   0   0   0   0   0   0   0   0   0   0   3   0   0   0   0  0.94 0.07
  130 L   -2 -3 -4 -4 -2 -3 -3 -4 -3  1  5 -3  2  0 -3 -2 -1 -2 -1  1    0   0   0   0   0   0   0   0   0   0  98   0   0   0   0   2   0   0   0   0  0.56 0.05
  131 R   -2  6 -1 -2 -4  2  0 -3 -1 -4 -3  2 -2 -3 -3 -1 -2 -3 -2 -3    0  95   0   0   0   5   0   0   0   0   0   0   0   0   0   0   0   0   0   0  0.92 0.07
  132 S    1 -1  0 -1 -1  0 -1 -1 -1 -3 -3 -1 -2 -3 -1  5  1 -3 -2 -2    0   0   0   0   0   0   0   0   0   0   0   0   0   0   0 100   0   0   0   0  0.62 0.07
  133 I   -2 -4 -4 -4 -2 -3 -4 -4 -4  5  1 -3  1 -1 -3 -3 -1 -3 -2  3    0   0   0   0   0   0   0   0   0  98   0   0   0   0   0   0   0   0   0   2  0.57 0.06
  134 H   -2 -1  0 -2 -4  0 -1 -3  9 -4 -4 -1 -2 -2 -3 -1 -2 -3  1 -4    0   0   0   0   0   1   0   0  99   0   0   0   0   0   0   0   0   0   0   0  1.27 0.09
  135 S    1 -1  0 -1 -1  0 -1 -1 -1 -3 -3 -1 -2 -3 -1  5  1 -3 -2 -2    0   0   0   0   0   0   0   0   0   0   0   0   0   0   0 100   0   0   0   0  0.62 0.07
  136 I   -2 -4 -4 -4 -2 -3 -4 -4 -4  5  1 -3  1 -1 -3 -3 -1 -3 -2  2    0   0   0   0   0   0   0   0   0  97   2   0   0   0   0   0   1   0   0   0  0.56 0.06
  137 F   -3 -3 -4 -4 -3 -4 -4 -4 -2 -1  0 -4  0  7 -4 -3 -3  1  3 -1    0   0   0   0   0   0   0   0   0   0   0   0   0 100   0   0   0   0   0   0  1.03 0.07
  138 P   -1 -3 -3 -2 -3 -2 -2 -3 -3 -3 -4 -2 -3 -4  8 -1 -2 -4 -4 -3    1   0   0   0   0   0   0   0   0   0   0   0   0   0  99   0   0   0   0   0  2.17 0.08
  139 F   -3 -3 -4 -4 -3 -4 -4 -4 -2 -1  0 -4  0  7 -4 -3 -3  1  3 -1    0   0   0   0   0   0   0   0   0   0   0   0   0 100   0   0   0   0   0   0  1.03 0.07
  140 L   -2 -3 -4 -4 -2 -3 -3 -4 -3  1  4 -3  2  3 -4 -3 -2  2  0  0    0   0   0   0   0   0   0   0   0   0  81   0   0  17   0   0   0   2   0   0  0.49 0.04
  141 V   -1 -1 -1  1 -4  2  6 -3 -1 -4 -3  0 -2 -4 -2 -1 -1 -3 -3 -2    0   0   0   0   0   0  97   0   0   0   0   0   0   0   0   0   0   0   0   1  0.86 0.07
  142 D   -2 -2  1  7 -4 -1  1 -2 -2 -4 -4 -1 -4 -4 -2 -1 -2 -5 -4 -4    0   0   0 100   0   0   0   0   0   0   0   0   0   0   0   0   0   0   0   0  1.15 0.07
  143 Q   -1  2  0 -1 -4  2  1 -2 -1 -3 -2  5 -2 -4 -1 -1 -1 -3 -2 -3    0   0   1   0   0  12   0   0   0   0   2  84   0   0   0   0   0   0   0   0  0.59 0.06
  144 F   -2 -3 -4 -4 -2 -3 -3 -4 -3  1  4 -3  1  5 -4 -3 -2 -1  1  0    0   0   0   0   0   0   0   0   0   0  63   0   0  37   0   0   0   0   0   0  0.50 0.04
  145 S    1 -1  0 -1 -1 -1 -1 -1 -1 -3 -2 -1 -2 -1 -1  5  1 -3 -2 -2    0   0   0   0   0   0   0   0   0   0   3   0   0   3   1  93   0   0   0   0  0.51 0.06
  146 H   -2 -1  0 -2 -4  0 -1 -3  9 -4 -4 -1 -2 -2 -3 -1 -2 -3  1 -4    0   0   0   0   0   0   0   0 100   0   0   0   0   0   0   0   0   0   0   0  1.29 0.09
  147 L   -2 -3 -4 -4 -2 -3 -3 -4 -3  1  5 -3  2  0 -3 -3 -2 -2 -1  1    0   0   0   0   0   0   0   0   0   1  99   0   0   0   0   0   0   0   0   0  0.59 0.05
  148 N   -2 -1  7  1 -3  0 -1 -1  0 -4 -4 -1 -3 -4 -3  0  0 -4 -3 -4    0   0 100   0   0   0   0   0   0   0   0   0   0   0   0   0   0   0   0   0  0.98 0.08
  149 Y   -2 -2 -2 -3  1 -2 -2 -3  2 -2 -2 -2 -2  3 -3 -2 -2  3  8 -2    0   2   1   0   4   0   0   0   2   0   0   0   0   0   0   2   0   1  88   0  0.96 0.07
  150 V    0 -3 -3 -4 -1 -3 -3 -4 -4  2  1 -3  1 -1 -3 -2  0 -3 -2  5    4   0   0   0   0   0   0   0   0   2   7   0   0   0   0   0   0   0   0  87  0.43 0.05
  151 S    1 -1  0 -1 -1 -1 -1 -1 -1 -2 -1 -1 -1 -3 -1  5  1 -3 -2 -2    0   0   0   0   0   0   0   0   0   1   8   0   0   0   0  91   0   0   0   0  0.48 0.06
  152 D   -2 -2  1  7 -4 -1  1 -2  0 -4 -4 -1 -4 -4 -2 -1 -1 -5 -3 -4    0   0   2  96   0   0   0   0   2   0   0   0   0   0   0   0   0   0   0   0  1.09 0.07
  153 I   -2 -4 -4 -4 -2 -3 -4 -4 -4  5  1 -3  1 -1 -3 -3 -1 -3 -2  2    0   0   0   0   0   0   0   0   0 100   0   0   0   0   0   0   0   0   0   0  0.59 0.06
  154 L   -2 -1 -4 -4 -2 -2 -3 -4 -3  1  4 -2  2  0 -3 -3 -1  1 -1  1    0   5   0   0   0   0   0   0   0   0  89   0   0   0   0   0   0   2   0   4  0.47 0.04
  155 I   -2 -4 -4 -4 -2 -3 -4 -4 -4  5  1 -3  1 -1 -3 -3 -1 -3 -2  2    0   0   0   0   0   0   0   0   0 100   0   0   0   0   0   0   0   0   0   0  0.59 0.06
  156 P   -1 -3 -3 -2 -3 -2 -2 -3 -3 -3 -4 -2 -3 -4  8 -1 -2 -4 -4 -3    0   0   0   0   0   0   0   0   0   0   0   0   0   0  98   2   0   0   0   0  2.15 0.08
  157 Y   -2 -1 -1 -3 -3 -1 -2 -3  7 -3 -2 -2 -2  2 -3 -2 -2  1  7 -2    0   0   0   0   0   0   0   0  41   0   0   0   0   0   0   0   0   0  59   0  0.89 0.07
  158 P   -1 -3 -3 -2 -3 -2 -2 -3 -3 -3 -3 -2 -3 -4  8 -1 -2 -4 -4 -3    0   0   0   0   0   0   0   0   0   0   1   0   0   0  99   0   0   0   0   0  2.16 0.08
  159 I   -1 -3 -4 -4 -2 -3 -4 -4 -4  5  1 -3  1 -1 -3 -3 -1 -3 -2  3    0   0   0   0   0   0   0   0   0  81   0   0   0   0   0   0   1   0   0  18  0.49 0.05
  160 H   -2  0  0 -2 -4  0 -1 -3  9 -4 -4 -1 -2 -2 -3 -1 -2 -3  1 -4    0   2   0   0   0   0   0   0  98   0   0   0   0   0   0   0   0   0   0   0  1.25 0.09
  161 L   -2 -1 -3 -4 -2 -2 -3 -4 -3  1  4 -2  4  0 -3 -2 -1 -2 -1  1    0   3   0   0   0   0   0   0   0   0  70   0  25   1   0   0   1   0   0   0  0.44 0.04
  162 E   -1  0 -1  1 -4  2  6 -3 -1 -4 -3  1 -3 -4 -2 -1 -1 -3 -3 -3    0   0   0   0   0   0  95   0   0   0   0   5   0   0   0   0   0   0   0   0  0.87 0.07
  163 I   -2 -4 -4 -4 -2 -3 -4 -4 -4  5  1 -3  1 -1 -3 -3 -1 -3 -2  2    0   0   0   0   0   0   0   0   0  99   0   0   1   0   0   0   0   0   0   0  0.58 0.06
  164 L   -2 -3 -4 -4 -2 -3 -3 -4 -3  1  5 -3  2  0 -3 -3 -2  1 -1  1    0   0   0   0   0   0   0   0   0   0  97   0   0   0   0   0   0   2   0   1  0.57 0.05
  165 I   -1 -3 -3 -4 -1 -3 -3 -4 -4  3  1 -3  1 -1 -3 -2  0 -3 -2  5    0   0   0   0   0   0   0   0   0  17   0   0   0   0   0   0   0   0   0  83  0.47 0.05
  166 Q   -1  1  0 -1 -4  7  2 -2  0 -3 -3  1 -1 -4 -1 -1 -1 -3 -2 -3    0   0   0   0   0  98   0   0   0   0   0   0   0   0   2   0   0   0   0   0  0.90 0.08
  167 I   -2 -4 -4 -4 -2 -3 -4 -4 -4  5  1 -3  1 -1 -3 -3  0 -3 -2  2    0   0   0   0   0   0   0   0   0  96   0   0   0   0   0   0   3   0   0   1  0.54 0.06
  168 I   -2 -3 -4 -4 -2 -3 -3 -4 -3  2  4 -3  2  0 -3 -3 -1 -2 -1  1    0   0   0   0   0   0   0   0   0  13  87   0   0   0   0   0   0   0   0   0  0.52 0.04
  169 Q   -1  1  0 -1 -4  6  2 -2  1 -3 -3  1 -1 -4 -2 -1 -1 -3 -2 -3    0   4   0   0   0  90   1   0   3   0   0   1   0   0   0   0   0   0   0   0  0.81 0.07
  170 S    0 -3 -2 -3  9 -3 -3 -2 -3 -2 -2 -3 -2  0 -3  1 -1 -3 -2 -1    0   0   0   0  75   0   0   0   0   0   0   0   0   5   0  20   0   0   0   0  1.07 0.07
  171 W   -3  2 -4 -4 -1 -2 -3 -3 -3 -3 -2 -2 -2  0 -4 -3 -3 11  1 -4    0  16   0   0   1   0   0   0   0   0   0   0   0   0   0   0   0  83   0   0  2.15 0.10
  172 I   -2 -4 -4 -4 -2 -3 -4 -4 -4  5  1 -3  1 -1 -3 -3 -1 -3 -2  3    0   0   0   0   0   0   0   0   0  99   0   0   0   0   0   0   0   0   0   1  0.58 0.06
  173 Q   -1  1  0 -1 -4  6  2 -2  0 -3 -3  2 -1 -4 -2 -1 -1 -3 -2 -3    0   1   0   0   0  92   0   0   0   0   0   7   0   0   0   0   0   0   0   0  0.84 0.08
  174 D   -2 -2  1  7 -4 -1  1 -2 -2 -4 -4 -1 -4 -4 -2 -1 -2 -5 -4 -4    0   0   0 100   0   0   0   0   0   0   0   0   0   0   0   0   0   0   0   0  1.15 0.07
  175 V    0 -3 -3 -4 -1 -3 -3 -4 -4  2  1 -3  0 -1 -3 -2  0 -3 -2  5    3   0   0   0   0   0   0   0   0   0   1   0   0   0   0   0   0   0   0  96  0.49 0.06
  176 P   -1 -3 -2 -2 -3 -2 -2 -3 -2 -3 -3 -1 -3 -4  8 -1 -1 -4 -3 -3    0   0   0   0   0   0   0   0   1   0   1   0   0   0  94   4   0   0   0   0  2.01 0.07
  177 S    0 -2  0 -1 -2 -1 -1 -1 -1 -2 -2 -1 -1  3 -2  4  1 -2  1 -2    0   0   0   0   0   0   0   0   0   0   0   0   0  21   0  76   0   0   3   0  0.38 0.05
  178 L   -2 -3 -4 -4 -2 -3 -3 -4 -3  1  5 -3  2  0 -3 -3 -2 -2 -1  1    0   0   0   0   0   0   0   0   0   0 100   0   0   0   0   0   0   0   0   0  0.59 0.05
  179 H   -2 -1  0 -2 -4  0 -1 -3  9 -4 -4 -1 -2 -2 -3 -1 -2 -3  1 -4    0   0   0   0   0   0   0   0 100   0   0   0   0   0   0   0   0   0   0   0  1.29 0.09
  180 L   -2 -2 -3 -4 -2 -2 -3 -4 -3  1  4 -3  2  1 -3 -1 -1 -2 -1  0    0   0   0   0   0   0   0   0   0   0  90   0   0   3   0   7   0   0   0   0  0.47 0.05
  181 L   -2 -3 -4 -4 -2 -3 -3 -4 -3  1  4 -3  2  1 -3 -3 -2 -2 -1  1    0   0   0   0   0   0   0   0   0   0  92   0   0   6   0   0   0   0   0   2  0.53 0.05
  182 R   -2  6 -1 -2 -4  1  0 -3 -1 -4 -3  2 -2 -3 -3 -1 -2 -3 -2 -3    0  96   0   0   0   4   0   0   0   0   0   0   0   0   0   0   0   0   0   0  0.93 0.07
  183 F   -3 -3 -4 -4 -3 -4 -4 -4 -2  0  1 -4  0  7 -4 -3 -3  1  3 -1    0   0   0   0   0   0   0   0   0   0   4   0   0  95   0   1   0   0   0   0  0.93 0.07
  184 F   -3 -3 -4 -4 -3 -4 -4 -4 -2 -1  0 -4  0  7 -4 -3 -3  1  3 -1    0   0   0   0   0   0   0   0   0   0   2   0   0  98   0   0   0   0   0   0  0.99 0.07
  185 L   -2 -3 -4 -4 -2 -3 -3 -4 -3  1  4 -3  2  3 -4 -3 -2 -1  0  0    0   0   0   0   0   0   0   0   0   0  79   0   0  21   0   0   0   0   0   0  0.49 0.04
  186 Y   -2 -1  0 -2 -3  0 -1 -3  8 -3 -3 -1 -2  0 -3 -2 -2 -1  5 -3    0   1   0   0   0   0   0   0  73   0   0   0   0   0   0   0   0   0  26   0  0.96 0.07
  187 E   -1  0 -1  2 -4  2  6 -3 -1 -4 -3  1 -3 -4 -2 -1 -1 -3 -3 -3    0   0   0   2   0   0  97   0   0   0   0   1   0   0   0   0   0   0   0   0  0.89 0.07
  188 Y   -2 -2 -3 -4 -3 -2 -3 -4  1 -2 -1 -2 -1  3 -3 -2 -2  2  8 -2    0   0   0   0   0   0   0   0   0   0   0   0   0   3   0   0   0   0  94   0  1.09 0.08
  189 H   -2  0  1 -2 -3  0 -1 -3  8 -3 -3 -1 -2 -1 -1 -1 -2 -2  3 -3    0   2   2   0   0   0   0   0  82   0   0   0   0   0   2   0   0   0   9   0  0.96 0.07
  190 N   -2 -1  7  1 -3  0 -1 -1  0 -4 -4 -1 -3 -4 -3  0  0 -4 -3 -4    0   0 100   0   0   0   0   0   0   0   0   0   0   0   0   0   0   0   0   0  0.98 0.08
  191 W   -3 -2 -4 -4 -1 -2 -3 -1 -3 -3 -2 -3 -2  0 -4 -1 -3 11  1 -3    0   1   0   0   1   0   0   3   0   0   3   0   0   0   0   6   0  85   0   0  2.16 0.10
  192 N   -2  0  7  1 -3  0 -1 -1  1 -4 -4  0 -3 -4 -2  0  0 -4 -3 -3    0   2  90   4   0   0   0   1   1   0   0   1   0   0   0   1   0   0   0   0  0.84 0.07
  193 S    0 -1  3  0  0  0  0 -1 -1 -3 -3 -1 -2 -3 -1  4  1 -3 -2 -2    0   0  21   0   1   0   0   0   0   0   0   0   0   0   0  76   1   0   0   0  0.49 0.05
  194 F   -2 -3 -3 -4 -2 -3 -3 -4 -3  1  4 -3  1  4 -1 -2 -2 -1  0  0    0   0   0   0   0   0   0   0   0   1  65   0   0  26   3   3   0   0   0   0  0.38 0.04
  195 I   -2 -3 -4 -4 -2 -3 -4 -4 -4  5  1 -3  1  0 -3 -3 -1 -3 -2  3    0   0   0   0   0   0   0   0   0  90   3   0   0   0   0   0   1   0   0   5  0.51 0.05
  196 T    0 -2  0 -2 -1 -1 -1 -2 -2 -1 -2 -1 -1 -3 -2  1  6 -3 -2  0    0   0   0   0   0   0   0   0   0   2   0   0   0   0   0   1  96   0   0   0  0.63 0.07
  197 R   -1 -1 -2 -2 -3  2 -1 -3 -1 -1  1 -1 -1 -2  6 -1 -1 -3 -2 -2    2   3   0   0   0  16   0   0   1   0  21   0   0   2  52   2   1   0   0   0  0.84 0.04
  198 K   -1  2  3 -1 -3  1  0 -2 -1 -3 -3  5 -2 -4 -2  0  0 -4 -2 -3    0   5  20   0   0   0   0   0   0   0   0  73   0   0   0   0   3   0   0   0  0.52 0.05
  199 K   -1  2  1 -1 -4  1  0 -2 -1 -3 -3  6 -2 -4 -1 -1 -1 -4 -2 -3    0   0   5   0   0   0   0   0   0   0   0  95   0   0   0   0   0   0   0   0  0.66 0.06
  200 S    1 -1  0 -1 -1 -1 -1 -1 -1 -3 -3 -1 -2 -1  0  5  1 -3 -1 -2    0   0   0   0   0   0   0   0   0   0   0   0   0   4   2  92   1   0   1   0  0.52 0.06
  201 L   -1 -3 -2 -3 -2 -2 -3 -3 -3  4  1 -2  1  0 -1  0 -1 -2  0  2    0   0   0   0   0   0   0   0   0  65   9   0   0   1   2  18   0   0   5   0  0.24 0.04
  202 S   -1 -2 -2 -3 -1 -1 -2 -3  1 -2 -2 -2 -1  3 -3  2 -1  1  7 -2    0   0   0   0   1   0   0   0   1   0   0   0   0   6   0  27   0   0  65   0  0.63 0.06
  203 T   -1 -2 -2 -2 -2 -2 -3  2 -3  2  1 -2  0  0 -3 -2 -1 -3 -1  3    1   1   0   3   0   0   0  19   0  14  12   0   0   5   0   0   2   0   0  43  0.16 0.02
  204 F   -3 -3 -4 -4 -3 -4 -4 -4 -2  0  1 -4  0  7 -4 -3 -3  1  3 -1    0   0   0   0   0   0   0   0   0   0   5   0   0  95   0   0   0   0   0   0  0.95 0.07
  205 G    1 -1  0 -1 -1  0 -1  0 -1 -2 -2  0 -2 -2 -1  5  1 -3 -2 -2    1   0   0   0   0   0   0   2   0   0   1   2   0   1   0  90   0   0   0   2  0.49 0.06
  206 K   -1  2 -1 -1 -4  1  0 -2 -1 -3 -3  6 -2 -4 -1 -1 -1 -3 -2 -3    0   0   0   0   0   0   0   0   0   0   1  97   0   0   0   0   0   0   0   0  0.67 0.06
  207 E   -1  0 -1  2 -4  2  6 -2 -1 -4 -3  1 -3 -4 -2 -1 -1 -3 -3 -3    0   0   0   2   0   0  94   1   0   0   0   3   0   0   0   0   0   0   0   0  0.85 0.06
  208 N   -2 -1  7  1 -3  0 -1 -1  0 -3 -4 -1 -3 -4 -3  0  0 -4 -3 -3    0   0  96   0   0   0   0   0   0   2   0   0   0   0   0   2   0   0   0   0  0.91 0.07
  209 P   -1  1 -1 -1 -3  2  0 -2 -1 -3 -3  4 -2 -4  5 -1 -1 -4 -2 -3    0   1   0   0   0  14   0   0   0   0   0  55   0   0  30   0   0   0   0   0  0.69 0.05
  210 R   -2  7 -1 -2 -4  1 -1 -3 -1 -4 -3  2 -2 -3 -3 -1 -2 -3 -2 -3    0 100   0   0   0   0   0   0   0   0   0   0   0   0   0   0   0   0   0   0  0.98 0.07
  211 F   -2 -3 -4 -4 -2 -3 -3 -4 -3  1  4 -3  2  3 -3 -3 -2 -1  0  1    0   0   0   0   0   0   0   0   0   0  84   0   0  14   0   0   0   0   0   1  0.50 0.04
  212 F   -3 -3 -4 -4 -3 -4 -4 -4 -2  0  0 -4  0  7 -4 -3 -3  1  3 -1    0   0   0   0   0   0   0   0   0   2   0   0   0  98   0   0   0   0   0   0  1.00 0.07
  213 W   -2  5 -2 -3 -3  1 -1 -3 -1 -2  0  1 -1 -1 -3 -1 -2  7  0 -2    0  60   0   0   0   3   0   0   0   0  11   0   0   0   0   2   0  23   0   0  0.70 0.05
  214 F   -3 -3 -4 -4 -3 -4 -4 -4 -2  0  1 -4  0  7 -4 -3 -2  0  3 -1    0   0   0   0   0   0   0   0   0   2  10   0   0  86   0   0   0   0   0   2  0.80 0.06
  215 L   -2 -3 -4 -4 -2 -3 -3 -4 -3  1  5 -3  2  0  0 -3 -2 -2 -2  0    0   0   0   0   0   0   0   0   0   0  95   0   0   0   5   0   0   0   0   0  0.53 0.05
  216 Y   -2 -2 -3 -4 -3 -2 -3 -4  2 -2 -2 -2 -2  3 -4 -2 -2  2  8 -2    0   0   0   0   0   0   0   0   1   0   0   0   0   1   0   0   0   0  98   0  1.17 0.08
  217 N   -2 -1  7  1 -3  0 -1 -1  0 -4 -4  0 -3 -4 -3  0  0 -4 -3 -4    0   0  98   0   0   0   0   0   0   0   0   2   0   0   0   0   0   0   0   0  0.95 0.07
  218 S    1 -1  0 -1 -1 -1 -1 -1 -1 -3 -3 -1 -2  0 -1  5  1 -3 -1 -2    1   0   0   0   0   0   0   0   0   0   0   0   0   6   0  92   0   0   1   0  0.51 0.06
  219 Y   -2 -2 -3 -4 -3 -2 -3 -4  2 -2 -2 -2 -2  3 -4 -2 -2  2  8 -2    0   0   0   0   0   0   0   0   3   0   0   0   0   0   0   0   0   0  97   0  1.15 0.08
  220 V   -1 -3 -3 -4 -1 -3 -3 -4 -4  3  1 -3  0 -1 -3 -2  0 -3 -2  5    0   0   0   0   0   0   0   0   0   5   0   0   0   0   0   0   0   0   0  95  0.50 0.06
  221 S    0 -2 -1 -2 -1 -1 -1 -2 -1  0 -1 -1 -1  3 -2  3  0 -1  1  1    0   0   0   0   0   0   0   0   0   1   0   0   0  20   0  56   0   0   5  18  0.22 0.04
  222 E   -1  0 -1  1 -4  2  6 -3 -1 -4 -3  0 -3 -4 -2 -1 -1 -3 -3 -3    0   0   0   0   0   0 100   0   0   0   0   0   0   0   0   0   0   0   0   0  0.92 0.07
  223 Y   -1 -3 -3 -4  9 -3 -4 -3 -1 -2 -2 -3 -2  0 -3 -1 -2  3  4 -1    0   0   0   0  67   0   0   0   0   0   0   0   0   1   0   1   0   4  25   0  1.01 0.07
  224 E   -1  0 -1  1 -4  2  6 -3 -1 -4 -3  0 -3 -4 -2 -1 -1 -3 -3 -3    0   0   0   0   0   0 100   0   0   0   0   0   0   0   0   0   0   0   0   0  0.92 0.07
  225 S   -1 -2 -1 -2 -2 -2 -2 -2 -1 -1  0 -2 -1  5 -3  3  0 -1  2 -1    0   0   0   0   0   0   0   0   0   0   3   0   0  54   0  43   0   0   0   0  0.40 0.05
  226 V   -1 -3 -4 -4 -1 -3 -3 -4 -3  3  2 -3  1  0 -3 -2 -1 -3 -1  3    0   0   0   0   0   0   0   0   0  27  30   0   0   2   0   0   0   0   0  42  0.36 0.03
  227 F   -2 -3 -4 -4 -2 -3 -4 -4 -2  1  3 -3  1  5 -4 -3 -2  0  2  0    0   0   0   0   0   0   0   0   0   0  47   0   0  53   0   0   0   0   0   0  0.55 0.04
  228 C   -1 -3 -3 -4  5 -3 -3 -4 -4  2  0 -3  0 -1 -3 -2 -1 -3 -2  4    0   1   0   0  18   0   0   0   0   5   0   0   0   0   0   0   0   0   0  77  0.44 0.05
  229 F   -3 -3 -4 -4 -3 -4 -4 -4 -2 -1  0 -4  0  7 -4 -3 -3  1  3 -1    0   0   0   0   0   0   0   0   0   0   0   0   0 100   0   0   0   0   0   0  1.03 0.07
  230 L   -2 -3 -4 -4  0 -3 -3 -4 -3  2  4 -3  2  2 -3 -3 -1 -2 -1  1    0   0   0   0   1   0   0   0   0  16  73   0   0   8   0   0   1   0   0   0  0.43 0.04
  231 R   -2  6 -1 -2 -1  1 -1 -3  0 -3 -2  2 -2 -2 -3 -1 -2 -3 -2 -3    0  93   0   0   3   0   0   0   1   0   2   0   0   2   0   0   0   0   0   0  0.83 0.07
  232 K   -1  2 -1 -1 -4  1  0 -2 -1 -3 -3  6 -2 -4 -1 -1 -1 -4 -2 -3    0   4   0   0   0   0   0   0   0   0   0  96   0   0   0   0   0   0   0   0  0.69 0.06
  233 H   -1  0  0 -1 -4  6  1 -2  4 -4 -3  1 -1 -3 -2 -1 -1 -3 -1 -3    0   0   0   0   0  81   0   0  19   0   0   0   0   0   0   0   0   0   0   0  0.76 0.07
  234 S    1 -1  0 -1 -1  0 -1 -1 -1 -3 -3 -1 -2 -3 -1  5  1 -3 -2 -2    0   0   0   0   0   0   0   0   0   0   0   0   0   0   0 100   0   0   0   0  0.62 0.07
  235 S    1 -1  0 -1  0 -1 -1 -1 -1 -3 -3 -1 -2 -1 -1  5  1 -2  1 -2    0   0   0   1   1   0   0   0   0   0   0   0   0   2   0  88   0   0   7   0  0.47 0.06
  236 Y   -2 -2 -2 -4 -3 -2 -3 -4  2 -2 -2 -2 -2  3 -4 -2 -2  2  8 -2    0   0   2   0   0   0   0   0   2   0   0   0   0   0   0   1   0   0  96   0  1.11 0.08
  237 L   -2 -3 -4 -4 -2 -3 -3 -4 -3  1  5 -3  2  0 -3 -3 -2 -2 -1  1    0   0   0   0   0   0   0   0   0   0 100   0   0   0   0   0   0   0   0   0  0.59 0.05
  238 L   -2  6 -1 -2 -3  1 -1 -3 -1 -2  0  2 -1 -2 -3 -1 -2 -3 -2 -2    0  81   0   0   0   1   0   0   0   0  18   0   0   0   0   0   0   0   0   0  0.65 0.06
  239 S    0 -2 -1 -1 -1 -1 -1 -1 -2 -1  2 -1  0 -1 -1  3  0 -3 -2 -1    2   0   0   0   0   0   0   0   0   0  36   0   0   0   2  60   0   0   0   0  0.25 0.04
  240 T    0 -1  0 -2 -1 -1 -1 -2 -2  0 -1  0 -1 -3 -2  1  5 -3 -2  0    1   2   0   0   0   0   0   0   0   4   0   4   0   0   0   0  89   0   0   0  0.54 0.06
  241 S    1 -1  0 -1 -1 -1 -1 -1 -1 -3 -3 -1 -2 -1 -1  5  1 -3 -2 -2    0   0   0   0   0   0   0   0   0   0   0   0   0   4   0  94   2   0   0   0  0.54 0.06
  242 Y    0 -2 -1 -1 -2 -1 -1 -1  0 -2 -2 -1 -1  3 -2  3  0  0  4 -2    0   0   0   0   0   0   0   0   0   0   0   0   0  19   0  59   0   0  22   0  0.36 0.05
  243 R    0  2 -1 -2 -3 -1 -2  6 -2 -4 -4 -1 -3 -4 -3 -1 -2 -3 -3 -4    0  18   0   0   0   0   0  82   0   0   0   0   0   0   0   0   0   0   0   0  0.90 0.05
  244 N    2 -1  2  0 -1 -1 -1 -1 -2 -1 -2 -1 -1 -3  1  1  3 -3 -2  0   28   0  12   5   0   0   0   0   0   0   0   0   0   0   6   4  43   0   0   3  0.28 0.03
  245 L   -3 -3 -4 -4 -3 -4 -4 -4 -2  0  1 -4  0  7 -4 -3 -3  3  3 -1    0   0   0   0   0   0   0   0   0   0   5   0   0  92   0   0   0   3   0   0  0.92 0.07
  246 I   -2 -3 -4 -4 -2 -3 -3 -4 -3  3  4 -3  2  0 -3 -3 -1 -2 -1  1    0   0   0   0   0   0   0   0   0  23  76   0   0   1   0   0   0   0   0   0  0.48 0.04
  247 E   -1  0 -1  1 -4  2  6 -3 -1 -4 -3  0 -3 -4 -2 -1 -1 -3 -3 -3    0   0   0   0   0   0 100   0   0   0   0   0   0   0   0   0   0   0   0   0  0.92 0.07
  248 R   -2  7 -1 -2 -4  1  0 -3 -1 -4 -3  2 -2 -3 -3 -1 -2 -3 -2 -3    0  99   0   0   0   1   0   0   0   0   0   0   0   0   0   0   0   0   0   0  0.97 0.07
  249 T    0 -2 -1 -2 -1 -1 -1 -2 -2  0 -1 -1 -1 -2 -2  1  5 -3 -2  0    1   0   0   0   0   0   0   0   0   7   0   0   0   0   0   1  91   0   0   0  0.57 0.06
  250 H   -2 -1  0 -2 -4  0 -1 -3  9 -3 -2 -1 -2 -2 -3 -1 -2 -3  1 -3    0   0   0   0   0   2   0   0  90   0   5   0   0   0   0   2   0   0   0   0  1.06 0.08
  251 F   -3 -3 -4 -4 -3 -4 -4 -4 -2  0  1 -4  0  7 -4 -3 -3  1  3 -1    0   0   0   0   0   0   0   0   0   0   5   0   0  95   0   0   0   0   0   0  0.95 0.07
  252 Y   -2 -2 -2 -4 -1 -2 -3 -4  2 -2 -2 -2 -2  3 -4 -2 -2  2  8 -2    0   0   0   0   1   0   0   0   3   0   0   0   0   1   0   2   0   0  93   0  1.07 0.08
  253 G    0 -2 -1 -1 -3 -1  1  5 -2 -3 -4 -1 -3 -3 -2 -1 -2 -3 -3 -2    0   1   0   0   0   0  20  75   0   0   0   0   0   0   0   0   0   0   0   4  0.75 0.04
  254 K   -1  2 -1 -1 -4  1  0 -2 -1 -3 -3  6 -2 -4 -1 -1 -1 -4 -2 -3    0   0   0   0   0   0   0   0   0   0   0 100   0   0   0   0   0   0   0   0  0.72 0.07
  255 I   -2 -3 -4 -4 -2 -3 -4 -4 -4  5  1 -3  2  0 -3 -3 -1 -3 -2  2    0   0   0   0   0   0   0   0   0  85   2   0  10   0   0   0   1   0   0   2  0.48 0.05
  256 E   -1 -1 -1  1 -4  2  6 -2 -1 -4 -3  0 -3 -4 -2 -1 -1 -3 -3 -3    0   0   0   0   0   1  97   2   0   0   0   0   0   0   0   0   0   0   0   0  0.88 0.07
  257 H   -2 -1  0 -1 -4  0 -1 -3  9 -4 -3 -1 -2 -2 -3 -1 -2 -3  2 -4    0   0   0   2   0   1   0   0  95   0   0   0   0   0   0   0   0   0   3   0  1.18 0.09
  258 L   -2 -2 -4 -4 -2 -3 -3 -4 -3  2  4 -3  2  1 -3 -3 -2 -2 -1  1    0   1   0   0   0   0   0   0   0   4  87   0   0   6   0   0   0   0   0   1  0.48 0.04
  259 P   -1 -1 -3 -3 -1 -2 -3 -4 -3  3  1 -2  1 -1 -1 -2 -1 -3 -2  3    1   5   0   0   0   1   0   0   0  42   7   2   1   0   3   0   0   0   0  37  0.27 0.03
  260 V   -1 -3 -3 -2 -1 -2 -2 -4 -3  3  1 -3  0 -1 -3 -2  0 -3 -2  5    0   0   0   3   0   0   2   0   0   4   1   0   0   0   0   0   0   0   0  90  0.42 0.05
  261 V   -1 -3 -3 -4 -1 -3 -3 -4 -4  3  2 -3  1 -1 -3 -2  0 -3 -2  4    0   0   0   0   0   0   0   0   0   3  13   0   0   0   0   0   0   0   0  82  0.42 0.05
  262 C   -1 -2 -3 -4 10 -3 -4 -3 -2 -2 -1 -3 -2 -2 -3 -1 -1  0  0 -1    0   2   0   0  86   0   0   0   1   0   3   0   0   0   0   0   0   2   4   1  1.27 0.08
  263 S   -1  4 -1 -3  7  0 -1 -3  2 -3 -2  0 -2 -3 -2 -1 -1  1 -1 -2    0  44   0   0  38   0   0   0  10   0   0   0   0   0   1   3   0   2   1   0  0.57 0.05
  264 N   -2 -1  7  1 -3  0 -1 -1  0 -4 -4  0 -3 -4 -3  0  0 -4 -3 -4    0   0  98   0   0   0   0   0   0   0   0   2   0   0   0   0   0   0   0   0  0.96 0.07
  265 D   -2 -2  0  4 -1 -1  0 -2  1 -2 -2 -2 -2  2 -3 -1 -2  0  5 -2    0   0   1  44   1   0   0   1   2   0   0   0   0  10   0   3   0   0  38   0  0.49 0.04
  266 F   -3 -3 -4 -4 -3 -4 -4 -4 -2 -1  0 -4  0  7 -4 -3 -3  1  3 -1    0   0   0   0   0   0   0   0   0   0   1   0   0  99   0   0   0   0   0   0  1.01 0.07
  267 H   -1  1  0 -1 -4  5  1 -2  6 -3 -3  1 -1 -3  0 -1 -1 -2  0 -3    0   1   1   0   0  55   0   0  32   0   0   4   0   0   4   0   0   0   2   0  0.60 0.06
  268 K   -1  4  0 -1 -4  1  0 -1 -1 -3 -3  5 -2 -4 -2 -1 -1 -3 -2 -3    0  25   2   0   0   0   0   4   0   0   0  70   0   0   0   0   0   0   0   0  0.58 0.05
  269 N    0 -1  2 -1 -1 -1 -1 -2 -2  0 -2 -1 -1 -3 -2  1  5 -3 -2  0    3   0  18   0   0   0   0   0   0   6   0   0   0   0   0   5  67   0   0   0  0.41 0.05
  270 L   -2 -2 -4 -4 -2 -3 -3 -4 -3  1  4 -3  2  0 -1 -3 -2 -2 -1  1    0   1   0   0   0   0   0   0   0   3  92   0   0   1   3   0   0   0   0   0  0.51 0.05
  271 Q   -3  0 -3 -4 -1  2 -2 -3 -2 -3 -2 -2 -2  0 -4 -3 -3 11  1 -3    0   5   0   0   1  18   0   0   0   0   3   0   0   0   0   0   0  73   0   0  1.78 0.09
  272 L   -2 -3 -3 -3 -2 -3 -3 -3 -2  1  3 -3  1  5 -2 -1 -1 -1  1  0    0   0   0   0   0   0   0   0   0   1  44   0   0  40   1   8   0   0   0   6  0.35 0.03
  273 F   -3 -3 -4 -4 -1 -4 -4 -4 -2  0  0 -4  0  7 -4 -3 -3  0  3 -1    0   0   0   0   1   0   0   0   0   0   3   0   0  92   0   0   0   0   0   2  0.89 0.07
  274 K   -1  2 -1 -1 -4  1  1 -2 -1 -3 -3  5 -2 -4 -1  0  0 -4 -2 -3    0   0   0   0   0   0   3   0   0   0   0  93   0   0   0   0   3   0   0   0  0.64 0.06
  275 D   -2 -2  1  7 -4  0  2 -2 -1 -4 -4 -1 -4 -4 -2 -1 -1 -5 -4 -4    0   0   1  92   0   0   7   0   0   0   0   0   0   0   0   0   0   0   0   0  1.05 0.06
  276 P   -1 -3 -2 -2 -3 -2 -2 -3 -3 -3 -2 -1 -3 -4  8  0 -1 -4 -3 -3    0   0   0   0   0   0   0   0   0   0   4   0   0   0  91   4   1   0   0   0  1.90 0.07
  277 C   -2 -4 -4 -4  5 -4 -4 -4 -2 -1  0 -4 -1  7 -4 -3 -2  0  2 -1    0   0   0   0  18   0   0   0   0   0   0   0   0  82   0   0   0   0   0   0  0.83 0.06
  278 M   -1 -2 -3 -4 -2 -1 -3 -3 -2  2  2 -2  7  0 -3 -2 -1 -2 -2  1    0   0   0   0   0   0   0   0   0   9   0   0  90   0   0   0   0   0   0   1  0.65 0.08
  279 H   -2 -1  0 -2 -4  0 -1 -3  9 -4 -4 -1 -2 -2 -3 -1 -2 -3  1 -4    0   0   0   0   0   0   0   0 100   0   0   0   0   0   0   0   0   0   0   0  1.29 0.09
  280 Y   -2 -2 -3 -4 -3 -2 -3 -4  1 -2 -2 -2 -2  3 -4 -2 -2  2  8 -2    0   0   0   0   0   0   0   0   0   0   0   0   0   0   0   0   0   0 100   0  1.20 0.09
  281 V   -1 -3 -3 -4 -1 -3 -3 -4 -4  3  1 -3  0 -1 -3 -2  0 -3 -2  5    0   0   0   0   0   0   0   0   0   2   0   0   0   0   0   0   0   0   0  98  0.52 0.06
  282 R   -2  7 -1 -2 -4  1  0 -2 -1 -4 -3  2 -2 -3 -3 -1 -2 -3 -2 -3    0  97   0   0   0   1   0   1   0   0   0   0   0   0   0   0   0   0   0   0  0.93 0.07
  283 Y   -2 -2 -3 -4 -1 -2 -3 -4  1 -2 -2 -2 -2  3 -4 -2 -2  2  8 -2    0   0   0   0   2   0   0   0   0   0   0   0   0   0   0   0   0   0  98   0  1.17 0.09
  284 Q   -1  1  0 -1 -4  7  2 -2  0 -3 -3  1 -1 -4 -2 -1 -1 -3 -2 -3    0   2   0   0   0  96   0   0   0   0   0   2   0   0   0   0   0   0   0   0  0.88 0.08
  285 G    0  0 -1 -2 -3 -2 -2  6 -2 -4 -4 -1 -3 -4 -3 -1 -2 -3 -3 -4    0   6   0   0   0   0   1  92   0   0   0   0   0   0   0   0   0   0   0   0  1.05 0.05
  286 K   -1  2 -1 -1 -4  1  0 -2 -1 -3 -3  6 -2 -4 -1 -1 -1 -4 -2 -3    0   0   0   0   0   0   0   0   0   0   0 100   0   0   0   0   0   0   0   0  0.72 0.07
  287 A    4 -2 -1 -1 -1 -1 -1  0 -2 -2 -2 -1 -1 -3 -1  3  0 -3 -2 -1   56   0   0   0   0   0   0   2   0   0   0   0   0   0   0  40   0   0   0   3  0.39 0.04
  288 I   -2 -4 -4 -4 -2 -3 -4 -4 -4  5  2 -3  1  0 -3 -3 -1 -3 -2  2    0   0   0   0   0   0   0   0   0  95   3   0   0   0   0   0   0   0   0   1  0.56 0.06
  289 L   -2 -3 -4 -4 -2 -3 -3 -4 -3  1  5 -3  2  0 -3 -3 -2 -2 -1  1    0   0   0   0   0   0   0   0   0   0  96   0   1   1   0   0   0   0   0   0  0.55 0.05
  290 A    5 -2 -2 -2 -1 -1 -1  1 -2 -1 -2 -1 -1 -3 -1  1  0 -3 -2  0   88   0   0   0   0   0   0   4   0   0   0   0   0   0   0   2   0   0   0   6  0.45 0.05
  291 S    1 -1  0 -1 -1  0 -1 -1 -1 -3 -3 -1 -2 -3 -1  5  1 -3 -2 -2    0   0   0   0   0   0   0   0   0   0   1   0   0   0   0  99   0   0   0   0  0.60 0.07
  292 K   -1  3 -1 -1 -4  1  0 -2 -1 -3 -3  5 -2 -4 -2 -1 -1 -4 -2 -3    0  15   0   0   0   0   0   0   0   0   0  85   0   0   0   0   0   0   0   0  0.66 0.06
  293 G    0 -2 -1 -2 -3 -2 -3  6 -3 -4 -4 -2 -3 -4 -3 -1 -2 -3 -4 -4    0   1   0   0   0   0   0  99   0   0   0   0   0   0   0   0   0   0   0   0  1.19 0.06
  294 T    0 -2  0 -1 -1 -1 -1 -2 -2 -1 -2 -1 -1 -3  0  1  6 -3 -2  0    1   0   2   0   0   0   0   0   0   0   0   0   0   0   2   1  94   0   0   0  0.62 0.07
  295 S   -2  0  0 -1 -3  0 -1 -3  8 -3 -3 -1 -2  0 -3 -1 -2 -1  4 -3    0   5   0   2   0   1   0   0  71   0   0   0   0   1   0   3   0   0  17   0  0.83 0.07
  296 L   -2 -3 -4 -4 -2 -3 -3 -4 -3  1  4 -3  2  2 -2 -3 -2 -2  0  0    0   0   0   0   0   0   0   0   0   2  85   0   0  12   1   0   0   0   0   0  0.49 0.04
  297 L   -2 -2 -4 -4 -2 -2 -3 -4 -3  1  4 -3  2  0 -3 -3 -1 -2 -1  1    0   1   0   0   0   2   0   0   0   0  88   0   4   1   0   0   0   0   0   3  0.48 0.04
  298 M   -2 -2 -3 -4 -2 -1 -3 -3 -2  1  2 -2  8  0 -3 -2 -1 -2 -2  0    0   0   0   0   0   0   0   0   0   6   2   0  93   0   0   0   0   0   0   0  0.67 0.09
  299 K   -1  2  1 -1 -4  1  1 -2 -1 -3 -3  5 -2 -4 -2  0 -1 -4 -2 -3    0   0   7   0   0   0   1   0   0   0   0  90   0   0   0   0   1   0   0   0  0.62 0.06
  300 K   -1  2 -1 -1 -4  1  0 -2 -1 -3 -3  6 -2 -4 -1 -1 -1 -4 -2 -3    0   0   0   0   0   0   0   0   0   0   0 100   0   0   0   0   0   0   0   0  0.72 0.07
  301 W   -3 -4 -5 -5 -3 -3 -4 -3 -3 -3 -2 -4 -2  0 -5 -4 -3 12  2 -4    0   0   0   0   0   0   0   0   0   0   0   0   0   0   0   0   0 100   0   0  2.81 0.12
  302 K   -1  2 -1 -1 -4  1  0 -2 -1 -3 -3  6 -2 -4 -2 -1 -1 -4 -2 -3    0   5   0   0   0   0   0   0   0   0   0  95   0   0   0   0   0   0   0   0  0.69 0.06
  303 W   -1 -3 -2 -3  8 -2 -3 -2 -1 -2 -2 -2 -2  0 -3  1 -1  3  4 -2    0   0   0   0  49   0   0   0   0   0   0   0   0   1   0  20   0   4  26   0  0.67 0.05
  304 Y   -2 -1 -1 -3 -3 -1 -1 -3  7 -3 -2 -2 -2  2 -3 -2 -2  1  6 -2    0   0   1   0   0   0   0   0  42   0   0   0   0   0   0   0   0   0  56   0  0.87 0.07
  305 L   -2 -3 -4 -4 -1 -3 -3 -4 -3  1  3 -3  1  5 -4 -3 -2 -1  1  0    0   0   0   0   1   0   0   0   0   2  58   0   0  39   0   0   0   0   0   0  0.48 0.04
  306 V    0 -3 -3 -4 -1 -3 -3 -4 -4  2  1 -3  0 -1 -3 -2  0 -3 -2  5    1   0   0   0   0   0   0   0   0   0   1   0   0   1   0   0   0   0   0  97  0.49 0.06
  307 N   -2  0  6  1 -3  0 -1 -1  4 -4 -4 -1 -3 -3 -3  0 -1 -4 -1 -3    0   2  85   0   0   0   0   0  12   0   0   0   0   0   0   0   0   0   1   0  0.80 0.07
  308 F   -3 -3 -4 -4 -3 -4 -4 -4 -2  0  0 -4  0  7 -4 -3 -3  1  3 -1    0   0   0   0   0   0   0   0   0   1   2   0   0  96   0   0   0   0   0   0  0.97 0.07
  309 W   -3 -4 -5 -5 -3 -3 -4 -3 -3 -3 -2 -4 -2  0 -5 -4 -3 12  2 -4    0   0   0   0   0   0   0   0   0   0   0   0   0   0   0   0   0 100   0   0  2.81 0.12
  310 E   -1  1  0  0 -4  6  3 -2  0 -3 -3  1 -1 -4 -2  0 -1 -3 -2 -3    0   0   0   0   0  87  12   0   0   0   0   1   0   0   0   0   0   0   0   0  0.81 0.07
  311 C   -1 -2 -3 -4  7 -2 -3 -3  1 -2 -2 -2 -2  1 -3 -1 -2  1  6 -2    0   2   0   0  38   0   0   0   1   0   0   0   0   0   0   3   0   0  56   0  0.79 0.06
  312 N   -2 -1  2 -2 -3 -1 -1 -3  6 -2 -2 -2 -2  1 -3 -1 -2  0  6 -2    0   0  18   0   0   0   0   0  31   0   2   0   0   0   0   0   0   0  49   0  0.64 0.05
  313 F   -3 -3 -4 -4 -3 -4 -4 -4 -2 -1  0 -4  0  7 -4 -3 -3  1  3 -1    0   0   0   0   0   0   0   0   0   0   0   0   0  98   0   0   0   0   2   0  1.01 0.07
  314 S   -2  0  1 -1 -3  0 -1 -2  8 -3 -3 -1 -2 -1 -3  0 -1 -2  3 -3    0   3   6   0   0   0   0   0  66   0   0   0   0   0   0  11   0   0  14   0  0.74 0.06
  315 F   -3 -3 -4 -4 -3 -4 -4 -4 -2  0  0 -4  0  7 -4 -3 -3  1  3 -1    0   0   0   0   0   0   0   0   0   0   3   0   0  96   0   0   0   0   0   1  0.96 0.07
  316 W   -3 -4 -5 -5 -3 -3 -4 -3 -3 -3 -2 -4 -2  0 -5 -4 -3 12  2 -4    0   0   0   0   0   0   0   0   0   0   0   0   0   0   0   0   0 100   0   0  2.81 0.12
  317 F    1 -1  0 -1 -1 -1 -1 -1 -1 -3 -3 -1 -2 -1  0  5  1 -3 -1 -2    0   0   0   0   0   0   0   0   0   0   0   0   0   3   3  93   0   0   1   0  0.54 0.06
  318 Q   -1  1  0 -1 -4  7  2 -2  0 -3 -3  1 -1 -4 -2 -1 -1 -3 -2 -3    0   1   0   0   0  94   0   0   0   0   0   4   0   0   0   0   0   0   0   0  0.86 0.08
  319 P   -1 -3 -3 -2 -3 -2 -2 -3 -3 -3 -2 -2 -3 -4  8 -1 -1 -4 -3 -3    1   0   0   0   0   0   0   0   0   0   3   0   0   0  94   2   0   0   0   0  2.01 0.08
  320 Y   -2 -2 -2 -1  5 -2 -2 -2  2 -2 -2 -2 -2  2 -3 -1 -2  1  7 -2    0   1   0   5  19   0   0   1   3   0   0   0   0   0   0   3   0   0  67   0  0.68 0.06
  321 R   -2  7 -1 -2 -4  1 -1 -3 -1 -4 -3  2 -2 -3 -3 -1 -2 -3 -2 -3    0 100   0   0   0   0   0   0   0   0   0   0   0   0   0   0   0   0   0   0  0.98 0.07
  322 I   -2 -4 -4 -4 -2 -3 -4 -4 -4  5  1 -3  1 -1 -3 -3 -1 -3 -2  2    0   0   0   0   0   0   0   0   0 100   0   0   0   0   0   0   0   0   0   0  0.59 0.06
  323 H   -2  0  0 -2 -4  0 -1 -3  9 -4 -3 -1 -2 -2 -3 -1 -2 -3  2 -4    0   4   0   0   0   0   0   0  93   0   1   0   0   0   0   0   0   0   2   0  1.14 0.08
  324 I   -2 -4 -4 -4 -2 -3 -4 -4 -4  5  1 -3  1 -1 -3 -3 -1 -3 -2  2    0   0   0   0   0   0   0   0   0  99   0   0   0   0   0   0   1   0   0   0  0.57 0.06
  325 N   -2 -1  7  1 -3  0 -1 -1  0 -4 -4  0 -3 -4 -2  1  0 -4 -3 -3    0   0  94   1   0   0   0   0   0   0   0   2   0   0   0   3   0   0   0   0  0.89 0.07
  326 Q   -1  1  0 -1 -4  7  2 -2  1 -3 -3  1 -1 -4 -1 -1 -1 -3 -2 -3    0   1   0   0   0  95   0   0   2   0   0   0   0   0   2   0   0   0   0   0  0.85 0.08
  327 L   -2 -3 -4 -4 -2 -3 -3 -4 -3  1  4 -3  2  4 -4 -3 -2 -1  0  0    0   0   0   0   0   0   0   0   0   0  75   0   0  25   0   0   0   0   0   0  0.49 0.04
  328 S    1 -1  0 -1 -1  0 -1 -1 -1 -3 -3 -1 -2 -3  0  5  1 -3 -1 -2    0   0   0   0   0   1   0   0   0   0   1   0   0   0   3  93   0   0   2   0  0.54 0.06
  329 N   -2  0  6  1 -3  0  0 -1  1 -4 -4  0 -3 -3 -2  1  0 -4 -2 -3    0   2  82   0   0   0   2   0   3   0   0   4   0   0   0   5   2   0   0   0  0.73 0.06
  330 S   -2 -2  2 -2  1 -2 -2 -3  2 -2 -1 -2 -1  3 -3 -1 -1  1  6 -2    0   0  18   0   5   0   0   0   6   1   0   0   0  17   0   4   0   0  49   0  0.49 0.04
  331 S    1 -1  0 -1 -1  0 -1 -1 -1 -3 -3 -1 -2 -3 -1  5  1 -3 -1 -2    0   0   0   0   0   0   0   0   0   0   0   0   0   0   0  99   0   0   1   0  0.60 0.07
  332 F   -3 -3 -4 -4 -3 -4 -4 -4 -2 -1  0 -4  0  7 -4 -3 -3  1  3 -1    0   0   0   0   0   0   0   0   0   0   0   0   0 100   0   0   0   0   0   0  1.03 0.07
  333 L   -2 -2 -1  1 -1 -2 -2 -3  2 -2 -2 -2 -2  2 -3 -2 -2  1  7 -2    0   0   2  12   1   0   0   0   5   0   1   0   0   1   0   1   0   0  76   0  0.75 0.06
  334 F   -3 -3 -4 -4 -3 -4 -4 -4 -2  0  0 -4  0  7 -4 -3 -3  1  3 -1    0   0   0   0   0   0   0   0   0   1   0   0   0  99   0   0   0   0   0   0  1.01 0.07
  335 W   -2 -2 -4 -4 -2 -2 -3 -4 -3  1  4 -3  2  0 -3 -3 -2  4 -1  0    0   2   0   0   0   0   0   0   0   0  88   0   3   0   0   0   0   7   0   0  0.52 0.05
  336 G    0 -3 -1 -2 -3 -2 -3  6 -3 -4 -4 -2 -3 -4 -3 -1 -2 -3 -4 -4    0   0   0   0   0   0   0 100   0   0   0   0   0   0   0   0   0   0   0   0  1.21 0.06
  337 Y   -2 -2 -3 -4 -3 -2 -3 -4  1 -2 -2 -2 -2  3 -4 -2 -2  2  8 -2    0   0   0   0   0   0   0   0   0   0   0   0   0   0   0   0   0   0 100   0  1.20 0.09
  338 F   -2 -3 -4 -4 -2 -3 -3 -4 -3  2  4 -3  2  3 -3 -3 -2 -1  0  1    0   0   0   0   0   0   0   0   0   6  78   0   0  17   0   0   0   0   0   0  0.47 0.04
  339 S    1 -1  0 -1 -1 -1 -1 -1 -1 -3 -2 -1 -2 -3 -1  5  1 -3 -2 -2    3   0   0   0   0   0   0   0   0   0   3   0   0   0   0  94   0   0   0   0  0.55 0.06
  340 I    0 -1  2  0 -2 -1 -1 -1 -1  0 -2 -1 -1 -3 -2  4  1 -3 -2 -1    0   0  15   0   0   0   0   0   0  12   0   0   0   0   0  72   0   0   0   0  0.37 0.05
  341 V   -1 -2 -3 -4 -1 -3 -3 -4 -3  2  2 -3  1 -1 -3 -2 -1 -3 -2  4    0   2   0   0   0   0   0   0   0   2  17   0   1   0   0   0   0   0   0  78  0.39 0.04
  342 L   -2 -2 -3 -4 -2 -2 -3 -4 -3  1  4 -2  1  0  3 -2 -2 -2 -2  0    0   2   0   0   0   1   0   0   0   0  80   0   0   0  17   0   0   0   0   0  0.47 0.04
  343 I   -2  2 -3 -3 -2 -2 -2 -4 -3  4  1  0  1 -1 -3 -2 -1 -3 -2  2    0  17   0   0   0   0   0   0   0  72   4   6   0   0   0   0   0   0   0   0  0.30 0.04
  344 N   -2 -1  7  1 -3  0 -1 -1  1 -4 -4  0 -3 -4 -3  0  0 -4 -3 -3    0   0  94   0   0   0   0   0   1   0   0   3   0   0   0   1   0   0   0   0  0.89 0.07
  345 P   -1 -2 -2 -2 -3 -2 -1 -2 -2 -2 -1 -1 -2 -1  7  1  0 -3 -2 -2    0   0   0   0   0   0   0   0   0   0   8   0   0   4  68  16   3   0   0   0  1.24 0.05
  346 L    0 -2 -1 -1 -1 -1 -1 -1 -2 -1  2 -1  0 -1 -2  4  1  0 -1 -1    0   0   0   0   0   0   0   0   0   0  33   0   0   0   0  64   0   2   1   0  0.26 0.04
  347 P    4 -2 -1 -2 -1 -1 -1 -1 -2 -1 -2 -1 -1 -3  0  1  2 -3 -2  0   69   0   0   0   0   0   0   0   0   0   0   0   0   0   2   6  16   0   0   7  0.35 0.04
  348 V   -1 -3 -3 -4 -1 -3 -3 -4 -4  3  1 -3  0 -1 -3 -2  0 -3 -2  5    0   0   0   0   0   0   0   0   0   3   0   0   0   0   0   0   0   0   0  97  0.51 0.06
  349 R   -2  6  0 -2 -4  1  0 -2 -1 -3 -3  4 -2 -3 -2 -1 -1 -3 -2 -3    0  67   1   0   0   0   0   0   0   0   0  30   0   0   0   0   1   0   0   0  0.71 0.05
  350 S    0 -1  5  0 -2  0 -1  0  0 -3 -4 -1 -2 -3 -2  3  0 -4 -2 -3    0   0  55   0   0   0   0   1   0   0   0   0   0   0   0  43   0   0   0   0  0.57 0.05
  351 Q   -1  1  0 -1 -4  6  2 -2  0 -3 -3  2 -1 -4 -2 -1 -1 -3 -2 -3    0   0   0   0   0  90   0   0   0   0   0  10   0   0   0   0   0   0   0   0  0.82 0.08
  352 M   -2 -2 -3 -4 -2 -1 -3 -3 -2  1  2 -2  8  0 -3 -2 -1 -2 -2  0    0   0   0   0   0   0   0   0   0   1   0   0  99   0   0   0   0   0   0   0  0.74 0.09
  353 L   -2 -3 -4 -4 -2 -3 -3 -4 -3  1  5 -3  2  0 -3 -3 -2 -2 -1  1    0   0   0   0   0   0   0   0   0   0 100   0   0   0   0   0   0   0   0   0  0.59 0.05
  354 G   -1  0 -1  2 -4  2  6 -2 -1 -4 -3  1 -3 -4 -2  0 -1 -3 -3 -3    1   0   0   2   0   0  94   1   0   0   0   1   0   0   0   0   0   0   0   0  0.84 0.06
  355 Y   -2 -1  6  1 -3 -1 -1 -1  1 -3 -3 -1 -2 -1 -3  0 -1 -2  3 -3    0   0  76   3   0   0   0   0   1   0   0   0   0   0   0   3   0   0  18   0  0.65 0.06
  356 S    1 -1  0 -1 -1 -1 -1 -1 -1 -2 -2 -1 -2  1 -1  5  1 -3 -1 -2    0   0   0   0   0   0   0   0   0   0   3   0   0   8   0  88   0   0   1   0  0.45 0.06
  357 C   -2 -3 -3 -4  3 -4 -4 -4 -1 -1  0 -4 -1  7 -4 -3 -2  1  3 -1    0   0   0   0  11   0   0   0   0   0   0   0   0  82   0   0   0   0   7   0  0.82 0.06
  358 L   -2 -2 -4 -4 -2 -3 -3 -4 -3  2  5 -3  2  0 -3 -3 -2 -2 -1  1    0   1   0   0   0   0   0   0   0   3  96   0   0   0   0   0   0   0   0   0  0.56 0.05
  359 I   -2 -3 -4 -4 -2 -3 -4 -4 -4  5  1 -3  2  0 -3 -3 -1 -3 -2  3    0   0   0   0   0   0   0   0   0  83   0   0  10   0   0   0   1   0   0   5  0.47 0.05
  360 D   -2 -2  1  7 -4 -1  2 -2 -1 -4 -4 -1 -4 -4 -2 -1 -1 -5 -4 -4    0   0   0  95   0   0   2   0   0   0   0   0   0   0   0   0   0   0   0   0  1.06 0.06
  361 N    0  0  2  0 -1  0  0  0  0 -1 -1  0  0 -1  0  0  0  0  0 -1    7   4  19   4   2   4   5   6   2   4   8   5   2   3   4   6   6   1   3   5  0.05 0.00
  362 T    0 -2 -1 -2 -1 -1 -1 -2 -2  0 -1 -1 -1 -2 -2  1  5 -3 -2  0    0   0   0   0   0   0   0   0   0   8   0   0   0   0   0   0  92   0   0   0  0.58 0.07
  363 L    0 -3 -3 -3 -1 -3 -3  0 -3  2  1 -3  0  1 -3 -1 -1 -2 -1  4    4   0   0   0   0   0   0   7   0   6  10   0   0   8   0   2   0   0   0  62  0.24 0.03
  364 T    0 -2 -1 -2 -1 -1 -1 -2 -2  1 -1 -1 -1 -2 -2  1  5 -3 -2  0    4   0   0   0   0   0   0   0   0  10   0   0   0   1   0   2  83   0   0   0  0.48 0.06
  365 K   -1  2  1 -1 -4  1  0 -2 -1 -3 -3  5 -2 -4 -2 -1 -1 -4 -2 -3    0   2   5   0   0   2   0   0   0   0   0  92   0   0   0   0   0   0   0   0  0.64 0.06
  366 K   -1  2  0 -1 -4  1  0 -2 -1 -3 -3  6 -2 -4 -1 -1 -1 -4 -2 -3    0   0   1   0   0   0   0   0   0   0   0  99   0   0   0   0   0   0   0   0  0.70 0.07
  367 L   -3 -3 -4 -4 -3 -4 -4 -4 -2  0  1 -4  0  7 -4 -3 -3  0  3 -1    0   0   0   0   0   0   0   0   0   0  10   0   0  90   0   0   0   0   0   0  0.87 0.07
  368 E   -2 -2  1  6 -4  0  3 -2 -1 -4 -4 -1 -3 -4 -2 -1 -1 -5 -3 -4    0   0   0  78   0   0  22   0   0   0   0   0   0   0   0   0   0   0   0   0  0.93 0.06
  369 T    0 -2  0 -1 -1 -1 -1 -2 -2 -1 -2 -1 -1 -3  0  1  6 -3 -2  0    0   0   1   0   0   0   0   0   0   1   0   0   0   0   3   0  95   0   0   0  0.62 0.07
  370 L   -2  0 -3 -4 -2 -2 -3 -4 -3  5  2 -2  1 -1 -3 -3 -1 -3 -2  2    0  10   0   0   0   0   0   0   0  77  11   0   0   0   0   0   0   0   0   2  0.38 0.05
  371 V    0 -3 -3 -4 -1 -3 -3 -4 -4  3  1 -3  1 -1 -3 -2  0 -3 -2  5    1   0   0   0   0   0   0   0   0   6   3   0   0   0   0   0   0   0   0  89  0.46 0.05
  372 P   -1 -3 -3 -2 -3 -2 -2 -3 -3 -3 -4 -2 -3 -4  8 -1 -2 -4 -4 -3    0   0   0   0   0   0   0   0   0   0   0   0   0   0  99   1   0   0   0   0  2.17 0.08
  373 I   -1 -3 -4 -4 -1 -3 -3 -4 -4  4  1 -3  1 -1 -3 -2 -1 -3 -2  4    0   0   0   0   0   0   0   0   0  45   0   0   2   0   0   0   0   0   0  53  0.43 0.04
  374 I   -2 -3 -4 -4 -2 -3 -4 -4 -4  5  2 -3  1 -1 -3 -2 -1 -3 -2  2    0   0   0   0   0   0   0   0   0  90   5   0   0   0   0   4   0   0   0   2  0.49 0.05
  375 P   -1 -2 -2 -2 -2 -2 -2 -3 -3 -1  1 -2 -1 -1  7  0 -1 -3 -2 -1    0   0   0   0   0   0   0   0   0   0  26   0   0   3  59   9   1   0   0   2  0.98 0.04
  376 L   -2 -2 -4 -4 -2 -2 -3 -4 -3  1  4 -3  4  0 -3 -3 -1 -2 -1  1    0   0   0   0   0   0   0   0   0   1  78   0  21   0   0   0   0   0   0   0  0.50 0.05
  377 I   -2 -4 -4 -4 -2 -3 -4 -4 -4  5  1 -3  1 -1 -3 -3 -1 -3 -2  3    0   0   0   0   0   0   0   0   0  97   0   0   0   0   0   0   0   0   0   3  0.57 0.06
  378 G    0  1 -1 -2 -3 -1 -1  6 -2 -4 -4 -1 -3 -4 -3 -1 -2 -3 -3 -4    0  11   0   0   0   0   4  86   0   0   0   0   0   0   0   0   0   0   0   0  0.93 0.05
  379 S    1 -1  0 -1 -1  0 -1 -1 -1 -3 -3 -1 -2 -3 -1  5  1 -3 -2 -2    4   0   0   0   0   0   0   0   0   0   0   0   0   0   0  96   0   0   0   0  0.59 0.07
  380 L   -2 -3 -4 -4 -2 -3 -3 -4 -3  1  5 -3  2  0 -3 -2 -2 -2 -1  1    0   0   0   0   0   0   0   0   0   0  98   0   0   0   0   2   0   0   0   0  0.57 0.05
  381 S    1 -1  0 -1 -1 -1 -1 -1 -1 -3 -3 -1 -2 -1 -1  5  1 -3 -2 -2    8   0   0   0   0   0   0   0   0   0   0   0   0   3   0  89   0   0   0   0  0.52 0.06
  382 K   -1  2 -1 -1 -4  1  0 -2 -1 -3 -3  6 -2 -4 -1 -1 -1 -4 -2 -3    0   0   0   0   0   0   0   0   0   0   0 100   0   0   0   0   0   0   0   0  0.72 0.07
  383 A    5 -2 -2 -2 -1 -1 -1  0 -2 -2 -2 -1 -1 -3 -1  1  0 -3 -2  0   95   0   0   0   0   0   0   2   0   0   0   0   0   0   0   2   1   0   0   1  0.51 0.06
  384 K   -1  2 -1 -1 -4  2  1 -2 -1 -3 -3  6 -2 -4 -1 -1 -1 -4 -2 -3    0   0   0   0   0   6   0   0   0   0   0  94   0   0   0   0   0   0   0   0  0.67 0.06
  385 F   -3 -3 -4 -4 -3 -4 -4 -4 -2 -1  0 -4  0  7 -4 -3 -3  1  3 -1    0   0   0   0   0   0   0   0   0   0   0   0   0 100   0   0   0   0   0   0  1.03 0.07
  386 C   -1 -4 -3 -4 10 -4 -4 -3 -4 -2 -2 -4 -2 -3 -4 -1 -1 -3 -3 -1    0   0   0   0 100   0   0   0   0   0   0   0   0   0   0   0   0   0   0   0  1.68 0.10
  387 N   -1 -1  5  0 -2 -1 -1 -1 -1 -2 -2 -1 -2 -3 -2  1  4 -3 -2 -1    0   0  45   0   0   0   0   0   0   0   0   0   0   0   0   0  55   0   0   0  0.52 0.05
  388 V   -1 -3 -3 -4 -1 -3 -3 -2 -4  3  1 -3  1 -1 -3 -2  0 -3 -2  5    0   0   0   0   0   0   0   2   0   3   1   0   2   0   0   0   0   0   0  92  0.45 0.05
  389 S    1 -1  0 -1 -1 -1 -1 -1 -1 -2 -1 -1 -1 -2 -1  5  1 -3 -2 -2    2   0   0   0   0   0   0   0   0   0  10   0   0   0   0  88   0   0   0   0  0.46 0.06
  390 G    0 -3 -1 -2 -3 -2 -3  6 -3 -4 -4 -2 -3 -4 -3 -1 -2 -3 -4 -4    0   0   0   0   0   0   0 100   0   0   0   0   0   0   0   0   0   0   0   0  1.21 0.06
  391 H   -2 -1  3 -1 -4  0 -1 -2  8 -4 -4 -1 -2 -2 -3 -1 -2 -3  1 -4    0   0  23   0   0   0   0   0  75   0   0   0   0   0   0   0   0   0   1   0  0.93 0.07
  392 P   -1 -3 -3 -2 -3 -2 -2 -3 -3 -3 -4 -2 -3 -4  8 -1 -2 -4 -4 -3    0   0   0   0   0   0   0   0   0   0   0   0   0   0 100   0   0   0   0   0  2.22 0.08
  393 A   -1 -3 -3 -3 -2 -3 -3 -4 -3  5  1 -3  1 -1 -3 -1  1 -3 -2  2    1   0   0   0   0   0   0   0   0  86   0   0   0   0   0   3   9   0   0   0  0.42 0.05
  394 S    1 -1  0 -1 -1  0 -1 -1 -1 -3 -3 -1 -2 -3 -1  5  1 -3 -2 -2    0   0   0   0   0   0   0   0   0   0   0   0   0   0   0 100   0   0   0   0  0.62 0.07
  395 K   -1  2 -1 -1 -4  1  0 -2 -1 -3 -3  6 -2 -4 -1 -1 -1 -4 -2 -3    0   0   0   0   0   0   0   0   0   0   0 100   0   0   0   0   0   0   0   0  0.72 0.07
  396 P   -1 -3 -2 -2 -3 -2 -2 -2 -3 -3 -3 -1 -3 -4  8  0 -1 -4 -3 -3    2   0   0   0   0   0   0   0   0   0   0   0   0   0  92   5   0   0   0   0  1.97 0.07
  397 I   -1 -3 -4 -4 -1 -3 -3 -4 -4  4  1 -3  1 -1 -1 -2 -1 -3 -2  3    0   0   0   0   0   0   0   0   0  63   2   0   0   0   2   0   0   0   0  33  0.43 0.04
  398 W   -3 -2 -5 -5 -3 -3 -4 -3 -3 -3 -2 -4 -2  0 -5 -4 -3 12  2 -4    0   2   0   0   0   0   0   0   0   0   0   0   0   0   0   0   0  98   0   0  2.73 0.11
  399 T    3 -2 -1 -2 -1 -1 -1 -1 -2 -1 -2 -1 -1 -3 -1  1  3 -3 -2  0   56   0   0   0   0   0   0   0   0   0   0   0   0   0   0   0  42   0   0   2  0.38 0.04
  400 D   -2 -2  1  7 -4 -1  1 -1 -1 -4 -4 -1 -4 -4 -2 -1 -1 -5 -4 -4    0   0   3  91   0   0   3   4   0   0   0   0   0   0   0   0   0   0   0   0  1.00 0.06
  401 L   -2 -3 -4 -4 -2 -3 -3 -4 -3  1  4 -3  2  1 -3 -2 -1 -2 -1  0    0   0   0   0   0   0   0   0   0   0  93   0   0   4   0   3   0   0   0   0  0.51 0.05
  402 S    1 -1  0 -1 -1 -1 -1 -1 -1 -3 -3 -1 -2 -3  1  5  1 -3 -2 -2    0   0   0   0   0   0   0   0   0   0   1   0   0   0   5  94   0   0   0   0  0.57 0.06
  403 D   -2 -2  1  7 -4 -1  1 -2 -2 -4 -4 -1 -4 -4 -2 -1 -2 -5 -4 -4    0   0   1  99   0   0   0   0   0   0   0   0   0   0   0   0   0   0   0   0  1.13 0.07
  404 S    1 -2  0 -1  4 -1 -1 -1 -2 -3 -3 -1 -2 -2 -2  4  1  1 -1 -2    0   0   0   0  16   0   0   0   0   0   0   0   0   1   0  80   0   2   1   0  0.48 0.06
  405 D   -2 -2  1  7 -4 -1  1 -1 -2 -4 -4 -1 -4 -4 -2 -1 -2 -5 -4 -4    0   0   0  99   0   0   0   1   0   0   0   0   0   0   0   0   0   0   0   0  1.12 0.07
  406 I   -2 -4 -4 -4 -2 -3 -4 -4 -4  5  1 -3  1  0 -3 -3 -1 -3 -2  2    0   0   0   0   0   0   0   0   0  98   2   0   0   0   0   0   0   0   0   0  0.57 0.06
  407 I   -2 -3 -4 -4 -2 -3 -4 -4 -4  5  2 -3  1  0 -3 -3 -1 -3 -2  2    0   0   0   0   0   0   0   0   0  81  17   0   2   0   0   0   0   0   0   0  0.49 0.05
  408 D   -2 -2  2  7 -4 -1  1 -2 -1 -4 -4 -1 -4 -4 -2 -1 -1 -5 -4 -4    0   0   9  91   0   0   0   0   0   0   0   0   0   0   0   0   0   0   0   0  1.03 0.06
  409 R   -2  7 -1 -2 -4  1 -1 -3 -1 -4 -3  2 -2 -3 -3 -1 -2 -3 -2 -3    0 100   0   0   0   0   0   0   0   0   0   0   0   0   0   0   0   0   0   0  0.98 0.07
  410 F   -3 -3 -4 -4 -3 -4 -4 -4 -2 -1  0 -4  0  7 -4 -3 -3  1  3 -1    0   0   0   0   0   0   0   0   0   0   0   0   0 100   0   0   0   0   0   0  1.03 0.07
  411 V    0 -3 -1 -2 -3 -2 -2  6 -3 -2 -3 -2 -2 -3 -3  0 -2 -3 -3 -1    0   0   0   0   0   0   0  84   0   2   0   0   0   0   0   4   0   0   0  11  0.85 0.05
  412 R   -2  6 -1 -2 -4  1 -1 -3 -1 -4 -3  2 -2 -3 -3 -1 -2  4 -2 -3    0  89   0   0   0   2   0   0   0   0   0   0   0   0   0   0   0   9   0   0  0.87 0.06
  413 I   -2 -4 -4 -4 -2 -3 -4 -4 -4  5  1 -3  1 -1 -3 -3 -1 -3 -2  2    0   0   0   0   0   0   0   0   0  96   0   0   0   0   0   0   1   0   0   2  0.55 0.06
  414 C   -1 -4 -3 -4 10 -4 -4 -3 -4 -2 -2 -4 -2 -3 -4 -1 -1 -3 -2 -1    0   0   0   0  97   0   0   0   0   0   0   0   0   0   0   0   0   0   2   0  1.59 0.09
  415 R   -2  7 -1 -2 -4  1 -1 -3 -1 -4 -3  2 -2 -3 -3 -1 -2 -3 -2 -3    0 100   0   0   0   0   0   0   0   0   0   0   0   0   0   0   0   0   0   0  0.98 0.07
  416 T   -2 -1  7  1 -3  0 -1 -1  0 -4 -4 -1 -3 -4 -3  0  0 -4 -3 -3    0   0  99   0   0   0   0   0   0   0   0   0   0   0   0   0   1   0   0   0  0.96 0.08
  417 L   -2 -3 -4 -4 -2 -3 -3 -4 -3  1  5 -3  2  1 -3 -3 -2 -2 -1  1    0   0   0   0   0   0   0   0   0   0  99   0   0   1   0   0   0   0   0   0  0.58 0.05
  418 S    1 -1  0 -1 -1 -1 -1 -1 -1 -3 -3 -1 -2 -2 -1  5  1 -3 -2 -2    0   0   0   0   0   0   0   0   0   0   0   0   0   2   0  98   0   0   0   0  0.58 0.07
  419 H   -2 -1  0 -2 -4  0 -1 -3  9 -4 -4 -1 -2 -2 -3 -1 -2 -3  2 -4    0   0   0   0   0   0   0   0  99   0   0   0   0   0   0   0   0   0   1   0  1.27 0.09
  420 Y   -2 -2 -3 -4 -3 -2 -3 -4  1 -2 -2 -2 -2  3 -4 -2 -2  2  8 -2    0   0   0   0   0   0   0   0   0   0   0   0   0   1   0   0   0   0  99   0  1.19 0.09
  421 H   -2 -1  0 -2 -3  0 -1 -3  8 -3 -3 -2 -2  1 -3 -2 -2  0  5 -3    0   0   0   0   0   0   0   0  68   0   0   0   0   0   0   0   0   0  32   0  0.95 0.07
  422 S    1 -1  1 -1 -1  0 -1 -1 -1 -3 -3 -1 -2 -3 -1  5  1 -3 -2 -2    0   1   1   0   0   0   0   0   0   0   0   0   0   0   0  96   0   0   0   0  0.57 0.07
  423 G    0 -3 -1 -2 -3 -2 -3  6 -3 -4 -4 -2 -3 -4 -3 -1 -2 -3 -4 -4    0   0   0   0   0   0   0 100   0   0   0   0   0   0   0   0   0   0   0   0  1.21 0.06
  424 S    1 -1  0 -1 -1  0 -1 -1 -1 -3 -3 -1 -2 -3 -1  5  1 -3 -2 -2    0   0   0   0   0   0   0   0   0   0   0   0   0   0   0 100   0   0   0   0  0.62 0.07
  425 S    1 -1  0 -1 -1  0 -1 -1 -1 -3 -3 -1 -2 -3 -1  5  1 -3 -2 -2    0   0   0   0   0   0   0   0   0   0   2   0   0   0   0  98   0   0   0   0  0.59 0.07
  426 K   -1  2 -1 -1 -4  1  1 -2 -1 -3 -3  5 -2 -4 -1  0  0 -4 -2 -3    0   3   0   0   0   1   2   0   0   0   0  90   0   0   0   0   4   0   0   0  0.62 0.06
  427 K   -1  2 -1 -1 -4  1  0 -2 -1 -3 -3  6 -2 -4 -1 -1 -1 -4 -2 -3    0   2   0   0   0   0   0   0   0   0   0  98   0   0   0   0   0   0   0   0  0.71 0.07
  428 Q   -1  1  0 -1 -4  6  2 -2  1 -3 -3  1 -1 -4 -2 -1 -1 -3 -2 -3    0   4   0   0   0  90   2   0   1   0   0   3   0   0   0   0   0   0   0   0  0.81 0.07
  429 S    1 -1  1  0 -2 -1 -1  3 -1 -3 -3 -1 -2 -3 -1  4  1 -3 -2 -2    0   0   2   2   0   0   0  25   0   0   0   0   0   0   0  67   4   0   0   0  0.46 0.04
  430 L   -2 -3 -4 -4 -2 -3 -3 -4 -3  1  5 -3  2  0 -3 -3 -2 -2 -1  1    0   0   0   0   0   0   0   0   0   0  99   0   0   0   0   0   0   0   0   0  0.57 0.05
  431 Y   -2 -2 -3 -4 -3 -2 -3 -4  2 -2 -2 -2 -2  3 -4 -2 -2  2  8 -2    0   0   0   0   0   0   0   0   2   0   0   0   0   0   0   0   0   0  98   0  1.18 0.08
  432 R   -2  7 -1 -2 -4  1  0 -3 -1 -4 -3  2 -2 -3 -3 -1 -2 -3 -2 -3    0  98   0   0   0   2   0   0   0   0   0   0   0   0   0   0   0   0   0   0  0.95 0.07
  433 M   -2 -3 -4 -4 -2 -3 -4 -4 -3  5  1 -3  3  0 -3 -3 -1 -3 -2  2    0   0   0   0   0   0   0   0   0  81   0   0  19   0   0   0   0   0   0   0  0.48 0.06
  434 K   -1  2 -1 -1 -4  1  0 -2 -1 -3 -3  6 -2 -4 -1 -1 -1 -4 -2 -3    0   4   0   0   0   0   0   0   0   0   0  96   0   0   0   0   0   0   0   0  0.69 0.06
  435 Y   -2 -2 -3 -4 -3 -2 -3 -4  1 -2 -2 -2 -2  3 -4 -2 -2  2  8 -2    0   0   0   0   0   0   0   0   0   0   0   0   0   0   0   0   0   0  99   0  1.17 0.09
  436 I   -2 -4 -4 -4 -2 -3 -4 -4 -4  5  1 -3  1 -1 -3 -3 -1 -3 -2  3    0   0   0   0   0   0   0   0   0  98   0   0   0   0   0   0   0   0   0   2  0.58 0.06
  437 L   -2 -3 -4 -4 -2 -3 -3 -4 -3  1  5 -3  2  0 -3 -3 -2 -2 -1  1    0   0   0   0   0   0   0   0   0   0 100   0   0   0   0   0   0   0   0   0  0.59 0.05
  438 R   -2  7 -1 -2 -4  1 -1 -3 -1 -4 -3  2 -2 -3 -3 -1 -2 -3 -2 -3    0 100   0   0   0   0   0   0   0   0   0   0   0   0   0   0   0   0   0   0  0.98 0.07
  439 L   -2 -3 -4 -4 -2 -3 -3 -4 -3  1  4 -3  2  2 -3 -3 -2 -2 -1  1    0   0   0   0   0   0   0   0   0   0  93   0   0   7   0   0   0   0   0   0  0.54 0.05
  440 S    1 -1  0 -1 -1  0 -1 -1 -1 -3 -3 -1 -2 -3 -1  5  1 -3 -2 -2    0   0   0   0   0   0   0   0   0   0   0   0   0   0   0 100   0   0   0   0  0.62 0.07
  441 C   -1 -4 -3 -4 10 -4 -4 -3 -4 -2 -2 -4 -2 -3 -4 -1 -1 -3 -3 -1    0   0   0   0 100   0   0   0   0   0   0   0   0   0   0   0   0   0   0   0  1.68 0.10
  442 A    5 -2 -2 -2 -1 -1 -1  0 -2 -2 -2 -1 -1 -3 -1  1  0 -3 -2 -1   98   0   0   0   0   0   0   1   0   0   0   0   0   0   0   0   1   0   0   0  0.54 0.06
  443 R   -2  7 -1 -2 -4  1  0 -3 -1 -4 -3  2 -2 -3 -3 -1 -2 -3 -2 -3    0  99   0   0   0   0   0   0   0   0   0   1   0   0   0   0   0   0   0   0  0.97 0.07
  444 T    0 -2  0 -2 -1 -1 -1 -2 -2 -1 -2 -1 -1 -3 -2  1  6 -3 -2  0    0   0   0   0   0   0   0   0   0   0   0   0   0   0   0   0 100   0   0   0  0.68 0.07
  445 L   -2 -3 -4 -4 -2 -3 -3 -4 -3  1  5 -3  2  0 -3 -2 -1 -2 -1  1    0   0   0   0   0   0   0   0   0   0  98   0   0   0   0   2   0   0   0   0  0.55 0.05
  446 A    5 -2 -2 -2 -1 -1 -1  0 -2 -2 -2 -1 -1 -3 -1  1  0 -3 -2 -1   98   0   0   0   0   0   0   2   0   0   0   0   0   0   0   0   0   0   0   0  0.55 0.06
  447 R   -2  7 -1 -2 -1  1 -1 -3 -1 -4 -3  2 -2 -3 -3 -1 -2 -3 -2 -3    0  98   0   0   2   0   0   0   0   0   0   0   0   0   0   0   0   0   0   0  0.94 0.07
  448 K   -1  2 -1 -1 -4  1  0 -2 -1 -3 -3  6 -2 -4 -1 -1 -1 -4 -2 -3    0   0   0   0   0   0   0   0   0   0   0 100   0   0   0   0   0   0   0   0  0.72 0.07
  449 H   -2 -1  0 -2 -4  0 -1 -3  9 -4 -4 -1 -2 -2 -3 -1 -2 -3  1 -4    0   0   0   0   0   0   0   0 100   0   0   0   0   0   0   0   0   0   0   0  1.29 0.09
  450 K   -1  2 -1 -1 -4  1  0 -2 -1 -3 -3  6 -2 -4 -1 -1 -1 -4 -2 -3    0   0   0   0   0   0   0   0   0   0   0 100   0   0   0   0   0   0   0   0  0.72 0.07
  451 T    1 -1  1 -1 -1 -1 -1 -1 -1 -2 -3 -1 -2 -3 -1  4  3 -3 -2 -2    0   0   1   0   0   0   0   0   0   0   0   0   0   0   0  81  18   0   0   0  0.52 0.06
  452 T    0 -1  0 -2 -1 -1 -1 -2 -2 -1 -2 -1 -1 -3 -1  1  6 -3 -2  0    0   2   0   0   0   0   0   0   0   0   0   0   1   0   1   0  96   0   0   0  0.62 0.07
  453 V    0 -3 -3 -3 -1 -3 -3 -3 -4  2  0 -3  0 -1 -3 -2  0 -3 -2  5    4   0   0   1   0   0   0   0   0   2   0   0   0   0   0   0   0   0   0  94  0.45 0.06
  454 R   -2  7 -1 -2 -4  1 -1 -3 -1 -4 -3  2 -2 -3 -3 -1 -2 -3 -2 -3    0  98   0   0   0   0   0   0   0   0   0   0   0   0   0   0   0   0   0   0  0.94 0.07
  455 A    3 -2  0 -1 -1 -1 -1 -1 -2 -2 -2 -1 -1 -3 -1  1  3 -3 -2 -1   53   0   5   0   0   0   0   0   0   0   0   0   0   0   0   5  37   0   0   0  0.35 0.04
  456 F   -3 -3 -4 -4 -3 -4 -4 -4 -2  0  1 -4  0  7 -4 -3 -3  1  3 -1    0   0   0   0   0   0   0   0   0   0   7   0   0  93   0   0   0   0   0   0  0.92 0.07
  457 F   -2 -3 -4 -4 -2 -3 -3 -4 -3  1  4 -3  2  2 -3 -3 -2 -1  0  0    0   0   0   0   0   0   0   0   0   0  81   0   6  14   0   0   0   0   0   0  0.48 0.04
  458 Q   -1  4  0 -1 -4  6  1 -2  0 -3 -3  2 -1 -4 -1 -1 -1 -3 -2 -3    0  27   0   0   0  67   0   0   0   0   0   3   0   0   2   0   0   0   0   0  0.67 0.06
  459 R   -2  7 -1 -2 -4  1  0 -3 -1 -4 -3  2 -2 -3 -3 -1 -2 -3 -2 -3    0  97   0   0   0   0   0   0   0   0   0   3   0   0   0   0   0   0   0   0  0.95 0.07
  460 L   -2 -3 -4 -4 -2 -3 -3 -4 -3  1  5 -3  2  1 -3 -3 -2 -2 -1  1    0   0   0   0   0   0   0   0   0   0  98   0   0   2   0   0   0   0   0   0  0.58 0.05
  461 G    0 -3 -1 -1 -3 -2 -2  6 -2 -4 -4 -2 -3 -4 -3  0 -2 -3 -4 -4    0   0   0   2   0   0   0  94   0   0   0   0   0   0   0   4   0   0   0   0  1.10 0.06
  462 S    1 -1  0 -1 -1  0 -1 -1 -1 -3 -3 -1 -2 -3 -1  5  1 -3 -2 -2    0   0   0   0   0   0   0   0   0   0   0   0   0   0   0 100   0   0   0   0  0.62 0.07
  463 G    0 -1 -1  0 -3  0  2  5 -2 -3 -3 -1 -2 -3 -2  0 -1 -3 -3 -2    0   4   0   4   0   0  27  58   0   0   0   0   0   0   0   1   0   0   0   6  0.54 0.04
  464 F   -2 -3 -4 -4 -2 -3 -4 -4 -2  1  3 -3  1  5 -4 -3 -2  0  1  0    0   0   0   0   0   0   0   0   0   0  54   0   0  46   0   0   0   0   0   0  0.52 0.04
  465 L   -2 -3 -4 -4 -2 -3 -3 -4 -3  1  5 -3  2  0 -3 -3 -2 -2 -1  1    0   0   0   0   0   0   0   0   0   0  99   0   0   0   0   1   0   0   0   0  0.57 0.05
  466 E   -1 -1 -1  1 -4  2  6 -3 -1 -4 -3  0 -3 -4 -2 -1 -1 -3 -3 -3    0   0   0   1   0   0  99   0   0   0   0   0   0   0   0   0   0   0   0   0  0.91 0.07
  467 E   -1 -1 -1  1 -4  2  6 -3 -1 -4 -3  0 -3 -4 -2 -1 -1 -3 -3 -3    1   0   0   0   0   0  99   0   0   0   0   0   0   0   0   0   0   0   0   0  0.90 0.07
  468 F   -3 -3 -4 -4 -3 -4 -4 -4 -2 -1  0 -4  0  7 -4 -3 -3  1  3 -1    0   0   0   0   0   0   0   0   0   0   0   0   0 100   0   0   0   0   0   0  1.03 0.07
  469 F   -3 -3 -4 -4 -1 -4 -4 -4 -2  0  0 -4  0  7 -4 -3 -3  1  3 -1    0   0   0   0   1   0   0   0   0   0   3   0   0  95   0   0   0   0   0   0  0.95 0.07
  470 T    0 -2 -1 -2 -1 -1 -1 -2 -2 -1 -1 -1  1 -2 -2  1  6 -3 -2  0    1   0   0   0   0   0   0   0   0   0   0   0   5   0   0   0  93   0   0   1  0.59 0.07
  471 E   -1  0 -1  1 -4  2  6 -3 -1 -4 -3  1 -3 -4 -2 -1 -1 -3 -3 -3    0   0   0   0   0   0  97   0   0   0   0   3   0   0   0   0   0   0   0   0  0.89 0.07
  472 E   -1  0 -1  1 -4  2  6 -3 -1 -4 -3  1 -3 -4 -2 -1 -1 -3 -3 -3    0   0   0   2   0   0  94   0   0   0   0   4   0   0   0   0   0   0   0   0  0.86 0.07
  473 Q   -1  0 -1  1 -4  3  6 -3  0 -4 -3  1 -2 -4 -2 -1 -1 -3 -2 -3    0   0   0   0   0  11  87   0   0   0   2   0   0   0   0   0   0   0   0   0  0.79 0.06
  474 K   -1  1  0 -1 -4  5  2 -2  0 -3 -3  4 -1 -4 -2  0 -1 -3 -2 -3    0   0   0   0   0  57   5   0   0   0   0  38   0   0   0   0   0   0   0   0  0.62 0.05
  475 F    0 -3 -3 -4 -1 -3 -3 -4 -3  2  1 -3  0  1 -3 -2 -1 -3 -1  4    3   0   0   0   0   0   0   0   0   2   0   0   0  10   0   0   0   0   0  85  0.40 0.05
  476 L   -2 -3 -4 -4 -2 -3 -3 -4 -3  2  4 -3  2  1 -2 -3 -1 -2 -1  1    0   0   0   0   0   0   0   0   0   6  82   0   0   5   1   0   0   0   0   6  0.46 0.04
  477 S    1 -1  0 -1  2 -1 -1 -1 -1 -3 -3 -1 -2 -2 -1  5  1 -3 -1 -2    0   0   0   0   6   0   0   0   0   0   0   0   0   1   1  90   0   0   1   0  0.51 0.06
  478 L   -2 -3 -4 -4 -2 -3 -3 -4 -3  1  4 -3  2  1 -2 -2 -2 -2 -1  0    0   0   0   0   0   0   0   0   0   0  91   0   0   6   2   2   0   0   0   0  0.49 0.05
  479 V   -1 -3 -4 -4 -1 -3 -3 -4 -4  5  1 -3  1 -1 -3 -2 -1 -3 -2  3    1   0   0   0   0   0   0   0   0  74   0   0   1   0   0   0   1   0   0  22  0.46 0.05
  480 L   -2 -3 -4 -4 -2 -3 -4 -4 -2  0  3 -3  1  6 -4 -3 -2  0  2  0    0   0   0   0   0   0   0   0   0   0  42   0   0  58   0   0   0   0   0   0  0.58 0.05
  481 P   -1 -2 -2 -2 -3  1 -1 -3 -2 -3 -3 -1 -3 -4  8 -1 -2 -4 -3 -3    0   0   0   0   0   8   0   0   0   0   0   3   0   0  89   0   0   0   0   0  1.87 0.07
  482 R   -1  4  0 -1 -4  1  0  0 -1 -3 -3  4 -2 -3 -2 -1 -1 -3 -2 -3    0  29   1   0   0   3   2   8   0   0   0  56   0   0   0   0   0   0   0   0  0.50 0.04
  483 T    0 -1  0 -2 -1 -1 -2 -2 -2  2 -1 -1  0 -2  0  1  4 -3 -2  1    5   1   2   0   0   0   0   0   0  24   0   1   0   0   4   2  60   0   0   0  0.30 0.04
  484 S    0 -1  0 -1 -1 -1 -1 -1 -2 -1 -2 -1 -1 -2  2  3  3 -3 -1 -1    2   0   1   0   0   0   0   0   0   1   0   1   0   1  12  35  41   0   2   2  0.36 0.03
  485 L   -1 -2 -1 -2 -2 -1 -1 -2  0  0  0 -1  0  4 -2  1 -1  0  4 -1    2   1   1   1   0   1   1   2   1   5  11   1   1  30   1  18   1   0  20   2  0.20 0.02
  486 A    0 -2 -2 -2 -3 -2 -2 -2 -2 -2 -2 -1 -2  2  7  0 -1 -2 -1 -2   11   1   0   0   0   0   0   0   0   0   0   0   0  18  63   4   0   0   0   1  1.10 0.05
  487 S    0 -1 -1 -1 -1 -1 -1 -1 -1  0  1 -1  0  3 -1  1  0  0  1 -1    3   2   2   2   1   1   2   3   1   2  14   2   1  28   2  24   7   0   3   2  0.10 0.01
  488 G    0 -1  0 -1 -1  0  0  1  2 -1 -1 -1 -1 -1  2  0  1 -1  0 -1    4   2   2   2   1   2   3  16  12   6   4   3   1   2  11   7  17   1   3   3  0.12 0.00
  489 S   -1 -2 -2 -3 -2 -2 -2 -2 -3  1  4 -2  1  1 -3  1 -1 -2 -1  0    0   0   0   0   0   0   0   3   0   1  70   0   0   5   0  21   0   0   0   0  0.27 0.03
  490 D   -2 -1  0  2 -4  0  0 -2  8 -4 -3 -1 -2 -1 -3 -1 -2 -2  3 -3    0   1   0  14   0   0   0   0  73   0   0   0   0   0   0   3   0   0  10   0  0.83 0.07
  491 R   -1  3 -1 -1 -3  0  0  4  0 -4 -3  2 -2 -3 -2  0 -1 -3 -2 -3    0  24   0   0   0   0   5  45   3   0   0  22   0   0   0   1   0   0   0   0  0.47 0.03
  492 V    0 -2 -1 -1 -1 -1 -1 -1 -2  0  1 -1  0 -2 -2  3  1 -3 -2  1    0   0   0   0   0   0   0   0   0   0  26   0   0   0   0  61   0   0   0  12  0.23 0.04
  493 Y   -2 -1 -1 -2 -3 -1 -1 -3  7 -3 -2 -2 -2  1 -3 -1 -2  0  6 -3    0   1   0   0   0   0   0   0  52   0   0   0   0   0   0   2   0   0  43   0  0.82 0.07
  494 K   -1  6 -1 -2 -4  1  0  0 -1 -2 -2  3 -2 -3 -2 -1 -1 -3 -2 -2    0  70   0   0   0   0   0   8   0   4   0  16   0   0   0   1   0   0   0   0  0.59 0.05
  495 E   -1  0 -1  1 -4  2  6 -3 -1 -4 -3  1 -2 -4 -2  0 -1 -3 -3 -3    2   0   0   0   0   0  96   0   0   0   0   1   0   0   0   0   0   0   0   0  0.85 0.07
  496 R   -2  7 -1 -2 -4  1 -1 -3 -1 -4 -3  2 -2 -3 -3 -1 -2 -3 -2 -3    0  99   0   0   0   0   0   0   0   0   0   0   0   0   0   0   0   0   0   0  0.95 0.07
  497 I   -2 -4 -4 -4 -2 -3 -4 -4 -4  5  1 -3  1 -1 -3 -3 -1 -3 -2  3    0   0   0   0   0   0   0   0   0  98   0   0   0   0   0   0   0   0   0   2  0.58 0.06
  498 W   -3 -4 -5 -5 -3 -3 -4 -3 -3 -3 -2 -4 -2  0 -5 -4 -3 12  2 -4    0   0   0   0   0   0   0   0   0   0   0   0   0   0   0   0   0 100   0   0  2.81 0.12
  499 Y   -2 -2 -3 -4 -3 -2 -3 -4  1 -2 -2 -2 -1  3 -4 -2 -2  2  8 -2    0   0   0   0   0   0   0   0   0   0   0   0   0   3   0   2   0   0  93   0  1.08 0.08
  500 L   -2 -3 -4 -4 -2 -3 -3 -4 -3  1  4 -3  2  1 -3 -3 -2 -2 -1  1    0   0   0   0   0   0   0   0   0   0  93   0   0   6   0   0   0   0   0   0  0.53 0.05
  501 D   -2 -2  1  7 -4 -1  1 -2 -2 -4 -4 -1 -4 -4 -2 -1 -2 -5 -4 -4    0   0   0 100   0   0   0   0   0   0   0   0   0   0   0   0   0   0   0   0  1.15 0.07
  502 I   -2 -4 -4 -4 -2 -3 -4 -4 -4  5  1 -3  1 -1 -3 -3 -1 -3 -2  2    0   0   0   0   0   0   0   0   0  99   0   0   1   0   0   0   0   0   0   0  0.58 0.06
  503 I   -2 -4 -4 -4 -2 -3 -4 -4 -4  5  1 -3  1  0 -3 -3 -1 -3 -2  3    0   0   0   0   0   0   0   0   0  94   2   0   0   0   0   0   0   0   0   3  0.55 0.06
  504 R   -2  6 -1 -2 -4  1  0 -3  1 -4 -3  2 -2 -3 -3 -1 -2 -3 -2 -3    0  94   0   0   0   0   0   0   3   0   0   0   0   0   0   1   0   0   0   0  0.88 0.07
  505 I   -2 -3 -4 -4 -2 -3 -4 -4 -4  5  1 -3  2  0 -3 -3 -1 -3 -2  3    0   0   0   0   0   0   0   0   0  93   0   0   5   0   0   0   0   0   0   3  0.54 0.06
  506 N   -2 -1  7  1 -3  0 -1 -1  0 -4 -4 -1 -3 -4 -3  0  0 -4 -3 -3    0   0  95   2   0   0   0   0   0   0   0   0   0   0   0   2   0   0   0   0  0.91 0.07
  507 D   -2 -2  2  7 -4 -1  1 -2 -1 -4 -4 -1 -4 -4 -2 -1 -1 -5 -4 -4    2   0   4  92   0   0   1   0   0   0   0   0   0   0   0   0   0   0   0   0  1.01 0.06
  508 L   -2 -3 -4 -4 -2 -3 -3 -4 -3  1  5 -3  2  0 -3 -3 -2 -2 -1  1    0   0   0   0   0   0   0   0   0   0  96   0   2   0   0   0   0   0   0   1  0.55 0.05
  509 V    1 -3 -3 -4 -1 -2 -3 -3 -3  2  1 -3  1 -1 -3 -2  0 -3 -2  5    9   0   0   0   0   0   0   0   0   0   2   0   1   0   0   0   0   0   0  88  0.41 0.05
  510 N   -2 -1  7  1 -3  0 -1 -1  0 -4 -4 -1 -3 -4 -3  0  0 -4 -3 -4    0   0  99   0   0   0   0   1   0   0   0   0   0   0   0   0   0   0   0   0  0.95 0.07
  511 Y   -2  0  1 -2 -3  0 -1 -3  8 -3 -2 -1 -2  0 -3 -1 -2 -1  4 -3    0   2   5   0   0   0   1   0  67   0   2   0   0   0   0   2   0   0  21   0  0.77 0.06
  512 S    1 -1  0 -1 -1  0  0 -1 -1 -3 -3  0 -2 -3 -1  5  1 -3 -2 -2    0   0   0   0   0   0   0   0   0   0   0   0   0   0   0 100   0   0   0   0  0.55 0.04
  513 R   -1  4  0  0 -4  2  4 -2  0 -3 -3  2 -2 -3 -2  0 -1 -3 -2 -3    0  50   0   0   0   0  50   0   0   0   0   0   0   0   0   0   0   0   0   0  0.55 0.00
  514 L   -2 -2 -4 -4 -1 -2 -3 -4 -3  2  4 -3  2  0 -3 -3 -1 -2 -1  1    0   0   0   0   0   0   0   0   0   0 100   0   0   0   0   0   0   0   0   0  0.45 0.00
  515 A    4 -2 -2 -2  0 -1 -1  0 -2 -1 -2 -1 -1 -2 -1  1  0 -3 -2  0  100   0   0   0   0   0   0   0   0   0   0   0   0   0   0   0   0   0   0   0  0.40 0.00
  516 M   -1 -1 -2 -3 -2  0 -2 -3 -2  1  2 -1  6  0 -3 -2 -1 -2 -1  1    0   0   0   0   0   0   0   0   0   0   0   0 100   0   0   0   0   0   0   0  0.33 0.00
  517 E   -1  1  0  1 -4  2  4 -2  0 -3 -3  4 -2 -3 -1  0 -1 -3 -2 -3    0   0   0   0   0   0  50   0   0   0   0  50   0   0   0   0   0   0   0   0  0.50 0.00
  518 L   -2 -3 -3 -4 -2 -3 -3 -4 -2  1  3 -3  1  5 -4 -3 -2  0  2  0    0   0   0   0   0   0   0   0   0   0  50   0   0  50   0   0   0   0   0   0  0.43 0.00
  519 C    0 -3 -3 -3  9 -3 -4 -3 -3 -1 -1 -3 -1 -2 -3 -1 -1 -2 -2 -1    0   0   0   0   0   0   0   0   0   0   0   0   0   0   0   0   0   0   0   0  0.00     0.00
  520 T    0 -1  0 -1 -1 -1 -1 -2 -2 -1 -1 -1 -1 -2 -1  1  5 -2 -2  0    0   0   0   0   0   0   0   0   0   0   0   0   0   0   0   0   0   0   0   0  0.00     0.00
  521 G    0 -2  0 -1 -3 -2 -2  6 -2 -4 -4 -2 -3 -3 -2  0 -2 -3 -3 -3    0   0   0   0   0   0   0   0   0   0   0   0   0   0   0   0   0   0   0   0  0.00     0.00
  522 N   -2  0  6  1 -3  0  0  0  1 -3 -3  0 -2 -3 -2  1  0 -4 -2 -3    0   0   0   0   0   0   0   0   0   0   0   0   0   0   0   0   0   0   0   0  0.00     0.00
  523 I   -1 -3 -3 -3 -1 -3 -3 -4 -3  4  2 -3  1  0 -3 -2 -1 -3 -1  3    0   0   0   0   0   0   0   0   0   0   0   0   0   0   0   0   0   0   0   0  0.00     0.00
  524 T    0 -1  0 -1 -1 -1 -1 -2 -2 -1 -1 -1 -1 -2 -1  1  5 -2 -2  0    0   0   0   0   0   0   0   0   0   0   0   0   0   0   0   0   0   0   0   0  0.00     0.00
  525 K   -1  2  0 -1 -3  1  1 -2 -1 -3 -2  5 -1 -3 -1  0 -1 -3 -2 -2    0   0   0   0   0   0   0   0   0   0   0   0   0   0   0   0   0   0   0   0  0.00     0.00
  526 R   -1  6  0 -2 -3  1  0 -2  0 -3 -2  2 -1 -3 -2 -1 -1 -3 -2 -3    0   0   0   0   0   0   0   0   0   0   0   0   0   0   0   0   0   0   0   0  0.00     0.00
  527 I   -1 -3 -3 -3 -1 -3 -3 -4 -3  4  2 -3  1  0 -3 -2 -1 -3 -1  3    0   0   0   0   0   0   0   0   0   0   0   0   0   0   0   0   0   0   0   0  0.00     0.00
  528 E   -1  0  0  2 -4  2  5 -2  0 -3 -3  1 -2 -3 -1  0 -1 -3 -2 -2    0   0   0   0   0   0   0   0   0   0   0   0   0   0   0   0   0   0   0   0  0.00     0.00
  529 K   -1  2  0 -1 -3  1  1 -2 -1 -3 -2  5 -1 -3 -1  0 -1 -3 -2 -2    0   0   0   0   0   0   0   0   0   0   0   0   0   0   0   0   0   0   0   0  0.00     0.00
  530 R   -1  6  0 -2 -3  1  0 -2  0 -3 -2  2 -1 -3 -2 -1 -1 -3 -2 -3    0   0   0   0   0   0   0   0   0   0   0   0   0   0   0   0   0   0   0   0  0.00     0.00
  531 S    1 -1  1  0 -1  0  0  0 -1 -2 -2  0 -1 -2 -1  4  1 -3 -2 -2    0   0   0   0   0   0   0   0   0   0   0   0   0   0   0   0   0   0   0   0  0.00     0.00
  532 K   -1  2  0 -1 -3  1  1 -2 -1 -3 -2  5 -1 -3 -1  0 -1 -3 -2 -2    0   0   0   0   0   0   0   0   0   0   0   0   0   0   0   0   0   0   0   0  0.00     0.00
  533 I   -1 -3 -3 -3 -1 -3 -3 -4 -3  4  2 -3  1  0 -3 -2 -1 -3 -1  3    0   0   0   0   0   0   0   0   0   0   0   0   0   0   0   0   0   0   0   0  0.00     0.00
  534 A    4 -1 -2 -2  0 -1 -1  0 -2 -1 -1 -1 -1 -2 -1  1  0 -3 -2  0    0   0   0   0   0   0   0   0   0   0   0   0   0   0   0   0   0   0   0   0  0.00     0.00
  535 F   -2 -3 -3 -4 -2 -3 -3 -3 -1  0  0 -3  0  6 -4 -2 -2  1  3 -1    0   0   0   0   0   0   0   0   0   0   0   0   0   0   0   0   0   0   0   0  0.00     0.00
  536 L   -1 -2 -3 -4 -1 -2 -3 -4 -3  2  4 -2  2  0 -3 -2 -1 -2 -1  1    0   0   0   0   0   0   0   0   0   0   0   0   0   0   0   0   0   0   0   0  0.00     0.00
  537 F   -2 -3 -3 -4 -2 -3 -3 -3 -1  0  0 -3  0  6 -4 -2 -2  1  3 -1    0   0   0   0   0   0   0   0   0   0   0   0   0   0   0   0   0   0   0   0  0.00     0.00
  538 S    1 -1  1  0 -1  0  0  0 -1 -2 -2  0 -1 -2 -1  4  1 -3 -2 -2    0   0   0   0   0   0   0   0   0   0   0   0   0   0   0   0   0   0   0   0  0.00     0.00
  539 T    0 -1  0 -1 -1 -1 -1 -2 -2 -1 -1 -1 -1 -2 -1  1  5 -2 -2  0    0   0   0   0   0   0   0   0   0   0   0   0   0   0   0   0   0   0   0   0  0.00     0.00
  540 D   -2 -2  1  6 -3  0  2 -1 -1 -3 -4 -1 -3 -4 -1  0 -1 -4 -3 -3    0   0   0   0   0   0   0   0   0   0   0   0   0   0   0   0   0   0   0   0  0.00     0.00
  541 M   -1 -1 -2 -3 -1  0 -2 -3 -2  1  2 -1  5  0 -2 -1 -1 -1 -1  1    0   0   0   0   0   0   0   0   0   0   0   0   0   0   0   0   0   0   0   0  0.00     0.00
  542 L   -1 -2 -3 -4 -1 -2 -3 -4 -3  2  4 -2  2  0 -3 -2 -1 -2 -1  1    0   0   0   0   0   0   0   0   0   0   0   0   0   0   0   0   0   0   0   0  0.00     0.00
  543 K   -1  2  0 -1 -3  1  1 -2 -1 -3 -2  5 -1 -3 -1  0 -1 -3 -2 -2    0   0   0   0   0   0   0   0   0   0   0   0   0   0   0   0   0   0   0   0  0.00     0.00
  544 C    0 -3 -3 -3  9 -3 -4 -3 -3 -1 -1 -3 -1 -2 -3 -1 -1 -2 -2 -1    0   0   0   0   0   0   0   0   0   0   0   0   0   0   0   0   0   0   0   0  0.00     0.00
  545 S    1 -1  1  0 -1  0  0  0 -1 -2 -2  0 -1 -2 -1  4  1 -3 -2 -2    0   0   0   0   0   0   0   0   0   0   0   0   0   0   0   0   0   0   0   0  0.00     0.00
  546 C    0 -3 -3 -3  9 -3 -4 -3 -3 -1 -1 -3 -1 -2 -3 -1 -1 -2 -2 -1    0   0   0   0   0   0   0   0   0   0   0   0   0   0   0   0   0   0   0   0  0.00     0.00
  547 S    1 -1  1  0 -1  0  0  0 -1 -2 -2  0 -1 -2 -1  4  1 -3 -2 -2    0   0   0   0   0   0   0   0   0   0   0   0   0   0   0   0   0   0   0   0  0.00     0.00
  548 G    0 -2  0 -1 -3 -2 -2  6 -2 -4 -4 -2 -3 -3 -2  0 -2 -3 -3 -3    0   0   0   0   0   0   0   0   0   0   0   0   0   0   0   0   0   0   0   0  0.00     0.00
  549 S    1 -1  1  0 -1  0  0  0 -1 -2 -2  0 -1 -2 -1  4  1 -3 -2 -2    0   0   0   0   0   0   0   0   0   0   0   0   0   0   0   0   0   0   0   0  0.00     0.00

                      K         Lambda
Standard Ungapped    0.1395     0.3260
Standard Gapped      0.0496     0.2670
PSI Ungapped         0.1622     0.3191
PSI Gapped           0.0496     0.2670
