
Last position-specific scoring matrix computed, weighted observed percentages rounded down, information per position, and relative weight of gapless real matches to pseudocounts
           A  R  N  D  C  Q  E  G  H  I  L  K  M  F  P  S  T  W  Y  V   A   R   N   D   C   Q   E   G   H   I   L   K   M   F   P   S   T   W   Y   V
    1 M   -2 -3 -4 -4 -2 -2 -3 -4 -3  3  4 -3  4  0 -3 -3 -1 -2 -2  2    0   0   0   0   0   0   0   0   0  15  51   0  18   0   0   0   0   0   0  16  0.46 0.07
    2 I   -1 -3 -3 -3 -2 -2 -3 -3 -3  3  2 -2  1  0  1 -1  2 -3  0  1    3   0   0   0   0   0   0   0   0  27  25   0   2   3   9   0  20   0   3   9  0.26 0.07
    3 E    1 -1 -1 -1 -3  1  3  2 -1 -2 -3 -1 -1 -2 -2  2 -1 -3  0 -1   11   0   0   0   0   4  32  17   0   2   0   0   2   0   0  21   0   0   5   5  0.28 0.09
    4 L   -2 -3 -5 -5 -2 -3 -4 -5 -4  2  5 -4  1  2 -4 -3 -2 -3 -2  1    0   0   0   0   0   0   0   0   0   9  75   0   0   7   0   0   1   0   0   8  0.71 0.16
    5 D    0 -3 -2  2 -2 -2 -1 -1 -3  3  1 -2  0  0 -3  0  0 -3 -2  2    6   0   0  15   0   0   4   3   0  30   9   0   2   4   0  11   3   0   0  14  0.15 0.08
    6 L   -1 -3 -3 -4  0 -3 -3 -3 -3  2  3 -3  1  3 -3 -1  0  0 -1  2    2   0   0   0   2   0   0   1   0  15  37   0   3  14   0   8   5   1   0  12  0.30 0.10
    7 C    3 -3 -2 -3  3 -2 -2 -1 -3  0  2 -2 -1 -2 -3  0  2 -3 -1 -1   39   0   0   0   7   0   0   4   0   3  24   0   0   0   0   6  14   0   2   1  0.30 0.14
    8 F   -1 -3 -4 -4 -2 -3 -4 -4 -4  4  2 -3  1  2 -4 -3  1  0 -1  2    2   0   0   0   0   0   0   0   0  33  22   0   3  10   0   0   9   1   0  17  0.42 0.14
    9 G    1 -3 -1 -2  0 -2 -2  4 -3 -1 -1 -2 -2  0 -2  2  0 -3 -3 -1   14   0   2   0   2   1   0  40   0   4   7   0   0   4   1  18   5   0   0   2  0.39 0.13
   10 L    1 -3 -4 -4 -1 -3 -3  0 -4  2  3 -3  1  0 -3 -2 -1 -3 -2  1   13   0   0   0   1   0   0   9   0  14  46   0   1   2   0   1   3   0   0  10  0.34 0.13
   11 L   -1 -3 -4 -4  1 -3 -4 -3 -4  3  4 -3  2  1 -4 -3 -1 -3 -1  2    6   0   0   0   3   0   0   1   0  16  48   0   3   6   0   0   2   0   1  14  0.46 0.14
   12 L    0 -3 -3 -4 -1 -2 -3 -1 -3  3  3 -3  3  0 -3 -2 -1 -3 -2  2   10   0   1   0   1   1   0   6   0  23  30   0  11   3   0   2   2   0   0  10  0.31 0.13
   13 L    0 -3 -1 -3  0 -3 -3 -2 -2  3  2 -3  0 -1 -3 -1  0 -3 -2  2    9   0   4   1   2   0   0   2   1  27  28   0   0   1   0   5   6   0   0  15  0.27 0.12
   14 I    1 -3 -1 -2 -2 -2 -3 -2 -3  3  1 -2  1 -1 -3  1  0 -3 -1  2   15   0   3   1   0   1   0   1   0  31   9   0   3   2   0  16   6   0   1  11  0.22 0.12
   15 L    1 -3 -2 -2 -2 -3 -3 -1 -3  1  1 -3  1  4  1 -1  0  0  0  2   12   0   1   2   0   0   0   6   0  10   9   0   3  25   6   2   4   1   0  18  0.21 0.11
   16 F    0 -3 -2 -3 -2 -2 -2 -2 -2  1  1 -3  0  4  0  0  0 -1  3  1    9   0   1   1   0   0   1   2   0   7  15   0   1  24   4  10   5   0  10  10  0.20 0.10
   17 G    0 -3 -1 -3 -2 -2 -2  5 -1 -1  1 -1 -1 -1 -3 -1 -1  0 -2 -2    9   0   2   0   1   0   2  49   1   4  15   3   0   3   0   3   4   1   1   2  0.45 0.16
   18 L   -1 -2  2 -2 -2 -2 -2  1 -2  1  2 -2  0  0 -2 -1  0  0  0  1    3   1  16   0   0   1   2  12   0   4  24   0   0   5   1   4   6   1   3  16  0.11 0.09
   19 L    0 -2 -2 -3 -3 -2 -3 -1 -2  1  2 -3  3  5 -4 -2 -2  0  2  0    8   1   1   1   0   1   0   4   0   6  22   1  10  31   0   2   1   1   6   4  0.36 0.15
   20 S   -1 -1  1  0 -2  3  0 -1 -1 -1 -1 -1 -1  2 -2  2  0 -1 -1 -1    1   1   8   6   0  25   2   4   1   3   5   1   1  11   1  19   5   1   0   5  0.17 0.12
   21 L   -1 -2 -2 -2 -1 -1 -2 -2 -3  1  2 -2  1  1 -1 -1  2  3 -1  0    5   2   1   2   1   4   1   2   0  10  32   1   1   6   3   2  17   5   1   5  0.16 0.10
   22 R   -1  2  3  2 -3  0  0 -1 -1 -2 -2  0 -2  2  1  0  0  1 -1 -1    3  13  17  15   0   5   2   5   0   0   4   2   0  12   7   5   5   2   0   3  0.16 0.09
   23 N    0 -2  5  2  1  0  0  0 -1 -2 -3 -1 -2 -2 -2  1  1 -2  1 -2    7   1  34  10   3   2   3   6   1   2   0   1   0   0   1   9   9   0   7   1  0.34 0.15
   24 G    0 -2  2 -1 -3  0  0  3  0 -2 -2  0 -2  3 -1  0  0  1 -1 -2    6   0  15   2   0   3   5  27   2   1   1   4   0  18   2   5   4   2   0   3  0.24 0.12
   25 H    0  0  4  0 -3 -1 -1 -1  2 -2 -1 -1 -2  2  0  0  0 -3  0 -2    7   4  31   4   0   2   1   4   7   0   5   3   0  15   3   5   6   0   2   1  0.24 0.13
   26 V    0 -2 -1 -2 -2 -1  0  0 -2  1  1 -1  0  2  0 -1  0 -2  0  1    8   1   3   1   0   2  10   8   0  10  21   4   0  12   3   2   5   0   1   9  0.05 0.05
   27 S    0  1 -1 -2 -2 -1 -2 -2 -1  3  0 -1  0  0 -2  0  1 -3 -2  2    5  10   3   2   0   1   1   1   2  30   7   2   1   3   1   8  10   0   0  11  0.13 0.09
   28 L    0 -1 -2 -2 -2 -2 -3 -1 -3  2  1 -2  0  4 -3  0  0 -2  0  0    8   4   1   2   0   0   0   3   0  15  16   1   1  28   0  11   7   0   0   3  0.21 0.12
   29 A    0  0  1  3 -3  1 -1  0 -2 -2 -2 -1 -1  3 -2  0  0 -2  0 -2   12   7   6  22   0   9   0   5   0   0   1   2   2  19   1   3   6   0   3   2  0.19 0.11
   30 H   -1 -1  2  1 -3 -1 -1  1  2 -1 -1  0  0  2 -1  1 -1 -2  0 -1    4   0  15   8   0   1   1  10   6   3   5   8   2  17   2  11   2   0   1   4  0.11 0.08
   31 I   -1 -3 -2 -2 -3 -3 -3  2 -3  1  2 -3  0  4 -4 -2 -1  3  0  1    1   0   1   2   0   0   0  19   0   9  21   0   1  23   0   1   3   4   1  13  0.27 0.12
   32 R    1  0 -2 -2 -2 -1 -2  0 -2  2  0 -1  0 -1 -2  1  2 -3  1  1   12   7   0   2   0   1   1   8   0  18   6   0   3   0   1  14  14   0   7   7  0.10 0.08
   33 F   -2 -1 -3 -1 -3 -2 -3 -3 -2  2  2 -3  0  5 -4 -2 -2 -1  4 -1    2   4   0   5   0   2   0   1   0  12  18   0   1  33   0   2   1   0  17   2  0.47 0.17
   34 I   -2 -2 -2 -4 -3 -1 -3 -4 -2  3  3 -3  0  3 -3 -2 -2 -2  1  1    2   2   1   0   0   3   0   0   1  25  30   1   0  18   1   1   1   0   4   9  0.36 0.14
   35 C    0 -3 -2 -1  6 -2 -3 -1 -3  0  1 -2  2  0 -3  1  0 -3 -2  0    8   0   1   4  26   1   0   4   0   6  12   1   8   5   0  12   5   0   0   7  0.32 0.13
   36 Q    0  1  0  3 -3  2  0 -1 -2 -4 -3  2 -3 -4 -2  3  0 -4 -3 -3    8   5   1  21   0  14   0   2   0   0   1  14   0   0   0  32   2   0   0   0  0.43 0.18
   37 C    1 -1 -1  1  2 -2 -1  0 -2  2  1 -2  0  0 -1  0 -1 -2 -1  0   16   3   1  10   6   1   2   8   0  23  11   1   1   3   3   6   2   0   1   4  0.06 0.06
   38 W    0 -3 -3 -3 -2 -3 -3 -2 -2  1  1 -3  0  5 -3 -2 -2  4  2  0    8   1   1   1   1   1   1   4   0   8  17   1   1  36   1   3   2   7   4   7  0.39 0.13
   39 L    2 -2 -1 -2  0 -1 -2 -1 -2  1  1 -1  2  0  0  0  0 -2 -1  0   21   1   2   2   2   1   1   3   0   8  20   3   7   5   5   9   3   0   0   6  0.08 0.06
   40 V   -1  2 -2 -2 -2 -1 -2 -3 -2  2  1  2  0  0 -3 -1  1 -3 -2  1    1  13   0   1   0   0   0   1   0  13  18  20   1   3   0   1  11   0   0  15  0.18 0.11
   41 M   -1 -3 -4 -4  0 -3 -4 -2 -3  2  3 -3  3  3 -3 -2 -1 -2  0  1    3   0   0   0   2   0   0   3   0  12  38   0  10  15   1   2   3   0   1  11  0.37 0.14
   42 I   -1 -2 -3 -3  5 -2 -3 -2 -3  3  1 -2  3  1 -3  0 -1 -3 -2  1    4   1   0   0  16   0   0   3   0  21  13   2  11   6   0  11   2   0   0   7  0.25 0.12
   43 T   -1 -1 -2 -3 -2 -1 -2 -3 -3  3  0  2  1 -2 -2  0  3 -3 -2  1    4   2   0   0   0   2   0   1   0  29   5  15   3   0   1   6  23   0   1   8  0.24 0.14
   44 P    1 -3 -3 -3 -2 -2 -2  0 -2  1  1 -2  0  0  4 -1 -1 -2  1  0   19   0   0   0   0   0   0   7   0   8  20   1   1   5  21   3   2   0   5   6  0.28 0.10
   45 L   -1 -3 -3 -3 -1 -1 -2  0 -3  2  3 -3  0  2 -3 -1 -2 -2  0  0    3   0   0   1   1   3   1   9   0  12  47   0   0   8   0   6   0   0   4   4  0.28 0.13
   46 E    1 -2 -1 -1 -1 -1  0  1 -2  0 -2 -1 -1 -2 -1  3  2 -3 -1  0   12   0   0   1   1   1   6  12   0   6   3   0   0   1   2  32  15   0   3   5  0.21 0.11
   47 V    1 -3 -3 -3 -2 -2 -2 -3 -3  3  1 -2  0 -1 -2  0  0 -3 -2  3   17   0   0   0   0   0   1   1   0  22  16   1   1   1   0   9   4   0   0  25  0.26 0.11
   48 Q    1 -1 -1 -1 -2  1  1 -1 -2  1  1 -1  0 -1 -1  1  0 -2 -2  0   17   1   1   3   0   6  13   4   0  15  13   3   0   2   1  11   3   0   1   7  0.07 0.05
   49 D    1 -1 -1  1 -1 -1 -1  2 -1  0 -1 -1  0  1 -2  0  0 -1  2  0   12   2   2  10   1   1   1  16   0   6   4   1   2   5   1   9   3   0  12  10  0.07 0.05
   50 F    1 -2 -1 -2 -1 -1 -1 -1 -2  2  0 -1  0  0 -2  1  1 -2  0  1   14   1   1   1   1   1   1   4   0  16   9   1   3   5   1  15  11   0   5   9  0.08 0.05
   51 A    1 -1 -2 -2 -2  0  0 -1 -2  2  2 -1  1  0 -1 -1 -1 -2 -1  1   14   1   1   1   0   4   8   3   1  15  30   2   2   2   2   4   3   0   1   5  0.09 0.06
   52 L    0 -2 -3 -3  4 -2 -2 -3 -3  2  2 -2  2  0 -3 -1 -1 -2 -1  2    5   1   1   1  12   1   1   1   0  10  28   1   7   4   1   3   2   0   1  20  0.26 0.09
   53 C    0 -3 -3 -3  3 -2 -3 -2 -3  1  1 -2  6 -1 -3  0  2  0  1  0    8   0   0   0   8   0   0   3   0   6   9   0  32   1   0   4  17   1   5   3  0.36 0.17
   54 I    0 -2 -1 -2  3 -1  1 -2 -2  1  1  0  0 -2 -1  3  0 -3 -2  0    3   0   0   0   7   0  10   1   0  12  13   5   2   0   2  36   4   0   0   3  0.19 0.12
   55 L   -1  0 -2 -3 -2 -1 -1 -3 -1  2  2 -1  3  1 -2 -1 -1 -1 -1  2    3   5   2   1   0   3   3   1   1  14  26   2  13   6   1   2   2   1   1  14  0.16 0.08
   56 T    1  1  0  3 -2  0  0  0 -2 -1 -1 -1  0 -2 -1  0  1 -3 -2 -2   15   9   3  22   0   2   4   8   0   3   7   1   4   1   2   5  14   0   0   0  0.16 0.08
   57 V   -2 -3 -3 -3 -3 -3 -3 -3  1  1 -2 -3 -1  3 -2  1 -2  1  7  0    2   0   0   1   0   0   1   0   2  12   1   0   0  11   1  16   1   1  45   5  0.67 0.22
   58 V    0 -3 -2 -3 -1 -3 -3 -3 -3  3  2 -3  3  2 -3 -1  1 -2 -1  2    6   0   1   0   1   0   0   1   0  20  19   0   9  11   0   2  13   0   1  15  0.25 0.11
   59 L    0  1  0  0 -1  1  2 -1 -1 -1 -1  2 -1 -2 -2  0 -1 -1 -1 -1    6   6   2   3   2   6  19   4   1   3   8  23   1   1   1   6   2   1   2   4  0.14 0.06
   60 L    0  3  0 -1  0  2  1 -2  0 -1 -1  1  0 -1 -2  0  0 -2  0 -1    8  20   2   3   2  16   6   1   1   2   7   7   3   2   1   7   6   0   3   3  0.14 0.06
   61 Q    0  2  0  0 -3  2  3 -1  0 -2 -2  0 -1 -2 -1  0  0 -3 -2 -2    6  15   4   1   0  14  28   4   1   2   3   2   1   2   1   8   6   0   0   1  0.27 0.10
   62 S    0  2  1  0 -2  1  0  3 -1 -3 -3  2 -2 -3 -1  1 -1 -3 -2 -3    3  12   6   4   1   5   2  26   1   1   1  18   1   0   2  15   1   0   0   1  0.29 0.09
   63 F   -1 -2 -2 -2 -2 -2 -2 -2 -2  2  2 -2  3  3 -3 -1  1 -1  0  0    3   2   1   1   0   1   1   3   0  15  23   1  10  20   1   3   9   0   1   4  0.19 0.08
   64 H    0  0  2  2 -2  0  0 -1  1 -1  0 -1  0 -1 -1  0  0 -2 -1 -1   12   6  13  16   0   2   3   4   5   2  13   2   3   2   3   8   3   0   2   2  0.09 0.05
   65 S    0  3  0 -1 -1  0 -1 -2 -1  0  0  2  0 -1 -2  1  0 -3 -2 -1   10  22   5   1   1   2   1   2   1   8  14  14   1   2   1  11   2   0   0   2  0.12 0.07
   66 F   -1 -3 -3 -3 -3 -3 -3  0 -2 -1 -1 -3 -1  7 -1 -2 -1 -1  1 -2    7   1   1   1   0   1   1   9   0   2   1   1   1  64   4   2   4   0   0   1  0.80 0.21
   67 E   -3 -2 -2  1 -6  0  7 -4 -2 -5 -5 -1 -4 -5 -3 -2 -3 -5 -4 -5    0   0   0   3   0   0  95   0   0   0   0   0   0   0   0   1   0   0   0   0  1.63 0.38
   68 A   -1 -4 -4 -5 -2 -4 -4 -4 -2 -2 -2 -4 -2  7 -5  0 -2  0  6 -3    6   0   0   0   1   0   0   1   0   0   1   0   0  51   0   8   3   0  31   0  1.09 0.27
   69 L   -1 -3 -4 -4 -3 -3 -3 -4 -3  2  2 -3  1  0  6 -1 -2 -3 -1 -1    4   0   0   0   0   0   0   0   0  17  21   0   4   5  41   3   0   0   2   1  0.77 0.19
   70 L   -1 -4 -4 -4  0 -3 -4 -3 -4  4  2 -3  0 -1 -4 -2 -1 -4 -2  4    4   0   0   0   2   0   0   2   0  25  22   0   0   0   0   3   1   0   0  41  0.50 0.17
   71 F   -3 -4 -5 -5 -3 -4 -5 -5 -4  2  5 -4  0  4 -5 -4 -3 -2 -1  0    0   0   0   0   0   0   0   0   0  10  68   0   0  21   0   0   0   0   0   1  0.87 0.24
   72 L   -1 -4 -4 -5 -2 -3 -4 -5 -4  5  2 -4  2 -1 -4 -3 -1 -4 -2  4    3   0   0   0   0   0   0   0   0  40  22   0   5   0   0   0   1   0   0  29  0.64 0.19
   73 L   -1 -4 -5 -5 -1 -3 -4 -5 -4  1  5 -4  1 -1 -3 -3 -2 -3 -2  1    6   0   0   0   1   0   0   0   0   2  76   0   2   1   1   1   1   0   0   9  0.74 0.22
   74 L   -2 -3 -3 -4 -1 -3 -3 -3 -3  1  4 -3  1  3 -3 -1  3 -2 -1  0    0   0   0   0   1   0   0   1   0   8  45   0   2  17   1   2  23   0   0   0  0.46 0.18
   75 A    5 -3 -2 -3  0 -2 -2  0 -3 -2 -3 -2 -2 -4  0  3 -1 -4 -3  0   63   0   0   0   2   0   0   4   0   0   0   0   0   0   3  22   0   0   0   7  0.67 0.24
   76 Y    1 -3 -2 -3 -2 -2 -3 -3 -3 -1 -2 -2 -1 -1 -3  0  6 -3  1  1   10   0   0   0   0   0   0   0   0   2   1   0   0   3   0   3  64   0   5  12  0.69 0.25
   77 I   -1 -2 -4 -4  2 -3 -4 -4 -4  2  4 -3  1 -1 -4 -2 -1 -3 -2  3    3   2   0   0   4   0   0   1   0   8  57   0   0   0   0   1   2   0   0  21  0.53 0.17
   78 G   -1 -4 -2 -3 -4 -3 -4  7 -4 -6 -5 -3 -4 -5 -4  1 -3 -4 -5 -5    0   0   0   0   0   0   0  86   0   0   0   0   0   0   0  14   0   0   0   0  1.53 0.32
   79 Q   -1 -3 -1 -4 -3  0 -3  3 -3  0 -1 -3  8 -3 -4  0 -2 -4 -3 -2    2   1   3   0   0   5   0  23   0   4   0   0  54   0   0   8   0   0   0   0  0.83 0.29
   80 L   -3 -4 -4 -5 -2 -3 -4 -4 -4  1  3 -4  8 -1 -3 -3 -2 -3 -3  0    0   0   0   0   0   0   0   1   0   5  32   0  56   1   1   1   0   0   0   1  1.09 0.31
   81 Y   -2 -4 -4 -5 -1 -4 -4 -5 -3  1  2 -4  3  5 -4 -3 -2 -1  2  2    1   0   0   0   1   0   0   0   0   5  25   0  10  38   0   0   0   0   5  16  0.65 0.19
   82 M   -3 -4 -5 -5 -2 -3 -4 -5 -4  0  4 -4  8 -2 -5 -4 -2 -3 -3 -1    0   0   0   0   1   0   0   0   0   2  43   0  53   0   0   0   1   0   0   0  1.20 0.32
   83 M   -1 -4 -4 -4  5 -3 -4 -4 -4  4  1 -3  1 -2 -4  0 -1 -4 -2  3    2   0   0   0  17   0   0   0   0  33   6   0   3   0   0   7   1   0   1  30  0.56 0.18
   84 H    0 -3 -1 -2 -2 -2 -2  3  3 -4 -4 -2 -3 -4 -2  5 -1 -4 -3 -4    1   0   0   0   0   0   0  24   7   0   1   0   0   0   1  65   0   0   0   0  0.85 0.28
   85 S    6 -3 -3 -3 -2 -2 -2 -2 -3 -3 -3 -2 -3 -4 -2  3 -1 -4 -4 -2   75   0   0   0   0   0   0   0   0   0   0   0   0   0   0  25   0   0   0   0  0.97 0.29
   86 C   -1 -2  5  0  1 -1 -2  2  1  0 -3 -2 -2 -2 -3  1  0 -3  2 -2    3   0  39   2   4   1   0  15   3   9   0   0   0   1   0   8   4   0   9   2  0.39 0.16
   87 N   -3 -3  4  6 -5 -1  1 -2  2 -5 -5 -2 -4 -5 -3 -1 -2 -6 -4 -5    0   0  23  62   0   0   8   1   5   0   0   0   0   0   0   1   0   0   0   0  1.20 0.28
   88 L   -3 -4 -5 -5 -3 -3 -4 -5 -4  0  5 -4  3  3 -4 -3 -2  4 -1 -1    0   0   0   0   0   0   0   0   0   0  69   0   9  13   0   2   1   7   0   0  0.83 0.24
   89 V   -2 -4 -4 -5 -2 -3 -4 -5 -4  5  2 -4  4 -1 -4 -3 -2 -4 -2  3    1   0   0   0   0   0   0   0   0  45  21   0  15   0   0   0   1   0   0  17  0.68 0.20
   90 S    2 -2 -1 -2 -2 -2 -2 -1 -3 -2 -2 -2  3 -3 -2  4  4 -4 -3 -1   18   0   0   0   0   0   0   2   0   0   1   0  10   0   0  35  32   0   0   2  0.53 0.21
   91 F   -3 -4 -5 -5 -3 -3 -4 -5 -4  4  4 -4  4  2 -4 -4 -2 -3 -2  1    0   0   0   0   0   0   0   0   0  31  44   0  11  10   0   0   0   0   0   3  0.67 0.19
   92 Y   -4 -4 -4 -5 -5 -4 -4 -5 -1 -3 -3 -4 -3  6 -5 -3 -4  0  8 -3    0   0   0   0   0   0   0   0   0   0   0   0   0  28   0   1   0   0  71   0  1.86 0.38
   93 V   -2 -3 -4 -5 -2 -3 -4 -5 -4  3  4 -3  5 -1 -4 -3 -2 -3 -2  3    0   0   0   0   0   0   0   0   0  12  41   0  19   0   0   1   1   0   0  26  0.65 0.19
   94 C    3 -3 -2 -3  2 -2 -2  4 -3 -3 -4 -2 -3 -4 -3  2  0 -4 -3 -2   36   0   0   0   5   0   0  38   0   0   0   0   0   0   0  16   4   0   0   0  0.65 0.19
   95 L   -3 -4 -5 -5 -3 -3 -4 -5 -4  3  5 -4  2 -1  1 -3 -2 -3 -2  0    0   0   0   0   0   0   0   0   0  15  72   0   2   1   6   1   0   0   0   2  0.76 0.22
   96 E   -3 -2 -2  0 -6  0  7 -4 -2 -5 -5 -1 -4 -5 -3 -2 -3 -5 -4 -4    0   0   0   0   0   0  98   0   0   0   0   0   0   0   0   0   0   0   0   0  1.72 0.39
   97 A    0 -3 -4 -4  5 -3 -4 -3 -4  0  4 -3  3  0 -2 -2  0 -3 -2 -1    6   0   0   0  16   0   0   2   0   1  54   0   7   3   2   0   8   0   0   0  0.55 0.19
   98 Q   -3 -1 -2 -3 -4  7 -1 -4 -2 -2  2 -1  2  2 -4 -2 -3 -3 -2 -3    0   0   1   0   0  60   0   0   0   0  22   0   7   9   0   1   0   0   0   0  0.86 0.29
   99 T    0 -3  0 -2 -3 -2 -1 -1 -3 -4 -4 -2 -3 -4 -3  6  2 -5 -4 -3    1   0   4   0   0   0   2   2   0   0   0   0   0   0   0  79  12   0   0   0  0.99 0.31
  100 L   -3 -4 -5 -5 -3 -4 -5 -5 -4  2  6 -4  1  1 -5 -4 -3 -3 -2  0    0   0   0   0   0   0   0   0   0   9  86   0   0   6   0   0   0   0   0   0  1.03 0.27
  101 C    3 -3 -3 -3  8 -3 -3 -2 -3 -3 -2 -3 -3 -4 -2  3 -1 -4 -4 -2   32   0   0   0  36   0   0   0   0   0   2   0   0   0   2  28   1   0   0   0  0.93 0.26
  102 V   -1 -3 -3 -3 -2 -3 -3 -3 -3  0  4 -3  1  3 -3  2 -1 -3 -1  0    3   0   0   0   0   0   0   0   0   2  48   0   2  13   0  27   0   0   0   5  0.42 0.18
  103 V   -4 -4 -4 -5 -5 -4 -4 -5 -1 -3 -2 -4 -3  4 -5 -4 -4  0  9 -1    0   0   0   0   0   0   0   0   0   0   2   0   0  11   0   0   0   0  82   5  1.88 0.40
  104 V   -1 -4 -4 -4 -2 -3 -4 -4 -4  2  2 -4  0 -1 -4 -2 -2 -4 -2  5    1   0   0   0   0   0   0   0   0  10  23   0   1   1   0   3   0   0   0  60  0.68 0.21
  105 L   -2 -3 -4 -5 -2 -3 -4 -5 -4  3  4 -4  2 -1 -4 -3 -2 -3 -2  2    1   0   0   0   1   0   0   0   0  14  62   0   5   0   0   1   0   0   0  16  0.67 0.19
  106 C    4 -3 -2 -3  4 -2 -2 -2 -3 -2 -2 -2 -2 -3 -2  2  1 -3  0  0   53   0   0   0  10   0   0   0   0   0   0   0   0   0   0  14  10   0   3   8  0.52 0.19
  107 G    4 -2 -2 -2  0 -2 -2  4 -2 -3 -3 -2 -2 -3 -2  1 -1 -3 -3 -2   49   1   0   1   1   0   1  29   0   1   1   1   0   0   1  12   2   0   0   1  0.58 0.17
  108 L   -2 -3 -3 -4 -2 -3 -3 -4 -1  2  2 -3  2  4 -3 -2 -2  0  5  0    1   1   0   1   1   0   1   1   0  13  26   1   6  16   1   3   1   0  28   1  0.49 0.14
  109 L    0 -1  1 -1 -1  0  0 -1  1  0  0  0  2 -1 -1  0  2 -1 -1  0    7   3   7   3   1   2   4   3   5   3  11   4   9   2   2   5  19   1   2   7  0.05 0.03
  110 A    2  2 -1 -1 -2  0  0 -1 -1 -2 -2  3 -1 -2 -1  0 -1 -2 -1 -1   22  16   2   2   1   2   3   3   1   2   3  25   1   1   2   6   2   1   2   2  0.19 0.06
  111 R   -1  3  1  1 -2  0  0 -1 -1 -2 -1  1  0 -2 -1  1  0 -2 -1 -1    3  25   5  11   1   3   3   3   1   2   5   9   3   1   2  16   4   1   1   2  0.17 0.05
  112 G   -2  2  3  4 -4  1  0 -1 -1 -4 -4  3 -3 -4 -3 -1 -2 -5 -3 -4    0  15  20  32   0   5   1   5   1   0   0  21   0   0   0   0   0   0   0   0  0.62 0.18
  113 A    0  5 -2 -3 -3 -1 -2 -2 -2  1 -1  0 -2 -3  1 -1 -1 -4 -3  1    6  50   0   0   0   0   1   2   0   8   5   1   0   0   8   1   2   0   0  16  0.50 0.19
  114 S   -2  4  2  5 -4 -1  0 -3 -1 -4 -4  2 -3 -4 -3  0 -2 -5 -3 -4    0  33   9  36   0   0   3   0   1   0   0   9   0   0   0   8   1   0   0   0  0.71 0.20
  115 T   -1 -2  0 -1 -3 -1 -2 -2 -2 -4 -4 -2 -3 -4 -3  6  1 -5 -3 -3    0   0   3   1   0   1   0   0   0   0   0   0   0   0   0  87   6   0   0   0  1.13 0.34
  116 S    1 -2  4 -1 -2 -1  1 -1 -1 -1  0 -1 -1 -2 -2  1 -1 -3 -2  1   15   0  26   0   0   0  13   1   0   2  11   0   1   1   1  16   1   0   0  11  0.21 0.11
  117 F   -1  2 -1 -1 -2  0 -1 -1 -1 -1  0  1 -1  3 -1 -1 -1  0  2 -1    3  15   2   2   1   2   2   5   1   3   6  14   1  22   2   3   2   0   8   5  0.14 0.05
  118 S    1 -1  1 -1 -1 -1 -1  0 -1 -2 -2 -1 -1 -2 -1  4  0 -2 -2 -1   12   2   5   2   1   2   2   6   1   2   3   2   1   1   2  49   2   1   1   4  0.30 0.09
  119 V    1 -1 -1 -1 -1 -1 -1 -1 -2 -1 -1 -1 -1 -2 -1  1  4 -2 -2  1   11   2   1   2   1   1   2   2   1   2   5   2   1   1   2   7  45   0   1  11  0.29 0.10
  120 E   -3 -1 -2  0 -6  0  7 -4 -2 -5 -5 -1 -4 -5 -3 -2 -3 -5 -4 -5    0   1   0   0   0   0  98   0   0   0   0   0   0   0   0   0   0   0   0   0  1.72 0.40
  121 A    6 -3 -3 -4 -2 -3 -3 -2 -4 -3 -3 -3 -3 -4 -3  0 -2 -5 -4 -2   96   0   0   0   0   0   0   0   0   0   0   0   0   0   0   4   0   0   0   0  1.28 0.35
  122 A    2 -3 -2 -3 -3 -3 -3  6 -3 -3 -4 -3 -3 -4 -3  0  1 -4 -4 -3   22   0   0   0   0   0   0  60   0   1   0   0   0   0   0   5   9   0   0   1  0.89 0.22
  123 L   -3 -4 -5 -5 -3 -3 -4 -5 -4  2  5 -4  5 -1 -4 -3 -2 -3 -3  0    0   0   0   0   0   0   0   0   0  10  68   0  18   0   0   1   2   0   0   2  0.85 0.24
  124 K   -3  0 -2 -3 -5  0 -1 -4 -3 -5 -5  8 -3 -5 -3 -2 -3 -5 -4 -4    0   0   0   0   0   1   0   0   0   0   0  99   0   0   0   0   0   0   0   0  1.64 0.40
  125 F   -4 -4 -5 -6 -5 -4 -4 -5  0 -3 -3 -4 -3  4 -5 -4 -4  0  9 -3    0   0   0   0   0   0   0   0   0   0   0   0   0  10   0   0   0   0  90   0  2.19 0.44
  126 L   -4 -4 -5 -6 -4 -5 -5 -5 -3 -1  3 -5 -1  7 -5 -4 -4 -1  1 -2    0   0   0   0   0   0   0   0   0   0  34   0   0  66   0   0   0   0   0   0  1.31 0.31
  127 L   -2 -4 -4 -5 -2 -4 -4 -5 -5  3  3 -4  0 -2 -4 -3 -2 -4 -3  5    0   0   0   0   0   0   0   0   0  11  34   0   0   0   0   0   0   0   0  54  0.75 0.22
  128 L   -3 -4 -5 -5 -3 -3 -4 -5 -4  2  5 -4  4 -1 -4 -4 -2 -3 -3  0    0   0   0   0   0   0   0   0   0  11  74   0  14   0   0   0   1   0   0   1  0.94 0.25
  129 S   -1 -4 -2 -3 -4 -3 -4  7 -4 -6 -6 -3 -5 -5 -4  1 -3 -5 -5 -5    0   0   0   0   0   0   0  90   0   0   0   0   0   0   0  10   0   0   0   0  1.63 0.33
  130 A    6 -3 -3 -3 -2 -3 -3  2 -3 -3 -3 -2 -3 -4 -3  1 -2 -4 -4 -2   77   0   0   0   0   0   0  17   0   0   0   0   0   0   0   6   0   0   0   0  0.93 0.28
  131 M    1 -3 -4 -4 -2 -3 -3 -3 -3  0  4 -3  2  3 -3 -1 -1 -2 -1  0   17   0   0   0   0   0   0   0   0   2  48   0   5  17   0   4   4   0   0   3  0.42 0.16
  132 V    2 -3 -1 -2 -3 -2 -2 -2 -3 -3 -4 -2 -3 -4 -3  6  1 -5 -3 -1   14   0   0   0   0   0   0   1   0   0   0   0   0   0   0  77   3   0   0   5  0.93 0.30
  133 S   -1 -3 -1 -2 -3 -2 -2 -2 -3 -5 -5 -2 -4 -5 -3  7  0 -5 -4 -4    1   0   0   0   0   0   0   0   0   0   0   0   0   0   0  98   2   0   0   0  1.42 0.39
  134 G    1 -4 -2 -3 -3 -3 -3  6 -3 -5 -5 -3 -4 -5 -3  2 -2 -4 -4 -4    8   0   0   0   0   0   0  74   0   0   0   0   0   0   0  18   0   0   0   0  1.22 0.27
  135 M   -2 -4 -4 -5 -3 -3 -4 -5 -4  4  3 -4  5  1 -4 -3 -2 -3 -1  1    2   0   0   0   0   0   0   0   0  36  27   0  24   4   0   0   0   0   1   5  0.67 0.20
  136 A   -1 -4 -5 -5 -3 -4 -4 -5 -4  0  5 -4  1  4 -4 -4 -3 -2 -1 -1    5   0   0   0   0   0   0   0   0   1  71   0   3  19   0   0   0   0   0   0  0.83 0.24
  137 L   -1 -4 -5 -5 -3 -4 -4 -5 -4  1  5 -4  1 -1 -4 -4 -3 -3 -3  2    4   0   0   0   0   0   0   0   0   1  84   0   0   0   0   0   0   0   0  12  0.95 0.26
  138 F   -4 -4 -3 -5 -4 -4 -4 -5  3 -3 -2 -4 -2  5 -5 -3 -4  0  8 -3    0   0   1   0   0   0   0   0   6   0   3   0   0  25   0   1   0   0  66   0  1.59 0.35
  139 W   -1 -4 -2 -3 -4 -4 -3  7 -4 -6 -5 -3 -5 -5 -4 -2 -3  5 -4 -5    2   0   0   0   0   0   1  90   0   0   0   0   0   0   0   0   0   7   0   0  1.69 0.33
  140 F    1 -3 -4 -4  6 -3 -4 -3 -3  2  0 -3  3  3 -4 -1 -2 -2 -1  0   17   0   0   0  21   0   0   0   0  16   4   0  12  20   0   4   0   0   0   5  0.46 0.17
  141 S    1 -3 -1 -2 -3 -2 -2 -2 -3 -4 -4 -2 -3 -4 -3  6  0 -1 -4 -3    7   0   0   0   0   0   0   0   0   0   0   0   0   0   0  89   1   1   0   1  1.16 0.35
  142 A   -1 -3 -4 -5 -3 -2 -4 -4  0  0  4 -4  4  1 -4 -3 -3  6 -1 -1    5   0   0   0   0   1   0   0   3   3  57   0  13   4   0   0   0  14   0   0  0.74 0.22
  143 M   -2 -4 -4 -4 -2 -3 -4 -5 -4  4  3 -3  2 -1 -3 -3 -1 -3 -2  3    1   0   0   0   0   1   0   0   0  27  39   0   5   0   0   0   3   0   0  23  0.56 0.17
  144 Y   -4 -4 -4 -5 -5 -4 -3 -6  0 -3 -3 -4 -3  1 -5 -4 -4  2 10 -4    0   0   0   0   0   0   1   0   1   1   1   0   0   0   0   0   0   1  96   0  2.31 0.46
  145 Q   -1 -4 -2 -3 -4  0 -4  7 -4 -4 -3 -3 -4 -5 -4 -2 -3 -4 -5 -4    1   0   0   0   0   5   0  89   0   1   3   0   0   0   0   0   1   0   0   0  1.51 0.31
  146 R   -1 -1 -3 -4 -3 -3 -3 -3 -2  0  2 -3 -1  6 -4  0 -2 -1  2 -1    4   5   1   0   0   0   0   1   0   3  25   0   0  42   0  10   0   0   6   2  0.52 0.18
  147 T    1 -3 -1 -2 -2 -2 -2 -2 -3 -2 -3 -2 -2 -4 -3  3  5 -4 -3 -2   13   0   1   1   0   0   0   1   0   2   0   0   0   0   0  28  54   0   0   1  0.76 0.25
  148 G   -1 -4 -2 -3 -5 -3 -4  7 -4 -5 -6 -3 -5 -5 -3 -2 -4 -5 -5 -5    1   0   0   0   0   0   0  97   0   1   0   0   0   0   1   0   0   0   0   0  1.82 0.35
  149 S    0 -2  2 -1  1  0  1  0  1 -1 -2 -1 -1 -3 -2  2  3 -4 -2  0    4   0  15   0   4   4   9   8   4   2   3   0   0   0   0  16  25   0   0   6  0.22 0.11
  150 L   -1 -3 -2 -3 -2 -2 -1 -4 -3  1  1 -2  0 -3 -3  0  5 -4 -3  1    1   0   1   0   0   1   2   0   0   7  17   1   2   0   0   1  60   0   0   8  0.60 0.23
  151 D   -1 -1  3  1 -3  2  1  1  1 -3 -2 -1 -2 -3 -2  2  1 -4 -3 -3    2   1  16   9   0  15   8  12   4   1   5   1   0   0   0  19   8   0   0   0  0.28 0.11
  152 M   -2 -4 -3 -4 -3 -3 -2 -4 -3  1  1 -4  4  6 -4 -3 -2 -1  2  0    1   0   1   0   0   1   3   1   0   8  10   0  17  51   0   2   1   0   3   3  0.76 0.22
  153 V    1 -1 -1  1 -2  1  1 -1  1  0  0 -1 -1  0 -1  1  0 -2  2  0   15   1   1   7   0   6  10   2   4   6  10   0   0   1   1  12   3   0  13   7  0.08 0.06
  154 G    0 -2  3  1 -3  0  1  3 -1 -2 -2 -1 -2 -3 -2  0 -1 -4 -3 -2    9   1  19   6   0   4  12  31   1   3   2   1   0   1   0   6   2   0   0   3  0.32 0.11
  155 Q   -1 -3 -2 -3 -2  0 -3 -2 -3  5  2 -2  0 -1 -3  1 -1 -3 -1  1    1   0   1   0   1   5   0   3   0  50  16   1   0   1   1  14   0   0   2   4  0.37 0.17
  156 E    4 -2  0 -2 -2 -1  0  2 -2 -2 -2 -2 -2 -3  2  0  0 -4 -1 -2   45   0   4   0   0   2   7  18   0   1   2   0   0   0  10   5   4   0   2   0  0.40 0.15
  157 T    0 -2 -1 -2 -2 -1 -2  1 -3  2  2  1  0 -2 -3  0  1 -3 -2  0    7   0   3   0   0   0   1  13   0  15  27  11   2   0   0   8  11   0   0   2  0.12 0.08
  158 F   -2 -4 -4 -4  0 -4 -4 -5 -4  4  1 -3  0  1 -4 -3 -1 -3 -1  4    1   0   0   1   2   0   0   0   0  28  10   1   0   7   0   0   1   0   2  48  0.59 0.19
  159 W   -3 -5 -5 -5 -4 -5 -5 -4 -3 -2  1 -5 -1  8 -5 -2 -4  5  1 -3    0   0   0   0   0   0   0   1   0   0  12   0   0  76   0   4   0   7   0   0  1.44 0.32
  160 I   -2 -4 -5 -5 -3 -4 -4 -5 -5  6  2 -4  2 -2 -4 -4 -2 -4 -3  3    2   0   0   0   0   0   0   0   0  57  13   0   5   0   0   0   0   0   0  23  0.81 0.22
  161 L    1 -3 -3 -4 -2 -3 -3 -3 -3  2  3 -3  1  0 -3 -1  2 -3 -2  1   14   0   0   0   0   0   0   0   0  17  37   0   2   3   0   3  15   0   0   9  0.31 0.13
  162 L    3 -3 -3 -4  1 -3 -3 -2 -4  2  0 -3 -1 -2 -3  0 -1 -4 -3  3   38   0   0   0   4   0   0   0   0  12   5   0   0   0   0   6   2   0   0  34  0.41 0.17
  163 V    0 -4 -2 -3 -4 -3 -4  7 -4 -4 -5 -3 -4 -5 -4  1 -3 -4 -5 -2    4   0   0   0   0   0   0  82   0   0   0   0   0   0   0   9   0   0   0   5  1.35 0.29
  164 M   -2 -4 -5 -5 -3 -4 -4 -5 -4  4  4 -4  2  2 -4 -4 -2 -3 -2  1    1   0   0   0   0   0   0   0   0  27  54   0   6  10   0   0   0   0   0   2  0.71 0.20
  165 L    4 -3 -3 -3  2 -3 -3  2 -3 -1  2 -3 -1 -2 -3  0 -2 -3 -3 -1   43   0   0   0   5   0   0  17   0   0  29   0   0   1   0   5   0   0   0   0  0.41 0.18
  166 F   -5 -5 -5 -6 -5 -6 -6 -5 -3 -2 -2 -5 -2  9 -6 -4 -4  0  1 -3    0   0   0   0   0   0   0   0   0   0   0   0   0  99   0   1   0   0   0   0  2.18 0.42
  167 K   -3  0 -2 -3 -5 -1 -1 -4 -3 -5 -5  8 -4 -5 -3 -2 -3 -5 -4 -5    0   0   0   0   0   0   0   0   0   0   0 100   0   0   0   0   0   0   0   0  1.67 0.40
  168 L   -2 -4 -5 -5 -2 -4 -4 -5 -4  5  3 -4  2 -1 -4 -4 -2 -3 -2  3    0   0   0   0   0   0   0   0   0  39  38   0   3   1   0   0   0   0   0  19  0.70 0.19
  169 G    0 -3 -1 -2 -3 -2 -2  1 -3 -4 -4 -2 -3 -4 -3  6  1 -4 -1 -3    5   0   1   0   0   0   0  11   0   0   0   0   0   0   0  74   8   0   2   0  0.87 0.28
  170 V    5 -3 -3 -4 -2 -3 -3 -2 -3 -2  0 -2 -1 -3  1  0 -1 -4 -3  0   75   0   0   0   0   0   0   0   0   1  10   0   1   0   5   1   0   0   0   7  0.74 0.25
  171 A    3 -4 -4 -4 -2 -3 -3 -3 -4  0 -1 -3 -1 -2 -3 -2 -2 -4 -3  5   35   0   0   0   0   0   0   0   0   0   0   0   0   1   0   0   0   0   0  63  0.80 0.27
  172 P   -3 -5 -4 -4 -5 -4 -3 -5 -5 -5 -5 -3 -5 -6  9 -3 -3 -6 -5 -5    0   0   0   0   0   0   0   0   0   0   0   0   0   0 100   0   0   0   0   0  2.87 0.46
  173 M   -4 -5 -5 -6 -4 -5 -5 -5 -3 -2 -1 -5  2  9 -6 -2 -4 -1  1 -3    0   0   0   0   0   0   0   0   0   0   3   0   5  89   0   3   0   0   0   0  1.80 0.38
  174 H   -4 -3 -2 -4 -6 -2 -3 -5 11 -6 -5 -3 -4 -4 -5 -3 -4 -5 -1 -6    0   0   0   0   0   0   0   0 100   0   0   0   0   0   0   0   0   0   0   0  2.83 0.51
  175 M   -3 -3 -4 -4 -4  4 -2 -5 -3 -1  1 -2  9 -1 -4 -3 -3 -4 -3 -1    0   0   0   0   0  26   0   0   0   0   5   0  65   1   0   0   0   0   0   2  1.35 0.38
  176 W   -5 -6 -7 -7 -5 -5 -6 -5 -5 -6 -5 -6 -4 -2 -7 -6 -5 13  0 -6    0   0   0   0   0   0   0   0   0   0   0   0   0   0   0   0   0 100   0   0  4.23 0.61
  177 S    2 -3 -2 -3 -2 -2 -2 -3 -3 -1 -2 -2 -2 -4 -3  1  6 -4 -3  0   24   0   0   0   0   0   0   0   0   1   1   0   0   0   0   6  62   0   0   6  0.78 0.26
  178 V   -3 -4 -4 -4 -5 -4 -3 -4 -4 -4 -5 -3 -4 -6  9 -3 -1 -6 -5 -1    0   0   0   0   0   0   0   0   0   0   0   0   0   0  93   0   3   0   0   5  2.51 0.42
  179 D   -4 -4 -1  8 -6 -2  0 -3 -1 -5 -6 -3 -5 -6 -4 -2 -3 -7 -5 -4    0   0   0  97   0   0   0   0   1   0   0   0   0   0   0   0   0   0   0   2  1.95 0.40
  180 L   -2 -4 -5 -5 -3 -4 -4 -5 -5  2  0 -4 -1 -2 -4 -4 -2 -5 -3  6    0   0   0   0   0   0   0   0   0   7   6   0   0   0   0   0   0   0   0  87  1.15 0.31
  181 Y   -4 -4 -5 -6 -5 -4 -5 -6  0 -4 -3 -4 -3  1 -6 -4 -4  0 10 -4    0   0   0   0   0   0   0   0   0   0   0   0   0   0   0   0   0   0 100   0  2.50 0.48
  182 G   -3 -2 -2  0 -5  2  7  0  0 -5 -5 -1 -4 -5 -3 -1 -3 -5 -4 -4    0   0   0   1   0   7  82   6   2   0   0   0   0   0   0   1   0   0   0   0  1.27 0.33
  183 S   -2 -4 -2 -3 -4 -4 -4  7 -4 -6 -6 -3 -5 -5 -4  0 -3 -5 -5 -5    0   0   0   0   0   0   0  94   0   0   0   0   0   0   0   6   0   0   0   0  1.74 0.34
  184 I    4 -3 -2 -3 -2 -2 -2 -2 -3  0 -3 -2 -2 -4 -2  4 -1 -4 -3 -1   50   0   0   0   0   0   0   0   0   6   0   0   0   0   0  42   0   0   0   2  0.70 0.25
  185 P   -3 -4 -4 -4 -5 -3 -3 -4 -4 -5 -4 -1 -5 -6  9 -2 -3 -6 -5 -5    0   0   0   0   0   0   0   0   0   0   1   3   0   0  94   1   0   0   0   0  2.58 0.42
  186 K   -2 -1 -2 -3 -3 -2 -3 -4 -4 -3 -3  0 -2 -4 -3  0  7 -4 -4 -2    0   3   0   0   0   0   0   0   0   0   1   5   1   0   0   1  88   0   0   1  1.27 0.35
  187 S    0 -3 -1 -3 -4 -3 -3 -3 -2 -1 -2 -3 -2 -3  7  1  0  0 -3 -2    6   0   3   0   0   0   0   0   1   6   2   0   1   1  63  11   5   1   0   1  1.30 0.26
  188 L   -2 -4 -4 -5 -2 -4 -4 -5 -5  3  1 -4  1 -1 -4 -3  0 -4 -3  6    1   0   0   0   0   0   0   0   0  11   8   0   2   1   0   0   4   0   0  72  0.83 0.24
  189 L   -1 -3 -2 -3 -2 -3 -3 -4 -4  0  0 -3 -1 -3 -3 -1  6 -4 -3  3    2   0   0   0   0   0   0   0   0   2   8   0   0   0   0   0  64   0   0  24  0.79 0.27
  190 L    6 -3 -3 -4 -2 -3 -3 -2 -3 -2  1 -3 -1 -3 -3  0 -1 -4 -3 -1   81   0   0   0   0   0   0   0   0   0  14   0   1   0   0   2   2   0   0   1  0.87 0.28
  191 Y   -4 -5 -5 -6 -4 -5 -5 -5 -3 -1  1 -5 -1  8 -6 -4 -4 -1  3 -2    0   0   0   0   0   0   0   0   0   1  11   0   0  79   0   0   0   0   8   0  1.56 0.33
  192 L   -3 -4 -5 -5 -3 -4 -5 -5 -2  1  4 -4  1  6 -5 -4 -3 -2  0 -1    0   0   0   0   0   0   0   0   1   7  42   0   1  46   0   0   0   0   0   2  0.90 0.24
  193 S    4 -2 -2 -2 -2 -2 -2  0 -3 -3 -3 -2 -3 -4 -2  4  0 -4 -3 -1   44   0   0   1   0   0   0   4   0   0   1   0   0   0   1  45   2   0   0   3  0.68 0.24
  194 T    0 -3 -2 -3 -1 -2 -3 -1 -3  3 -1 -3  0 -2 -3  1  3 -4 -3  3    5   0   0   0   1   0   0   4   0  21   1   0   1   0   0  13  24   0   0  30  0.35 0.16
  195 A    4 -2 -2 -3 -2 -2 -2  1 -3  0 -2 -2 -2 -2 -2  0  2 -4 -3  1   51   2   0   0   0   0   0  10   0   6   1   0   0   1   0   0  16   0   0  14  0.42 0.18
  196 P   -1 -4 -3 -3 -4 -3 -3 -3 -4 -4 -4 -3 -4 -5  8  3 -2 -5 -4 -2    1   0   0   0   0   0   0   0   0   1   0   0   0   0  68  26   0   0   0   3  1.70 0.33
  197 K   -3  1 -2 -3 -5 -1 -1 -3 -3 -5 -4  7 -3 -5 -3 -1 -2 -5 -4 -4    0   3   0   0   0   0   0   0   0   0   0  92   0   0   0   2   1   0   0   1  1.40 0.35
  198 L    0 -4 -4 -4 -2 -3 -4 -4 -4  4  2 -3  2  0 -4 -3 -1 -3 -2  4    8   0   0   0   0   0   0   0   0  30  16   0   4   2   0   0   1   0   0  38  0.52 0.16
  199 S    5 -3 -2 -3 -2 -2 -2  1 -3 -3 -3 -2 -2 -3 -2  2  0 -4 -3 -1   67   0   0   0   0   0   1   7   0   0   0   0   0   1   0  17   2   0   0   3  0.71 0.24
  200 L    4 -3 -3 -3 -2 -3 -3  1 -3  2  0 -2 -1 -3 -2 -1 -1 -4 -2  1   53   0   0   1   0   0   0  10   0  13  10   0   0   0   1   0   1   0   1  11  0.40 0.17
  201 F   -3 -4 -4 -5 -3 -3 -4 -5 -3  1  2 -4  5  6 -5 -3 -2 -1  1 -1    0   0   0   0   0   0   0   0   0   5  20   0  21  47   0   2   2   0   1   1  0.84 0.24
  202 T    4 -3 -2 -2  0 -2 -2  2 -2 -2 -3 -2 -2 -3  1  1  1 -3  1 -2   50   0   1   0   2   0   1  15   0   1   0   1   0   0   7   7   7   0   8   1  0.43 0.17
  203 F   -2 -3 -1 -4 -3 -3 -4 -4 -2  2  3 -3  2  4 -1 -3 -2 -2  0  1    1   0   5   0   0   0   0   1   1  12  38   0   4  24   3   1   0   0   1   9  0.41 0.14
  204 W    0 -3 -3 -4 -2 -3 -3 -3 -2  1  2 -3  1  3 -2  0 -1  4  1  1    9   0   0   0   0   0   0   0   0  10  25   0   4  19   1   9   3   7   4   7  0.28 0.11
  205 A    1 -3 -2 -1 -1 -2 -2 -2 -3  2  1 -2  1  0 -1  1  1 -1 -2  2   18   0   0   3   0   0   1   1   0  17  10   0   5   5   2  11  13   1   0  15  0.14 0.08
  206 S   -2  6  2 -1 -4  2  0 -3 -1 -4 -3  0 -3 -4 -1  0 -2 -4 -3 -3    1  56  13   1   0   9   2   1   1   1   1   1   0   0   3   7   0   0   0   2  0.74 0.22
  207 S   -1 -2 -1 -1 -2  0  1 -3 -3  2  1 -2  1  0 -3  0  0 -3 -2  3    1   0   3   2   0   6  12   0   0  18  17   0   2   4   0   7   3   0   0  26  0.18 0.10
  208 W   -1 -3 -2 -4 -3 -3 -4  0 -2  0  2 -3  2  3 -3 -2 -2  8  0  1    7   0   2   0   0   0   0   7   1   3  20   0   7  14   1   1   1  26   1  10  0.64 0.17
  209 H   -1 -1 -1 -2 -3  2  0 -3  6  0  0 -1  0  0  0 -1 -1 -3  1  0    2   0   2   1   0  16   4   1  27   8   8   0   1   4   5   4   3   0   4   9  0.28 0.13
  210 H   -1 -2  0  1 -1  1  0  0  1  0 -1 -1 -1  0 -2  0  1  5  1  0    1   0   3  13   1   8   6   7   5   5   5   1   1   3   1   5  10  12   5   9  0.16 0.07
  211 D    1 -1 -1  0 -1  1  0  0  0  0 -1 -1 -1 -2  2  0  1 -3 -2  0   21   3   1   5   1   8   2   9   3   5   6   2   0   0   9   6   9   0   0  10  0.09 0.04
  212 F   -3 -3  0 -3 -2  0 -3 -3 -2  0  1 -3  0  7 -4 -2 -3 -1  2 -1    0   0   6   1   1   6   0   1   0   3  17   0   1  56   0   2   0   0   2   3  0.71 0.21
  213 S   -1 -3 -3 -3 -2 -2 -3  1 -2  4  2 -3  1  0 -2  0  0 -3 -2  2    0   0   0   0   0   1   0  11   1  36  17   0   2   2   1   9   4   0   0  14  0.27 0.12
  214 V   -1 -4 -4 -4 -2 -3 -4 -4 -4  3  3 -4  0  2 -4 -3 -2 -3 -1  3    3   0   0   0   0   0   0   1   0  20  36   0   0  11   0   0   0   0   0  28  0.51 0.16
  215 G    0 -2 -2 -2 -2 -1  1 -1 -2  2  1 -1  0  0 -2 -1  0  0 -1  2    9   1   0   0   0   2  16   6   0  16  12   1   0   6   0   1   5   1   1  22  0.10 0.07
  216 V    0 -3 -3 -4 -2 -3 -3 -3 -3  3  1 -3  1  5 -3 -2 -2 -2  0  2   10   0   0   0   0   0   0   1   0  23  12   0   2  35   0   2   1   0   0  11  0.44 0.14
  217 F   -1 -3 -4 -4  5 -3 -4 -4 -3  2  3 -3  2  2 -4 -1 -2 -3 -2  1    5   0   0   0  14   0   0   0   0  13  43   0   4   8   0   6   0   0   0   7  0.42 0.14
  218 I    5 -3 -2 -3 -2 -2 -2 -1 -3 -1 -3 -2 -2 -4 -2  4 -1 -4 -3 -2   54   0   0   0   0   0   0   2   0   5   0   0   0   0   0  38   1   0   0   0  0.72 0.25
  219 L   -2 -4 -5 -5 -1 -4 -4 -5 -5  6  2 -4  0 -1 -4 -3 -2 -4 -3  3    1   0   0   0   1   0   0   0   0  57  19   0   1   0   0   1   0   0   0  20  0.76 0.21
  220 F    3 -3 -3 -4  0 -3 -3 -1 -3  0  3 -3  0  2 -2  0 -1 -3 -2  0   35   0   0   0   2   0   0   3   0   3  39   0   1   9   1   4   1   0   0   2  0.32 0.15
  221 S   -1 -3 -1 -2 -3 -2 -2 -2 -3 -5 -5 -2 -4 -5 -3  7  0 -5 -4 -4    0   0   0   0   0   0   0   0   0   0   0   0   0   0   0  99   1   0   0   0  1.46 0.40
  222 M   -3 -4 -5 -6 -4 -3 -4 -5 -4  1  1 -4 10 -2 -5 -4 -3 -4 -3 -1    0   0   0   0   0   0   0   0   0   7   9   0  83   0   0   0   0   0   0   0  1.78 0.43
  223 F    0 -4 -4 -4 -2 -3 -4 -3 -4  4  2 -3  0  2 -4 -2 -2 -3 -1  3   11   0   0   0   0   0   0   1   0  42  14   0   1  12   0   0   0   0   0  18  0.47 0.16
  224 I   -3 -4 -5 -5 -2 -4 -4 -5 -4  3  5 -4  1  1 -4 -3 -2 -1  1  2    0   0   0   0   0   0   0   0   0  14  65   0   0   5   0   0   0   1   4  11  0.70 0.20
  225 G   -1 -4 -2 -3 -5 -4 -4  7 -4 -6 -6 -4 -5 -5 -4 -2 -4 -5 -5 -5    1   0   0   0   0   0   0  99   0   0   0   0   0   0   0   0   0   0   0   0  1.91 0.36
  226 S    4 -2  5 -1 -3 -2 -2 -1 -2 -4 -4 -2 -3 -4 -3  3 -1 -5 -3 -3   40   0  31   0   0   0   0   2   0   0   0   0   0   0   0  27   1   0   0   0  0.69 0.24
  227 I   -3 -4 -5 -5 -3 -4 -4 -5 -4  3  3 -4  0  5 -4 -4 -2 -2  0  2    0   0   0   0   0   0   0   0   0  24  31   0   0  28   0   0   0   0   0  17  0.63 0.18
  228 G    4 -3 -3 -3 -2 -2 -3  2 -3  1 -1 -2 -2 -3 -3  0 -1 -4 -3  2   47   0   0   0   0   0   0  19   0  12   2   0   0   0   0   4   1   0   0  15  0.43 0.17
  229 A    6 -3 -3 -4 -2 -3 -3  0 -4 -3 -3 -3 -3 -4 -3 -1 -2 -5 -4 -2   97   0   0   0   0   0   0   3   0   0   0   0   0   0   0   0   0   0   0   0  1.29 0.35
  230 Y   -2 -4 -5 -5 -3 -4 -4 -5 -4  6  3 -4  2  0 -4 -4 -2 -3  2  1    1   0   0   0   0   0   0   0   0  59  23   0   6   1   0   0   1   0   7   2  0.75 0.22
  231 G    2 -1  2 -2 -3 -2 -2  4 -2 -3 -3 -2  0 -3 -3  0  2 -4 -3 -2   22   2  11   0   0   0   0  36   0   0   0   0   3   0   0   5  18   0   1   1  0.49 0.16
  232 Q   -3 -1 -2 -3 -5  9  0 -4 -2 -5 -5 -1 -3 -6 -4 -2 -3 -4 -4 -5    0   0   0   0   0 100   0   0   0   0   0   0   0   0   0   0   0   0   0   0  2.07 0.48
  233 P   -2  1  1 -2 -3 -1 -2 -3 -2 -3 -3  1 -2 -4  1  1  5 -4 -3 -2    0  10   8   0   0   1   1   0   0   1   1  10   0   0   7   6  54   0   0   0  0.60 0.22
  234 A    0  1  5  1 -3 -1 -1 -2 -1 -4 -4  2 -3 -4 -3  3 -1 -5 -3 -4    7   5  38   6   0   1   0   0   0   0   0  16   0   0   0  27   0   0   0   0  0.61 0.20
  235 L   -3 -4 -5 -5 -3 -3 -4 -5 -4  5  2 -4  5 -1 -4 -4 -2 -4 -3  2    0   0   0   0   0   0   0   0   0  53  15   0  24   1   0   0   0   0   0   8  0.86 0.24
  236 R   -3  2 -2 -3 -5  0 -1 -4 -3 -5 -4  7 -2 -5 -3 -2 -3 -5 -4 -4    0   7   0   0   0   0   0   0   0   0   0  92   1   0   0   0   0   0   0   0  1.48 0.37
  237 S   -3  8 -2 -4 -5 -1 -2 -3 -2 -5 -4  0 -3 -5 -4 -1 -2 -5 -4 -5    0  92   0   0   0   0   0   1   0   0   0   0   0   0   0   5   2   0   0   0  1.67 0.38
  238 L   -3 -4 -5 -5 -3 -3 -4 -5 -4  0  5 -4  7 -1 -3 -4 -3 -3 -3 -1    0   0   0   0   0   0   0   0   0   0  67   0  32   0   1   0   0   0   0   0  1.10 0.30
  239 F   -3 -4 -5 -5 -3 -3 -4 -5 -4  0  4 -4  6  2 -4 -3 -3 -3 -2 -1    0   0   0   0   0   0   0   0   0   2  54   0  34   9   0   1   0   0   0   1  0.92 0.26
  240 A    6 -3 -4 -4 -2 -3 -3 -1 -4 -3 -3 -3 -3 -4 -3 -1 -2 -5 -4 -1   97   0   0   0   0   0   0   1   0   0   0   0   0   0   0   0   0   0   0   1  1.29 0.35
  241 Y   -4 -4 -4 -6 -5 -4 -4 -6  1 -4 -3 -4 -3  2 -5 -4 -4  0  9 -4    0   0   0   0   0   0   0   0   2   0   0   0   0   3   0   0   0   0  95   0  2.33 0.46
  242 S   -1 -3 -1 -2 -3 -2 -2 -2 -3 -5 -5 -2 -4 -5 -3  7  0 -5 -4 -4    0   0   0   0   0   0   0   0   0   0   0   0   0   0   0 100   0   0   0   0  1.48 0.40
  243 T    1 -3 -1 -2 -3 -2 -2  1 -3 -4 -4 -2 -3 -4 -3  6  2 -5 -4 -3    5   0   0   0   0   0   0   8   0   0   0   0   0   0   0  74  13   0   0   0  0.92 0.29
  244 I   -3 -5 -5 -5 -3 -5 -5 -6 -5  8  0 -5  0 -2 -5 -4 -3 -5 -3  1    0   0   0   0   0   0   0   0   0  99   0   0   1   0   0   0   0   0   0   1  1.57 0.37
  245 N    1 -3  2 -2 -3 -2 -3  5 -3 -4 -4 -2 -3 -4 -3  2 -1 -4 -4 -4   14   0  10   0   0   0   0  54   0   0   0   0   0   0   0  20   2   0   0   0  0.83 0.21
  246 E   -3 -2  1 -2 -5  4  1 -4  9 -5 -5 -2 -3 -4 -4 -2 -3 -4 -1 -5    0   0   4   0   0  26   7   0  62   0   0   0   0   0   0   0   0   0   0   0  1.59 0.36
  247 I    1 -4 -4 -5 -2 -3 -4 -4 -4  4  0 -3  7 -2 -4 -3 -2 -4 -3  3   12   0   0   0   0   0   0   0   0  27   1   0  42   0   0   0   0   0   0  17  0.79 0.26
  248 G   -2 -4 -2 -3 -5 -4 -4  7 -4 -6 -6 -4 -5 -5 -4 -2 -4 -5 -5 -5    0   0   0   0   0   0   0 100   0   0   0   0   0   0   0   0   0   0   0   0  1.95 0.37
  249 L   -4 -4 -4 -5 -4 -4 -4 -5 -1 -2  0 -4 -2  6 -5 -4 -4  0  8 -3    0   0   0   0   0   0   0   0   0   0   7   0   0  39   0   0   0   0  54   0  1.52 0.33
  250 L    3 -3 -3 -4 -2 -3 -3 -2 -3  2  1 -3  2 -2 -2 -1 -1 -3 -2  3   35   0   0   0   0   0   0   1   0  16  15   0   8   0   1   1   0   0   0  22  0.36 0.15
  251 L   -3 -2 -5 -5  0 -3 -4 -5 -4  2  5 -4  4 -1 -3 -3 -2 -3 -3  0    0   2   0   0   2   0   0   0   0  12  71   0  12   0   1   0   0   0   0   0  0.82 0.23
  252 L   -1 -4 -4 -4 -2 -3 -4 -5 -4  5  2 -4  3  1 -4 -3 -1 -3 -2  3    3   0   0   0   0   0   0   0   0  41  18   0   8   6   0   0   2   0   0  23  0.57 0.17
  253 A    1 -4 -2 -3 -4 -4 -4  7 -4 -5 -5 -3 -4 -5 -4 -2 -3 -4 -5 -5    9   0   0   0   0   0   0  91   0   0   0   0   0   0   0   0   0   0   0   0  1.66 0.33
  254 V   -2 -4 -5 -5 -2 -4 -4 -5 -4  3  4 -4  1  3 -4 -4 -2 -3 -1  2    0   0   0   0   0   0   0   0   0  20  50   0   1  12   0   0   0   0   0  17  0.63 0.18
  255 E    4 -2 -1 -2 -1 -1  0 -2 -3  0 -1 -2 -2 -3 -2  3  2 -4 -3 -1   42   0   1   0   1   0   7   0   0   6   4   0   0   0   0  25  12   0   0   3  0.39 0.17
  256 T    3 -2  2 -1  4 -1  0 -2 -2  0 -2 -2 -2 -3 -2  1  2 -4 -3 -1   37   0  11   2  12   1   5   0   0   9   0   0   0   0   0  10  13   0   0   1  0.33 0.15
  257 A    2 -3  0  1 -4 -3 -2  6 -3 -5 -5 -3 -4 -5 -3 -1 -3 -4 -4 -4   21   0   4   7   0   0   2  65   0   0   0   0   0   0   0   0   0   0   0   0  1.01 0.24
  258 G   -1 -4 -2 -3 -4 -3 -4  7 -4 -6 -6 -3 -5 -5 -4  0 -3 -4 -5 -5    1   0   0   0   0   0   0  91   0   0   0   0   0   0   0   7   0   0   0   0  1.64 0.33
  259 F   -1 -4 -4 -4 -3 -3 -4 -4 -1  3  0 -3  0  3 -4 -3 -1 -1  5  3    4   0   0   0   0   0   0   0   1  20   3   0   1  13   0   0   1   0  30  26  0.60 0.19
  260 H    2  1 -1 -1 -3  4  1 -1  3 -3 -3  1 -2 -3 -2  1  0 -4 -2 -2   22   8   0   0   0  25  10   1   9   0   0   5   0   0   0  14   5   0   0   1  0.37 0.15
  261 T    2 -3 -1 -2 -2 -2 -2  3 -3 -4 -4 -2 -3 -4 -2  4  1 -4 -3 -3   22   0   0   0   0   0   0  25   0   0   0   0   0   0   0  48   5   0   0   0  0.68 0.22
  262 L   -1 -3 -4 -4 -2 -3 -3 -4 -4  2  2 -3  6 -2 -4 -1 -1 -3 -2  3    3   0   0   0   0   0   0   0   0   8  20   0  34   0   0   7   2   0   0  26  0.57 0.20
  263 Y   -1 -3 -4 -5 -1 -3 -4 -4 -3  3  4 -3  3  1 -4 -3 -2 -2  1  1    3   0   0   0   1   0   0   0   0  25  44   0   8   5   0   1   1   0   5   8  0.51 0.16
  264 Q   -1 -2 -3 -4 -2  0 -3 -4 -2  4  1 -3  1  3 -3 -2  1 -2 -1  2    2   1   0   0   0   7   0   0   0  31  13   0   4  16   0   1  14   0   0  12  0.31 0.13
  265 H   -2 -4 -4 -5 -5 -3 -4 -2  3 -4 -3 -4 -3  1 -5 -4 -4  0  9 -4    2   0   0   0   0   0   0   4   7   0   0   0   0   0   0   0   0   0  86   0  1.93 0.41
  266 L   -2 -3 -4 -5 -3 -3 -4 -5 -4  2  3 -3  7 -1 -4 -3 -1 -3 -3  1    1   0   0   0   0   0   0   0   0  10  33   0  47   0   0   1   2   0   0   5  0.90 0.26
  267 G    1 -3 -3 -3 -1 -2 -3  0 -3  2  2 -3  0  2 -3 -1  1 -2 -1  1   19   0   0   0   0   0   0   9   0  12  25   0   0  11   0   3   9   0   0  11  0.18 0.09
  268 I   -1 -4 -4 -5 -3 -4 -4 -4 -4  6  1 -4  0  3 -4 -3 -1 -3 -2  2    5   0   0   0   0   0   0   0   0  63   7   0   0  13   0   1   3   0   0   8  0.73 0.22
  269 Y   -4 -4 -5 -6 -5 -4 -5 -6  0 -4 -3 -4 -3  1 -6 -4 -4  0 10 -4    0   0   0   0   0   0   0   0   0   0   0   0   0   0   0   0   0   0 100   0  2.50 0.48
  270 I   -1 -4 -4 -4 -2 -3 -4 -4 -4  4  3 -3  2 -1 -4 -2 -1 -4 -2  3    4   0   0   0   0   0   0   0   0  35  25   0   4   0   0   1   2   0   0  29  0.57 0.17
  271 I    0 -3 -3 -3 -1 -3 -3 -2 -3  2  1 -3  0  4 -3  0  0 -2  0  2   10   0   0   0   1   0   0   2   0  18  12   0   1  25   0  10   6   0   0  15  0.26 0.11
  272 T   -3 -4 -4 -5 -4 -3 -4 -5 -4 -1  0 -4 10 -2 -5 -2  1 -4 -3 -1    0   0   0   0   0   0   0   0   0   1   0   0  88   0   0   3   8   0   0   1  1.86 0.45
  273 Q   -2 -2  6 -1 -3  2 -2 -2 -2 -3 -4 -2 -2 -4 -3  2  4 -5 -3 -2    1   0  42   0   0   9   0   1   0   0   0   0   1   0   0  11  34   0   0   1  0.76 0.25
  274 L   -2 -4 -5 -5 -2 -4 -4 -5 -4  4  4 -4  1  1 -4 -3 -2 -3 -2  2    2   0   0   0   0   0   0   0   0  25  55   0   2   4   0   0   1   0   0  11  0.65 0.19
  275 L   -1 -4  1 -1  3 -3 -3  5 -2  1  0 -3 -2 -3 -4 -2 -2 -4 -4 -2    2   0   6   2   8   0   0  57   1  13  10   0   0   0   0   0   0   0   0   1  0.69 0.20
  276 L    1 -3 -2 -3 -2 -2 -2 -2 -3  0  3 -2  0  0 -3  1  3 -3 -2  1   13   0   0   0   0   0   0   2   0   1  33   0   1   3   0  15  23   0   0   8  0.26 0.13
  277 W   -4 -5 -5 -6 -5 -5 -5 -5 -3 -2 -2 -5 -2  9 -6 -5 -4  5  1 -3    0   0   0   0   0   0   0   0   0   0   0   0   0  91   0   0   0   9   1   0  2.04 0.40
  278 N    1 -2  5 -1 -3 -2 -2  3 -2 -4 -4 -2 -3 -3 -3  2  0 -4 -3 -3   16   0  38   0   0   0   0  21   0   0   0   0   0   0   0  21   3   0   0   0  0.62 0.20
  279 L   -2 -2 -4 -4  0 -3 -3 -3 -4  3  3 -3  1  1  4 -3 -2 -3 -2  0    0   2   0   0   2   0   0   2   0  21  38   0   3   6  21   0   0   0   0   3  0.49 0.16
  280 T   -2  3 -1 -1 -3 -1 -2 -3  0  3  0 -1  0  1 -2 -1  0 -2  0  1    1  28   2   3   0   0   0   0   3  30   3   1   2   7   1   4   8   0   2   6  0.22 0.13
  281 D   -2 -1 -2  2 -3 -1 -2 -3 -3  0  2 -1  4 -2 -2  0  3 -3 -2 -1    1   3   0  17   0   0   0   1   0   2  23   3  19   1   1   4  23   0   1   1  0.26 0.15
  282 K    4 -2 -2 -2 -2 -1 -2  3 -2 -3 -3  1 -2 -3 -2  1 -1 -4 -3 -2   49   1   1   1   0   1   1  25   0   1   2  10   0   1   0   7   2   0   0   0  0.49 0.18
  283 R   -1  1  0 -2 -2 -2 -2 -2 -2  1  1 -1  0  2 -1 -1  3 -2  0  0    2  10   4   0   0   0   0   1   0  12  16   1   1  14   2   2  26   0   1   6  0.17 0.11
  284 L    1 -2 -1  3  1 -2 -1 -2 -3  1  0 -2  1  0 -2  0  2 -3 -2  1   13   1   0  23   3   0   0   1   0   8   9   0   6   4   0   6  16   0   1   9  0.16 0.10
  285 F   -2 -3  2 -3 -3 -1 -3 -4 -3  0  3 -2  5  4 -3 -3 -2 -2 -1 -1    0   0  12   0   0   3   1   0   0   1  35   1  22  20   1   0   1   0   0   2  0.45 0.18
  286 A    3 -3 -2 -2 -1 -2 -2 -1 -3  2  1 -2  0 -2 -2  2  2 -4 -3  0   33   0   0   1   0   0   1   1   0  16  13   0   2   0   1  16  15   0   0   1  0.25 0.13
  287 L   -1  1 -3 -3 -2 -2 -3 -4 -3  4  2 -2  2 -1 -3 -2 -2 -3 -2  2    6  12   0   1   0   0   0   0   0  38  20   0   7   2   0   2   0   0   0  12  0.36 0.14
  288 C   -1 -2 -2  1  4  0  0 -3 -2  0  2 -2  1  1 -3 -1  1 -3 -1  0    3   0   1  13  12   4   5   1   0   2  26   0   4  10   0   2  13   0   0   6  0.17 0.10
  289 A    0 -3 -4 -4 -3 -3 -4 -3 -2  0  3 -3  6  2 -3 -3 -2 -2  4 -1    7   0   0   1   0   0   0   1   0   0  30   0  36   7   1   1   0   0  16   0  0.65 0.23
  290 V    0 -4 -4 -4 -3 -4 -4 -4 -3 -1  2 -4 -1  6 -4 -2 -2  0  1  0   12   0   0   0   0   0   1   0   0   0  23   0   0  53   0   3   2   1   0   5  0.74 0.22
  291 S   -1 -3 -1 -2 -3 -2 -2  2 -3 -4 -5 -2 -3 -4 -2  6  0 -5 -4 -4    0   0   0   0   0   0   0  18   0   0   0   0   0   0   0  78   3   0   0   0  1.02 0.31
  292 L   -3 -3 -4 -5 -3 -3 -4 -5 -3  1  5 -4  5 -1 -4 -4 -1 -3  1  0    0   0   0   0   0   0   0   0   0   5  65   0  19   0   0   0   3   0   7   1  0.81 0.24
  293 A    5 -3 -3 -3 -2 -3 -3  2 -3 -3 -3 -2 -3 -3 -3  0 -1 -3  3 -2   71   0   0   0   0   0   0  14   0   0   0   0   0   0   0   2   1   0  11   0  0.79 0.26
  294 G   -1 -3 -2 -3 -4 -2 -4  7 -4 -5 -5 -3 -4 -5 -4 -1  0 -4 -5 -5    1   0   0   0   0   1   0  88   0   1   0   0   0   0   0   3   6   0   0   0  1.50 0.31
  295 L   -2 -3 -4 -5 -3 -4 -4 -5 -5  6  1  0  0 -1 -4 -4 -2 -4 -3  3    0   0   0   0   0   0   0   0   0  69   9   8   0   0   0   0   0   0   0  13  0.85 0.25
  296 P   -3 -4 -4  1 -5 -3 -3 -4 -4 -5 -5 -3 -5 -6  9 -3 -3 -6 -5 -5    0   0   0   7   0   0   0   0   0   0   0   0   0   0  93   0   0   0   0   0  2.57 0.42
  297 P   -3 -5 -4 -4 -5 -4 -3 -5 -5 -5 -5 -3 -5 -4  9 -3 -3 -6 -5 -5    0   0   0   0   0   0   0   0   0   0   0   0   0   1  99   0   0   0   0   0  2.83 0.46
  298 F   -3 -4 -5 -5 -3 -4 -4 -5 -4  0  5 -4  4  3 -4 -4 -1 -3 -1 -1    0   0   0   0   0   0   0   0   0   0  70   0  11  16   0   0   3   0   0   0  0.85 0.24
  299 A    6 -3 -3 -4 -2 -3 -3 -2 -3  0  0 -3 -1 -3 -3  0 -1 -4 -3  0   78   0   0   0   0   0   0   0   0   4   8   0   0   0   0   2   2   0   0   5  0.78 0.26
  300 G   -2 -4 -2 -3 -5 -4 -4  7 -4 -6 -6 -4 -5 -5 -4 -2 -4 -5 -5 -5    0   0   0   0   0   0   0 100   0   0   0   0   0   0   0   0   0   0   0   0  1.95 0.37
  301 F   -4 -5 -5 -6 -5 -6 -6 -5 -3 -2 -2 -5 -2  9 -6 -4 -4 -1  1 -3    0   0   0   0   0   0   0   0   0   1   0   0   0  99   0   1   0   0   0   0  2.15 0.42
  302 F   -4 -4 -4 -5  3 -5 -5 -4 -3 -1  0 -5 -2  8 -5 -4 -4  4  3 -2    0   1   0   0   6   0   0   1   0   1   6   0   0  74   0   0   0   4   6   0  1.40 0.31
  303 G    3 -3 -2 -3 -3 -3 -3  5 -3 -4 -4 -2 -3 -4 -3  2 -1 -4 -4 -3   24   0   0   0   0   0   0  56   0   0   0   0   0   0   0  19   1   0   0   0  0.91 0.23
  304 K   -3  0 -2 -3 -5 -1 -1 -4 -3 -5 -5  8 -4 -5 -3 -2 -3 -5 -4 -5    0   0   0   0   0   0   0   0   0   0   0 100   0   0   0   0   0   0   0   0  1.67 0.40
  305 A    0 -4 -4 -5 -3 -3 -4 -4 -3  1  3 -4  0  4 -4 -3 -3  7  3 -1    9   0   0   0   0   0   0   0   0   9  31   0   1  25   0   0   0  18   8   0  0.74 0.19
  306 W   -2 -4 -4 -5 -4 -3 -3 -3  1 -3  0 -4 -2  3 -5 -1 -3  4  8 -2    3   0   0   0   0   0   0   2   2   0   8   0   0  11   0   4   1   5  64   1  1.21 0.30
  307 I   -2 -4 -4 -5 -2 -4 -4 -5 -4  3  3 -4  0 -1 -4 -3  0 -4 -2  4    0   0   0   0   0   0   0   0   0  20  34   0   0   0   0   0   4   0   0  42  0.65 0.19
  308 F   -4 -5 -5 -6 -4 -5 -5 -5 -3  0  2 -5 -1  8 -5 -4 -4  1  1 -2    0   0   0   0   0   0   0   0   0   3  19   0   0  77   0   0   0   1   0   0  1.47 0.32
  309 W   -2 -1 -1 -4 -3  0 -3 -4 -3 -1  2  0  1  2 -4 -1 -2  9  0 -1    1   3   3   0   0   6   0   0   0   2  20   6   4  10   0   5   1  34   0   4  0.80 0.20
  310 H    5 -3 -3 -3  5 -2 -3 -2  3 -3 -3 -2 -3 -3 -2  1 -1 -4 -1 -2   64   0   0   0  16   0   0   0   7   0   0   0   0   0   1   8   1   0   2   1  0.77 0.25
  311 A    5 -3 -3 -3 -2 -3 -3  4 -3 -3 -3 -3 -3 -4 -3  0 -2 -4 -4  0   58   0   0   0   0   0   0  33   0   0   0   0   0   0   0   2   0   0   0   7  0.79 0.24
  312 M   -3 -4 -4 -5 -3 -3 -4 -4 -4  3  1 -4  2 -1 -3 -2 -2  8  1  3    0   0   0   0   0   0   0   0   0  26  11   0   5   0   1   3   0  27   3  24  0.86 0.22
  313 S   -1  0  1  1 -3  4  2  1  1 -4 -4  1 -2 -4 -2  1  0 -4 -2 -3    3   2   6   7   0  28  12  10   4   0   0  10   0   0   0  11   5   0   1   0  0.36 0.13
  314 V    5 -2 -1 -2  3 -1 -1  0 -3 -2 -3 -2 -2 -4 -2  2 -1 -4 -3  1   59   1   2   1   6   3   2   3   0   1   0   0   0   0   0  13   1   0   0   9  0.52 0.20
  315 Q   -1 -3  0 -1 -4  1 -1  6  0 -5 -5 -1 -4 -5 -3  0 -3 -4 -4 -5    0   0   3   3   0  10   4  71   3   0   0   2   0   0   0   5   0   0   0   0  1.05 0.24
  316 A    1 -3 -3 -4 -3 -3 -3 -4 -1  0  4 -3  2  1 -4 -2 -2 -1  3 -1   12   0   1   0   0   0   0   0   1   0  59   0   6   5   0   2   0   0  12   0  0.51 0.19
  317 F   -2 -4 -4 -4 -4 -3 -4 -2  0 -1 -2 -4 -1  4 -4 -3 -1  1  8  0    3   0   0   0   0   0   0   3   1   4   1   0   1  12   0   0   5   0  62   7  1.10 0.28
  318 S    0 -3 -3 -3 -3 -3 -3  0 -3  0  1 -3 -1  3  2  0  1  6  0  0    8   0   0   0   0   0   0   8   0   3  20   0   0  15  11   6  11  13   0   4  0.32 0.12
  319 L   -3 -4 -5 -5 -2 -4 -4 -5 -4  1  5 -4  1  0 -4 -3 -1 -3 -3  0    0   0   0   0   1   0   0   0   0   5  84   0   0   1   0   2   4   0   0   2  0.91 0.26
  320 L    4 -3 -3 -3  0 -3 -3 -2 -3  0  0 -3 -1 -3 -2  1 -1 -4 -3  3   51   0   0   0   2   0   0   0   0   0   7   0   0   0   0   7   2   0   0  31  0.50 0.20
  321 A    0 -3 -3 -4 -2 -3 -3 -3 -3  3  2 -3  0  1 -2  0 -1 -3 -1  3    7   0   0   0   0   0   0   0   0  24  19   0   1   5   1  12   1   0   1  30  0.32 0.13
  322 A    1 -4 -4 -4 -2 -4 -4 -4 -4  5  1 -4  0 -1 -4 -2 -1 -4 -2  3   11   0   0   0   0   0   0   0   0  49  12   0   1   2   0   1   1   0   0  24  0.60 0.19
  323 A    3 -4 -2 -3 -3 -3 -3  6 -4 -3 -4 -3 -3 -4 -3 -1 -2 -4 -4 -3   26   0   0   0   0   0   0  69   0   1   0   0   0   0   0   1   0   0   0   1  1.14 0.26
  324 L   -1 -4 -4 -5 -2 -3 -4 -5 -4  2  3 -4  2 -1 -3 -3 -2 -4 -2  4    2   0   0   0   0   0   0   0   0   8  38   0   4   0   1   0   0   0   0  47  0.65 0.20
  325 F   -1 -4 -4 -5 -1 -3 -4 -5 -4  3  3 -4  1  2 -4 -3 -2 -3 -2  3    2   0   0   0   1   0   0   0   0  21  36   0   1   8   0   1   0   0   0  30  0.54 0.16
  326 C    2 -3 -2 -3  5 -2 -2 -2 -3 -2 -2 -2  1 -1 -3  2  4 -4 -3 -1   24   0   0   0  13   0   0   1   0   0   3   0   5   2   0  11  41   0   0   0  0.53 0.20
  327 T    0 -2 -1 -2 -3 -2 -2 -2 -3 -4 -4 -2 -3 -4 -3  6  2 -5 -4 -3    1   0   0   0   0   0   0   0   0   0   0   0   0   0   0  90   9   0   0   0  1.24 0.36
  328 L   -1 -4 -5 -5 -3 -4 -4 -4 -5  2  0 -4  0 -2 -4 -3 -2 -5 -3  6    3   0   0   0   0   0   0   0   0   3   5   0   0   0   0   1   0   0   0  86  1.07 0.30
  329 L   -2 -4 -5 -5 -2 -4 -4 -5 -5  5  1 -4  0 -1 -4 -4 -2 -4 -3  4    1   0   0   0   1   0   0   0   0  53  11   0   0   0   0   0   0   0   0  35  0.86 0.23
  330 S    1 -3 -1 -2 -3 -2 -2  4 -3 -4 -4 -2 -3 -4 -3  5 -1 -4 -4 -3   12   0   0   0   0   0   0  37   0   0   0   0   0   0   0  51   0   0   0   0  0.84 0.25
  331 L    4 -2 -3 -4  4 -3 -3  0 -3  3  1 -3  0 -2 -3 -1 -1 -4 -3  0   44   1   0   0  10   0   0   8   0  23  10   0   1   0   0   0   1   0   0   1  0.39 0.17
  332 V   -3 -4 -4 -5 -4 -4 -4 -5 -1 -1 -2 -4 -1  6 -5 -4 -3  0  7  2    0   0   0   0   0   0   0   0   0   0   0   0   0  38   0   0   0   0  44  17  1.26 0.30
  333 Y   -4 -4 -5 -6 -5 -4 -4 -6  0 -4 -3 -4 -3  1 -5 -4 -4  0 10 -4    0   0   0   0   0   0   0   0   1   0   0   0   0   1   0   0   0   0  98   0  2.44 0.47
  334 Y   -4 -4 -5 -6 -5 -4 -5 -6  0 -4 -3 -4 -3  1 -6 -4 -4  0 10 -4    0   0   0   0   0   0   0   0   0   0   0   0   0   0   0   0   0   0 100   0  2.50 0.48
  335 L   -3 -4 -5 -5 -3 -4 -4 -5 -4  3  5 -4  1 -1 -4 -3 -2 -3 -3  1    0   0   0   0   0   0   0   0   0  20  72   0   0   0   0   1   0   0   0   7  0.86 0.23
  336 R   -2  7 -2 -3 -5 -1 -2 -3 -2 -5 -4  3 -3 -5 -4 -2 -3 -2 -4 -4    2  79   0   0   0   0   0   1   0   0   0  16   0   0   0   1   0   0   0   0  1.41 0.33
  337 V   -2 -4 -5 -5 -3 -4 -4 -5 -5  5  2 -4  0  1 -4 -4 -2 -4 -2  4    0   0   0   0   0   0   0   0   0  53  12   0   1   5   0   0   0   0   0  29  0.79 0.22
  338 I   -2 -4 -5 -5 -2 -4 -5 -5 -5  5  0 -4  0 -2 -4 -4 -2 -4 -3  5    1   0   0   0   0   0   0   0   0  48   0   0   0   0   0   0   0   0   0  50  0.99 0.27
  339 R   -3  2 -2 -3 -5  1 -1 -3 -2 -4 -4  7 -3 -1 -3 -2 -2 -4  1 -4    0   9   0   0   0   3   0   0   0   0   0  78   0   4   0   1   0   0   5   0  1.09 0.30
  340 L   -2 -2 -4 -4 -2 -3 -4 -5 -3  4  3 -3  3  1 -4 -3 -1 -3  1  2    0   2   0   0   0   0   0   0   0  28  32   0   9   4   0   1   3   0   5  18  0.46 0.15
  341 F   -3 -4 -4 -5 -3 -3 -4 -5 -4  2  2 -4  9  2 -5 -3 -3 -3 -2  0    0   0   0   0   0   0   0   0   0  11  13   0  66   7   0   1   0   0   0   2  1.25 0.34
  342 W   -3 -4 -4 -5 -4 -3 -4 -5 -1 -1 -2 -3  3  3 -5 -4 -3  7  7  0    0   0   0   0   0   0   0   0   0   3   1   1  10  12   0   0   0  16  49   9  1.23 0.29
  343 T   -3 -4 -1 -3 -4 -4 -4 -4 -3 -1 -1 -4 -2  7 -5 -2  2 -1  2  1    0   0   3   1   0   0   0   0   0   0   0   0   0  64   0   1  16   0   2  12  1.02 0.28
  344 A    0 -1  0  5 -4  1  2  2 -2 -4 -4  1 -3 -4 -2 -1 -1 -4 -4 -4    6   2   0  42   0   8  10  15   0   0   0  11   0   0   1   1   4   0   0   0  0.56 0.17
  345 P    0  2 -1  1 -3  1  4 -3 -2 -3 -3  1 -2 -4  2  0  1 -4 -3 -2    8  13   1   6   0   3  35   0   0   1   0   7   0   0   9   4  11   0   0   3  0.39 0.13
  346 V    1 -2  2  0 -3 -1  1 -1 -2 -2 -2 -1 -2 -4  5  0 -1 -4 -3  0   11   1  15   4   0   0   8   4   0   2   2   1   0   0  35   5   2   0   0   9  0.56 0.15
  347 H    0  1  0  0 -3  3  2 -1  2 -2 -2  2 -2 -3 -2  1  0 -3  0 -1   10   4   1   3   0  20  11   3   6   1   1  19   0   0   0   8   4   0   3   5  0.24 0.10
  348 T    0 -1 -1  1 -3  1  4  0 -2 -2 -3  0 -2 -4  1  0  2 -4 -3 -2    4   2   1   8   0   4  36   7   0   3   1   2   0   0   8   7  15   0   0   2  0.36 0.13
  349 A    1 -2 -1 -1 -1 -1 -1 -1  0  1  0 -1  2  0  1  0  0  5  0  0   13   2   1   5   1   2   3   5   2  16   4   2  10   3   6   7   4  11   1   2  0.14 0.08
  350 A    0 -2 -1 -2 -1 -1 -1 -2 -2  1  1 -2  0  2 -1  1  2 -1  0  1    9   0   3   2   1   2   2   0   1   8  17   0   1  13   2  12  16   0   3   7  0.10 0.07
  351 S   -1 -1 -1  2 -3 -1  1 -2 -2  1  0 -1 -1 -2  3  1  0 -4 -2  0    3   2   1  18   0   1  10   2   0  11   8   2   0   1  17  11   6   0   1   8  0.22 0.08
  352 F    0  0 -2 -2 -3 -1 -2 -2  2  0 -1 -1 -1  2  0 -1  0  4  4  0    6   8   1   2   0   1   0   2   7   7   4   3   1  10   6   3   5   7  19   8  0.20 0.09
  353 T    0 -1 -1 -1 -2  1  0 -2 -2  1  0  0  1 -2 -1 -1  1 -3 -1  2    5   3   1   2   0   8   7   3   0   8   7   5   6   0   2   3   9   0   3  28  0.09 0.07
  354 G    0  3  0  0 -3  2  0  1  0 -3 -3  1 -1 -2  2  1 -1 -3 -2 -2    8  19   2   3   0  11   2  13   2   1   1   9   1   2  12  11   2   0   1   1  0.25 0.09
  355 A    0 -1  3 -1 -2  0 -1  0 -2  0 -1  0  2 -2 -1  1  0 -2 -2  0   10   2  24   2   0   2   1   7   0   4   2   5  11   1   2  14   3   0   0  10  0.15 0.10
  356 P   -1 -2 -2  2 -3 -1  1 -1 -1 -2 -1 -1 -2  0  4  0 -1 -2  4 -2    3   1   0  13   0   1  12   3   0   1   5   2   1   2  20   7   1   0  25   2  0.40 0.15
  357 N   -1  3  1  0 -3  0 -1 -2  0  0  0  1  1 -2  2 -1  0 -3 -2  0    3  21   9   6   0   3   0   2   2   4  11   6   5   0  10   2   7   0   0   8  0.14 0.08
  358 Q   -1  3  0  0 -3  2  2 -2 -1 -2 -1  1 -1 -3  0  1  0 -2 -2 -1    4  23   3   3   0   9  13   1   1   0   7   7   2   0   4  11   3   1   1   7  0.19 0.09
  359 T   -1  0 -1 -1 -2 -1 -1 -1 -2  1  0  1  0  0 -1  1  1  3 -1  1    2   3   2   2   0   1   1   3   0  15   9  13   1   5   1  14  10   5   1  12  0.07 0.07
  360 T    1  0 -1 -1  1 -1  1  0 -2  0 -1  0  0 -2  1  1  0 -1 -2  1   10   6   1   1   3   1  13   7   0   4   4   2   2   0   8  14   6   1   0  15  0.09 0.06
  361 L   -2 -3 -4 -5 -2 -3 -4 -3 -4  2  4 -3  2  2 -4 -2 -1  5 -1  1    1   0   0   0   1   0   0   1   0  10  53   1   4   9   0   3   2   9   0   6  0.57 0.18
  362 T    0  1  0 -2 -2 -1 -1  1 -2  0  1 -1  0 -2 -2  1  2 -2 -2  0    8  11   5   0   0   0   2  11   0   7  19   2   3   0   0  10  16   0   0   4  0.09 0.07
  363 S    1 -2 -2 -2 -2 -2 -2 -1 -3  0  1 -1  2 -1 -2  3  0 -2 -2  1    8   1   0   1   0   0   0   4   0   5  14   4  10   2   0  34   2   1   0  13  0.19 0.13
  364 A    2 -2  1 -2 -1 -2 -2  0 -2  1  0 -1  0  0 -1  1  0 -2 -1  1   27   0   8   0   0   0   0   7   0   9   8   3   2   4   1  14   3   0   1  11  0.12 0.08
  365 C    0 -2  2 -2  3 -2 -2  1 -2  1  1 -2  0  0 -2  0  0 -3 -2  0   10   0  16   0   9   0   1  10   0  10  17   0   3   4   1   7   6   0   0   8  0.12 0.08
  366 A    2 -2 -2 -3  3 -2 -2  0 -3  0  1 -1  1 -1 -2  1  1 -3 -2  1   24   1   0   0   8   0   0   8   0   3  13   3   4   3   0  13   9   0   1  10  0.16 0.10
  367 V    0 -2 -3 -3 -1 -3 -3 -2 -3  3  1 -3  1  2 -3 -1  0 -3 -1  3    7   2   1   0   1   0   0   2   0  26  13   0   3  12   0   3   3   0   1  24  0.29 0.12
  368 A    1 -2 -1 -2 -2 -1  0  0 -2  1  1 -2  0  1 -1  0  1 -3 -1  1   14   0   1   0   0   0  10   6   0  14  12   0   1   7   2   7  10   0   2  12  0.08 0.07
  369 L    0 -3 -4 -4 -2 -3 -3  0 -3  1  3 -3  2  2 -4 -2 -1 -2 -1  1    7   0   0   0   0   0   0   8   0   7  45   0   5  11   0   2   2   0   1  11  0.34 0.14
  370 A    0 -3 -2 -3 -2 -1 -2 -1 -3  1  1 -2  0  3 -2  2  0 -2 -1  0    9   0   0   0   0   3   1   5   0  10  19   0   1  16   1  24   4   0   1   7  0.17 0.11
  371 F   -1 -3 -3 -4  0 -3 -3 -1 -2  0  1 -3  0  5 -1 -2  2 -1  3  1    4   0   0   0   2   0   0   4   0   4  15   0   1  32   3   1  16   0   9  10  0.36 0.15
  372 A    0 -3 -1 -3  0 -3 -3  0 -3  2  1 -3  0  3 -2 -1  1 -2  0  1    7   0   3   0   2   0   0   7   0  13  18   0   1  18   1   3  11   0   3  14  0.17 0.09
  373 P   -1 -3 -2 -3 -3 -3 -3  0 -3  1  2 -3  1  1  4 -1  0 -2 -1  0    3   0   1   0   0   0   0  10   0   9  29   0   4   7  21   5   4   0   1   5  0.31 0.12
  374 V   -1 -3 -3 -4 -1 -3 -4  2 -3  3  2 -3  1  3 -3 -2 -2  0  0  2    1   0   0   0   1   0   0  21   0  21  17   0   3  15   1   2   0   1   1  16  0.29 0.12
  375 M   -2 -4 -2 -4 -2 -3 -4 -2 -3  3  2 -4  3  5 -3 -3 -2 -2  1  1    1   0   3   0   1   0   0   4   0  19  20   0   9  33   1   0   1   0   3   6  0.46 0.16
  376 L   -1 -3 -3 -4 -2 -3 -3 -2 -2  1  2 -3  0  4 -2  0 -1  1  3  1    3   0   0   0   0   0   0   3   0   9  21   0   2  25   2   9   3   2  12  10  0.30 0.11
  377 V   -1 -4 -4 -4 -2 -3 -4 -2 -4  4  1 -3  4 -1  3 -3 -2 -4 -2  3    4   0   0   0   0   0   0   2   0  31  11   0  14   1  13   0   0   0   0  23  0.48 0.16
  378 K   -1 -1  4  0 -3 -1 -1  0 -1 -3 -1  1 -1 -1 -2  1 -1  1  4 -2    2   0  25   3   0   0   2   6   0   0   5  15   2   1   1  15   1   2  20   1  0.29 0.13
  379 P   -3 -3 -4 -3 -5 -2 -3 -4 -4 -4 -3 -3 -4 -1  8 -2 -2 -5 -4 -4    0   1   0   0   0   1   0   0   0   0   2   0   0   4  89   1   2   0   0   0  2.28 0.35
  380 F   -3 -4 -4 -5 -3 -4 -4 -5 -3  4  3 -4  0  5 -4 -4 -2 -2  0  1    0   0   0   0   0   0   0   0   0  40  27   0   0  32   0   0   0   0   0   0  0.67 0.16
  381 V   -2 -3 -4 -4 -2 -3 -4 -4 -3  4  2 -3  2  2 -4 -3 -1 -2  0  3    0   0   0   0   0   0   0   0   0  42  10   0   6  12   0   0   0   0   2  28  0.45 0.10
  382 I   -2 -3 -4 -4 -2 -3 -3 -4 -4  3  4 -3  2  0 -3 -3 -1 -3 -2  2    0   0   0   0   0   0   0   0   0  36  54   0   0   0   0   0   0   0   0  10  0.45 0.05

                      K         Lambda
Standard Ungapped    0.1422     0.3336
Standard Gapped      0.0565     0.2670
PSI Ungapped         0.1845     0.3187
PSI Gapped           0.0565     0.2670
