
Last position-specific scoring matrix computed, weighted observed percentages rounded down, information per position, and relative weight of gapless real matches to pseudocounts
           A  R  N  D  C  Q  E  G  H  I  L  K  M  F  P  S  T  W  Y  V   A   R   N   D   C   Q   E   G   H   I   L   K   M   F   P   S   T   W   Y   V
    1 M   -1 -2 -3 -4 -2 -1 -3 -3 -2  1  2 -2  7  0 -3 -2 -1 -2 -1  0    0   0   0   0   0   0   0   0   0   0   0   0 100   0   0   0   0   0   0   0  0.64 0.06
    2 A    5 -2 -2 -2 -1 -1 -1  0 -2 -2 -2 -1 -1 -3 -1  1  0 -3 -2  0  100   0   0   0   0   0   0   0   0   0   0   0   0   0   0   0   0   0   0   0  0.52 0.04
    3 Q   -1  1  0 -1 -3  6  2 -2  2 -3 -3  1 -1 -4 -2  0 -1 -2 -1 -3    0   0   0   0   0  93   0   0   7   0   0   0   0   0   0   0   0   0   0   0  0.78 0.05
    4 I    1 -3 -3 -3 -1 -3 -3 -3 -3  4  1 -3  1 -1 -1 -2 -1 -3 -2  2   19   0   0   0   0   0   0   0   0  79   0   0   0   0   2   0   0   0   0   0  0.32 0.03
    5 L   -1 -3 -4 -4 -1 -2 -3 -4 -3  2  4 -3  2  0 -3 -2 -1 -2 -1  2    0   0   0   0   0   0   0   0   0   0  80   0   0   0   0   0   2   0   0  18  0.45 0.03
    6 A    4 -2 -2 -2 -1 -1 -1 -1 -2 -1 -1 -1 -1 -2 -1  1  0 -3 -2  1   82   0   0   0   0   0   0   0   0   0   0   0   0   0   0   0   2   0   0  16  0.42 0.05
    7 A    2 -2 -2 -2 -2 -1 -1 -2 -2 -3 -3 -1 -2 -4  7  1 -1 -4 -3 -2   28   0   0   0   0   0   0   0   0   0   0   0   0   0  62  10   0   0   0   0  1.20 0.06
    8 S    2 -1  0 -1 -1 -1 -1 -1 -1 -2 -3 -1 -2 -3 -1  4  1 -3 -2 -1   26   0   2   0   0   0   0   0   0   0   0   0   0   0   0  65   7   0   0   0  0.44 0.05
    9 P    1 -2 -1 -2 -2 -1 -1 -1  2 -1  0 -1  3 -2  3  0  2 -3 -1  0   15   0   0   0   0   0   0   3  10   0   2   0  22   0  18   5  20   0   0   4  0.24 0.03
   10 T    1  0  0 -1 -2  5  1 -2 -1 -2 -2  0 -1 -3 -2  0  2 -3 -2 -2   11   2   0   0   0  58   3   0   0   0   0   0   0   0   0   0  26   0   0   0  0.47 0.05
   11 C   -1 -2 -3 -3  7  1 -2 -3 -2 -2 -2  0 -2 -1 -3 -2 -2  8  0 -2    0   0   0   0  43  11   0   0   0   0   2  10   0   0   0   0   0  32   0   2  0.98 0.06
   12 Q   -1  1 -1 -1 -3  6  1 -2  0 -3 -2  1  2 -3 -2  0 -1 -3 -2 -2    0   4   0   0   0  75   0   0   0   0   0   2  10   0   0   8   0   0   0   0  0.65 0.08
   13 M   -1 -2  0 -3  2 -1 -3 -3 -2  1  2 -2  5 -1 -3 -2  0 -2 -2  1    2   0   8   0   7   0   0   0   0   0  19   0  46   0   0   0   5   0   0  14  0.30 0.06
   14 R   -1  5 -1 -2 -3  0 -1  1 -1 -4 -3  1 -2 -3 -2  1 -1 -3 -2 -3    0  64   0   0   0   0   0  16   0   0   0   3   0   0   0  17   0   0   0   0  0.58 0.07
   15 V    0 -3 -3 -4 -1 -2 -3 -3 -3  3  2 -3  2  0 -3 -2 -1 -2 -1  3    7   0   0   0   0   0   0   0   0  30  23   0   6   3   0   0   2   0   0  29  0.30 0.03
   16 P    0 -1 -1 -2 -2 -1 -2 -2 -2  1 -1 -1  1 -2  4  0  3 -3 -2  0    4   3   0   0   0   0   0   0   0  13   2   2   8   0  27   4  32   0   0   5  0.40 0.05
   17 K    0  2 -1 -1 -3  0  0 -1 -1 -1 -2  4 -1 -3 -1 -1  0 -3 -2 -2    7  10   0   0   0   0   0   5   0   7   0  61   1   0   2   0   6   0   0   0  0.37 0.07
   18 H    0 -1  1 -1 -2 -1 -1 -1  4 -1  0  0 -1 -2 -1  2  1 -3 -1 -1    5   2  10   0   0   0   0   2  17   1  18   3   0   0   2  25  14   0   0   0  0.16 0.04
   19 S    0 -1  0  1  2 -1  0 -1 -2 -2 -1 -1 -1 -3 -1  4  1 -3 -2 -1    3   3   0   6   6   0   5   0   0   0   7   0   0   0   1  61   5   0   0   2  0.32 0.07
   20 S    1  0  1  1 -2 -1 -1 -1 -2 -2 -2 -1 -1 -3  2  2  2 -3 -2 -1   17   7   6   7   0   0   0   0   0   0   0   0   1   0  12  28  15   0   0   5  0.26 0.05
   21 V    2 -2  0 -1  0 -1 -1 -1 -1  1 -1 -1  0 -1  0  0  2 -3 -2  2   28   0   7   3   1   0   0   0   1   7   1   0   4   2   5   2  16   0   0  21  0.12 0.04
   22 I    3 -1 -2 -3 -1 -2 -2 -2 -2  1  1 -1  0  1  1  0 -1 -2 -1  0   40   4   0   0   0   0   0   0   0  15  16   3   0  10   6   5   0   0   0   0  0.15 0.05
   23 A    2  0  0 -2 -2  0 -1  1 -2 -1  0  0  0 -2  1  1  0 -3 -2 -1   25   7   3   0   0   1   0  11   0   0  14   6   4   0   6  16   4   0   0   0  0.13 0.03
   24 S    1 -1 -1  0 -2 -1 -1  0  1 -2 -2  0  1 -3  4  1  1 -3 -2 -2   19   0   0   6   0   0   0   5   5   0   2   7   7   0  25  15   8   0   0   0  0.35 0.04
   25 S    2 -2  0 -1 -1 -1  0  1 -2 -2 -2 -1 -1 -3 -1  3  3 -3 -2 -1   16   0   0   0   0   0   3  13   0   1   0   0   2   0   0  29  33   0   0   0  0.31 0.06
   26 S    1 -2 -1 -1 -2  0 -1  2 -2 -1 -2 -1 -2 -3  2  3  2 -3 -2 -2   12   0   0   0   0   3   0  16   0   4   0   0   0   0   9  40  14   0   0   0  0.34 0.07
   27 K    0  3  1 -1 -3  1  0  0 -1 -1 -1  3 -1 -3 -2  0 -1 -3 -2 -2   11  27   7   0   0   3   0   5   0   4   5  31   0   0   0   5   0   0   0   0  0.28 0.06
   28 L    0 -2 -2 -2 -2 -1 -1 -1 -2  0  2 -2  3  2  0 -1  0 -2  0  0   10   0   0   0   0   0   5   4   0   0  27   1  17  16   4   4   4   0   0   7  0.13 0.05
   29 W    1 -3 -3 -3 -2 -2 -3 -2 -3  0  1 -3 -1  1  0  0 -2  9  0 -1   15   0   0   0   0   0   0   0   0   6  14   0   0   4   4   8   0  44   0   2  0.97 0.12
   30 S    1 -1  0 -1 -2 -1 -1  1 -2  0 -1  0 -1 -2  1  2  2 -3 -2  0   13   0   2   0   0   0   0  12   0   8   4   5   0   0   7  28  14   0   0   5  0.18 0.04
   31 S    1  1  1 -1 -2 -1 -1  1 -1 -2 -3  0 -2 -3 -2  3  1 -3 -2 -1   14   7   9   0   0   0   0   7   0   0   0   4   0   0   0  46   8   0   0   4  0.31 0.07
   32 V    1 -2 -2 -3  1 -2 -2 -1  0  1  2 -2  0  0  2 -1 -1 -2 -1  2   12   0   0   0   3   0   2   5   3   8  28   0   0   3   9   4   0   0   0  20  0.12 0.03
   33 V    0  0 -1 -2 -1 -1 -2 -2 -2  1  1 -1  0  0 -2  0  0 -3 -1  3   10   5   4   0   0   3   0   0   0   5  19   0   0   2   0   6   7   0   0  37  0.13 0.05
   34 L   -1  1 -2 -2 -2 -1 -2 -1 -2  0  2 -1  1  0  0  0  1  1 -1  0    1  14   0   0   0   0   1   4   0   4  32   0   5   4   3   9  13   2   0   5  0.10 0.04
   35 K    0  1  1 -1 -2  1  0 -1  0 -1 -1  3 -1 -2  1 -1 -1  1 -2  0    5   2   6   3   0   5   1   3   3   1   7  41   0   0   6   1   1   3   0  12  0.18 0.05
   36 Q    0  2 -1  0 -3  5  0  1 -1 -1 -2  1 -1 -3 -2  0 -1 -3 -2 -2    8  14   0   4   0  44   1   9   0   5   1   3   0   0   1   6   2   0   0   1  0.34 0.08
   37 K    0  2  2 -1 -2  1  1 -1 -1 -1 -2  2 -1 -3 -2  1  0 -3 -2 -1    4  16  17   0   0   8   5   3   0   4   3  22   0   0   0  10   2   0   0   3  0.21 0.04
   38 K    0  3 -1 -1 -3  2  0 -2  2 -2 -2  3 -2 -3 -1  1  0 -3 -2 -2    3  26   0   0   0   8   2   0   6   3   1  26   0   0   2  13   7   0   0   0  0.32 0.06
   39 Q   -1  2 -1  0 -3  2  1  2 -1 -3 -2  2  0 -3  1  0  0 -3 -2 -2    0  10   0   4   0  15   4  17   0   0   4  23   3   0   7   8   3   0   0   0  0.25 0.05
   40 S    1  0 -1 -2  0 -1 -1  1 -1 -1  0 -1 -1 -2 -2  2  1  2 -2  1   11   4   0   0   2   0   4  12   1   0   8   0   0   0   0  30   7   3   0  17  0.13 0.05
   41 N    1  0  1 -1  0 -1 -1  1 -2  0  1 -1  0 -1  0  1  1 -3 -2 -1   16   5  11   0   2   0   2   9   0   6  21   0   0   3   3   8  13   0   0   0  0.07 0.04
   42 N    0  1  2 -1 -2  0  0 -1  1 -1 -1  0 -1 -2  1  2  2 -3 -2 -1    9   7  12   0   0   4   6   0   3   6   3   3   0   0   8  18  17   0   0   3  0.17 0.04
   43 K    1  1 -1 -2 -2  1  0  0  0 -2 -1  3  1 -2  0  1  0  1 -1 -1   11   7   0   0   0   4   0   6   3   0   2  31   6   0   3  13   4   2   2   5  0.15 0.05
   44 V    1 -2  0 -2  1 -1 -2 -1  0  1  0 -2  1 -1 -2  1  1 -2  0  2   11   0   4   0   3   0   0   3   2   7   9   0   5   0   0  17  10   0   4  24  0.10 0.04
   45 R    1  3  1 -1 -2  1 -1 -2 -1 -2 -2  1 -2 -3  0  3  2 -3 -2 -2    7  20   6   0   0   4   0   0   0   2   3   7   0   0   4  33  12   0   0   0  0.28 0.08
   46 G    0  0  0 -1 -1  1 -1  3 -2 -2 -1  1  0 -2  1  1  0 -3 -2 -2    8   4   4   2   1   9   0  27   0   0   5   8   5   2   6  15   5   0   0   0  0.19 0.05
   47 F    0  1 -3 -3 -2 -2 -3 -3 -2  0  1 -2  2  5 -3  0 -2 -1  2 -1   12  11   0   0   0   0   0   0   0   2  13   0   8  40   0   7   0   0   4   2  0.35 0.10
   48 R   -1  5  0  0 -3  0 -1 -2 -1 -3 -2  3 -2 -3 -1  1  0 -4 -3 -2    4  48   2   4   0   1   0   0   0   0   2  18   0   0   2   9   7   0   0   2  0.52 0.12
   49 V    0 -2 -2 -2 -2  0 -1 -2  0  2  0 -1  0 -1 -2  0  2 -3 -2  3    8   1   0   0   0   4   1   2   4  11   6   1   1   1   1   7  16   0   0  34  0.15 0.07
   50 L   -1 -2 -3 -4  1 -2 -3  0 -3  1  2 -2  6  2 -2 -2 -2 -3 -2  1    3   2   0   0   3   0   1   7   0   7  22   1  34   8   2   3   0   0   0   8  0.35 0.14
   51 A    3 -1 -1 -2  0  0  0 -1 -2 -1  1 -1  0 -2 -1  1  0 -3 -2 -1   43   1   1   1   2   6   6   3   0   0  19   2   2   0   3   7   3   0   0   1  0.22 0.11
   52 L    0 -1 -1 -2  0 -1 -1 -2  0  0  2  0  4 -1 -2  0  0 -2 -1  1    5   3   2   0   1   1   3   2   2   2  21   5  20   2   1  10   6   0   1  12  0.12 0.08
   53 Q    1  0  1  1 -2  2  0 -1  1 -2 -2  0 -1 -3  0  1  2 -3 -2 -1   10   3   8   7   1  12   5   4   4   0   2   5   1   0   3  10  21   0   1   4  0.18 0.08
   54 S    1 -3 -1 -2 -3 -1 -1 -1  0 -3 -2 -2 -2 -1 -1  5  1 -4 -1 -2    8   0   1   0   0   1   2   2   2   0   4   0   0   3   1  64   8   0   2   1  0.64 0.27
   55 D    1 -1  0  2 -3 -1  1 -1  2 -3 -2  0 -2 -3  4  1  0 -4 -3 -2   16   1   2  13   0   1   9   4   7   0   3   6   0   1  24   8   6   0   0   1  0.39 0.13
   56 N   -1  0  4  0 -2 -1 -1 -1  1 -3 -3  0 -2 -4 -1  4  1 -4 -2 -3    3   4  27   3   0   1   1   1   3   1   2   3   1   0   2  40   6   0   1   1  0.48 0.21
   57 S    3 -2 -1 -2 -2 -1 -2  0 -2 -3 -3 -1 -2 -3  0  3  2  2 -1 -2   30   0   1   1   0   1   0   4   1   0   0   2   1   0   4  33  18   3   2   1  0.46 0.21
   58 T    0  1  0 -2 -2  1 -1 -1  2  0 -1  1 -1 -1 -2  1  1 -3  0  1    9  11   4   1   0   8   0   3   8   7   2   9   0   1   1   8  14   0   3  11  0.10 0.08
   59 V   -1 -3 -3 -3 -2 -2 -3 -4 -2  2  3 -1  4 -1 -2 -1  1 -3 -2  1    2   0   0   1   0   1   0   0   1  15  36   3  15   2   1   5   8   0   0   9  0.37 0.17
   60 N    0 -2  4  2 -2 -1  1 -2 -2 -4 -3 -1 -3 -4 -1  4  1 -4 -2 -3    5   1  25   9   0   1   8   1   0   0   2   1   0   0   2  35   7   0   1   1  0.49 0.22
   61 R   -2  3  2 -1 -4  1 -1 -3  0 -3 -1  4 -1 -3 -2  0 -2 -4 -1 -2    1  17  11   3   0   4   1   0   2   0   7  39   1   0   1   7   0   0   2   2  0.44 0.20
   62 V    1 -1 -1 -2 -2 -2 -2 -2 -2  0  2  0  0 -1 -1  0  2 -3 -1  1   11   3   2   1   0   0   0   2   0   4  30   8   1   2   3   4  20   0   2   8  0.14 0.12
   63 E    1 -1  0  2 -2  2  2 -2 -2  0 -1 -1 -1 -3 -2  1  0 -4 -3  0   15   3   3  15   0  12  14   1   0   6   5   0   0   0   0  11   6   0   0   8  0.19 0.12
   64 T   -1  1  1  2 -3  2  0 -2  0  0  0  1  0 -2 -1 -1  0 -3 -2 -1    4   8   9  15   0  13   2   1   3   7  14  10   1   0   2   0   7   0   1   3  0.13 0.10
   65 L   -2 -2 -2 -1 -3  0 -2 -3 -1 -1  4 -1  0  2 -4 -3 -2 -1  4 -1    2   2   2   4   0   4   1   1   1   1  47   3   1   8   0   1   1   0  22   1  0.49 0.22
   66 L    0  2  0 -2 -2  1 -1 -2 -1  0  1  1  3 -2 -2 -1 -1 -3 -2  0    7  12   5   2   0  10   3   3   1   5  15   8  16   1   2   3   1   0   1   8  0.13 0.11
   67 N   -2  1  4  0 -4  0 -1 -1  0 -4 -3  3 -3 -1 -1 -1 -1 -2  4 -3    1   6  28   3   0   4   2   3   1   0   1  24   0   2   3   3   1   0  16   0  0.47 0.21
   68 L   -3 -3 -3 -5 -4 -3 -3 -5 -2 -1  4 -4  2  2 -2 -4 -3 -1  6 -2    0   1   1   0   0   1   1   0   0   1  50   0   4   6   2   0   0   0  31   0  0.87 0.31
   69 D   -1 -1  2  3 -3 -1  0 -2 -1 -2  1 -1  3 -2  0  0 -1 -3 -2 -2    4   1  13  25   0   2   4   2   1   1  14   3  14   1   5   6   3   0   0   1  0.25 0.14
   70 T    0  0  0  0 -2  0  0 -2 -1  0  2  0  0 -1 -2  0  0 -2 -1  0    7   4   3   5   0   4   7   2   2   6  31   6   1   1   1   7   6   0   2   5  0.06 0.06
   71 K   -1 -1 -1 -1 -2 -1  0 -2 -1 -1  3 -1  0 -2  3  1  0 -3 -1 -1    3   3   1   2   0   2   5   1   2   1  35   2   0   1  17  14   6   0   2   1  0.25 0.13
   72 P   -2 -3  0  4 -3  1  0 -2 -2 -3 -2 -2 -2 -3  5 -1 -1 -4 -3 -2    1   0   4  31   0   8   4   1   1   1   5   1   1   1  34   2   2   0   1   2  0.79 0.24
   73 Y   -2 -1 -2 -2  3  6 -1 -3  0 -2 -2 -1  1 -1  2 -1  0 -3  0 -2    1   2   1   1   6  48   1   1   2   2   3   2   4   3  11   4   5   0   3   1  0.63 0.27
   74 S    0  1  0  0 -1  0  1  3  0 -3 -3  1 -1 -3 -1  1  2 -3 -1 -2    4   8   3   6   2   2   9  23   2   1   1   8   2   1   1  10  15   0   2   2  0.21 0.10
   75 D   -2 -2  2  5 -4 -1  2  3 -2 -4 -4 -1 -4 -4 -3 -1 -1 -4 -3 -4    2   0  12  33   0   1  12  28   0   0   0   2   0   0   0   3   3   0   1   1  0.67 0.23
   76 R   -2  2  0 -2 -3  0 -1 -2  0 -2 -4  6 -2 -2 -3  0 -1 -4 -2 -2    2   8   3   1   1   2   1   1   2   3   0  61   0   2   0   6   3   0   1   3  0.77 0.31
   77 I   -1 -4 -4 -5  3 -4 -4 -5 -4  4 -1 -4  0  0 -4 -1  0 -2  0  5    3   0   0   0   6   0   0   0   0  31   1   0   1   3   0   5   4   0   3  44  0.72 0.29
   78 I   -2 -1 -3 -3 -2  5 -2 -4 -2  3  0  3  3 -3 -4 -3 -2 -4 -3 -1    1   2   0   0   1  35   0   0   0  22  10  17   8   0   0   0   1   0   0   2  0.63 0.31
   79 A    5 -4 -4 -4  1 -3 -4 -3 -4 -1  0 -3 -2 -3 -3 -2 -2 -5 -4  2   68   0   0   1   3   0   0   0   0   1  10   0   0   1   0   0   0   0   0  16  0.92 0.38
   80 E   -3 -3 -2 -1 -5 -1  6 -5 -3 -4 -3 -2  4 -5 -4 -2  3 -5 -4 -3    0   0   1   1   0   0  62   0   0   0   0   1  14   0   0   1  20   0   0   0  1.20 0.45
   81 Y   -5 -5 -6 -7 -3 -5 -5 -7 -2 -5 -4 -5 -4  0 -6 -5 -5 -1 10 -5    0   0   0   0   1   0   0   0   0   0   0   0   0   0   0   0   0   0  99   0  3.04 0.75
   82 I   -3 -5 -6 -6 -3 -5 -5 -6 -6  6  0 -4 -1 -3 -5 -4 -3 -5 -4  5    0   0   0   0   0   0   0   0   0  59   4   1   0   0   0   0   0   0   0  36  1.32 0.42
   83 W   -7 -7 -8 -8 -4 -6 -7 -7 -6 -7 -6 -7 -5 -2 -8 -7 -6 13 -1 -7    0   0   0   0   0   0   0   0   0   0   0   0   0   1   0   0   0  99   0   0  4.70 0.94
   84 I   -2 -5 -5 -5 -3 -5 -5 -6 -4  6  2 -3  0 -2 -5 -4 -2 -5 -3  3    1   0   0   0   0   0   0   0   0  66  15   2   1   0   0   0   1   0   0  14  1.16 0.38
   85 G   -4 -4  0  7 -6 -3 -1  3 -4 -6 -6 -3 -5 -6 -3 -2 -4 -6 -6 -6    0   0   2  74   0   0   0  21   0   0   0   0   0   0   1   1   0   0   0   0  1.68 0.49
   86 G    0 -5 -3 -3 -5 -4 -4  7 -4 -6 -6 -3 -5 -5 -4 -1 -4 -5 -5 -3    8   0   0   0   0   0   0  84   0   0   0   0   0   0   0   4   0   0   0   2  1.71 0.47
   87 S   -1 -2 -1  0 -1 -2  0 -3  0 -3 -3 -1 -3 -2  0  3  5 -3  3 -2    2   1   2   6   1   0   4   0   2   0   0   2   0   1   4  23  40   0  11   1  0.54 0.28
   88 G   -2 -3  1 -1 -4 -2 -2  6  0 -5 -5 -3 -3 -5 -4 -2  2 -4 -4 -4    1   1   5   3   0   1   2  66   3   0   0   1   1   0   0   0  16   0   0   0  1.14 0.36
   89 I    0 -1 -2 -1 -3  2  4 -2  0  0 -1 -1  2 -2  2 -1 -1 -3 -2 -1    7   2   1   2   0   9  37   2   2   8   3   2   7   1  11   2   2   0   1   3  0.37 0.18
   90 D   -2 -1  4  4 -4 -1  0  3  1 -4 -4  0 -3 -3 -2  0  0 -4 -2 -4    1   1  21  25   0   2   3  22   4   0   1   6   0   1   1   4   4   0   1   0  0.52 0.20
   91 L   -3 -4 -5 -5  0 -4 -4 -5 -3  2  5 -4  4 -1 -4 -4 -1 -3 -1  1    1   0   0   0   2   0   0   0   1   8  63   0  11   0   1   0   3   0   1   8  0.82 0.30
   92 R   -4  8 -3 -4 -6 -1 -3 -5 -3 -6 -5 -1 -4 -6 -5 -4 -4 -6 -5 -5    0  96   1   0   0   2   0   0   0   0   0   0   0   0   0   0   0   0   0   0  2.30 0.61
   93 S    0 -4 -1 -3  6 -3 -3  0 -4 -4 -3 -3 -2 -4 -4  6 -1 -2 -3 -4    4   0   2   0  20   0   0   6   0   0   2   0   1   0   0  63   0   0   1   0  1.11 0.42
   94 K   -4  0 -3 -4 -6 -2 -2 -4 -4 -6 -5  8 -4 -6 -4 -3 -4 -6 -5 -5    0   2   0   0   0   0   0   0   0   0   0  97   0   0   0   0   0   0   0   0  2.05 0.59
   95 S    1 -3 -2  1  0 -3 -3 -1 -4 -3 -4 -3 -1 -4 -3  1  6 -5 -3 -2   14   0   0   9   2   0   0   5   0   0   0   0   1   0   1   9  58   0   0   0  0.85 0.36
   96 R   -3  7 -3 -4 -5 -1 -2 -4 -3 -4 -4  4  0 -5 -4 -3 -1 -5 -4 -5    0  63   0   0   0   1   0   0   0   0   0  27   3   0   0   0   4   0   0   0  1.43 0.45
   97 T   -2 -4 -3 -4 -2 -3 -2 -4 -4  2 -2 -3 -2 -3 -4 -1  6 -5 -3  2    0   0   0   0   1   0   2   0   0  12   1   0   0   0   0   0  66   0   1  16  1.11 0.42
   98 I   -3 -3 -4 -4 -2 -3 -1 -4 -4  2  4 -3  2  1 -4 -4 -2 -3  0  2    0   1   0   0   0   0   5   1   0   9  57   2   4   6   0   0   0   0   2  12  0.63 0.25
   99 E   -1 -2  2  5 -3 -1  1 -2  0 -4 -4  0 -3 -2  2  1  0 -4 -1 -3    3   1   8  36   0   2  10   1   2   0   1   5   0   1  11  11   4   0   3   1  0.53 0.21
  100 K   -1  0  0  1 -1 -1  0  1  1 -3 -2  2 -2  3 -3  0 -1 -2  2 -2    4   2   4   8   1   2   6  13   3   0   1  21   0  16   0   6   3   0   7   1  0.19 0.13
  101 P   -1  0 -2  0 -3  0  2 -3 -2  0 -2  2 -1  1  4 -1 -1 -3 -2  1    3   3   1   3   0   2  20   1   0   6   2  14   2   9  19   2   3   0   0  10  0.29 0.15
  102 V   -1 -3 -2 -2 -3 -2 -1 -3 -4  1 -2 -1 -2 -2  6  0 -2 -2 -3  2    4   0   2   1   0   1   3   1   0   8   2   3   0   2  46   6   1   1   0  20  0.89 0.29
  103 E    0  0  0 -1 -3  1  1  0 -2 -3 -3  4 -2 -3 -2  1  2 -2  0 -3    5   2   3   2   0   5   8   9   0   0   1  32   0   0   1  10  16   0   4   0  0.34 0.19
  104 D    0 -1  0  3  1 -1  0 -1  1 -2 -3  2 -3 -4 -2  3  1 -4 -2 -2    4   1   2  18   3   1   2   4   4   2   0  14   0   0   0  30  11   0   1   2  0.35 0.20
  105 P    0 -4 -3 -4 -3 -3 -3 -1 -2  2  2 -3 -1 -2  5 -2 -2 -4 -3  2    9   0   1   0   0   0   0   4   1  17  21   0   0   1  29   0   0   0   0  15  0.57 0.23
  106 S    0 -2  0  2 -4 -1  4 -2 -2 -4 -4  2 -3 -4 -3  2 -1 -4 -4 -3    8   0   2  13   0   0  37   2   0   0   0  12   0   0   0  22   1   0   0   1  0.61 0.27
  107 E   -2 -2 -1  6 -4  2  4 -3 -3 -5 -5  0 -4 -5 -3 -2 -2 -5 -4 -4    2   1   1  49   0   9  28   1   0   0   1   6   0   0   0   1   1   0   0   0  1.05 0.34
  108 L   -3 -4 -5 -5  4 -4 -4 -5 -4  2  5 -4  0  0 -2 -4 -3 -3  0  0    1   0   0   0   9   0   0   0   0   8  68   0   1   4   3   0   0   0   3   3  0.87 0.30
  109 P   -3 -2 -4 -2 -5 -3 -1 -3 -4 -5 -5 -2 -5 -6  8 -2 -4 -6 -5 -5    0   2   0   2   0   0   4   1   0   0   0   2   0   0  85   2   0   0   0   0  2.33 0.54
  110 K   -2 -1  0  1 -3  0  3 -3 -2  2  0  2  1 -3 -3 -2 -1  1 -2  1    1   1   3   7   0   1  23   0   0  15   5  15   5   0   0   1   4   3   0  14  0.22 0.15
  111 W   -4 -6 -7 -7 -5 -5 -6 -6 -6 -6 -4 -6 -5 -3 -7 -6 -6 13 -1 -6    2   0   0   0   0   0   0   0   0   0   1   0   0   0   0   0   0  94   0   0  4.27 0.83
  112 N   -3 -2  7  0 -4 -1 -2  2 -1 -5 -5 -2 -3 -5 -4  1 -1 -5 -2 -5    0   0  62   3   0   2   0  15   1   0   0   0   1   0   0   9   4   0   2   0  1.16 0.38
  113 Y   -4 -5 -5 -6 -5 -5 -5 -5 -2 -3 -2 -5 -3  8 -6 -5 -4 -1  7 -3    0   0   0   0   0   0   0   0   0   0   2   0   0  61   0   0   0   0  34   0  1.93 0.49
  114 D   -3 -4 -1  8 -6 -3 -1 -4 -4 -6 -6 -3 -6 -6 -2 -3 -4 -7 -6 -6    2   0   1  94   0   0   0   0   0   0   0   0   0   0   2   0   0   0   0   0  2.24 0.58
  115 G   -2 -5 -3 -4 -5 -4 -5  7 -5 -6 -6 -4 -5 -3 -5 -3 -4 -5 -5 -6    0   0   0   0   0   0   0  97   0   0   0   0   0   2   0   0   0   0   0   0  2.16 0.54
  116 S   -2 -4 -2 -3 -1 -3 -3 -3  0 -5 -5 -3 -4 -2 -4  7 -1 -5 -4 -4    0   0   0   0   1   0   0   0   2   0   0   0   0   1   0  94   1   0   0   0  1.69 0.57
  117 S   -2 -3 -1 -3 -4 -1 -3 -2 -4 -5 -4 -3 -4 -3 -4  7 -1 -5 -3 -4    0   0   1   0   0   1   0   1   0   0   1   0   0   1   0  92   0   0   1   0  1.58 0.54
  118 T   -3 -4 -3 -4  2 -2 -2 -4 -4 -4 -4 -3 -3 -5 -4 -1  7 -5 -4 -3    0   0   0   0   4   1   2   0   0   0   0   0   0   0   0   0  90   0   0   0  1.79 0.57
  119 G   -1 -2  3  0 -4 -1 -1  4  0 -4 -4 -1 -1  0 -4 -2 -3 -2  4 -4    2   1  17   5   0   3   4  38   1   0   1   3   1   3   0   1   0   0  19   0  0.61 0.26
  120 Q   -4 -2 -3 -3 -6  9  0 -5 -2 -6 -5 -2 -4 -6 -4 -3 -4 -5 -4 -5    0   0   0   0   0  96   2   0   1   0   0   0   0   0   0   0   0   0   0   0  2.42 0.69
  121 A    6 -4 -4 -3 -3 -3 -3 -2 -4 -4 -4 -3 -3 -5 -3  1 -2 -5 -4 -3   88   0   0   1   0   0   0   1   0   0   0   1   0   0   0   8   0   0   0   0  1.43 0.48
  122 P   -2 -2 -2  0 -3 -1  4 -4 -1 -4 -2 -1 -4 -5  6 -1  0 -5 -4 -3    2   1   1   3   0   1  33   0   1   0   4   3   0   0  40   4   5   0   0   2  0.98 0.33
  123 G   -2 -4 -3 -4 -5 -4 -4  7 -5 -6 -5 -4 -5 -5 -2 -3 -1 -5 -5 -5    0   0   0   0   0   0   0  90   0   0   1   0   0   0   2   0   4   0   0   0  1.87 0.49
  124 E   -1  0  0  2 -3  0  2  1  4 -3 -3  0 -3 -4 -3  2 -1 -4 -2 -3    2   5   3  15   0   1  17  10  13   1   1   4   0   0   0  24   1   0   0   1  0.40 0.20
  125 D   -1 -3  6  5 -1 -2 -1 -2 -2 -5 -5 -1 -4 -3 -4  1 -2 -2 -4 -5    4   0  42  33   1   0   1   1   0   0   0   2   0   1   0  12   0   1   0   0  1.04 0.36
  126 S   -1 -4 -2 -3 -4 -3 -3 -3 -4 -4 -5 -3 -4 -5 -4  7 -1 -5 -4 -4    1   0   0   0   0   0   0   0   0   1   0   0   0   0   0  95   1   0   0   1  1.74 0.58
  127 E   -4 -4 -2  7 -6 -2  4 -4 -3 -6 -6 -3 -5 -6 -4 -3 -4 -6 -5 -5    0   0   0  67   0   0  31   0   0   0   0   0   0   0   0   0   0   0   0   1  1.72 0.49
  128 V   -2 -1 -4 -5  6 -4 -4 -5 -5  2 -1 -4  4 -3 -4 -3  1 -4 -3  5    0   4   0   0  17   0   0   0   0   9   2   0  14   0   0   0   7   0   0  46  0.86 0.33
  129 I   -3 -3 -4 -5 -4 -4 -4 -5 -2  4  1 -3  0  2 -5 -4 -2  0  7  1    0   1   0   0   0   0   0   0   0  25  11   1   1   8   0   0   2   1  40   9  0.91 0.32
  130 L   -4 -5 -6 -6 -4 -5 -5 -6 -5  2  6 -5  1 -2 -5 -5 -4 -4 -2 -1    0   0   0   0   0   0   0   0   0   7  88   0   3   0   0   0   0   0   1   0  1.41 0.44
  131 Y   -3  3 -2 -3  0  0 -2 -4  1  1 -3  4 -2 -1 -4 -2 -2 -1  4  0    0  18   1   0   2   3   1   0   4  10   0  35   0   1   0   1   0   0  18   6  0.57 0.28
  132 P   -3 -5 -5 -5 -6 -4 -4 -5 -5 -5 -6 -4 -6 -7  9 -4 -4 -7 -6 -5    1   0   0   0   0   0   0   0   0   1   0   0   0   0  97   0   0   0   0   0  3.01 0.68
  133 Q    1  1 -3 -4  2  3 -2 -4 -2  0 -2 -2 -2 -3 -4 -1 -2 -4 -3  5   12   9   0   0   5  15   0   0   1   2   0   0   0   0   0   3   1   0   0  51  0.61 0.30
  134 A    5  1 -1 -3 -1 -2 -3 -2 -2 -3 -3 -1 -3  2 -3 -1 -2 -4 -2 -1   69   8   3   1   1   0   0   0   0   0   0   3   0   9   0   2   0   0   1   2  0.82 0.35
  135 I   -2 -4 -4 -5 -2 -3 -4 -5 -3  5  1 -3  5  1 -4 -2 -1 -3  0  2    2   0   0   0   0   1   0   0   1  39  10   0  19   6   0   2   3   0   3  15  0.66 0.26
  136 F   -4 -5 -5 -6  4 -5 -5 -6 -2 -2 -2 -5 -3  7 -6 -4 -3 -1  6 -1    0   0   0   0   8   0   0   0   0   1   0   0   0  53   0   0   1   0  31   4  1.63 0.46
  137 R   -2  4  0 -3 -3  0 -2 -4 -3 -4 -4  4 -2 -5  5 -2 -2 -4 -4 -4    2  23   4   0   0   3   1   0   0   1   0  26   1   0  36   1   1   0   0   0  1.01 0.34
  138 D   -5 -5 -1  8  1 -3 -1 -4 -4 -6 -6 -4 -6 -6 -4 -3 -4 -7 -6 -6    0   0   1  95   3   0   0   0   0   0   0   0   0   0   0   0   0   0   0   0  2.32 0.60
  139 P   -3 -5 -5 -5 -3 -4 -4 -5 -5 -6 -6 -4 -6 -7  9 -3 -4 -7 -6 -5    1   0   0   0   1   0   0   0   0   0   0   0   0   0  96   1   0   0   0   0  2.97 0.67
  140 F   -1 -5 -5 -4 -4 -2 -4 -5 -4  1 -1 -4 -1  8 -5 -4 -3 -2  0 -2    5   0   0   1   0   2   1   0   0   9   4   1   1  73   0   1   2   0   0   2  1.51 0.45
  141 R   -4  8 -3 -4 -2 -2 -3 -5 -2 -5 -2  0 -4 -3 -4 -3 -2 -5 -4 -5    0  85   0   0   1   0   0   0   0   0   5   2   0   1   1   1   3   0   0   0  1.78 0.52
  142 G   -2  4 -2 -3 -4  0 -1  4 -3 -3 -1  2 -2 -4  0 -2 -3 -1 -3 -3    1  28   0   0   0   3   2  33   0   1   8  15   1   0   5   1   0   1   0   0  0.56 0.24
  143 G   -1 -3 -1  2 -3 -3 -2  6 -3 -3 -3 -2 -4 -4 -1 -1 -1 -4 -4 -3    4   0   1  15   0   0   2  59   0   1   2   1   0   1   2   4   4   0   0   1  0.88 0.28
  144 N   -2 -2  4  4 -3 -1 -1 -1 -1 -5 -4  0 -4 -5  4 -1 -2 -5 -3 -4    1   1  28  25   0   1   2   3   1   0   2   5   0   0  25   3   1   0   1   0  0.82 0.29
  145 N   -2 -3  7  0 -5 -3 -3  1  3 -5 -6 -3 -5 -5 -4 -2 -3 -1 -4 -5    2   0  70   4   0   0   0  12   8   0   0   0   0   0   0   1   0   1   0   0  1.49 0.46
  146 I   -2 -1 -3 -4 -3 -3 -3 -5 -3  5  0  3 -1  0 -4 -3 -2 -2  2  2    1   2   1   0   0   0   0   0   0  43   6  22   0   4   0   0   0   0   7  12  0.56 0.27
  147 L   -4 -5 -6 -6 -4 -4 -5 -6 -5  2  6 -5  2 -2 -5 -5 -3 -4 -3 -1    0   0   0   0   0   0   0   0   0  10  85   0   3   0   0   0   0   0   0   1  1.35 0.42
  148 V   -2 -5 -6 -5 -4 -5 -5 -6 -6  1 -2 -5 -2 -4 -5 -4 -3 -6 -4  7    2   0   0   0   0   0   0   0   0   2   0   0   0   0   0   0   0   0   0  95  1.76 0.54
  149 I   -4 -4 -5 -6 -4 -4 -5 -6 -5  2  5 -4  7  0 -5 -4 -3 -4 -3 -1    0   0   0   0   0   0   0   0   0   8  51   0  37   2   0   0   0   0   0   1  1.29 0.42
  150 C    1 -6 -4 -6 11 -6 -6 -5 -6 -4 -4 -6 -4 -4 -6 -2 -1 -6 -5 -4   12   0   1   0  80   0   0   0   0   0   0   0   0   0   0   2   4   0   0   0  2.72 0.64
  151 D   -3 -3 -2  5 -6 -1  6 -4 -3 -6 -6 -2 -5 -6 -4 -2 -3 -6 -5 -5    1   0   0  35   0   0  62   1   0   0   0   0   0   0   0   1   0   0   0   0  1.55 0.48
  152 T    0 -4 -2 -4  6 -4 -4 -4 -4 -1 -2 -4  0 -4 -4 -1  4 -5 -4  4    8   0   1   0  18   0   0   0   0   0   0   0   2   0   0   1  36   0   0  34  0.90 0.36
  153 W   -4 -4 -5 -6 -3 -3 -3 -6 -2 -2  2 -4  2  2 -5 -4 -3  6  7 -3    0   0   0   0   1   1   2   0   0   1  22   0   6   7   0   0   1  11  49   0  1.31 0.41
  154 T   -2  0  4  2 -4  0  0 -3 -1 -3 -1  3  1 -4 -3  0  3 -3 -2 -2    1   3  21  10   0   2   3   0   1   0   6  23   4   0   0   3  21   0   1   1  0.39 0.22
  155 P    1 -4  0 -3 -4 -2 -3 -3  2 -2 -4 -3 -3  0  6  0 -1  0  4 -2   11   0   6   0   0   1   0   0   4   2   0   0   0   3  40   6   4   1  18   2  0.88 0.31
  156 A    1 -3  4  6 -5  0  0 -2 -3 -5 -5 -2 -4 -5 -3 -1 -2 -6 -5 -5   12   0  22  53   0   4   2   1   0   0   0   1   0   0   0   3   1   0   0   0  1.09 0.36
  157 G   -2  1 -1 -3 -5 -2 -3  6  1 -5 -4  1  2 -2 -4 -2 -3 -3 -2 -5    0  10   2   0   0   0   1  65   3   0   1   8   6   2   0   0   0   0   1   0  1.06 0.35
  158 E   -1  0 -1 -1 -4  1  3 -3 -3 -3 -3  3 -3 -4 -3  0  4 -5 -4 -1    2   4   2   1   0   4  18   0   0   0   2  22   0   0   0   6  36   0   0   3  0.55 0.27
  159 P   -1 -5 -5 -5 -6 -4 -4 -5 -5 -6 -5 -4 -6 -7  9 -3 -3 -7 -6 -5    4   0   0   0   0   0   0   0   0   0   1   0   0   0  94   0   1   0   0   0  2.83 0.65
  160 I    2 -3  3 -3 -3 -2 -3 -3  6  3  0 -3 -2 -3 -4 -1  2 -4 -2 -1   17   0  15   0   0   0   0   0  23  19   8   0   0   0   0   1  17   0   0   0  0.53 0.28
  161 P    0  0 -2  0 -4 -1  3 -3 -2 -4 -4  2 -3 -5  5 -1 -2 -5 -4 -2   10   4   1   5   0   1  23   1   1   1   0  14   0   0  35   2   1   0   0   2  0.81 0.28
  162 T   -2 -3 -1 -2 -3 -3 -3 -3 -3 -3 -4 -3 -3  1 -4  3  6 -4  2 -3    0   0   2   1   0   0   0   1   0   0   0   0   0   6   0  28  55   0   7   0  0.99 0.40
  163 N   -5 -4  9 -2 -6 -3 -3 -4 -3 -7 -7 -3 -5 -6 -5 -2 -3 -7 -5 -6    0   0  99   0   0   0   0   0   0   0   0   0   0   0   0   1   0   0   0   0  2.58 0.67
  164 K   -1 -1 -1 -3 -4 -1 -2 -1  5 -3  0  3 -2  1 -3 -1  2 -3  2 -2    2   1   2   0   0   0   0   4  19   0   9  22   0   6   0   3  20   0   8   2  0.37 0.22
  165 R   -4  8 -3 -5 -6 -2 -3 -5 -3 -6 -5 -1 -4 -6 -5 -4 -4 -6 -5 -6    0  99   0   0   0   0   0   0   0   0   0   0   0   0   0   0   0   0   0   0  2.44 0.63
  166 A    3 -1  0 -3 -2  0 -2 -3  7 -2 -2  0 -3  0 -3 -1 -2  1  2 -1   29   2   3   1   1   3   0   0  29   3   3   8   0   3   0   2   0   2   8   5  0.55 0.26
  167 K    1  0  1  0 -3  0  1 -2  1 -1 -2  1 -1 -3 -1  1  3 -4 -2 -2   11   4   7   4   0   2  12   1   3   3   3  12   2   1   1   8  24   0   0   1  0.20 0.13
  168 A    4 -5 -5 -4  9 -4 -5 -4 -5  1  0 -4 -2 -2 -4 -2 -2 -5 -4 -2   35   0   0   0  43   0   0   0   0  10   7   0   1   1   0   0   2   0   0   1  1.28 0.40
  169 A    3  1  1  0 -3  1  0 -2 -2 -2 -1  2  0 -3 -2  0 -1  0 -3 -1   34   8   8   4   0   5   5   0   0   0   8  16   2   0   0   3   1   2   0   5  0.24 0.16
  170 E    0  1 -1  2 -4  2  3 -3 -2 -3 -3  4 -3 -4 -2 -1 -2 -2 -3 -3    8   6   1  10   0   7  21   0   0   2   2  38   0   0   1   1   1   1   0   1  0.56 0.24
  171 I    1 -3 -3 -3 -2 -2 -3 -3 -3  4  1 -3  2 -2 -3 -2  1 -3 -2  3   11   1   1   1   0   1   1   1   0  29  12   1   5   0   1   2   8   0   0  26  0.38 0.16
  172 F   -2 -2 -3 -3 -1 -2 -3 -3 -3  0  1 -3  8  5 -3 -3 -2 -2  0 -1    2   1   1   1   2   1   1   1   0   2   6   1  46  27   1   1   1   0   2   2  0.98 0.30
  173 S    0  0  1  2 -2  1  2 -1 -1 -1 -2  0 -1 -2 -1  1  1 -2 -1 -1    7   3   9  14   1   4  18   4   1   3   4   4   1   2   2  13   7   1   1   3  0.17 0.05
  174 N    2 -1  0  0  0  0  0  0  2 -1 -1  0 -1 -1 -1  0  0 -1 -1 -1   24   3   6   5   2   5   4   5   9   3   7   4   1   2   3   7   6   1   1   4  0.07 0.04
  175 K    0 -1  0  0 -2  1  3 -1  3 -2 -2  1 -2 -2  3 -1 -1 -2 -2 -2    9   2   4   2   1   4  28   3  11   1   2   8   1   1  15   3   3   0   1   2  0.34 0.12
  176 K   -1  1  0  1 -3  1  0 -2 -1 -2 -2  4  3 -3  0 -1 -1 -3 -2 -2    3   4   4  10   0   4   5   2   1   1   2  40  11   1   3   2   4   0   1   2  0.35 0.15
  177 V    1 -2 -2 -1  3 -1 -1 -1 -1  1 -1 -2  0  0 -2 -1 -1 -2  1  3   17   1   1   3   7   3   2   3   1   4   2   2   1   4   1   2   2   0   7  36  0.19 0.11
  178 S    3  0 -1  0  0  0  1 -1 -2 -2 -1  3 -1 -3 -1  0 -1 -3 -2 -1   30   2   2   6   2   3   9   2   0   2   5  22   1   1   2   6   2   0   0   5  0.20 0.12
  179 G    2 -2  2  5 -2 -1  1 -1  0 -4 -4  0 -3 -4 -2  0 -2 -4 -3 -2   22   0   8  41   1   1   9   3   2   0   1   4   0   0   0   6   0   0   0   2  0.59 0.22
  180 E   -2 -1  0  1 -4  4  5 -3  3 -4 -2 -1 -1 -2 -2 -1 -2 -4  0 -3    2   0   3   5   0  24  40   0   9   1   4   2   1   2   1   3   1   0   3   1  0.67 0.27
  181 V   -2 -1 -1  2 -3  0  5 -2  4 -2 -3  1 -1 -4 -3 -1 -2 -4 -2  0    1   1   1  13   0   2  41   2  13   2   1  10   2   0   0   1   0   0   1   9  0.57 0.25
  182 P   -2 -5 -5 -4 -1 -4 -4 -5 -5 -2 -3 -4 -2  2  8 -3 -1 -4 -4 -2    3   0   0   0   1   0   0   0   0   3   1   0   1   9  74   1   4   0   0   2  1.88 0.47
  183 W   -6 -6 -6 -8 -6 -5 -6 -6 -6 -2 -2 -6  0 -2 -7 -6 -6 13 -1 -4    0   0   0   0   0   0   0   0   0   2   3   0   2   0   0   0   0  91   0   1  4.01 0.79
  184 F   -4 -5 -5 -6 -5 -5 -6 -6 -3 -2 -2 -5 -3  8 -6 -5 -5 -1  4 -3    1   0   0   0   0   0   0   0   0   1   0   0   0  83   0   0   0   0  14   1  2.10 0.50
  185 G   -2 -5 -3 -4 -5 -4 -2  7 -4 -6 -6 -4 -5 -6 -5 -2 -4 -5 -6 -6    0   0   0   0   0   0   3  95   0   0   0   0   0   0   0   2   0   0   0   0  1.99 0.46
  186 I   -3 -4 -5 -5 -3 -4 -5 -5 -4  5  2 -4  5  3 -5 -4 -3 -3  0  1    0   0   0   0   0   0   0   0   0  41  21   0  17  15   0   0   0   0   3   2  0.81 0.28
  187 E   -3 -3 -2 -1 -6 -1  7 -5 -3 -6 -3 -1 -4 -6 -4 -3 -2 -6 -5 -5    0   0   1   0   0   0  94   0   0   0   2   1   0   0   0   0   2   0   0   0  1.82 0.51
  188 Q   -4 -2 -3 -3  0  9 -1 -5 -2 -6 -5 -2 -3 -6 -4 -3 -4 -5 -4 -5    0   0   0   0   2  98   0   0   0   0   0   0   0   0   0   0   0   0   0   0  2.33 0.62
  189 E   -4 -1 -3 -1 -6 -1  7 -5 -3 -6 -6 -1 -5 -6 -4 -3 -3 -6 -5 -5    0   2   0   0   0   0  97   0   0   0   0   0   0   0   0   0   0   0   0   0  1.98 0.53
  190 Y   -5 -5 -5 -6 -5 -4 -5 -6 -1 -4 -4 -5 -4  2 -6 -5 -5  0 10 -4    0   0   0   0   0   0   0   0   0   0   0   0   0   5   0   0   0   1  94   0  2.67 0.61
  191 T   -2 -4 -3 -4 -3 -3 -4 -4 -4 -2 -2 -3 -1  4 -4 -1  6 -4 -2 -2    1   0   0   0   0   0   0   0   0   1   3   0   1  20   0   2  72   0   0   0  1.21 0.42
  192 L   -3 -2 -5 -5 -3 -4 -4 -5 -4  3  5 -4  3  3 -3 -3 -3 -3 -2  0    0   2   0   0   0   0   0   0   0  16  60   0   6  12   1   2   0   0   0   1  0.76 0.26
  193 L   -3 -4 -4 -3 -3 -4 -4 -5 -3  0  4 -4  3  4 -5 -4 -2  1  2 -1    0   0   0   2   0   0   0   0   0   3  51   0   8  24   0   0   2   2   7   2  0.74 0.26
  194 Q   -2  0  1  5 -4  3  0  2 -2 -4 -4  1 -3 -2 -3 -1 -2 -4 -3 -4    1   5   6  37   0  16   2  17   0   0   0   9   0   2   0   2   1   0   0   0  0.61 0.22
  195 Q    0  0  0  1 -1  1 -1 -2  2 -1  0  1  0 -1  1  0  1 -3 -2  0    8   5   3   9   1   6   1   1   6   3   9  12   3   2   8   3  12   0   0   7  0.08 0.06
  196 N   -1 -1  2  5 -3 -1  1  0 -1 -3 -3  0 -3 -2 -2 -1  0 -3 -1 -3    3   3  10  43   1   1   7   7   1   2   2   7   0   1   1   3   5   0   3   1  0.48 0.15
  197 V    0 -1  0  1 -2 -1 -1  3  0 -1 -1 -1 -1 -1 -1  0  1 -2 -1  0    4   3   2   8   1   2   2  25   3   4   4   3   2   2   1   8  14   0   1  11  0.13 0.06
  198 K   -1  3  3 -1 -4  1 -1  3  1 -4 -4  2 -3 -4 -3 -1 -1 -4 -3 -2    1  20  16   2   0   8   1  29   3   0   0  12   0   0   0   2   2   0   0   3  0.45 0.18
  199 W   -2  2 -2 -2 -2  0 -1 -3  5 -2  0  0 -1  0  1 -2 -1  7  1 -1    2  12   1   1   1   3   2   1  17   1   8   7   1   3   6   2   5  21   3   4  0.52 0.16
  200 P   -2 -5 -5 -4 -5 -4 -4 -5 -5 -4 -5 -4 -5 -4  9 -3 -4 -6 -5 -4    2   0   0   0   0   0   0   0   0   1   0   0   0   1  93   0   0   0   0   1  2.67 0.54
  201 L   -3 -4 -4 -5 -3 -2 -4 -4  0  0  4 -4  0  4 -5 -4 -3 -2  4  0    0   0   0   0   0   2   0   1   3   4  49   0   1  19   0   0   0   0  19   4  0.74 0.26
  202 G   -2  0 -2 -3 -3 -3 -2  7 -4 -6 -4 -3 -3 -5 -4 -2 -4 -1 -5 -5    1   6   1   0   0   1   2  84   0   0   2   0   0   0   0   1   0   1   0   0  1.53 0.39
  203 W   -5 -5 -6 -7  0 -3 -6 -5 -5 -4 -1 -6 -2  4 -6 -5 -5 12  1 -5    0   0   0   0   2   1   0   0   0   0   5   0   1  18   0   0   0  70   2   0  2.92 0.58
  204 P   -1 -4 -3 -3 -5 -2 -3 -4 -4 -5 -5 -3 -5 -6  8 -3 -3 -6 -5 -5    5   0   1   1   0   1   0   0   0   0   0   0   0   0  90   0   0   0   0   0  2.53 0.52
  205 V    0  0 -1  0 -3  0  1 -2 -2  0 -1  3 -1 -3  0  1  0 -4 -2  1    7   4   2   4   0   3  11   0   0   5   3  25   1   0   4  11   3   0   0  17  0.16 0.11
  206 G   -1 -1  4  0 -2  1 -1  4  0 -4 -4 -1 -2 -4 -3  0 -1 -4 -3 -3    2   4  25   5   1   6   2  40   2   1   1   1   1   0   0   6   1   0   0   1  0.61 0.21
  207 A   -1  0 -2 -3 -4 -2 -3  7 -4 -5 -3 -2 -4 -4 -4 -2 -3 -4 -2 -5    2   6   0   0   0   1   1  83   0   0   3   1   0   0   0   1   0   0   2   0  1.46 0.37
  208 F   -4 -4 -4 -4 -1 -3 -2 -5 -2 -1 -2 -4 -2  7 -5 -4 -4 -1  6 -2    0   0   0   1   2   1   2   0   0   2   1   0   0  60   0   0   0   0  27   1  1.49 0.38
  209 P   -3 -4 -4 -4 -5 -4 -4 -4 -5 -5 -4 -3 -5 -6  8 -2 -3 -6 -5 -5    1   1   0   0   0   0   0   0   0   0   2   0   0   0  92   2   0   0   0   0  2.61 0.53
  210 G    3  0 -1 -1 -3 -2  0  5 -2 -4 -4 -2 -3 -3 -1  0 -2 -3 -2 -3   30   6   1   3   0   0   5  44   1   0   0   1   0   1   2   3   1   0   1   0  0.61 0.22
  211 P   -1 -4 -4 -4 -5 -3 -3 -4 -2 -3 -5 -2 -5 -6  8 -3  0 -6 -5 -4    4   0   0   0   0   1   0   0   1   1   0   2   0   0  85   1   6   0   0   0  2.29 0.49
  212 Q   -1 -2 -3 -3 -5  8 -1 -4 -2 -5 -4 -1 -3 -5 -2 -3 -3 -4 -4 -4    5   0   0   0   0  89   0   0   0   0   1   1   0   0   1   0   0   0   0   0  1.89 0.53
  213 G   -2 -5 -3 -4 -5 -4 -5  7 -5 -6 -6 -4 -5 -4 -5 -3 -4 -5 -6 -6    1   0   0   0   0   0   0  98   0   0   0   0   0   1   0   0   0   0   0   0  2.12 0.48
  214 P   -2 -2 -4 -3 -5  0 -2 -2 -4 -3 -3 -2 -1 -4  8 -2  0 -6 -5 -4    1   2   0   0   0   4   1   3   0   1   2   2   2   1  74   1   5   0   0   0  1.81 0.42
  215 Y   -5 -5 -5 -6 -5 -4 -5 -6  0 -4 -1 -5 -3  2 -6 -5 -4 -1  9 -4    0   0   0   0   0   0   0   0   1   0   5   0   0   3   0   0   0   0  91   0  2.44 0.58
  216 Y   -5 -5 -4 -6 -5 -4 -5 -6  0 -4 -1 -5 -4  1 -6 -5 -4 -1  9 -4    0   0   0   0   0   0   0   0   1   0   5   0   0   1   0   0   0   0  93   0  2.52 0.59
  217 C   -3 -6 -6 -6 11 -6 -6 -6 -6 -4 -1 -6 -4 -5 -6 -3 -1 -5 -5 -4    0   0   0   0  90   0   0   0   0   0   6   0   0   0   0   1   3   0   0   0  3.03 0.62
  218 G    1 -3 -2 -3 -1 -3 -3  6 -3 -5 -5 -3 -4 -4 -3  3 -2 -4 -4 -4    8   0   0   0   1   0   0  64   0   0   0   0   0   0   0  23   0   0   0   0  1.11 0.31
  219 V    1 -4 -3 -4 -2 -3 -4 -4 -4  2 -1 -4 -1 -3 -4 -3  0 -4 -3  6   14   0   1   0   0   0   0   0   0   7   0   0   0   0   0   0   4   0   0  71  0.91 0.31
  220 G   -2 -4 -3 -3 -4 -4 -4  7 -4 -5 -5 -4 -5 -5 -4 -2 -4 -4 -5 -5    0   0   0   0   0   0   0  95   0   0   0   0   0   0   0   1   0   0   0   0  1.94 0.43
  221 A    5 -3 -2 -2 -2 -2 -1  0 -2 -3 -3 -2 -2 -2  0  1  1 -3  0 -1   58   0   1   1   0   0   2   7   0   0   1   0   0   1   3   8  10   0   4   1  0.55 0.24
  222 D   -2 -1  3  4 -4  0  1  3 -1 -4 -4  0 -3 -3 -3  0 -1 -4 -3 -4    1   3  14  34   0   2   8  22   1   0   1   6   0   1   0   4   1   0   0   0  0.57 0.19
  223 K   -2  3  4 -2 -2  0  0 -3 -2 -4 -4  5 -3 -5 -3 -1 -2 -5 -3 -2    2  15  20   0   1   1   4   0   0   0   0  51   0   0   0   3   0   0   0   3  0.81 0.30
  224 I    3  0 -2 -3  1 -3 -3 -3 -3  1 -2 -2  0 -3 -3  1  0 -4 -3  4   30   5   2   0   3   0   0   0   0   6   0   0   2   0   0  12   3   0   0  38  0.42 0.22
  225 W   -3 -4 -4 -5 -4 -4 -4 -5  2  0 -1 -4 -2  6 -3 -2 -3  5  5  1    0   0   0   0   0   0   0   0   5   4   1   0   0  43   1   2   1   7  23  12  1.04 0.31
  226 G    1 -3 -3 -3  4 -1 -4  6 -4 -5 -5 -3 -3 -5 -2 -2 -3 -5 -5 -4   13   1   0   0   9   4   0  71   0   0   0   0   1   0   2   0   0   0   0   0  1.26 0.35
  227 R   -4  8 -3 -4 -6 -2 -3 -5 -3 -6 -4  0 -4 -5 -5 -3 -4 -5 -3 -5    0  99   0   0   0   0   0   0   0   0   1   0   0   0   0   0   0   0   0   0  2.23 0.55
  228 D   -1 -2 -1  6 -5  2  2 -3  1 -3 -4 -1 -4 -5 -1 -1 -3 -5 -4 -4    6   1   1  56   0   9  14   1   3   1   1   2   0   0   3   1   0   0   0   1  0.92 0.29
  229 I   -3 -4 -5 -5 -2 -4 -5 -5 -5  6  2 -4  1  0 -4 -1 -2 -4 -3  3    0   0   0   0   1   0   0   0   0  59  16   0   3   2   0   5   0   0   0  15  0.88 0.29
  230 S    0 -4 -4 -4 -1 -3 -3 -4 -4  2  0 -3  2 -2 -3 -1  0 -4 -3  5    9   0   0   0   1   0   0   0   0   7   6   0   5   0   1   5   4   0   0  60  0.64 0.25
  231 D   -3 -3 -1  4 -6 -1  6 -4 -3 -5 -5 -1 -4 -5 -4 -2 -3  3 -4 -5    0   0   1  27   0   0  65   0   0   0   0   2   0   0   0   0   0   5   0   0  1.37 0.40
  232 A    5 -1 -3 -2 -1  1  2 -2 -3 -3 -3 -1 -2 -4 -3  1  0 -4 -4 -2   61   2   0   1   1   6  14   0   0   0   1   3   0   0   0   8   3   0   0   1  0.66 0.28
  233 H   -5  0 -2 -4 -6 -2 -3 -5 11 -6 -5 -3  0 -2 -5 -4 -5 -5 -1 -6    0   5   0   0   0   0   0   0  91   0   1   0   2   2   0   0   0   0   0   0  2.76 0.62
  234 Y   -1 -4 -4 -5 -4 -3 -4 -5  1 -2  1 -4  1  1 -5 -4 -2  0  8 -3    5   0   0   0   0   1   0   0   2   1  16   0   5   1   0   0   2   0  67   0  1.45 0.42
  235 K   -2  5 -1  2 -5  0  1 -4 -2 -4 -3  4 -3 -5 -3 -2 -2 -5 -4 -3    3  41   1  12   0   2   7   0   0   1   1  30   0   0   0   0   0   0   0   1  0.83 0.28
  236 A    5 -3 -2 -4  3 -3 -3  0 -3 -2 -1 -3 -1 -4  0 -1 -2 -4 -2 -1   69   0   2   0   6   0   0   5   0   1   7   0   1   0   5   0   0   0   1   3  0.74 0.30
  237 C   -3 -6 -6 -6 11 -6 -7 -1 -6 -4 -3 -6 -3 -5 -6 -3 -4 -5 -5 -4    1   0   0   0  93   0   0   5   0   0   1   0   0   0   0   1   0   0   0   0  3.18 0.64
  238 L   -3 -3 -5 -5 -3 -2 -4 -5 -3  2  5 -4  2 -2 -4 -1 -3 -4 -2  0    0   0   0   0   0   2   0   0   0   9  78   0   4   0   0   5   0   0   0   1  0.98 0.32
  239 Y   -1 -3 -2  0  0 -1  0 -4  0 -3 -1 -2 -3  1 -5 -2 -3  0  8 -3    6   0   1   5   2   2   6   0   1   0   5   3   0   3   0   2   0   0  63   0  1.16 0.37
  240 A    6 -4 -4 -4  0 -3 -3 -2 -4 -4 -4 -3 -2 -5  0  1 -2 -5 -4 -2   87   0   0   0   1   0   0   0   0   0   0   0   1   0   5   6   1   0   0   0  1.26 0.41
  241 G   -2 -5 -2 -3 -5 -4 -3  7 -4 -6 -6 -3 -5 -6 -4  0 -4 -5 -5 -6    0   0   1   0   0   0   1  93   0   0   0   0   0   0   0   5   0   0   0   0  1.89 0.45
  242 I   -3 -4 -5 -5 -3 -4 -5 -5 -5  5  3 -4  0 -1 -4 -4 -1 -4 -3  3    0   0   0   0   0   0   0   0   0  46  26   0   0   1   0   0   2   0   0  25  0.85 0.27
  243 N   -2  0  5  0 -4  1  0 -1  1 -3 -4  3 -1 -4 -1  0 -1 -5 -3 -3    2   2  38   3   0   6   4   3   3   1   1  27   1   0   2   6   1   0   0   0  0.60 0.24
  244 I   -3 -5 -5 -5 -2 -4 -5 -3  1  6  0 -4  0  1 -5 -4 -3 -4 -2  2    0   0   0   0   0   0   0   2   4  70   4   0   1   6   0   0   0   0   0  12  1.04 0.33
  245 S    1  0 -1 -2  2 -1  1 -1 -2 -3 -4 -2 -3 -2 -3  5  0  0 -1 -2    8   5   2   0   6   0  12   3   0   0   0   0   0   2   0  53   4   1   2   2  0.52 0.25
  246 G   -2 -5 -3 -4 -5 -4 -4  7 -4 -6 -6 -4 -5 -5 -2 -3 -4  3 -5 -5    1   0   0   0   0   0   0  91   0   0   0   0   0   0   2   0   0   5   0   0  1.88 0.44
  247 T   -2 -4 -3 -3 -1 -3 -2 -4 -4  5 -1 -3 -1 -3 -3  0  5 -4 -3  1    1   0   0   0   1   0   1   0   0  40   1   0   1   0   0   7  42   0   0   5  0.76 0.30
  248 N   -4 -3  8 -1 -5 -3 -3 -3  0 -6 -6 -3 -5 -5  0 -2 -3 -6 -3 -5    0   0  92   0   0   0   0   0   2   0   0   0   0   0   5   0   0   0   1   0  2.05 0.53
  249 G    5 -3 -3  0 -1 -1 -2  3 -3 -3 -3 -2 -3 -4  0 -1 -1 -4 -4 -2   62   0   0   5   1   3   0  21   0   0   1   0   0   0   3   1   1   0   0   2  0.75 0.29
  250 E   -3 -3 -3 -1 -6  0  7 -3 -3 -5 -2 -2 -4 -5 -4 -3 -3 -5 -4 -5    0   0   0   0   0   2  91   1   0   0   5   0   0   0   0   0   0   0   0   0  1.69 0.48
  251 V   -2 -5 -5 -5 -3 -4 -4 -5 -5  1 -1 -4 -2 -3 -2 -2 -1  3 -3  7    1   0   0   0   0   0   0   0   0   3   0   0   0   0   2   2   2   5   0  85  1.26 0.40
  252 M    2 -3 -4 -5 -3 -3 -3 -4  2  0  0 -3  9 -3 -4 -3 -1 -4 -3 -1   17   0   0   0   0   0   0   0   5   4   2   1  65   0   0   0   4   0   0   1  1.34 0.43
  253 P   -1 -3 -4 -4 -1 -2 -3 -4 -2 -5 -4  1 -1 -5  8 -1 -3 -5 -5 -4    5   0   0   0   1   1   0   0   1   0   1   9   2   0  76   3   1   0   0   0  1.92 0.43
  254 G    2  0 -2 -2 -3 -2 -3  5 -3 -4 -4 -2 -3 -4 -3  2 -2 -4 -4 -3   21   5   1   0   0   0   0  49   0   0   0   0   0   0   0  21   0   0   0   0  0.83 0.27
  255 Q   -3  1 -3 -3 -5  8 -1 -4 -2 -5 -5 -1 -3 -6 -4 -3 -3 -4 -4 -5    0   7   0   0   0  91   0   0   0   0   0   0   0   0   0   0   0   0   0   0  2.04 0.55
  256 W   -5 -5 -6 -7 -5 -2 -5 -5  0 -5 -5 -3 -4 -1 -6 -5 -5 13 -1 -6    0   0   0   0   0   2   0   0   2   0   0   2   0   1   0   0   0  90   0   0  3.85 0.70
  257 E   -2 -2 -2 -1 -6 -1  7 -4 -3 -6 -5  0 -4 -6 -4 -3 -3 -5 -5 -5    2   0   1   0   0   0  93   0   0   0   0   2   0   0   0   0   0   0   0   0  1.81 0.50
  258 F   -5 -5 -5 -6 -5 -5 -5 -6 -3 -3 -2 -5 -3  8 -6 -5 -4 -1  5 -3    0   0   0   0   0   0   0   0   0   0   0   0   0  78   0   0   0   0  21   0  2.07 0.48
  259 Q   -4 -2 -3 -3 -6  9  0 -5 -2 -6 -5  0 -3 -6 -4 -3 -3 -5 -4 -5    0   0   0   0   0  94   2   0   0   0   0   3   0   0   0   0   0   0   0   0  2.17 0.58
  260 V   -2 -4 -2 -5 -1 -4 -4 -5 -5  4  0 -4 -1 -3 -4 -4 -2 -5 -3  6    0   0   2   0   1   0   0   0   0  24   3   0   0   0   0   0   1   0   0  68  1.07 0.34
  261 G   -2 -5 -3 -4 -5 -4 -4  7 -4 -5 -5 -4 -3  2 -5 -2 -2 -4 -4 -5    0   0   0   0   0   0   0  85   0   0   0   0   0  10   0   0   3   0   0   0  1.65 0.42
  262 P    0 -4 -4 -4 -3 -4 -3 -1 -4 -2 -3 -3 -4 -5  8 -1 -1 -5 -2 -3    6   0   0   0   0   0   0   4   0   2   2   0   0   0  76   3   3   0   2   1  1.89 0.43
  263 S    0 -2 -3 -4  9 -1 -3 -4 -4 -3 -2  1 -3 -4 -1  1  0 -4 -4 -1    5   2   0   0  50   2   0   0   0   0   3  10   0   0   2  14   4   0   0   5  1.10 0.33
  264 V   -1 -2 -1  0 -3  0  4  1 -2  0 -1 -1 -2 -3  0 -1  0 -4 -3  2    1   0   1   3   0   2  33  15   0   2   4   2   0   0   4   2   4   0   0  26  0.31 0.19
  265 G    1 -4 -3 -3 -4 -3 -2  6 -4 -5 -5 -3 -4 -5  0 -1 -3 -5 -5 -3    9   0   0   0   0   0   2  77   0   0   0   0   0   0   6   3   0   0   0   2  1.35 0.36
  266 I   -3 -3 -4 -4 -3 -3 -3 -5 -3  6  1  0  0  0 -3 -4 -1 -4 -3  1    1   0   0   0   0   0   1   0   1  71   7   8   2   2   1   0   2   0   0   3  0.92 0.32
  267 D    0  0  0  3 -3  0  4 -2 -2 -4 -3  1 -3 -4 -1  2  0 -4 -3 -3    9   2   2  16   0   2  29   1   0   0   1   8   0   0   2  21   6   0   0   0  0.44 0.19
  268 A    4 -3 -3 -4  0 -2 -2 -2 -3  1 -1 -3  6 -3 -3  0 -2 -4 -3  1   39   0   0   0   2   0   2   2   0   7   2   0  32   0   1   5   0   0   0   7  0.64 0.28
  269 G    2 -4 -2 -3  0 -3 -4  6 -4 -5 -5 -3 -4 -5 -3  1 -3 -4 -5 -4   16   0   0   0   2   0   0  72   0   0   0   0   0   0   1   8   0   0   0   0  1.28 0.34
  270 D   -4 -4 -1  8 -6 -3 -1 -4  0 -5 -6 -3 -5 -2 -4 -3 -4 -6 -5 -6    0   0   0  94   0   0   0   0   2   0   0   0   0   2   0   0   0   0   0   0  2.09 0.50
  271 H   -2 -2 -2  2 -5  5  3 -4  7 -5 -5 -2 -2 -4 -3 -2 -3 -4 -2 -4    3   0   0  12   0  32  17   0  34   0   0   0   1   0   0   1   0   0   0   0  1.11 0.35
  272 V   -3 -4 -5 -5 -3 -2 -4 -5 -4  3  5 -4  2 -1 -4 -4 -2 -4 -3  1    0   0   0   0   0   2   0   0   0  15  70   0   5   0   0   0   1   0   0   5  0.91 0.29
  273 W   -5 -3 -6 -6 -5 -4 -5 -5 -1 -4 -4 -5  0 -1 -6 -4  0 12 -1 -3    0   2   0   0   0   0   0   0   2   0   0   0   2   2   0   1   6  83   0   2  3.35 0.64
  274 C   -1 -4 -4 -5  0 -3 -3 -4 -4  3  1 -2  6 -2 -4 -3 -2 -4 -3  4    4   0   0   0   2   0   1   0   0  15   7   2  32   0   0   0   0   0   0  35  0.77 0.28
  275 A    5 -3 -3 -3 -2 -3 -3 -1 -3 -3 -3 -3  0 -4 -3  3 -1 -4 -4 -2   70   0   0   0   1   0   0   3   0   0   0   0   2   0   0  20   2   0   0   0  0.96 0.35
  276 R   -4  8 -3 -4 -6 -2 -3 -5  1 -6 -5  0 -4 -6 -5 -3 -4 -5 -4 -5    0  97   0   0   0   0   0   0   3   0   0   0   0   0   0   0   0   0   0   0  2.19 0.54
  277 Y   -4 -5 -5 -6  0 -4 -5 -5 -1 -3 -3 -5 -3  6 -6 -3 -4  6  8 -4    0   0   0   0   2   0   0   0   0   0   0   0   0  29   0   2   0   9  58   0  1.82 0.45
  278 L   -3 -4 -5 -5  0 -4 -5 -6 -5  5  4 -4  0  0 -5 -4 -3 -4 -3  1    0   0   0   0   2   0   0   0   0  39  53   0   1   2   0   0   0   0   0   3  0.96 0.30
  279 L   -4 -4 -6 -6 -4 -4 -5 -6 -5 -1  6 -5  1 -2 -2 -5 -3 -4 -3 -1    0   0   0   0   0   0   0   0   0   0  95   0   2   0   2   0   0   0   0   2  1.41 0.41
  280 E   -2 -2  0  0 -2  2  3 -3  7 -2 -1 -2 -2 -3 -1  0 -2 -2  1 -2    1   0   3   3   1  11  24   0  31   2   6   0   0   0   3   7   0   1   6   2  0.59 0.24
  281 R   -4  8 -3 -4 -6 -1 -3 -5 -3 -6 -5  1 -4 -5 -5 -3 -3  1 -4 -5    0  95   0   0   0   0   0   0   0   0   0   3   0   0   0   0   0   2   0   0  2.08 0.52
  282 I   -2 -4 -4 -4 -1 -3 -4 -4 -4  4  2 -3  1 -2 -4 -3  0 -4 -2  4    0   0   0   0   1   0   0   0   0  34  17   0   3   0   0   0   4   0   0  37  0.66 0.22
  283 T    3 -3 -2 -3  6 -3 -3  1 -3 -3 -3 -3 -2 -4 -3  1  2 -4 -3 -2   36   0   0   0  23   0   0  12   0   0   1   0   0   0   0   7  17   0   0   0  0.66 0.24
  284 E   -3 -2 -2 -1 -5  0  7 -3 -2 -5 -5 -1 -4 -5 -3 -2 -3 -5 -4 -4    0   0   0   0   0   1  93   1   0   0   1   1   0   0   0   0   0   0   0   0  1.73 0.46
  285 Q   -2 -2  0  4 -4  2  3 -3  0  0 -2  1 -1 -3 -2 -1 -2 -4 -2 -1    1   0   2  32   0   8  27   1   2   8   2   7   2   0   0   2   1   0   1   3  0.49 0.19
  286 A    1 -3 -3 -4 -2 -3 -3 -4  1 -2 -1 -3 -1  6 -4 -3 -3  3  5 -2   14   1   1   0   1   0   1   0   3   0   2   1   1  45   0   1   0   3  25   1  0.96 0.29
  287 G   -1 -3  1 -1 -4 -1 -3  6 -3 -5 -5 -3 -4 -5 -4 -2 -3 -4 -5 -5    2   1   8   3   0   2   1  80   0   0   0   0   0   0   0   1   0   0   0   0  1.43 0.36
  288 V   -1 -3 -4 -5  2 -4 -4 -5 -4  3  0 -3  1 -2 -4 -3 -1 -1  0  5    5   1   0   0   4   0   0   0   0  18   3   1   3   0   0   0   2   1   4  59  0.73 0.27
  289 V   -1 -2 -2  1 -1 -2 -1 -1 -1  2  0  1 -1 -2 -3  0  0 -2  1  3    2   0   1   8   1   1   2   4   1  14   3  11   0   0   0   6   3   0   7  36  0.18 0.15
  290 L    2 -4 -4 -4  3 -3 -4 -4 -4  3  1 -3  0 -2 -1 -1 -2 -4 -3  4   18   0   0   0   6   0   0   0   0  21  10   0   1   0   2   3   0   0   0  39  0.50 0.21
  291 T   -1 -3  1  0 -3 -2  0 -3 -3 -3 -4 -2 -3 -4 -3  4  4 -5 -4 -1    0   0   5   3   0   0   7   0   0   0   0   1   0   0   0  46  35   0   0   3  0.76 0.31
  292 L   -4 -4 -5 -5  1 -4 -5 -5 -3 -1  3 -5 -1  6 -5 -4 -3  4  4 -2    0   0   0   0   3   0   0   0   0   1  34   0   0  45   0   0   0   5  12   1  1.06 0.31
  293 D   -2 -3  0  6 -5 -1  1 -4  6 -5 -5 -3 -5 -5 -4 -1 -3 -6 -3 -5    3   0   1  61   0   1   4   0  26   0   0   0   0   0   0   4   0   0   0   0  1.41 0.39
  294 P   -2 -5 -3 -4  3 -4 -4 -5 -5 -5 -5 -4 -5 -6  8 -3 -4 -6 -6 -5    3   0   1   0   6   0   0   0   0   0   0   0   0   0  89   1   0   0   0   0  2.57 0.54
  295 K   -3  0 -2 -3 -5  0 -2 -4 -3 -5 -5  7 -4 -2 -3 -1 -3 -5 -4 -5    0   0   1   0   0   2   0   0   0   0   0  92   0   3   0   3   0   0   0   0  1.65 0.48
  296 P   -3 -5 -5 -4 -5 -4 -4 -5  1 -5 -3 -4 -5 -6  8 -3 -2 -6 -5 -5    1   0   0   0   0   0   0   0   3   0   3   0   0   0  91   0   2   0   0   0  2.59 0.54
  297 I   -2 -4 -4 -5 -3 -4 -4 -3 -4  5  2 -4  4  0 -4 -3 -2 -4 -3  3    1   0   1   0   0   0   0   2   0  46  13   0  12   2   0   0   1   0   0  23  0.74 0.26
  298 E   -1 -1 -2  1 -4  2  1 -3 -3 -4 -3  3 -2 -5  5 -1  0 -5 -4 -3    3   1   0   7   0  11   9   0   0   0   2  22   1   0  36   2   5   0   0   1  0.76 0.24
  299 G   -2 -4 -2 -2 -4 -3 -4  7 -4 -5 -4 -3 -2 -5 -4 -2  1 -4 -5 -4    1   0   0   1   0   0   0  84   0   0   1   0   1   0   0   0   8   0   0   0  1.53 0.37
  300 D   -3 -3  3  7 -5 -1  0 -3 -2 -5 -5 -2 -4 -3 -3 -2 -3 -6 -4 -5    1   0  15  73   0   1   3   0   1   0   0   1   0   1   0   1   0   0   0   0  1.45 0.38
  301 W   -5 -5 -6 -6 -3 -5 -2 -5 -5 -5 -4 -5 -4 -1 -6 -5 -5 13 -1 -6    0   0   0   0   1   0   3   0   0   0   1   0   0   1   0   0   0  92   0   0  3.93 0.70
  302 N   -3 -3  8 -1 -5 -2 -3 -3 -2 -6 -6 -2 -5 -5 -2 -1 -1 -6 -4 -5    1   0  90   0   0   0   0   0   0   0   0   1   0   0   2   2   3   0   0   0  1.91 0.50
  303 G   -1 -4 -2 -2 -4 -4 -4  7 -4 -5 -5 -3 -5 -5 -4 -2 -4 -4 -5 -5    3   1   0   1   0   0   0  92   0   0   0   0   0   0   0   0   0   0   0   0  1.81 0.42
  304 A    5 -3 -1 -3 -2 -2 -2 -2 -3 -3 -3 -2 -3 -4  0  3  0 -4 -3 -2   64   0   2   0   0   0   0   0   0   0   0   0   0   0   3  26   3   0   0   0  0.87 0.32
  305 G   -2 -4 -3 -3 -4 -4 -4  7 -4 -5 -5 -4 -4 -5 -4 -2 -4 -4 -5 -3    1   0   0   0   0   0   0  93   0   0   0   0   0   0   0   0   0   0   0   3  1.84 0.42
  306 C    3 -4 -4 -4  8 -3 -4 -2 -4 -2  0 -3  4 -3 -4 -2 -1 -4 -4 -2   33   0   0   0  37   0   0   3   0   0   8   1  14   0   0   0   2   0   0   0  1.00 0.32
  307 H   -4 -3 -2 -4 -5 -2 -3 -5 11 -6 -5 -3 -4 -2 -4 -3 -2 -5 -1 -5    0   0   0   0   0   0   0   0  92   0   0   0   0   2   1   0   3   0   0   0  2.72 0.59
  308 T    1 -3 -2 -3  3 -3 -3 -3 -2 -2 -3 -3 -2 -3 -1  1  6 -4 -3 -1   11   0   0   0   8   0   0   0   1   1   1   0   0   1   3   6  65   0   0   3  0.89 0.33
  309 N   -4 -3  8 -1 -5 -2 -3 -3 -2 -5 -5 -3 -4 -5 -4 -1 -1 -5 -2 -5    0   0  91   0   0   0   0   0   0   0   0   0   0   0   0   2   3   0   2   0  1.94 0.49
  310 Y   -3 -4 -4 -3 -4 -4 -4 -5 -2 -2 -2 -4 -2  7 -5 -2 -3 -1  6  1    0   0   0   1   0   0   0   0   0   0   0   0   0  56   0   3   0   0  25  12  1.30 0.36
  311 S   -1 -3 -2 -2 -3 -2 -2 -3 -3 -4 -5 -2 -4 -5  0  7 -1 -5 -4 -4    0   0   0   0   0   0   0   0   0   0   0   0   0   0   3  93   0   0   0   0  1.48 0.46
  312 T   -2 -3  1 -2 -3 -3 -3 -3 -3 -3 -3 -3 -3 -4  0  0  7 -4 -4 -2    0   0   8   1   0   0   0   0   0   0   0   0   0   0   3   4  81   0   0   1  1.29 0.41
  313 K   -1  1  0 -1 -4  0  2 -3 -2 -3 -1  5 -2 -4 -3 -1  0 -4 -3 -2    3   6   3   1   0   1  12   1   0   1   6  56   0   0   0   3   6   0   0   1  0.63 0.25
  314 S    2 -1 -1  1 -2  0  2 -1 -2 -2 -2  0 -2 -1  0  2  0 -3 -1 -1   22   1   1   8   0   2  15   1   0   2   3   5   0   2   4  22   5   0   2   4  0.20 0.12
  315 M   -4 -2 -5 -6 -4 -3 -5 -5 -4 -1  1 -4 10 -2 -5 -4  1 -4 -4 -2    0   2   0   0   0   0   0   0   0   0  11   0  78   0   0   0   9   0   0   0  1.90 0.54
  316 R   -4  8 -3 -4 -6 -1 -1 -5 -2 -6 -5  0 -2 -5 -5 -3 -4 -5 -4 -5    0  95   0   0   0   0   3   0   0   0   0   0   1   0   0   0   0   0   0   0  2.09 0.53
  317 E    0 -1  1  1 -4  1  5 -2 -2 -3 -3  1 -2 -4 -3  0  1 -4 -3 -1    9   1   5   4   0   4  48   2   0   0   1   6   1   0   0   5   9   0   0   6  0.54 0.23
  318 E    0 -2 -1  3  1 -1  4 -3 -2 -3 -4  0 -3 -4  3 -1 -1 -4 -3 -2    7   0   1  21   4   0  37   0   0   0   1   4   0   0  15   2   2   0   0   3  0.60 0.22
  319 G   -1 -3  2 -1 -4 -2 -3  6 -3 -4 -4 -3 -4 -4 -3 -1 -1 -4 -4 -4    1   0   8   4   0   1   1  75   0   0   1   1   0   0   1   1   3   0   0   1  1.26 0.31
  320 G   -2 -4 -2  0 -4 -4 -4  7 -4 -6 -5 -3 -5 -5 -4  0 -3 -5 -5 -5    1   0   0   4   0   0   0  84   0   0   0   1   0   0   0   8   0   0   0   0  1.58 0.39
  321 F   -3 -1 -4 -4 -3 -2 -3 -4 -2  2  2  1  5  1 -4 -3 -2  3  4 -1    0   2   0   0   0   1   0   0   0  15  21  11  23   5   0   0   0   4  17   0  0.52 0.23
  322 E    0  1 -1  2 -3  0  3  0 -2 -3 -3  4 -3 -4 -2 -1  0 -4 -3 -3    7   4   1  13   0   2  24   6   0   1   2  32   0   0   0   1   5   0   0   0  0.44 0.19
  323 V    3 -3 -3 -1  0 -2  0 -3  3  0 -2 -1 -2 -1 -2 -1  0 -2  3  2   28   0   0   3   2   0   5   0   8   6   1   3   0   1   1   0   4   0  15  22  0.28 0.18
  324 I   -4 -5 -6 -6 -4 -5 -6 -6 -5  7 -1 -5  0  1 -5 -5 -3 -4  2  0    0   0   0   0   0   0   0   0   0  85   0   0   1   6   0   0   0   0   6   1  1.55 0.46
  325 K   -2 -1 -1  1 -5  0  5 -4  1  0 -2  2 -1 -3 -3 -2 -2 -4 -1 -2    2   0   2   5   0   2  52   0   3   8   3  17   2   1   0   0   1   0   2   2  0.67 0.28
  326 K    2  0 -1  2 -4  1  3 -3 -2 -4 -4  3 -3 -4 -1  0  1 -4 -3 -3   18   2   1  11   0   5  21   0   0   0   0  26   0   0   2   3   8   0   0   0  0.44 0.21
  327 A    5 -3 -3 -4 -1 -2 -3 -1 -2  0 -1 -3 -1 -3 -3  1 -2 -4 -1  0   68   0   0   0   1   1   0   2   1   7   6   0   1   0   0   6   0   0   2   5  0.73 0.31
  328 I   -3 -5 -4 -5  5 -4 -5 -5 -5  6  0 -5  4 -2 -5 -4 -2 -5 -4  1    1   0   1   0  14   0   0   0   0  61   4   0  12   0   0   0   0   0   0   6  1.14 0.37
  329 L    0 -1 -1  2 -5  1  5 -3 -1 -3 -2  2 -3 -4 -1 -1 -2 -4 -2 -3    9   1   1   9   0   3  52   1   1   1   4  12   0   0   2   1   1   0   2   0  0.66 0.27
  330 N    1  2  1 -2 -4  0 -1 -2 -3 -4 -3  6 -3 -5 -3  0 -2 -3 -4 -4   14   8   6   1   0   1   0   1   0   1   1  62   0   0   0   4   0   0   0   0  0.89 0.34
  331 L   -4 -4 -6 -6 -4 -4 -5 -6 -5 -1  6 -5  1  3 -5 -5 -4 -3 -2 -1    0   0   0   0   0   0   0   0   0   0  84   0   2  13   0   0   0   0   0   0  1.30 0.40
  332 S    1  1 -2 -1 -3 -1  3  3 -2 -4 -4  0 -3 -4 -3  3 -1 -4 -4 -4   10   7   0   1   0   1  20  23   0   0   0   4   0   0   0  33   0   0   0   0  0.53 0.24
  333 L    0  1 -1 -2 -4  0  0 -1 -1 -3  0  5 -2 -4  2 -1  0 -4 -3 -3    6   6   2   0   0   1   5   5   1   0  11  47   0   0   9   1   4   0   0   1  0.46 0.23
  334 R   -3  6  1 -3  1  0 -2 -4  2 -3 -3  3 -3 -3 -4 -2 -1 -2 -2  0    1  46   8   0   3   3   0   0   5   0   0  19   0   1   0   0   4   1   1   7  0.73 0.28
  335 H   -3 -2 -2 -4 -6 -2 -3 -5 10 -3 -3 -3 -3 -4 -1 -3 -2 -2 -1 -1    1   1   0   0   0   1   0   0  81   2   2   1   0   0   3   0   2   1   0   6  2.21 0.57
  336 K    1  0  0  1 -3  1  1 -2 -1 -2 -1  4  1 -3 -2  0 -1 -4 -3 -2   12   2   3   8   0   6   8   2   1   1   8  34   5   0   1   6   2   0   0   1  0.27 0.16
  337 E   -2  2 -2  1 -5  1  5 -4  1 -3 -3  0 -3 -3 -3 -2 -2 -4  2 -2    2   9   0   6   0   3  54   0   3   1   2   5   0   0   0   0   0   0  10   3  0.75 0.30
  338 H   -4 -3 -2 -2 -2 -3 -3 -5 11 -6 -6 -4 -3 -4 -5 -3 -5 -6 -1 -5    1   0   0   2   1   0   0   0  95   0   0   0   1   0   0   1   0   0   0   0  3.00 0.68
  339 I   -4 -5 -6 -6 -4 -5 -6 -6 -6  7  0 -5  3 -3 -5 -5 -3 -5 -4  1    0   0   0   0   0   0   0   0   0  86   2   0   6   0   0   0   1   0   0   5  1.61 0.46
  340 S    3  2 -1  0 -2  0  1 -2 -1 -3 -2  2  0 -3 -2  0  0 -4 -3 -2   37  15   3   4   1   3   8   0   1   0   2  13   3   1   0   6   4   0   0   2  0.31 0.18
  341 A    4 -3 -1 -3 -1 -1 -1 -2 -1  0  0 -2  0 -2 -3 -1 -2 -4 -2  3   42   0   4   0   1   2   3   0   2   2   7   1   1   1   0   1   0   0   1  32  0.44 0.24
  342 Y   -5 -5 -5 -6 -6 -5 -5 -6 -1 -5 -4 -5 -4  0 -6 -5 -5 -1 10 -4    0   0   0   0   0   0   0   0   0   0   0   0   0   0   0   0   0   0 100   0  2.98 0.70
  343 G   -2 -5 -3 -3 -5 -5 -5  7 -5 -7 -7 -4 -6 -6 -5 -3 -4 -5 -6 -6    0   0   0   0   0   0   0 100   0   0   0   0   0   0   0   0   0   0   0   0  2.25 0.53
  344 E    1  0 -2  0 -3  1  4 -3  0 -2  0  1 -2 -3  1  0 -1 -4 -2 -2   14   5   0   3   0   4  34   0   2   2  11  11   0   0   5   4   3   0   1   1  0.31 0.17
  345 G   -3 -4  1  6 -5 -3 -1  4 -1 -5 -6 -3 -5 -2 -4 -2 -3 -5 -2 -5    0   0   4  53   0   0   1  36   2   0   0   0   0   2   0   0   0   0   2   0  1.22 0.37
  346 N   -4 -3  8 -1 -5 -3 -3 -3 -2  0 -4 -3 -5 -6 -5 -2 -3 -7 -5 -4    0   0  91   1   0   0   0   0   0   6   2   0   0   0   0   0   0   0   0   1  2.07 0.56
  347 E    1 -1 -1  3 -4  0  5 -3  2 -3 -3 -1 -3 -4 -3 -1 -2 -5 -3 -3   16   1   2  15   0   3  47   0   7   1   3   2   0   0   0   2   1   0   0   0  0.69 0.27
  348 R   -2  6 -2  0 -5  2  1 -4 -2 -3  1  1  0 -4 -4 -2 -3 -4 -3 -3    3  49   0   6   0  12   7   0   0   0  14   5   3   0   0   0   0   0   0   0  0.72 0.28
  349 R   -4  8 -3 -5 -6 -2 -3 -5 -3 -6 -5  0 -4 -6 -5 -4 -4 -6 -5 -5    0  99   0   0   0   0   0   0   0   0   0   1   0   0   0   0   0   0   0   0  2.33 0.58
  350 L   -4 -4 -6 -6 -4 -5 -5 -6 -5 -1  6 -5  2 -2 -5 -5 -4 -4 -3 -1    0   0   0   0   0   0   0   0   0   0  97   0   3   0   0   0   0   0   0   0  1.57 0.45
  351 T   -3 -4 -3 -4 -4 -3 -4 -4 -5 -1 -4 -3 -3 -5 -4 -1  8 -5 -4 -2    0   0   0   0   0   0   0   0   0   2   0   0   0   0   0   1  95   0   0   2  1.86 0.55
  352 G   -2 -5 -3 -4 -5 -5 -5  7 -5 -7 -7 -4 -5 -6 -5 -3 -4 -5 -6 -6    0   0   0   0   0   0   0 100   0   0   0   0   0   0   0   0   0   0   0   0  2.25 0.52
  353 K   -1  4 -1 -1 -4  0 -1 -3  4 -3  0  4 -1 -1 -3 -1 -2 -4 -2 -3    5  24   2   2   0   2   2   0  11   0   9  32   1   3   0   2   1   0   0   1  0.47 0.21
  354 H   -5 -3  0 -3  0 -2 -3 -4 10 -6 -2 -4 -4 -2 -5 -4 -5 -5  0 -6    0   0   4   1   2   0   0   0  86   0   4   0   0   2   0   0   0   0   1   0  2.52 0.60
  355 E   -4 -3 -3 -1 -4  0  7 -2 -3 -6 -6 -2 -5 -6 -4 -3 -4 -6 -5 -4    0   0   0   0   0   1  94   3   0   0   0   1   0   0   0   0   0   0   0   1  1.89 0.54
  356 T   -3 -4 -3 -4 -4 -4 -4 -4 -5 -3 -4 -4 -1 -5 -4 -1  8 -5 -4 -2    0   0   0   0   0   0   0   0   0   0   0   0   2   0   0   0  97   0   0   1  1.98 0.58
  357 A    4 -3 -2 -3 -1  0 -2  2 -3 -4 -4 -2 -3 -4 -1  4 -1 -5 -4 -3   41   0   1   0   1   5   1  13   0   0   0   0   0   0   2  36   0   0   0   0  0.71 0.30
  358 S    0 -2  3  2 -3 -1 -1 -2  2 -4 -4 -1 -4 -4  2  4  0 -5 -3 -4    5   1  14  13   0   1   1   0   6   0   0   3   0   0   9  46   2   0   0   0  0.63 0.27
  359 I   -3 -5 -5 -5 -4 -4 -5 -6 -5  7  0 -4  4 -2 -4 -4 -3  5  1  1    1   0   0   0   0   0   0   0   0  69   1   0  11   0   0   0   0   7   6   4  1.21 0.38
  360 D   -3 -1  5  5 -5 -1  0 -1  5 -5 -5 -1 -3 -4 -4  0  0 -5 -2 -5    0   2  30  34   0   1   4   3  15   0   0   1   0   0   0   4   4   0   1   0  0.87 0.29
  361 Q   -1 -1  0  3 -4  2  3 -2 -1 -4 -4  2 -3 -4 -3  0  2 -4 -3 -3    3   1   2  22   0  11  18   1   1   0   0  17   0   0   0   6  18   0   0   1  0.50 0.21
  362 F   -5 -6 -6 -6 -5 -6 -6 -6 -4 -3 -2 -6 -3  9 -7 -5 -5  0  2 -4    0   0   0   0   0   0   0   0   0   0   1   0   0  95   0   0   0   1   4   0  2.46 0.57
  363 S   -1 -1 -1 -3 -2 -2 -2 -3 -3 -4 -2  0 -4 -4 -3  6  1 -5 -4 -3    0   2   2   0   0   0   0   0   0   0   3   5   0   0   0  79   9   0   0   0  1.14 0.43
  364 W    2 -4 -4 -5 -4 -3 -4 -4  0 -4 -4 -4 -3  0 -4  2 -3  9  6 -3   20   0   0   0   0   0   0   0   2   0   0   0   0   3   0  16   0  29  29   1  1.33 0.39
  365 G   -2 -5 -3 -4 -5 -4 -5  7 -5 -6 -6 -4 -5 -6 -5 -3 -4 -5 -6 -6    0   0   0   0   0   0   0  99   0   0   0   0   0   0   0   0   0   0   0   0  2.17 0.50
  366 V   -2 -5 -4 -2 -2 -4 -4 -5 -5  2 -1 -4 -1 -3 -4 -4 -1 -5 -3  7    2   0   0   3   0   0   1   0   0   7   1   0   0   0   0   0   1   0   0  83  1.24 0.40
  367 A    6 -4 -3 -3 -3 -3 -3  1 -4 -4 -4 -3 -3 -4 -3  2 -2 -5 -4 -3   77   0   0   1   0   0   0   8   0   0   0   0   0   0   0  13   0   0   0   0  1.10 0.38
  368 N   -3 -3  7  5 -5 -2 -2 -3  0 -5 -6 -2 -5 -3 -4  0 -2 -6 -4 -5    0   0  58  31   0   0   0   0   2   0   0   0   0   1   0   6   1   0   0   0  1.39 0.40
  369 R   -4  8 -3 -4 -1 -2 -3 -5 -3 -6 -5  0 -4 -6 -5 -3 -4 -5 -4 -5    0  97   0   0   2   0   0   0   0   0   0   0   0   0   0   1   0   0   0   0  2.18 0.55
  370 G    0 -4 -1 -3  1 -3 -3  7 -4 -5 -5 -2 -1 -5 -4 -1 -1 -5 -4 -5    4   0   1   0   3   1   1  80   0   0   0   1   2   0   0   3   3   0   0   0  1.41 0.37
  371 C    5 -4 -3 -3  6 -3 -3 -1 -4 -3 -3 -3 -3 -4 -3  1 -1 -5 -4 -1   66   0   0   1  17   0   0   3   0   0   0   0   0   0   0   7   2   0   0   3  1.02 0.35
  372 S   -1 -3 -2 -3 -4 -3 -3 -3 -1 -5 -5 -3 -4 -5 -3  7 -1 -5 -4 -4    0   0   0   0   0   0   0   0   2   0   0   0   0   0   0  97   0   0   0   0  1.72 0.53
  373 I   -3 -5 -5 -5 -1 -5 -5 -6 -5  6 -1 -5 -1 -2 -5 -4 -3 -5 -3  4    0   0   0   0   1   0   0   0   0  66   0   0   0   0   0   0   0   0   0  31  1.32 0.38
  374 R   -4  8 -3 -4 -6 -2 -3 -5 -2 -6 -5  0 -4 -5 -5 -3 -4 -5 -4 -5    0  97   0   0   0   0   0   0   1   0   0   1   0   0   0   0   0   0   0   0  2.19 0.54
  375 V   -3 -5 -5 -5 -3 -5 -5 -6 -5  7 -1 -5 -1 -2 -5 -4 -3 -5 -3  4    0   0   0   0   0   0   0   0   0  73   0   0   0   0   0   0   0   0   0  26  1.40 0.40
  376 G   -3 -5 -3 -4 -5 -4 -4  2 -5 -6 -6 -4 -5 -6  8 -2 -4 -6 -6 -5    0   0   1   0   0   0   0  19   0   0   0   0   0   0  79   1   0   0   0   0  2.24 0.50
  377 R   -3  7  0 -4 -5 -1 -2 -4  2  0 -2  0 -2 -4 -4 -2 -2  3 -3 -2    1  65   3   0   0   1   0   0   5   8   3   3   0   0   0   2   1   5   0   2  1.05 0.35
  378 D    1 -2 -1  2 -3  3  1  0  2 -1 -2 -1 -1 -2  0  1  0 -3 -2 -2   12   0   1  14   0  17  10   7   5   5   1   0   2   1   3  15   5   0   1   1  0.22 0.13
  379 T   -1 -4 -4 -4  3 -4 -4 -4 -4  0 -2 -4 -1  0 -4 -2  4 -4 -3  5    2   0   0   0   6   0   0   0   0   0   0   0   1   3   0   0  33   0   0  54  0.89 0.34
  380 E    3 -2 -1 -1 -3  0  3  2 -2 -2 -3 -1 -1 -2 -1  0 -1 -1 -2  1   29   0   3   2   0   1  24  14   0   1   0   2   2   1   2   3   1   1   0  12  0.27 0.17
  381 A    1  0  0  1 -4  3  3 -2 -1 -2 -2  3 -2 -4 -2 -1 -1 -4 -3 -1   16   2   4   6   0  15  20   0   1   2   3  24   0   0   0   2   1   0   0   3  0.37 0.18
  382 K    0  0  1  3 -4  2  4 -3 -1 -4 -3  2 -3 -4 -3 -1 -1 -4 -3 -3   10   3   7  22   0  10  28   0   1   0   2  14   0   0   0   1   2   0   0   1  0.53 0.21
  383 G   -2 -2  0 -2 -5 -1 -2  6 -3 -5 -5  3 -4 -5 -4 -2 -3 -4 -2 -5    1   1   3   1   0   2   1  68   0   0   0  20   0   0   0   0   0   0   1   0  1.19 0.35
  384 K   -2  0 -3 -3  3  0 -2 -4  1 -4 -4  6 -2 -1 -4 -2 -3 -1  4 -4    1   2   0   0   8   2   0   0   3   0   0  63   1   2   0   1   0   1  15   0  1.01 0.36
  385 G   -2 -5 -3 -4 -5 -4 -5  7 -5 -6 -6 -4 -5 -6 -5 -3 -4 -5 -6 -6    0   0   0   0   0   0   0  99   0   0   0   0   0   0   0   0   0   0   0   0  2.20 0.51
  386 Y   -5 -3 -5 -6 -5 -4 -5 -6  0 -4 -4 -5 -4  0 -6 -5 -5  5  9 -4    0   1   0   0   0   0   0   0   1   0   0   0   0   0   0   0   0   7  89   0  2.57 0.60
  387 L   -4 -4 -5 -6 -4 -5 -5 -5 -4  1  4 -5  1  6 -5 -4 -4 -2  1 -2    0   0   0   0   0   0   0   0   0   6  42   0   2  47   0   0   0   0   2   0  1.15 0.34
  388 E   -3 -3 -3 -1 -6 -1  7 -5 -3 -6 -5 -2 -5 -6 -4 -3 -3 -5 -5 -3    0   0   0   0   0   0  97   0   0   0   0   0   0   0   0   0   0   0   0   1  1.97 0.53
  389 D   -4 -4 -1  8 -6 -3 -1 -4 -4 -6 -6 -3 -6 -6 -4 -3 -4 -7 -6 -6    1   0   0  97   0   0   1   0   0   0   0   0   0   0   0   0   0   0   0   0  2.26 0.53
  390 R   -4  8 -3 -4 -6 -2 -3 -5 -3 -6 -4  0 -4 -5 -5 -3 -4 -5 -4 -5    0  98   0   0   0   0   0   0   0   0   1   0   0   0   0   0   0   0   0   0  2.21 0.54
  391 R   -4  8 -3 -4 -1 -2 -3 -5 -1 -5 -5  0 -4 -5 -5 -3 -4 -5 -4 -5    0  95   0   0   2   0   0   0   1   0   0   1   0   0   0   0   0   0   0   0  2.08 0.52
  392 P   -4 -5 -5 -4 -6 -4 -4 -5 -5 -6 -6 -4 -5 -6  9 -4 -4 -6 -6 -5    0   0   0   0   0   0   0   0   0   0   0   0   0   0  98   0   0   0   0   0  2.97 0.59
  393 A    5 -3  2 -3 -2 -2 -2 -1 -3 -4 -4 -2 -3 -3 -2  3 -1 -4 -4 -3   55   0  11   0   0   1   0   2   0   0   0   0   0   1   1  28   0   0   0   0  0.79 0.31
  394 S    3 -3 -2 -3 -3 -2 -2 -1 -3 -4 -4 -2 -3 -4 -2  6 -1 -5 -4 -3   28   0   0   0   0   0   0   2   0   0   0   0   0   0   1  67   0   0   0   0  1.07 0.38
  395 N   -2 -3  8  0 -5  0 -3 -3 -2 -6 -6 -3 -3 -5 -4 -2 -3 -6 -5 -5    3   0  88   3   0   4   0   0   0   0   0   0   0   0   0   1   0   0   0   0  1.93 0.50
  396 M    2 -4 -4 -4  7 -3 -4  0 -4  2 -1 -3  5 -3 -4 -1 -2 -4 -3  0   18   0   0   0  26   0   0   8   0  12   2   0  24   0   0   3   0   0   0   6  0.71 0.27
  397 D   -4 -4  0  8  0 -3 -1 -4 -4 -6 -6 -3 -6 -6 -4 -3 -4 -7 -6 -6    0   0   1  96   2   0   0   0   0   0   0   0   0   0   0   0   0   0   0   0  2.24 0.53
  398 P   -3 -5 -5 -4 -6 -4 -4 -5 -5 -6 -6 -4 -6 -7  9 -4 -4 -7 -6 -5    0   0   0   0   0   0   0   0   0   0   0   0   0   0 100   0   0   0   0   0  3.06 0.61
  399 Y   -5 -5 -5 -6 -6 -4 -5 -6 -1 -4 -4 -5 -4  1 -6 -5 -5 -1 10 -4    0   0   0   0   0   0   0   0   0   0   0   0   0   3   0   0   0   0  97   0  2.79 0.62
  400 I    1  2 -2 -2 -2  2 -1 -2 -2  0  1  1  0 -2 -3  0  0 -3 -2  2   11  12   0   1   0  14   1   3   0   3  12   9   2   0   0   6   3   0   0  24  0.16 0.12
  401 V   -2 -5 -5 -6 -3 -5 -5 -6 -6  3 -1 -5 -1 -3 -5 -4 -2 -5 -4  7    1   0   0   0   0   0   0   0   0  16   0   0   0   0   0   0   0   0   0  83  1.44 0.42
  402 T    1 -3 -2 -3  2 -3 -3 -2 -4 -1 -3 -3 -1 -4 -3  0  6 -5 -4  0   14   0   0   0   4   0   0   1   0   3   0   0   1   0   0   4  67   0   0   4  0.97 0.36
  403 S    1  1  0  0 -3 -1  2  2  0 -4 -4  0 -1 -3 -3  3 -1 -4 -2 -3   12   8   2   2   0   0  20  20   3   0   0   3   2   1   0  25   0   0   1   0  0.37 0.18
  404 L    2  1 -3 -4 -2 -1 -3 -3 -3  3  1 -1  4 -2 -3 -2 -2 -4 -3  1   25   9   0   0   0   3   0   0   0  22  15   3  16   0   0   0   1   0   0   7  0.34 0.19
  405 L   -3 -4 -5 -5 -3 -4 -5 -6 -5  5  4 -4  3 -1 -5 -4 -3 -4 -3  1    0   0   0   0   0   0   0   0   0  47  38   0   9   0   0   0   0   0   0   5  0.97 0.30
  406 A    1 -4 -4 -4  0 -3 -4 -4 -4  3  1 -3  3  0 -4 -2 -1 -4 -2  4   17   0   0   0   1   0   0   0   0  15  12   0   8   4   0   0   1   0   0  41  0.51 0.21
  407 E   -2  4 -1  2 -1  1  4 -3 -1 -4 -4  3 -3 -5 -3 -1 -2 -5 -3 -4    2  24   1  12   1   3  33   0   1   0   0  19   0   0   0   2   2   0   0   0  0.69 0.24
  408 T   -2 -4 -2 -4 -3 -3 -3 -4 -4 -3 -4 -3 -3 -5 -3  0  7 -5 -4 -2    0   0   0   0   0   0   0   0   0   1   0   0   0   0   0   5  92   0   0   1  1.73 0.50
  409 T   -2 -4 -3 -4  7 -4 -4 -4 -4  3 -1 -4 -1 -3 -4 -2  4 -4 -4  2    1   0   0   0  30   0   0   0   0  18   3   0   0   0   0   1  31   0   0  15  0.92 0.30
  410 L   -2 -4 -3 -5  7 -4 -4 -5 -4  3  3 -4  1  1 -4 -3 -2 -3 -2  1    0   0   1   0  31   0   0   0   0  21  28   0   3   7   0   0   0   0   0   8  0.81 0.24
  411 L   -2 -3 -4 -4 -3 -3 -3 -4 -4  0  5 -4  1  0 -4 -2 -2 -3 -2  0    1   0   0   0   0   0   1   1   0   2  84   0   1   2   0   3   1   0   0   1  0.90 0.26
  412 W   -2 -2  4  4 -4 -1  1  0 -2 -4 -3 -1 -3 -3 -3  0 -2  7 -2 -3    1   1  25  28   0   1   9   7   0   0   1   2   0   0   0   4   0  17   0   2  0.69 0.19
  413 E   -1 -1  0  1 -4  1  5 -1 -1 -3 -3  2 -3 -4 -2 -1 -1 -4 -3 -2    3   0   5   5   0   1  56   3   0   0   1  17   0   0   1   1   3   0   0   3  0.63 0.18
  414 P   -1 -2 -1  1 -3 -1  1 -1 -2 -2 -3 -1 -2 -3  6  1  2 -2 -3 -1    3   0   0   7   0   0   8   2   0   0   0   0   0   0  42   9  20   1   0   6  0.74 0.12
  415 T    0 -1 -1 -1 -2 -1  0  3 -2 -2 -2  0 -2 -2  0  1  2 -3 -1 -1    6   2   1   0   0   0   4  32   0   0   3   5   0   0   4  11  26   0   3   2  0.29 0.07
  416 L   -1 -1  0  3 -2 -1  0 -2 -2  0  2 -1  0 -1 -1 -1 -1 -2  0  0    4   2   4  24   0   0   6   2   0   0  34   0   1   0   2   3   3   0   5  11  0.14 0.05
  417 E   -1 -1 -1  2  1  1  5 -2 -1 -3 -3  0 -2 -3  0 -1 -1 -3  0 -3    5   0   0  10   5   4  62   0   0   0   1   1   0   0   4   1   0   0   4   0  0.61 0.12
  418 A    3 -1 -1  1 -1 -1  0  0 -2 -1 -1 -1 -1 -1  1  0  1 -3 -2 -1   40   0   0  10   0   0   7   3   0   5   6   3   0   4   6   4   9   0   0   1  0.15 0.04
  419 E    1 -1 -1  0 -3  1  4 -1 -1 -2 -1  1 -2 -3 -2  2  0 -3 -2 -1   11   0   0   1   0   0  49   2   0   0   5   6   0   0   0  19   4   0   0   3  0.37 0.07
  420 A    4 -2 -1  1 -1 -1 -1  0 -2  0 -2 -1 -1 -3 -2  1 -1 -3 -2  0   61   0   0  12   0   0   0   5   0   8   0   0   0   0   0   8   0   0   0   4  0.31 0.07
  421 L    0 -2 -3 -3 -2 -2 -2 -3 -2  1  3 -2  1  0  1 -1 -1 -1  2  1   10   0   0   0   0   0   0   0   0   2  55   3   0   2   7   3   0   0  10   7  0.24 0.05
  422 A    5 -1 -2 -2 -1  0 -1 -1 -2 -2 -2 -1 -2 -3  0  1  1 -3 -2 -1   79   2   0   0   0   3   0   0   0   0   0   0   0   0   3   4   7   0   0   0  0.50 0.08
  423 A    4 -2 -1 -2 -1 -1 -1  2  2 -2 -2 -1 -2 -3 -2  1 -1 -3 -2 -1   63   0   0   0   0   0   3  20   8   0   3   0   0   0   0   3   1   0   0   0  0.40 0.07
  424 Q   -2  0  0  2 -4  5  2 -2  1 -3 -3  1 -1 -1 -2 -1 -1 -2  1 -3    0   0   0  10   0  61   9   0   3   0   0   6   0   3   0   0   1   0   6   0  0.56 0.08
  425 K   -1  2 -1 -1 -4  1  0 -2  1 -3 -3  6 -2 -4 -2  0 -1 -4 -2 -3    0   5   0   0   0   0   0   0   4   0   0  88   0   0   0   3   0   0   0   0  0.71 0.09
  426 L   -1 -2 -3 -2 -2 -2 -1 -3 -3  1  3 -2  1 -1  4 -1  0 -3 -2  1    5   0   0   0   0   0   5   0   0  10  45   0   0   0  23   0   5   0   0   7  0.34 0.02
  427 S    3 -1 -1 -1 -1  0  0 -1 -2 -1 -2 -1 -1 -2 -1  3  2 -3 -2 -1   41   0   0   0   0   2   2   0   0   4   0   0   0   0   0  33  18   0   0   0  0.29 0.02
  428 L   -2 -2 -4 -4 -2 -2 -3 -4 -3  2  4 -3  2  0 -3 -3 -1 -2 -1  1    0   0   0   0   0   2   0   0   0   7  82   0   3   0   0   0   0   0   0   6  0.43 0.02
  429 N   -1  1  3  0 -3  0  0 -2  0 -2 -2  3 -2  2 -2  0 -1 -2  0 -2    0   2  32   0   0   0   0   0   0   0   0  48   0  18   0   0   0   0   0   0  0.31 0.02
  430 V    0 -3 -3 -4 -1 -2 -3 -4 -3  3  1 -3  1 -1 -3 -2  0 -3 -1  4    0   0   0   0   0   0   0   0   0   0   0   0   0   0   0   0   0   0   0 100  0.41 0.02

                      K         Lambda
Standard Ungapped    0.1335     0.3150
Standard Gapped      0.0541     0.2670
PSI Ungapped         0.1766     0.3132
PSI Gapped           0.0541     0.2670
