
Last position-specific scoring matrix computed, weighted observed percentages rounded down, information per position, and relative weight of gapless real matches to pseudocounts
           A  R  N  D  C  Q  E  G  H  I  L  K  M  F  P  S  T  W  Y  V   A   R   N   D   C   Q   E   G   H   I   L   K   M   F   P   S   T   W   Y   V
    1 M   -1 -2 -3 -4 -2 -1 -2 -3 -2  1  2 -2  7  0 -3 -2 -1 -2 -1  0    0   0   0   0   0   0   0   0   0   0   0   0 100   0   0   0   0   0   0   0  0.60 0.06
    2 N   -1 -1  6  1 -3  0 -1  1  0 -3 -4 -1 -2 -3 -2  1  1 -4 -2 -3    0   0  69   5   0   0   0   8   0   0   0   0   0   0   0  10   8   0   0   0  0.59 0.04
    3 G    0 -1  1 -1  1  1  1  3 -1 -3 -3  0 -2 -3 -2  1  1 -3 -3 -2    0   0   5   0   4  11  11  37   0   0   0   6   0   0   0  17  11   0   0   0  0.34 0.03
    4 G   -1 -2  0  3 -3  0  1  4  1 -3 -3 -1 -3 -3 -2  0  1 -3 -3 -3    0   0   0  29   0   4   7  38   4   0   0   0   0   0   0   7  10   0   0   0  0.45 0.04
    5 D   -2 -2  0  5 -4  0  1  0  5 -4 -4 -1 -3 -3 -2  1 -1 -4 -1 -4    0   0   0  48   0   0   5   5  29   0   0   0   0   0   0  13   0   0   0   0  0.67 0.10
    6 V    1  1 -1 -2 -2 -1 -1  1  2 -1 -1  0 -1  1 -2  0  0  1  0  0   19  15   2   0   0   0   2  11   8   2   6   2   0   7   0   6   6   3   2   8  0.06 0.02
    7 T    1 -1 -1  1 -2  0  0  0  0 -3 -3 -1 -2 -3  4  1  2 -3 -2 -2    9   2   0  10   0   2   5   7   3   0   0   0   0   0  23  14  24   0   0   0  0.41 0.07
    8 V    1 -1 -1 -1 -1 -1  0  1  0  1  0 -1  0 -2  1  1  1 -3 -2  1   12   4   2   2   0   0   5  11   4   7   6   1   2   0   6  10   8   0   0  19  0.06 0.02
    9 A    2 -2 -1 -1 -2 -1 -1  0 -2 -3 -3 -1 -2 -3  4  2  1 -3 -3 -2   25   0   0   3   0   0   2   7   0   0   1   0   0   0  25  26   9   0   0   0  0.48 0.09
   10 G    1  0  0 -1 -2 -1  0  2 -2 -1 -2  0 -1 -3  2  2  0 -3 -2  0   16   6   4   2   0   0   3  16   0   6   1   3   0   0  10  23   3   0   0   6  0.19 0.05
   11 S    1  1  1  0 -2  1  1  1 -1 -3 -3  0 -1 -3  0  2  0 -3 -2 -2   10   7   4   4   0   6  13  12   0   0   1   0   2   0   4  32   3   0   0   0  0.25 0.06
   12 D    0 -1  0  5 -3  1  3 -1 -1 -3 -3  0 -3 -4 -2  0  1 -4 -3 -3    8   0   2  41   0   7  20   4   0   0   0   2   0   0   0   0  13   0   0   0  0.50 0.11
   13 D   -2  1  2  6 -4  0  1 -1 -2 -4 -3 -1 -3 -4 -3  0 -1 -5 -4 -4    0  10  12  58   0   3   4   3   0   0   2   1   0   0   0   5   3   0   0   0  0.75 0.16
   14 L    0 -1 -2 -1 -2  0 -1 -2  0  1  1 -2  1 -1  3 -1  0 -3 -2  3    5   2   0   3   0   5   5   2   3   3  11   0   3   2  14   4   3   0   0  39  0.19 0.08
   15 K    0  3  0  1 -3  1  1 -1 -1 -3 -3  3 -2 -4  0  0  2 -4 -3 -3    5  24   1  11   0   2   9   4   0   0   0  22   0   0   4   2  16   0   0   0  0.34 0.10
   16 S    1  1 -1  0 -2  1  0 -1  2 -2 -2  2  0 -3  0  1  2 -3 -2 -2   19   7   0   3   0   5   5   2   6   1   0  15   5   0   3  14  15   0   0   0  0.19 0.08
   17 P    2 -1 -2 -2 -3  1  1  0 -3 -3 -3 -1 -3 -4  6  0 -1 -4 -3 -1   18   3   0   0   0   6   8   8   0   0   0   0   0   0  46   6   1   0   0   4  0.86 0.18
   18 L   -2 -1 -3 -1 -2 -2 -1  0 -1  1  3 -2  1  0  0 -2  0 -3 -2  0    0   3   0   5   0   1   3  10   2   7  52   0   1   2   4   0   5   0   0   3  0.23 0.12
   19 L   -1 -1 -2  1 -2 -1 -1 -2 -3  0  3 -2  2 -1  0  0 -1 -3 -2 -1    5   3   0   9   0   2   5   2   0   3  50   0   5   0   5  10   2   0   0   0  0.23 0.12
   20 P   -2 -4 -3  1 -4 -3 -2  2 -3 -4 -2 -3 -4 -4  7 -1 -1 -5 -2 -4    0   0   0   9   0   0   1  15   0   0   4   0   0   0  62   4   2   0   2   0  1.40 0.31
   21 V    0 -2 -1  1 -2 -1  0  1  1  1  1 -2 -1 -1  1  0 -1 -3  0  1    6   0   0  12   0   0   8  11   5  11  13   0   0   1   7   6   1   0   3  15  0.08 0.07
   22 V    1  0 -1  0 -2  0 -1  1  1 -1 -1  0  0 -2  2  1  1 -3 -1  0   13   5   0   4   0   2   3  10   5   3   7   7   2   0  12   8  10   0   1   7  0.10 0.04
   23 H   -1  0  1  2 -3  0  1 -2  6 -3 -3 -1  1 -3  0 -1  2 -3 -1 -3    6   6   4  12   0   1   9   2  27   0   1   2   6   0   4   1  17   0   1   0  0.39 0.17
   24 N    0  2  0  2 -3  0  2 -1  0 -2 -3  0 -2 -1 -2  1 -1 -2  2 -2   10  12   4  14   0   3  16   3   2   3   0   4   0   2   1  12   0   0  11   2  0.19 0.10
   25 D    0  2  0  3 -3  1  1  0 -2 -1 -2  0 -2 -3 -1  1  0 -3 -1 -2    9  14   3  22   0   5   6   5   0   6   2   3   0   0   2  16   4   0   3   0  0.22 0.11
   26 E    0  0  2  1 -3  2  2  0 -1 -3 -3 -1 -1 -2  1  2  0 -3 -3 -1    8   5  10   5   0  10  15   8   0   0   0   1   2   2   6  18   6   0   0   4  0.22 0.11
   27 P    0  1 -1  1 -3  0  1 -2 -1 -1  0  0  0 -3  4  0  0 -4 -3 -2    6   9   2  10   0   2  13   2   1   5  12   4   2   0  21   6   4   0   0   0  0.27 0.11
   28 F    1 -1  1  0 -2  1  1  2  1 -1 -2  0  0 -2 -1  0  0 -3 -2 -1   14   2   8   3   0  10   8  17   5   4   2   3   2   1   2   7   5   0   1   5  0.13 0.07
   29 E    1  0 -1  2 -1  2  3  0 -1 -3 -3  0  1 -4 -1  0  0 -4 -3 -3   12   5   1  14   1   8  27   8   1   0   0   4   5   0   2   7   5   0   0   0  0.32 0.15
   30 R   -1  2 -1 -1 -3  3  2 -1 -1 -3 -2  1 -2 -3  1  2  0 -4 -2 -2    2  16   1   1   0  18  12   3   1   0   3   6   1   1   7  22   5   0   1   3  0.33 0.18
   31 Q   -1  2 -1  0 -2  3  2  0  0 -1 -2  1 -2 -3  0  0 -1 -3 -2  0    3  11   1   3   1  21  17   8   2   2   4   7   0   0   5   5   3   0   1   8  0.23 0.13
   32 T    1  2  0 -1 -2 -1 -1 -2 -2 -1  0  0 -1 -2  3  2  1 -2 -3 -2   11  12   3   1   1   1   3   1   1   3  11   5   1   1  14  23   8   1   0   0  0.22 0.13
   33 V    1 -1  0 -1  0 -1 -1  0 -1  0  1 -1  0 -1  2  1  1 -3 -2  0   12   3   5   3   2   2   3   5   1   4  17   3   2   2  11  14   7   0   0   4  0.09 0.06
   34 G    0 -1  0 -1 -2 -1 -1  3  1 -4 -3 -1 -3 -3  4  2  0 -4 -2 -3    7   3   4   3   0   2   2  22   4   0   3   3   0   1  23  16   5   0   1   0  0.43 0.17
   35 Q    1  0  1  0 -3  1  2 -1  0 -3 -3  1 -2 -1  2  1  1 -3 -2 -2   14   4   6   3   0   7  15   3   2   0   1   9   0   4   9  12   8   0   0   2  0.21 0.12
   36 Q    0  1  2 -1 -1  1  2 -1  1 -2 -2  0 -2 -1  1  1  0  0 -2 -2    9   6  10   2   1   8  13   4   3   1   5   6   0   4   5  14   6   1   0   1  0.15 0.10
   37 L    0 -1 -1 -1 -1  0  1  0 -2  0  1  0  1 -1  1  0  0 -1 -2  0    9   2   3   2   1   2  11   7   0   6  14   4   7   3   8   7   6   1   0   6  0.05 0.05
   38 R   -1  4 -1 -2 -2  2 -1 -2  0 -3 -2  3  0 -3 -1  0  1 -4 -3 -3    5  28   2   1   1   8   2   2   2   0   3  25   3   1   2   6   9   0   0   1  0.45 0.23
   39 T    0  1  0 -1 -3  0  1 -1 -1 -3 -1  1 -1  1  1  2  2  0 -2 -2    5   9   3   1   0   4   9   5   1   0   5   7   1   7   7  20  14   1   0   1  0.17 0.14
   40 I   -1  0 -1 -2 -1 -1  0 -2 -2  1  1 -1  1  1 -1 -1  1  3  2  0    3   4   3   2   1   1  10   2   0  12  16   3   3   5   2   5   8   4  11   5  0.10 0.10
   41 F    0  1  0 -2 -3 -1 -2 -2 -1 -1  0  0 -1  3  1  1  1  4 -1 -1    6   9   6   1   0   1   0   2   2   2  11   6   1  16   7  10  10   7   0   2  0.17 0.14
   42 T    0  1  2 -2 -3 -1 -2 -1 -1 -1  0  0 -1  0 -1  1  2 -1 -1 -1   10  10  12   1   0   2   0   5   1   4  10   6   1   5   3  11  17   1   1   1  0.11 0.12
   43 P   -1  4  2 -3 -4  0 -2 -1  2 -1  0  1 -1 -2  0 -1 -1 -1  0 -2    5  32  11   0   0   2   1   5   5   4   9   7   1   1   5   4   2   1   3   2  0.30 0.20
   44 K   -3  5  1 -3 -5  4 -1 -2 -2 -4 -4  4 -3 -5 -3 -2 -2 -5 -4 -3    1  33   6   0   0  20   1   2   0   1   1  29   1   0   1   2   2   0   0   1  0.95 0.42
   45 N   -1  3  2 -2 -2  0 -2 -1 -2 -1 -1  2 -1 -1 -3  0  1  3  0 -1    3  17  14   1   1   3   0   4   0   4   7  15   1   2   1   6   9   5   4   4  0.21 0.17
   46 C   -1 -3 -3 -4 -1 -3 -4 -2 -2  4  2 -2  0  1 -3 -1 -1  3  0  2    5   1   1   0   1   0   0   4   1  31  20   2   1   6   1   5   2   4   3  11  0.35 0.21
   47 Y    0 -4 -3 -4 -3 -4 -4  5 -1  1  0 -3  0  1 -4 -1 -2  1  0  0    8   0   1   0   0   0   0  47   1  10   9   1   2   6   0   3   1   2   3   7  0.61 0.30
   48 I   -2 -1 -5 -5 -3 -3 -5 -4 -5  3  4 -3  1  2 -4 -3 -2 -2 -3  1    3   3   0   0   0   1   0   1   0  21  45   1   3   8   0   1   2   0   0   9  0.66 0.31
   49 A   -1 -4 -5 -5 -1 -4 -5 -2 -4  4  2 -5 -1  4 -4 -3 -3  2 -1  2    6   0   0   0   1   0   0   3   0  28  18   0   0  20   0   1   0   3   1  17  0.64 0.30
   50 L    0 -4 -5 -5 -2 -4 -5 -2 -5  2  5 -4  0  0 -5 -2 -2  0 -3  0   10   0   0   0   1   0   0   3   0  13  57   0   1   4   0   3   2   1   0   4  0.72 0.35
   51 G    2 -5 -3 -2 -4 -4 -4  6 -5 -1 -3 -3 -3 -1 -4 -2 -1 -1 -3 -1   17   0   0   2   0   0   0  60   0   3   3   1   0   3   0   1   4   1   1   5  1.02 0.42
   52 P    0 -5 -2 -1 -5 -4 -4 -2 -5 -1 -1 -4 -4 -3  7 -3 -3 -6 -5 -1    7   0   2   4   0   0   0   4   0   3   7   0   0   1  64   1   1   0   0   5  1.55 0.54
   53 L    1 -4 -4 -2 -1 -4 -4 -3 -4  3  4 -4  1  0 -3 -2 -2 -4 -3  2   11   0   0   3   1   0   0   2   0  21  38   0   2   3   1   2   1   0   0  15  0.54 0.28
   54 L    1 -4 -5 -5  0 -4 -5 -3 -5  3  4 -4  0  0 -5 -3 -2 -1 -3  3   11   0   0   0   1   0   0   2   0  17  39   0   1   4   0   1   1   1   0  20  0.62 0.30
   55 C    2 -4 -4 -5  3 -4 -4 -1 -4 -1  1 -4  1  6 -4 -1 -1  0 -1 -1   22   0   0   0   8   0   0   6   0   2  12   0   3  33   0   5   4   1   0   4  0.61 0.32
   56 A    2 -4 -4 -4 -1 -4 -4 -2 -4  1  3 -4  0  3 -3 -1  0 -3 -2  1   18   0   0   0   1   0   0   3   0   8  33   0   1  15   1   4   4   0   0  12  0.42 0.25
   57 V    1 -4 -4 -4 -1 -3 -4 -2 -4  2  3 -4  0  1  2 -2  0 -2 -2  2   13   0   0   0   1   0   0   4   0  15  31   0   1   7   9   1   5   0   0  12  0.37 0.23
   58 V    0 -4 -4 -4 -3 -4 -4 -4 -4  4  2 -4  2  0  1 -2  1 -4 -2  3    7   0   0   0   0   0   0   1   0  24  16   0   6   5   7   2   8   0   1  23  0.47 0.25
   59 C   -1 -3 -3 -4  3 -2 -4 -4 -3  2  3 -3  2  2 -3 -2 -1  3  3  0    5   0   1   0   7   2   0   1   0  11  30   1   7   9   1   2   3   4  11   6  0.42 0.22
   60 L    0 -4 -4 -5 -2 -3 -4 -3 -3  1  4 -4  1  4 -4 -2 -2  2  1  0    9   0   1   0   1   1   0   2   0   6  48   0   2  16   0   2   1   3   4   4  0.61 0.30
   61 C    0 -3 -1 -4  1 -3 -3 -2 -2  1  2 -2  1  4 -1 -1  0 -1  1  1    8   0   3   0   3   1   0   3   1   5  24   2   3  22   3   4   5   1   3  10  0.27 0.17
   62 V    0 -2  0 -2 -2 -2 -2 -1 -2  1  2 -2  2  1  1 -1  0 -2 -1  1    8   1   5   2   1   1   1   5   0   8  23   2   5   8   8   4   5   0   1  11  0.12 0.10
   63 D    0 -1  1  0 -3 -1 -1 -1  0 -2  0 -1 -1 -1  5 -1  0 -2 -1 -1    6   3   6   7   0   2   4   5   3   2  12   4   1   2  27   4   6   1   1   3  0.33 0.16
   64 L    0 -2 -2 -2 -3 -1 -1 -3 -2  0  2 -2  0  0  5 -1  0  0 -2 -1    7   1   2   2   0   2   3   1   1   4  23   1   2   4  29   5   7   2   1   4  0.44 0.22
   65 G   -1 -3 -1  1 -4 -1  1 -1 -1 -1 -2 -2 -2  1  5 -1 -1 -4 -1 -2    6   1   3   7   0   2  10   5   1   4   3   2   1   8  34   5   4   0   2   3  0.54 0.25
   66 G    1 -2 -1  0 -3 -1  1  3 -1  0 -1 -1 -1  0  1  0  0 -1 -2 -1   14   1   2   5   0   2  13  22   1   6   5   1   1   5   6   6   6   1   1   2  0.16 0.12
   67 D    0 -2  0  2 -2 -1  0  3 -1 -1  0 -1 -1 -2  1  0  0  1 -2 -1    7   1   5  12   0   2   6  24   1   3   9   2   2   1   6   7   4   2   1   4  0.15 0.10
   68 E   -2 -3 -1  0 -3  0  0 -3 -2  0  3 -1  4  0 -1 -2 -2 -3 -1  0    2   1   3   5   0   5   6   2   1   5  35   3  16   2   4   1   2   0   2   6  0.31 0.21
   69 T    0 -2  1  0 -3 -1  0  0  0 -3 -3 -1 -2 -3  3  3  1 -4 -2 -1    5   1   5   4   0   2   7   6   2   1   1   2   0   1  18  30   9   0   2   4  0.39 0.23
   70 T    0 -1  0  0 -3  0  0 -1  2 -1 -1  0 -2 -1  3  0  1 -2  0  0    7   3   3   4   0   5   6   4   5   2   5   4   0   2  18   5  10   1   3  10  0.18 0.11
   71 T    2  0  0  0 -3  1  3 -1 -1 -2 -2  1 -1 -4  2  0  0 -3 -3 -2   18   3   4   5   0   4  20   2   1   2   4  11   1   0   9   5   7   0   0   2  0.24 0.17
   72 A    5 -3 -3 -3 -1 -1  0  2 -3 -1 -3 -3 -1 -1 -1 -1 -2 -4 -4 -2   52   0   0   1   1   3   6  18   0   3   2   0   1   2   3   3   1   0   0   2  0.64 0.33
   73 R    0  2  0 -2 -2  2 -2 -2  1 -2 -2  1 -1  1 -3 -1 -1  7  2 -1    8  15   5   2   1  11   1   2   4   2   2   7   1   5   1   4   2  15   6   5  0.36 0.20
   74 N    1  3  0 -2 -1  0 -2 -2  0  0 -1  2  0 -1 -3 -1  0  0  1 -1   14  21   4   1   2   2   0   1   2   7   6  13   2   3   0   4   5   2   6   5  0.17 0.15
   75 M    0 -3 -3 -3  6 -3 -3  0 -3  0  1 -3  2 -1 -3 -1  1 -3 -2  2    9   0   0   0  24   0   0   7   0   2  12   0  10   1   0   2  12   0   0  19  0.41 0.18
   76 L    3 -3 -3 -4 -1 -3 -3 -2 -3  0  3 -3  1 -1 -3 -1 -1 -3 -1  0   39   0   0   0   0   0   0   2   0   3  41   0   4   2   0   1   1   0   1   3  0.42 0.21
   77 G    4 -3 -3 -3 -1 -2 -3  2 -2 -2 -2 -2 -2  1 -3  0 -1  0  4 -2   48   0   0   0   1   0   0  18   0   1   2   0   0   5   0   4   1   1  17   1  0.50 0.23
   78 V   -1 -3 -3 -4  0 -3 -3 -3 -4  3  2 -3  0 -1 -3 -1  1 -3 -2  4    3   0   0   0   1   0   0   1   0  20  18   0   1   1   0   4   9   0   0  42  0.44 0.18
   79 L    1 -3 -3 -3 -2 -2 -3 -1 -3  2  2 -2  2 -2 -3 -1  2 -3 -2  2   18   0   0   0   0   0   0   3   0  15  22   0   9   0   0   1  17   0   0  14  0.25 0.14
   80 V    2 -3 -3 -4  1 -3 -3 -2 -3  2  2 -3  0  1 -3 -1  0  0 -1  2   21   0   0   0   4   0   0   1   0  15  25   0   1   5   0   1   4   1   0  21  0.26 0.13
   81 W   -2 -4 -3 -5 -3 -3 -4 -2 -4  1  3 -4  0  4 -4 -3 -2  8  0  0    2   0   2   0   0   0   0   3   0   5  37   0   1  18   0   0   2  25   0   5  0.84 0.25
   82 M    0 -3 -4 -4  2 -2 -3 -4 -3  2  0 -3  7 -1 -4 -3 -1  0 -2  3    7   0   0   0   6   0   0   0   0   9   3   0  48   1   0   0   4   1   0  20  0.73 0.28
   83 F    4 -3 -3 -3 -1 -2 -2  1 -3  0 -1 -2 -2  0 -2  0 -1  1 -2  0   60   0   0   0   1   0   0  11   0   7   3   0   0   5   0   4   1   2   0   5  0.46 0.21
   84 A    0 -3 -3 -3  0 -2 -3 -2 -3  3  2 -3  1  0 -3 -1  1  0 -1  3    5   0   0   0   1   0   1   3   0  21  18   0   3   3   0   4  10   1   1  27  0.24 0.11
   85 W   -3 -4 -5 -5 -2 -3 -4 -4 -3 -2  2 -4  0  3 -5 -4 -3 10  4 -3    0   0   0   0   1   0   0   0   0   0  24   0   1  10   0   0   0  46  15   0  1.57 0.32
   86 W   -5 -5 -6 -6 -5 -4 -5 -5 -5 -5 -4 -5 -4 -1 -6 -5 -5 13  0 -5    0   0   0   0   0   0   0   0   0   0   0   0   0   0   0   0   0  97   0   0  3.93 0.60
   87 L   -1 -3 -4 -4  4 -3 -3 -4 -4  3  2 -3  3 -1 -3 -1 -1 -3 -2  3    3   0   0   0  11   0   0   0   0  28  16   0   9   2   0   3   1   0   0  25  0.42 0.15
   88 T   -1 -3 -2 -3  1 -2 -3 -2 -3 -2 -2 -2 -2  1 -3  1  6 -4 -2 -2    1   0   0   0   3   0   0   1   0   0   3   0   0   8   0  11  72   0   0   1  0.90 0.32
   89 E   -3 -2 -1  1 -6  1  7 -1 -2 -5 -5 -1 -4 -5 -3 -2 -3 -5 -4 -4    0   0   1   3   0   2  88   5   0   0   0   1   0   0   0   1   0   0   0   0  1.41 0.39
   90 A    5 -3 -3 -3  2 -2 -3 -2 -3 -1 -2 -2 -2 -3  2  0  0 -4 -3  1   63   0   0   0   5   0   0   0   0   2   1   0   0   0  10   2   4   0   0  14  0.63 0.25
   91 V   -2 -4 -4 -5 -1 -4 -4 -5 -4  4  3 -4  1  0 -4 -3 -2 -1 -2  3    1   0   0   0   1   0   0   0   0  36  33   0   2   2   0   0   1   1   0  23  0.64 0.21
   92 P   -2 -4 -2 -2 -5 -3 -3 -4  4 -5 -5 -3 -4 -5  8 -2 -3 -6 -4 -5    1   0   1   2   0   0   0   0  14   0   0   0   0   0  80   2   0   0   0   0  2.16 0.44
   93 M   -2 -4 -4 -5 -2 -4 -4 -5 -4  5  3 -4  2 -1 -3 -3 -2 -4 -2  3    0   0   0   0   0   0   0   0   0  40  36   0   5   0   1   1   0   0   0  17  0.69 0.22
   94 P    3 -3 -3 -3 -3 -2 -2 -1 -3 -3 -3 -2 -3 -3  6  1  1 -4  0 -2   32   0   0   0   0   1   1   3   0   0   0   0   0   1  39   7  11   0   4   1  0.85 0.25
   95 I    2 -4 -4 -4 -2 -3 -3 -3 -4  3  0 -3  0 -2 -3 -2 -1 -1 -3  5   24   0   0   0   0   0   0   1   0  16   5   0   2   0   0   0   1   1   0  50  0.56 0.23
   96 T   -1 -3 -2 -3 -3 -3 -3 -1 -4 -3 -3 -3 -3 -4 -2  0  7 -5 -4 -2    4   0   0   0   0   0   0   3   0   0   0   0   0   0   1   2  88   0   0   1  1.34 0.42
   97 S    5 -3 -2 -3 -2 -2 -2  1 -3 -3 -4 -2 -3 -4 -2  4 -1 -4 -3 -2   56   0   0   0   0   0   0   9   0   0   0   0   0   0   0  35   0   0   0   0  0.81 0.30
   98 M   -3 -4 -5 -5  0 -4 -5 -5 -4  1  5 -4  3  2 -5 -4 -3 -3 -2  0    0   0   0   0   2   0   0   0   0   6  73   0   8   7   0   0   0   0   0   5  0.97 0.33
   99 T   -2 -4 -4 -5  1 -3 -4 -5 -4  3  4 -4  2  1 -4 -1 -1 -3 -2  1    2   0   0   0   3   0   0   0   0  17  55   0   5   5   0   4   3   0   0   5  0.61 0.24
  100 P   -1 -5 -4 -4 -5 -4 -4  1 -5  1 -4 -4 -4 -5  7 -3 -3 -6 -5  1    3   0   0   0   0   0   0  11   0  11   0   0   0   0  66   0   0   0   0   9  1.63 0.47
  101 L   -1 -4 -4 -4 -3 -3 -4 -3 -4  3  3 -3  1  1  4 -3  0 -3 -1  1    3   0   0   0   0   0   0   1   0  17  32   0   3   5  21   0   5   0   2  11  0.49 0.24
  102 F    1 -4 -4 -4  0 -3 -4 -2 -4  3  1 -3  1  1 -2 -2  0 -3 -2  4   12   0   0   0   2   0   0   3   0  19  14   0   3   5   2   2   3   0   0  36  0.38 0.22
  103 L   -1 -3 -4 -4  0 -3 -4 -3  1  1  4 -3  3  1 -4 -2  0 -3 -1  1    5   0   0   0   2   0   0   2   5   8  52   0   7   5   0   2   5   0   2   6  0.48 0.26
  104 F    1 -4 -4 -4  1 -3 -4 -2 -3  0  2 -4  1  5 -4 -1 -1 -2  1  1   15   0   0   0   3   0   0   3   0   4  21   0   4  33   0   3   2   0   3   8  0.45 0.25
  105 P   -2 -4 -4 -1 -4 -1 -3 -4 -4  0 -4 -3 -4 -5  7 -1  0 -6 -5  2    3   0   0   3   0   3   0   0   0   6   0   0   0   0  63   3   5   0   0  15  1.50 0.50
  106 L    0 -3 -3 -4  1 -1 -3 -1 -3  1  2 -3  2  1  0 -1  0 -2  2  1    9   0   0   0   4   4   0   5   0   9  29   0   6   7   4   4   4   0   7   8  0.19 0.17
  107 F    0 -2 -2 -3  3  1 -2  0  2  0  0 -2  2  1  1  0  0 -2  2  0    7   0   0   0   7   7   0   7   7   7   7   0   7   7   7   7   7   0   7   7  0.12 0.16
  108 G   -3 -5 -2 -1 -6  0 -4  7 -1 -7 -7 -1 -6 -7 -6 -3 -4 -6 -7 -6    1   0   2   4   0   4   1  81   1   0   0   4   0   0   0   1   1   0   0   0  1.86 0.68
  109 I   -1 -6 -5 -5 -3 -5 -4 -2 -6  6  1 -5  0 -3 -5 -4 -3 -6 -4  5    6   0   0   1   0   0   1   4   0  41   9   0   1   0   0   0   1   0   0  36  1.05 0.46
  110 S    1 -3 -3 -3 -3 -2 -3 -2 -4  1  3 -4  5  0 -4  0 -1 -4  0  2   11   1   1   2   0   2   1   3   0   5  31   0  16   4   0   6   4   0   3  12  0.39 0.26
  111 A   -1 -3  1  4 -5 -2  0 -2 -3 -5 -5  0 -5 -6  4  3  1 -6 -5 -4    3   0   5  26   0   1   5   3   0   0   0   5   0   0  17  25  10   0   0   0  0.74 0.40
  112 A    2 -3 -3 -2 -3 -2 -2 -1  0  1 -1 -3  1 -1  0  2  2 -4 -3  1   19   0   0   1   0   1   1   3   3  11   5   0   5   3   4  21  13   0   0   9  0.26 0.23
  113 D    1  0  1  3 -4  1  0  1 -2 -4 -4  4 -1 -5 -3  1 -2 -5 -4 -3   13   3   6  15   0   5   5   9   0   0   0  26   2   0   1  12   1   0   0   1  0.41 0.27
  114 D    1 -1 -1  3 -5  3  4 -3 -3 -3 -4  1 -3 -5 -2  0  1 -5 -4 -2   11   2   2  16   0  13  27   1   0   2   0  10   0   0   1   4   9   0   0   2  0.52 0.31
  115 V    3 -5 -5 -5 -4 -5 -5 -4 -5  1 -2 -5 -3 -4 -4 -2  3 -6 -5  5   29   0   0   0   0   0   0   1   0   8   1   0   0   0   1   2  18   0   0  42  0.95 0.48
  116 A    4 -5 -4 -5  6 -4 -4 -1 -5 -3  1 -4 -1  0 -4  1  2 -5 -2 -2   37   0   0   0  18   0   0   4   0   0  12   0   1   4   0  11  12   0   1   1  0.76 0.41
  117 N    3  0 -1 -2 -3  0 -1 -1  0 -1 -2  1  1 -4  1  2  0 -4 -3  0   30   4   2   1   0   4   2   4   2   4   3   8   4   0   6  15   4   0   0   8  0.24 0.21
  118 S    2 -3  1 -3  1  2  0 -1 -1 -4 -3 -1 -1 -2  4  2 -2 -3 -3 -2   20   0   6   0   3   9   7   4   1   0   2   2   1   2  19  18   1   0   0   1  0.43 0.29
  119 Y   -6 -6 -7 -8 -7 -6 -7 -8 -3 -5 -2 -7 -3  5 -8 -6 -6 -2  9 -5    0   0   0   0   0   0   0   0   0   0   4   0   1  21   0   0   0   0  75   0  2.77 0.92
  120 M    4 -5 -4 -5 -4 -4 -4  3 -4 -3  0 -4  5  3 -5 -1 -3 -4 -1 -2   35   0   0   0   0   0   0  21   0   1   7   0  17  12   0   4   1   0   2   1  0.75 0.42
  121 D   -3 -2  5  4 -5 -2 -2 -4  4 -5 -4  2 -5 -6 -4  2 -2 -6 -4 -5    1   1  28  22   0   0   1   0  10   0   2  14   0   0   0  19   2   0   0   0  0.90 0.45
  122 D   -3 -4  0  5 -6 -2  0 -4  3 -6 -6 -1 -6 -7  6  0 -2 -5 -5 -6    1   1   3  34   0   1   5   1   6   0   0   3   0   0  37   7   2   0   0   0  1.26 0.53
  123 V   -3 -5 -2 -5 -4 -4 -4 -5 -5  4  1 -4  0 -1 -4 -1  5 -5 -1  2    0   0   2   0   0   0   0   0   0  24  14   0   2   2   0   4  36   0   3  14  0.77 0.41
  124 I   -5 -6  3 -5 -5 -5 -6 -6 -2  7 -1 -5 -1 -4 -6 -3 -2 -6 -5  2    0   0  16   0   0   0   0   0   1  62   4   0   1   0   0   2   2   0   0  12  1.39 0.57
  125 S   -3 -4 -6 -7 -5 -5 -6 -6 -5  0  1 -6  4  7 -6 -3 -3 -3  2  0    2   1   0   0   0   0   0   0   0   5  10   0  12  55   0   2   1   0   6   7  1.43 0.56
  126 L   -5 -6 -7 -7 -5 -6 -7 -7 -6 -1  6 -6  4 -3 -7 -6 -2 -5 -5  0    0   0   0   0   0   0   0   0   0   1  84   0   9   0   0   0   2   0   0   4  1.74 0.67
  127 V   -6 -7 -7 -8 -6 -7 -5 -7 -5 -3  1 -7 -2  9 -8 -6 -5 -3  2  0    0   0   0   0   0   0   1   0   0   1  10   0   1  77   0   0   0   0   6   5  2.27 0.76
  128 L   -4 -5 -6 -7 -5 -5 -6 -7 -6  3  4 -5  7  3 -6 -5 -3 -4 -3  0    0   0   0   0   0   0   0   0   0  15  41   0  26  11   0   0   1   0   0   5  1.23 0.51
  129 G    0 -6 -3 -5 -2 -6 -6  7 -6 -8 -8 -5 -7 -7 -6 -2 -5 -7 -7 -7    6   0   1   0   1   0   0  89   0   0   0   0   0   0   0   3   0   0   0   0  2.25 0.77
  130 S    0 -6 -4 -5 -6 -5 -5  7 -6 -7 -7 -4 -4 -7 -6  1 -3 -6 -7 -3    7   0   0   0   0   0   0  78   0   0   0   1   1   0   0  11   1   0   0   2  1.81 0.67
  131 F   -3 -7 -7 -7 -6 -7 -7 -7 -5  0  3 -7  0  8 -7 -6 -6 -3 -1 -2    2   0   0   0   0   0   0   0   0   4  22   0   2  68   0   0   0   0   0   2  1.99 0.70
  132 I    0 -5 -6 -6  0 -5 -5 -6 -5  5  2 -5  6  1 -5 -4 -2 -5 -4  1   10   0   0   0   2   0   0   0   0  35  16   0  22   6   0   1   1   0   0   8  0.95 0.43
  133 L   -4 -6 -7 -7 -5 -5 -6 -7 -6  4  5 -6  4 -2 -6 -6 -4 -5 -4  2    0   0   0   0   0   0   0   0   0  25  54   0   9   0   0   0   0   0   0  11  1.29 0.53
  134 A    7 -5 -5 -6 -5 -5 -5 -1 -6 -6 -5 -5 -5 -6 -5  1 -3 -7 -6 -4   85   0   0   0   0   0   0   4   0   0   1   0   0   0   0  10   1   0   0   0  1.83 0.76
  135 L    0 -2 -1 -4 -3  0 -3 -4 -3  3  3  0  1 -3 -4 -2  1 -4 -3  1    9   2   3   0   0   4   1   1   0  17  32   6   4   0   0   3   9   0   0  10  0.35 0.24
  136 A    7 -5 -5 -6 -2 -5 -5  0 -6 -5 -6 -5 -5 -6 -5  1 -1 -7 -6 -3   81   0   0   0   1   0   0   7   0   0   0   0   0   0   0   7   3   0   0   1  1.67 0.71
  137 V   -4 -6 -6 -7 -5 -5 -6 -7 -6  4  2 -5  7 -3 -6 -5 -2 -5 -5  4    0   0   0   0   0   0   0   0   0  26  18   0  30   0   0   0   1   0   0  23  1.33 0.55
  138 E   -4 -3 -3 -3 -7  4  7 -6  4 -6 -3 -3 -1 -7 -4 -3 -3 -7 -5 -5    1   1   1   0   0  17  64   0   9   0   2   0   2   0   1   1   1   0   0   0  1.60 0.69
  139 H   -2  5 -2 -4 -6 -1  0 -5  5  0 -4  4 -3 -4 -5 -3 -2 -2  1 -2    2  32   1   0   0   2   5   0  13   5   1  28   0   0   0   1   1   1   5   2  0.87 0.44
  140 Y   -4 -5 -4 -6  4  2 -5 -6  3 -6 -6 -6 -5 -2 -7  2 -2 11  3 -3    1   0   1   0   8   9   0   0   7   0   0   0   0   1   0  13   3  47   9   2  2.10 0.76
  141 N   -4 -3  7  0 -6  0 -2  4 -1 -7 -7  0 -6 -7 -5 -2 -4 -7 -6 -6    0   1  52   4   0   4   1  28   1   0   0   6   0   0   0   2   0   0   0   0  1.43 0.60
  142 I   -2 -6 -7 -7 -2 -6 -7 -7 -7  2  6 -6 -2 -2 -6 -6 -4 -5 -5  0    3   0   0   0   1   0   0   0   0   9  82   0   0   1   0   0   0   0   0   5  1.59 0.63
  143 H   -2 -5 -4  3 -8 -4 -4 -6 11 -8 -8 -5 -6 -6 -6 -5 -6 -7 -3 -8    3   0   0  18   0   0   0   0  78   0   0   0   0   0   0   0   0   0   0   0  3.07 1.00
  144 R   -4  6 -3 -4 -5  1 -1 -5 -3 -5 -2  5  0 -6 -5 -2  0 -6 -4 -5    0  41   0   0   0   5   2   0   0   0   4  38   2   0   0   1   5   0   0   0  1.27 0.56
  145 R   -4  8 -4 -6 -7 -3 -5 -7 -5 -5 -2 -2  0 -5 -6 -4 -5 -7 -5 -4    1  88   0   0   0   0   0   0   0   1   4   1   2   0   0   1   0   0   0   1  2.39 0.86
  146 L   -4 -5 -7 -7 -5 -6 -7 -7 -4  7  2 -6  1  1 -6 -6 -4 -6 -4  2    0   1   0   0   0   0   0   0   0  67  14   0   3   6   0   0   0   0   0   9  1.57 0.60
  147 A    7 -5 -6 -6 -2 -5 -5 -4 -6 -6 -6 -5 -5 -7 -5 -1 -4 -7 -6 -4   95   0   0   0   1   0   0   0   0   0   0   0   0   0   0   3   0   0   0   0  2.18 0.85
  148 L   -5 -4  0 -3 -5 -4 -6 -7 -3 -1  6 -5  1  1 -6 -5 -4 -4  1 -2    0   1   6   2   0   1   0   0   1   2  75   0   2   5   0   0   0   0   4   1  1.29 0.56
  149 N   -1  3  2 -3 -2 -1 -2  0  2 -2 -1  2 -1  0 -4  0  0  2  1 -2    4  20  10   0   1   1   1   7   5   1   7  16   1   4   0   6   6   4   5   1  0.26 0.21
  150 I   -2 -5 -5 -6 -3 -5 -5 -6 -6  5  1 -4  3 -3 -5 -3  3 -5 -4  4    2   0   0   0   0   0   0   0   0  36  10   0   7   1   0   1  19   0   0  24  0.96 0.45
  151 T   -4 -5 -6 -5 -4 -5 -6 -6 -6  5  4 -5  4 -3 -6 -5 -1 -5 -4  2    0   0   0   0   0   0   0   0   0  29  39   0  12   0   0   0   4   0   0  15  1.09 0.47
  152 L    0  2  0 -2 -2 -1 -2 -2 -1 -2  2  1  2 -3 -4  2  0 -4 -3 -2    9  15   5   1   0   2   0   2   1   1  23  10   6   0   0  18   4   0   0   1  0.27 0.24
  153 V    1 -1 -4 -5  0 -3 -4 -4 -1  2  3 -1  1  1 -4 -2  0  4  0  1   11   4   0   0   2   0   0   1   1  16  29   5   4   5   0   2   5   5   3   8  0.33 0.22
  154 F    1 -3 -5 -5 -2 -4 -4 -4 -5  3 -1 -3  2  2 -2 -1  0 -5 -3  4   11   1   0   0   0   0   0   0   0  18   4   1   6   8   2   3   6   0   0  37  0.60 0.34
  155 C   -3 -1 -4 -5  2 -4 -6  7 -4 -7 -7 -1 -5 -5 -6 -4 -5 -1 -7 -6    0   4   0   0   5   1   0  83   0   0   0   5   0   1   0   0   0   1   0   0  1.99 0.73
  156 V    1 -2 -2 -3  4 -3 -3  2 -3 -2 -3 -2 -3 -2 -3  2  4 -4 -3  1    9   1   1   0   8   1   1  18   1   1   2   1   0   2   1  13  27   0   1  13  0.47 0.31
  157 E   -1  2  1  1 -3  1  0 -1 -1 -3 -3  3 -3 -4 -3  3  0 -4 -3 -3    2  12   6   8   0   5   5   3   1   1   1  20   0   1   1  29   3   0   0   2  0.43 0.25
  158 P   -2 -3 -3 -3 -3 -2 -3  0 -2 -3 -1 -2  1 -3  7 -1 -2 -3 -3 -3    3   2   1   1   1   2   2   9   1   1   6   2   3   1  57   4   2   0   1   2  1.26 0.39
  159 L    2  3  1 -1 -1  0 -1  0  0 -2 -1  1  0 -1 -1  1  0 -2 -2 -1   18  19   6   3   1   2   2   6   2   1   5   7   3   2   2  12   3   0   1   4  0.16 0.11
  160 N   -1  5  2 -1 -3  2 -1 -2 -1 -2 -2  1 -2 -3 -2  1 -1 -3 -2 -1    4  32  10   3   1   9   2   3   1   2   3   5   1   1   2  12   3   0   1   6  0.39 0.20
  161 A    1 -1 -1 -1  0  1  0  0  1 -1  0 -1  0 -1  2  0  1 -1 -1 -1   13   3   2   3   2   7   3   6   4   4  10   3   2   3  12   6  10   1   2   4  0.09 0.04
  162 P    0  1  0  0 -1  0  0  0  1 -1 -1  0 -1  0  1  0  0 -1  0  0    8  12   4   5   1   4   4   6   4   3   6   7   1   4   6   7   5   1   3   9  0.04 0.02
  163 L   -1  3 -1 -2 -2 -1 -1 -1 -1  0  1  0  0  0 -1 -1 -1  4 -1  0    6  18   2   2   1   2   2   5   2   4  19   7   3   5   2   5   3   6   2   5  0.12 0.08
  164 L   -1 -5 -5 -5 -4 -2 -5 -5 -5  4  5 -5  3 -3 -5 -4 -4 -4 -2  1    4   0   0   0   0   2   0   1   0  24  52   0   8   0   0   0   0   0   1   6  1.00 0.43
  165 L   -3 -5 -3 -5 -3 -4 -5 -6  0  5  3 -5  4  0 -5 -4 -2 -5 -3  3    1   0   1   0   0   0   0   0   3  30  24   0  10   3   0   1   2   0   0  22  0.84 0.39
  166 L    0 -5 -5 -6 -4 -5 -5 -1 -5  0  5 -5  1  4 -5 -4 -3 -1 -3 -1    9   0   0   0   0   0   0   6   0   4  55   0   3  18   0   0   1   1   0   2  0.92 0.44
  167 G    2 -5 -4 -5 -4 -5 -5  7 -5 -6 -6 -5 -6 -6 -5 -2 -5 -6  0 -5   13   0   0   0   0   0   0  78   0   0   1   0   0   0   0   2   0   0   3   0  1.84 0.67
  168 I   -4 -5 -5 -5 -4 -5 -5 -5 -4  2  1 -5  3  8 -5 -4 -3 -3 -1  0    1   0   0   0   0   0   1   1   0  10  14   0   7  57   0   1   1   0   0   6  1.43 0.52
  169 C   -4 -5 -5 -5  3 -4 -5 -1 -5 -1 -1 -5 10  0 -4 -3 -2 -5 -4 -1    1   0   0   0   6   0   1   6   0   3   4   0  66   4   1   2   2   0   0   3  1.94 0.71
  170 A    1 -4 -4 -4  0 -3 -4  0 -4  3  3 -3  2  0 -4 -1 -1 -4 -3  2   14   0   0   0   2   0   0   7   0  15  27   0   5   3   0   4   4   0   0  16  0.35 0.22
  171 T    4 -5 -5 -5 -4 -4 -4 -3 -5  1 -2 -4 -3 -5 -4 -1  2 -6 -5  4   42   0   0   0   0   0   0   1   0   7   2   0   0   0   0   3  12   0   0  31  0.90 0.47
  172 T    0 -5 -4 -5  0 -5 -5 -2 -6 -4 -5 -5 -5 -6 -3  1  7 -6 -6 -4    8   0   0   0   2   0   0   3   0   0   0   0   0   0   1  10  75   0   0   0  1.75 0.75
  173 A    6 -4 -4 -5  2 -4 -4  2 -5 -4 -4 -3  3 -1 -4  0 -2  0 -3 -3   59   1   0   0   4   0   0  13   0   0   0   1   8   3   0   6   2   2   1   1  1.03 0.52
  174 F   -2 -6 -6 -5 -4 -4 -6 -2 -5 -1  2 -6 -2  8 -6 -3 -3 -3 -1  0    3   0   0   1   0   1   0   4   0   3  16   0   0  60   0   2   2   0   0   8  1.46 0.58
  175 V   -5 -6 -7 -7  0 -6 -6 -7 -6  3  6 -6  1 -3 -6 -5 -4 -5 -5  1    0   0   0   0   2   0   0   0   0  15  72   0   3   0   0   0   0   0   0   7  1.44 0.57
  176 S   -3 -5 -4 -5 -5 -5 -5 -3 -5 -7 -7 -5 -6 -7 -5  8 -2 -7 -6 -6    1   0   0   0   0   0   0   1   0   0   0   0   0   0   0  97   1   0   0   0  2.40 0.96
  177 M   -1 -6 -7 -7 -6 -5 -6 -4 -6 -3  0 -4 11 -2 -5 -3 -4 -6 -6 -4    4   0   0   0   0   0   0   2   0   0   8   1  80   1   1   2   1   0   0   0  2.73 0.97
  178 W   -7 -8 -9-10 -3 -7 -8 -8 -8 -6 -5 -8 -5  2 -9 -8 -8 13 -3 -5    0   0   0   0   1   0   0   0   0   0   1   0   0   9   0   0   0  88   0   1  4.51 1.29
  179 M   -4 -6 -7 -7 -5 -6 -7 -5 -7  7  0 -6  4 -4 -6 -6 -4 -6 -5  4    0   0   0   0   0   0   0   1   0  57   6   0   9   0   0   0   0   0   0  28  1.60 0.62
  180 H   -3 -5 -2 -5 -3 -2 -4 -3  2 -6 -7 -5 -2 -7 -4  7 -1 -7 -6 -6    0   0   1   0   1   1   0   1   4   0   0   0   1   0   1  87   2   0   0   0  1.96 0.84
  181 N   -6 -5  9 -1 -8 -5 -5 -4 -4 -8 -8 -5 -7 -8 -7 -2 -5 -9 -7 -8    0   0  95   2   0   0   0   1   0   0   0   0   0   0   0   2   0   0   0   0  3.00 1.03
  182 V   -2 -5 -4 -4 -4 -5 -5 -6 -6 -5 -6 -4 -2 -6 -4  1  8 -7 -6 -2    3   0   0   1   0   0   0   0   0   0   0   1   1   0   1   7  83   0   0   3  2.04 0.84
  183 A    7 -5 -5 -6 -2 -5 -5 -3 -6 -5 -6 -5 -2 -6 -3  0 -2 -7 -6 -4   88   0   0   0   1   0   0   1   0   0   0   0   1   0   1   6   2   0   0   0  1.89 0.78
  184 A    2 -5 -4 -5  3 -3 -5 -4 -6 -4 -4 -5 -5 -6 -4  0  7 -6 -6 -3   14   0   0   0   5   1   0   1   0   0   1   0   0   0   1   5  71   0   0   1  1.64 0.72
  185 A    4 -5 -4 -5  0 -4 -5 -4 -5 -2 -4 -4 -4 -4 -5  0  6 -6 -5  1   36   0   0   0   2   0   0   0   0   1   0   0   0   1   0   4  45   0   0  11  1.19 0.59
  186 V    5 -5 -5 -6 -2 -4 -5 -4 -5  0  2 -4  4 -4 -5 -2 -2 -5 -5  3   45   0   0   0   1   0   0   0   0   3  17   0  12   0   0   2   1   0   0  19  0.91 0.48
  187 M   -5 -6 -7 -8 -6 -3 -7 -5 -6  1  0 -6 11 -5 -7 -6 -4 -6 -6 -1    1   0   0   0   0   1   0   1   0   7   5   0  81   0   0   0   0   0   0   4  2.86 0.98
  188 M   -5 -6 -7 -8 -6 -5 -7 -7 -6 -2  1 -4 11 -5 -7 -5 -4 -6 -6 -2    0   0   0   0   0   0   0   0   0   1  12   1  82   0   0   1   0   0   0   1  2.99 1.02
  189 M   -3 -5 -6 -6  3 -5 -5 -4 -5  1  4 -5  4 -1 -4 -4 -1 -5 -3  3    2   0   0   0   6   0   0   1   0   7  47   0  10   2   1   0   3   0   1  19  0.87 0.41
  190 P   -4 -7 -7 -6 -8 -5 -6 -7 -7 -8 -8 -6 -7 -8  9 -6 -5 -8 -8 -7    1   0   0   0   0   0   0   0   0   0   0   0   0   0  98   0   1   0   0   0  3.38 1.09
  191 V   -5 -6 -4 -6 -2 -6 -5 -7 -6  7  1 -6  2 -4 -6 -5 -1 -6 -5  2    0   0   1   0   1   0   1   0   0  66  11   0   5   0   0   0   4   0   0  11  1.52 0.59
  192 A    5 -5 -5 -4 -1 -4 -4  3 -5 -1 -3 -4 -1 -5 -4 -2 -2 -6 -5  2   51   0   0   1   1   0   0  21   0   3   1   0   1   0   0   1   1   0   0  18  0.96 0.49
  193 T   -2 -2 -2 -3 -3  0  0 -4  0  2  3 -1  3 -1 -4 -2  0 -4 -1  1    1   2   2   1   0   5   6   1   3  10  35   4   9   2   0   2   8   0   1   9  0.33 0.23
  194 G    5 -4 -4 -4 -4 -3 -4  3 -5 -5 -5 -4 -5 -6 -4  3 -2 -6 -4 -4   47   0   0   0   0   1   0  25   0   0   0   0   0   0   0  24   1   0   1   1  1.12 0.54
  195 I   -3 -6 -6 -6 -4 -6 -6 -5 -6  5  1 -6  1 -4 -6 -4 -3 -6 -5  6    1   0   0   0   0   0   0   1   0  29  10   0   2   0   0   1   1   0   0  54  1.36 0.55
  196 L   -1 -4 -6 -6 -1 -5 -5 -5 -4  4  5 -5  1 -3 -5 -4 -2 -5 -3  2    4   1   0   0   1   0   0   0   0  22  53   0   2   0   0   1   2   0   0  11  0.98 0.43
  197 Q    1 -1  1  0 -4  3  2 -1  1 -3 -3  1 -1 -3 -3  1  0 -4  0 -2   11   2   6   5   0  16  12   5   4   1   2  10   2   0   0  13   6   0   3   2  0.25 0.20
  198 R   -1  1 -1 -2 -3  4  3 -2  0 -2  1  0  0 -3 -4  0 -1 -4 -3 -1    5   6   3   0   0  26  17   2   2   1  16   5   2   1   0   7   3   0   0   4  0.38 0.28
  199 L   -1 -4 -5 -5 -3 -3 -4 -4 -5  2  4 -4  4  0 -4 -2 -1 -4 -3  3    4   0   0   0   0   1   1   1   0  10  42   0  10   4   0   2   4   0   0  20  0.68 0.34
  200 P    0  1  0  2 -3  1  2 -2  1 -1 -2  1 -2 -1  1  0 -1 -4 -2 -2    9   6   5  11   0   7  16   2   3   4   4   8   0   4   8   7   2   0   0   3  0.18 0.13
  201 S    1  1  1  3 -3  1  3  0  0 -3 -3  0 -2 -4  0  1 -1 -4 -3 -2   11   7   5  15   0   5  19   6   2   1   3   5   0   0   4  11   3   0   0   2  0.27 0.19
  202 S    0  1  1  1 -3  1  2 -1  0 -2 -2  1  0 -3 -1  1  1 -4 -3 -1    8   8   8   9   0   7  12   5   2   1   3   7   3   1   3   8  10   0   0   4  0.16 0.12
  203 S    0  0  0  1 -2  0  1  1  0 -2 -1  1 -2 -3  1  1  0 -3 -3 -1    5   3   5   9   0   4  12  12   2   1   6  11   1   1   8   9   5   0   0   5  0.15 0.11
  204 S    0  0  0  1 -2  0  1  1 -1 -1 -1  1 -1 -2  1  1  0 -3 -2 -1    7   4   4   8   1   3  13  12   1   3   6   8   1   2   8   8   7   0   1   3  0.11 0.08
  205 T    0  1  1  1 -2  1  1  0  2 -1 -1  0 -1 -2 -1  0  0 -3 -1  0    8   8   9   8   0   4  12   8   6   3   5   5   2   1   2   4   6   0   1   7  0.10 0.08
  206 T    1  0  2  0 -2  1  1  1  0 -2 -1  0 -1 -2  0  1  1 -2 -2 -1   11   5  12   5   1   5   8  10   2   2   4   6   2   2   4  10   8   0   1   3  0.10 0.08
  207 E    0  0 -1  2 -2  0  3 -1  0 -1 -2  1 -1 -3  0  0  2 -3 -2 -1    5   4   2  12   1   3  21   5   2   4   2   9   2   1   4   8  12   0   1   3  0.21 0.15
  208 V    0  0  0  1 -2  0  1  0 -1 -1  0  0  0  0  0  0  0 -2  2 -1    7   4   4   9   0   4  10   9   1   3   9   5   2   4   3   6   4   0   9   5  0.04 0.05
  209 V    0 -1 -1  1 -2  0  2  0 -1  0 -1  0  0  0  0  0  0 -1 -2  1    7   3   2  10   0   3  15   7   1   6   6   4   2   5   3   5   6   1   1  13  0.06 0.07
  210 H   -1  0  0  2 -2  0  2  0  1 -2 -2  0 -2  2  1  0  0 -3 -1 -2    5   5   4  16   1   3  13   6   4   1   4   5   1  10   8   7   6   0   1   2  0.16 0.11
  211 P   -1  0 -1  0 -2  1  1  0 -1 -1 -1  2 -1 -3  4  0  0 -3 -2 -1    5   6   3   6   1   6   9   6   2   3   6  13   1   1  20   4   4   0   1   3  0.24 0.12
  212 A    0  1  1  1 -2  1  1  0  2 -1 -1  1 -1 -2 -1  0  0 -2  0 -1    8   6   6   6   1   5  13   8   6   3   5   9   1   1   3   8   5   0   4   3  0.10 0.07
  213 V   -1  1  0  1  0  1  0 -1  0  0  0  0 -1  0  2 -1  0 -2 -1  0    5  10   4   8   2   6   6   3   2   5   9   4   1   5  12   3   8   0   1   6  0.08 0.06
  214 G   -1  2  0 -1 -3  1  0 -1  0 -2 -1  2 -2 -1  0  1  1 -2  0 -2    4  15   3   3   0   5   6   5   2   1   6  12   1   3   4  13  12   0   3   2  0.15 0.11
  215 K   -2  3  4 -1 -4  0 -1  0  1 -3 -3  3 -1 -3 -1 -1 -1 -3 -2 -3    2  19  21   2   0   2   2   6   3   1   2  23   2   1   2   4   3   0   1   1  0.48 0.25
  216 F   -3 -4 -4 -5 -4 -4 -4 -5 -4  2  1 -4  3  7 -4 -4 -2 -2  1  0    1   1   1   1   0   0   1   1   0  12  13   1   7  45   1   1   2   0   4   6  1.04 0.41
  217 S    3 -1 -2 -2  4  0  0  2 -2 -3 -3 -2 -3 -3 -3  2  1  1 -2 -2   22   3   0   1   9   5   5  19   1   1   1   2   0   1   1  15  10   2   1   1  0.39 0.25
  218 R    0  0 -2 -3 -2  0 -2 -2 -2  2  0  4  1 -3 -2 -1  2 -4 -3  1    6   4   1   1   0   4   1   3   1  11   7  29   4   1   1   2  14   0   0  10  0.30 0.23
  219 A    5 -3 -3 -4  4 -3 -3  2 -4 -3 -3 -3 -3 -2 -1  1 -2 -4 -3 -1   47   1   1   1   8   1   1  15   0   1   2   1   0   2   4  12   2   0   1   3  0.70 0.37
  220 V   -4 -5 -6 -6 -4 -5 -6 -6 -5  1  4 -5  5  2 -6 -5 -2 -4  2  2    0   0   0   0   0   0   0   0   0   6  47   0  16   7   0   0   2   0   6  14  1.04 0.47
  221 V   -3 -5 -4 -6 -2 -4 -5 -6 -4  0  4 -5  7  0 -3 -1 -1 -4  2  1    1   0   0   0   1   0   0   0   0   4  40   0  26   3   1   4   4   0   7   9  0.96 0.46
  222 L   -4 -6 -7 -7 -5 -6 -7 -7 -6  1  6 -6  1  0 -7 -6 -5 -5 -5 -2    1   0   0   0   0   0   0   0   0   6  85   0   2   4   0   0   0   0   0   1  1.75 0.68
  223 G    2 -5 -4 -5  5 -5 -5  6 -5 -5 -4 -5  1 -6 -5  2 -3 -6 -6 -4   15   0   0   0  11   0   0  52   0   0   1   0   4   0   0  13   1   0   0   1  1.21 0.53
  224 V   -2 -6 -6 -6 -2 -6 -6 -6 -6  7  0 -6 -2 -4 -6 -5  1 -6 -5  4    3   0   0   0   1   0   0   0   0  55   6   0   0   0   0   0   8   0   0  26  1.38 0.57
  225 I    7 -5 -5 -6  4 -5 -5 -1 -6 -3 -5 -5 -2 -6 -1 -2 -3 -6 -6 -2   78   0   0   0   8   0   0   4   0   1   1   0   1   0   4   2   0   0   0   2  1.60 0.70
  226 Y   -7 -7 -7 -8 -7 -6 -7 -8  0 -6 -5 -7 -6  3 -8 -7 -7  1 10 -6    0   0   0   0   0   0   0   0   2   0   0   0   0   9   0   0   0   2  87   0  3.20 1.06
  227 S    5 -5 -4 -5  0 -4 -4  1 -5 -6 -6 -4 -5 -6 -5  5 -3 -6 -6 -5   48   0   0   0   2   0   0  11   0   0   0   0   0   0   0  39   1   0   0   0  1.31 0.64
  228 A    6 -5 -4 -5  2 -5 -5 -2 -5 -4 -5 -5 -5 -6 -5  2 -2 -6 -6 -2   76   0   0   0   4   0   0   3   0   0   0   0   0   0   0  14   1   0   0   2  1.55 0.69
  229 A   -2 -5  3 -4 -3 -4 -4 -4 -3 -6 -4 -4 -5 -6 -3  6  3 -7 -6 -5    2   0  13   0   0   0   0   1   0   0   2   0   0   0   1  67  14   0   0   0  1.48 0.70
  230 V   -3 -7 -7 -7 -4 -7 -7 -8 -7  8  0 -7 -1 -1 -7 -6 -4 -6 -5  3    1   0   0   0   0   0   0   0   0  74   6   0   1   2   0   0   0   0   0  14  1.87 0.69
  231 G   -4 -7 -5 -6 -7 -6 -7  8 -7 -8 -8 -6 -4 -8 -7 -4 -6 -7 -8 -8    1   0   0   0   0   0   0  99   0   0   0   0   0   0   0   0   0   0   0   0  2.74 0.92
  232 G   -4 -7 -5 -6 -7 -6 -6  8 -6 -8 -8 -6 -7 -7 -6  0 -6 -7 -7 -7    0   0   0   0   0   0   0  93   0   0   0   0   0   0   0   7   0   0   0   0  2.49 0.86
  233 M   -3 -5 -5 -6  2 -5 -5 -6 -5  4  3 -5  5 -1 -5 -4  2 -5 -4  2    1   0   0   0   4   0   0   0   0  20  27   0  15   1   0   0  15   0   0  16  0.83 0.41
  234 S    4 -5 -4 -5 -2 -5 -5  5 -5 -5 -2 -5 -3 -6 -4  0 -2 -6 -6 -4   40   0   0   0   1   0   0  46   0   0   4   0   0   0   0   5   2   0   0   0  1.24 0.56
  235 T   -4 -6 -5 -6 -2 -5 -6 -6 -6 -4 -6 -5 -4 -7 -6 -2  8 -7 -6 -5    1   0   0   0   1   0   0   0   0   1   0   0   0   0   0   2  96   0   0   0  2.60 1.00
  236 L   -3 -6 -7 -7 -5 -5 -6 -7 -4  4  5 -4 -1 -3  2 -5 -4 -5 -5 -1    1   0   0   0   0   0   0   0   0  21  61   1   0   0  11   0   0   0   0   3  1.24 0.54
  237 T   -4 -6 -4 -6 -5 -6 -6 -7 -7  7 -2 -6 -3 -4 -5 -5  3 -6 -5  4    0   0   1   0   0   0   0   0   0  54   1   0   0   0   0   0  19   0   0  25  1.49 0.62
  238 G   -3 -4 -5 -6 -7 -6 -6  8 -6 -8 -8 -6 -7 -8 -7 -2 -6 -7 -8 -8    1   1   0   0   0   0   0  96   0   0   0   0   0   0   0   3   0   0   0   0  2.59 0.88
  239 T   -2 -5 -4 -5 -5 -3 -5 -5 -6 -5 -6 -5 -5 -7 -5  3  7 -7 -6 -5    2   0   0   0   0   1   0   0   0   0   0   0   0   0   0  24  73   0   0   0  1.96 0.83
  240 G    0 -6 -6 -4 -7 -5 -5  3 -6 -5 -7 -5 -6 -7  8 -3 -2 -7 -7 -3    7   0   0   1   0   0   0  19   0   0   0   0   0   0  67   2   3   0   0   2  2.01 0.76
  241 V   -3 -6 -6 -6 -7 -6 -6 -6 -7 -6 -5 -5 -6 -8  8 -3  3 -8 -7 -2    2   0   0   0   0   0   0   0   0   0   1   0   0   0  76   2  16   0   0   3  2.43 0.89
  242 N   -6 -5  9 -3 -8 -4 -5 -5 -4 -8 -5 -5 -2 -8 -6 -4 -4 -9 -7 -8    0   0  96   0   0   0   0   0   0   0   2   0   1   0   0   0   0   0   0   0  2.98 1.04
  243 L    3 -5 -4 -5 -4 -4 -5 -1 -5  2  4 -4  0 -3 -5 -1  0 -5 -4  1   30   0   0   0   0   0   0   4   0  10  39   0   1   0   0   3   5   0   0   8  0.66 0.38
  244 I   -2 -6 -6 -6 -4 -5 -6 -6 -6  6  2 -5 -1 -1 -6 -4  0 -5 -3  4    3   0   0   0   0   0   0   0   0  44  16   0   0   2   0   0   7   0   1  26  1.08 0.47
  245 L    0 -5 -6 -6 -4 -5 -6 -2 -5 -1  4 -5  4  5 -6 -4 -3 -4  0  0    9   0   0   0   0   0   0   4   0   1  40   0  10  27   0   0   1   0   2   5  0.92 0.44
  246 V    4  0 -3 -4 -2  0 -3 -4 -4  0  0  2  2 -4 -4 -1 -3 -5 -3  2   39   5   1   0   0   4   0   0   0   4   9  14   5   0   0   2   0   0   0  16  0.52 0.35
  247 G    3 -2 -3 -3 -5 -1 -2  6 -3 -6 -6 -4 -5 -5 -5  0 -2 -6 -6 -5   23   2   0   1   0   3   3  57   0   0   0   0   0   0   0   7   1   0   0   0  1.22 0.54
  248 M   -3 -3 -1 -4 -5  4 -1 -5 -1  2  0 -3  2  3 -5 -4 -2 -2  4  1    2   0   3   0   0  25   3   0   1  13   9   0   6  13   0   0   2   0  15   9  0.60 0.37
  249 W   -1 -5 -5 -6 -4 -4 -5 -6 -4  2  4 -5  4  1 -5 -3 -3  4  4  2    5   0   0   0   0   0   0   0   0   9  36   0  11   5   0   1   0   6  14  12  0.78 0.38
  250 K    0  0  3  1 -4  1  3 -1  2 -4 -3  2 -2 -4 -3  1 -2 -3 -3 -4    9   3  16   8   0   6  23   4   4   0   2  11   1   0   0   9   1   0   0   1  0.43 0.26
  251 S    0  0  0  2 -4  2  4 -3 -2 -2 -3  1 -3 -4 -3  2  1 -4 -3 -3    7   3   4  10   0   8  28   1   0   2   1   8   0   1   1  15   8   0   1   1  0.43 0.26
  252 Y   -1  2  1 -2 -2  0  0 -2 -1  0  1 -1  2  1 -2  0  1 -2  1 -1    4  11   8   1   0   3   5   1   1   6  18   2   6   5   1   7  11   0   5   3  0.10 0.11
  253 F   -2 -3 -3 -3 -2 -3 -3 -3  0 -1  1 -3 -2  6 -3 -3 -2  0  5 -2    3   1   1   1   1   1   2   2   2   3  12   1   1  39   1   2   2   1  22   2  0.93 0.33
  254 P    0 -2 -1  2 -2 -1 -1 -1 -1 -2 -2 -1 -2 -2  6 -1 -1 -2 -2 -2    9   2   2  14   1   2   4   6   1   2   4   3   1   2  35   3   3   1   1   3  0.58 0.17
  255 E    0  0  1  1 -2  1  2 -1  1 -1 -1  0 -1 -1 -1  0  1 -2 -1 -1    7   3   8   8   1   8  14   5   5   3   4   6   2   2   2   5  12   1   2   4  0.12 0.06
  256 A    1 -2  1 -2  1  0 -1  4 -2 -3 -3 -2 -3 -3 -2  2 -2 -3 -1 -2   11   1   7   1   3   4   4  37   1   1   2   2   0   1   1  15   1   0   2   3  0.48 0.23
  257 D   -1 -1  0  1 -3  0  1 -2  0  2 -1 -1 -1 -1  1 -1  0 -3  1  1    3   4   5  11   0   4   8   2   2  18   4   4   0   3   8   2   6   0   6  11  0.11 0.11
  258 P   -1 -1 -1  1 -2  1  3  1  1 -3 -3  0 -3 -4  1 -1  1 -4 -3  0    3   3   2   8   1   4  25  12   4   1   2   4   0   0   8   4   8   0   0  10  0.28 0.21
  259 I   -5 -6 -7 -7 -5 -6 -7 -7 -7  7  2 -6  2 -2 -5 -6 -4 -6 -3  3    0   0   0   0   0   0   0   0   0  59  17   0   4   1   0   0   0   0   1  18  1.49 0.58
  260 S   -2 -4  3  2 -5 -2 -3  3 -2 -5 -5 -4 -3 -6 -3  4  3 -6 -5 -5    0   0  14  11   0   1   1  21   1   0   0   0   1   0   1  33  16   0   0   0  0.83 0.46
  261 F   -5 -8 -8 -8 -7 -8 -8 -8 -6 -4 -4 -8 -3  9 -8 -6 -7 -4  2 -5    1   0   0   0   0   0   0   0   0   0   1   0   0  93   0   0   0   0   5   0  3.10 0.99
  262 S    3 -4 -2 -4 -3 -4 -4  2 -4 -2  0 -3 -2  2  0  1  0 -2 -3  0   33   0   1   0   0   0   0  17   0   2  12   0   0   8   4   9   6   0   0   8  0.40 0.29
  263 Q   -2  0  0  2 -5  4  2 -2  0 -3 -4  0 -4 -5 -4  2  1 -4 -4 -4    1   5   4  13   0  24  12   3   2   1   1   6   0   0   0  19  10   0   0   0  0.58 0.36
  264 W   -8 -8 -9-10 -8 -8 -8 -8 -8 -8 -7 -9 -7  2 -9 -8 -8 13  0 -8    0   0   0   0   0   0   0   0   0   0   0   0   0   6   0   0   0  92   2   0  4.82 1.37
  265 F   -3 -6 -7 -8 -6 -5 -7 -7 -6 -1  1 -6 10  4 -7 -4 -3 -5 -4 -3    2   0   0   0   0   0   0   0   0   3  12   0  63  18   0   1   1   0   0   1  2.20 0.83
  266 F    0 -2 -3 -4 -2 -2 -3  0 -4  1  3  2  3  1 -4 -1 -1  0 -2  1   10   1   0   0   1   1   0   7   0   9  27  14   7   6   0   5   2   1   0   7  0.24 0.21
  267 F   -2 -5 -6 -6 -5 -5 -6 -6 -4  2  0 -5  2  6 -6 -4 -2  3  5  2    3   0   0   0   0   0   0   0   0   9   9   0   5  35   0   1   2   4  18  14  1.07 0.47
  268 G    3 -5 -1 -5 -3 -4 -5  6 -5 -6 -6 -5 -4 -4 -5  0 -4 -3 -6 -4   28   0   3   0   1   0   0  58   0   0   0   0   0   1   0   7   0   0   0   1  1.37 0.58
  269 F   -2 -5 -6 -6 -3 -5 -6 -5 -5  2  3 -5  1  4 -6 -4 -1 -4 -2  4    2   0   0   0   0   0   0   1   0  12  28   0   3  21   0   0   3   0   1  29  0.87 0.41
  270 P   -6 -7 -7 -6 -8 -6 -6 -7 -7 -3 -5 -6 -7 -9  9 -6 -6 -9 -8 -5    0   0   0   0   0   0   0   0   0   2   1   0   0   0  97   0   0   0   0   1  3.32 1.10
  271 L   -1 -4 -1 -5 -3 -2 -4 -3 -4  3  2 -4  2  1 -1 -3  0  0 -2  3    5   0   4   0   0   2   0   1   0  21  23   0   4   7   3   1   7   1   0  19  0.42 0.26
  272 A    2 -5 -5 -5  1 -4 -5 -3 -5 -2 -2 -4  7 -3 -5  2  0 -6 -5  3   19   0   0   0   3   0   0   2   0   1   1   0  28   0   0  18   5   0   0  23  0.92 0.51
  273 L    0 -5 -6 -6 -1 -5 -5 -6 -6  4  4 -5  0  0 -5 -3 -2 -1 -4  3    8   0   0   0   1   0   0   0   0  24  35   0   1   4   0   1   1   1   0  24  0.81 0.39
  274 C   -2 -5 -6 -6  0 -5 -5 -4 -6  5  2 -5 -1 -1 -5 -3 -1 -5 -4  4    3   0   0   0   2   0   0   1   0  33  21   0   1   2   0   2   3   0   0  31  0.89 0.41
  275 I   -3 -5 -2 -5  1 -4 -5 -2 -4  0  3 -5  6  3 -6 -2  0 -4  2 -1    2   0   3   0   3   0   0   4   0   3  32   0  26  13   0   3   5   0   6   2  0.80 0.42
  276 F   -4 -5 -5 -6 -4 -5 -6 -5 -5  1  5 -5  4  3 -6 -4 -1 -4 -2  1    0   0   0   0   0   0   0   1   0   8  57   0   9  11   0   1   4   0   1   7  1.03 0.47
  277 V    0 -5 -5 -5 -2 -4 -5 -2 -5  2  2 -4 -1  3  5 -3 -2 -3 -2  2    8   0   0   0   1   0   0   4   0  10  22   0   1  12  28   0   2   0   1  12  0.69 0.36
  278 V    0 -5 -6 -6  0 -5 -5 -5 -5  4  4 -5  2  1 -4 -3 -2 -4 -3  2   10   0   0   0   2   0   0   0   0  22  41   0   4   6   0   1   1   0   0  12  0.76 0.37
  279 L    3 -4 -4 -5  3 -4 -4 -1 -4  0  1 -4  4 -3 -4  0  3 -5 -4  1   28   0   0   0   7   0   0   4   0   5  12   0  11   1   0   8  17   0   0   8  0.50 0.33
  280 W    0 -7 -7 -8 -4 -5 -7 -3 -6  0 -3 -7 -2  1 -7 -5 -5 12  4 -2    7   0   0   0   0   0   0   2   0   5   2   0   1   5   0   1   0  62  11   3  2.77 0.90
  281 C    0 -4 -5 -6 -2 -3 -5 -1 -4  2  3 -4  0  3 -5 -4 -3  4  1  2    8   0   0   0   1   1   0   5   0   9  34   1   1  15   0   0   0   7   4  14  0.58 0.32
  282 V   -3 -5 -6 -6 -4 -4 -5 -6 -4  2  1 -5  0  0 -6 -2  1  9  4  3    2   0   0   0   0   0   0   0   0  12  12   0   2   3   0   3   8  24  16  18  1.11 0.48
  283 L   -5 -6 -7 -7 -5 -6 -7 -7 -5  1  6 -6  2 -1 -7 -6 -5 -3 -5 -1    0   0   0   0   0   0   0   0   0   7  83   0   4   2   0   0   0   0   0   3  1.70 0.67
  284 C   -2 -1 -2 -4  3  3 -3 -4 -2 -1 -2 -3 -1 -1 -4 -1  5  0  3  1    3   3   1   0   6  16   0   1   1   3   3   1   2   2   0   4  34   2  10  10  0.56 0.38
  285 V   -3  4 -3 -4  1 -2 -3 -2  0  1  0  2 -1  3 -4 -2 -2  5  1  0    1  22   1   0   3   1   0   3   3   8   9  13   1  11   0   2   2   8   5   7  0.38 0.25
  286 M   -2 -2 -4 -5 -3 -3 -4 -4 -1  2  2 -3  4  2 -4 -3 -1  4  0  3    2   2   1   0   0   1   0   1   2  10  22   1  10   8   0   1   2   6   3  26  0.50 0.27
  287 Y    1 -3 -1 -4 -2 -1 -3 -3 -1  0  1 -3  1  5 -3 -2 -2  1  4  0   12   1   3   1   1   3   1   1   1   4  15   1   3  27   1   2   2   2  15   5  0.49 0.26
  288 C   -3  2 -2 -3  2 -2 -3 -4 -1 -1  0  2  3  4  0 -2 -2 -2  3 -2    1  11   2   1   5   1   1   1   1   2  10  14   8  22   4   1   2   0  11   2  0.40 0.25
  289 P   -2  3 -2 -3 -4 -2 -3  1 -2 -4 -4  2 -4 -3  6 -1 -2 -4 -3 -3    2  14   2   1   0   1   1  12   1   1   1  13   0   1  41   4   2   0   1   2  0.94 0.40
  290 K   -1  1  1  0  0  0  0 -2  0 -1 -1  1  0  1  2 -1 -1 -2 -1  0    3   7   9   5   3   2   5   2   2   3   7  13   3  10  11   3   3   0   1   6  0.10 0.09
  291 G    0  0  1  1 -1  0  0  1 -1 -1  0  0  0  0  0  1  0 -2 -1 -1    4   3  10   6   1   3   6  12   1   3  10   7   2   6   4  13   3   0   1   4  0.06 0.06
  292 A   -1  1  0  0 -2  0  0 -1  0  0  0  1  0  1 -1  0  0 -1 -1 -1    4  10   5   4   1   3   6   5   2   7   7  12   3   9   3   9   5   1   1   4  0.03 0.04
  293 G    0  1 -1  1 -2  0  0  1  0 -1 -1  2 -1 -1  1  0  0 -2 -2 -1    6   9   2   8   0   4   6  11   2   4   5  15   1   4   6   7   5   0   1   4  0.09 0.07
  294 Q   -1  1  0  1 -3  1  3 -1  0 -2 -1  2 -2 -1 -1 -1 -1 -3 -1 -1    5   8   4   7   1   7  19   3   3   1   5  17   1   2   3   3   3   0   2   6  0.19 0.14
  295 A    1 -1  0  0  0  0  0 -1 -1  1  0  0  0  1 -2  1  0 -1 -1  1   11   2   4   4   2   5   4   4   1  10   8   6   1   8   1  12   6   1   1   9  0.03 0.05
  296 L   -1 -1 -1  1 -1  1  2 -2 -1 -1  0  0 -1 -1  3 -1 -1  2 -2 -1    6   3   2   7   1   5  18   3   1   4  11   6   1   3  14   4   3   3   0   4  0.17 0.12
  297 S    1  0  1  0 -2  0  1  3  0 -3 -2  0 -2 -2 -1  1  0 -3 -3 -2   10   4   5   5   1   4   8  24   2   1   4   6   1   2   2  14   4   0   0   3  0.22 0.14
  298 P    0 -1  0  0  0  1  2 -1  0  1  0  0 -1 -1  1  0  0 -2 -2  0    9   2   4   5   2   5  16   5   2  11   7   5   1   3   6   5   4   0   1   6  0.06 0.06
  299 Y    0  1  0  1 -2  1  1  0  1 -2 -2  1 -1 -1  1  0  0 -2  1 -2    7   6   4   8   1   5  12   9   4   2   4   9   1   2   7   5   6   0   5   2  0.11 0.07
  300 L    1  0 -1  0 -2  0  1  1 -1  0  0  0  0  0 -1  0 -1 -1 -1  0   11   6   2   4   0   4  10  15   1   6  11   4   2   5   2   4   3   1   1   8  0.04 0.04
  301 H    3 -2 -1  0 -2 -1 -1  3  0 -1 -2 -2 -1 -3 -1  0  0 -4 -3  0   27   2   2   7   1   2   3  21   3   4   3   1   1   1   3   7   5   0   0   8  0.24 0.17
  302 K    0  4 -1 -1 -4  1  1 -2 -1 -2 -2  4 -2 -2 -3 -1 -1 -3  1 -2    7  23   3   2   0   6   7   2   1   2   2  26   1   2   1   3   3   0   5   3  0.40 0.24
  303 S    1  0  1  2 -1  2  4 -1  0 -3 -3  1 -3 -2 -3  0  0 -4 -3 -2   12   4   5  11   1   8  27   3   2   1   2   7   0   2   0   7   5   0   0   2  0.34 0.22
  304 H   -1 -2 -2 -2 -3 -1  0 -3  2  1  1 -2  2  1 -3 -2 -1  0  1  3    4   2   1   2   0   1   7   2   5   7  14   2   7   5   1   2   4   1   6  27  0.21 0.16
  305 L   -2 -3 -4 -4 -2 -3 -3 -4 -4  6  2 -4  0  1 -4 -4 -3 -4 -2  1    4   1   1   1   1   1   2   1   0  51  19   1   1   6   1   1   1   0   1   8  0.87 0.37
  306 R   -1  4  1  1 -4  3  1 -2 -1 -4 -2  3 -2 -4 -2 -1 -1 -1 -3 -2    6  23   6   9   0  14   8   2   1   1   3  16   1   0   1   3   2   1   1   2  0.43 0.24
  307 R   -1  2  0  1 -2  2  3 -1 -1 -1 -2  1 -2 -4 -3  0  1 -4 -3 -2    5  13   4   7   1  11  21   4   1   4   3  10   0   0   1   6   9   0   0   2  0.29 0.19
  308 E   -2  2 -1  0 -5  3  6 -4 -1 -5 -3  1 -1 -5 -4 -1 -3 -4 -2 -4    2  10   2   4   0  13  47   1   1   0   2   8   2   0   0   3   1   0   1   1  0.88 0.42
  309 L   -3  1 -3 -4 -3 -2 -3 -4  2  0  4  0  0  0 -4 -3 -3 -2  5 -1    1   9   1   1   0   1   1   1   6   5  39   5   2   2   1   1   1   0  20   3  0.59 0.31
  310 D    1  2  0  1 -3  1  2 -2  0 -2 -3  3 -2 -3  0  0 -1 -4 -3 -2   14  12   3   8   0   6  13   2   2   2   2  17   0   1   5   6   3   0   0   2  0.26 0.17
  311 L    1  0  0  1 -4  1  3 -2 -2 -3 -1  3 -1 -4 -2  0 -2 -4 -3 -2   15   4   3   8   0   6  21   2   0   1   6  22   1   0   1   5   2   0   0   2  0.34 0.22
  312 L   -3 -4 -5 -5 -4 -3 -2 -5 -3  0  6 -4  3 -2 -3 -4 -3 -4 -4 -1    2   1   0   1   0   1   3   1   1   3  74   1   7   1   1   1   1   0   0   2  1.19 0.48
  313 G   -3 -5 -3 -3 -5 -4 -4  7 -3 -5 -5 -4 -5 -5 -1 -3 -4 -5 -5 -5    1   1   1   1   0   0   1  84   1   1   1   1   0   0   3   1   1   0   0   1  1.91 0.63
  314 P    0  2 -3 -1 -5 -2 -2 -2 -3 -4 -4  2 -4 -5  6  0 -1 -5 -4 -4    8  10   1   3   0   1   2   3   0   1   1  11   0   0  46   5   4   0   0   1  1.04 0.44
  315 M   -3 -5 -6 -7 -5 -5 -6 -6 -6  3  1 -5  8  0 -4 -5 -2  7 -4 -1    1   0   0   0   0   0   0   0   0  16   9   0  45   4   1   0   3  16   0   4  1.67 0.66
  316 N   -1  0  1 -1 -3  0 -3 -1 -4 -5 -5  0 -4 -6 -4  5  4 -6 -5 -4    3   5   5   3   0   3   1   3   0   0   0   6   0   0   0  44  25   0   0   1  0.86 0.49
  317 F   -1  3 -2 -4  1 -1 -3 -1 -2 -2 -3  1 -1  4  0  0  1  2  2 -2    3  18   1   0   3   3   1   5   0   2   1   8   1  21   5   7   8   3   8   1  0.34 0.25
  318 A    4 -1 -2 -2 -4  0  2  2  4 -5 -5 -1 -4 -5  2 -1 -3 -5 -3 -4   33   3   1   1   0   4  15  18  10   0   0   3   0   0   8   2   0   0   1   0  0.58 0.36
  319 E   -4  1 -4 -3 -7  1  7 -2 -4 -7 -7 -1 -6 -7 -5 -4 -5 -7 -6 -6    1   6   0   0   0   5  81   4   0   0   0   2   0   0   0   1   0   0   0   0  1.96 0.79
  320 K   -2  3 -4 -4 -4 -1 -3 -3 -3  3 -3  5 -1 -2 -5 -2 -2  3 -2  0    3  14   0   0   0   2   0   2   0  16   2  43   1   2   0   2   1   4   1   6  0.76 0.42
  321 M    1  3  1 -3 -3  0 -3 -2 -3  1  0 -1  2 -2 -4  0  0  1 -2  0   12  21   9   0   0   5   0   2   0   8   8   2   8   1   0   9   4   2   1   8  0.24 0.22
  322 V   -2 -6 -6 -6 -3 -5 -6 -6 -6  1 -2 -6  0 -5 -6 -3  3 -7 -5  7    3   0   0   0   0   0   0   0   0   5   2   0   2   0   0   1  20   0   0  67  1.49 0.65
  323 L    2 -5 -5 -5 -2 -3 -5  1 -5  0  4 -4  2  1 -5 -1 -1 -4 -3  0   17   0   0   0   0   1   0  10   0   3  48   0   4   6   0   4   3   0   0   4  0.62 0.36
  324 A    2 -4 -4 -5 -1 -4 -4 -1 -4  3  1 -4  1  1 -2 -1  0  0 -1  3   16   0   0   0   1   0   0   6   0  22  11   0   3   7   1   3   5   1   2  20  0.37 0.24
  325 V   -1 -5 -5 -6  3 -5 -6 -4 -3  5  2 -5  0 -1 -5 -4 -3 -5 -4  4    6   0   0   0   5   0   0   1   1  30  18   0   1   2   0   0   1   0   0  35  0.92 0.42
  326 F   -6 -7 -8 -8 -4 -8 -8 -5 -6 -4 -3 -8 -2  9 -8 -7 -7 -4 -2 -3    0   0   0   0   0   0   0   1   0   1   1   0   1  95   0   0   0   0   0   1  3.11 1.00
  327 G    2 -4 -4 -4  2 -4 -4  2 -4  2  2 -4 -1  0 -4  0  0 -4 -3  3   16   0   0   0   4   0   0  14   0  13  17   0   0   3   0   6   4   0   0  21  0.37 0.25
  328 G    0 -4 -5 -5 -1 -4 -5  0 -5  2  4 -4  2  2 -5 -2  0 -4 -3  2    9   0   0   0   1   0   0   7   0  10  39   0   5  10   0   3   6   0   0  12  0.49 0.29
  329 L    3 -4 -4 -4  0 -4 -4 -4 -5  0  2 -4  3 -1 -4 -2  4 -5 -4  2   22   0   0   0   2   0   0   0   0   3  18   0   7   2   0   1  31   0   0  12  0.65 0.40
  330 V    5 -5 -5 -5 -2 -5 -5 -3 -5  3 -2 -5 -2 -2 -5 -1 -2 -6 -5  4   45   0   0   0   1   0   0   1   0  13   2   0   1   1   0   4   1   0   0  31  0.97 0.49
  331 V   -1 -5 -5 -5  0 -4 -5 -1 -5  2  3 -5  0  4 -5 -2 -1 -4 -2  2    6   0   0   0   2   0   0   6   0  10  33   0   1  18   0   3   4   0   0  18  0.56 0.31
  332 L    2 -5 -5 -6  3 -5 -5 -1 -5 -2  5 -5  2  0 -5  0 -3 -5 -4 -2   15   0   0   0   7   0   0   4   0   0  56   0   4   4   0   7   1   0   0   0  0.86 0.45
  333 W   -8 -8 -9 -9 -8 -7 -8 -8 -7 -7 -2 -8 -4 -3 -9 -8 -8 13 -1 -8    0   0   0   0   0   0   0   0   0   0   5   0   1   1   0   0   0  91   2   0  4.65 1.33
  334 M   -4 -6 -6 -6 -3 -5 -6 -7 -6  6  0 -6  5  4 -6 -4 -3 -5 -3  3    0   0   0   0   0   0   0   0   0  43   8   0  12  19   0   1   1   0   0  16  1.23 0.51
  335 T   -2 -5 -4 -5 -3 -4 -5 -2 -3 -2  0 -5 -1  6 -5  2  4 -4 -2 -1    3   0   0   0   0   0   0   3   1   1  10   0   1  34   0  14  29   0   0   3  0.89 0.48
  336 R   -3  7 -3 -4 -6 -1 -3  0 -3 -3 -3  0 -4 -6  1  1 -3 -6 -4 -2    2  59   0   0   0   2   0   7   0   2   2   3   0   0   7  12   1   0   0   3  1.18 0.54
  337 N    0 -1  0  2 -4 -2  1  2 -3 -4 -4  1 -3 -4  3  2  0 -5 -4 -3    5   2   3  14   0   0   8  13   0   1   1  10   0   0  16  17   5   0   0   2  0.40 0.25
  338 I   -1 -2 -2 -1 -2  1 -1 -2 -1  1  2 -1  0  3  1 -1 -1  0  0  0    4   2   2   4   1   7   4   2   1   8  21   3   1  16   8   3   3   1   3   6  0.14 0.10
  339 T   -3 -4 -4 -4 -4 -3 -4 -2 -5  3  3 -3 -1 -2  5 -3  0 -2 -3  0    1   0   0   0   0   1   0   4   0  18  30   1   1   1  29   1   6   1   0   5  0.78 0.39
  340 D    1 -1  2  0 -3  0  1  3 -1 -2 -3  0 -2 -2 -1  1 -1  0 -2 -2   11   3  14   5   0   3   8  24   1   2   2   6   1   2   2   9   3   2   1   2  0.24 0.15
  341 D   -1 -2 -1  1 -3  0 -1 -1 -1  0 -1 -1 -1  5  1 -1 -1  0 -1  0    6   1   3  11   0   4   3   4   1   7   6   5   1  27   8   5   2   1   0   5  0.23 0.17
  342 I    0 -3 -3 -3 -2 -3 -3 -3 -3  3  2 -3  3  4 -2 -3 -1  2 -1  2    6   1   1   1   0   1   1   2   0  21  15   1  10  16   1   1   3   3   1  13  0.42 0.22
  343 P   -1 -1 -1 -1 -3 -2 -1  0 -2 -1  0 -1 -1 -1  5  0  1 -1 -2 -1    5   3   2   3   0   1   4   8   0   4  12   4   2   3  27   5   8   1   1   5  0.33 0.17
  344 G    0 -3 -1 -3 -4 -3 -3  6 -3 -3 -2 -3 -3 -2 -2 -1 -3  0 -2 -3    6   1   2   1   0   1   2  65   1   2   4   2   0   2   2   4   1   1   1   2  1.09 0.39
  345 W   -2 -4 -2 -3 -4 -3 -2  0 -4  0  0 -3 -2  0 -3 -2 -2 11 -2 -1    3   1   2   2   0   1   3   7   0   5  10   1   1   3   2   4   3  46   1   5  1.50 0.48
  346 G    2 -2 -1  0 -2 -1  0  2 -2 -1  0 -1 -1 -1 -1  1  0 -3 -1 -1   16   1   2   5   0   2   4  20   1   2  11   2   2   3   2  14   5   0   2   5  0.14 0.11
  347 R    0 -1  1  1 -2  0  0  0 -2 -1 -1  0  0 -2 -1  1  1  0 -2  0    8   2   6  11   1   5   7   7   0   3   5   6   2   2   2  15  10   1   1   8  0.09 0.08
  348 I   -1 -2 -2 -2 -3 -1 -2 -1 -2  0  2 -1  0  2  0 -1  0  3  1  0    5   2   2   2   0   4   2   4   1   5  29   4   1  10   5   3   7   5   5   5  0.17 0.14
  349 F   -1 -3 -3 -3 -3 -3 -2 -3 -2  1  2 -3  0  5  1 -3 -2  1  1  0    6   1   1   2   0   1   2   2   1   9  24   1   1  28   7   1   1   2   3   7  0.46 0.24
  350 A   -1 -1  1  0 -3 -1 -1  0  0 -1  0  0 -1  1  3  0  1 -2 -1 -1    4   1   7   6   0   1   4   7   3   4   8   8   1   9  15   7   9   0   1   3  0.14 0.11
  351 G    0 -1  1  1 -3 -1  0  3 -1 -2 -2  1 -2 -3  3  1 -1  0 -3 -2    6   2   7   8   0   1   4  24   1   2   4   8   1   1  13  10   3   1   0   3  0.27 0.16
  352 R    0  0  1 -1 -3  0 -1  0  0 -1 -1  1  1  1  0  0  0  2  2 -1    6   5   7   3   0   2   4   7   2   2   7  13   4   9   4   7   4   3  10   3  0.08 0.09
  353 A    0 -3 -4 -2 -3 -3 -2 -4 -3  4  2 -3  0 -1 -2 -3 -2 -3  0  3    9   1   1   3   0   0   3   1   1  28  21   1   2   2   2   1   2   0   3  20  0.45 0.25
  354 G    0 -1  2  2 -3 -1 -2  2  1 -4 -3  0 -3 -4 -1  3  2 -4 -2 -3    5   2  10  10   0   2   1  15   3   1   2   5   0   0   2  25  16   0   1   1  0.37 0.26
  355 D   -6 -6 -1  8 -5 -4  1 -4  1 -7 -8 -5 -4 -7 -4 -3 -4 -8 -5 -7    0   0   2  84   0   0   7   1   3   0   0   0   1   0   1   1   0   0   0   0  2.29 0.83
  356 G    4 -3 -3 -4 -4 -1 -2  3 -4 -4 -5 -4 -3 -4 -3  3  3 -5 -4 -4   31   1   0   0   0   2   2  19   0   0   0   0   0   0   1  21  22   0   0   0  0.78 0.45
  357 T   -1 -4 -3 -4 -2 -2 -4  1 -3  2 -1 -4  2 -3 -3  0  4 -3 -4  2    5   0   0   0   1   1   0  12   0  11   6   0   5   0   1   8  33   0   0  15  0.50 0.34
  358 V    0 -5 -6 -6 -4 -4 -5 -6 -6  5 -1 -5 -2 -3  1 -2 -1 -6 -4  5    6   0   0   0   0   0   0   0   0  38   2   0   0   0   7   4   3   0   0  37  1.03 0.48
  359 S    6 -5 -5 -5 -4 -4 -5  1 -5 -4 -3 -4 -4 -5 -3  0 -2 -6 -5  0   70   0   0   0   0   0   0  11   0   0   3   0   0   0   1   6   2   0   0   5  1.27 0.60
  360 V   -3 -5 -6 -6 -3 -5 -6 -6 -5  5  3 -5  6 -1 -6 -5 -3 -2  0  3    1   0   0   0   0   0   0   0   0  33  22   0  22   1   0   0   1   0   3  16  1.11 0.48
  361 M    1 -4 -4 -5 -1 -3 -4  0 -4  2  2 -4  2  4 -4 -1  0 -2  0  0   16   0   0   0   1   0   0   7   0  10  21   0   5  19   0   4   7   0   3   6  0.36 0.25
  362 M    4 -5 -4 -5 -1 -4 -5  3 -5  2 -2 -4  2 -2 -3 -2 -2 -5 -4  2   36   0   0   0   1   0   0  20   0  14   1   0   6   1   1   1   1   0   0  16  0.67 0.39
  363 A    5 -5 -4 -5 -2 -4 -4  1 -5 -1 -3 -4  0 -5 -4  1 -1 -6 -4  2   52   0   0   0   1   0   0  12   0   4   1   0   2   0   0   8   3   0   0  17  0.86 0.47
  364 T   -1 -5 -5 -5 -1 -5 -5 -4 -5  4  3 -5  1  1 -5 -2  0 -5 -3  3    5   0   0   0   1   0   0   1   0  25  25   0   3   5   0   3   7   0   0  25  0.68 0.34
  365 L    1 -5 -5 -6 -3 -5 -5 -2 -5  2  5 -5  1  0 -4 -2 -2 -5 -4  1   11   0   0   0   0   0   0   4   0   9  58   0   2   3   0   2   2   0   0   8  0.84 0.41
  366 L   -4 -6 -7 -7  1 -5 -6 -7 -6  1  6 -6  5  0 -6 -5 -4 -5 -4 -1    0   0   0   0   2   0   0   0   0   5  71   0  13   3   0   0   1   0   0   3  1.47 0.60
  367 F   -3 -6 -6 -7  2 -6 -7 -3 -5 -3 -2 -6 -3  9 -5 -6 -5 -3  0 -4    2   0   0   0   4   0   0   3   0   1   3   0   0  83   1   0   0   0   2   1  2.44 0.81
  368 I    1 -4 -5 -5 -1 -4 -4 -5 -4  4  2 -4  2  2 -4 -3 -1 -4 -2  2   10   0   0   0   1   0   0   0   0  30  23   0   4   8   1   1   3   0   1  16  0.62 0.31
  369 I   -3 -4 -5 -5 -1 -4 -4 -4 -4  5  3 -4  1  1 -4 -4 -2  1 -3  2    1   0   0   1   1   0   1   1   0  38  28   1   3   6   0   1   2   2   0  14  0.81 0.35
  370 P   -4 -4 -3 -4 -5 -4 -4 -5 -4 -5 -5 -3 -4 -3  8 -3 -4 -5 -5 -4    1   1   1   1   0   1   1   1   0   1   1   1   1   1  85   1   1   0   0   1  2.58 0.80
  371 S    3 -3  1 -1 -2 -2 -2 -2 -2 -1 -2  0 -2 -3 -2  3  1 -4 -2  1   23   1   6   3   0   1   1   2   1   2   2   5   1   1   1  27  10   0   1  13  0.35 0.25
  372 N   -2  1  2  2 -3  2  0  2 -2 -3 -2  2 -2 -3 -1  0 -2 -4 -3 -3    2   5  12  14   0  10   5  17   1   1   4  15   1   1   2   6   2   0   0   1  0.31 0.19
  373 I   -1  1  1 -1 -2 -1 -1 -1 -1 -1  0  2 -1  0  0 -1  0  3  1  0    5   9   8   3   0   2   2   4   1   4   9  17   1   5   5   4   7   5   5   6  0.10 0.09
  374 K    0  2  0 -1 -3  1  0  0 -2 -3 -1  4 -2 -3  2  0  0 -3 -3 -3    6  12   3   3   0   4   7   6   1   1   6  26   0   1  12   5   5   0   1   1  0.31 0.19
  375 K    1  2  1  0 -2  1  1 -1 -1 -3 -3  3 -3 -3  1  1  0 -4 -3 -3   10  10   6   4   1   5  11   4   1   1   1  22   0   1   7  11   4   0   0   1  0.30 0.19
  376 G   -1  1 -1 -1 -3  0 -2  4  0 -3 -3 -1 -1 -1  1  1  0 -1 -1 -3    3   8   2   4   0   4   2  34   2   1   3   3   2   2   8  13   5   1   2   1  0.36 0.21
  377 E    0  1 -1  1 -3  1  3  0 -1 -2 -3  0 -3 -4  3  0  0 -4 -3 -1    6   6   1   6   0   7  26   7   1   3   2   4   0   0  13   6   7   0   0   5  0.32 0.21
  378 K    1  3 -3 -1  0 -1 -3  1 -2 -4 -4  1 -1  3  2 -1 -1 -4 -1 -3   14  21   0   4   2   1   0  12   1   0   0   9   2  15  10   4   4   0   2   0  0.36 0.27
  379 L   -2 -4 -6 -6 -2 -5 -5 -6 -6  3  5 -4  1 -3 -5 -4  1 -5 -4  2    2   0   0   0   1   0   0   0   0  13  57   0   2   0   0   0  10   0   0  12  0.99 0.46
  380 M   -1 -5 -5 -6 -4 -5 -6 -6 -4  2  5 -5  6 -3 -6 -5 -3 -5 -4  0    5   0   0   0   0   0   0   0   0  12  56   0  19   0   0   0   1   0   0   5  1.24 0.53
  381 D   -2 -2  2  5 -5 -2  1 -3  0 -3 -5 -1 -5 -6 -4  1  3 -6 -4 -2    2   2  10  37   0   1   8   1   2   1   0   2   0   0   0  12  18   0   0   3  0.77 0.41
  382 W   -6 -8 -9 -9 -6 -7 -7 -8 -8 -8 -6 -8 -7 -4 -9 -7 -7 13 -3 -5    1   0   0   0   0   0   0   0   0   0   0   0   0   0   0   0   0  96   0   1  4.99 1.41
  383 N   -1  0  1  2 -5  1  3 -2 -1 -4 -4  4 -4 -5 -2  1 -1 -5 -4 -3    4   4   5  12   0   6  19   3   2   1   0  31   0   0   2   9   2   0   0   2  0.56 0.33
  384 K   -1 -2  0  3 -1  1  1 -3 -1 -1 -3  0 -2 -1 -3  0  2  0  0  0    5   0   3  19   1   8  10   1   2   3   1   6   1   2   0   7  18   1   4   8  0.26 0.22
  385 C    4 -5 -5 -5  3 -4 -4 -4 -5  3  0 -4  2 -1 -4 -2  1 -5 -4  2   39   0   0   0   6   0   1   0   0  15   9   0   6   2   0   2   9   0   0  12  0.63 0.37
  386 K    0  1  1 -2 -5  5  2 -4  0 -4 -4  3 -3 -5 -4  0 -2 -5 -4  1    6   7   6   1   0  28  11   1   2   0   1  19   0   0   0   5   1   0   0  12  0.60 0.38
  387 K   -2  3  1  2 -6  0  2 -3 -2 -6 -5  5 -5 -5 -4 -1 -2 -6 -5 -5    3  12   5  12   0   4  13   1   1   0   0  44   0   0   0   3   2   0   0   0  0.91 0.46
  388 L   -2 -5 -5 -6 -2 -5 -5 -6 -5  4  3 -5  4 -1 -5 -4  2 -5 -4  2    2   0   0   0   1   0   0   0   0  26  31   0  12   2   0   0  12   0   0  13  0.86 0.41
  389 P   -2 -5 -5  3 -7 -1  0 -6  0 -7 -7 -5 -7 -8  8 -2 -4 -8 -7 -7    3   0   0  14   0   2   6   0   2   0   0   0   0   0  70   2   1   0   0   0  2.13 0.80
  390 W   -8 -8-10-10 -8 -8 -9 -8 -8 -8 -5 -9 -7 -2 -9 -8 -8 13 -2 -8    0   0   0   0   0   0   0   0   0   0   1   0   0   1   0   0   0  97   0   0  5.12 1.44
  391 N   -4 -4  2  2 -6 -5 -4  6 -4 -7 -7 -4 -6 -7 -6  0 -4 -7 -7 -7    0   0  10  11   0   0   1  69   0   0   0   0   0   0   0   8   0   0   0   0  1.62 0.64
  392 I   -4 -6 -6 -6 -2 -5 -6 -6 -6  5  1 -5  0 -4 -6 -5  2 -6 -4  5    0   0   0   0   1   0   0   0   0  32  14   0   2   0   0   0  12   0   0  39  1.14 0.50
  393 V   -3 -6 -6 -7  0 -5 -6 -7 -6  4  5 -6  0 -2 -5 -5 -3 -5 -4  2    2   0   0   0   2   0   0   0   0  21  56   0   1   1   0   0   1   0   0  16  1.18 0.50
  394 L   -4 -6 -7 -7 -5 -6 -6 -7 -6  3  5 -6  3  3 -6 -6 -4 -3 -2 -1    1   0   0   0   0   0   0   0   0  16  60   0   7  13   0   0   0   0   1   3  1.27 0.53
  395 L   -5 -6 -7 -8 -5 -6 -7 -8 -7 -2  7 -6  1 -2 -7 -6 -5 -6 -5 -2    0   0   0   0   0   0   0   0   0   0  95   0   2   1   0   0   0   0   0   1  2.08 0.77
  396 L   -6 -5 -7 -7 -6 -7 -7 -7 -6 -1  3 -7  0  8 -7 -6 -4 -4 -2 -1    0   0   0   0   0   0   0   0   0   2  29   0   2  63   0   0   1   0   0   3  1.92 0.70
  397 G   -1 -6 -5 -5 -6 -6 -6  7 -6 -7 -7 -6 -7 -7 -6 -3 -5 -7 -7 -7    5   0   0   0   0   0   0  92   0   0   0   0   0   0   0   1   0   0   0   0  2.42 0.83
  398 A    0 -6 -4 -5 -1 -5 -6  7 -6 -7 -7 -5 -6 -7 -6 -2 -2 -6 -7 -6    7   0   0   0   1   0   0  86   0   0   0   0   0   0   0   2   2   0   0   0  2.12 0.75
  399 G   -4 -6 -5 -5 -4 -6 -6  8 -6 -8 -8 -6 -7 -7 -6 -3 -6 -7 -7 -7    0   0   0   0   0   0   0  97   0   0   0   0   0   0   0   1   0   0   0   0  2.62 0.88
  400 F   -5 -6 -6 -7 -5 -6 -6 -7 -5  3  4 -6  2  6 -6 -6 -5 -4  0 -2    0   0   0   0   0   0   0   0   0  16  42   0   4  34   0   0   0   0   2   0  1.33 0.54
  401 A    6 -5 -4 -5  4 -4 -4 -4 -5 -2 -5 -4 -4 -6 -4  3  1 -6 -5 -3   60   0   0   0   7   0   0   0   0   2   0   0   0   0   0  20   9   0   0   1  1.25 0.60
  402 I   -5 -6 -6 -4 -5 -5 -6 -7 -6  4  6 -6  3  0 -6 -6 -4 -5 -4 -1    0   0   0   1   0   0   0   0   0  20  67   0   8   3   0   0   0   0   0   1  1.41 0.57
  403 A    6 -5 -4 -5 -4 -4 -4  1 -5 -5 -5 -4 -5 -6 -4  3 -3 -1 -5 -4   68   0   1   0   0   0   0   8   0   0   0   0   0   0   0  22   0   1   0   0  1.45 0.66
  404 D    3 -1  1  2 -3  0  1  0 -2 -3 -3  3 -2 -4 -3  1 -1 -5 -3 -2   27   2   7  10   0   3  10   5   0   0   2  19   1   0   0   8   2   0   1   2  0.36 0.26
  405 G    3 -4 -4 -4 -3  0 -4  5 -3 -1 -2 -4  2 -4 -5 -2 -4 -5 -5  0   28   0   0   0   0   5   0  44   1   3   4   0   5   0   0   1   0   0   0   8  0.87 0.44
  406 V   -3 -5 -4 -5  3 -4 -5 -4 -4  2  2 -5  3  5 -5  2 -2 -3 -1  1    1   0   0   0   7   0   0   1   0  13  17   0   7  28   0  15   2   0   1   8  0.68 0.36
  407 R    0  1  0  0 -4  1  2  0 -2 -2 -4  3 -1 -3 -3  1  0 -4 -2 -1    8   8   3   4   0   6  18   6   0   2   0  18   1   1   0  13   7   0   2   4  0.27 0.21
  408 T    2 -1  0  2 -4  1  2 -1 -2 -2 -3  1 -3 -4 -3  2  0 -5 -4  1   16   2   3  13   0   6  13   3   1   1   1   8   0   0   0  15   6   0   0  12  0.28 0.23
  409 S   -3 -5 -4 -5 -2 -4 -4 -4 -4 -6 -6 -4 -5 -6 -5  6  5 -7 -6 -4    1   0   0   0   1   0   0   1   0   0   0   0   0   0   0  67  29   0   0   1  1.74 0.78
  410 G   -4 -5 -3 -4 -3 -4 -4  7 -6 -8 -8 -2 -7 -7 -6 -4 -5 -7 -7 -7    0   0   1   1   1   1   1  92   0   0   0   2   0   0   0   0   0   0   0   0  2.37 0.82
  411 L    1 -6 -6 -7 -4 -5 -6 -5 -6 -1  6 -6  2 -1 -6 -5 -1 -5 -4 -2   11   0   0   0   0   0   0   1   0   2  74   0   5   2   0   0   3   0   0   2  1.31 0.58
  412 A    4 -5 -2 -2 -4 -4 -4 -1 -5 -3 -5 -4 -5 -6 -4  5  2 -6 -5 -2   33   0   1   2   0   0   0   3   0   1   0   0   0   0   0  47  10   0   0   2  1.09 0.57
  413 E    1  0  0  2 -4  1  3 -1 -2 -2 -2  2 -2 -4 -3  0  0 -5 -3  0   11   3   4  11   0   5  21   5   1   1   5  14   1   0   0   5   5   0   0   7  0.25 0.20
  414 V   -2 -4 -7 -7 -6 -4 -4 -6 -5  1  0 -4  2  2 -7 -4 -2 11  2  0    3   1   0   0   0   0   1   0   0   8  10   1   6   7   0   1   3  46   5   7  1.83 0.67
  415 L   -3 -6 -6 -6 -4 -5 -6 -7 -6  6  3 -6  4 -1 -6 -5 -4 -5 -4  1    2   0   0   0   0   0   0   0   0  45  31   0  11   2   0   0   0   0   0   9  1.25 0.52
  416 S    4 -5 -4 -5 -5 -5 -5  6 -5 -5 -5 -5 -4 -6 -5  0 -3 -6 -6 -3   30   0   0   0   0   0   0  59   0   0   1   0   0   0   0   6   1   0   0   1  1.47 0.61
  417 K   -1 -1  3  3 -1  2  3  0  1 -4 -3  0 -2 -5 -3  0  0 -5 -3 -4    4   3  13  15   1   7  21   8   3   0   3   6   1   0   0   7   6   0   0   1  0.39 0.25
  418 G    1  0  0 -2 -3  4 -1  2  0 -2 -1  1  0 -3 -3  1 -1  2 -2 -2   12   4   3   1   0  22   1  14   3   2   5   7   2   1   0  13   4   3   1   2  0.29 0.24
  419 L   -1 -5 -6 -6 -4 -5 -6 -6 -6  2  5 -4  5  1 -6 -4 -3 -5 -4  1    4   0   0   0   0   0   0   0   0  12  54   1  13   5   0   1   0   0   0  10  1.04 0.46
  420 V    1 -1 -1 -1 -3  1  0  1  0  0 -2  0 -2 -3 -3  2  2 -4 -3  1   14   2   1   2   0   6   6   9   2   5   3   5   1   0   0  19  15   0   0  10  0.21 0.20
  421 F    1 -3 -1 -3 -2 -1 -2  3 -2 -1 -1 -2  0  2  3  1 -1 -2 -1  0   10   1   2   1   1   2   1  22   0   4   5   1   3  13  14   9   3   0   1   7  0.27 0.20
  422 L   -2 -5 -4 -6 -4 -4 -6 -5 -5  2  6 -4  1  2 -6 -4 -3 -5 -2  0    4   0   1   0   0   0   0   1   0   8  68   1   3   7   0   1   1   0   1   5  1.13 0.49
  423 E    1 -1  0  0 -4  2  2  2  1 -2 -4  1 -3 -2 -3  1  0 -4 -2 -1   10   2   3   5   0   8  17  18   4   2   0   8   0   2   0  12   5   0   1   4  0.26 0.20
  424 T    1 -3  1  0 -4 -1 -1  4  1 -3 -3 -1 -3 -3 -3  1  0 -3 -2  0    9   1   7   5   0   2   4  35   4   1   2   3   0   1   1  11   7   0   1   7  0.39 0.25
  425 A    1 -4 -4 -4 -3 -2 -4 -2 -3  2  3 -3  2  0 -3 -2 -1  3  0  2   11   0   0   1   0   2   0   4   0   8  33   0   6   4   1   3   3   4   2  17  0.39 0.25
  426 P   -3 -4  1 -4 -6 -4 -3 -1  4 -7 -6 -4 -6 -7  7  2 -4 -7 -5 -6    2   0   6   0   0   1   2   4   9   0   0   0   0   0  59  15   0   0   0   0  1.74 0.70
  427 Y   -1 -3 -2 -3 -4 -3 -3 -4  0  2  2 -3  1  1  4 -1  0  0  1  1    5   0   2   1   0   0   1   0   2  11  18   1   4   5  22   5   6   1   6  10  0.39 0.24
  428 W    0 -4 -5 -6 -4 -3 -4 -4 -4  2  2 -5 -1  4  0 -3 -3  7  1  2    7   0   0   0   0   1   0   1   0  13  21   0   1  16   5   1   1  14   4  15  0.68 0.34
  429 A    2 -5 -5 -5 -2 -4 -5 -3 -5  2  4 -4  1  0 -3 -2 -2  0 -2  2   21   0   0   0   1   0   0   2   0   8  38   0   3   4   1   2   1   1   1  17  0.59 0.34
  430 I   -2 -4 -5 -6 -4 -3 -5 -5 -5  5  3 -5  3  0 -5 -3  0 -5 -3  2    4   0   0   0   0   1   0   1   0  36  26   0   7   3   0   1   5   0   0  15  0.82 0.39
  431 A    1 -5 -5 -5 -1 -1 -4 -2 -4  4  1 -4  2 -3 -5 -3  0 -5 -3  4   11   0   0   0   1   4   0   4   0  28  13   0   4   0   0   1   7   0   0  27  0.58 0.33
  432 P    1 -5 -5 -5 -3 -4 -5  0 -5  1  4 -4 -1  3  0 -2 -2 -4 -3  1   14   0   0   0   0   0   0   7   0   8  42   0   1  11   4   2   2   0   0   8  0.54 0.32
  433 T    2 -5 -5 -5  0 -4 -5 -2 -5  4  2 -4  0  0 -5 -2 -1 -5 -3  3   18   0   0   0   2   0   0   3   0  23  18   0   2   3   0   3   3   0   0  24  0.56 0.32
  434 V    1 -5 -5 -6  1 -5 -5 -5 -6  4  2 -5 -1 -1 -5 -2 -1 -5 -4  5   10   0   0   0   3   0   0   0   0  19  18   0   1   2   0   2   4   0   0  41  0.82 0.40
  435 C    2 -5 -4 -5  7 -4 -4 -4 -5  2 -2 -4  0 -4 -5  1  2 -5 -4  3   19   0   0   0  20   0   0   1   0  11   1   0   2   0   0  12  16   0   0  18  0.77 0.41
  436 L    2 -4 -4 -5 -1 -4 -4 -1 -5  2  3 -4  0  1 -4 -2  1 -4 -3  2   22   0   0   0   1   0   0   4   0   9  32   0   2   5   0   2  11   0   0  13  0.47 0.30
  437 I   -1 -5 -5 -5 -3 -4 -5 -2 -5  3  3 -5  3  4 -5 -2 -1 -4 -2  2    6   0   0   0   0   0   0   3   0  14  30   0   7  20   0   3   4   0   0  13  0.61 0.32
  438 A    1 -5 -5 -5 -2 -5 -5 -3 -5  4 -2 -5  2 -3 -5  0  1 -6 -4  5   12   0   0   0   0   0   0   2   0  25   2   0   4   0   0   7   8   0   0  40  0.81 0.42
  439 A    1 -4  0 -4 -2 -2 -3 -2 -4  4  2 -4  1 -2 -4 -1  1 -4 -3  2   14   0   5   0   1   1   1   3   0  24  18   0   4   0   0   5  11   0   0  13  0.37 0.26
  440 T   -1 -6 -5 -6 -3 -6 -6 -4 -5  1  1 -6  2  7 -6 -4  0 -2  0  1    5   0   0   0   0   0   0   1   0   7  12   0   4  53   0   1   7   0   1   8  1.20 0.51
  441 I   -3 -5 -6 -7  0 -5 -6 -6 -6  2  5 -5  4  3 -6 -5 -3 -4 -3  1    2   0   0   0   2   0   0   0   0  12  56   0   9  12   0   0   1   0   0   6  1.06 0.46
  442 T   -4 -5 -4 -5 -5 -5 -5 -5 -6 -5 -6 -5 -5 -7 -5  2  8 -7 -6 -5    0   0   0   0   0   0   0   1   0   0   0   0   0   0   0  11  88   0   0   0  2.30 0.90
  443 E   -1 -4 -1 -3 -5 -1  8 -6 -1 -6 -7 -3 -6 -7 -5 -3 -4 -7 -6 -7    5   0   3   0   0   1  87   0   2   0   0   0   0   0   0   1   0   0   0   0  2.16 0.84
  444 F   -3 -5 -6 -6  3 -5 -6 -6 -5  4  2 -5  1  6 -6 -5 -1 -4 -2  2    1   0   0   0   7   0   0   0   0  20  18   0   4  32   0   0   4   0   0  14  0.95 0.42
  445 T    1 -5 -2 -5  0 -4 -5 -5 -5 -3 -4 -4  2 -6 -5  0  7 -6 -5 -2   13   0   1   0   2   0   0   0   0   1   1   1   6   0   0   6  68   0   0   2  1.50 0.68
  446 S   -2 -5 -4 -5 -5 -5 -5 -5 -5 -7 -7 -5 -6 -7 -5  8 -2 -7 -6 -6    2   0   0   0   0   0   0   0   0   0   0   0   0   0   0  97   1   0   0   0  2.38 0.94
  447 N   -6 -5  9 -1 -7 -5 -5 -5  0 -8 -8 -5 -7 -8 -7 -3 -5 -9 -7 -8    0   0  96   2   0   0   0   0   2   0   0   0   0   0   0   0   0   0   0   0  2.99 1.01
  448 N   -2 -5 -1 -2 -5 -5 -5 -6 -6 -2 -2 -5 -3 -5 -3 -1  7 -6 -5  4    2   0   2   2   0   0   0   0   0   1   3   0   0   0   1   2  62   0   0  24  1.38 0.64
  449 A    7 -6 -6 -6 -5 -5 -5 -2 -6 -5 -6 -5 -5 -6 -5 -1 -4 -7 -6 -2   91   0   0   0   0   0   0   3   0   0   0   0   0   0   0   3   0   0   0   3  2.00 0.80
  450 T    0 -5 -4 -5 -1 -4 -5 -5 -5  1 -2 -4 -1 -5 -5  2  7 -6 -5  1    6   0   0   0   1   0   0   0   0   6   4   0   1   0   0  12  62   0   0   7  1.24 0.59
  451 T    6 -5 -3 -5  1 -4 -4 -3 -5  0 -4 -4 -2 -5 -4 -1  4 -6 -5 -1   59   0   1   0   3   0   0   1   0   4   0   0   1   0   0   3  24   0   0   4  1.15 0.57
  452 T    4 -4  4 -4 -4 -2 -3 -3 -4 -1 -5 -4 -2 -5 -4  2  4 -6 -5 -3   36   0  17   0   0   1   0   0   0   3   0   0   1   0   0  13  27   0   0   0  0.88 0.48
  453 L    0 -5 -5 -5 -4 -4 -5 -3 -5  4  3 -5  5 -3 -5 -3  1 -5 -4  1    7   0   0   0   0   0   0   2   0  27  28   0  14   0   0   0  11   0   0   9  0.76 0.38
  454 L   -3 -5 -6 -6 -5 -5 -6 -6 -5  3  3 -6  3  6 -6 -5 -2 -4 -2  1    1   0   0   0   0   0   0   0   0  14  33   0   6  35   0   0   2   0   0  10  1.11 0.46
  455 V   -2 -5 -6 -6 -4 -5 -5 -3 -5  3  4 -5  4 -1 -5 -4 -3 -5 -2  3    3   0   0   0   0   0   0   2   0  14  47   0  12   2   0   0   0   0   1  19  0.94 0.42
  456 P   -6 -7 -3 -6 -8 -6 -6 -7 -7 -8 -8 -6 -7 -9  9 -5 -6 -9 -8 -7    0   0   1   0   0   0   0   0   0   0   0   0   0   0  98   0   0   0   0   0  3.39 1.06
  457 L   -4 -6 -7 -7 -4 -6 -6 -7 -7  6  2 -6 -1 -4 -6 -6 -4 -6 -5  4    0   0   0   0   0   0   0   0   0  53  15   0   1   0   0   0   0   0   0  31  1.51 0.57
  458 L   -1 -5 -5 -6 -4 -5 -5 -5 -5  1  4 -5  3  4 -5 -2 -2 -4 -2  2    5   0   0   0   0   0   0   1   0   5  46   0   8  16   0   2   2   0   0  14  0.82 0.39
  459 I    5 -5 -3 -4  1 -4 -4  2 -5  3 -3 -4 -3 -2 -2  0 -2 -5 -3 -1   50   0   1   0   3   0   1  15   0  17   1   0   0   1   1   5   1   0   1   3  0.76 0.42
  460 E    2 -3 -2 -2 -4  0  2  2 -1 -4 -4 -2 -4 -5  1  3  1 -5 -3 -2   19   0   0   1   0   4  12  17   1   0   0   1   0   0   8  22  11   0   0   2  0.44 0.30
  461 I    0 -5 -5 -5 -4 -4 -5 -4 -5  3  3 -4  5 -2 -5 -4 -1 -4 -3  3    9   0   0   0   0   0   0   1   0  16  28   0  19   1   0   0   3   0   0  22  0.78 0.38
  462 A    6 -5 -5 -5  1 -4 -4 -1 -5 -4 -4 -4 -4 -6 -4  2 -3 -6 -5 -3   75   0   0   0   3   0   0   4   0   1   1   0   0   0   0  13   1   0   0   1  1.46 0.63
  463 K    0  0 -2 -2 -3  2  1 -3 -3  2  1  0  1 -2 -3 -1 -1 -4 -2  3    6   4   2   1   0  10  11   2   0  12  14   5   3   1   1   2   4   0   1  23  0.19 0.17
  464 N    4 -1 -1 -3 -3 -1 -1  2 -2 -4 -4 -1 -3 -4 -3  2  1 -5 -4 -2   40   3   2   1   0   2   3  15   1   0   1   2   0   0   0  18   8   0   0   2  0.57 0.34
  465 M    1 -4 -3 -5 -4 -2 -4 -5 -5  4  4 -4  4 -1 -5 -2 -2 -4 -3  1   11   0   1   0   0   2   0   0   0  26  35   0  12   2   0   2   2   0   0   6  0.70 0.35
  466 G   -2 -1  1  0  2  0  0  5  2 -6 -6  0 -4 -5 -4 -1 -2 -5 -5 -5    1   3   7   5   4   4   7  52   5   0   0   7   0   0   0   3   1   0   0   0  0.88 0.40
  467 I   -1 -4 -4 -4 -3 -1 -3 -3  0  4  2 -4  4 -1 -5 -4 -2 -2 -2  4    4   0   0   0   0   2   2   2   3  25  17   0  11   2   0   0   1   1   1  28  0.61 0.32
  468 H   -3 -3  4  3 -6 -2 -1 -3  8 -6 -5 -3 -5 -5  3  0 -1 -6 -3 -5    1   0  18  17   0   1   3   1  33   0   0   0   0   0  12   8   4   0   0   0  1.13 0.50
  469 P   -1 -6 -6 -4 -7 -5 -2 -6 -6 -3 -5 -5 -3 -6  8 -3 -4 -8 -7 -2    5   0   0   1   0   0   3   0   0   2   1   0   1   0  81   2   0   0   0   4  2.43 0.83
  470 L   -2 -2 -5 -5 -4 -4 -1 -5 -4  1  4 -3  3  2 -4 -3 -3 -2  2  1    3   2   0   0   0   0   4   0   0   6  51   1   7   8   1   1   1   0   7   8  0.69 0.34
  471 L   -1 -4 -4 -4 -3 -2 -4  0 -1  1  2 -3  1  2 -1 -2 -1 -1  5  1    4   0   0   0   0   2   0   8   1   7  26   1   4   6   4   2   4   0  21   9  0.37 0.24
  472 L   -4 -5 -6 -6 -4 -5 -6 -6 -6  1  6 -5  1  0  0 -5 -3  0 -3  1    0   0   0   0   0   0   0   0   0   6  70   0   3   3   4   0   1   1   1  10  1.18 0.49
  473 M    2 -5 -5 -5 -1 -4 -5 -4 -5 -1  1 -4  8 -4 -5  0  2 -5 -4  0   17   0   0   0   1   0   0   1   0   3  10   0  43   0   0   6  12   0   0   6  1.09 0.52
  474 V   -1 -5 -6 -6 -4 -5 -5 -5 -5  5  3 -5  3  0 -5 -4 -3 -5 -3  4    6   0   0   0   0   0   0   0   0  31  26   0   7   3   0   0   0   0   0  26  0.89 0.39
  475 P    1 -5 -5 -5 -4 -5 -5 -1 -6  0 -3 -5 -5 -6  8 -2 -1 -7 -6 -2   13   0   0   0   0   0   0   4   0   6   3   0   0   0  65   3   3   0   0   3  1.70 0.64
  476 G    4 -4 -4 -4  4 -4 -4  1 -5  2 -3 -4 -2 -4 -3 -1  1 -5 -4  3   37   0   0   0   8   0   0  11   0  12   1   0   1   0   1   3   7   0   0  20  0.61 0.35
  477 A    5 -5 -3 -5  2 -4 -4  1 -5 -3 -5 -4 -4 -5 -4 -1  5 -6 -5 -1   46   0   1   0   3   0   0  10   0   1   0   0   0   0   0   1  35   0   0   3  1.08 0.53
  478 I   -3 -5 -6 -6 -2 -5 -5 -5 -5  4  4 -5  4  2 -5 -4 -2 -3 -3  2    1   0   0   0   0   0   0   0   0  25  42   0   9   7   0   0   2   0   0  12  0.92 0.40
  479 G    5 -5 -4 -5  2 -4 -4  2 -5 -4 -5 -4 -2 -5 -4  3 -2 -6 -5 -3   59   0   0   0   4   0   0  16   0   1   0   0   1   0   0  18   1   0   0   0  1.13 0.53
  480 A    6 -5 -5 -5  6 -4 -4 -3 -5 -1 -5 -4 -4 -5 -3  1  0 -6 -5 -1   62   0   0   0  17   0   0   1   0   3   0   0   0   0   1   9   4   0   0   3  1.29 0.57
  481 Q   -3 -5 -1 -4  0  0 -3 -4 -5 -6 -6 -4 -5 -6 -5  7  1 -6 -5 -5    0   0   3   0   2   4   1   0   0   0   0   0   0   0   0  84   6   0   0   0  1.79 0.76
  482 F   -3 -6 -6 -7  9 -6 -6 -6 -4 -4  1 -6  2  5 -6 -3 -4  1  2 -4    1   0   0   0  45   0   0   0   0   0  12   0   5  25   0   2   1   2   6   0  1.81 0.63
  483 A    6 -5 -5 -3 -2 -4 -4  0 -5 -5 -5 -4 -5 -6 -4  1 -3 -6 -5 -3   78   0   0   2   1   0   0   7   0   0   0   0   0   0   0  10   0   0   0   1  1.50 0.64
  484 F   -6 -7 -7 -7 -6 -7 -7 -7 -5 -4 -4 -7 -4  9 -7 -5 -6 -3  3 -4    0   0   0   0   0   0   0   0   0   0   0   0   0  90   0   1   0   0   7   1  2.87 0.87
  485 L   -1 -2 -6 -7 -1 -4 -6 -6  2 -1  0 -5 10 -2 -6 -4 -4 -2 -5 -3    5   2   0   0   1   0   0   0   5   2   7   0  74   1   0   1   0   1   0   1  2.27 0.81
  486 L   -5 -5 -7 -7 -5 -5 -6 -7 -6 -2  6 -6  4  0 -6 -6 -4 -5 -4 -3    0   0   0   0   0   0   0   0   0   0  85   0  10   3   0   0   1   0   0   0  1.75 0.64
  487 P   -5 -6 -6 -6 -7 -6 -5 -6 -6 -7 -7 -5 -7 -8  9 -5 -5 -8 -7 -7    0   0   0   0   0   0   0   0   0   0   0   0   0   0  98   0   0   0   0   0  3.35 1.00
  488 T   -1 -6 -6 -6 -4 -5 -5 -6 -6  2 -2 -5  2 -4 -5 -3  0 -6 -5  7    5   0   0   0   0   0   0   0   0   7   0   0   4   0   0   1   5   0   0  76  1.55 0.61
  489 G    6 -5 -4 -4 -4 -4 -4  3 -5 -5 -5 -4 -4 -5 -4  3 -3 -6 -5 -3   61   0   0   0   0   0   0  19   0   0   0   0   0   0   0  18   0   0   0   1  1.24 0.55
  490 T   -4 -5 -2 -5 -5 -5 -5 -6 -6 -5 -5 -5 -5 -6 -5 -1  8 -6 -6 -4    1   0   1   0   0   0   0   0   0   0   0   0   0   0   0   2  94   0   0   0  2.41 0.88
  491 P   -1 -6 -6 -6 -7 -5 -5 -3 -5 -7 -6 -5 -6 -7  9 -5 -5 -7 -7 -6    6   0   0   0   0   0   0   2   0   0   1   0   0   0  89   0   0   0   0   0  2.85 0.89
  492 S   -2 -6 -6 -5 -7 -1 -5 -4 -6 -7 -7 -5 -6 -7  9 -1 -4 -7 -7 -5    3   0   0   0   0   3   0   1   0   0   0   0   0   0  87   5   0   0   0   1  2.73 0.87
  493 N   -6 -5  9 -3 -7 -4 -4 -5 -4 -7 -7 -4 -4 -7 -6 -4 -4 -7 -6 -7    0   0  97   0   0   0   0   0   0   0   0   0   1   0   0   0   0   0   0   0  2.92 0.94
  494 V    7 -5 -5 -5 -4 -4 -4 -3 -5 -3 -4 -4 -4 -5 -4  0 -2 -6 -5 -1   87   0   0   0   0   0   0   0   0   1   1   0   0   0   0   4   1   0   0   4  1.71 0.68
  495 V   -2 -6 -6 -6 -4 -6 -6 -7 -6  7  0 -6 -1 -4 -6 -5 -4 -6 -5  3    2   0   0   0   0   0   0   0   0  74   4   0   1   0   0   0   0   0   0  17  1.75 0.61
  496 G    2 -5 -5 -6 -2 -5 -5 -1 -6  2 -3 -5 -2 -4 -5 -4 -3 -6 -4  6   17   0   0   0   1   0   0   5   0   9   0   0   0   0   0   0   0   0   0  68  1.30 0.55
  497 F   -2 -6 -6 -6 -1 -6 -6 -6 -3 -4 -3 -6 -3  8 -6 -3 -2  1  5 -4    5   0   0   0   1   0   0   0   0   0   0   0   0  65   0   2   2   2  20   0  1.97 0.67
  498 T    2 -4 -2 -2 -4 -2 -2  5 -4 -5 -5 -4 -3 -5 -4  2 -1 -5 -5 -4   18   0   1   1   0   1   3  52   0   0   0   0   1   0   0  17   3   0   0   1  1.03 0.44
  499 T   -1 -3 -3 -4 -4 -3 -3 -3 -2 -4 -4 -3 -2  0 -3  5  4 -3  3 -2    4   1   0   0   0   0   0   1   1   0   1   1   1   4   1  48  25   0  10   2  0.93 0.49
  500 G   -1 -4 -1 -2 -2 -4 -3  7 -5 -7 -6 -2 -6 -6 -5 -3 -4 -6 -6 -6    5   1   3   2   1   0   2  81   0   0   0   3   0   0   0   1   1   0   0   0  1.75 0.61
  501 H   -2  1  0 -2 -1  1  0 -1  6 -3 -2  1  0  0 -4 -3 -2 -2  5 -2    3   8   4   2   1   5   5   4  22   0   3   8   2   2   0   0   2   0  23   3  0.59 0.32
  502 I   -3 -5 -6 -6 -2 -5 -5 -6 -5  5  3 -5  2  0 -5 -5 -3 -5 -3  4    0   0   0   0   1   0   0   0   0  39  27   0   4   3   0   0   0   0   0  24  1.04 0.42
  503 E   -2  3 -1 -2 -4  0  0 -4 -1 -4 -3  5 -2 -5  1  1  2 -5 -4 -4    2  15   1   1   0   3   6   0   1   0   2  35   1   0   8  10  16   0   0   0  0.61 0.34
  504 I   -3 -4 -4 -5 -4  2 -3 -5 -5  5  0 -4  3 -2 -3 -3  1 -5 -4  3    1   0   0   0   0  12   0   1   0  41   5   0   9   1   1   1  10   0   0  17  0.81 0.40
  505 K   -1  2 -1 -2 -3  1 -1  0 -2 -1 -2  3 -1 -4  2  1  1 -2 -3 -2    5   9   1   1   0   5   2   7   0   5   3  23   2   0  12  14   9   1   0   1  0.28 0.21
  506 D   -3  0 -1  6 -5  3  2 -4  1 -4 -5  0 -4 -5 -4 -2 -1 -1  0 -4    1   4   1  44   0  14  15   0   3   1   0   4   0   0   0   2   5   1   4   1  0.91 0.42
  507 M   -6 -6 -7 -8 -6 -5 -7 -7 -6 -3  0 -6 11 -1 -7 -5 -5 -6 -5 -4    0   0   0   0   0   0   0   0   0   0   5   0  91   3   0   1   0   0   0   0  3.26 1.03
  508 I    3 -5 -5 -6 -3 -4 -5 -5 -5  4  0 -5  4 -2 -5 -3 -3 -5 -4  4   26   0   0   0   0   0   0   0   0  21   7   0  10   1   0   0   0   0   0  35  0.88 0.42
  509 K   -3  6 -4 -4 -2 -2 -3 -5 -3 -1 -2  5 -3 -2 -5 -2 -2 -6 -3 -2    1  40   0   0   1   0   0   0   0   5   4  39   1   1   0   3   2   0   0   3  1.12 0.50
  510 T    4 -3 -2 -4  1 -3 -1  0 -3 -1 -3 -3 -2 -4 -2  0  3 -4 -3  2   40   1   1   0   3   0   4   6   1   2   0   1   0   0   1   6  20   0   1  13  0.52 0.33
  511 G   -4 -6 -4 -5 -7 -6 -6  8 -6 -8 -8 -6 -7 -7 -6 -4 -6 -7 -7 -7    0   0   0   0   0   0   0 100   0   0   0   0   0   0   0   0   0   0   0   0  2.68 0.84
  512 L   -1 -5 -5 -6  0 -5 -5 -3 -5  3  2 -5  1  5 -5 -4 -3  0 -1  2    6   0   0   0   2   0   0   2   0  18  23   0   3  29   0   0   1   1   0  15  0.74 0.34
  513 P    0 -3 -5 -5 -2 -4 -4  0 -4  2  1 -3  2  1  0 -3 -2  7  0  3    7   1   0   0   1   0   0   8   0  10  15   1   5   4   5   1   2  19   3  20  0.59 0.30
  514 L   -4 -5 -6 -6 -4 -5 -6 -6 -5  1  5 -5  5  0  2 -5 -3 -5 -4  0    0   0   0   0   0   0   0   0   0   7  61   0  14   3   9   0   1   0   0   5  1.13 0.48
  515 K   -3 -4  8  2 -6 -3 -3 -4 -3 -7 -7  1 -6 -7 -5  0  0 -7 -6 -6    2   0  70   8   0   0   0   0   0   0   0   7   0   0   0   7   5   0   0   0  1.75 0.66
  516 I   -2 -5 -6 -6  0 -5 -6 -6 -6  5  3 -5  1  1 -5 -5 -3 -5 -3  3    3   0   0   0   2   0   0   0   0  42  27   0   3   6   0   0   0   0   0  17  0.98 0.40
  517 A    1 -5 -5 -5 -3 -4 -3 -5 -5  5  2 -5  1  2 -5 -4 -2  1 -1  2   12   0   0   0   0   0   1   0   0  42  14   0   4   8   0   0   1   2   2  14  0.75 0.35
  518 G    2 -5 -3 -4  5 -4 -4  5 -5 -4 -3 -4  1 -3 -4  2  0 -5 -5 -4   15   0   0   0  13   0   0  44   0   1   2   0   4   1   0  16   4   0   0   1  0.93 0.42
  519 T    1 -5 -5 -5 -2 -4 -5 -4 -5  5  2 -4  0 -1 -5 -2  0 -5 -3  3   11   0   0   0   0   0   0   1   0  36  16   0   1   2   0   2   6   0   0  24  0.72 0.34
  520 I    1 -4 -5 -5  0 -4 -4 -1 -4  3  2 -4 -1  3 -3 -2 -2 -3 -2  3   16   0   0   0   2   0   0   4   0  19  22   0   0  12   1   1   1   0   0  22  0.49 0.27
  521 F    0 -5 -5 -6  3 -4 -5 -5 -5  3  3 -5  0  0 -5 -3 -1 -2 -3  4    6   0   0   0   7   0   0   0   0  17  29   0   1   3   0   1   2   0   0  32  0.73 0.34
  522 L   -2 -5 -3 -5 -2 -3 -4 -5 -5  5  3 -5  0 -2 -5 -3  0 -2 -4  3    2   0   1   0   1   1   1   0   0  40  27   0   1   1   0   1   6   0   0  17  0.83 0.37
  523 S    0 -4 -1 -4 -1 -3 -3 -2 -4  1 -1 -3  1  1 -3  2  4  1 -2  1    7   0   2   0   1   0   1   2   0   6   4   0   4   7   1  15  35   2   1  12  0.46 0.31
  524 I    0 -4 -4 -5 -2 -4 -4  0 -5  3  4 -4  0  1 -4 -3 -1 -4 -3  2    9   0   0   0   1   0   0   9   0  15  43   0   1   4   0   1   3   0   0  13  0.55 0.29
  525 L    2 -3  0 -4 -1 -3 -3 -1 -3  1  1 -3  1  3 -4 -1 -1 -1  1  2   21   0   5   0   1   0   0   4   0   7  17   0   3  14   0   3   4   0   4  15  0.26 0.20
  526 M    1 -4 -3 -4  3 -3 -4 -2 -4  2  0 -3  4  2 -4 -1  1 -3 -2  3   11   0   1   0   7   0   0   3   0  14   6   0  14   8   0   5   9   0   1  20  0.37 0.24
  527 P   -2 -4  3 -3 -3 -1 -3 -4 -1 -1  0 -3  2  1  2 -2 -2  5  5 -1    3   0  18   0   0   3   1   1   1   4   7   0   5   5  11   3   2   9  23   3  0.57 0.31
  528 T   -1 -4 -3 -4 -3 -4 -4 -2 -4 -1  1 -4 -1  4 -4  0  5  3  1  0    3   0   0   0   0   0   0   3   0   2  12   0   1  18   0   6  38   4   5   8  0.61 0.36
  529 L   -4 -5 -6 -7 -5 -5 -6 -6 -5  2  3 -6  1  2 -6 -5 -4  9  0  1    0   0   0   0   0   0   0   0   0   9  34   0   4   9   0   0   1  31   2  10  1.40 0.50
  530 G    2 -4 -3 -4 -3 -3 -4  4 -4  0  1 -4  0  1 -4 -1 -1  1 -3  1   17   0   0   0   0   1   0  37   0   5  12   0   3   6   0   4   2   2   0  11  0.48 0.27
  531 A    0  2 -2 -2 -4  0 -2 -1 -3 -1 -2 -1  0 -1  5  0  0 -2  2  0    9  11   1   1   0   3   0   5   0   4   4   2   2   2  27   8   6   0   8   6  0.38 0.22
  532 Y    0 -2 -4 -4 -3 -3 -4 -3 -2  1  2 -3  2  2  2 -2 -2  5  2  2    7   1   0   0   0   1   0   1   1   8  19   1   5  10  11   2   2  10   7  16  0.40 0.22
  533 V   -1 -5 -5 -4 -3 -4 -5 -5 -5  4  1 -4  2  1 -5 -4 -2 -5 -2  5    6   0   0   1   0   1   0   0   0  28  12   1   4   5   0   0   1   0   0  41  0.82 0.36
  534 F   -5 -6 -6 -7 -6 -6 -6 -6 -4 -3  1 -6 -1  8 -7 -6 -5  8  3 -4    0   0   0   0   0   0   0   0   0   1  12   0   1  58   0   0   0  21   8   0  2.02 0.63
  535 A   -1 -4 -2  0 -5 -3 -2  5 -4 -6 -6 -2 -5 -6  4  1 -3 -5 -5 -5    4   0   1   5   0   0   1  53   0   0   0   2   0   0  23  11   1   0   0   0  1.11 0.39
  536 S   -1 -3  0 -1 -3 -2  0 -1 -2  4  0 -3 -1 -1 -2 -1  2 -4 -1  1    3   0   5   2   0   0   9   4   1  39   4   0   1   2   2   4  15   0   2   8  0.27 0.18
  537 M   -2 -2  2  2 -3  0  2 -2 -2  0  0  0  1 -2  1 -1  1 -4 -3  0    0   0  16  12   0   1  14   1   0   4  13   6   7   1   7   1  10   0   0   8  0.17 0.12
  538 G    0 -1  1 -2 -2 -1 -1  2 -2 -1  0 -1 -1  1  2  1 -1  3 -1 -1    8   2  12   0   0   1   2  19   0   3  11   1   0   9  10  12   1   5   1   3  0.16 0.08
  539 G    0  0  1  0 -3 -2 -1  5 -2 -4 -4  0 -3 -4  0  2 -1 -4 -4 -4    2   7   5   6   0   0   3  51   0   0   0   4   0   0   4  18   0   0   0   0  0.61 0.15
  540 V   -1 -4 -4 -4 -2 -3 -4 -4 -4  2  0 -3  0 -2 -4 -3 -1 -4 -2  6    0   0   0   0   0   0   0   0   0   3   0   0   0   0   0   0   0   0   0  97  0.94 0.20

                      K         Lambda
Standard Ungapped    0.1404     0.3260
Standard Gapped      0.0550     0.2670
PSI Ungapped         0.1804     0.3156
PSI Gapped           0.0550     0.2670
