
Last position-specific scoring matrix computed, weighted observed percentages rounded down, information per position, and relative weight of gapless real matches to pseudocounts
           A  R  N  D  C  Q  E  G  H  I  L  K  M  F  P  S  T  W  Y  V   A   R   N   D   C   Q   E   G   H   I   L   K   M   F   P   S   T   W   Y   V
    1 M   -2 -2 -3 -4 -2 -1 -3 -4 -2  0  1 -2  8 -1 -3 -2 -1 -2 -2  0    0   0   0   0   0   0   0   0   0   0   0   0 100   0   0   0   0   0   0   0  1.01 0.15
    2 G    1 -3 -1 -2 -3 -2 -3  6 -3 -4 -4 -2 -3 -4 -3 -1 -2 -3 -4 -3    9   0   0   0   0   0   0  91   0   0   0   0   0   0   0   0   0   0   0   0  1.15 0.10
    3 K   -1  4 -1 -2 -4  1  0 -2 -1 -3 -3  5 -2 -4 -2 -1 -1 -4 -2 -1    0  29   0   0   0   0   0   0   0   0   0  66   0   0   0   0   0   0   0   5  0.68 0.11
    4 Q   -1 -1  0 -2 -2  3  0 -3  0  0  0 -1  0 -2 -2  0  2 -3 -2  2    0   0   2   0   0  29   0   0   3   0   4   0   2   0   0   8  19   0   0  32  0.21 0.07
    5 P    0 -2  2 -2 -3 -2 -2 -2  0 -2 -3 -1 -3 -4  7  0 -1 -4 -3 -2   11   0  13   0   0   0   0   0   3   4   0   0   0   0  65   3   0   0   0   0  1.26 0.11
    6 V    0 -3 -4 -4 -1 -3 -3 -4 -4  3  0 -3  0 -1 -3 -2 -1 -3 -2  4    7   0   0   0   0   0   0   0   0  27   0   0   0   0   0   0   0   0   0  66  0.50 0.09
    7 K   -2  6 -1 -2 -4  1 -1 -3 -1 -4 -3  2 -2 -4  4 -1 -2 -4 -3 -3    0  64   0   0   0   2   0   0   0   0   0  14   0   0  20   0   0   0   0   0  0.84 0.11
    8 L   -2 -3 -3 -4 -2 -2 -3 -4 -3  1  4 -3  4  0 -3 -2  0 -2 -1  1    0   0   0   0   0   0   0   0   0   0  67   0  21   3   0   0   6   0   0   3  0.51 0.09
    9 K   -1  4 -1 -1 -4  2  0 -2 -1 -3 -3  5 -2 -4 -2  0 -1 -4 -2 -3    0  32   0   0   0   6   0   0   0   0   0  55   0   0   0   7   0   0   0   0  0.65 0.10
   10 A    3 -1 -1  0 -2  0  4 -1 -1 -3 -3  0 -2 -3 -2  1 -1 -3 -3 -2   40   0   0   0   0   0  50   0   0   0   0   0   0   0   0  10   0   0   0   0  0.50 0.10
   11 V   -1 -3 -4 -4 -2 -3 -3 -3 -4  3  1 -3  0 -1 -3 -2 -1 -3 -2  5    0   0   0   0   0   0   0   2   0  12   6   0   0   0   0   0   0   0   0  80  0.56 0.11
   12 V    0 -3 -3 -3 -1 -2 -3 -3 -3  3  1 -2  0 -1 -3 -1  2 -3 -2  4    3   0   0   0   0   0   0   0   0  15  12   0   0   0   0   0  19   0   0  50  0.33 0.07
   13 Y   -3 -3 -3 -4 -4 -2 -3 -4  1 -2 -2 -3 -2  2 -4 -3 -3  1  8 -2    0   0   0   0   0   0   0   0   0   0   0   0   0   0   0   0   0   0 100   0  1.57 0.20
   14 A    2 -1 -1 -1 -1  1 -1  1 -2 -2 -2 -1 -1 -3 -2  2  2 -3 -2  0   28   0   0   0   0  12   0  12   0   0   0   0   0   0   0  24  18   0   0   6  0.27 0.06
   15 I   -2 -3 -4 -4 -2 -3 -4 -4 -4  3  4 -3  1  0 -3 -3 -2 -2 -2  1    0   0   0   0   0   0   0   0   0  17  76   0   0   0   0   0   0   0   0   7  0.57 0.09
   16 S    0 -2  0 -1 -2 -1 -1 -1 -2 -3 -1 -1 -2 -3 -2  5  1 -4 -2 -2    0   0   0   0   0   0   0   0   0   0   6   0   0   0   0  94   0   0   0   0  0.70 0.15
   17 P   -1 -3 -2 -2 -3 -2 -2 -3 -3 -4 -4 -2 -3 -4  8  1 -1 -5 -4 -3    0   0   0   0   0   0   0   0   0   0   0   0   0   0  86  14   0   0   0   0  1.94 0.16
   18 F   -2 -3  1 -3  2 -2 -3 -3 -1 -1  0 -3  3  5 -4 -2 -2  0  5 -1    0   0  12   0   6   0   0   0   0   0   0   0  14  44   0   0   0   0  24   0  0.56 0.10
   19 Q   -2  2  0 -1 -4  5  2 -2  4 -4 -3  2 -1 -4 -2 -1 -1 -3 -1 -3    0   7   2   0   0  54   8   0  14   0   0  15   0   0   0   0   0   0   0   0  0.64 0.11
   20 Q   -1  0 -1 -1 -3  6  1 -3 -1 -2 -1  0 -1 -3 -2 -1  1 -3 -2  0    0   0   0   0   0  70   0   0   0   0   4   0   0   0   0   0  14   0   0  12  0.62 0.14
   21 K   -1  1  0  2 -3  1  1  1  2 -3 -3  3 -2 -3 -2  1 -1 -3 -2 -3    0   0   0  12   0   5   8  14  10   0   0  42   0   0   0  10   0   0   0   0  0.35 0.07
   22 I   -1 -3 -4 -4 -2 -3 -3 -4 -4  4  1 -3  0 -1 -3 -3 -1 -3 -2  5    0   0   0   0   0   0   0   0   0  36   0   0   0   0   0   0   0   0   0  64  0.59 0.11
   23 M   -2 -3 -3 -4 -2 -2 -3 -4 -3  2  2 -3  7 -1 -4 -3 -2  4 -1  0    0   0   0   0   0   0   0   0   0  12  11   0  71   0   0   0   0   6   0   0  0.75 0.15
   24 P   -1  2 -1 -2 -3 -1 -1  1  2 -3 -3  0 -2 -3  5  1  1 -3 -2 -3    0  18   0   0   0   0   0  15   7   0   0   0   0   0  32  16  11   0   0   0  0.56 0.07
   25 G    0 -2 -1 -1 -3  1 -2  6 -2 -4 -4 -1 -3 -4 -3  0 -2 -3 -3 -4    0   0   0   3   0  12   0  77   0   0   0   0   0   0   0   8   0   0   0   0  0.92 0.11
   26 L   -2 -3 -3 -4 -2 -3 -3 -4 -3  1  4 -3  1  0 -3 -2  1 -2 -2  1    0   0   0   0   0   0   0   0   0   0  82   0   0   0   0   0  12   0   0   6  0.53 0.10
   27 W   -3 -4 -4 -5 -3 -3 -4  0 -3 -2  0 -4 -1  4 -4 -3 -3 10  2 -3    0   0   0   0   0   0   0   8   0   0   6   0   0  30   0   0   0  56   0   0  1.61 0.16
   28 K   -1  2  0 -1 -3  1  0 -2  2 -3 -3  5 -2 -4 -2 -1  1 -4 -2 -3    0   8   2   0   0   0   0   0   6   0   0  72   0   0   0   0  12   0   0   0  0.59 0.11
   29 D   -3 -2  3  7 -4 -1  1 -2 -2 -4 -5 -1 -4 -4 -2 -1 -2 -5 -4 -4    0   0  12  88   0   0   0   0   0   0   0   0   0   0   0   0   0   0   0   0  1.20 0.15
   30 L    1 -3 -3 -4 -2 -2 -3 -3 -3  1  3 -3  1  0 -3 -2 -1  6 -1  1   20   0   0   0   0   0   0   0   0   9  50   0   0   2   0   0   0  14   0   6  0.39 0.07
   31 P    0  0 -2 -2 -3 -2 -2 -3 -3 -2 -1 -1 -2 -3  7 -1  1 -4 -3 -2    7   6   0   0   0   0   0   0   0   0   8   0   0   0  67   2  11   0   0   0  1.26 0.12
   32 G    0 -1  0 -1 -2  0  0  2  3 -2 -2  1 -2 -1 -2  2  2 -2  2 -2    2   0   1   2   0   0   6  16  10   0   1  13   0   0   0  20  17   0  10   0  0.19 0.04
   33 K    0  1 -1 -1 -3  0  0  0 -2 -3 -3  5 -2 -4 -2  0  1 -4 -3 -2    8   0   0   0   0   0   0   7   0   0   0  73   0   0   0   0  12   0   0   0  0.54 0.11
   34 I   -1 -3 -3 -3 -2 -3 -3 -4 -3  4  1 -3  2  2 -3 -2  0 -2 -1  2    6   0   0   0   0   0   0   0   0  53   5   0   7  12   0   0   6   0   0  11  0.33 0.07
   35 H    1 -1 -1 -2 -2  0  0 -2  6 -2  0  0  2 -2 -2  1 -1 -3  0 -2   15   0   0   0   0   0   5   0  40   0  12   4  13   0   0  11   0   0   0   0  0.35 0.09
   36 H    0  2  0 -2 -3  0 -1 -2  7 -3 -3  2 -2 -3 -2 -1  0 -3  0 -3    7  12   0   0   0   0   0   0  52   0   0  22   0   0   0   0   7   0   0   0  0.67 0.12
   37 K   -2  3 -1 -2 -4  0  0 -2  2 -3 -3  5 -2  1 -2 -1 -2 -3 -1 -3    0  13   0   0   0   0   0   0   6   0   0  69   0  12   0   0   0   0   0   0  0.56 0.11
   38 V   -1 -2 -3 -3 -2 -3 -3 -3 -3  2  1 -1  0  4 -3 -2 -1 -1  1  2    6   0   0   0   0   0   0   0   0  20   4   7   0  34   0   0   0   0   0  29  0.31 0.07
   39 S    1  0  1 -1 -2  0  0  1  1 -1 -2  2 -1 -3 -1  3  1 -3 -2 -1    6   0   6   0   0   4   0   8   3   7   0  19   0   0   0  35   8   0   0   0  0.20 0.05
   40 E   -1 -1  1  3 -4  1  5  1 -1 -4 -4  0 -3 -4 -2 -1 -1 -4 -3 -3    0   0   6  15   0   4  57  15   0   0   0   3   0   0   0   0   0   0   0   0  0.61 0.09
   41 N   -2 -1  6  0 -3 -1 -1  2  2 -3 -2  1 -2 -3 -3  0 -1 -4 -2 -3    0   0  61   0   0   0   0  15   6   0   6  12   0   0   0   0   0   0   0   0  0.58 0.10
   42 W   -1  0 -4 -4 -3 -3 -3  1 -3 -4 -3 -3 -3  0 -4 -3 -3 11  1 -4    7   6   0   0   0   0   0  12   0   0   0   0   0   0   0   0   0  75   0   0  2.09 0.19
   43 I   -1 -3 -2 -1 -2 -2 -2 -1  2  3  1 -3  0  1 -3 -2 -1 -3 -1  3    0   0   0   6   0   0   0   7   9  23  10   0   0   8   0   0   0   0   0  38  0.19 0.06
   44 S    0 -2  2  3 -2 -1  0  2 -1 -3 -3 -1 -2 -3 -2  3  0 -3  0 -3    6   0   7  25   0   0   0  15   0   0   0   0   0   0   0  43   0   0   4   0  0.39 0.08
   45 A    4 -2 -2 -3 -1 -2 -2  0 -3  0  0 -2 -1 -2 -2  0  0 -3 -2  1   63   0   0   0   0   0   0   4   0   0  12   0   0   0   0   0   3   0   0  17  0.32 0.08
   46 T    1 -2 -2 -2 -1 -2 -2  1 -2  1  0 -2  0  1 -2  0  3 -2 -1  1   14   0   0   0   0   0   0  10   0  10   8   0   0  10   0   0  36   0   0  11  0.17 0.05
   47 L   -2 -3 -3 -4  1 -3 -3 -4 -3  1  3 -3  1  4 -3 -2  1 -1  0  1    0   0   0   0   3   0   0   0   0   0  41   0   0  27   0   0  15   0   0  13  0.33 0.07
   48 L   -2 -3 -4 -4  2 -3 -3 -4 -3  1  3 -3  1  5 -4 -2 -1 -1  1  1    2   0   0   0   6   0   0   0   0   8  36   0   0  40   0   0   4   0   0   6  0.43 0.08
   49 L    0 -3 -3 -3  2 -3 -3  0 -3  2  3 -3  1  1 -3 -2 -1 -2 -1  2    6   0   0   0   6   0   0  12   0  12  38   0   0   7   0   0   0   0   0  19  0.21 0.05
   50 G    2 -2 -2 -2 -1 -2 -2  2 -3  1 -1 -2 -1 -2 -2  0  1 -3 -2  2   34   0   0   0   0   0   0  19   0   6   0   0   0   0   0   0  13   0   0  28  0.24 0.06
   51 P   -2 -3 -3 -3 -3 -2 -2 -1 -3 -3  0 -2 -2 -4  8 -2 -2 -4 -4 -3    0   0   0   0   0   0   0   6   0   0  12   0   0   0  83   0   0   0   0   0  1.75 0.16
   52 L   -1 -1 -3 -3 -2 -2 -3 -3 -3  2  2 -2  1  3 -3 -2  1 -2  0  2    0   3   0   0   0   0   0   0   0  14  32   0   0  17   0   0  17   0   0  17  0.25 0.05
   53 V   -1 -3 -3 -4 -2 -3 -3 -1 -2  2  1 -3  0  3 -3 -2 -1 -1  2  4    0   0   0   0   0   0   0   6   0   9   6   0   0  15   0   0   0   0  10  55  0.32 0.08
   54 G    1 -1 -1 -2 -3 -2 -2  6 -2 -4 -4 -2 -3 -4 -2 -1 -2 -3 -3 -3   14   4   0   0   0   0   0  80   0   0   0   0   0   0   0   0   0   0   0   0  0.98 0.11
   55 T   -1 -1 -1 -2 -2 -2 -2 -3 -3  2 -1 -2  0 -2  1  1  4 -3 -2  2    0   3   0   0   0   0   0   0   0  21   0   0   0   0   6   8  45   0   0  17  0.30 0.08
   56 Y   -1 -1 -2 -3 -3 -2 -2 -3  0 -1 -1  1  0  2 -3 -2 -1  0  6  1    6   2   0   0   0   0   0   0   0   0   0  12   3   4   0   0   3   0  52  19  0.49 0.11
   57 S    0 -2 -1 -2 -2  2 -1  2 -1 -2 -1 -1  2 -1 -2  1  1  6  1 -2   10   0   0   0   0  13   1  17   0   0   0   0  14   0   0   9  11  17   6   0  0.34 0.07
   58 Y   -3 -3 -3 -4 -3 -2 -3 -4  2 -2 -2 -3 -2  3 -4 -3 -3  3  8 -2    0   0   0   0   0   0   0   0   2   0   0   0   0   9   0   0   0   2  87   0  1.35 0.18
   59 V    3 -2 -2 -3  4 -2 -2 -2 -3  0 -1 -2 -1 -2 -2  0  1 -3 -2  2   45   0   0   0  12   0   0   0   0   0   0   0   0   0   0   0  12   0   0  30  0.33 0.08
   60 Q    0  0  0  0 -3  3  3 -2 -1 -1 -1  1  1 -3 -2 -1 -1 -3 -2 -1    6   3   5   2   0  26  27   0   0   0   6  11   8   0   0   0   0   0   0   7  0.28 0.06
   61 H   -1 -1  5  1 -3  1 -1 -2  5 -4 -3 -1 -2 -2 -3  0 -1  4  1 -3    6   0  41   6   0   9   0   0  25   0   0   0   0   0   0   2   0   9   3   0  0.56 0.09
   62 F   -2 -2 -2 -2 -3 -1  1 -3  1 -2 -2 -2 -2  3 -3  0 -2  1  7 -2    0   0   0   0   0   0  14   0   0   0   0   0   0  11   0   8   0   0  68   0  0.87 0.13
   63 L   -1  2 -1 -2 -3  2  0 -3 -1 -1  0  4  2 -2 -2 -1  0 -3 -2  0    0   9   0   0   0  12   4   0   0   0   5  43  14   0   0   0   4   0   0  10  0.28 0.07
   64 E   -2 -1 -1  1 -4  1  6 -3  5 -4 -4  0 -3 -4 -2 -1 -2 -4 -2 -3    0   0   0   0   0   0  79   0  21   0   0   0   0   0   0   0   0   0   0   0  0.94 0.14
   65 K   -1  2  2 -1 -4  4  1 -2  0 -4 -3  4 -2 -4 -2 -1 -1 -3 -2 -3    0  10  17   0   0  34   3   0   0   0   0  37   0   0   0   0   0   0   0   0  0.56 0.09
   66 E   -2  1 -1  1 -5  1  6 -3 -1 -4 -4  0 -3 -4 -2 -1 -2 -4 -3 -3    0   8   0   0   0   0  92   0   0   0   0   0   0   0   0   0   0   0   0   0  1.03 0.15
   67 K   -2  3 -1 -1 -4  1  1 -2 -1 -4 -3  6 -2 -4 -2 -1 -1 -4 -3 -3    0  14   0   0   0   0   8   0   0   0   0  79   0   0   0   0   0   0   0   0  0.76 0.12
   68 L   -2 -2 -3 -4 -2  0 -3 -4  1  1  5 -2  2  0 -3 -3 -2 -2 -1  0    0   0   0   0   0   7   0   0   5   0  84   0   4   0   0   0   0   0   0   0  0.54 0.10
   69 E    1 -1  0  0 -2  0  3 -2  5 -3 -3  0 -2 -3 -2  3  0 -3 -1 -2   16   0   0   0   0   0  31   0  21   0   0   0   0   0   0  32   0   0   0   0  0.43 0.09
   70 H   -3 -1  0 -2 -4  0  2 -3  9 -4 -4 -1 -3 -2 -3 -2 -3 -3  1 -4    0   0   0   0   0   0  14   0  86   0   0   0   0   0   0   0   0   0   0   0  1.42 0.18
   71 R   -2  7 -1 -3 -4  0 -1 -3 -1 -4 -3  1 -2 -4 -3 -2 -2 -4 -3 -4    0 100   0   0   0   0   0   0   0   0   0   0   0   0   0   0   0   0   0   0  1.27 0.16
   72 Y   -3 -2 -3 -4 -3 -2 -3 -4  3 -2 -2 -3 -2  4 -4 -2 -2  1  7 -2    0   0   0   0   0   0   0   0   7   0   0   0   0  18   0   0   0   0  75   0  1.11 0.12

                      K         Lambda
Standard Ungapped    0.1377     0.3200
Standard Gapped      0.0452     0.2670
PSI Ungapped         0.1473     0.3147
PSI Gapped           0.0452     0.2670
