
Last position-specific scoring matrix computed, weighted observed percentages rounded down, information per position, and relative weight of gapless real matches to pseudocounts
           A  R  N  D  C  Q  E  G  H  I  L  K  M  F  P  S  T  W  Y  V   A   R   N   D   C   Q   E   G   H   I   L   K   M   F   P   S   T   W   Y   V
    1 M   -3 -3 -4 -5 -3 -2 -4 -5 -3 -1  0 -3  9 -2 -4 -3 -3 -3 -3 -1    0   0   0   0   0   0   0   0   0   0   0   0 100   0   0   0   0   0   0   0  2.10 0.49
    2 G   -1 -4 -2 -3 -4 -3 -4  7 -4 -5 -5 -3 -4 -5 -4 -2 -3 -4 -5 -5    0   0   0   0   0   0   0 100   0   0   0   0   0   0   0   0   0   0   0   0  1.80 0.34
    3 K   -2  1 -2 -2 -5  0 -1 -3 -2 -4 -4  7 -3 -5 -3 -2 -2 -5 -3 -4    0   2   0   0   0   0   0   0   0   0   0  98   0   0   0   0   0   0   0   0  1.43 0.36
    4 Y   -4 -4 -4 -5 -4 -3 -4 -5  0 -3 -3 -4 -3  1 -5 -4 -3  0  9 -3    0   0   0   0   0   0   0   0   0   0   0   0   0   0   0   0   0   0 100   0  2.26 0.45
    5 I   -3 -3 -4 -5 -3 -3 -4 -5 -4  3  0 -3  9 -1 -4 -3 -2 -3 -3 -1    0   0   0   0   0   0   0   0   0  19   2   0  78   1   0   0   0   0   0   0  1.58 0.44
    6 R   -3  6  0 -3 -5  0 -1 -3 -2 -4 -4  4 -3 -4 -3 -2 -2 -4 -3 -4    0  65   3   0   0   0   0   0   0   0   0  32   0   0   0   0   0   0   0   0  1.25 0.34
    7 K   -2  0 -2 -2 -5  0 -1 -3 -2 -4 -4  7 -3 -5 -3 -1 -2 -5 -4 -4    0   0   0   0   0   2   0   0   0   0   0  96   0   0   0   2   0   0   0   0  1.47 0.41
    8 S    1  0 -1 -2  5 -1  1  0 -2 -2 -2  0 -2 -3 -1  3  0 -3 -3 -1   15   7   2   0  16   0   9   6   0   0   4   3   0   0   1  32   2   0   0   2  0.31 0.15
    9 K   -2  3  0  1  0  0 -1 -3 -2 -4 -4  6 -3 -4 -2 -1 -2 -4 -3 -3    0  15   3   9   2   0   0   0   0   0   0  68   0   0   0   0   0   0   0   0  0.87 0.28
   10 I    0  0 -1  0 -1 -1  0  0 -2  2  0 -1  0 -1  0  1  0 -2 -2  1    9   6   1   5   0   1   6   6   0  18   5   2   1   1   4  12   6   0   0  16  0.05 0.05
   11 D    1 -1  0  1 -2 -1  0  0 -1 -2 -2  0 -1 -2 -1  2  2 -3 -2  0   15   2   3   7   0   1   5   5   0   1   2   7   0   1   1  24  18   0   0   6  0.19 0.09
   12 G    1 -1 -1 -1 -2 -1 -1  4 -2 -2 -2 -1 -2 -2 -1  1 -1 -2 -2 -1   16   2   1   2   1   1   3  44   1   2   3   2   1   1   2  12   2   0   1   5  0.40 0.10
   13 A    1 -1  0  0 -1  0  0  2 -1 -1 -1  0 -1 -1  1  0  0 -1 -1 -1   16   3   3   4   1   3   7  19   1   3   5   4   1   2   7   7   5   1   2   4  0.10 0.01
   14 G    0  0  0  0 -1  1  0  2  0 -1 -1  0 -1 -1  0  1  0 -1 -1 -1    9   3   3   4   1  12   4  17   1   3   6   4   2   3   4  12   4   1   2   5  0.07 0.01
   15 A    0  0  0  0 -1  0  2  0  0 -1 -1  0 -1 -1  2  0  0 -1 -1 -1   10   4   3   4   1   3  24   5   2   4   6   4   2   3  11   5   4   1   2   4  0.13 0.02
   16 G    1  0  1  0 -1  0  0  1  0  0  0  0  0 -1  0  0  0 -1 -1  0   15   4   7   4   1   3   4  10   2   4   6   4   2   3   4   9   4   1   2  12  0.03 0.00
   17 A    1  0  0  0 -1  0  0  0 -1 -1 -1  0  0  0  1  0  0  4  0  0   14   4   3   4   1   3   5   5   2   4   7   4   2   3   7   9   4  10   2   8  0.10 0.01
   18 G    0  0  2  0 -1  0  0  1  0 -1 -1  0 -1 -1  0  0  0 -1 -1 -1   12   4  16   4   1   3   5  10   2   4   7   4   2   3   4   5   8   1   2   5  0.06 0.01
   19 G    0  0  0  0 -1  0  0  1 -1 -1 -1  0 -1 -1  3  0  0 -1 -1  0    9   4   3   4   1   3   5  10   2   4   7   4   2   3  17   9   4   1   2   8  0.13 0.01
   20 G    0  1  0  0 -1  0  0  0  0  0  0  0  0 -1  0  0  0 -1 -1  0    9  13   3   4   1   3   8  10   2   8   7   4   2   3   4   5   8   1   2   5  0.03 0.00
   21 G    0  0  0  0 -1  0  0  0 -1  0 -1  0  0 -1  3  0  0 -1 -1  0    6   4   3   4   1   3   5  10   2   4   7   4   2   3  17   5   8   1   2  11  0.12 0.01
   22 G    0  0  1  1 -1  0  0  1  0 -1 -1  0  0 -1  0  0  1 -1 -1 -1    6   4   7  13   1   3   5  10   2   4   7   4   5   3   4   5  11   1   2   5  0.05 0.01
   23 G    0  0  0  0 -1  2  1  0  0 -1 -1  0  0  0  1  0  0 -1  0 -1    5   4   3   4   1  15   8  10   2   4   6   4   2   5   7   9   4   1   2   5  0.07 0.01
   24 G    0  0  0  0 -1  0  1  0  0 -1  0  0  0 -1  1  0  0 -1 -1  0    5   6   3   4   1   3  14  10   2   4   9   4   2   3   8   9   4   1   2   8  0.05 0.01
   25 G    0  0  1  0 -1  0  0  2  0 -1 -1  0 -1 -1  2  0  0 -1 -1 -1    8   3  12   4   1   3   4  19   1   3   6   4   1   3  11   5   4   1   2   4  0.12 0.01
   26 G    1  0  0  0 -1  0  0  1 -1 -1 -1  0 -1 -1  0  1  1 -1 -1 -1   14   3   3   4   1   3   4  14   1   3   6   4   1   3   3  17   8   1   2   4  0.08 0.01
   27 G    1  0  0  0 -1  1  0  2 -1 -1 -1  0  0 -1  2  0  0 -1 -1 -1   12   3   3   3   1  12   6  17   1   3   5   3   3   2  10   4   6   1   2   4  0.12 0.02
   28 E    0  0  0  0 -1  0  1  1 -1  0 -1  1 -1 -1  0  0  0 -1 -1  0    5   4   3   3   1   3  12  12   1  11   5  15   1   2   3   8   4   1   2   4  0.05 0.01
   29 S    0  0  0  0  0  0  2  0 -1 -1 -1  0 -1 -1  1  1  0 -1 -1 -1    7   4   4   4   2   2  19   7   1   3   5   3   1   2   6  14   7   1   2   6  0.10 0.02
   30 S    0 -1  0  2 -2  0  3 -1  1 -2 -2  0 -1 -2 -1  1  1 -2 -1 -1    7   2   1  12   1   1  34   5   4   2   3   2   1   1   2   9   9   0   1   3  0.25 0.08
   31 I   -1 -2  0 -2 -1 -2 -2 -1 -2  2  0 -2  0 -1  1 -1 -1 -2 -1  3    2   1   5   2   1   1   2   4   1  12   7   2   1   1   7   2   2   0   1  46  0.23 0.10
   32 A    4 -1 -1 -1 -1 -1 -1  0  0  0 -1 -1 -1 -2  0  1  0 -2 -2  0   53   1   1   1   1   1   2   4   2   5   2   2   1   1   4   9   5   0   1   3  0.31 0.12
   33 L    1 -2 -2 -2 -1 -1 -2 -1 -2  1  1 -2  0 -1  0 -1  0 -2 -1  3   14   1   1   1   0   1   2   4   1   3  15   1   1   1   5   2   6   0   1  39  0.17 0.08
   34 M   -1 -2 -2 -3 -2 -1 -2 -3 -2  0  0 -1  7 -1 -1 -2 -1 -2 -2  2    2   1   1   1   0   1   1   2   0   3   3   3  53   1   3   1   3   0   1  19  0.67 0.24
   35 D   -2 -2  0  4 -4  0  5 -3 -2 -2 -3 -1 -3 -4 -1 -1 -2 -4 -3 -3    1   0   2  24   0   0  60   1   0   4   1   0   0   0   2   2   0   0   0   0  0.89 0.27
   36 V    0 -3 -3 -3 -2 -3 -3 -3  0  1  2 -3  1 -2 -3 -1 -1 -3 -2  5    4   0   0   0   0   0   0   0   3   2  18   0   4   0   0   6   0   0   0  60  0.51 0.22
   37 V    0  0  0 -1 -1  0  0  0  2 -1 -1  0 -1  0  0  1  2 -1 -1  0    9   4   2   2   1   1   6   6  10   2   3   4   1   4   4  15  19   0   1   8  0.10 0.05
   38 S    0  0  0  2 -2  3  0 -1  1 -2 -2  0 -1 -2  0  2  0 -2 -1 -1    8   5   1  12   1  24   2   2   4   2   3   4   1   1   3  18   5   0   1   3  0.21 0.08
   39 P    0 -1 -1 -1 -1 -1 -1 -1 -2  0 -1  0 -1 -2  5 -1  0 -2 -2  2    6   2   2   2   1   2   2   3   1   3   3   5   1   1  35   4   5   0   1  20  0.48 0.10
   40 S    1 -1  0 -1  4 -1 -1 -1  0 -1 -1 -1  0 -1  2  1  1 -1 -1 -1   10   2   5   3  13   2   3   3   3   2   4   3   2   2  10  16  10   1   2   3  0.15 0.04
   41 S    1 -1  0  0 -1  0  1  0  1 -1 -1  0 -1 -2  2  1  1 -1 -1 -1   10   2   2   2   1   2  13   8   4   2   4   3   1   2  12  19  10   1   1   3  0.17 0.05
   42 S    1 -1  0  0 -1  1  1  1  0 -1 -1  0 -1 -2  0  2  0 -2 -1 -1   12   2   2   2   1   7  11  10   3   2   3   2   1   1   4  25   5   0   1   5  0.14 0.05
   43 S    2 -1  0 -1 -1  0 -1 -1 -1 -2 -2 -1 -1 -2  3  2  1 -2 -2 -1   28   2   3   3   1   3   2   2   1   2   3   2   1   1  16  19   9   0   1   2  0.30 0.10
   44 S    1 -1 -1 -1 -1  1  0 -1  0 -1  0 -1 -1 -2  2  2  2 -2 -1 -1   11   1   1   1   0   8   4   2   2   1  12   1   1   1  11  24  15   0   2   1  0.19 0.09
   45 L   -2 -3 -3 -3  0 -2 -3 -4  0  1  3 -3  3  0 -2 -2 -1 -3 -2  3    1   0   0   0   2   0   1   1   3   2  47   0  10   2   2   2   0   0   0  27  0.45 0.18
   46 G   -2 -1 -2 -3 -4 -3 -3  6 -4 -5 -5 -3 -4 -5 -4 -2  0 -4 -4 -4    0   4   0   0   0   0   0  87   0   0   0   0   0   0   0   0   8   0   0   0  1.53 0.39
   47 V   -2 -4 -4 -5 -3 -4 -4 -5 -5  1 -1 -4 -1 -1 -4 -3 -1 -4 -3  6    0   0   0   0   0   0   0   0   0   0   0   0   0   2   0   0   3   0   0  94  1.32 0.42
   48 L   -3  7 -2  1 -3 -1 -2 -4 -2 -3 -1  1 -3 -4 -4 -2 -3 -4 -3 -4    0  78   0   8   1   0   0   0   0   1   7   5   0   0   0   0   0   0   0   0  1.29 0.39
   49 T   -1 -3 -2 -3 -3 -3 -3 -3 -4 -3 -3 -3 -3 -4 -3  1  7 -4 -4 -2    3   0   0   0   0   0   0   0   0   0   0   0   0   0   0   8  89   0   0   0  1.45 0.47
   50 R   -2  7 -2 -3 -4 -1 -2 -3 -2 -4 -4  0 -3 -4 -3  0 -2 -4 -3 -4    3  85   0   0   0   0   0   0   0   0   0   0   0   0   0   9   0   0   0   0  1.49 0.41
   51 A    4 -2 -2 -2 -2 -2 -2 -1 -3 -3 -3 -2 -2 -3 -2  4  0 -4 -3 -2   54   0   0   0   0   0   0   0   0   0   0   0   0   0   0  41   1   0   0   0  0.83 0.32
   52 K   -2  5 -1 -2 -3  2 -1 -2 -1 -3 -3  4 -2 -3 -2 -1 -1 -3 -2 -3    1  39   1   1   0   7   1   1   0   1   2  36   0   1   1   1   2   0   1   1  0.70 0.21
   53 S    2 -2  0 -1 -1 -1 -1 -1 -2 -2 -2 -1 -2 -2 -1  3  4 -2 -2 -1   19   1   3   1   0   1   1   2   0   1   2   1   0   1   1  24  38   0   1   1  0.43 0.17
   54 L    1 -2 -2 -2 -2 -2 -2 -2 -1  0  4 -2  0 -1 -2 -2 -1 -2 -1  0   16   1   1   1   0   1   2   2   2   1  62   1   1   1   1   2   1   0   1   2  0.41 0.16
   55 A    5 -2 -2 -2 -1 -1 -1 -1 -2 -2 -2 -1 -2 -2 -1  0 -1 -2 -2 -1   78   1   1   1   0   1   2   2   1   1   2   1   1   1   1   2   1   0   1   2  0.75 0.24
   56 L   -1 -2 -2 -2 -1 -1 -2 -2 -2  0  3 -2  3  0 -2 -1 -1 -1 -1  1    4   2   1   2   1   1   2   2   1   2  47   2  11   3   2   4   2   0   1  10  0.26 0.10
   57 Q   -1  0 -1  0 -2  5  2 -1  0 -2 -2  1 -1 -2 -1 -1 -1 -2 -1 -2    4   3   2   4   1  44  13   3   2   2   3   6   1   1   2   2   2   0   2   2  0.45 0.14
   58 Q    1  3  0 -1 -2  2  1 -1 -1 -2 -1  2 -1 -2 -1  0 -1 -2 -1 -1   14  28   4   2   1  10  10   3   1   2   4  11   1   1   2   2   2   0   1   2  0.24 0.08
   59 Q    0  0  0 -1 -1  2  0 -1 -1  0  1  0  0 -1 -1  1  0 -1 -1  0    6   4   3   2   1  15   2   3   1   2  24   4   1   1   2  12   7   0   1   9  0.07 0.05
   60 Q    0  2  0 -1 -2  3  0  0  1 -2 -1  0  0 -2 -1  1  0 -1 -1 -1    4  14   4   2   1  28   3   6   5   2   4   2   3   2   2  10   3   1   1   3  0.21 0.08
   61 Q    1  1  0 -1 -1  2  0  0 -1 -1 -1  2 -1 -2 -1  1  0 -1 -1 -1   12   8   3   2   1  11   3   6   1   2   4  22   1   2   2  11   3   1   1   3  0.14 0.05
   62 R    2  0  0 -1 -1  1  0  0 -1 -1 -1  0  0 -1 -1  1  0 -1 -1  0   23   6   2   2   1   6   3   6   1   2   6   4   3   2   2  17   6   1   1   6  0.09 0.04
   63 C    1  0  0  0  1  0  1 -1 -1 -1 -1  0  1 -1  1  1  0 -1 -1  0   11   6   2   5   4   4  10   3   1   2   4   5   9   2   6  13   4   1   1   7  0.06 0.03
   64 L    1  0  0 -1 -1  0 -1 -1  0  0  0  0  0 -1  2  0  0 -1 -1  1   14   6   3   2   1   4   3   3   2   2  13   3   1   2  13   6   6   1   1  13  0.09 0.03
   65 L    0  1  0 -1 -1  0  0  1  0  0  0  0  0 -1  0  1  0 -1 -1  1    4   9   2   3   1   3   3  10   2   2   8   7   1   2   5  14   3   1   2  18  0.04 0.02
   66 Q    1 -1  0 -1 -1  0  0  0 -1  0  0  0  0 -1  1  1  0 -1 -1  1   13   2   4   3   1   6   4   7   1   2   6   3   1   2   6  16   4   1   2  16  0.06 0.03
   67 K    0  0  0  0 -1  0  1  0 -1 -1 -1  2 -1 -1  1  1  0 -1 -1 -1   10   2   2   2   1   2  11   8   1   2   8  19   1   2   6  10   7   1   1   5  0.09 0.04
   68 P    0  1 -1  0 -1  0  1  0 -1 -1 -1  0 -1 -2  2  0  1 -2 -1  0    9  12   2   4   1   4  10   6   1   2   4   2   1   2  13   8  13   1   1   7  0.15 0.05
   69 S    1  1 -1 -1 -1  0  1 -1 -1 -2 -2  2 -1 -2  2  1  1 -2 -1 -1   13   9   2   2   1   1  10   4   1   2   3  15   1   1   9   8  14   0   1   2  0.16 0.06
   70 S    1  0  0 -1 -1  0  1  0 -1 -1 -1  1 -1 -2  1  1  0 -2 -1 -1   16   4   4   2   1   4  10   7   1   2   3  15   1   1   7  13   4   0   1   5  0.13 0.05
   71 P    0  1 -1  1 -1  0  0  1 -1  0 -1  0 -1 -1  1  0  0 -2 -1  0    8  14   2   8   1   4   6  10   1   9   4   2   1   1   7   9   3   0   1   8  0.07 0.03
   72 S    1  0 -1 -1 -1  0  1  0 -1 -1 -1  0 -1 -2  2  1  0 -2 -1  0   15   6   2   2   1   3  10   4   1   2   3   6   1   1  12  16   3   0   1  12  0.14 0.05
   73 S    1  0  1 -1 -1  0  1 -1 -1 -1  0  0  0 -1  0  0  0 -2 -1  0   18   4  10   2   1   3   9   3   1   2  13   4   1   1   5   8   3   0   1   9  0.06 0.04
   74 L    1  0 -1 -1 -1  1  1 -1  0 -1  0  1 -1 -1  0  1  0 -2 -1  0   19   6   2   2   1   6   9   3   2   2  11   7   1   1   3  15   3   0   1   6  0.08 0.04
   75 P    0  0 -1 -1 -1  1  1 -1 -1 -1  0  1  1 -1  1  0  1 -2 -1  0    9   4   2   2   1   5   9   3   1   2  10  10   6   1   8   8  10   0   1   5  0.08 0.04
   76 P    1  1  1  0 -1  0  0 -1 -1 -1  0  0 -1 -2  2  0  0 -2 -1  0   15  10   9   6   1   3   6   3   1   2  10   4   1   1  12   6   3   0   1   6  0.11 0.04
   77 T    2  0 -1  0 -1  2  0 -1 -1 -1 -1  0 -1 -2  2  0  0 -2 -1  0   22   4   1   5   1  15   5   2   1   2   3   4   1   1  12   6   5   0   1   8  0.18 0.08
   78 S    1  0 -1  0 -2  1  3 -1 -1 -2 -1  1 -1 -2  1  1  0 -2 -1 -1   13   5   1   2   1   6  25   2   1   2   5   7   1   1   8  10   6   0   1   2  0.20 0.08
   79 A    2  1 -1 -1 -1  1  1 -1 -1 -1 -1  0 -1 -2  2  0  1 -2 -1 -1   23   9   2   2   1   6   9   3   1   2   8   2   1   1  13   6   9   0   1   2  0.17 0.07
   80 S    0  1  0  1 -2  1  0  0 -1 -2 -1  1 -1 -2  1  1  0 -2 -1 -1    6  10   3   7   1   6   2   9   1   2   7   9   1   1   8  16   7   0   1   2  0.13 0.05
   81 P    0  1  0 -1  1  0 -1  0 -1 -1  0  0 -1 -1  1  1  1 -2 -1 -1    7  11   3   2   4   5   2   6   1   2  13   7   1   1   6  13  11   0   1   4  0.07 0.04
   82 N    0  2  0 -1 -1  1  0  0 -1 -2 -1  0 -1 -2  1  1  1 -2 -1 -1    8  14   5   2   1   8   5   6   1   2   5   5   1   1   6  17  12   0   1   2  0.13 0.06
   83 P    0  0  0  1 -2  1  0  0 -1 -2 -1  2 -1 -2  2  0  0 -2 -1 -1   10   2   5   7   1   8   5   8   1   2   6  18   1   1  10   5   6   0   1   2  0.14 0.05
   84 P    1  0  0 -1 -1  0 -1 -1 -1 -1 -1  0 -1 -2  3  1  2 -2 -1  0   13   7   4   2   1   4   2   3   1   2   5   6   1   1  14   8  18   0   1   8  0.17 0.06
   85 S    0  1 -1 -1 -1  0 -1  0 -1 -1 -1 -1 -1 -2  3  1  0 -2 -1  0    9   8   2   2   1   3   2   7   1   2   8   2   1   1  19  16   5   0   1  10  0.19 0.06
   86 K    0  2  0 -1 -2  1  1  0 -1 -2 -1  2 -1 -2  0  1  0 -2 -1 -1    8  14   4   2   1   5   7   6   1   2   6  19   1   1   5  12   2   0   1   2  0.14 0.05
   87 Q    0  2  0 -1 -2  1  0  0 -1 -1 -1  0 -1 -1  2  0  1 -1  0 -1    7  14   5   2   1   6   7   8   1   2   6   5   1   1   9   8  10   0   5   2  0.11 0.04
   88 K    0  2  0  0  0  0  0  1 -1 -1 -2  0 -1 -2  1  2  0 -2 -1 -1    5  16   4   3   3   4   3  10   1   2   3   4   1   1   6  21   5   0   1   6  0.13 0.06
   89 M    1  1  1 -1 -2  0  0  0 -1 -2 -2  1  0 -1  2  1  0 -2 -1 -1   11   7   7   1   1   1   3   7   1   1   2  13   3   3  12  16   5   0   1   3  0.16 0.06
   90 K    1 -1  0 -1 -1  0  0  1  0  0 -1  0 -1 -2  1  1  0 -2 -2  0   12   1   6   1   0   4   3  12   2   7   7   6   0   1   5  19   1   0   1  11  0.08 0.06
   91 K    1  0  0  0 -2  2  0  0  0 -2 -2  1 -1 -2  0  2  0 -2 -2  0   13   3   4   6   0  12   3   8   2   1   3  10   0   1   4  21   1   0   1   7  0.14 0.08
   92 K    1  0  0 -1 -2  0  0  2  0 -2 -2  1 -2 -3  2  1  0 -3 -2 -1   14   3   4   2   0   3   3  17   3   1   1  12   0   0  12  15   4   0   0   6  0.22 0.10
   93 Q    0 -2 -1  0 -2  2 -1  3  1 -1 -1 -1 -1 -3  1  0  0 -3 -2  0    4   1   0   4   0  14   2  28   6   4   6   2   0   0   8   8   3   0   0   9  0.22 0.12
   94 Q    1  0  0  1 -2  1  2  1 -1 -2 -2  1 -2 -3  1  0  0 -1 -2 -1   11   6   5   7   0   7  14  15   0   1   4   9   0   0   5   7   3   1   0   4  0.16 0.07
   95 Q    0  0  0  0 -2  0  2  1  0 -1  0  0 -1 -2  2  0  0 -2 -2 -1   10   6   5   4   0   4  18  10   2   1  13   2   0   1  10   3   3   0   0   5  0.12 0.05
   96 M    1  1  0  1 -2  0  1  1  0 -2 -1  0  0 -2  1  1 -1 -2 -2 -1   21  10   3  11   0   1  12  10   3   1   8   1   3   1   5  10   1   0   0   1  0.13 0.06
   97 N    1 -1  0  1 -2  0  0  1  0 -1 -2  1 -1 -2  1  1  1 -3 -2 -1   12   1   5  12   0   3   1  14   3   2   1  10   0   1   7   7  15   0   0   6  0.15 0.06
   98 D    0 -2 -1  2 -1 -1  0  1  1 -1 -1 -1 -1  0  0  2  0 -2 -1  0    7   1   1  16   1   1   7  10   4   1   6   1   0   7   3  21   4   0   0  10  0.10 0.07
   99 C    1 -2  0  0  1  0 -1  2 -2 -3 -3 -1 -2 -3  2  2  1 -3 -2 -2   16   1   3   4   3   5   1  18   0   1   1   1   0   0  10  29   7   0   0   1  0.31 0.11
  100 G    0 -2 -1  1  0 -1 -1  3 -2 -2 -2 -1 -2  0 -2  3  0 -2 -2 -2    7   1   1   7   2   1   1  25   0   1   5   1   0   6   1  39   2   0   0   1  0.33 0.13
  101 S    0 -2  0  1  6 -1  1 -1 -2 -2 -2 -1 -2 -3 -2  3  0 -3 -1 -2    3   1   3   8  23   2  10   3   0   1   1   1   0   1   1  34   5   0   2   1  0.42 0.15
  102 Y   -3 -3  1 -3  1 -2 -3 -3  0 -2 -2 -3 -2  2 -3 -2 -2  0  8 -2    1   1   8   1   3   1   1   1   0   1   1   1   0   3   1   1   1   0  75   1  1.37 0.31
  103 L   -1 -2 -2 -2 -1 -1  0 -3 -2  2  3 -2  2  0 -2 -2 -1 -2 -1  1    1   1   1   1   0   1  10   1   0  13  48   1   5   1   1   1   1   0   1  11  0.22 0.05
  104 Q   -1  0 -1 -1 -3  5  3 -2  3 -3 -3  1 -2 -3 -2 -1 -1 -2 -2 -3    1   3   1   1   0  47  26   1   8   1   1   4   0   1   1   1   1   0   1   1  0.68 0.17
  105 L   -2 -3 -3 -3 -2 -2 -3 -3 -3  1  5 -3  1 -1 -3 -3 -2 -2 -2  1    1   1   1   1   0   1   1   1   0   1  80   1   0   0   1   1   1   0   0   9  0.67 0.18
  106 R   -2  7 -1 -2 -4  0 -1 -3 -1 -3 -3  2 -2 -3 -2 -2 -2 -3 -2 -3    1  82   1   1   0   1   1   1   0   1   1   7   0   0   1   1   1   0   0   1  1.16 0.24
  107 S    1  0  2  0 -2 -1 -1  0 -1 -3 -3 -1 -2 -3 -1  4  1 -3 -2 -2    9   3  15   5   0   1   1   3   0   1   1   1   0   0   1  53   5   0   0   1  0.43 0.14
  108 R   -3  7  2 -2 -4 -1 -2 -3 -2 -4 -3  0 -3 -4 -3 -2 -2 -4 -3 -4    1  78  13   1   0   0   1   1   0   0   1   1   0   0   0   1   1   0   0   1  1.41 0.38
  109 R    0  6 -2 -3  3 -1 -2 -3  1 -3 -3  2  2 -3 -3 -2 -2 -3 -3 -3   10  54   0   0   9   0   0   1   4   0   1  10   7   0   0   1   0   0   0   1  0.81 0.34
  110 L   -2  0 -3 -3  3 -2 -3 -1 -3  2  3  0  2 -1 -3 -1 -2 -3 -2  0    1   5   0   0   9   0   1   5   0  12  46   7   7   0   0   5   1   0   0   1  0.33 0.20
  111 Q   -2 -1  1  0 -3  1  3 -3  0 -1  1  0  0  1 -2 -1  0 -2  2  0    1   2   7   3   0   5  26   1   2   0  15   4   2   9   0   1   7   0   9   6  0.17 0.14
  112 K    0  1  0 -2 -2 -1  1 -2 -1 -1  0  2  2  0 -2  0 -1 -2  1  0    8   5   5   0   0   0   8   1   0   0   9  23  10   5   0   9   0   0   6  11  0.12 0.15
  113 K    0 -1  0 -1 -2  0  0 -2 -2  1  0  0  2 -2  2  0  0 -2 -2  1    9   1   5   1   0   5   9   1   0   8  12   5   8   0  11   9   7   0   0   9  0.11 0.09
  114 P    0 -1 -3 -3 -3 -1 -1 -3  0 -3 -3 -2 -3 -3  6  1 -1 -4 -3  0    7   3   1   1   0   3   3   1   3   1   2   1   0   1  50  10   4   0   1   8  1.05 0.45
  115 P   -2 -3 -3 -1 -3 -1  0 -3 -3  0 -1 -2 -1 -1  6  0 -2 -3 -3 -2    3   1   1   4   0   3   6   1   0   6   6   1   2   2  50   8   2   0   1   3  1.00 0.44
  116 I    0  0 -2 -2  0  0  0 -2 -1  1  1 -1 -1 -2  3 -1  0 -3 -2  0   11   4   1   1   2   4   8   1   1  11  20   3   0   1  14   4   8   0   1   8  0.16 0.14
  117 V    0 -2  0 -1 -2 -1 -1 -1 -1  1  1 -1  1  0  2  0  0 -2 -1  1    8   1   6   2   0   2   3   4   2   7  12   4   4   4   9   8   7   0   1  15  0.07 0.08
  118 V    2 -1  0 -1 -2  0  0 -1 -2 -2  0 -2 -2 -1  4  0 -1 -3 -1  1   18   2   6   2   0   5   6   4   0   1   8   1   0   2  20   8   3   0   2  11  0.25 0.20
  119 I    1  0 -1  0 -2  1  0 -1  1 -1 -1  0  0 -1  3  1 -1 -3 -2  0   12   4   1   5   0   6   6   4   4   3   5   6   2   3  16  11   3   0   1   9  0.15 0.13
  120 R    1  2  1 -1 -2 -1  1 -1  3 -1 -2  0  0 -1  1  0  0 -3 -2  0   11  13   6   2   0   1  12   3  10   2   3   5   3   2   7   8   4   0   1   6  0.15 0.15
  121 S    0  0  1  0 -2  0  0  0 -2 -1 -1  0  0 -2  1  2  0 -3 -2  0    8   6   6   4   0   4   7   5   0   3   7   7   2   1   9  20   3   0   1   7  0.12 0.11
  122 T    0  2 -1 -1 -2  0  0 -1 -2 -1 -1  1 -2 -1  2  1  1 -3 -2  0    9  15   1   3   0   4   7   5   0   2   4  10   0   2   9  13   9   0   1   6  0.15 0.14
  123 K   -1  3 -2 -2 -3  1  0 -1  0 -3 -1  3 -2 -3  2  0 -1 -3 -3 -1    5  20   1   1   0   6   3   4   2   1   6  22   0   1  10   9   3   0   1   5  0.33 0.25
  124 R    0  4  0 -1 -3  1 -1 -1  2 -3 -2  1 -2 -3  1  1 -1 -3 -2 -1    9  30   5   2   0   5   3   3   6   1   4   6   0   1   8   9   3   0   0   4  0.34 0.26
  125 R   -1  3  0 -1  1  3 -1  0  0 -3 -2  2 -2 -3  2  0 -1 -3 -3 -1    5  16   3   2   3  14   2   8   2   1   2  15   0   0  11   8   2   0   0   5  0.31 0.24
  126 K    1  1  0  0  1  2  0 -2  1 -2 -1  2 -1 -3  1  0  0 -3 -2 -1   13   7   4   5   4  11   3   2   5   2   7  14   2   0   6   6   7   0   0   3  0.14 0.15
  127 Q    0  0  1 -1  0  1  0  1  3 -1 -2  1 -2 -3  2  0 -1 -3 -1 -1    8   5   9   2   2   5   5   9   8   5   2  10   0   1  13   7   3   0   2   4  0.16 0.14
  128 Q    0 -1  0  1 -2  2  2  0  2 -2  0  0 -1 -1  1  0  0 -2 -1 -1   10   3   4   8   0  10  14   7   6   1   9   3   0   3   7   5   4   0   2   5  0.11 0.12
  129 R    1  2 -1  0  1  0  0  0  0 -1 -1  1  0 -2  1  0  0 -3 -2 -1   12  13   1   6   4   4   6   7   2   4   5   9   3   1   7   8   4   0   1   5  0.09 0.09
  130 R    1  1  0  0 -2  1  0 -1  0 -1 -1  0  0 -1  0  0  1 -2  0  0   12   7   4   6   0   5   6   4   2   1   7   6   2   3   5   8   9   0   3   8  0.05 0.06
  131 N    0  0  2  0 -2 -1 -1  1  1  0 -1  0 -1 -1  0  1  1 -3 -2  0    7   4  11   5   0   2   2   9   3   6   4   5   0   2   5  13  12   0   1   9  0.09 0.11
  132 E    1  1  0  0 -2  1  1 -1  1 -2  0  0  0 -1  1  1  0 -3 -2 -1   11   7   5   4   0   6  11   2   3   1  10   6   2   3   6  14   6   0   0   3  0.10 0.11
  133 T    1  0 -1  0  2 -1  0  1 -1 -1 -2  0  0 -2  1  1  0 -3 -2  0   10   5   2   4   5   2   8  10   1   4   1   6   2   2   8  15   6   0   1   8  0.10 0.11
  134 C    1  0  1  0  2  0  1  0 -2 -1 -1 -1 -1 -1  2  0 -1  0 -2 -1   14   7   8   5   7   4   8   6   0   3   7   2   1   2  10   9   1   1   1   6  0.11 0.12
  135 G    1  0  1  0  1  0  0  1 -1 -1 -1  0 -1 -1  1  0  1 -2 -1 -1   14   4   8   6   3   4   4  10   0   4   7   5   0   2   7   5   9   0   2   4  0.07 0.08
  136 R    2  1  0 -1  1  1  1 -1  0 -1 -1  0 -2 -2  0  1  0 -3 -2  0   18  10   5   2   3   7   8   3   3   3   5   3   0   2   4  15   5   0   0   5  0.13 0.15
  137 N    1  0  1  0  2  0  0  0 -1 -2 -1  0  0 -1  1  0  0 -3 -2  0   14   6   9   6   6   3   5   6   1   1   6   5   2   2   7   8   6   0   0   7  0.08 0.09
  138 P    1  0 -2 -1  0 -1  0  0  0 -2 -1  0 -2 -3  3  2 -1 -3 -2 -1   16   4   0   3   2   3   6   5   2   2   6   6   0   0  18  18   2   0   1   4  0.27 0.23
  139 N    0  1  3 -1  1  1 -1  0  1 -3 -1 -1 -2 -3  0  2  1 -3 -1 -3    8   8  15   2   3   5   2   8   4   0   6   2   0   0   4  23   7   0   2   1  0.25 0.25
  140 P    1  1 -3 -3  1 -1 -1 -2 -1 -2 -1  0 -3 -4  5  2 -1 -4 -4 -1   11   8   0   0   3   1   3   2   1   2   6   4   0   0  29  22   2   0   0   5  0.55 0.39
  141 R    1  4  2 -1 -3 -1  0  0 -2 -2 -2  2 -3 -2  0  2 -2 -4 -1 -2   12  23   9   2   0   1   5   6   0   2   3  12   0   2   5  15   0   0   2   2  0.31 0.28
  142 S    1  0 -1 -1  1  0  0  0 -1 -1  0  0  0 -1  0  2  0 -3 -2  0   14   5   2   1   4   4   8   7   1   3   8   5   2   2   5  19   3   0   0   8  0.09 0.13
  143 N    0  1  1  0  0  0  0 -1  2 -3 -3 -1 -1 -4  2  3  0 -4 -3 -3    8  10   6   4   2   4   7   5   6   0   2   3   2   0  10  25   4   0   0   1  0.29 0.26
  144 L    1  0 -1 -1 -2 -2  0  0  0  0  0  0 -2 -2  1  2 -1 -3 -2  0   12   4   2   2   0   0   8   8   2   5  12   4   0   2   6  23   2   0   0   8  0.13 0.19
  145 D    0  0  0  1 -3 -1  1  1 -1 -1 -3 -1 -2 -3  2  2  0 -4 -3  1    9   4   4   7   0   2  10  12   1   3   1   3   0   0  11  18   4   0   0  11  0.21 0.21
  146 S    1 -1 -1  0  0  0  0 -1  1 -1 -1  0 -1 -1  0  3  0 -3 -2  0   12   3   2   6   3   3   5   2   3   3   5   5   1   3   4  28   5   0   0   6  0.15 0.20
  147 I    1  0 -1  0  1 -1  0 -1 -1  1  0  0 -1  0  1  1  0 -3 -1  1   11   4   0   6   3   0   6   4   2   9   9   4   0   4   7  13   7   0   1   9  0.05 0.10
  148 R    1  1 -1  0  0  0  0  0  0 -1 -1  1 -1 -1  1  1  0  0 -2  0   11   8   1   6   3   4   4   5   2   0   8   9   0   2   7  12   6   2   0   9  0.07 0.10
  149 G    1  0  0  1  1 -1  0  1 -1  0 -1  0 -2 -1  0  1 -1 -3 -2  0   14   5   3   9   4   0   4  15   2   6   5   4   0   3   5  11   2   0   0   7  0.09 0.11
  150 D    1  0  1  2  1  0  1  0 -2 -1 -1 -1 -1 -1  0  1 -1 -3 -2  0   12   5   6  13   3   2   8   8   0   4   8   3   2   2   5  11   2   0   0   5  0.08 0.10
  151 G    1  0 -1  0  1 -1 -1  2 -1 -1 -1 -1 -2 -2  0  1  0 -3 -2 -1   12   6   2   7   3   2   4  20   1   4   5   3   0   2   4  14   6   0   0   4  0.14 0.14
  152 S    0  0  0  0 -3  1  1  1 -2 -3 -1  0 -2 -2  0  2  0  1 -2 -2    8   4   5   5   0   5  10  12   0   0   9   5   0   2   5  20   6   2   0   2  0.15 0.18
  153 R    1  2  0  1  1  0  2 -1 -2 -2 -2  0 -1 -2 -1  1  0 -3 -3 -1   14  15   4   8   4   1  15   3   0   0   3   3   2   2   3  12   5   0   0   5  0.18 0.20
  154 S    1  0  0  0  2  0  1  0 -2 -2 -1  0 -2 -3  2  2  0 -3 -2 -1   10   5   3   4   7   2  11   6   0   0   8   7   0   0  11  16   4   0   1   3  0.17 0.18
  155 D    0  0 -1  2  2  0  1  0  2 -2 -2 -1 -2 -3 -1  2 -1 -4 -3  0    8   6   2  13   5   2  12   5   5   2   3   2   0   0   3  21   2   0   0   7  0.20 0.22
  156 S    1  0  0 -1  2  0  0 -1 -2 -2 -2 -1 -2 -1  0  3  1 -4 -3 -1   13   4   3   2   4   4   6   4   0   2   4   3   0   2   5  32   7   0   0   3  0.25 0.27
  157 V    0 -1 -1  0  2 -1  1  0 -1 -1 -1 -2  1 -2  1  0  1 -3 -1  1    9   3   2   6   5   1  10   5   1   2   5   0   5   1   8   7  10   0   2  15  0.09 0.14
  158 S    2  0  0  0  1  0  1  0 -1 -2 -2 -1 -1 -2  1  1  1 -4 -3 -1   20   5   4   6   3   2   9   6   1   0   4   3   2   1   8   9  12   0   0   5  0.15 0.16
  159 E   -1  1  0 -1 -4  0  3  0 -3 -3 -2 -1 -3 -4 -1  3 -1 -4 -4  1    3   9   4   2   0   3  24   7   0   0   4   2   0   0   2  24   3   0   0  12  0.35 0.33
  160 S    0  0 -2 -1 -1 -1  1 -1 -1 -1  0  1 -1 -3  0  3  1 -4 -3 -2    8   4   0   3   1   1  12   5   2   4  11   8   1   0   4  26   9   0   0   1  0.20 0.23
  161 V    1  0  0 -2  2  0  1 -1  1 -2 -1  0 -1 -1  0  1  0 -3 -1  0   15   7   5   0   6   3  10   4   5   0   5   4   1   2   5  12   5   0   2  10  0.10 0.14
  162 V    0  0 -1  0  3  1  0  0  0 -2 -1 -1 -2 -2  2  2  0 -3 -1  0    5   6   2   4   8   7   5   7   3   1   6   3   0   1  10  17   5   0   2   8  0.13 0.15
  163 F    0  1 -1  0  4 -1 -1 -1 -2 -1  0 -1  1  1  0  1  0 -3 -1  0    8   8   2   5  12   2   4   3   0   1   9   2   4   8   4  15   3   0   2   8  0.12 0.16
  164 G    0  0  0 -1  4  2  1  2 -2 -3 -3  0  0 -4  1  1 -2 -1 -3 -1    9   4   5   2  10  10  10  19   0   0   1   5   3   0   6   9   1   1   0   6  0.25 0.22
  165 K    0 -1  0  0  0  1  1  1  0 -1 -2  1 -2 -1 -1  1  0 -3 -2 -2    9   2   5   4   2   5  12  13   2   5   3  12   0   3   2  15   5   0   0   0  0.14 0.15
  166 D    1 -1  0  2 -3  1  2 -1 -1 -2 -2  0 -3 -2 -2  3  0 -4 -3 -2   12   3   3  14   0   6  14   3   1   1   3   4   0   1   0  24   6   0   0   2  0.29 0.25
  167 K    0  1  2  0  2  0  1 -1 -1 -1 -2  0 -2 -3  0  1  1 -3 -3 -1    9   8  15   3   6   3  13   3   1   5   3   3   0   0   4   9   9   0   0   4  0.16 0.16
  168 D    0 -1 -1  1  3  0  3  0  0 -1 -1  1 -2 -1 -1  0  0 -3 -2 -2    5   3   2   8   9   2  23   7   2   5   5   9   0   3   2   8   5   0   0   2  0.18 0.18
  169 L    0  1  1  0  1  0  1 -1 -1 -1  0  0 -1  0 -1  1  0 -2 -1  0    7   7   7   5   3   4  11   3   1   3   9   6   1   5   2  15   3   0   1   6  0.05 0.07
  170 I    0  0  1  0  2 -1  1  0  1  0  0  1 -1 -1  0  0  0 -3 -2  0    7   5   6   4   6   0   9   8   4   5   9   9   0   2   3   8   7   0   0   7  0.05 0.07
  171 S    0 -2  1  2 -1 -1  2  0 -1 -2 -1  0 -1  0 -2  2  0  0 -2 -1    9   0   9  10   1   0  16   5   1   0   7   6   1   5   0  17   6   1   0   3  0.17 0.18
  172 E    0  1  0  2  2  0  2 -1 -2 -2 -2 -1 -2  0  0  0  0 -3  0  0    7   9   3  17   6   3  14   5   0   2   2   2   0   5   3   7   4   0   4   7  0.15 0.15
  173 I    0  0  0  1  0 -1  0 -1  0  1  0 -1  0 -1 -1  0  0 -2 -1  1   10   5   6   7   2   0   7   4   2   7  11   3   2   2   2   8   2   0   1  15  0.03 0.06
  174 N   -1  0  2  2  0  0  2  0 -2 -1 -2  1 -2 -2  0  1 -1 -3 -3 -2    4   5  10  11   2   3  13   7   0   4   5  10   0   1   5  15   2   0   0   1  0.17 0.16
  175 K    1  0  0  2  1 -1  2 -2 -2 -1 -1  0 -1 -1  0  0  0 -3 -2  0   13   4   3  12   4   1  16   2   0   3   6   7   1   2   4   6   4   0   0  10  0.12 0.13
  176 D   -1 -1  1  2  0  0  5 -3  0 -2 -3 -1 -3 -2 -1  1 -1 -4 -3 -3    4   3   8  11   2   3  40   0   2   2   3   2   0   2   3   9   2   0   0   2  0.54 0.36
  177 P    2 -2 -2  0  2 -2  0  1 -3 -1 -1 -1  0 -3  1  1  0  1 -3  1   19   2   0   4   5   0   6   9   0   3   3   3   2   0   8  12   5   2   0  15  0.16 0.17
  178 T   -1  1 -1 -1  3 -2  0 -1 -3 -4 -2  0 -3 -1 -1  4 -1 -4 -1 -3    3   7   2   3   8   0   7   4   0   0   4   5   0   3   3  45   3   0   2   1  0.51 0.39
  179 F   -2 -2 -1 -3  4 -1  2 -1 -3 -1 -1 -3 -2  5 -1 -2 -3 -2  1  0    3   2   3   1  10   3  15   5   0   2   6   1   0  34   3   2   1   0   3   7  0.50 0.32
  180 G   -1  0 -1 -2 -3  0  1  5 -2 -3 -3  0 -3 -4 -1  1 -1 -3 -3 -2    2   4   2   0   0   4  11  48   0   0   1   5   0   0   2  12   3   0   0   4  0.58 0.29
  181 Q   -1  0  1  4 -3  0  3 -1 -2 -2 -2  0 -2 -3 -2  1  0 -4 -3 -1    4   3   5  28   0   2  23   2   0   3   3   4   0   0   0  13   4   0   0   3  0.39 0.23
  182 N   -2  0  5  0 -3  0  0 -2  3 -3 -2  1 -2 -3 -1  1 -1 -4 -2 -2    1   4  39   4   0   2   6   1   8   1   4  12   0   0   2  11   1   0   0   4  0.52 0.30
  183 F    0 -1 -1 -2  0 -1  0  0 -2  0  0  0  0  1 -2  0  1 -2  0  2    8   2   2   0   2   0   9   8   0   3   7   6   2   9   0   7   8   0   2  22  0.05 0.10
  184 F    0  0 -2 -2  1 -1  0 -3 -2  1  2  0  0  1 -1  0 -1  1 -1  1    7   4   0   0   3   0  10   1   0   5  30   6   0   8   3   9   0   2   0   9  0.12 0.15
  185 D   -2  0 -1  4 -3  0  2 -1 -2 -3 -3  0 -3 -3  0  0  0  1 -3  0    1   5   0  35   0   3  18   5   0   1   1   4   0   0   3   8   6   2   0   7  0.44 0.26
  186 L   -1  0 -2 -2 -2 -2 -1 -3  0  2  2 -2  0  2 -1  0  0  1  1  1    3   7   1   1   0   1   3   1   3  12  21   1   0  12   3   7   4   2   4  15  0.13 0.12
  187 E   -1 -2  0  1 -3  0  5 -1 -2 -3 -3  0  1  0 -2  0  0 -3 -2 -2    4   0   3   8   0   0  48   3   0   0   1   4   5   5   0   5   6   0   0   3  0.50 0.33
  188 E    1  1  0  1 -1  0  1 -1 -1 -1 -1  0 -1 -1  0  1  1 -2 -1  0   12   7   2   8   1   4  10   4   1   2   7   3   1   4   3  12   8   0   2  11  0.06 0.05
  189 E   -1  1  1  1 -2  0  2 -1  1 -1 -1  1 -1 -1 -1  2 -1 -2 -1 -1    2   7   8   9   1   1  18   4   3   3   5   7   1   3   3  18   2   0   2   5  0.15 0.10
  190 H    0 -1  1  1 -2  0  1  0  1 -1 -1  0  0  0 -1  2  0 -2  0 -1    6   1   5   7   1   3   9   6   4   3   5   5   4   4   2  22   5   0   5   3  0.10 0.08
  191 T    1 -1 -1  1  1 -1  0  0 -1 -1 -1 -1 -1  0 -1  1  1 -2  0  0   11   3   1   8   3   2   5   9   1   4   6   2   1   4   2  14  14   0   5   5  0.07 0.06
  192 Q   -1  0  0  1 -1  1  2 -1 -1 -1 -1 -1 -1 -2  1  1  1 -2  1 -1    2   4   3   8   2   7  18   4   1   3   5   2   1   1   6  16  11   0   5   3  0.17 0.12
  193 S    1 -2 -1  0  1 -1  1  2 -1 -1 -2 -2 -2 -2  1  1  0 -3 -2  0   14   2   2   6   4   1  11  18   1   5   2   0   0   2   7  12   5   0   1   9  0.16 0.13
  194 F   -1  2  0  0  1 -1  0  0  1 -1 -2 -1  2  1  0  1  0 -2 -1  0    3  14   4   6   4   1   5   7   4   2   1   1   7   8   4  13   5   0   0  10  0.08 0.12
  195 N   -2  0  2  2 -2  0  3  1  2 -3 -3  0 -3 -3 -2  1  0 -3 -2 -2    1   4  10  12   1   2  23  10   7   1   1   3   0   0   1  14   6   0   1   2  0.35 0.21
  196 R   -2  6 -1 -1 -1 -1 -1 -1 -2 -1 -3  0 -3 -3  0  1 -1  2 -2 -3    1  49   1   3   2   1   3   6   0   4   2   3   0   0   4  14   2   4   1   1  0.71 0.35
  197 T    0  0  1  1  1  0  2  0 -2 -1 -3 -1 -2 -1 -2  3  1 -3  0 -2    6   4   5   6   3   2  15   6   0   4   1   3   0   3   1  29   8   0   3   1  0.24 0.19
  198 T   -1  3 -2  1  1  0  0 -2 -2 -2 -1 -1 -2 -1 -2  0  4 -3 -3  0    5  18   1   9   3   3   4   3   0   1   5   1   0   3   1   7  31   0   0   6  0.33 0.23
  199 R    0  6 -1 -1 -4 -1 -2  0 -2 -4 -2  0 -3 -4 -1 -1 -3 -4 -3 -3    8  59   2   3   0   2   1   7   0   1   4   4   0   1   3   3   1   0   0   1  0.96 0.39
  200 E   -1 -1 -3 -2  1  0  7 -3 -3 -3 -3 -2 -4 -5 -2 -3 -2 -5 -4 -4    5   2   0   0   3   2  75   2   0   2   2   0   0   0   1   1   3   0   0   0  1.40 0.57
  201 S   -1 -2 -1 -3 -3 -3 -3 -1 -3 -3 -3 -1 -1 -4 -3  4  5 -4 -1 -3    3   2   1   0   0   0   1   4   0   0   1   2   2   0   0  31  48   0   2   1  0.93 0.45
  202 T   -2 -3  1 -3 -3 -1 -1 -2 -3 -1 -2 -2 -3 -4  0  1  6  1 -4 -1    2   0   5   0   0   2   4   2   0   3   3   1   0   0   4   9  59   2   0   3  0.88 0.45
  203 P   -3 -2 -4 -2 -5  1 -1 -4 -1 -4 -4 -2 -4 -5  7 -1  1 -5 -4 -2    1   1   0   1   0   7   3   1   2   0   1   1   0   0  65   3   9   0   0   3  1.64 0.57
  204 C   -1 -2 -3 -4  8  1 -3 -3  0 -3 -3 -3 -3 -1 -4  3  1 -4  1 -1    4   2   0   0  36   7   0   1   2   0   1   0   0   2   0  25   8   0   5   5  1.01 0.43
  205 S   -2 -3  3 -1  0  1 -1 -3  2 -5 -5 -1 -4 -5 -3  5  0 -5 -4 -4    0   0  13   2   2   7   2   0   5   0   0   2   0   0   0  61   3   0   0   0  1.04 0.51
  206 L   -2 -2 -1 -2  2  0  0 -3  1 -1  3 -2  2  1 -1 -2 -2  3  0  0    1   1   4   2   5   6   9   1   4   1  37   1   6   7   3   3   1   4   2   5  0.26 0.18
  207 I    0 -2 -3 -1  3 -3 -3 -2 -1  4  1 -3  0  0  0 -1 -1 -3 -1  1    7   2   1   3   6   1   1   3   2  41  11   1   1   3   5   4   2   0   1   6  0.36 0.20
  208 R   -2  6  0 -3 -4 -1  1  0 -1 -4 -2  1  0 -3 -3 -2 -3 -3  1 -3    3  49   5   1   0   0   9   7   1   1   4   7   2   0   1   2   1   0   6   1  0.76 0.35
  209 R   -1  3  2  4 -4  0  2 -1  0 -3 -2  0 -3 -4 -3  0 -2 -4 -3 -3    4  22   9  26   0   2  12   5   2   1   3   3   0   0   1   7   1   0   0   2  0.47 0.24
  210 P   -1 -1 -1  1 -3 -1  1 -1 -2 -2 -2  1 -2 -1  3  3  0 -3 -3 -2    2   3   2   8   0   2   7   4   0   2   3   7   1   3  18  32   4   0   0   2  0.39 0.23
  211 E   -1  0  0  3 -3  0  3 -1 -2 -2 -2  0  0  0 -1  1 -1 -3 -2 -2    2   6   4  17   0   2  25   5   0   1   4   4   3   5   3  11   3   0   0   2  0.28 0.17
  212 I   -1  1  1  0 -2  1  1 -2 -1  0 -1 -1  2 -1 -1  1  2 -3 -2 -1    4   8   7   6   0   6   9   1   1   7   3   2   7   3   2  11  18   0   0   4  0.14 0.13
  213 M    0 -1 -1 -2 -1  0  0 -3  0  3  1  0  3 -2 -1 -1  1 -2 -1  0    6   3   2   1   1   3   7   1   3  25  10   6  10   1   3   3  10   0   2   3  0.14 0.13
  214 T   -1  3 -1  0  0 -1  1 -1  0 -2 -3 -1 -1 -3  0  3  1 -3 -3 -2    3  20   2   6   2   1   9   4   2   2   1   1   1   0   4  30   7   0   0   3  0.32 0.22
  215 T    1 -2 -1  1 -3 -2  1 -2 -3 -3 -1 -2 -1 -3  0  2  4 -3 -3 -2   12   1   1   7   0   1  10   2   0   1   5   1   2   0   4  15  37   0   0   1  0.46 0.28
  216 P    0 -2 -1 -2 -4 -2  1 -3  0 -3 -1 -1 -1 -4  6  0 -2 -4 -4 -3    8   2   2   2   0   0  11   1   3   1   7   2   2   0  47   8   2   0   0   1  0.96 0.37
  217 G    0  0 -2 -3  1 -2 -1  5 -1 -4 -2 -2 -1 -4 -3  2 -2 -4 -3 -3    5   6   1   1   3   0   4  51   2   1   5   1   2   0   1  16   2   0   0   1  0.74 0.32
  218 S    0  0 -1  1 -3 -2  1 -2 -3 -4 -3 -2  0 -4  0  5 -1 -4 -3 -3    7   6   2   7   0   0   9   2   0   1   3   1   3   0   4  52   1   0   0   1  0.66 0.36
  219 S    0  0  0 -1 -3 -2  0 -2 -2  0 -1 -1 -2 -3 -2  2  4 -3 -3 -1    6   5   4   3   0   1   7   2   0   5   6   3   0   0   1  19  35   0   0   3  0.40 0.25
  220 T   -1  0 -1 -3 -3 -1 -1 -3 -3 -3 -1 -2  0  0 -1  2  5 -4 -3 -2    4   6   3   1   0   2   3   1   0   1   6   1   2   4   2  14  48   0   0   2  0.63 0.34
  221 K   -1  4 -2  0 -3 -1  0 -1  0 -3 -3  3 -1 -2 -1 -1  0 -3 -2 -2    6  34   1   6   0   1   6   5   2   1   1  17   2   2   2   4   6   0   1   3  0.44 0.23
  222 L    1  2 -1 -2 -1  0  1  0 -1 -2  0  0  0 -2  1  1  0 -3 -1 -1   13  15   2   1   2   3   8   5   1   1   9   4   3   1   6  16   4   0   2   4  0.12 0.11
  223 N   -1  1  1  0 -2  0  2 -2 -1 -3 -3  0  1  0  2  1  1 -3 -2 -1    3  10   9   6   1   2  13   1   1   0   1   5   5   5  10  13  11   0   0   3  0.21 0.16
  224 I    0  2  1 -1 -3 -1  1 -2  1  0 -2  0 -1  0 -2  2  1 -3 -2 -2    7  14   7   1   0   1  10   1   3   6   1   3   1   5   1  24  11   0   1   2  0.23 0.19
  225 C    0 -1  0  1  2 -1 -1 -2 -2 -2 -2 -1  2 -2  1  3  2 -4 -3 -1    6   3   4   7   4   2   4   1   0   0   3   2   8   1   8  30  12   0   0   4  0.29 0.22
  226 V    0  0  0  1 -2  0  0 -1  0 -1  0  0  2 -2  0  2  1 -3 -1 -1    5   5   5   7   0   4   4   4   2   3   8   4   7   0   5  20  12   0   2   4  0.11 0.11
  227 S    2 -1 -1 -1 -2  0  0 -1 -1 -2 -1  0 -1 -3 -2  2  1 -3 -1  0   24   2   1   3   0   4   7   3   1   0   5   4   2   0   1  22  10   0   2   7  0.24 0.19
  228 E    0 -1 -1  0 -1 -1  3  0  1 -3 -2 -1 -2 -3  1  1  2 -4 -2 -1    7   2   2   4   1   1  26   7   4   0   2   3   1   0   8  10  17   0   1   3  0.30 0.21
  229 S    1  0  0  0  1 -2 -1  0  0 -1 -3  0 -1 -3  2  2  2 -3 -1 -1   14   5   5   5   4   0   2   5   3   3   1   4   1   0  12  17  14   0   2   3  0.23 0.16
  230 N    0  1  3  1 -3  1  1 -1  0 -1 -3  1 -2 -3  0  1  0 -3 -2 -1   10  10  18   6   0   5   7   2   2   4   1   7   0   0   4  12   6   0   1   3  0.22 0.15
  231 Q    0  4  0 -2  0  2  0 -3  1 -3 -3  0 -2 -4  2  2  0 -4 -2 -2    9  26   3   1   2  10   3   1   3   0   1   4   1   0  10  16   5   0   1   2  0.40 0.24
  232 R    1  3 -2 -2 -3  0  0 -2  3 -2 -1  1  1 -3  2 -1 -1 -3 -1  0   12  21   0   1   0   3   6   2   9   1   5   9   4   0  10   4   3   0   1   7  0.25 0.17
  233 E    1  3 -2 -2 -3  2  2 -2 -1 -2 -1  0  0 -2  1 -1  1 -3 -2 -2   11  18   0   0   0   9  15   2   1   2   6   4   3   1   8   2  12   0   1   2  0.25 0.18
  234 D    0  3  2  1 -3  0  2 -2 -1 -1 -2  1  0 -3  1  0  0 -3 -2 -2   11  18  10   7   0   3  16   1   1   3   1   8   4   0   6   5   4   0   0   1  0.25 0.14
  235 S    0  0  2 -1 -2  1  1 -1  0  0 -1  1 -1 -2 -1  1  0  0 -2  0    5   5  11   1   0   7  10   3   2   9   3  10   0   1   2  17   3   2   0   9  0.12 0.11
  236 L    0  0 -1 -1 -1  1  1 -2  0  0  0  0  0 -2  2  1  1 -3 -2  0    5   7   2   1   1   7   9   1   2   7  11   7   3   0  10  12   8   0   0   7  0.11 0.08
  237 S    1  1  0 -1 -2  0  1 -1  1 -1 -1  0  0 -2  0  1  1 -3 -1 -1   16  12   3   1   0   2  10   4   4   4   7   3   4   0   3  13  11   0   1   3  0.11 0.09
  238 R    0  2 -1 -1  1  1  0 -2  1 -2 -2  1 -2  1  3  0 -1  1 -1 -1    7  15   2   2   4   6   3   1   4   1   3  11   0   8  17   7   2   2   1   4  0.22 0.10
  239 S    1  1 -1 -1 -2 -1  0  0 -1 -1  0  0 -1 -2  1  1  1 -2 -1  0   14  12   2   1   0   1   7   5   0   3  12   5   1   1   8  12   8   0   2   6  0.09 0.07
  240 H    1  1 -1 -2  2  1  0 -1  3 -1 -1  0  0  0  1 -1  0 -2 -1  0   14  10   2   1   5   8   6   3  11   1   5   2   2   6   9   1   4   0   0  10  0.11 0.09
  241 R    1  3  0 -1 -2  0  0 -1  2 -1 -1  0 -1 -2  0  0  0 -3 -2 -1   13  24   2   2   0   3   7   4   8   3   7   4   1   1   3   8   5   0   0   5  0.15 0.10
  242 R    1  1  0  0 -1  0  0 -2 -1  0 -1  2 -1 -1 -1  1  0 -2  0 -1   15   9   5   3   1   3   5   1   1   8   3  22   0   3   2   9   3   0   3   3  0.11 0.08
  243 R    0 -2 -2 -3 -2 -2  0 -3 -3  3  0 -2  4 -2 -3  0  2 -3 -2  2    5   2   0   0   0   0   8   1   0  30   2   0  17   0   0   6  14   0   0  13  0.35 0.19
  244 P   -3  1 -4 -3 -4 -3 -3 -4 -4 -4 -4 -3 -4 -5  8 -3 -1 -5 -4 -2    0   8   0   0   0   0   0   0   0   0   1   0   0   0  80   0   4   0   0   3  2.10 0.46
  245 T   -1 -3 -2 -2  0 -2 -2 -3 -3 -1 -3 -1 -3 -4  3  3  4 -4 -3 -2    2   0   0   0   2   0   1   0   0   3   0   2   0   0  14  33  41   0   0   0  0.76 0.31
  246 T    3  0 -2  0 -3  0  3 -2 -2 -3 -3  0 -3 -4  0  2  1 -4 -3 -2   30   3   0   3   0   4  26   1   0   1   0   5   0   0   3  15   8   0   0   1  0.42 0.22
  247 P    2  0 -1  0 -1  0  2 -2  2 -2  0  0 -2 -2 -1  1  0 -3 -1 -2   27   6   0   6   1   4  15   0   8   0  10   2   0   1   2   9   5   0   2   1  0.19 0.14
  248 E   -3 -2 -2  1 -5  0  7 -4 -2 -5 -5 -1 -4 -5 -3 -2 -3 -5 -4 -4    0   0   0   6   0   0  91   0   0   0   0   0   0   0   0   0   0   0   0   0  1.75 0.48
  249 M   -2 -3 -3 -4 -2 -3 -3 -4 -3  4  2 -3  5  0 -3 -3 -2 -3 -2  2    1   1   0   1   0   0   1   1   0  35  19   1  24   3   1   1   1   0   0  10  0.63 0.23
  250 D   -2 -2  1  3 -4  1  6 -3 -2 -4 -4 -1 -3 -4 -2 -2 -2 -4 -3 -4    1   1   6  20   0   3  63   1   0   1   1   1   0   0   1   1   1   0   0   1  1.08 0.33
  251 E    1  0 -1  3 -4  1  5 -3 -2 -3 -3  0 -3 -4 -2 -1 -2 -4 -3 -2   13   5   0  17   0   4  49   1   0   0   1   4   0   0   0   1   0   0   0   2  0.71 0.26
  252 F   -4 -4 -4 -4 -4 -4 -4 -4 -3 -2 -1 -1 -2  8 -4 -4 -3 -1  2 -3    1   0   0   0   0   0   1   1   0   0   3   6   0  81   0   1   0   0   4   1  1.68 0.42
  253 F   -3 -4 -4 -4  0 -4 -4 -4  0 -2  0 -4 -2  8 -4 -4 -3 -1  1 -2    1   0   0   0   2   0   1   1   2   0   8   0   0  79   0   1   0   0   0   2  1.60 0.41
  254 S    4 -2 -1 -2  0  0 -2  0 -2 -2 -3 -2 -2 -3 -2  2  1 -3 -3  0   54   0   1   0   2   6   1   5   0   0   1   0   0   0   0  13   8   0   0   5  0.51 0.23
  255 G    3 -1 -1 -1  0  0  2  1  0 -2 -2  0 -1 -2 -1  0  0 -3 -1 -1   34   3   2   2   2   1  19   9   3   0   2   5   1   1   2   5   4   0   2   3  0.22 0.13
  256 A    4 -1 -2 -2 -2 -1  1 -1  2  0 -1 -2 -2 -2 -2  0 -1 -3 -2  0   55   2   0   0   0   0  12   2   6   5   7   0   0   1   0   2   1   0   0   4  0.43 0.22
  257 E   -3 -2 -2 -1 -4  2  6 -4 -2 -4 -4 -1  1 -4 -3 -2 -3 -4 -3 -4    1   0   0   0   0   7  80   1   0   0   1   0   5   0   0   1   0   0   0   1  1.38 0.41
  258 E    0  2  0  1 -3  3  2 -1  0 -3 -1  3 -2 -3 -2 -1 -2 -3 -2 -3    6  10   2   8   0  17  13   4   1   0   6  28   0   0   0   3   0   0   0   1  0.36 0.16
  259 E    0  1  0  3 -3  2  2 -1  0 -3 -2  1 -2 -2 -1  0 -1  1 -1 -2   11   7   3  20   0  15  14   3   1   0   2   7   0   1   1   5   3   2   3   1  0.28 0.12
  260 Q   -1 -1 -1 -2 -3  5  2 -3  3  2  0  0  0 -3 -2 -1 -1 -3 -2  0    2   0   2   0   0  35  14   1   8  15   7   3   2   0   0   4   2   0   0   5  0.41 0.21
  261 Q    1  3 -1 -2 -3  5  0 -3  2 -3 -2  1 -2 -2  0  0 -2 -3 -2 -3   11  16   2   0   0  45   0   0   6   0   3   5   0   2   4   6   0   0   0   0  0.60 0.26
  262 K   -1  3  1 -1 -4  3  1 -3  1 -3 -3  4 -1 -4 -2 -1  0 -4 -2 -3    2  23   8   0   0  14   6   0   3   0   0  31   2   0   0   3   7   0   0   0  0.52 0.20
  263 Q   -1  5 -1 -1  0  1  0 -3  0 -1 -1  2 -2 -2 -3  0 -1 -3 -2 -2    5  41   2   1   2   7   6   0   2   5   5  15   0   2   0   4   4   0   0   2  0.42 0.18
  264 F   -4 -4 -5 -5 -4 -4 -5 -5 -3 -2  1 -1  2  8 -5 -4 -4 -1  1 -2    0   0   0   0   0   0   0   0   0   0   9   4   5  82   0   0   0   0   0   0  1.66 0.45
  265 I    2  2 -2 -2 -2  1 -1 -2 -2  1  0  0  2 -2 -2  0  1 -3 -2  0   20  14   0   0   0   8   0   0   0  13   8   5  11   0   0   8   8   0   0   4  0.17 0.13
  266 E    1 -1  0  3 -1  2  4 -3  0 -4 -4  1 -3 -4 -2  0 -2 -4 -3 -2   12   0   3  22   2   8  41   0   2   0   0   7   0   0   0   3   0   0   0   2  0.62 0.24
  267 K   -1  2  1 -2 -5 -1 -1 -3 -2 -4 -4  6 -3 -5 -3 -2 -2 -5 -4 -4    4   9   6   0   0   0   0   0   0   0   0  82   0   0   0   0   0   0   0   0  1.29 0.41
  268 Y   -4 -4 -5 -6 -5 -4 -4 -5 -1 -4 -3 -4 -3  1 -5 -4 -4  6  9 -4    0   0   0   0   0   0   0   0   0   0   0   0   0   0   0   0   0  10  90   0  2.45 0.52
  269 N   -4 -3  8 -1 -5 -2 -2 -2 -1 -5 -6 -2 -4 -5 -4 -1 -2 -6 -4 -5    0   0 100   0   0   0   0   0   0   0   0   0   0   0   0   0   0   0   0   0  2.12 0.40
  270 F   -4 -4 -5 -5 -4 -4 -5 -5 -2 -2 -2 -5 -2  7 -5 -4 -4  0  5 -3    0   0   0   0   0   0   0   0   0   0   0   0   0  75   0   0   0   0  25   0  1.83 0.33
  271 D   -3 -3  1  7  3 -2 -1 -3 -3 -5 -5 -3 -5 -5 -3 -2 -3 -6 -5 -5    0   0   4  88   8   0   0   0   0   0   0   0   0   0   0   0   0   0   0   0  1.76 0.33
  272 P   -2 -4 -4 -4 -3 -3 -4 -4 -3  3  0 -3 -1  4  4 -3 -2 -3 -1  2    0   0   0   0   0   0   0   0   0  25   2   0   0  27  26   0   0   0   0  19  0.76 0.19
  273 V    1 -2 -3 -1 -2 -2  1 -3 -3  1 -1  0 -1 -1 -3 -2  0 -4 -2  4   18   0   0   3   0   0  10   0   0   6   1   7   0   2   0   0   4   0   0  50  0.35 0.15
  274 N   -2  2  4 -1 -4  1 -1 -2 -1 -3 -2  3 -1 -4 -3  1 -1 -4 -3 -3    0  11  31   0   0   7   0   0   0   1   4  31   2   0   0  10   2   0   0   0  0.54 0.17
  275 E   -3 -3 -1  6 -5 -1  3  2 -3 -5 -5 -2 -4 -5 -3 -2 -3 -5 -4 -5    0   0   0  63   0   0  19  18   0   0   0   0   0   0   0   0   0   0   0   0  1.19 0.25
  276 Q    0  2 -1 -2  4  0  1 -3 -2  0 -1  1  0 -3 -3 -1 -1 -3 -2  2    5  14   2   0  13   3  15   0   0   3   5  10   2   0   0   4   2   0   0  23  0.20 0.10
  277 P   -1 -4 -4 -3 -4 -3 -3 -4 -4 -5 -5 -3 -4 -5  8 -1 -3 -5 -5 -4    3   0   0   0   0   0   0   0   0   0   0   0   0   0  94   3   0   0   0   0  2.53 0.35
  278 L   -3 -3 -4 -5 -3 -3 -4 -5 -4  1  5 -4  2 -1 -4 -3 -2 -3 -2  0    0   0   0   0   0   0   0   0   0   2  90   0   5   0   0   2   0   0   0   1  1.01 0.23
  279 P   -1 -2 -1  2 -4  0  4 -1 -2 -4 -4 -1 -3 -4  5  0 -2 -4 -3 -3    4   0   0  11   0   3  39   4   0   0   0   1   0   0  31   8   0   0   0   0  0.81 0.18
  280 G   -1 -4 -2 -3 -4 -3 -3  7 -3 -5 -5 -3 -4 -5 -4 -2 -3 -4 -4 -5    0   0   0   0   0   0   0 100   0   0   0   0   0   0   0   0   0   0   0   0  1.76 0.25
  281 R   -3  7 -2 -3 -5  0 -2 -4  0 -4 -4  1 -3 -4 -1 -2 -3 -4 -3 -4    0  96   0   0   0   0   0   0   2   0   0   0   0   0   2   0   0   0   0   0  1.58 0.27
  282 F   -3 -3 -4 -5 -4 -3 -4 -4  0 -2 -2 -4 -2  5 -5 -3 -3  4  8 -3    0   0   0   0   0   0   0   0   0   0   0   0   0  25   0   0   0   6  69   0  1.59 0.25
  283 E   -2 -1 -1  0 -5  2  6 -3  0 -4 -4  0 -3 -4 -2 -1 -2 -4 -3 -4    0   1   0   1   0   7  86   0   1   0   0   4   0   0   0   0   0   0   0   0  1.24 0.23
  284 W   -5 -5 -6 -6 -4 -4 -5 -5 -4 -5 -4 -5 -3 -1 -6 -5 -4 12  0 -5    0   0   0   0   0   0   0   0   0   0   0   0   0   0   0   0   0 100   0   0  3.92 0.42
  285 T    0 -3 -2 -1 -2 -2  1 -2 -3  1 -1 -2 -1 -2 -3 -1  2 -4 -2  4    8   0   0   2   0   0  14   1   0   4   0   0   0   0   0   1  15   0   0  56  0.37 0.13
  286 K   -1  4 -1 -2  0  2  0 -3  0 -3 -3  3 -2 -4  3 -1 -1 -4 -3 -3    2  33   1   0   3  11   1   0   1   0   0  25   0   0  16   2   3   0   0   1  0.59 0.13
  287 V   -2 -3 -4 -5 -2 -3 -4 -5 -4  2  4 -4  1 -1 -4 -3 -2 -3 -2  3    0   0   0   0   0   0   0   0   0   6  57   0   3   0   0   0   0   0   0  35  0.74 0.20
  288 D   -2 -1  4  5 -4  1  2 -2 -1 -4 -4 -1 -3 -4 -2 -1 -1 -4 -3 -4    0   0  26  52   0   7  16   0   0   0   0   0   0   0   0   0   0   0   0   0  0.82 0.12
  289 D   -2 -2  1  6 -4  0  1 -1 -1 -3 -4 -1 -3 -4 -2  0 -1 -4 -3 -3    0   0   0 100   0   0   0   0   0   0   0   0   0   0   0   0   0   0   0   0  1.00 0.02

                      K         Lambda
Standard Ungapped    0.1282     0.3102
Standard Gapped      0.0338     0.2670
PSI Ungapped         0.1097     0.3006
PSI Gapped           0.0338     0.2670
