
Last position-specific scoring matrix computed, weighted observed percentages rounded down, information per position, and relative weight of gapless real matches to pseudocounts
           A  R  N  D  C  Q  E  G  H  I  L  K  M  F  P  S  T  W  Y  V   A   R   N   D   C   Q   E   G   H   I   L   K   M   F   P   S   T   W   Y   V
    1 M   -2 -2 -3 -4 -2 -2 -3 -4 -3  0  2 -2  8 -1 -4 -3 -2 -2 -2  0    0   0   0   0   0   0   0   0   0   0  10   0  90   0   0   0   0   0   0   0  1.12 0.18
    2 L    0 -3 -3 -4 -2 -2 -3 -3 -3  1  4 -3  1  0 -3 -1 -1 -2 -2  0    9   0   0   0   0   0   0   0   0   0  84   0   0   0   0   7   0   0   0   0  0.54 0.10
    3 S    1 -2 -1 -1 -2 -1 -1 -1 -2 -3 -3 -1 -2 -3  4  4  0 -4 -3 -2    5   0   0   0   0   0   0   0   0   0   0   0   0   0  25  70   0   0   0   0  0.77 0.12
    4 M   -2 -3 -4 -5 -3 -2 -3 -4 -3  0  1 -3  9 -1 -4 -3 -2 -3 -2  0    0   0   0   0   0   0   0   0   0   0   0   0  97   0   0   0   0   0   0   3  1.54 0.27
    5 A    5 -2 -2 -2 -1 -2 -2  1 -2 -3 -3 -2 -2 -3 -2  2 -1 -4 -3 -1   73   0   0   0   0   0   0   6   0   0   0   0   0   0   0  21   0   0   0   0  0.68 0.16
    6 V    0 -3 -3 -4  3 -3 -3 -3 -3  2  1 -3  0  1 -3 -2  1 -3 -1  4    8   0   0   0   9   0   0   0   0   8   7   0   0   6   0   0   9   0   0  52  0.37 0.10
    7 Q   -2  0 -1 -2 -4  6  0 -1  5 -4 -3  0 -2 -3 -2  0 -2 -3 -1 -3    0   0   0   0   0  63   0   3  25   0   0   0   0   0   0   6   0   0   0   0  0.94 0.19
    8 P    0 -2 -2 -2  1 -2 -2 -2 -3 -1 -1 -2 -2 -3  6  2 -1 -4 -3 -2    8   0   0   0   3   0   0   0   0   3   9   0   0   0  51  23   0   0   0   0  0.94 0.13
    9 N    1 -1  4 -1 -2 -1  0  1 -1 -2 -1  1 -2 -3 -2  2  2 -3 -2 -2   11   0  31   0   0   0   3   9   0   0   6  10   0   0   0  16  14   0   0   0  0.30 0.08
   10 I    0 -2 -2 -2  1  0 -2 -3 -2  2  1 -2  0  0  0  1  1 -2  0  1    4   0   0   0   3   8   0   0   0  21  11   0   0   3   4  13  14   0   5  14  0.12 0.05
   11 N   -1 -1  4 -1 -2  1 -1 -2 -1 -3 -3  1 -2 -3 -2  2  3 -4 -3 -2    0   0  32   0   0   9   0   0   0   0   0   9   0   0   0  25  25   0   0   0  0.49 0.12
   12 A    3 -2  1 -1 -1 -1 -1  0 -2 -2 -2 -1 -2 -1  1  2  1 -3 -2 -1   39   0   6   0   0   0   0   5   0   0   1   0   0   4   7  25   9   0   0   0  0.31 0.08
   13 I    1 -2  0 -2  3 -1 -1 -2  1  0  1 -1  0  0 -2  1  1 -2 -1  0   11   0   5   0   9   0   0   1   6   7  15   0   0   4   0  18  15   0   0   7  0.11 0.04
   14 A    0 -1 -2 -3  1 -2 -2 -1 -2  0  2 -2  0  4 -3 -1 -1 -1  0 -1   13   4   0   0   4   0   0   5   0   0  36   0   0  26   0   4   4   0   0   0  0.21 0.07
   15 K   -1 -1  0 -1 -2  1 -1 -2 -1  1 -1  1 -1  2 -2  2  1 -2  0  0    1   0   4   0   0   9   0   1   0  13   1  12   0  18   0  26  10   0   0   4  0.14 0.07
   16 P    0  2  0 -2  2  0 -1 -2 -1 -1 -2  1 -2 -2  4  1  0 -3  1 -2    3  18   3   0   8   4   0   0   0   5   0   8   0   0  27  12   4   0   7   0  0.41 0.08
   17 S    0  0  0 -2 -2 -1 -1 -2 -1  0 -1 -1 -1  2  0  2  1 -1  2  0    8   7   4   0   0   0   0   1   0   5   4   0   0  10   5  29   9   0  12   5  0.13 0.05
   18 I    1  1  1 -1 -2  0 -1 -1 -2  0 -1 -1 -1 -2  2  2  2 -3 -2 -1   17   9   8   0   0   4   0   0   0  11   4   0   0   0  10  19  17   0   0   0  0.19 0.06
   19 Y    0  0 -2 -2 -2  0 -2 -2 -2  0  1 -1  0  3  1  1 -1 -1  1  0    8   7   0   0   0   3   0   0   0   4  16   4   0  25   6  18   0   0   3   7  0.13 0.05
   20 Q   -1 -2 -2 -2 -3  1 -1 -3 -2 -1  0 -1 -1 -1  6  0  0 -3 -2  0    0   0   0   0   0  11   0   0   0   0  13   0   0   4  45   7   8   0   0  10  0.71 0.11
   21 S    0  2  0 -1  2  1 -1 -2  2 -3 -3  1 -2 -3 -2  4  0 -3 -2 -2    4  14   0   0   6   6   0   0   7   0   0   7   0   0   0  53   0   0   0   0  0.42 0.12
   22 P    0  1 -2 -2 -3  4  0 -3  3 -3 -3  0 -2 -4  5 -1 -2 -3 -2 -3    6   7   0   0   0  37   0   0   8   0   0   0   0   0  39   0   0   0   0   0  0.91 0.15
   23 K   -1  2  2 -1 -2  0 -1 -2 -1 -1 -2  3 -2 -3  0  1  2 -3 -2 -2    0  14  12   0   0   0   0   0   0   6   0  30   0   0   4   9  23   0   0   0  0.31 0.09
   24 L    0 -2 -3 -3 -2 -2 -2 -3 -3  1  3 -2  0  1  4 -2 -1 -2 -1  0    8   0   0   0   0   0   0   1   0   6  43   0   0   9  25   1   0   0   0   4  0.45 0.09
   25 S    0  0 -1 -1 -2 -1 -1  0 -2 -2  0 -1 -1  2 -2  4  1 -2 -1 -1    1   4   0   0   0   0   0   5   0   0   9   0   0  11   0  59   3   0   0   4  0.32 0.10
   26 L    0  0  0 -2  3 -1 -2 -2  0  0  1 -1  0  2 -2  1  0 -1  1  0    7   6   6   1   9   0   1   1   3   7  15   1   0  15   1  14   4   0   5   4  0.07 0.03
   27 K   -1  1 -1 -1 -3  0  0 -2 -1 -2 -2  4 -2 -3  1  2  0 -3 -2 -1    1   4   0   0   0   0   0   1   0   0   1  55   0   0   7  20   4   0   0   7  0.43 0.10
   28 P    0  0  0 -2 -2  0 -1 -2  1  0 -1  0 -2 -3  5  1  0 -3 -2 -1    4   4   3   0   0   4   0   1   5   8   4   4   0   0  42  13   6   0   0   0  0.64 0.08
   29 F    0 -1  0 -2  1 -1 -1 -2  1  0  1 -1  0  2  1  1 -1 -2  0  0    9   3   3   0   4   0   0   1   7   3  15   0   0  17   8  22   0   0   0   5  0.10 0.04
   30 K    0  2  0 -1 -2  0  0 -2 -1 -2 -2  3 -2 -3  3  1  0 -3 -2 -1    9  12   3   0   0   0   0   1   0   0   1  38   0   0  13   8   7   0   0   5  0.34 0.07
   31 T    1 -1 -1 -2 -1  0 -1 -2 -2  0 -1  0  0 -2  0  1  3 -2  0  0   15   0   0   0   0   3   0   0   0   5   4   4   4   0   4   8  41   0   5   5  0.22 0.07
   32 P   -1 -1 -1 -2  1 -1 -1 -2 -2 -1 -1  0 -2 -3  5  2  1 -3 -2 -2    1   3   0   0   5   0   0   0   0   5   7   5   0   0  35  28   9   0   0   0  0.57 0.09
   33 A    1 -2 -1 -2 -1 -1 -2  0 -2  1  0 -1 -1  2  0  2  1 -2 -1  0   10   0   0   0   0   0   0   6   0  16   5   0   0  14   4  30   8   0   0   5  0.13 0.05
   34 F    0 -1  0 -1  2 -1 -1 -1 -2 -1  0  0 -1  2  2  2  0 -2 -1 -1    7   1   4   1   6   0   1   1   0   4   9   5   0  16  11  30   4   0   0   1  0.16 0.05
   35 A    1  0 -1 -1 -1 -1 -1 -1 -2  1  0 -1 -1 -2  1  2  2 -2 -2  1   12   5   1   1   0   1   1   1   0  14   6   1   0   1   8  20  22   0   0   7  0.16 0.04
   36 N    0  1  4  0  1  0 -1 -1 -1 -2 -2  1 -2 -3 -2  2  1 -3 -2 -2    4  10  30   1   3   0   1   1   0   1   4  10   0   0   1  20  13   0   0   1  0.28 0.06
   37 P    0 -1 -1 -1 -2  0 -1  1  1 -2 -2  0 -2  0  5  2 -1 -2 -1 -2    4   1   1   1   0   4   1  11   4   1   1   5   0   7  33  25   1   0   0   1  0.51 0.07
   38 K   -1  3 -1  0 -2  1  0 -2 -1 -2  0  3 -1 -2 -1  1  0 -2 -2 -2    1  27   1   4   0   4   1   1   0   1  12  28   0   1   1  10   4   0   1   1  0.26 0.05
   39 P   -1 -2 -2 -2 -3 -2 -2 -2 -3 -1  0 -1 -1 -3  6  1  0 -3 -3 -1    1   0   0   0   0   0   0   0   0   4  12   4   0   0  54  12   6   0   0   3  0.95 0.12
   40 F   -1 -2 -1 -2  0 -1  0 -1  1  0  1 -2  2  3 -2 -1  0 -1  1  1    1   0   3   0   3   0   9   4   5   0  18   0  11  18   0   4   6   0   4  11  0.09 0.04
   41 F   -1 -2 -2 -2 -2 -2 -2 -2  0  1  1 -2  0  4  1  1  1 -1  1 -1    3   0   0   0   0   0   0   0   3   9  15   0   0  27   6  22   8   0   4   0  0.19 0.07
   42 S    0  0 -1 -1 -2 -1 -1  0  2  0  0  0 -1 -2 -2  3  1 -3 -1  0    7   3   0   0   0   0   0   4  10   5  14   8   0   0   0  36   6   0   0   5  0.15 0.07
   43 S    0  1  0 -1  1  0 -1 -1  0 -2  0  0 -1 -2 -2  2  1  2 -2 -1    7  11   3   3   3   4   0   3   3   0  12   3   0   0   0  35   9   4   0   0  0.16 0.06
   44 P    0  2  0  1 -2  1  0 -2  1 -3 -3  1 -2 -1  3  2  1 -3 -2 -2    4  14   0   7   0   5   0   0   4   0   1   5   0   3  14  32   9   0   0   0  0.30 0.07
   45 S    0  1  2 -1  2  1 -1 -2 -1 -1 -2  2 -2 -3 -2  2  2 -3 -2 -2    6  10  11   0   6   5   0   0   0   4   0  15   0   0   0  23  16   0   0   0  0.23 0.07
   46 F    0  1  0 -2 -2  0  0 -2  0  0  1 -1  0  1 -1  0  1  2  0  0    6  11   3   0   0   4   6   0   3   3  18   0   2  10   3   9  13   3   3   3  0.06 0.03
   47 S   -1  2  1 -1 -2 -1 -1 -2  0 -2 -1  1 -1  1  2  2  1 -2  1 -2    0  15  10   0   0   0   0   0   3   0   8   8   0   7  10  26   7   0   5   0  0.19 0.06
   48 Q   -1  0 -1  1 -3  2  0  0  1 -1 -1 -1  1 -2  4 -1  1 -3  0 -2    3   5   0   9   0  16   2   6   4   3   8   0   5   0  23   0  11   0   4   0  0.28 0.06
   49 L    0  1  1 -2 -2  0  0 -1 -2  2  2 -1  0 -1 -2 -1 -1 -3 -2  1    7  10  10   0   0   4   6   3   0  16  32   0   0   0   0   3   0   0   0   7  0.10 0.05
   50 K    0  1 -1 -1 -2  0  0 -1 -1 -2 -2  2 -2 -2  2  3  1 -3 -2 -1    4   7   0   0   0   3   5   0   0   0   0  15   0   2   8  44   5   0   0   5  0.31 0.08
   51 K    0  1 -1 -2 -2 -1 -1 -1 -2  0  0  0  0 -1  1  0  2 -3 -2  0    8  12   2   0   0   0   3   3   0   6  13   6   0   2   7   7  23   0   0   6  0.10 0.04
   52 K    0  3  0 -1 -3  0  1 -2  1 -2 -1  2  0 -3  2  0 -1 -3 -2 -1   11  23   4   0   0   0  10   0   3   0   5  19   4   0  10   3   2   0   0   5  0.23 0.05
   53 N    2  2  1 -1 -2  2  0 -1  1 -2 -2  1 -1 -3 -2  2  1 -3 -2 -1   21  18   5   0   0  11   2   0   3   0   0   5   0   0   0  18   9   0   0   5  0.22 0.06
   54 N    0  3  2  0 -3  0  1 -1 -1 -1 -1  1 -1 -3  0  1 -1 -3 -2 -2    5  33  12   2   0   0   9   3   0   3   5   9   0   0   4  13   0   0   0   2  0.26 0.06
   55 W    1 -1 -2 -2 -2 -1 -2  0  1  1  1 -1  0  0  0  0  0  1  0  1   16   4   0   0   0   0   0   6   6   6  20   0   0   4   5   4   9   2   4  11  0.06 0.03
   56 S    1  1 -1 -1 -2  0  0  1 -2  0 -2  2 -1 -3 -2  2  1 -3 -2  0    9   5   0   0   0   0   5   9   0   7   0  22   0   0   0  23  12   0   0   7  0.17 0.05
   57 L    1 -1 -1  0 -2 -1 -1 -1 -2  1  2  0  1 -1 -2  0  2 -3 -2  1   13   0   3   5   0   3   0   2   0   9  26   5   4   0   0   0  22   0   0   6  0.10 0.04
   58 F    1 -1 -1  0 -2 -1 -1 -1  0 -1  0  0 -1  2  0  1  0 -2  0 -1   22   3   0   5   0   0   0   1   2   0  15   7   0  18   3  21   0   0   0   0  0.11 0.05
   59 V    3 -2 -1  1 -1  0 -1  1 -2 -1 -2 -1 -1 -3 -1  1 -1 -3 -2  0   54   0   0  10   0   3   0  12   0   2   1   3   0   0   0   5   0   0   0   8  0.29 0.07
   60 A    4 -2 -2 -2 -1  0  0 -1 -2 -1 -2 -1 -1 -2 -1  2  0 -2  1 -1   64   0   0   0   0   3   4   0   0   3   1   0   0   0   0  14   0   0   6   2  0.38 0.09
   61 P    3 -2 -2 -2 -2 -1 -1 -1 -2 -2 -2 -1 -2 -1  5  1 -1 -3 -2 -2   38   0   0   0   0   3   0   0   0   0   1   0   0   3  39  13   0   0   0   0  0.74 0.10
   62 E    2 -1  0  0 -2  1  3 -1 -1 -2 -1  1 -1 -2  2  1 -1 -3 -1 -1   23   0   5   2   0   3  29   2   0   0   5   8   0   0   9   7   0   0   3   3  0.23 0.05
   63 T    3 -2 -1 -1 -1 -1  1 -1 -2 -2 -2 -1 -1 -3  0  2  2 -3 -2  0   43   0   0   0   0   0  11   0   0   0   0   0   0   0   3  19  18   0   0   5  0.32 0.08
   64 I    0  0 -1 -1 -2  2  2 -2 -1  1  1  0  0 -1 -2  0  0 -2 -2  0    9   3   0   0   0  12  20   1   0   8  27   5   0   0   0   3   2   0   0   8  0.12 0.04
   65 S    2 -1  1 -1 -2  1  1  1 -1 -2 -2 -1 -1 -2  1  1  1 -3 -2 -1   23   0   9   0   0  10  10  13   0   0   3   0   0   0   8   5  10   0   0   6  0.18 0.03
   66 D    2  1  0  1 -2  0  0  0 -1 -2 -2  0 -1 -1 -1  2  1 -3 -2 -1   27  10   0   9   0   0   5   4   0   0   1   3   0   2   0  23   9   0   0   4  0.18 0.04
   67 V    1 -1  0  0 -2  1  3 -2 -1 -2 -1  0 -1 -2  1  1 -1 -3 -2 -1   18   0   5   3   0   6  33   0   0   0   8   0   0   2   7  10   0   0   0   4  0.23 0.05
   68 A    1 -2 -1 -1 -2 -1  1 -1 -2 -1 -1 -1  0 -2  4  0  2 -3 -2  0   11   0   0   2   0   0  15   4   0   0   6   0   4   0  23   2  20   0   0  10  0.31 0.05
   69 I   -1 -1  0 -1 -2  0  0 -1 -1  1  0  0  0  0  3  0  1 -2 -1  1    1   1   5   1   0   5   9   5   0  10   5   6   4   4  15   3  13   0   2  13  0.11 0.02
   70 M    0  0 -1  1 -1 -1  0 -2 -1  0  1 -1  0  1 -2  0  1 -2 -1  0   12   8   1   8   0   1   9   1   0   2  17   1   2   8   1   8  11   0   0  10  0.04 0.02
   71 G    1 -1  0  0 -2  0  1  3 -1 -2 -2  0 -2 -2  0  1 -1 -2 -2 -1   11   1   1   4   0   1  13  32   0   1   3   4   0   1   3  18   1   0   1   5  0.25 0.04
   72 N    1 -1  1  2 -2  1  1  0  1 -1 -1 -1  0 -2 -1  0  1 -2 -1 -1   15   1   9  14   0   7   7   9   6   1   7   1   5   1   1   1  11   0   1   3  0.10 0.02
   73 E    0  0 -1  0 -2  1  3  1 -1 -2 -2  0  0 -3  2  1  0 -3 -2 -2    3   5   1   4   0   2  30  12   0   1   3   3   5   0  13  13   3   0   0   1  0.27 0.04
   74 V    1 -1 -1  1 -2  0  1  0 -2  0  0 -1 -1 -2  1  0  0 -3 -2  1   11   0   0   8   0   4  16   9   0   7   8   0   0   0   7   7   4   0   0  17  0.08 0.02
   75 D    1 -1  0  3 -2  0  1  1 -1 -3 -3 -1 -2 -3  3  1 -1 -3 -2 -2   15   0   2  22   0   0  12  10   0   0   1   0   0   0  18  16   0   0   0   1  0.38 0.05
   76 I    1 -1 -1 -1 -1  0  0  1 -1 -1  0  0 -1 -2  1  2  1 -2 -2 -1   11   1   0   1   0   0   8  14   0   4  10   5   0   0   8  21  14   0   0   1  0.15 0.02
   77 D    1 -1  0  2 -2  0  1  1 -1 -1 -2  0  0 -2  0  1  0 -3 -2 -1   17   1   0  12   0   3  15   9   0   2   1   5   4   0   3  20   2   0   0   4  0.16 0.02
   78 D    0  1  1  3 -2  0  2 -1 -1 -2 -2  0 -2 -3  0  1  0 -3 -2 -1   11   8   9  24   0   0  13   0   0   0   0   4   0   0   2  15   5   0   0   7  0.24 0.03
   79 D    1 -1  1  1 -2  0  1 -1 -1 -1 -1  0 -1 -2 -1  2  1 -3 -2 -1   14   0   8   9   0   2  15   0   0   2   7   4   0   0   0  21  15   0   0   4  0.17 0.02
   80 L    1 -1 -1 -1 -1  0  0 -1 -2 -1 -1 -1 -1 -2  4  0  1 -2 -2  0   20   1   1   2   0   4   5   1   0   3   6   1   0   1  28   3  17   0   1   5  0.36 0.03
   81 L    0 -1 -1 -1 -1  0  0  0 -1  0 -1 -1 -1 -2  2  2  1 -2 -2  1    7   1   1   2   0   4   6   6   0   7   6   1   0   1  12  26   7   0   0  13  0.14 0.02
   82 V    0 -1 -1  1 -2  1  1 -1 -1  0  1 -1  0 -1  2  0  0 -2 -2  0    8   1   1   9   0   8  15   4   0   6  20   1   0   0   9   3   8   0   0   6  0.10 0.01
   83 N   -1  0  0  0 -3  2  3  1  2 -2 -2  0 -2 -3 -1  0  0 -2 -2 -2    1   3   2   1   0   9  43  10   6   1   1   3   0   0   2   6   9   0   0   2  0.31 0.04
   84 K    0  0  0  2 -2  0  1  0 -1 -1 -1  2 -1 -2  1  0  1 -3 -2 -1    4   1   0  17   0   0   6   5   0   7   4  30   0   0   8   5  10   0   0   1  0.18 0.02
   85 E    0  0  0  1 -3  3  3  0  0 -3 -3  1 -2 -3 -1  0  0 -3 -2 -2    6   0   2   4   0  26  38   8   0   0   1  11   0   0   0   0   3   0   0   0  0.41 0.05
   86 K   -1  1  1  0 -3  2  2 -2 -1 -2 -2  4 -1 -3 -1  0 -1 -3 -2 -1    0   3   7   0   0  10  13   0   0   0   2  53   0   0   0   2   0   0   0   6  0.37 0.05
   87 L    1 -1 -1  0 -1 -1 -1 -2 -1  1  1 -1  2 -1  0  0  0 -2  1  1   12   0   4   7   0   0   0   1   0   2  18   4  14   0   5   9   0   0   7  17  0.06 0.02
   88 K    0  1  0  0 -3  0  2  2 -1 -3 -3  2 -2 -3 -1  1  0 -3 -2 -2    4   6   0   2   0   0  23  24   0   0   1  24   0   0   0  11   3   0   0   0  0.30 0.04
   89 V    0 -2 -2 -2 -1 -1  0 -1 -2  2  1 -1  1 -1 -2 -1  0 -3 -2  3    7   0   0   0   0   0   8   5   0   3   7   3   2   0   0   1   6   0   0  55  0.17 0.05
   90 L    0 -2 -2 -2 -1 -1 -1 -2  0  2  1 -1  0 -1 -2  0  0 -2  1  2   11   0   0   0   0   0   4   0   2  22   7   4   0   0   0   6   4   0   7  31  0.12 0.03
   91 V   -1 -2 -2 -3 -1 -2 -2 -3 -3  2  0  0  2  0 -2 -1  1 -3 -1  4    0   0   0   0   0   0   0   0   0   5   0   7  12   3   0   0  10   0   0  60  0.27 0.06
   92 K   -1  2 -1 -1 -3  1  2 -2 -1 -3 -3  3 -2 -4  4 -1 -1 -4 -3 -3    2  10   0   0   0   0  19   0   0   0   0  42   0   0  26   1   0   0   0   0  0.64 0.07
   93 P    0  0 -2 -1 -2  0  1 -2 -2  0 -2  1 -1 -3  5 -1  0 -3 -2  1    3   6   0   0   0   3  11   0   0   2   0  14   0   0  32   3   3   0   0  23  0.45 0.05
   94 M    1  0 -2 -2 -2 -1 -2 -2 -2  1  1  0  3 -1  1  0  1 -2  0  1   12   5   0   2   0   0   0   0   0   5  16   4  18   0   9   5   8   0   3  12  0.11 0.03
   95 D   -1  0  1  3 -3  2  4 -1 -1 -3 -3  0 -2 -4  0  0  0 -3 -3 -3    0   4   9  19   0   7  41   4   0   0   0   2   0   0   3   7   5   0   0   0  0.46 0.06
   96 K    0  0  0  1 -3  1  2 -2 -1 -2 -1  3 -1 -3 -2  0  2 -3 -2 -2    4   0   1   7   0   2  22   0   0   0   6  38   0   0   0   0  20   0   0   0  0.32 0.08
   97 P    0 -2 -1 -1 -3  3 -1  0 -2 -4 -4 -1 -3 -4  5  3 -1 -4 -3 -3    2   0   1   1   0  19   0   7   0   0   0   2   0   0  35  34   0   0   0   0  0.78 0.17
   98 R   -2  5 -2 -2 -4  1  0 -3 -2 -3 -3  4  0 -4 -3 -2 -2 -4 -3 -2    0  46   0   0   0   4   4   0   0   1   0  37   3   0   0   0   0   0   0   3  0.82 0.21
   99 L   -3 -4 -4 -5 -3 -4 -4 -5 -2  0  2 -4 -1  6 -5 -4 -3 -1  4  0    0   0   0   0   0   0   0   0   0   1  24   0   0  57   0   0   0   0  13   5  1.02 0.23
  100 V    0 -1 -3 -3 -2 -2 -2 -1 -3  3  1  0  0 -1 -3 -1  0 -3 -1  3    5   2   0   0   0   0   0   5   0  19   9   9   1   0   0   2   6   0   2  39  0.25 0.11
  101 L   -3 -4 -5 -5 -3 -4 -4 -5 -4  1  5 -4  1  3 -4 -4 -3  1 -1  0    0   0   0   0   0   0   0   0   0   4  79   0   0  14   0   0   0   2   0   1  0.92 0.23
  102 K   -2  2  2 -2 -5  0 -1 -3 -2 -4 -4  6 -3 -5 -3 -2 -2 -5 -3 -4    0   8  10   0   0   0   0   0   0   0   0  82   0   0   0   0   0   0   0   0  1.20 0.30
  103 F   -2 -4 -4 -5 -3 -4 -4 -4 -3  3  1 -4 -1  6 -4 -3 -2 -2  0  3    1   0   0   0   0   0   0   0   0  19   6   0   0  44   0   0   0   0   0  31  0.77 0.20
  104 I   -2 -4 -4 -5 -2 -3 -4 -5 -4  3  4 -4  1 -1 -4 -3 -2 -3 -2  3    0   0   0   0   0   0   0   0   0  15  59   0   0   0   0   0   0   0   0  26  0.73 0.19
  105 W   -5 -5 -6 -6  0 -4 -5 -5 -5 -5 -3 -5 -4 -1 -6 -2 -4 12  0 -5    0   0   0   0   2   0   0   0   0   0   2   0   0   0   0   3   0  93   0   0  3.67 0.52
  106 M   -2 -3 -3 -4 -3 -1 -3 -2 -3  0  4 -3  5  0 -4  1 -1 -3 -2 -1    0   0   0   0   0   2   0   3   0   2  54   0  23   2   0  13   2   0   0   0  0.58 0.21
  107 E   -2  0  0  4 -5  1  5 -3 -2 -4 -4  1 -3 -5  0 -1 -2 -4 -3 -4    0   5   3  23   0   5  53   0   0   0   0   7   0   0   4   0   0   0   0   0  0.85 0.22
  108 K   -2  1  3  1 -4  1  1 -3 -1 -4 -4  5 -3 -4 -2 -1 -1 -4 -1 -4    2   2  20   6   0   6   6   0   0   0   0  53   0   0   0   1   2   0   2   0  0.68 0.21
  109 N   -1 -2  5  1  0 -1 -1 -1  0 -3 -2 -1 -3 -1 -3  2 -1 -4  0 -2    4   0  51   6   2   0   3   2   2   0   3   2   0   2   0  16   0   0   5   3  0.58 0.20
  110 I   -2 -4 -4 -4 -2 -4 -4 -5 -4  5  2 -4  0 -1 -4 -3 -2 -4 -2  3    0   0   0   0   0   0   0   0   0  55  20   0   1   0   0   0   0   0   0  25  0.81 0.21
  111 G    4 -3 -2 -3 -3 -3 -3  5 -3 -4 -4 -2 -3 -4 -3 -1 -2 -4 -4 -3   47   0   0   0   0   0   0  53   0   0   0   0   0   0   0   0   0   0   0   0  1.04 0.25
  112 L   -2 -3 -3 -3 -2 -3 -3 -4 -3  4  3 -3  0  0 -3 -3 -1 -3 -2  3    1   1   0   1   0   0   1   1   0  38  29   1   0   2   1   1   1   0   0  24  0.51 0.14
  113 A    5 -2 -2 -2  2 -2 -2  0 -2 -2 -2 -2 -2 -3 -2  1 -1 -3 -3 -1   75   1   0   1   5   0   1   4   0   1   1   1   0   0   1   7   2   0   0   1  0.73 0.21
  114 L   -2 -3 -3 -3 -2 -3 -3 -4 -3  2  3 -3  0 -1 -3 -3 -1 -3 -2  4    1   1   0   1   0   0   1   1   0  11  39   1   0   0   1   1   1   0   0  42  0.53 0.15
  115 D   -3 -3  1  7 -4 -1  1 -2 -2 -4 -4 -2 -4 -4 -2 -1 -2 -4 -4 -4    1   1   6  81   0   0   4   1   0   1   1   1   0   0   1   1   1   0   0   1  1.38 0.27
  116 Q   -2  0 -1 -2 -4  7  1 -3  2 -4 -3  1 -2 -3 -2 -1 -2 -3 -1 -3    1   3   0   1   0  70   6   1   4   1   1   7   0   0   1   1   1   0   2   1  1.05 0.26
  117 T   -1  0 -2 -2 -2  0 -1 -3 -1  2  0  2  1 -1 -2 -1 -1 -3 -2  3    2   3   1   1   0   3   4   1   1  20   6  21   4   1   1   1   1   0   0  29  0.19 0.09
  118 I   -1 -3 -3 -3 -2 -1 -3 -3 -3  3  1 -3  1  1 -3 -2 -1 -2  1  4    1   1   0   1   0   3   1   1   0  20  10   1   3   5   1   1   1   0   6  46  0.43 0.14
  119 P    0  0  0  1  0  0  0 -1  0 -1 -1  0 -1 -1  3  1  0 -1 -1 -1    7   3   2   8   2   5   5   4   3   3   8   8   1   2  19  10   5   1   2   4  0.18 0.03
  120 G   -1 -1  3 -1 -3 -1 -2  5 -2 -3 -3 -2 -3 -3 -2 -1 -2 -3 -3 -2    1   2  18   2   0   2   1  61   0   1   2   1   0   1   1   1   1   0   1   3  0.83 0.17
  121 H   -1  0  2  1 -3  0  2  0  4 -3 -3  2 -2 -1 -2  0 -1 -2  1 -2    1   2  13   8   0   1  16   8  13   1   1  21   0   3   1   3   2   0   6   2  0.26 0.10
  122 G   -1  1  0 -1 -3  1 -1  4 -1 -3 -3  1 -2 -2 -2  0 -1  2  0 -3    2   8   4   1   0   8   3  41   0   1   1  12   0   1   1   6   1   3   5   1  0.40 0.11
  123 T   -1  0  0 -1 -2 -1 -1 -2 -2 -1 -1 -1 -1  0  0  1  4 -2 -1  0    1   7   3   3   0   1   1   1   0   3   5   1   0   6   4  11  44   0   1   7  0.30 0.13
  124 V   -1 -2  0 -2 -2 -2 -1 -2 -2  3  0 -2  1 -1 -2  3  1 -3 -2  0    1   1   4   1   0   0   3   1   0  27   4   1   5   3   1  35  10   0   0   5  0.26 0.14
  125 P   -2 -3 -3 -3 -4 -3 -3 -3 -3 -4 -4 -2 -4 -4  8 -2 -2 -4 -4 -4    1   1   0   1   0   0   1   1   0   1   1   1   0   0  89   2   1   0   0   1  2.33 0.36
  126 L   -2 -3 -3 -4 -2 -3 -3 -4 -3  2  4 -3  2 -1 -3 -3 -2 -2 -2  1    1   1   0   1   0   0   1   1   0  15  64   1   5   0   1   1   1   0   0   8  0.61 0.16
  127 S   -1 -2  1 -2 -2 -2 -2 -2 -2 -2 -2 -2 -2 -3 -2  2  6 -3 -3 -2    1   1   5   1   0   0   1   1   0   1   1   1   0   0   1  15  71   0   0   1  0.89 0.24
  128 P    0 -1  0  1  2  0  2 -2 -1 -2 -3  0 -2 -3  3  1  1 -3  0 -2   10   2   3   8   5   0  16   1   1   1   1   5   0   0  20  13   9   0   3   1  0.32 0.08
  129 Y   -3 -3 -3 -4 -3 -3 -3 -4  0 -2 -2 -3 -2  4 -4 -3 -3  0  8 -2    1   1   0   1   0   0   1   1   0   1   1   1   0  19   1   1   1   0  71   1  1.54 0.29
  130 Y   -3 -3 -3 -4 -3 -3 -3 -3  0 -2 -1 -1 -1  6 -3 -3 -3  0  6 -1    1   1   0   1   0   0   1   1   2   1   1   5   0  49   1   1   1   0  32   5  1.00 0.22
  131 F   -3 -3 -4 -4 -3 -4 -4 -4 -2 -1 -1 -4 -1  8 -4 -3 -3 -1  3 -2    1   1   0   1   0   0   1   1   0   3   3   1   0  79   1   1   1   0   7   1  1.42 0.27
  132 W   -4 -4 -5 -5 -4 -3 -4 -4 -4 -4 -3 -4 -3 -1 -4 -4 -4 12  0 -4    1   1   0   1   0   0   1   1   0   1   1   1   0   0   1   1   1  90   0   1  3.46 0.45
  133 P   -2 -3 -3 -3 -4 -3 -2 -3 -3 -4 -4 -2 -4 -4  8 -2 -2 -4 -4 -3    1   1   0   1   0   0   1   1   0   1   1   1   0   0  90   1   1   0   0   1  2.35 0.33
  134 R   -2  6 -1 -2 -3  2 -1  0 -1 -3 -3  2 -2 -3 -2  0 -1 -3 -2 -3    1  57   0   1   0  12   1   6   0   1   1  10   0   0   1   5   3   0   0   1  0.76 0.19
  135 K   -1  0  2  1 -1  0  2  0  0 -2 -3  2 -2 -3 -2  1  2 -3 -2 -2    2   2  16   4   1   2  17   5   1   1   1  22   0   0   1   7  15   0   0   3  0.27 0.09
  136 D   -3 -3  1  7 -4 -2  0 -2 -2 -4 -4 -2 -4 -4 -3 -2 -2 -4 -4 -4    1   1   6  84   0   0   1   1   0   1   1   1   0   0   1   1   1   0   0   1  1.48 0.28
  137 A    5 -2 -2 -2 -2 -2 -2  1 -2 -2 -3 -2 -2 -3 -2  1  0 -3 -3 -2   74   1   0   1   0   0   1  10   0   1   1   1   0   0   1   5   3   0   0   1  0.73 0.21
  138 W   -4 -4 -5 -5 -4 -3 -4 -4 -4 -4 -3 -4 -3 -1 -4 -4 -4 12  0 -4    1   1   0   1   0   0   1   1   0   1   1   1   0   0   1   1   1  90   0   1  3.46 0.45
  139 E   -2 -1  1  3 -4  3  5 -2 -1 -3 -3  0 -3 -4 -2 -1 -2 -3 -3 -3    1   1   8  14   0  13  55   1   0   1   1   3   0   0   1   1   1   0   0   2  0.76 0.19
  140 E   -2 -1 -1  1 -3  4  3 -3 -1  0  0  0 -1 -3 -2 -1 -1 -3 -2 -1    1   1   1   6   0  29  32   1   0   6  13   1   0   0   1   1   3   0   0   5  0.40 0.14
  141 L   -2 -3 -3 -4 -2 -2 -3 -4 -3  2  4 -3  3 -1 -3 -2  0 -2 -2  0    1   1   0   1   0   0   1   1   0  11  64   1  11   0   1   1   5   0   0   2  0.60 0.16
  142 K   -2  3 -1 -2 -4  0 -1 -3 -1 -3 -1  5 -2 -3 -2 -1 -2 -3 -3 -3    1  19   2   1   0   2   1   1   1   1   6  64   0   0   1   1   1   0   0   1  0.80 0.21
  143 V    1  0  1  0 -2  0  1 -1  0  0  0  1 -1 -1 -2  0  1 -2 -1  0   13   3   9   6   0   0  10   1   2   8   8   9   0   3   1   6  11   0   0   8  0.06 0.03
  144 L   -1  0 -1  1 -1  0  4 -3 -1 -2 -1  1 -1  1 -2 -1 -1 -2  2 -2    2   2   2   4   1   0  47   1   0   2   8   7   1   6   1   2   3   0   9   1  0.37 0.13
  145 L   -3 -4 -5 -5 -3 -4 -4 -5 -4  1  6 -4  2 -1 -4 -4 -3 -3 -3 -1    0   0   0   0   0   0   0   0   0   3  91   0   4   0   0   0   0   0   0   0  1.18 0.28
  146 E   -2 -2  0  3 -5  0  6 -3 -2 -4 -4 -1 -4 -5 -3  0 -2 -5 -4 -3    2   0   3  20   0   0  65   0   0   0   0   1   0   0   0   6   0   0   0   2  1.04 0.26
  147 N    1 -2  2 -1  1  0  0  0 -2 -3 -2  0 -2 -3 -2  4  1 -3  0 -2   11   0  11   2   3   4   3   4   0   0   2   3   0   0   0  44   9   0   3   0  0.39 0.16
  148 K   -2  1 -1 -2 -5  1 -1 -3 -2 -3 -4  6 -3 -5 -3  0 -2 -5 -4 -4    0   3   2   0   0   5   0   0   0   1   0  82   0   0   0   6   0   0   0   0  1.23 0.32
  149 P   -1  0  0 -1 -3 -2 -1 -2  3 -1 -3 -2 -3 -4  6  1  0 -4 -3 -1    1   4   6   2   0   0   3   2  10   4   1   0   0   0  43  14   5   0   0   3  0.80 0.19
  150 W   -5 -5 -6 -7 -5 -5 -6 -1 -5 -2 -4 -6 -4 -2 -6 -5 -5 12 -1 -5    0   0   0   0   0   0   0   4   0   3   0   0   0   0   0   0   0  92   0   0  3.81 0.56
  151 I   -3 -5 -5 -5 -3 -4 -5 -5 -5  7  1 -4  1 -2 -5 -4 -2 -4 -3  2    0   0   0   0   0   0   0   0   0  84   8   0   3   0   0   0   0   0   0   5  1.28 0.30
  152 S    0 -2  0  0 -2  0 -1 -1 -2 -3 -1 -2 -2  0  0  4  2 -4 -2 -2    5   0   2   4   0   3   1   2   0   0   7   0   0   4   4  51  16   0   0   0  0.44 0.19
  153 Q    0  0  1  2 -4  3  4 -3  0 -4 -3  1 -2 -4  0 -1 -1 -4 -1 -3    7   4   5   9   0  19  34   0   1   0   2  11   0   0   3   1   3   0   2   0  0.47 0.15
  154 K    1  1  1  1 -3  1  1 -2 -1 -1 -2  3 -1 -3 -1  1  0 -4 -2 -1   11   7   8   9   0   3   9   0   1   4   1  26   0   0   1   9   6   0   0   3  0.22 0.09
  155 Q   -2  0  0  4 -5  2  4 -3  0 -4 -4  0 -3 -4 -3 -1 -2 -4  0 -4    0   4   2  28   0  12  42   0   2   0   0   4   0   0   0   4   0   0   4   0  0.77 0.21
  156 M    0  4 -1 -2 -3  1 -1 -1 -2 -2 -1  3  2 -3 -3  1  0 -4 -3 -2    6  33   0   0   0   4   0   4   0   1   3  22  10   0   0  11   4   0   0   1  0.43 0.16
  157 I   -1 -1 -1 -4 -3 -3 -3 -4 -1  5  0 -1 -1  0 -4 -3 -2 -4 -2  4    3   4   3   0   0   0   0   0   2  47   0   3   0   4   0   0   0   0   0  33  0.61 0.20
  158 I   -1  0  0  2 -3  0  2 -2 -2  2  0  0  0 -1 -2  0  0 -3 -2  1    3   3   4  12   0   3  20   1   0  19   5   4   2   3   0   5   3   0   0  12  0.13 0.08
  159 L   -3 -4 -5 -5 -3 -4 -4 -5 -4  4  4 -4  1  1 -4 -4 -2 -3 -2  2    0   0   0   0   0   0   0   0   0  31  53   0   1   4   0   0   0   0   0  10  0.77 0.20
  160 L   -3 -4 -5 -6 -3 -4 -5 -6 -5  0  6 -4  0 -1 -5 -4 -3 -3 -3 -1    0   0   0   0   0   0   0   0   0   0 100   0   0   0   0   0   0   0   0   0  1.40 0.33
  161 N   -4 -3  8  0 -5 -2 -2 -3 -2 -5 -5 -2 -4 -5 -4 -1  0 -6 -4 -5    0   0  93   3   0   0   0   0   0   0   0   0   0   0   0   0   4   0   0   0  1.90 0.40
  162 Q   -1  2  0 -2 -4  5  1 -1 -1 -3 -3  3 -2 -4 -2  0  0 -4 -3 -3    5  10   5   0   0  37   7   5   0   2   0  21   0   0   0   3   7   0   0   0  0.54 0.18
  163 A    4 -3 -3 -3  0 -2 -3 -2 -2  2  0 -2 -1 -2 -3 -1  1 -3  2  1   46   0   0   0   1   0   0   0   0  15   8   0   0   0   0   1  13   0  10   6  0.38 0.17
  164 T    0 -3  0 -3 -3 -3 -3 -3 -4 -3 -3 -3 -3 -4 -3 -1  7 -5 -4 -2    6   0   3   0   0   0   0   0   0   0   0   0   0   0   0   0  91   0   0   0  1.48 0.38
  165 D   -2  1 -1  4 -5  0  5 -3 -2 -4 -3 -1 -3 -4 -3 -2  0 -4  0 -4    1   8   0  31   0   1  47   0   0   0   3   0   0   0   0   0   5   0   3   0  0.84 0.23
  166 I   -2 -4 -5 -5 -2 -4 -4 -5 -5  5  2 -4  0 -2 -4 -3 -2 -4 -3  4    0   0   0   0   0   0   0   0   0  47  13   0   0   0   0   0   0   0   0  41  0.91 0.23
  167 I   -3 -5 -5 -5 -3 -4 -5 -6 -5  7  0 -4  2 -2 -5 -4 -3 -4 -3  1    0   0   0   0   0   0   0   0   0  90   4   0   6   0   0   0   0   0   0   0  1.46 0.34
  168 N   -3 -2  7  1 -5 -2 -1 -2 -1 -5 -5 -1 -4 -5 -4  0  0 -6 -4 -5    0   0  82   7   0   0   2   0   0   0   0   3   0   0   0   3   3   0   0   0  1.55 0.35
  169 L   -3 -3 -3 -2 -1  0 -3 -4  1 -1  1 -3 -1  3 -4 -1 -1  0  7 -2    0   0   0   2   1   6   0   0   3   2  19   0   0  13   0   4   3   0  48   0  0.82 0.23
  170 W   -5 -6 -7 -7 -5 -5 -6 -5 -5 -5 -4 -6 -4 -2 -7 -6 -5 12 -1 -6    0   0   0   0   0   0   0   0   0   0   0   0   0   0   0   0   0 100   0   0  4.34 0.61
  171 Q   -3  0 -2 -1 -5  7  1 -4 -2 -4 -1  1 -2 -5 -3 -2 -3 -4 -3 -4    0   3   0   2   0  79   4   0   0   0   6   7   0   0   0   0   0   0   0   0  1.35 0.34
  172 Q   -2  0  1  3 -4  3  5 -2 -1 -4 -4  1 -3 -4 -2  0 -2 -4 -3 -4    0   3   5  18   0  14  46   1   0   0   0   5   0   0   0   8   0   0   0   0  0.74 0.20
  173 S   -1  1  3  0  0  1  3  0  0 -3 -3  2 -3 -3 -2  1  0 -4 -2 -2    0   5  22   2   3   3  22   7   1   0   0  15   0   0   0  15   3   0   1   1  0.36 0.13
  174 G    0 -2  0 -1 -3 -1  0  5 -2 -4 -4  1 -3 -4 -2  0 -2 -3 -3 -3    7   0   2   3   0   0   6  64   0   0   0  13   0   0   0   5   0   0   0   0  0.77 0.13
  175 G   -1  2  0 -2 -1  0 -1  3 -2 -3 -1  3 -2 -3 -2  1 -1 -3 -3 -3    1  15   4   0   1   1   0  31   0   0   6  30   0   0   0  10   3   0   0   0  0.36 0.09
  176 N   -1 -1  5  1 -3 -1  0  0 -1 -3 -4  1 -3 -4 -1  2  0 -4 -3 -3    0   0  51   5   0   0   3   7   0   0   0   9   0   0   3  19   2   0   0   1  0.55 0.11
  177 L   -1 -1 -2 -2 -2  2 -1 -3  0  1  2  1  0  1 -2 -1  1 -2  1  1    0   0   0   0   0  15   0   0   2   4  29  12   0   7   0   0  13   0   5  12  0.12 0.04
  178 A    1 -1  0 -1 -1 -1 -1 -1 -2 -2 -2 -1 -1 -3 -1  4  2 -3 -2 -2    7   0   0   0   0   0   0   0   0   0   4   0   0   0   0  73  16   0   0   0  0.48 0.08
  179 S    1 -1  0 -1 -1 -1 -1 -1 -2 -1 -2 -1 -1 -2 -1  2  4 -3 -2  0    5   0   0   0   0   0   0   0   0   0   0   0   0   0   0  22  73   0   0   0  0.41 0.01

                      K         Lambda
Standard Ungapped    0.1344     0.3174
Standard Gapped      0.0379     0.2670
PSI Ungapped         0.1236     0.3078
PSI Gapped           0.0379     0.2670
