
Last position-specific scoring matrix computed, weighted observed percentages rounded down, information per position, and relative weight of gapless real matches to pseudocounts
           A  R  N  D  C  Q  E  G  H  I  L  K  M  F  P  S  T  W  Y  V   A   R   N   D   C   Q   E   G   H   I   L   K   M   F   P   S   T   W   Y   V
    1 M   -2 -3 -3 -4 -2 -2 -3 -4 -3  2  3 -3  6  0 -3 -3 -1 -2 -2  1    0   0   0   0   0   0   0   0   0  11  29   0  55   0   0   0   0   0   0   4  0.61 0.13
    2 S   -1  2  0 -1 -3  0  2 -2 -2 -3 -3  3 -2 -4 -2  3  1 -4 -3 -3    1   9   1   0   0   0  17   1   0   0   0  28   0   0   0  31  11   0   0   0  0.47 0.19
    3 E   -2 -1  1 -1 -5  5  4 -3  0 -4 -4  3 -3 -5  0  0 -2 -4 -3 -4    1   0   7   0   0  36  28   0   1   0   0  18   0   0   4   5   0   0   0   0  0.77 0.30
    4 G    2 -1 -1  1 -3  1 -1  2  0 -3 -3  3 -3  1  0 -1 -2 -4 -2 -3   21   0   0  11   0   6   0  15   3   0   1  30   0   7   4   0   1   0   0   0  0.32 0.20
    5 V    0 -1  0 -1 -3  0  4 -2  1  0 -1 -2  3 -3 -3 -2 -1 -4 -3  3    6   2   4   1   0   2  35   2   4   4   3   0  10   0   0   1   1   0   0  26  0.38 0.26
    6 E   -3 -3  2  2 -6  0  6 -3 -3 -6 -6  0 -5 -6 -4 -1 -3 -6 -5 -5    0   0  11   9   0   2  68   2   0   0   0   4   0   0   0   3   0   0   0   0  1.28 0.51
    7 A    2 -2  1 -1 -2  0 -1  1 -2 -1 -2 -1  1 -1 -2  1  2 -3 -3 -1   22   0   7   3   0   4   3  12   0   4   0   3   5   3   1  13  17   0   0   3  0.20 0.17
    8 I   -1 -3 -3 -1 -3  0 -2 -3 -2  4  0  1  4 -2 -1 -1 -1 -4 -1  2    3   0   0   4   0   6   1   1   1  32   2  10  13   1   2   5   2   0   2  15  0.31 0.24
    9 V    2 -4 -3 -1 -3 -3 -1 -4 -4  1  0 -3  2 -3  2 -2  1 -4 -3  4   19   0   1   3   0   0   4   0   0   5  10   0   5   0  12   1   8   0   0  33  0.39 0.27
   10 A    4  0 -2 -1 -3 -2 -1 -2 -1 -3 -4  0 -1 -3  1  3  1 -5 -4 -1   42   5   0   4   0   0   3   1   2   0   0   4   2   1   6  21   7   0   0   3  0.48 0.32
   11 N   -1 -1  3  1 -3  0  0  1  1 -2 -2  0 -2 -1  2  1  0 -3 -1 -2    5   3  17   7   0   4   3  13   3   1   2   4   1   3  12  10   7   0   2   2  0.22 0.14
   12 D   -1  0  2  3 -3  0  1  1  0 -2 -2  1 -1 -1 -1  0  0 -3 -1 -1    3   5   9  17   0   3   8  14   3   3   3   9   1   3   2   7   4   0   2   4  0.16 0.11
   13 N   -1  0  2  0 -3  0  0  1  1 -2 -2  1 -2 -3  1  1  1 -3  1 -2    4   4  14   3   0   3   4  10   3   1   2  12   0   0   8  13  10   0   6   3  0.19 0.15
   14 G    0 -3  0  2 -2  0  2  3  0 -2 -3 -2 -2 -4 -2  2 -1 -4 -2 -2    9   0   3  12   1   3  16  24   2   2   1   1   1   0   2  17   2   0   2   3  0.34 0.23
   15 T    1  0  0  0 -1 -1  1 -1  1  0 -1  0  1 -2  0  2  1 -3  0 -1   11   5   3   3   1   0  10   4   4   7   3   3   5   1   4  21  10   0   3   2  0.13 0.15
   16 D    0 -2  0  3 -4 -1  3 -1  1 -2 -2 -1  0 -3  0  1  1 -4 -3 -1    8   1   3  15   0   1  24   4   4   2   3   2   3   1   3  11  12   0   0   3  0.31 0.24
   17 Q    1  0  1  0 -4  2  3 -2  2 -3 -2  1  0 -2 -1  1  0 -4 -2 -2   10   3   6   5   0  12  20   1   6   0   5   8   3   1   2  10   6   0   1   1  0.26 0.21
   18 V    0 -1 -1  1 -3  1  2  0  1  0 -1  0  2 -1  0 -1 -1 -3 -1  1    7   1   2   7   0   8  15   7   4   4   6   5   8   3   5   4   1   0   1  12  0.09 0.12
   19 N    1  1  2  1 -3  0  1 -1  2 -2 -2  0 -1 -1 -1  1 -1 -3  0  0   11   8  13   9   0   4   8   4   7   2   2   4   2   2   2  10   3   0   3   7  0.13 0.12
   20 G   -1 -1  0  0 -4  0  2  4 -1 -3 -4  1 -2 -4  2  0 -1 -4 -3 -2    4   2   3   4   0   4  12  35   1   2   1   8   1   0  10   6   3   0   1   2  0.44 0.27
   21 N   -1  0  3  0 -4  0  2 -1  1 -2 -2  1  0 -2  1  0  1 -4  0 -2    3   4  17   4   0   3  19   4   3   2   2   7   3   1   7   6   9   0   4   3  0.23 0.20
   22 R   -2  0 -1 -1 -2  0  3 -1  0 -2  1  0  0 -1  1 -1  0 -3  2 -1    2   5   2   3   1   4  23   5   2   0  14   5   2   2   8   4   5   0   9   3  0.17 0.19
   23 T    0 -2  1  0 -3 -1  1  0 -2 -1  0  0 -1 -1  0  1  1 -3  0  1    7   1   7   5   0   2  11   5   0   3   8   4   1   2   4  15   8   0   3  14  0.08 0.12
   24 G    1 -1 -2  0 -2  0  3  2  0 -1 -2  0 -2 -2  0  0  0 -3 -2  0   12   2   1   5   1   2  23  14   2   3   3   4   0   2   5   8   4   0   1   9  0.18 0.19
   25 K    0  0  0  2 -2  0  0 -1  0 -1 -1  1  3 -2  1  0  0  0 -1  0    6   4   3  12   0   2   6   5   3   4   3  11  12   1   7   9   4   1   1   7  0.11 0.14
   26 D    0 -1  0  3 -4  1  3  1  1 -3 -3 -1 -3 -5  0  0 -1 -5 -2 -1    8   4   3  19   0   7  22  10   4   1   2   1   1   0   5   7   3   0   1   4  0.34 0.25
   27 N    0  2  0  0 -3  1  1  0  1 -1 -2  0 -1 -2  0  0  0 -3 -1  0    7  12   5   4   0   6  11   9   5   3   3   5   1   2   4   7   7   0   1   9  0.09 0.10
   28 E    0 -1  0  1 -4  3  3 -1  0 -1 -1  1 -2 -1  0 -1 -2 -4 -1  0    6   1   5   7   0  13  23   3   2   3   8   7   0   3   4   4   1   0   2   6  0.20 0.20
   29 E   -1 -1  1  1 -2  3  3  0  2 -2 -3  0 -1 -3 -1  0  0 -1 -2 -2    3   3   8   9   1  13  18   8   5   3   1   6   2   0   3   7   6   1   1   2  0.24 0.21
   30 H   -1  0  1  1 -4  3  2  1  3 -2 -2  1 -2 -4 -1  1 -1 -4 -1 -2    3   5   5   8   0  15  15   9   7   2   4   9   1   0   2  10   2   0   2   3  0.25 0.21
   31 D    0 -1  0  4 -4  0  1  0  1 -3 -1  1 -1 -1  0  0 -1 -4 -3 -2    8   2   5  25   0   4   9   6   4   1   6   9   1   3   5   5   4   0   0   2  0.25 0.20
   32 G    1  1 -1  1 -2  0  0  2  0 -2 -2  1 -1 -1  1  1 -1  0 -1 -2   10   7   2  10   0   4   6  14   2   2   4   9   1   3   6  11   2   1   2   1  0.13 0.12
   33 S    1 -1 -1  2 -3 -1  0  0  0 -3 -2 -1 -1  1  1  3  0 -1 -3 -2   10   3   2  15   0   2   6   5   2   0   4   2   2   8   7  26   4   1   0   2  0.25 0.24
   34 T    0  0  0  0 -3  0  0  1 -1  0 -1  2 -1 -1  0  1  0 -1 -1  0    9   4   3   4   0   4   5  12   1   6   4  16   2   2   4   9   7   1   2   6  0.08 0.09
   35 G   -2 -1  2  4  2  0  1  1 -1 -2 -2  1 -2 -2 -2  0 -2  1 -3 -2    2   2  10  25   5   5   8  10   1   2   4  10   1   2   1   6   1   2   1   2  0.31 0.23
   36 S    1 -1  0  1 -3 -1  1  1 -1 -2 -1  0  0  2 -1  1  0 -3 -1 -1   15   2   4   9   0   1  10  11   1   1   4   6   3  10   2  11   6   0   2   3  0.11 0.13
   37 N   -1  0  0  3 -4  0  1  0 -1 -2 -3  0 -3 -2  0  1 -1  6  0 -1    4   5   4  19   0   3   7   8   2   2   2   7   0   1   5  11   3  12   3   4  0.32 0.23
   38 L    0 -2 -1  2 -2  0 -1 -3 -1  1  2 -1  0  1 -2  0  0  0 -1  1    9   1   2  13   0   4   2   1   2   9  25   3   2   6   1   5   7   1   1   8  0.13 0.15
   39 S    1  0  0  3 -4 -1  0 -1 -1 -2 -1  0 -3 -2  3  1 -1 -4 -3 -1   11   4   4  20   0   1   6   3   1   2   7   6   0   2  14  11   4   0   0   3  0.26 0.20
   40 N   -1  0  1  1 -3 -1  1  2  0  0 -2  0 -2  2  0  0 -1 -3 -1 -1    3   6   9   8   0   1  10  16   3   8   1   4   0  12   5   7   2   0   1   4  0.14 0.15
   41 F   -1  1 -1 -2 -2 -2 -2  0 -1  1  0 -1 -1  2 -2 -1  1  3  0  2    4  10   3   2   1   1   2   7   2   8   8   2   0   8   2   2  11   5   2  21  0.14 0.17
   42 L   -1 -1  0 -2 -2 -1  0 -2  0  0  3  1 -1  1  1 -1 -1 -3 -2  0    4   3   5   1   1   2   8   3   2   5  32   8   0   7   6   5   2   0   1   4  0.15 0.18
   43 W   -2 -1 -3 -2 -5 -1  1 -3  0 -3 -3  3 -4 -3  2  2 -1  6  2  0    3   3   0   1   0   2   9   1   2   1   3  21   0   1  10  16   3  13   6   6  0.51 0.36
   44 H   -3  6  0 -3 -6  0 -2  0  5 -2 -5  2 -5 -5 -5  1 -3 -6 -2 -4    1  39   5   1   0   4   2   8  15   3   0   9   0   0   0   9   1   0   1   1  0.90 0.51
   45 G   -3  0  3 -3 -5  0 -3  4 -2 -5 -5  2 -5 -5 -3  0  3 -6 -5 -3    1   4  14   0   0   5   0  32   1   0   1  11   0   0   1   6  20   0   0   2  0.72 0.46
   46 G    1 -5 -2 -4  1 -5 -5  5 -2 -1  0 -4  0 -5 -5  1  0 -6 -1 -4   11   0   1   0   3   0   0  50   1   4   8   1   2   0   0  11   5   0   2   0  0.89 0.50
   47 S   -3 -4  3 -3 -5 -3 -3 -1 -5 -6 -6  2 -5 -6 -5  5  4 -7 -6 -5    0   0  14   1   0   0   1   5   0   0   0  11   0   0   0  37  29   0   0   0  1.07 0.66
   48 V    1 -4 -2 -7 -5 -6 -6 -6 -4 -1 -1 -3 -1  3 -5 -2 -2 10 -1  3   10   1   2   0   0   0   0   0   0   3   5   2   1  11   0   4   3  37   1  19  1.51 0.70
   49 W   -3 -3 -3 -7 -2 -5 -6 -3 -1  0  0 -3  0  3 -1 -3 -2 10  4 -1    2   2   1   0   1   0   0   2   2   4   8   2   2  12   4   2   3  33  14   4  1.33 0.63
   50 D   -3 -1 -3  3 -2  4 -3 -5  5  0 -4 -1 -1 -3 -5 -1  3 -4  5 -3    1   3   0  14   1  18   0   0  12   5   1   2   1   0   0   3  17   0  18   2  0.73 0.50
   51 A    5 -6 -4 -6  5 -5 -5 -2 -6 -5 -5 -4 -5 -6 -5  2  3 -7 -6 -3   53   0   0   0  10   0   0   2   0   0   0   1   0   0   0  16  16   0   0   1  1.29 0.71
   52 W    3 -5 -4 -5  1 -4 -4  2 -5  0 -1 -4 -1 -1 -5  2  1  6 -2  1   25   0   0   0   3   0   0  15   0   5   5   0   2   2   0  13   8  12   1   9  0.57 0.40
   53 F    1 -6 -6 -6 -5 -5 -6 -5 -5  1  2 -6  1  7 -5 -2 -3 -1  2  0   12   0   0   0   0   0   0   0   0   8  17   0   4  42   0   3   1   1   6   6  1.04 0.53
   54 S   -6 -5  4 -5 -1 -5 -5 -6  9 -4 -2 -5 -4  3 -5 -1 -3 -6 -2 -3    0   0  19   0   1   0   0   0  52   1   4   0   0  11   0   6   1   0   1   2  1.95 0.87
   55 C    0 -4  2 -4  3 -4 -4  0 -4  4  2 -4  2 -3 -5 -1  0 -5 -3  1    6   0  12   0   6   0   0   9   0  24  16   0   5   0   0   5   6   0   0  11  0.43 0.32
   56 A    1 -5 -5 -6 -1 -5 -5 -4 -6  4  2 -5 -1  0 -5 -2  2 -5 -4  4   12   0   0   0   1   0   0   1   0  27  15   0   1   3   0   3  11   0   0  25  0.71 0.42
   57 S    0 -5  3 -4  4 -4 -4  1 -5 -4 -3 -1 -5 -4 -5  2  5 -6 -5 -4    7   0  16   0   8   0   0  11   0   0   2   4   0   1   0  13  38   0   0   0  0.92 0.58
   58 N    4 -4  0  0 -4 -3  1  0 -1 -2 -3 -3 -3 -3 -3  2  0 -5 -4  1   37   0   5   5   0   0  11   6   1   2   1   0   0   1   1  13   6   0   0  11  0.48 0.38
   59 Q   -3 -3  0 -5 -4  2 -4  0 -4  2  1 -2  5 -3 -3 -1  0 -5 -4  3    1   1   4   0   0  10   0   9   0  12  15   2  15   0   1   4   6   0   0  20  0.46 0.35
   60 V    2 -6 -6 -7  3 -6 -6 -6 -6  5 -1 -6  0 -3 -5 -3 -4 -6 -5  5   16   0   0   0   5   0   0   0   0  34   4   0   2   1   0   2   0   0   0  36  1.17 0.59
   61 A    1 -5 -5 -6 -3 -6 -6  7 -6 -7 -7 -6 -7 -7 -6  0 -2 -7 -7 -7   12   1   0   0   1   0   0  78   0   0   0   0   0   0   0   6   2   0   0   0  1.99 0.87
   62 Q    2 -4 -4 -4 -4  2 -3 -1 -4  1 -1 -3 -2  0  2  3  0 -5 -3  1   15   0   0   0   0  11   1   5   0   7   6   0   0   5  11  20   6   0   0  12  0.35 0.33
   63 V   -1 -4 -5 -5 -6  2 -5  6 -6 -2 -5 -5 -5 -6 -1 -2 -2 -6 -6  1    5   1   0   0   0   9   0  64   0   2   1   0   0   0   3   2   3   0   0  10  1.37 0.68
   64 L    1 -6 -6 -6 -3 -5 -6 -6 -6  3  3 -5  2 -3 -4 -4 -2 -6 -5  5   12   0   0   0   0   0   0   0   0  15  25   0   5   0   1   0   2   0   0  39  0.98 0.53
   65 L   -6 -7 -8 -8 -6 -7 -7 -8 -7  0  7 -7 -3 -2 -7 -7 -5 -6 -1  0    0   0   0   0   0   0   0   0   0   4  86   0   0   1   0   0   0   0   2   6  1.92 0.86
   66 T    2 -5 -3 -5 -5 -4 -4  1 -5 -4 -2 -4 -3 -4 -5  5  3 -6 -4  0   18   0   0   0   0   0   0  10   0   1   4   0   0   0   0  43  17   0   0   6  0.90 0.59
   67 L   -5 -6 -7 -7 -6 -6 -7 -7 -7  0  6 -6  3 -2 -7 -6  0 -6 -4 -2    1   0   0   0   0   0   0   0   0   3  78   0   7   2   0   0   6   0   1   2  1.71 0.80
   68 P    2 -7 -7 -7 -7 -6 -6 -6 -4 -8 -8 -6 -7 -8  8 -3 -6 -8 -8 -7   13   0   0   0   0   0   0   0   0   0   0   0   0   0  83   2   0   0   0   0  2.82 1.19
   69 Y   -1 -2 -2 -4 -4 -2 -5 -6  1 -4  0 -3 -2  3 -6 -3 -1  8  6  0    6   3   2   1   0   2   0   0   3   0   9   2   1  10   0   2   4  17  31   8  1.10 0.59
   70 S    6 -6 -4 -6 -3 -4 -5 -3 -6 -6 -6 -5 -6 -5 -6  2  0 -7 -6 -3   73   0   1   0   0   0   0   1   0   0   0   0   0   0   0  16   5   0   0   2  1.69 0.89
   71 F   -3 -6 -7 -7 -5 -6 -6 -7 -6  3  2 -6  6  6 -7 -6 -1 -3 -1  2    1   0   0   0   0   0   0   0   0  14  17   0  19  28   0   0   3   0   1  15  1.18 0.61
   72 S    4  0 -3 -4 -2 -3 -3 -3 -1 -3 -4  2 -2 -6 -3  3  1 -6 -5  0   40   5   1   0   1   1   0   2   2   1   1  13   1   0   1  18   8   0   0   5  0.68 0.49
   73 Q   -2 -2  1 -2 -4  6  2 -1 -1 -2 -1 -1 -2  0 -5  0 -1 -5  1 -2    2   1   6   2   0  35  11   5   1   2   7   2   1   5   0   8   4   0   5   2  0.58 0.45
   74 L    1 -6 -5 -6 -1 -5 -6  1 -6 -2  5 -5  4 -3 -6 -2  0 -6 -5 -2   10   0   0   0   1   0   0   9   0   1  55   0  10   1   0   4   6   0   0   2  0.99 0.59
   75 G   -5 -8 -4 -7 -8 -7 -5  8 -4 -9 -9 -7 -8 -8 -7 -5 -5 -8 -8 -8    0   0   1   0   0   0   1  96   0   0   0   0   0   0   0   0   1   0   0   0  2.79 1.18
   76 M   -6 -6 -9 -9 -8 -8 -8 -7 -8  0  0 -8  3  0 -5 -8 -8 12  0 -4    1   0   0   0   0   0   0   0   0   5  10   0   6   4   1   0   0  70   2   1  3.44 1.36
   77 L    1 -3 -4 -4 -3 -3 -2  1 -4  3  1 -2 -1 -1  0 -1  0  1 -3  3   12   1   0   0   0   0   2  12   0  15  13   3   1   2   4   4   7   2   1  22  0.28 0.24
   78 S    2 -4 -3 -4 -3 -3 -3  0 -4 -1  1 -4  0 -3  4  2 -1  6 -2  0   18   0   1   0   0   1   1   6   0   3  15   0   2   1  17  14   2  10   1   6  0.52 0.38
   79 G   -1 -6 -5 -6 -6 -6 -6  7 -6 -4 -5 -6 -6 -7 -6 -3 -6 -6 -7 -6    6   0   0   0   0   0   0  87   0   1   1   0   0   0   0   1   0   0   0   0  2.30 0.98
   80 I   -3 -6 -6 -6 -1 -6 -6 -6 -6  5  2 -6  1 -1  4 -4 -1 -6 -5  3    1   0   0   0   1   0   0   0   0  30  19   0   3   2  20   1   5   0   0  16  0.95 0.55
   81 V    1 -5 -5 -6  0 -5 -5 -3 -5  4  2 -5  0  2 -1 -1  0 -5 -4  3   12   0   0   0   2   0   0   2   0  26  16   0   1   7   3   5   5   0   0  19  0.58 0.39
   82 L    0 -5 -5 -6  5 -5 -5 -4 -5  2  2 -5  1  3 -5  0 -1 -3 -2  3    7   0   0   0  11   0   0   1   0  12  17   0   4  12   0   9   4   0   1  22  0.59 0.39
   83 Q   -5 -6 -5 -7 -2  2 -6 -7 -2  1  5 -5  6 -1 -7 -4 -2 -6 -5 -3    1   0   1   0   1   8   0   0   1   8  58   0  16   2   0   1   2   0   0   0  1.30 0.70
   84 I   -1 -5 -5 -6  0 -5 -5 -3 -5  3  3 -5  1  2 -5 -2  2 -5 -3  3    4   0   0   0   2   0   0   2   0  17  27   0   3   7   0   2  11   0   0  23  0.67 0.42
   85 F    0 -5 -5 -6  0 -5 -5 -1 -5  3  3 -5  1  3 -5 -2 -2 -1 -2  2    7   0   0   0   2   0   0   6   0  14  32   0   2  14   0   2   2   1   1  16  0.62 0.39
   86 Y    2 -5 -4 -5  2 -4 -5 -1  0  0  0 -4  3  5 -5  2 -1 -3  3 -1   15   0   0   0   5   0   0   5   2   5   7   0   7  23   0  14   3   0  10   4  0.54 0.39
   87 G    4 -5 -5 -4  1 -5 -5  3 -5 -4 -4 -5 -4  2 -5  1 -2  6 -3 -4   32   0   0   1   3   0   0  24   0   1   2   0   0   8   0  12   3  11   0   1  0.91 0.56
   88 L    2 -5 -5 -5  0 -4 -5 -1 -5  4  2 -4  1  1 -5 -2 -2 -2 -1  3   17   0   0   0   2   0   0   5   0  20  21   0   3   7   0   2   2   1   2  17  0.51 0.34
   89 L   -1 -6 -6 -6 -3 -5 -5 -5 -6  5  1 -5  3  0 -6 -3 -3  5 -4  4    5   0   0   0   0   0   1   1   0  29  13   0   7   4   0   2   1   7   0  28  0.96 0.53
   90 G    1 -4 -2 -5  4  1 -4  1 -5 -3 -4 -4 -1 -1 -3  1  5 -6 -5 -3   12   0   2   0   7   7   0  11   0   1   1   0   2   3   1   9  41   0   0   2  0.82 0.57
   91 S   -1 -5 -4 -4  4 -4 -4 -3 -3 -2  2 -5  0  4 -5  0  1  4  4  0    4   0   0   1   9   1   1   2   0   2  24   0   2  16   0   8   8   6  12   5  0.58 0.40
   92 W   -5 -5 -2 -7 -2 -6 -6 -7  2 -4 -5 -6 -4  2 -7 -5 -3  7  9 -4    1   1   2   0   1   0   0   0   5   1   1   0   0   7   0   1   2  12  64   1  2.45 1.10
   93 T   -2 -6 -4 -6  4 -3 -3 -4 -6 -6 -6 -5 -6 -5 -6  2  7 -7 -1 -4    3   0   0   0   7   1   2   1   0   0   0   0   0   0   0  16  66   0   2   1  1.74 0.97
   94 A    2 -4 -3 -4  2 -3 -4  3 -4 -2  1 -3  3 -1 -4  2 -2 -2  3 -2   16   0   1   1   5   1   0  21   0   2  12   1   7   3   0  17   1   1   9   2  0.45 0.38
   95 Y   -3 -2  1 -4  0 -4 -4 -2  1  1 -1 -1 -1  0 -5  0  1  7  5 -1    2   3   6   1   2   0   0   3   3   8   6   4   1   3   0   7   8  16  22   4  0.69 0.44
   96 L   -4 -3 -3 -6 -3  3 -4 -6 -5  2  5 -4  2 -2 -6 -5 -2 -5 -5  0    1   1   1   0   0  12   1   0   0   8  58   1   5   1   0   0   2   0   0   6  1.10 0.63
   97 I   -5 -6 -7 -7 -5 -5 -7 -7 -6  3  6 -6  5 -3 -7 -6 -2 -6 -5 -2    1   0   0   0   0   0   0   0   0  15  64   0  13   1   0   0   2   0   0   2  1.58 0.79
   98 S    2 -1 -2 -3  1 -2 -3  2 -4  0 -3 -2 -2 -4 -4  3  0 -4 -1  2   19   3   2   1   3   1   1  13   0   6   1   2   1   0   1  21   4   0   2  18  0.36 0.32
   99 V   -1  1  0  3  1  2  2 -3  0 -1 -1  1 -2 -3 -3  0 -1  2 -2 -1    4   9   4  16   3   9  12   1   2   3   5  10   1   1   1   7   4   3   1   5  0.20 0.18
  100 L   -3 -3 -1 -5  8 -5 -5 -5 -5 -3  4 -5  4 -1 -5 -3 -2 -5 -4  0    2   1   3   1  31   0   1   1   0   1  35   1   9   3   1   2   3   0   0   6  1.28 0.63
  101 Y   -2 -3 -4 -4 -1 -4 -4 -4  6 -4 -1 -2 -2  0 -4 -2 -3  8  7 -1    4   2   1   1   1   1   1   1  15   1   7   2   1   3   1   3   1  17  32   5  1.30 0.60
  102 V   -1  3 -1  0 -2  1  2 -3  2  0  1 -1  0 -2 -2 -1 -1 -1 -1  0    4  15   3   5   1   5  17   2   4   6  17   2   2   1   2   2   3   1   2   6  0.18 0.17
  103 E   -2  0 -1  0  1 -1  3 -3  2  1 -1 -1  3 -1 -1  1  0 -3 -2 -1    3   4   3   5   3   1  20   2   5   9   5   3  10   2   3  11   6   0   1   2  0.20 0.19
  104 Y   -1 -2 -1 -2  0 -1 -2  1  3 -1  0 -2  2  0  0 -2 -2 -2  4  2    3   2   2   2   2   2   2  10   8   3   9   2   5   4   5   3   2   0  16  17  0.25 0.20
  105 R   -1  2  0  2  3  1  0 -2  3 -2 -2  1 -1 -2  0 -1 -1 -2 -1 -2    3  14   3  14   7   8   6   3   7   2   4   8   1   1   5   4   3   0   2   3  0.23 0.16
  106 A    1  0 -1 -1 -1  0  1  0 -1 -1 -1  0  0 -2  2  0  1 -1 -1 -1   13   5   3   3   1   3  11   9   1   3   8   4   3   1  11   7   8   1   2   3  0.11 0.09
  107 R   -1  4 -1 -1 -2  0 -1 -2  4  0 -1  1  0 -2 -1 -1  0  0 -1  0    4  24   2   3   1   4   3   3  11   6   6   8   2   1   3   4   5   1   1   9  0.28 0.19
  108 K   -1  1  0  0 -1  1  1  0  0 -2  0  1  0 -1 -2  0  1  4  0 -1    3   8   4   5   1   5  10   7   2   2  10   9   2   3   2   7   9   5   3   3  0.09 0.09
  109 E    0 -1  1 -1  0  0  1  3  0 -2 -2 -1 -1 -2  2  0 -1 -3 -2 -1    7   4   7   2   2   5  10  23   2   3   4   2   2   2  11   6   3   0   1   3  0.21 0.15
  110 K   -2  3 -1  0 -3  0  1 -3  1 -2 -2  3 -1 -3  0 -1 -2 -3  0  0    2  19   3   4   0   3   8   2   4   3   4  22   1   1   4   4   2   0   4   9  0.33 0.23
  111 E   -2  5 -2 -1 -5  0  2 -3  1 -4 -4 -2 -3 -4  4 -2 -1 -4  3 -4    3  27   1   4   0   4  12   2   3   1   1   1   1   0  21   3   4   0  11   1  0.71 0.47
  112 G   -2  1  3 -2  3  0 -2  3  0 -3 -2 -1 -3  1 -2  0 -2 -1  1 -3    2   8  16   2   7   5   1  24   3   2   4   4   0   5   2   7   1   1   4   2  0.36 0.28
  113 K   -2  1 -2 -2 -4 -1  0 -3  0 -1  1  2  2 -1 -1 -1  0 -3  3  1    3   9   1   2   0   2   5   1   2   3  12  16   6   2   4   4   7   0  13   9  0.21 0.23
  114 S   -2  5 -1  2 -2 -1  0 -3  2 -4 -4 -2 -3 -5 -1  0  3  3  1 -3    3  29   2  13   1   2   6   2   6   1   1   1   0   0   3   5  16   4   4   2  0.59 0.45
  115 F   -2 -1  1 -4  3 -4 -5 -3  0 -2 -1 -2 -1  6 -5 -1 -2 -3  6 -1    3   3   6   1   6   0   0   2   2   2   6   2   1  28   1   4   3   0  24   4  0.82 0.50
  116 K   -2  3  0  3 -5  0 -2  1 -1 -2 -3  1  3 -4  0 -1 -1 -5 -1 -1    2  19   4  16   0   4   2  11   2   2   1   7   9   0   5   5   3   0   3   4  0.34 0.31
  117 N   -2  3  2  4 -3  0  1 -2  0 -3 -2  1 -2 -5  2 -2 -1 -3 -3 -4    2  19   9  22   0   4   7   3   2   1   4   7   1   0   9   2   4   0   1   1  0.47 0.34
  118 H    2  0 -2 -3 -1 -2 -3 -1  4 -1 -3 -1  0 -2  1  0 -1 -1  5 -1   16   5   2   1   1   1   1   4  12   5   2   3   3   1   8   7   3   1  21   4  0.43 0.34
  119 V   -1 -2  0 -3  1 -2 -3 -1  4  2  0 -2  1 -2 -2 -2 -1 -3  1  4    5   2   4   1   3   2   1   6  11  10   9   1   3   1   2   3   2   0   6  28  0.32 0.25
  120 I    0  1 -1  0 -2  1  2 -2  1  1  0 -1  0 -2  0 -1  0 -3 -1 -1    7   9   2   6   1   7  17   2   4  11   7   3   3   2   5   4   5   0   1   4  0.13 0.15
  121 Q    1  0  0 -1 -2  2 -2  0 -2 -2  2 -2 -1 -2 -2  1  2 -3 -1 -1   12   5   4   3   1  10   2   6   1   1  20   1   1   1   2  12  13   0   2   3  0.17 0.21
  122 W    1 -3 -2 -4 -3 -4 -4  2 -2 -1  0 -4  0  2 -2 -3 -3  5  6 -1   13   1   2   1   1   0   1  17   1   4   8   1   2   7   2   1   1   7  25   4  0.62 0.41
  123 F    0  1 -2 -3 -4  3 -2  1  0 -2  0 -1  0  3  2 -1 -1 -3  0 -2    8   8   1   0   0  13   1  13   3   2  12   2   2  12  10   4   3   0   3   2  0.21 0.23
  124 E   -1 -2 -1  4 -2 -1  4  2  4 -4 -4 -1 -5 -5 -3 -2 -2 -6 -2 -2    5   2   3  20   1   2  27  15  11   1   1   3   0   0   1   2   2   0   2   3  0.63 0.45
  125 V    3 -1 -3 -4 -2 -3 -2 -1 -3  3  1 -1  3 -3 -4 -1 -1 -2 -2  3   24   4   1   1   0   0   2   4   0  16  10   4   7   1   0   3   4   1   2  18  0.35 0.31
  126 L    2 -2 -2 -4 -4 -2 -4  2 -3 -1  1 -1  1  4 -2 -2 -1 -1 -2  0   20   2   2   0   0   1   0  16   1   3  15   4   3  19   2   2   4   1   1   5  0.33 0.30
  127 D    0  0 -1  1 -4  0  0  4  0 -2 -2 -1  0  0 -2 -1 -1 -2  1 -1    6   5   2   8   0   4   6  31   3   1   4   4   2   5   2   3   3   0   6   5  0.26 0.23
  128 G    0  2 -2  1  2  1  1  2  1 -1 -3  0 -2 -1  1 -1 -1 -2 -1  0    7  11   1   7   5   5  10  16   3   3   2   6   0   3   8   4   2   1   2   7  0.14 0.16
  129 L    1  1 -2 -3 -1 -2 -2 -1 -2  2  2  3 -2 -2 -2  0 -1 -2 -3  0   12   6   2   0   1   0   1   4   1  12  20  20   0   2   1   6   4   0   0   6  0.21 0.24
  130 L   -1 -4 -5 -6  3 -5 -6 -5 -5  1  4 -4  2  4 -6 -3 -3  2 -1  0    4   1   1   0   6   0   0   1   0   8  44   1   4  17   0   1   1   3   1   6  0.85 0.49
  131 G   -1 -3 -3 -4  1 -2 -5  7 -6 -1 -4 -5 -2 -6 -6 -2 -4 -2 -6 -3    4   2   1   1   3   2   0  74   0   4   2   0   1   0   0   2   1   1   0   2  1.61 0.80
  132 S   -1  2 -1 -1 -2  0 -2 -1 -1 -1  1  1 -1  0  3  1  0 -1 -1 -1    4  11   2   2   1   4   1   6   1   2  14  10   1   4  14  10   5   1   2   5  0.15 0.17
  133 Y   -1  0 -3 -4 -4 -2 -3  0  1  1 -1  0 -2  2 -3 -3 -1  8  4 -1    4   5   1   1   0   1   1   7   3   8   5   7   1   9   1   1   5  22  14   4  0.73 0.44
  134 W    0 -4 -4 -4 -1  1 -4  2 -4  3  1 -4  2 -2 -1 -2 -2  8  0 -1    7   1   0   1   1   6   0  15   0  16  12   1   4   1   3   3   2  20   2   4  0.65 0.42
  135 K    0  3 -1 -2 -1  0 -2  0 -1  1 -1  1  1 -2 -3 -1 -1 -3  1  2    8  17   3   1   1   5   1   7   1   7   5   8   4   1   0   4   2   0   6  17  0.16 0.20
  136 A    0  0 -1 -3 -2 -2 -1  0 -1  2  1 -1  1  1 -3 -1 -1  4  2  2    7   5   3   1   1   1   3   7   2  11  13   3   3   4   0   3   3   5   9  16  0.13 0.16
  137 L    0 -4 -1 -4 -2 -4 -4 -3 -2  2  1 -3  0  3  0 -2 -1  0  3  3    9   0   4   0   1   0   0   1   1  10  10   1   2  13   6   2   4   1  10  24  0.34 0.29
  138 G   -2 -1 -1 -2 -2  1  1  1 -3  1  1 -2  0  2  0 -1  0 -3 -1  1    2   2   3   1   1   8  12  10   0  10  14   1   1   9   5   3   8   0   1  10  0.10 0.17
  139 L    0 -3 -3 -3  1  0 -2 -1 -4  0  2 -3 -1  0 -3  1  0 -2 -2  3    6   1   0   1   4   6   2   5   0   5  20   1   1   3   1  13   5   0   1  27  0.27 0.28
  140 A    2 -4 -2 -4 -2 -3 -4  4 -3  1 -1 -3  0  2 -3 -1 -2 -2  2  1   15   0   1   0   1   1   0  29   0  10   6   1   3  10   1   4   2   0   7   9  0.38 0.31
  141 F    0 -4 -3 -4  2 -4 -4  0 -1  1  1 -4  0  4  0 -1  0 -3  0  2    6   0   1   0   5   0   0   7   1   8  10   0   3  23   4   5   5   0   3  16  0.33 0.28
  142 N   -1 -3  2  1  5  1 -2 -1 -3  1  0 -3  0 -1  0  0  1 -4 -1  0    5   0  14   7  12   7   0   4   0   9   8   0   3   3   4   5   9   0   2   8  0.21 0.23
  143 C   -1 -4 -2 -3  7  2 -3 -4 -3  4 -1 -4 -1 -2 -5 -1 -1 -4  2  1    4   0   2   1  22  12   1   1   1  26   4   0   2   2   0   3   4   0   8   8  0.73 0.48
  144 T   -1 -4 -3 -4 -1 -3 -1  0 -3  2  0 -4  0  1 -3 -2  2  0  0  4    5   0   1   0   1   1   4   8   1  10   9   0   2   6   1   1  13   1   4  34  0.37 0.32
  145 F    0 -4 -3 -3 -1 -3  1  1  0  0 -2 -4 -1  2 -5 -2  0 -1  6 -2    9   0   1   1   1   0   9  11   2   6   4   0   2   9   0   3   6   1  32   2  0.59 0.44
  146 L   -2 -4 -2 -4 -1  0 -3 -4 -4  1  3 -4  5  1 -2 -1  2 -4  0  1    3   0   2   0   1   4   1   1   0   9  25   0  17   7   1   4  13   0   4   8  0.45 0.35
  147 L   -1 -4 -2 -4  2 -3 -4 -3 -4  3  1 -3  2  1 -4 -1 -1 -4  1  3    4   0   2   1   5   1   0   2   0  21  12   1   5   5   0   5   3   0   5  26  0.44 0.32
  148 F    0 -4 -3 -4  0 -4 -3  1 -4  2 -1 -4  1  3 -4 -1  4 -4  0 -1    9   0   1   0   2   0   2  12   0  15   6   0   4  14   0   3  26   0   3   3  0.43 0.37
  149 G    2 -4 -1 -4 -1 -2 -3  5 -4  0 -2 -4 -1 -3 -4  0  0 -5 -2  1   15   0   3   0   1   1   1  43   0   6   3   0   2   1   0   5   5   0   1  11  0.65 0.43
  150 S    2 -4  0  0  3 -2 -2  3 -4 -3 -3 -3  0 -3 -2  2  0 -4 -1 -2   21   0   3   4   7   1   2  23   0   1   2   1   3   1   1  18   6   0   2   2  0.43 0.36
  151 V    0 -2  1 -2  2 -1 -2  0 -2  3 -1  0  0 -3 -3  0  1 -4 -3  3    6   2   7   2   5   3   1   8   1  17   3   7   3   0   0   6  11   0   0  20  0.20 0.22
  152 I    0 -2 -1 -1 -1 -2 -1 -1 -3  3  1 -1  2 -1 -3  2 -1 -4 -2  2    6   1   2   2   1   0   4   4   0  17  14   5   5   2   0  18   3   0   1  12  0.18 0.21
  153 Q    0 -1 -2 -2 -1  2 -1 -2  2 -1  1  0  2  0 -3  1  0 -3  1 -1    8   2   1   1   1  10   2   2   5   3  18   5   6   4   0  15   7   0   6   3  0.14 0.21
  154 L    1 -1 -2 -3  0 -1 -2 -1 -1  1  3 -2  2 -1 -4  0 -1 -3 -1  1   10   2   2   1   2   3   1   6   2   6  31   2   6   2   0   7   3   0   2   8  0.19 0.22
  155 I    1 -1 -3 -4  1 -1 -3  0 -2  3  1  1  0 -2 -4 -1 -1 -4 -3  1   13   2   1   0   3   2   1   9   1  21  16  11   2   1   0   3   2   0   0   9  0.22 0.24
  156 A    1 -1  0 -1 -1  0  0 -1  0  1  1  1  0  1 -3 -1  0 -3  0  0   12   3   4   2   1   6   4   4   3  10  15   9   2   8   0   2   6   0   3   5  0.04 0.10
  157 C    0 -3 -2 -2  6 -1 -1 -2 -2  0  0 -1 -1  4  0  0 -1 -1 -1 -1    8   1   1   1  17   4   5   3   1   4   7   4   1  19   5   9   3   1   1   5  0.33 0.29
  158 A    2  1  0 -2 -2 -1 -2  2  3 -1 -1  0  0  0 -2  0  0 -4 -1 -1   20   8   4   1   1   2   1  14   7   3   5   5   3   4   1   7   6   0   2   4  0.14 0.16
  159 S    0 -2  1  3 -1  1  1 -1 -2 -2 -3  1 -3 -3 -2  3  0 -5 -1 -1    5   1   5  17   1   7   7   3   1   3   1  10   0   1   1  23   6   0   2   6  0.29 0.27
  160 N   -1 -3  5 -1 -2 -2 -2 -1  0  1  0 -2  2 -4 -2  1  1 -3 -1 -2    6   1  36   3   1   1   2   3   2   8   9   1   5   0   2   9   8   0   2   3  0.49 0.37
  161 I   -1 -2 -2 -3  4 -3 -4 -2 -2  3  2 -3  4 -1 -4 -1 -1  0 -3  1    5   2   2   1   9   1   0   3   1  20  22   1  13   2   0   4   3   1   1   9  0.43 0.29
  162 Y   -1 -3  2  0  5 -1  0 -3  2 -1 -3 -2  0  2 -3  0 -1  0  4 -2    5   1  11   6  11   3   7   1   5   3   2   1   2   9   1   7   3   1  19   2  0.40 0.31
  163 Y   -1  0  0  0  0 -1 -1 -2  4 -1 -1  1 -1  0  0  0  1  0  3 -1    5   4   4   5   3   1   2   2  11   3   7   9   1   4   5   9   9   1  12   3  0.14 0.17
  164 I   -1 -1 -1 -1 -1 -2 -2 -1 -1  2  3 -1  1  1  0 -1 -1 -2 -2  0    5   2   3   4   1   0   2   4   1  12  31   5   4   6   5   6   2   0   1   5  0.16 0.17
  165 N   -1 -3  4 -1  3 -2 -2  1  2  0 -2 -1 -1  2 -2  1  1 -1 -1 -1    4   0  20   2   8   1   1   9   5   6   4   3   1   9   2  11   9   1   1   4  0.24 0.23
  166 D   -1 -2  0  3 -1 -1  0  3  0 -2 -3  1 -1 -2  4 -1 -1 -5 -2 -3    3   2   4  16   1   2   4  21   2   3   2   8   1   2  19   4   4   0   1   2  0.37 0.26
  167 H   -1 -1  2  0 -4  0  0  0  6 -4 -4  0 -4 -1  2  1  0 -5 -2 -3    4   3  11   4   0   3   6   6  24   0   1   6   0   3  10   9   7   0   0   1  0.49 0.34
  168 L   -1 -3 -2 -3 -2 -3 -3  1 -1  2  3 -3  4  1 -1 -2 -2  0 -1  1    4   0   2   1   0   1   1  10   1  14  31   1  12   6   3   2   1   1   1   8  0.32 0.26
  169 D    0  0  1  3 -4 -1 -1 -1  0 -2 -3  2 -2 -2 -1  2  2 -5 -3 -3    5   5   7  17   0   2   1   4   2   2   2  14   0   2   2  18  15   0   0   1  0.31 0.27
  170 K   -1 -2 -1 -1  3  0 -2  0 -2  0  1  2  0  1 -1  1  0 -3 -1 -1    3   1   2   3   8   5   1   8   1   4  19  16   2   7   2  10   7   0   1   2  0.11 0.17
  171 R   -1  3  0 -3  5  0 -2 -3  0 -2 -2  0 -2 -2 -3  1  2 -3  2  0    2  17   5   0  14   4   1   1   3   2   4   6   0   1   1  12  13   0   7   6  0.32 0.28
  172 T   -2 -2 -2 -2 -2  0  1 -1  3  1  0 -2  1  0 -1 -1  2  0  4  0    2   2   0   1   1   4   9   4   8  11  11   1   4   3   4   2  14   1  16   5  0.20 0.22
  173 W   -3 -5 -4 -4  0 -3 -5 -4 -4 -2 -1 -5 -2  5 -6 -4 -3  9  4  1    2   0   1   1   2   1   0   1   0   2   6   0   1  25   0   1   2  33  14   9  1.58 0.66
  174 T   -2 -3 -2 -4 -2 -2 -3 -2 -3  3  0 -1  4  2 -3 -1  1 -1  1  1    2   0   1   0   1   1   1   2   0  24   8   5  12  11   1   4  11   1   5  10  0.33 0.27
  175 Y   -1 -3 -4 -4  0 -3 -4 -1 -2  3  2 -3  2  1 -2 -1 -2 -1  2  1    5   1   0   0   2   1   0   6   1  22  25   0   7   6   2   4   2   1   7   9  0.33 0.24
  176 I   -1 -4 -5 -5  1 -3 -4 -3 -3  5  1 -4  1 -1 -4 -2 -1 -4 -3  3    5   1   0   0   3   1   0   2   1  42  10   1   4   3   0   4   2   0   0  22  0.73 0.41
  177 F   -2 -5 -5 -6  3 -5 -5 -5 -4  0  0 -5 -3  7 -5 -3 -2  2  0  3    2   0   0   0   7   0   0   1   0   5   6   0   0  49   0   2   3   2   2  18  1.17 0.56
  178 G    3 -4 -3 -3 -4 -4 -3  5 -4 -3 -2 -4  0 -1 -2 -1  1 -4 -4 -1   21   0   0   1   0   0   1  46   0   1   5   0   3   2   2   4   8   0   0   4  0.75 0.43
  179 A    3 -3 -2 -4  3 -2 -3 -1 -4  2  1 -3  1 -1  0  0 -1 -4 -3  2   27   0   1   0   7   1   0   5   0  10  11   0   4   3   5   8   2   0   0  13  0.29 0.25
  180 C    0 -4 -5 -5  4 -4 -4 -4 -4  3  2 -4  0  2 -3 -2 -2 -3 -1  3    8   0   0   0   9   0   0   1   0  20  15   0   2  10   1   3   1   0   1  26  0.54 0.33
  181 C    0 -3 -2 -3  3  2  0 -3  2  2  2 -3  3 -1 -4 -1 -1 -4 -3  1    7   0   1   0   8  12   7   1   6  12  22   0   8   2   0   4   2   0   0   9  0.29 0.26
  182 A    0 -4 -4 -4  0 -4 -4 -4 -4  3  2 -4  1  2 -4  0  0  2 -2  2    9   0   0   0   2   0   0   1   0  19  25   0   3  10   0   8   7   4   0  12  0.40 0.28
  183 T   -1 -3 -4 -3 -2 -3 -4 -3 -4  1  2 -3  1  1  4 -1  1 -4 -2  2    4   1   0   1   1   0   0   2   0   9  18   0   3   7  25   3   9   0   1  16  0.49 0.32
  184 T   -2 -4 -4 -5 -2 -4 -4 -5 -4  1  4 -4  1  3 -3 -2  2 -4 -2  1    2   0   0   0   0   0   1   1   0   7  48   0   2  12   1   3  14   0   0   8  0.67 0.41
  185 V    1 -3  0 -3  1 -3 -3 -2 -4  0  0 -3  0 -2 -3  3  2 -4 -3  2   11   0   3   1   3   0   0   3   0   6   7   0   2   2   0  29  12   0   1  19  0.37 0.32
  186 F   -3 -3 -4 -4 -2  5 -3 -5  1 -1  0 -3  1  4 -4  0 -2  6 -1  0    1   0   0   0   1  29   0   0   4   3   9   0   4  19   0   8   2  11   1   7  0.73 0.47
  187 I   -3 -4 -4 -5  0 -5 -5 -4 -5  4  5 -5  1  1 -4 -4 -2 -4 -2  1    0   1   1   0   2   0   0   1   0  22  52   0   3   6   1   1   2   0   1   8  0.86 0.45
  188 P   -3  2 -3 -4 -6 -2 -3 -1 -4 -3 -6  1 -5 -3  8 -4 -3 -6 -6 -6    1  10   1   1   0   1   1   5   0   2   0   8   0   1  67   1   1   0   0   0  1.84 0.79
  189 S   -2  1  5  2 -4 -3 -2 -3 -2 -3 -4 -2 -3 -2 -4  4  2 -5 -4 -4    1   7  26  11   0   0   1   1   0   1   1   1   0   2   0  31  15   0   0   0  0.74 0.48
  190 F   -2 -3 -5 -5 -4 -5 -5 -5 -5 -1  3 -5  0  6  3 -4  1 -3 -1 -1    2   1   0   0   0   0   0   0   0   3  33   0   2  34  13   0   9   0   1   3  0.90 0.50
  191 H   -1  2  3  1 -4  0 -1 -2  6 -3 -1  2  1 -4 -1  0 -2  0 -3 -3    4  12  16   7   0   2   1   2  20   1   6  13   5   0   3   5   1   1   0   1  0.45 0.33
  192 N   -1 -2  2  3 -3  0  0 -3  1 -2 -1  1  0 -2 -2  3 -2 -3 -1 -2    4   0  11  15   0   5   5   0   4   2   6   8   2   1   1  29   0   0   1   3  0.32 0.30
  193 Y   -3 -4 -1 -4 -4 -4 -4 -3 -3  3  3 -1  1  3 -2 -2 -3 -3  2  0    0   0   3   1   0   0   0   2   0  17  35   5   2  15   3   2   1   0   9   5  0.52 0.35
  194 R    1  3 -2 -4  0 -1 -2 -2 -1 -4 -3 -1  1 -4 -3  3  1  7 -2 -2   13  20   1   0   2   2   1   2   2   0   2   3   4   0   0  23   8  14   0   2  0.58 0.41
  195 I   -1 -3 -3 -3  0 -1 -3  1  2  1 -1 -3  0  1  0  0 -1  7  3  0    3   0   0   1   2   4   1  13   5  11   6   0   2   6   5   6   3  14  10   7  0.36 0.26
  196 W   -1 -4 -5 -5 -4 -4 -4 -3 -4  3  2 -2  0  2 -5 -3 -1  7  1  3    5   0   0   0   0   0   0   1   0  15  22   3   1   7   0   2   3  14   4  23  0.65 0.37
  197 S    0 -3  2 -2  0 -3 -3 -3 -4 -1 -2 -4 -2 -5 -4  6 -2 -6 -5 -2    7   1   9   2   2   0   1   1   0   5   3   0   1   0   0  64   1   0   0   3  1.05 0.64
  198 F    1 -4 -4 -4  1 -3 -4 -3 -4  3  2 -4  1  3 -4  0 -2 -1  2  1   11   0   0   0   3   0   0   2   0  17  25   0   3  15   0   7   1   1   6   8  0.40 0.28
  199 L    1 -4 -4 -4  0 -4 -3 -1 -1  3  3 -4  0  1 -3 -2 -1 -1 -2  3   10   0   0   0   2   0   1   6   2  17  26   0   1   5   1   2   3   1   1  21  0.38 0.27
  200 G    4 -4 -2 -4  0 -4 -4  4 -4 -2 -5 -4 -3 -5 -4  2 -1 -5 -2 -3   38   0   1   0   2   0   0  32   0   2   0   0   0   0   0  18   3   0   2   1  0.89 0.52
  201 L    4 -3 -2 -3 -3 -1 -3 -3 -4  1  1 -3  1 -2 -3  1  1 -4 -1  1   37   0   1   1   0   2   0   1   0   7  14   0   3   1   0   8   8   0   3  12  0.39 0.33
  202 G    0 -3 -1 -4 -3 -3 -3  0 -3  3  2 -3  2  2 -4 -2 -1 -3 -2  3    8   1   4   0   0   0   0   9   0  17  16   0   7  11   0   2   2   0   0  21  0.30 0.24
  203 M    1 -3 -3 -4  1 -3 -3  0 -3  0  2 -1  6 -2 -3  1  1 -3 -1 -1   11   0   0   0   3   0   0   7   0   3  17   4  27   1   0   9  12   0   2   3  0.42 0.34
  204 T    1 -3  0 -3  3 -3 -3 -2 -3 -1 -2 -3  0 -3 -3  4  3 -4  0  0    9   0   3   0   7   0   0   2   0   3   3   0   2   0   0  34  23   0   4   7  0.49 0.38
  205 T   -1 -3 -1 -3  2 -3 -3 -2 -3  3  1 -3  0  3 -3  0  2  0 -2  1    4   0   4   0   4   0   0   2   0  17  17   0   2  13   0   8  15   1   0  11  0.28 0.25
  206 Y    1 -2 -2 -3  1 -2 -3  1 -1  0  1 -2  0  1 -1  1  1 -2  2  0   13   2   0   0   3   0   0  12   1   7  12   0   3   6   2  11  10   0  10   8  0.13 0.16
  207 T    0 -3 -3 -2  1 -3 -3 -1 -2  2 -1 -3  0  1 -2  0  2 -2  6  0    7   0   0   2   3   0   0   5   0  11   4   0   3   5   2   6  14   0  29   7  0.44 0.34
  208 A    3 -3 -2 -3  3 -3 -2 -1 -3 -1 -1 -3  1 -2 -1  3  0 -4 -2  2   23   0   1   0   7   0   2   4   0   2   5   0   4   2   3  27   4   0   1  15  0.35 0.32
  209 W   -1 -3 -2 -4 -1 -2 -3 -1  0  2  0 -3  0  0 -1 -1  2  6 -1  2    5   0   1   0   1   1   0   5   3  14   9   0   3   4   3   5  17  12   2  13  0.32 0.27
  210 Y   -2 -4 -2 -4  3 -3 -4 -2  0  3  2 -3  3  1 -4 -1 -1 -3  3  1    2   0   2   0   7   0   0   3   3  23  18   0   9   6   0   6   3   0  11   7  0.36 0.28
  211 L    1 -3 -3 -3 -1 -1 -3 -1  1  2  2 -2  2  0 -2 -1  0  0 -1  2   14   0   0   0   1   3   0   4   5  16  18   2   5   2   1   5   4   2   1  16  0.18 0.18
  212 A    0 -3 -3 -2  0  0 -3 -2 -1  1  0 -1  0  1 -2 -1  2  6  2  1    7   0   0   2   2   5   0   3   1   7  11   3   3   6   2   3  14  13   7  10  0.26 0.22
  213 I    1 -3 -3 -4  0 -1 -3  0  1  4  0 -3  1  0 -3 -2 -1  3 -1  2   11   0   0   0   2   3   1   9   4  29   6   1   4   4   0   2   3   5   1  13  0.28 0.24
  214 A    3 -2 -1 -1  0 -2 -3  2 -4  1  0 -3 -1 -1 -3  0  0 -4 -1  1   26   2   2   3   2   1   1  15   0   6  11   1   1   3   0   5   5   0   2  13  0.23 0.22
  215 S    1 -2 -2 -3  4  0 -2  2 -4 -1 -1 -2 -2 -3 -3  3  0 -2 -2 -1   12   2   1   1   8   5   1  18   0   3   7   2   1   1   1  24   6   1   1   5  0.33 0.29
  216 I    0 -3 -3 -2 -1 -4 -2 -1 -1  4  2 -3  0  0 -4 -1 -2 -2 -2  3    7   1   1   3   1   0   2   4   2  23  18   1   2   5   0   6   2   0   1  21  0.36 0.27
  217 I    0 -1 -1 -2 -3  0 -2 -1  2  3  0 -2  1  0 -3  0  0  3  2  1    7   4   3   1   0   5   1   5   5  19   7   2   3   4   1   8   4   4   7  10  0.14 0.17
  218 H   -1  0  1  2 -4  0  0 -1  3  0 -2  3 -1 -1  0 -1 -1 -2  0  0    4   5   7  13   0   4   4   3   9   5   3  18   2   2   5   2   3   0   3   7  0.20 0.20
  219 G   -1 -2 -2  1 -5 -1 -1  6  0 -2 -3 -2 -2 -4  0 -2 -3 -2 -3 -2    4   2   2   8   0   3   3  51   3   3   3   2   1   1   5   2   1   1   1   3  0.79 0.47
  220 Q    0  1  0  0 -1  1 -1 -1  1 -1 -2  0 -1 -2  2  1  1 -2  0  1    5  10   3   4   2   9   2   4   3   4   3   6   1   1  10  10   8   0   3  12  0.11 0.14
  221 A    1  0 -1 -1 -2  0 -1  1  1  0 -1 -1  0 -2  1  1  1 -3 -1  1    9   4   3   3   1   5   4   9   4   6   6   3   2   2   6  15   8   0   2  10  0.07 0.10
  222 E    0 -1  0  1  1 -1  1 -1  3 -2 -3  0 -2 -1  4  0  0 -1  0 -1    6   3   4   8   4   3   8   6   7   2   2   7   1   3  18   6   6   1   3   5  0.22 0.19
  223 G   -1 -2  3  2 -3 -2 -2  4  1 -4 -2 -1 -1 -2 -1 -1 -1 -3 -2 -2    4   2  15  13   1   2   2  32   3   1   5   3   2   2   4   4   3   0   1   2  0.48 0.34
  224 V    0 -3 -3 -4 -4 -1 -2 -2 -2  1 -1 -2 -1  1  1 -1 -1 -5 -1  5    9   1   1   1   0   2   2   4   1   8   6   2   1   6   8   5   4   0   2  37  0.43 0.34
  225 K   -1 -1 -1  0 -4  1  0 -1  2 -1 -1  1 -1 -1  2  1  1 -4 -1 -1    5   3   2   6   0   6   5   4   5   3   6  11   1   3   9  14  11   0   2   5  0.14 0.16
  226 H    0  0 -2 -2 -5 -2  0  1  7 -1 -1 -1 -2  0 -3 -1 -2 -4  4  0    7   5   2   2   0   1   5   9  25   3   7   3   1   3   1   4   2   0  14   8  0.52 0.35
  227 S   -1 -1 -1  0 -1  0 -1 -2  2 -4 -3  0 -4 -3 -2  4  4  0 -2 -2    4   2   3   6   2   4   4   3   4   0   3   6   0   1   2  30  22   1   1   3  0.45 0.37
  228 G    1 -2  0  0 -3 -1 -1  2  0 -2 -3 -1 -1 -2  2  1  1 -2  1 -1   12   1   3   5   0   2   3  19   2   2   2   3   1   1  11  13   9   0   5   4  0.23 0.21
  229 P    0 -4 -2  0 -5 -1 -1 -2 -2 -2 -3  0 -3 -4  6  1  2  2 -1 -1    8   1   2   5   0   2   3   3   1   2   2   5   1   1  35  10  11   3   2   4  0.65 0.42
  230 T    0  0 -1  0 -3  1  1  0  2 -2 -1  0 -2 -2 -1  1  2  0 -2  0    8   6   2   4   0   8   8   8   5   2   6   6   0   2   2   8  16   1   1   8  0.12 0.15
  231 K   -2  1  3  1 -4  1  0 -1 -1 -2 -3  4 -2 -4 -2  1  0 -5 -3 -3    2   6  17   7   0   4   4   4   1   3   3  28   1   0   1  13   7   0   0   1  0.40 0.30
  232 L    0  0 -1 -3 -3 -1 -3 -3 -3  1  2 -2  1  0 -2 -1  0  4  1  2    8   5   3   1   0   2   1   0   0   9  22   1   4   4   2   5   6   7   5  15  0.21 0.18
  233 V   -1 -2 -1 -2 -2  0 -1 -2 -2  0  0 -2  0  4 -1 -1  0  5  2  1    5   2   3   2   1   6   3   2   1   4   8   1   2  19   2   6   6   9   6  14  0.24 0.20
  234 L   -1  1  2  0 -3  0  0  1  1 -2  0  0 -1  1  0  1  0 -2 -1 -2    4   9  11   4   0   5   4  13   3   1  12   5   1   8   3   9   5   0   1   1  0.08 0.10
  235 Y    1 -3 -1 -1 -2 -2 -2  0 -2  0  0 -2  0  3 -3  0 -1  3  3  1   12   1   2   3   0   1   1   9   0   6   9   1   2  17   1   7   3   4  10  12  0.17 0.16
  236 F   -1 -3 -1 -4 -2 -4 -4 -3 -4  0  1 -4  0  7  3 -2 -2  1 -1 -1    6   1   3   0   1   0   0   1   0   5  11   0   1  46  14   2   1   2   0   3  0.84 0.43
  237 T   -2 -2  2 -2 -3  2 -1 -1 -1  0  1 -2  0  2 -2  0  2 -1 -1 -1    1   1  14   0   0  10   2   5   1   6  13   0   2  11   1   8  18   1   1   4  0.17 0.20
  238 G    4 -3  1 -3 -2 -2 -3  3 -3 -2 -3 -3 -3 -4 -1  2  0 -4 -3 -1   40   0   7   0   1   1   0  22   0   1   2   0   0   0   3  13   4   0   1   3  0.54 0.35
  239 A    2 -3 -4 -4 -2 -3 -3 -2 -3  2  3 -3  1  2 -2 -1  0  0 -1  1   18   0   0   0   1   0   0   2   0  11  34   0   3   9   1   4   5   1   2   8  0.33 0.24
  240 T    1 -4 -1 -3 -2 -3 -3  5 -4  1 -2 -3 -1 -4 -3  1  2 -4 -4 -1    9   0   2   0   1   0   0  47   0   9   2   0   2   0   1  11  12   0   0   3  0.66 0.36
  241 N    0 -2  3  1 -3 -1 -1  0 -2  1  0 -2 -1 -3 -1  0  2 -4 -3  0    6   0  19   9   0   3   2   5   0  13   9   1   1   0   3   7  13   0   0   7  0.17 0.17
  242 I   -2 -4 -3 -4 -2 -2 -4 -3 -3  6  0 -4  1  2 -4 -4 -2 -3  2  2    3   0   1   0   1   2   0   2   1  53   5   0   4   7   0   1   1   0   7  11  0.81 0.40
  243 L    3 -3 -3 -4 -2 -2 -3 -1 -3  2  2 -3  3 -1 -2 -1 -1 -3 -2  1   31   0   0   0   0   1   0   5   0  14  21   0   7   2   1   4   2   0   1  10  0.34 0.26
  244 Y    0 -4 -3 -5 -1 -2 -4 -3 -3 -2 -1 -4 -3  7 -4 -1 -1  0  4 -2   10   0   1   0   1   2   0   2   0   1   4   0   0  55   0   5   3   1  12   1  1.12 0.50
  245 T    4 -4 -2 -3  4 -3 -2  0 -4 -2 -4 -3 -3 -4  0  2  2 -4 -4 -2   43   0   1   0  10   0   2   6   0   3   0   0   0   0   4  13  14   0   0   2  0.64 0.40
  246 F   -4 -5 -5 -5 -3 -3 -5 -5 -3 -2 -2 -5 -1  6 -5 -3 -1  3  7 -1    1   0   0   0   1   1   0   0   0   2   3   0   1  40   0   2   5   4  35   5  1.40 0.59
  247 G    2  0 -1 -2  3 -1 -1  4 -2 -3 -3 -2 -3  0 -2  1 -1 -3  1 -3   17   7   2   0   6   1   4  30   0   0   1   1   0   5   2  14   2   0   6   1  0.38 0.26
  248 G    0 -4 -1 -3 -5 -4 -4  6 -2 -4 -5 -4 -4 -1 -4 -1 -2 -4  2 -4    6   0   2   1   0   0   0  69   1   1   0   0   0   3   0   3   2   0   8   1  1.27 0.55
  249 H   -1 -3  3 -2 -2 -2 -2 -4  9  0 -4 -3 -2 -3 -4  1 -2 -5 -2 -2    6   0  11   2   1   1   2   0  54   6   1   0   1   1   0  10   1   0   0   3  1.41 0.62
  250 A    2 -3  3 -2 -1 -1 -2  3 -1 -2 -2 -2  0 -3  1  1  0 -2 -2 -1   20   0  15   1   1   1   0  21   1   2   2   1   3   1   6  13   4   0   1   5  0.30 0.24
  251 V    0 -4 -5 -5 -1 -4 -4 -5 -5  4  1 -4  2 -2 -4 -2 -1 -4 -3  5    8   0   0   0   1   0   0   0   0  25   9   0   5   1   0   2   2   0   0  45  0.81 0.42
  252 T   -1 -4 -2 -4 -3 -3 -4 -4 -3  2  2 -4  0  5 -1 -2  1 -2  1  2    5   0   1   0   0   1   0   0   0  11  18   0   1  28   3   2   9   0   3  16  0.46 0.29
  253 V   -3 -5 -5 -5 -5 -4 -5 -5 -5  2  2 -4 -1  0  6 -4 -3 -5 -4  2    1   0   0   0   0   0   0   0   0  10  24   0   1   5  44   1   1   0   0  14  1.13 0.53
  254 E   -2 -2  2  0 -4  1  4  0  2 -3 -4 -1  0 -4  1  0  2 -5 -3  0    0   0   9   2   0   4  34   7   5   0   0   2   3   0   6   5  14   0   0   8  0.44 0.31
  255 I   -1 -5 -6 -6  1 -5 -5 -6 -5  6  2 -2  2  1 -5 -5 -3 -5 -4  2    5   0   0   0   3   0   0   0   0  50  20   3   5   5   0   0   0   0   0   9  0.97 0.44
  256 M    0 -1  1 -3  2  4  1 -2  0 -1 -2 -1  2 -2 -2 -2 -2 -3  4 -1    7   2   7   0   4  25   8   2   2   4   3   2   6   0   2   2   2   0  18   4  0.39 0.36
  257 H    2 -1  2  2  0  0  0 -1  3 -2 -3 -1 -3  1 -3  0  0 -4 -2 -1   22   4  11  15   2   3   4   3  10   3   0   3   0   7   0   5   5   0   0   5  0.25 0.25
  258 A    1 -2  0  2 -3  1  0 -1 -3 -2 -3  0  0 -4 -3  2  3 -4  0 -1   14   0   3  14   0   7   6   3   0   3   0   4   2   0   0  19  19   0   3   3  0.31 0.28
  259 M   -3 -5 -6 -6 -5 -5 -6 -6 -2  2  3 -5  9 -4 -6 -4 -2 -5 -3  0    2   0   0   0   0   0   0   0   1  12  21   0  52   0   0   1   2   0   1   6  1.67 0.79
  260 W    0  3 -2 -1 -5  1  1 -2 -2 -4 -3  4 -3 -1 -1 -2 -3  5 -1 -3   10  14   1   4   0   5  10   2   1   1   2  32   0   3   4   1   1   7   2   1  0.53 0.38
  261 K   -1  0  2  2 -3  0  1 -2  3 -4 -4  4 -2 -4  1  1  0 -5 -3 -4    5   4  10   9   1   4   7   2   9   1   1  25   1   1   6  10   5   0   0   0  0.40 0.30
  262 P   -3  1 -3 -3 -6 -2 -4 -3 -1 -6 -6  0 -5 -6  8 -1 -3 -6 -6 -5    1   7   1   2   0   1   0   2   1   0   1   5   0   0  69   5   2   0   0   0  1.90 0.84
  263 Q    0  1 -1  0 -2  2  0 -2  1 -3 -3  1 -3 -2  2  3 -1 -4 -1  0    8   7   3   4   1  10   5   3   3   1   1   7   0   2  12  23   3   0   2   7  0.24 0.24
  264 K   -1  1 -1  1 -2  3  0 -3  3 -4 -4  5 -2 -5 -3 -1  1 -5 -3 -3    4   6   1   7   1  12   5   1   7   0   1  35   1   0   0   4  11   0   1   2  0.57 0.40
  265 F   -3 -2 -3 -5 -4 -4 -4  0 -1 -1 -2  0  5  6 -5 -3 -3  1  4 -1    1   2   1   0   0   0   1   9   1   3   2   7  13  39   0   1   1   2  11   4  0.89 0.49
  266 K   -2  0  0 -1 -4 -1 -2  0 -2 -4 -4  4 -3 -2  5  0 -1 -5 -3 -2    3   4   4   3   0   3   1   6   1   0   1  29   1   2  27   8   3   0   1   3  0.65 0.41
  267 Y   -1  2 -2 -4 -3 -1 -2 -1  1 -2 -1  4  6 -2 -4 -2 -1  0  0 -1    5  11   1   0   1   2   1   4   3   2   4  24  26   2   0   2   4   1   3   3  0.57 0.41
  268 I    2 -3 -4 -4  1 -3 -4 -2 -4  1 -2 -4  0  0 -2  1 -1  7  0  2   20   1   0   0   3   1   0   3   0   9   1   0   2   4   2  12   2  17   3  17  0.55 0.38
  269 Y   -2  0 -1 -3 -2 -2 -3 -4 -2  0  2  2  0  0 -3  0  0  0  3  2    2   6   2   0   1   1   0   1   1   5  19  15   2   3   0   6   6   1  11  17  0.22 0.23
  270 L   -1 -3 -2 -3  0 -2 -3  3 -3  1  2 -2  0  1 -2 -1 -1  1  0  1    3   1   2   1   2   1   0  22   0   7  21   2   2   8   2   2   4   2   4  12  0.20 0.18
  271 M    0 -4 -4 -5  0 -4 -4 -3 -4  3  2 -4  2  0 -4 -3 -1  1  1  3   10   1   0   0   2   0   0   1   0  16  24   0   5   3   0   1   3   2   6  25  0.46 0.29
  272 A    3 -3 -3 -4  5 -3 -3  2 -4 -2 -1 -2 -2 -4 -3  3  1 -4 -4 -1   28   0   0   0  11   1   0  17   0   2   7   1   0   0   0  20   7   0   0   4  0.51 0.36
  273 T   -2 -4 -4 -5  1  0 -4 -3 -1  2  0 -4  3  4 -4 -3  0  2  5  1    2   0   0   0   3   6   0   2   1  11   5   0   8  17   0   1   7   2  23  10  0.58 0.36
  274 L    2 -3 -2 -4  4 -3 -3  0 -4  2  1 -3 -1  0 -3  1  0 -4 -2  1   16   0   1   0   9   0   0   8   0  16  16   0   1   3   0  10   7   0   1  11  0.28 0.23
  275 Y   -1 -4 -4 -5 -2 -4 -4 -3 -3  3  0 -4  0  3 -4 -3  0  2  6  2    6   0   0   0   1   0   0   2   0  16   7   0   2  11   0   1   7   3  27  16  0.67 0.39
  276 V   -1 -4 -3 -2  4 -4 -2 -4 -4  3 -1 -4 -1 -2 -4 -1  3 -5 -4  4    4   0   1   3   9   0   3   0   0  19   4   0   1   1   0   3  21   0   0  30  0.61 0.39
  277 F    2 -4 -3 -2 -2 -3 -3 -2 -3  1  1 -3 -1  3 -3 -1  3  0  0  1   17   0   0   2   0   0   0   2   0  10  12   0   1  13   0   4  23   1   3  11  0.34 0.28
  278 T    0 -4 -3 -4  1 -3 -4 -2 -4  2  2 -3  2  2 -4 -1  3 -3 -2  1    8   0   1   0   2   0   0   2   0  14  22   1   6   8   0   3  20   0   0  11  0.37 0.28
  279 L   -2 -4 -3 -5  6 -4 -5 -4 -4  1  3 -4  3  3 -5 -3  0 -4 -2  0    2   0   1   0  19   0   0   1   0   6  33   0   7  13   0   1   7   0   1   7  0.74 0.40
  280 T   -4 -5 -4 -1 -3 -4 -5 -6 -3 -2 -1 -5 -2  2 -3 -3  2 -2  8 -2    1   0   0   4   1   0   0   0   0   2   6   0   1   8   2   2  12   0  57   3  1.49 0.69
  281 I   -1 -4 -4 -4 -1 -4 -4 -2 -4  2  2 -4  4  5 -4 -3  0  2  0  0    5   0   0   1   1   0   0   4   0  14  23   0  10  24   0   1   7   2   2   5  0.53 0.33
  282 P    0 -5 -4 -4  0 -2 -4 -1 -5 -1  0 -4 -3 -2  6  2  0 -5 -5 -1    6   0   0   0   2   1   0   6   0   3  12   0   0   1  44  15   4   0   0   4  0.96 0.51
  283 S    0 -4 -2 -4  4 -3 -4 -4  1  1  1 -4  2 -1 -2  1  1 -4 -3  4    7   0   2   0   9   0   0   0   3   6  13   0   7   2   2  12   7   0   0  31  0.42 0.31
  284 A    6 -4 -1 -4  0 -4 -4  2 -5 -5 -5 -4 -4 -5 -3  2 -1 -6 -5 -3   60   0   2   0   2   0   0  14   0   0   0   0   0   0   1  15   4   0   0   2  1.08 0.60
  285 A   -1 -4 -4 -4  4 -4 -2 -3 -4  4  1 -4  1  1 -4 -1  0 -3 -1  3    6   0   0   0  10   0   3   2   0  28  11   0   3   7   0   4   6   0   1  20  0.49 0.31
  286 A    2 -3 -3 -2  0 -3 -3  0 -3  1  1 -3  3  0 -2  1  0 -2 -1  2   18   0   0   2   2   0   0   8   0   8  12   0   8   4   1  12   5   0   1  17  0.21 0.22
  287 V   -1 -5 -3 -5 -3 -5 -4  6 -1  0 -2 -5 -1 -5 -5 -3 -4 -5 -5  1    5   0   0   0   1   0   1  68   2   5   4   0   2   0   0   1   0   0   0   9  1.33 0.61
  288 Y   -5 -5 -2 -6 -6 -3 -2 -3 -3 -4 -2 -5 -3  3 -6 -5 -5  1  9 -4    1   0   2   0   0   1   3   2   0   1   3   0   0  11   0   0   0   2  73   1  2.26 0.92
  289 W    1 -1 -5 -6 -3 -1 -5 -5 -4 -1  2 -3 -1  0 -5 -3 -2 10  2 -2   13   4   0   0   0   3   0   0   0   4  18   2   1   3   0   1   2  39   6   2  1.39 0.62
  290 A    5 -2 -4 -5 -2 -2 -4 -3 -4  0 -3 -1  4 -2 -4 -1 -1 -5  2  2   47   2   1   0   1   2   0   1   0   5   1   3  11   1   0   2   3   0   6  13  0.72 0.48
  291 F   -3 -6 -6 -7 -6 -6 -6 -3 -1 -2 -1 -6 -4  8 -7 -6 -4  1  6 -2    2   0   0   0   0   0   0   2   1   1   5   0   0  56   0   0   1   2  27   2  1.94 0.81
  292 G   -2 -6 -5 -3 -6 -6 -6  7 -6 -7 -7 -3 -6 -7 -1 -4 -6 -6 -7 -7    3   0   0   2   0   0   0  88   0   0   0   2   0   0   3   0   0   0   0   0  2.26 0.92
  293 D   -1 -2  5  5 -5  1  0 -3  0 -4 -5 -1 -5 -4 -2  0 -1 -2 -3 -4    4   2  32  28   0   6   6   1   2   1   0   4   0   1   2   7   3   1   1   1  0.84 0.48
  294 A    0 -1  1  2 -4  2  1  0 -1 -2 -1  1  0 -3 -1  1 -1 -4 -2 -3    6   2   5  14   0  13  10   6   1   2   7  11   2   1   2  11   3   0   1   1  0.22 0.20
  295 L    2 -4 -3 -5  0 -4 -4 -4 -5  2  1 -1  2 -2 -4 -2  1 -5 -4  4   15   0   1   0   2   0   0   0   0  12  15   3   6   1   0   3   7   0   0  33  0.53 0.35
  296 L    0  0 -1  0 -1  1  1 -1 -1 -1  1  0  0 -1  3  0  0 -3 -1 -1    7   4   3   5   1   5   9   3   2   3  18   7   2   2  14   5   5   0   2   3  0.12 0.11
  297 D    0 -2  0  3 -2 -1  0  2  0 -2 -3 -1 -3 -4  0  3  0 -4 -2 -2    6   1   4  21   1   2   5  13   3   3   2   3   0   0   4  21   6   0   1   2  0.32 0.24
  298 H   -2 -2  3  1 -4  3  0  0  3 -1 -3 -1 -2 -1  2 -1  0 -3  1 -2    2   1  19   7   0  14   6   6   8   3   2   2   1   3   9   4   6   0   5   2  0.31 0.24
  299 S    1 -2  0  0 -2 -1 -1  1 -2  1  0 -2  0  0  0  1  0 -3 -1  1   10   1   6   6   0   1   2  12   0   8  10   1   2   5   5  15   4   0   1  10  0.08 0.11
  300 N   -3 -3  5 -1 -4 -2 -2 -1 -1 -1 -1 -2 -1 -4 -2  2  3 -5 -1 -2    1   0  34   3   0   1   2   4   2   5   6   1   2   0   2  14  19   0   2   3  0.62 0.41
  301 A    2 -3 -2 -2 -3 -3 -3  0 -4  4  1 -3  1 -1 -4 -1 -1 -4 -2  2   18   1   2   2   0   0   1   9   0  27  11   0   3   2   0   4   4   0   1  14  0.35 0.26
  302 F   -2 -2  1 -2 -4 -2 -3 -1 -1  0  3 -1  0  4 -4 -2  0 -3  2 -1    2   2   7   2   0   1   1   5   2   6  34   3   1  16   0   3   5   0   7   2  0.36 0.28
  303 S    0 -2  2  0 -3 -2 -1  1 -3  1 -1 -1  0 -2  2  2  0 -4 -2 -1    8   2  12   4   0   1   3  13   0   9   5   2   2   1   9  21   5   0   1   3  0.21 0.22
  304 L    0 -2 -1 -3 -3 -2 -2 -2 -1  0  3 -2  1  2 -3  1  0 -4 -2  1    8   2   3   1   0   1   2   2   1   4  30   2   3   9   1  13   5   0   1  10  0.24 0.24
  305 M   -2 -2 -2 -4 -4 -3 -2 -4 -3  1  4 -3  3  1  2 -3 -2 -4  2  1    3   2   2   1   0   1   2   1   0   8  37   1   8   4   9   1   2   0   7   9  0.49 0.35
  306 P   -2 -2  0  0 -5  1  1 -2 -1 -1 -2  0 -2 -4  5  0  1 -5  0 -1    2   2   4   4   0   7   9   3   2   4   4   6   1   0  28   8   9   0   4   3  0.46 0.35
  307 K   -1  2  2  1 -5  0 -1 -3  1 -3 -2  4 -4 -4  3  0 -1 -3 -1 -2    4   9   9   7   0   3   3   1   3   2   3  24   0   0  16   6   4   0   2   2  0.40 0.32
  308 N   -2  0  1 -1  0 -1 -1  0 -1 -1 -2  0 -3  1  3  1  0 -1  1 -1    2   6   6   4   2   1   3   8   1   2   4   6   0   7  17  12   7   1   6   6  0.18 0.18
  309 A    1 -1 -2 -3 -2 -3 -2  1  2 -1 -2  0 -1  1  0 -1  0  7  1  0   14   4   1   1   1   1   2  10   5   2   2   8   1   6   5   5   5  16   4   9  0.37 0.29
  310 W    0 -5 -6 -6 -3 -4 -5 -2 -4  1  2 -5 -1  3 -1 -2 -4  9  2 -1   10   0   0   0   0   1   0   3   0   7  22   0   2  10   3   4   1  26   6   3  1.01 0.55
  311 R   -1  3 -3 -4 -4  0 -3 -1  0  0  3  0  0  0 -3  1 -1 -4  0  0    4  15   1   0   0   5   0   5   3   6  29   5   1   4   1  10   3   0   3   5  0.24 0.25
  312 D   -1 -2 -1  3 -4  1 -2 -1 -1  3  0  1  0 -3 -3 -1 -1 -4  0  1    6   2   2  20   0   6   1   4   1  21   7   8   2   0   1   4   3   0   4   8  0.24 0.25
  313 A    3 -3 -4 -4 -1 -3 -4  0 -3  3  1 -3  2  0 -3 -1  1 -2 -1  2   23   1   0   0   1   1   0   6   0  16  11   1   5   5   1   3  10   0   2  13  0.33 0.29
  314 A    4 -4 -3 -4 -2 -3 -3 -2 -5  1  0 -4  2 -3 -3  2  0 -2 -4  0   42   0   1   0   1   1   1   2   0   9   8   0   5   1   1  15   5   0   0   7  0.61 0.45
  315 V    1 -2  4 -2 -2  0 -1 -3 -2  2 -1 -1 -2 -1 -1  0  0 -1 -2  2   12   1  21   1   1   3   3   1   1  12   5   3   1   3   3   5   5   1   1  18  0.25 0.25
  316 I    0 -4  2 -4 -1 -4 -4 -5 -4  3  2 -3  1  1 -3 -3 -2  5  0  2    8   0  11   0   1   0   1   0   0  20  17   1   3   5   1   1   2   8   3  17  0.50 0.35
  317 L    0 -5 -5 -5  2 -4 -5 -4 -5  2  4 -5  4  2 -1 -2  1 -4 -3 -1    7   0   0   0   4   0   0   1   0  13  36   0   9  10   3   2  10   0   0   3  0.61 0.39
  318 M   -1 -3 -3 -3  2 -3 -3 -2 -3  2  1 -3  4  2  0 -2  1 -2  1  2    5   0   0   0   4   0   0   2   0  16  11   0  14  10   5   0  12   0   4  13  0.26 0.21
  319 L    0 -3 -1  0  1 -2 -2 -2 -3  2  1 -2  1  0 -3 -1  0 -3 -1  3    7   0   2   5   3   0   2   2   0   9  17   0   4   3   0   5   7   0   2  30  0.19 0.17
  320 I   -1 -3 -3 -3  1 -1 -3  0 -3  4  1 -3  1  1 -3  0  0 -3 -2  2    4   0   0   0   3   4   0   7   0  29  12   0   2   6   0   6   6   0   0  19  0.26 0.20
  321 H    0 -2  3  0 -3  0 -1  0  6  0 -1 -2 -2 -1 -2 -1 -1 -4 -1  0    6   0  15   5   0   3   3   7  28   7   6   0   0   3   2   3   4   0   0   8  0.35 0.26
  322 Q    1 -2 -1 -3  3  3 -2  0 -1  1  0 -2  0 -1  2 -1 -1 -3 -2  1   12   0   3   0   8  17   0   6   2   7  10   0   2   3   9   3   3   0   0  13  0.15 0.18
  323 F   -1 -3 -4 -4  0 -3 -4 -2  0  3  2 -3  1  4 -4 -2 -2 -2 -1  1    5   0   0   0   2   0   0   4   3  18  21   0   4  26   0   3   2   0   0  11  0.40 0.25
  324 I    0 -3 -1 -3  1 -2 -3  1 -3  2  1 -2  0  1 -1  1  1 -3 -1  1    6   0   2   0   3   0   0  15   0  21  11   0   2   7   2  10  11   0   1   7  0.15 0.16
  325 T    2 -1 -1 -2 -1  0 -1  0 -1 -1 -2  1 -1 -2 -2  2  2 -4 -3  0   25   1   2   0   1   2   3   6   2   2   2  12   1   1   1  14  18   0   0   7  0.23 0.22
  326 F   -2 -4 -1 -4 -1 -4 -4 -3  1  1  0 -4 -2  5 -4 -3 -1  1  5  0    2   0   4   0   1   0   0   2   3   7   9   0   0  31   0   1   3   1  27   7  0.73 0.38
  327 G    2 -3 -2 -4 -5  5 -3  3 -1 -1 -2 -1 -3 -5  1 -1 -1 -5 -4  0   16   0   1   0   0  32   0  19   2   4   4   3   0   0   7   3   3   0   0   6  0.60 0.44
  328 F   -3 -5 -5 -6 -4 -3 -5 -6  0  4  3 -5  0  2 -3 -3 -3 -4  0  4    2   0   0   0   0   1   0   0   3  25  26   0   1   9   1   2   1   0   3  26  0.77 0.42
  329 A    1 -4 -1 -5 -2 -3 -4 -3 -2  0  0 -4  1  4 -5 -3  0 -2  6  2   12   0   3   0   1   1   1   2   1   4   7   0   4  14   0   1   6   0  31  12  0.71 0.43
  330 C    2 -4 -4 -4  5 -3 -4 -1 -3  1  1 -2  2 -1 -4  0 -1 -3  2  1   19   0   0   0  15   1   0   4   0   7  14   3   5   2   0   9   2   0   7  11  0.38 0.28
  331 T   -2  0  2 -3 -4  4 -2 -3 -2 -1 -1  0  5 -3 -2  0  2 -3 -3  0    3   6  11   0   0  19   0   1   1   3   4   6  15   1   2   7  14   0   0   7  0.43 0.36
  332 P   -2 -1 -4 -5 -6  0 -5 -3 -5 -5 -6 -3 -6 -6  8 -2 -4 -6  1 -1    4   3   1   0   0   4   0   2   0   1   1   1   0   0  72   2   1   0   5   4  2.03 0.88
  333 L   -2 -4 -3 -5 -4 -4 -2 -5 -5  4  3 -4  1  1 -3 -4  1 -2 -1  3    3   0   1   0   0   0   3   0   0  20  25   0   3   5   1   0  10   1   2  25  0.59 0.36
  334 Y    0 -5  2 -5 -1 -4 -3 -4 -2  0 -2 -5 -1  6 -5 -1 -3 -3  5  0    9   0  11   0   1   0   2   1   1   5   2   0   2  32   0   5   1   0  23   6  0.90 0.50
  335 F    1  0 -1  3 -4  2  2 -3 -2  0 -1 -2  0  2 -2 -1 -1 -4 -1  0   13   6   1  17   0   9  12   1   1   7   6   1   2  10   1   3   2   0   2   6  0.19 0.21
  336 V    0  0 -1 -1 -1  0 -1 -1 -2  1 -1 -2  3  1 -2  0  0 -3 -1  2    9   6   4   4   1   4   4   4   1  10   3   1  10   8   2   7   6   0   1  16  0.10 0.15
  337 W   -1 -5 -4 -5 -1 -4 -5 -3 -5  2  3 -4  3  3 -1 -3 -1  6 -2  2    5   0   0   0   1   0   0   2   0  14  24   1   9  10   4   1   3  11   1  14  0.59 0.35
  338 E   -5 -1 -4 -1 -1 -2  7 -5 -4 -6 -6 -3 -2  0 -2 -4 -2 -6 -5 -6    0   3   0   3   2   1  77   1   0   0   0   1   1   5   3   0   3   0   0   0  1.81 0.87
  339 K    0  2 -1  0 -2  0  2  0  0 -2 -3  3 -2 -2 -2  1  0 -2 -2 -2    7  11   2   4   1   3  14   6   2   2   2  23   1   1   2  10   6   0   1   2  0.27 0.23
  340 V   -1 -1 -2 -4 -2 -2 -3 -2 -1  1  2  0  0  1 -3 -2  1  4  0  2    6   4   1   0   0   1   1   3   1   9  20   8   2   6   0   1  10   7   3  14  0.22 0.19
  341 I   -1 -2 -4 -3  1 -2 -3 -4  0  2  2 -2  3  3 -3  0 -1 -2  1  0    4   2   0   2   3   1   2   1   3  13  25   2   7  15   1   8   3   0   4   5  0.31 0.23
  342 G    1  1  1 -1 -7 -1 -3  3  2 -3 -3  2 -1 -7  3 -1  0 -8 -7 -1   10   6   5   3   0   2   2  22   4   2   3  11   2   0  12   5   5   0   0   4  0.40 0.30
  343 M   -1  1 -2 -1  0  1 -1 -2  0  0  0  1  3  0 -1  0 -1  2 -1  1    5   7   2   4   2   6   4   3   2   6  10  10   7   4   3   7   4   3   2  10  0.10 0.09
  344 H   -3  4  2 -3 -1 -1 -3 -2  5 -8 -4  2  1  1  2 -1 -1  0  0 -4    3  17   8   2   1   2   2   3  13   0   2  10   3   5  11   5   4   1   3   2  0.58 0.39
  345 D   -2 -1  1  1  2  0  0 -3  3 -3 -3  1  0  4 -2  1 -1  5  1 -2    4   3   6   7   3   4   6   3   6   2   3   7   3  14   2   9   3   7   4   3  0.33 0.24
  346 T   -1  2  0 -2  1 -1 -1 -4 -1 -4 -3  3  0 -1  3  1  1  0 -1 -3    5   9   4   2   2   2   4   2   2   1   3  15   3   2  15  11   9   2   2   2  0.34 0.31
  347 K   -4  4  1  0  1 -1 -3 -2  0 -4 -4  3 -2  1  3 -1 -2  1 -2 -4    1  21   7   6   3   3   2   3   2   1   1  17   1   6  15   4   2   2   1   1  0.58 0.44
  348 S    0 -1  3 -4  1 -1 -2  1 -1 -5 -4 -2 -6 -2  1  4  0 -1 -3 -4    6   3  12   1   3   3   3  11   1   1   2   3   0   2   6  33   6   1   1   2  0.55 0.46
  349 I   -2  2  0 -3 -2 -1 -3 -3  1  1  1 -1  0  1 -4 -2  0  5  2  1    3  10   4   1   1   3   1   2   3   8  13   4   2   6   1   3   7   8   7  11  0.27 0.21
  350 C   -1 -2 -2 -6  2 -4 -5  0 -3  1  1 -2  1  3  0 -1  0  6 -1  1    5   2   2   0   4   1   0   7   1   9  14   2   3  11   5   5   5  11   2   9  0.42 0.30
  351 L   -1 -2 -2 -6  2 -1 -3 -4 -2  2  3  0  0  2  1 -1 -3  1  0  2    5   2   2   0   3   3   1   2   1  10  25   6   2   8   6   4   1   2   3  13  0.32 0.25
  352 R   -4  8 -3 -3 -2 -2 -3 -5 -1 -3 -6  0 -3 -2 -4  0 -7  4 -7 -8    2  61   2   2   1   2   2   1   1   2   1   6   1   2   1   7   0   5   0   0  1.74 0.96
  353 A    1 -3 -5 -5  0 -5 -5 -4 -2  3  3 -4  1  2 -5 -1 -1 -4  0  2   14   1   0   0   2   0   0   1   1  15  30   1   3   7   0   5   3   0   3  13  0.53 0.33
  354 L    1 -5 -3 -5  0 -5 -5 -1 -5  4  2 -5  1  1 -3 -2 -1 -1 -1  3   10   0   1   0   2   0   0   6   0  19  22   0   2   5   1   2   4   1   2  22  0.52 0.32
  355 A    1 -5 -4 -6  0 -5 -5 -4 -5  3  2 -5  0  3 -5  0  0  6 -1  2   12   0   1   0   2   0   0   1   0  17  16   0   2  10   0   8   6  11   2  12  0.60 0.37
  356 R   -3  8 -4 -7 -3 -4 -6 -3 -6 -8 -7 -2 -3 -8 -7 -4 -2 -2 -7 -5    3  83   1   0   1   1   0   2   0   0   0   2   1   0   0   1   3   1   0   1  2.51 1.10
  357 L   -1 -5 -1 -5 -2 -5 -5 -4 -6  0  1 -5 -1 -2 -3  2  5 -1 -5  1    4   0   3   0   1   0   0   1   0   6  15   0   1   1   1  16  39   1   0   9  0.82 0.53
  358 P    2 -5 -5 -5  1 -4 -5 -1 -5  2  2 -4  0  2  2  0  0 -5 -4  1   18   0   0   0   3   0   0   5   0  10  18   1   3   8  11   6   5   0   0   9  0.37 0.29
  359 V   -2 -6 -6 -7  2 -4 -6 -7 -5  1  2 -6 -1  4 -6 -2 -2 -2  5  2    3   0   0   0   3   1   0   0   0   8  22   0   1  18   0   3   3   1  22  14  0.92 0.50
  360 V    0  0 -2 -2 -2 -2 -2  0 -2  1  0 -1  2  1  1  0  0  4 -1  0    8   8   0   0   0   0   0   8   0   8   8   0   8   8   8   8   8   8   0   8  0.13 0.12
  361 I    1 -2 -3 -3  1 -3 -3  0 -3  2  2 -3  1  1 -3 -1 -1  2  0  2   18   1   0   0   3   0   0   7   0  17  18   0   2   8   0   2   2   3   2  15  0.19 0.15
  362 P    0 -2 -2 -3  0 -2 -2 -1 -2  2  1 -2  0  2  0  1  0 -2 -1  1    8   0   0   1   2   0   1   5   0  14  19   1   2  11   6  13   6   0   0  12  0.13 0.11
  363 I    1 -3 -1 -3  3 -2 -2 -2 -3  2  0 -2  0 -1 -2  0  3 -3 -2  1   11   0   2   0   9   0   1   2   0  14   9   0   2   2   1   5  29   0   0   9  0.25 0.19
  364 W    0 -3 -3 -3  2 -2 -3 -1 -1  0  1 -3  2  2 -3 -1  2  6  0  1    6   0   0   0   5   0   1   4   2   4  11   0   6   8   0   1  19  15   3  12  0.33 0.20
  365 F   -1 -3 -2 -4  1 -3 -3 -2 -3  2  2 -3  0  5 -3 -2  0  1  0  1    3   0   2   0   3   0   1   3   0  11  17   0   1  35   0   1   6   1   1  13  0.42 0.23
  366 L   -1 -3 -3 -3  0 -3 -3 -4 -3  4  2 -3  1  0 -3 -1  0 -3 -2  3    4   0   0   0   1   0   1   1   0  30  17   0   4   4   0   3   7   0   0  25  0.40 0.21
  367 A    5 -3 -3 -3  1 -2 -3  2 -3 -3 -3 -2 -3 -4 -3  2 -1 -4 -3 -2   67   0   0   0   3   0   0  12   0   0   1   0   0   0   0  12   3   0   0   0  0.84 0.41
  368 I    1 -3 -3 -2 -1 -1  0 -3 -3  3  1 -2  3  0 -3 -1 -1 -3 -1  2   16   0   0   1   1   2   8   0   0  22  13   0  12   3   0   2   2   0   1  15  0.23 0.18
  369 I    2 -2 -2 -3  0 -2 -2 -2 -3  1  1 -2  4 -1 -2  1  1 -1 -2  0   22   0   0   0   2   0   0   2   0   9  17   1  15   2   0   9  11   1   0   6  0.21 0.17
  370 F   -2 -3 -4 -4 -1 -3 -4 -4 -3  3  2 -3  2  4 -4 -3 -2 -2  0  2    1   0   0   0   1   0   0   0   0  22  23   0   5  27   0   0   2   0   0  17  0.54 0.25
  371 P   -4 -5 -5 -5 -6 -4 -4 -5 -5 -6 -4 -1 -5 -7  9 -3 -4 -7 -6 -5    0   0   0   0   0   0   0   0   0   0   2   3   0   0  94   1   0   0   0   0  2.85 0.78
  372 F   -3 -2 -1 -3 -4 -3 -3 -4  1 -2 -2 -2 -2  7 -5 -1 -3 -2  2  0    2   2   4   1   0   1   1   1   4   0   0   2   0  63   0   6   1   0   4   7  1.08 0.43
  373 F   -5 -5 -5 -2 -5 -5 -5 -6 -4 -1  2 -5 -1  8 -6 -5 -3 -2  2 -2    0   0   0   4   0   0   0   0   0   2  16   0   1  73   0   0   1   0   3   1  1.63 0.55
  374 G   -1 -2  3  1 -4 -1 -2  5 -3 -3 -3 -3 -3 -4 -2  0 -2 -3 -3 -4    3   1  15   8   0   2   1  53   0   1   3   0   0   0   2   8   1   0   1   0  0.76 0.33
  375 P    0 -1  0  3 -3 -1  0  0 -2 -1  0 -1 -2 -2  2  2  0 -4 -2  0    4   3   4  19   0   2   4   5   0   2  10   2   0   1  11  19   4   0   1   8  0.18 0.14
  376 I   -3 -4 -4 -5 -3 -4 -4 -5 -2  4  3 -4  2  2 -4 -2 -2 -3 -2  3    0   0   0   0   0   0   0   0   1  31  33   0   3   9   0   4   0   0   0  18  0.64 0.29
  377 N    0 -3  3 -2 -1 -2 -3 -1 -3  1  3 -3  4 -2 -4 -2 -1 -4 -3  1    7   0  21   2   1   0   1   3   0   8  28   0  15   0   0   2   2   0   0  10  0.35 0.24
  378 S    2 -3  0  0 -3 -2 -2  3 -3 -2 -4 -2 -3 -4  0  4 -1 -5 -4 -3   19   0   4   5   0   0   0  27   0   4   0   2   0   0   4  34   1   0   0   0  0.55 0.30
  379 A   -1 -4 -5 -5 -3 -4 -4 -2 -4  1  4 -2  0  3 -4 -3 -2 -3 -2  1    5   0   0   0   0   0   0   3   0   7  56   3   1  15   0   0   2   0   0   9  0.63 0.31
  380 V   -1 -4 -3 -4 -1 -3 -4 -4 -4  4  2 -4  1  2 -2 -1 -1 -3 -1  3    4   0   1   0   1   1   0   1   0  26  20   0   4  10   1   4   1   0   1  25  0.44 0.23
  381 G   -2 -4 -3 -2 -5 -4 -4  7 -4 -5 -3 -1 -4 -5 -4  0 -1 -5 -5 -4    1   0   0   2   0   0   0  79   0   0   3   4   0   0   0   8   3   0   0   1  1.44 0.50
  382 A    4 -3 -2 -1 -1 -3 -2  3 -3 -4 -4 -3 -2 -5 -3  3 -2 -5 -4 -3   44   0   0   4   1   0   1  27   0   0   0   0   1   0   0  23   0   0   0   1  0.77 0.38
  383 L   -1 -3 -3 -4 -2 -3 -2 -2 -3  2  3 -3  0  4 -4  0  0 -2 -1  1    3   0   0   0   0   0   3   3   0  14  32   0   1  20   0   7   5   0   0  10  0.35 0.21
  384 L    1 -3 -2 -3  0 -2 -3  2 -3 -1  2 -3  0  2 -3  0  2 -3 -2  0   17   0   1   0   2   0   0  15   0   2  23   0   1  12   0   8  15   0   0   3  0.23 0.19
  385 V    0 -3 -1 -1  3 -3 -2 -2 -3  0  1 -3  0  4 -3  0  1 -2  0  1    7   0   3   4   7   0   1   2   0   4  11   0   1  28   0   9   8   0   2  13  0.26 0.19
  386 S    1 -3 -2 -3  0 -2 -2 -2 -3  1 -1 -2  2  0  2  2  1  5 -1  0   10   0   0   0   2   0   0   2   0   9   5   0   6   4   9  22  11  10   1   7  0.28 0.19
  387 F   -1 -4 -4 -4  1 -3 -3 -3 -4 -1  1 -3  0  2  6  0  0  5 -2 -2    5   0   0   0   4   0   0   1   0   3  15   0   2  11  39   7   5   8   0   1  0.81 0.33
  388 T   -1 -3 -2 -3 -2 -2 -2 -1 -3  1  3 -3  2  0 -3 -1  3 -3 -2  2    3   0   2   0   0   1   3   4   0   7  31   0   4   5   0   3  23   0   0  16  0.29 0.21
  389 V    1 -3 -2  1  3 -1 -2 -3 -3 -1 -1 -2 -2 -2 -3  2  4 -4 -3  1   14   0   1   8   6   2   0   0   0   3   3   0   0   2   0  13  36   0   0  11  0.39 0.27
  390 Y   -2 -4 -5 -5 -4 -4 -5 -5 -1  1  1 -4  1  5 -5 -4 -3 -1  6  2    2   0   0   0   0   0   0   0   1   6  14   0   3  32   0   0   0   0  28  14  0.93 0.37
  391 I    1 -4 -4 -4 -1 -1 -4 -1 -2  4  0 -3 -1  3 -4 -3 -2 -2  3  2   12   0   0   0   1   4   0   4   0  39   5   0   0  12   0   0   0   0  10  12  0.45 0.26
  392 I   -3 -4 -5 -5 -2 -4 -5 -5 -2  2  4 -4  1  4 -5 -4 -3 -2  3  0    0   0   0   0   0   0   0   0   1  14  47   0   2  20   0   0   0   0  12   3  0.81 0.34
  393 P   -4 -5 -5 -4 -6 -4 -4 -4 -5 -6 -6 -4 -5 -6  9 -1 -4 -7 -6 -5    0   0   0   0   0   0   0   1   0   0   0   0   0   0  94   4   0   0   0   0  2.82 0.76
  394 S    1 -4 -4 -4  8 -3 -4 -1 -4  0 -1 -4  1 -3  0  1 -1 -4 -4  1   10   0   0   0  41   0   0   5   0   5   3   0   3   0   5  11   2   0   0  12  0.87 0.36
  395 L    0 -3 -3 -3 -2 -2  0 -3 -3  3  3 -3  1  2 -3 -1 -1 -1 -1  2    9   0   0   1   0   1   8   0   0  20  28   0   2  12   0   3   1   1   0  12  0.29 0.19
  396 A    2 -4 -4 -5  4 -3 -4 -4 -3  0  0 -4  6  4 -4 -2 -2 -3  1 -1   19   0   0   0  10   0   0   0   0   3   6   0  31  24   0   1   1   0   3   1  0.77 0.38
  397 H   -3 -4 -3 -5 -4 -4 -2 -4  4 -4 -4 -4 -4  3 -5 -4 -4  9  7 -4    1   0   1   0   0   0   3   1  12   0   0   0   0  10   0   1   0  30  39   0  1.80 0.56
  398 M   -2 -3  0 -4 -3 -3 -4 -4 -3  3  4 -3  4 -1 -4 -3 -1 -2 -2  1    1   0   7   0   0   0   1   0   1  22  45   0  11   1   0   1   3   1   1   4  0.59 0.29
  399 L    0  1 -1 -2  0 -1 -1 -2  0  1  1  1  1  1 -2  0  0  1  0  1    6   7   1   1   2   1   1   1   3  10  11  16   5   6   1   7   3   2   3  11  0.05 0.07
  400 T   -1 -2 -2 -3 -2 -1 -2 -3 -1  3  2 -2  2  0 -2 -1  2 -2  0  1    4   1   1   1   0   3   2   1   1  29  17   1   6   4   1   2  16   0   2   8  0.25 0.15
  401 Y   -1  0  1 -1 -1 -1 -1 -2  1 -1  0  0 -1  4 -2 -1 -1  0  4 -1    3   5   8   2   2   3   4   3   3   2   7   5   1  21   2   4   4   1  19   3  0.23 0.12
  402 R    0  2 -1 -1 -2  0 -1  1  0 -2 -1  2 -1 -1 -1  0 -1  5  0 -1    7  14   3   2   1   3   2  10   2   2   4  19   1   2   2   6   4   9   4   4  0.20 0.10
  403 S    0  0  0  0 -2  0  0  1  0 -1 -1  1 -1 -2  2  1  0 -2 -1 -1    4   4   5   4   1   5   4  11   3   4   6  11   2   2  12  12   7   0   2   2  0.12 0.05
  404 A    1  1  0  0 -1  1  1 -1  0 -2 -1  2 -1 -1  1  1  0 -2 -1 -1   11   9   3   3   1   6   9   4   2   2   4  15   1   2   7  11   5   0   1   3  0.12 0.06
  405 S    1  0  0 -1 -1  0  0  0  0  0 -1  1  0 -1  0  1  0 -1  0  0   11   4   3   3   1   3   8   7   2   6   7  13   1   2   4  10   6   1   3   5  0.04 0.02
  406 A    1  1  0  0  0  0  0  0 -1 -1 -1  0  0 -1  1  1  1 -1 -1 -1   14   9   3   4   2   3   3   5   1   3   8   7   3   2   6  12   8   1   3   4  0.06 0.03
  407 R    0  4  0 -1 -1  0  1 -1  0 -1 -1  1 -1 -1 -1  1  0 -1 -1 -1    5  29   3   3   1   3   8   5   2   3   5   7   1   2   3  10   4   1   2   3  0.21 0.09
  408 Q    0  1  0  0 -1  1  1 -1  0 -1 -1  1 -1 -1  0  0  0  1 -1 -1    7   7   4   5   1   7  12   5   2   4   7   9   1   3   4   7   6   3   2   4  0.06 0.02
  409 N    0  0  2  1 -1  2  1  0  0 -1 -1  0 -1 -1  0  0  0  0 -1 -1    6   3  13   6   1  10   9   7   2   3   7   5   1   3   3   8   5   1   2   4  0.09 0.04
  410 A    2  0  0  0 -1  0  0  1 -1  0 -1  1  0 -1  0  1  0  1 -1 -1   21   5   3   4   1   2   5   9   1   5   5   8   4   2   3  10   4   2   1   4  0.07 0.04
  411 A    1  0 -1 -1 -1  1  0  0 -1  1  0  0  0 -1 -1  0  0  0 -1  1   14   4   2   3   1   7   4   7   1  12   6   4   2   3   2   5   3   1   2  16  0.04 0.04
  412 E    0  1 -1  0 -1  0  2 -1 -1 -2 -1  3  0 -1  0  0  0 -1 -1 -1    7   5   2   3   1   2  19   3   1   2   8  23   2   2   4   4   4   1   2   5  0.16 0.11
  413 K   -1  1  0 -1 -1  2  0 -1 -1 -2 -1  4 -1 -2  0 -1 -1  0 -2 -2    4   6   4   3   1  11   6   4   1   2   5  36   1   1   4   4   2   1   1   2  0.34 0.17
  414 P   -2 -1 -2 -1  1 -1 -1 -2 -2  0 -1  1 -1 -2  6 -1 -1  0 -2 -1    3   3   2   4   3   2   3   2   1   7   7   8   1   1  37   4   4   1   2   4  0.57 0.21
  415 P   -1  1 -1 -1 -2 -1  0 -1  0 -2 -2  1 -2  0  5 -1  0  3 -2 -2    5   8   2   3   1   2   5   4   2   3   3  11   1   4  29   4   6   4   1   2  0.44 0.19
  416 F   -1  3 -1 -1 -2  0 -1 -1  0  0 -1  2 -1  2 -1 -1  0  1  0 -1    3  18   2   3   1   3   2   4   2   5   6  18   1  12   3   4   4   2   2   4  0.16 0.12
  417 F   -1 -2 -1 -2  1 -2  0 -1  0 -1 -1 -2 -1  5 -1  0 -1  6  3 -1    4   2   3   1   3   1   6   5   2   4   5   2   1  25   3   7   3  11   9   3  0.39 0.19
  418 M   -1  0 -1 -2 -2 -1 -1  0 -2  1  1 -1  1 -1 -2  3  0  1 -1  0    3   5   2   1   0   2   4   7   1   8  14   4   4   3   2  27   6   2   2   4  0.12 0.13
  419 P    0  0 -1 -2 -1 -1 -2  0 -2  0  1 -1  0  1  4  0  0 -1 -1  0    7   5   3   2   1   2   2   8   1   5  14   4   2   7  20   5   5   1   1   5  0.19 0.11
  420 S   -1  2  1 -1 -2  0 -1  1  0 -1 -1  1  0 -2 -1  2  1  0 -1 -1    3  12   7   2   0   2   3  10   3   4   4   7   3   1   2  22   8   1   1   4  0.14 0.12
  421 W   -3 -2 -4 -1 -4 -3 -3 -2  0 -3 -2  0 -3  0 -3 -2 -3 11 -1 -3    3   3   1   3   0   1   1   3   2   2   4   7   1   4   2   3   2  55   1   2  2.04 0.61
  422 T   -1 -1 -1 -2  1 -1 -1 -1 -1  2  0  0  1  1 -2  0  1  3  1  1    4   3   2   1   4   1   3   3   1  13   8   7   3   6   1   7  10   4   6  10  0.07 0.08
  423 A    1 -1 -1 -1  1 -1 -1  1 -2  0  1 -1  0  1  0 -1  0  1  0  0   11   2   2   3   4   1   5  14   0   8  13   3   1   6   5   3   6   2   3   7  0.04 0.05
  424 M   -1 -1  3 -1 -2 -2 -1 -2  0  1  2 -1  3 -2 -3 -1  0 -3 -2  1    5   3  17   2   1   1   3   2   2   9  18   3  10   1   1   3   5   0   0  13  0.20 0.17
  425 Y   -2 -2 -3 -4 -3  1 -2 -3 -2 -1  1 -1 -1  3 -4 -1  0  8  4 -1    2   2   1   1   0   7   2   2   1   3  16   4   1  12   1   4   6  19  13   5  0.64 0.31
  426 V    0 -2 -2 -2  2 -2 -2 -1 -2  2  1 -2  1  0 -3  0  0  3  0  2    9   2   1   1   5   2   1   4   1  15  10   2   4   3   1   7   6   5   3  19  0.17 0.14
  427 L    0 -3 -4 -4  4 -3 -4 -2 -4  3  3 -2  1  0 -3 -2 -1  1  0  1    7   1   0   0   8   0   1   3   0  17  31   3   3   4   1   3   3   2   3  10  0.37 0.23
  428 N   -2 -2  5 -1  2 -2 -2  0 -2  2 -1 -2 -1 -3 -4  1  1 -4 -2  0    2   2  34   2   4   1   2   8   1  13   4   1   1   1   1  10   8   0   1   5  0.48 0.31
  429 A    0 -3 -2 -3  3 -2 -3 -2 -3  2  1 -3  1  1  0  0  1  3 -1  2    8   0   2   1   6   1   1   2   0  14  12   1   3   6   4   7   7   5   2  16  0.19 0.16
  430 F    1 -3 -3 -4 -2 -3 -3  1 -4  1  2 -1 -1  4 -4 -1 -1 -2 -1  1   12   0   0   0   1   0   1  10   0   9  21   5   1  21   0   5   4   0   1   8  0.30 0.23
  431 V   -2 -4 -3 -5  4 -4 -4  2 -4  5  1 -4  0 -2 -3 -2 -1 -5 -4  2    3   1   1   0  10   0   1  16   0  32  14   0   2   1   1   3   4   0   0  11  0.57 0.33
  432 V    0 -5 -3 -3  3 -4 -5 -3 -5  4  2 -5  3 -1 -5 -2 -2 -5 -4  4    8   0   1   1   5   0   0   2   0  27  14   0   8   2   0   2   2   0   0  27  0.67 0.37
  433 V    1 -5 -3 -5  2 -4 -5 -2 -4  3  3 -4  0 -1 -5 -2 -1 -5 -4  4   12   0   1   0   4   0   0   3   0  16  24   0   2   2   0   3   2   0   0  29  0.57 0.34
  434 W    0 -5 -4 -5 -2 -4 -5 -1 -5  2  2 -5  0  3 -5 -2 -2  7 -1  3    7   0   1   0   1   0   0   6   0  12  16   0   2  11   0   2   2  17   1  21  0.71 0.37
  435 V   -1 -4 -4 -4  0 -3 -2  1 -4  1  0 -4  3  3 -4  1  0 -1 -1  3    4   0   0   0   2   0   2  10   0   9   9   0  10  14   0  13   5   1   1  20  0.32 0.26
  436 L    0 -4 -1 -4 -2 -3 -4  1 -4  2  3 -4  0  0 -4  0  0 -4 -1  1    8   0   3   0   1   0   0  13   0  13  29   0   2   3   0   9   7   0   1  10  0.31 0.24
  437 I    1 -4 -4 -4  1 -4 -4 -2 -5  4  1 -4  0  1 -4 -2 -1 -4 -3  4   11   0   0   0   3   0   0   4   0  24  14   0   1   6   0   3   2   0   0  30  0.56 0.32
  438 V    2 -4 -4 -4 -1 -4 -4 -3 -4  2  1 -4  2  1 -4  1 -1 -2 -3  4   18   0   0   0   1   0   0   1   0  13  12   0   6   6   0  10   2   1   0  28  0.45 0.30
  439 G    2 -3 -3 -3  2 -1 -3  5 -4 -1 -1 -3 -2 -4  1  1  0 -4 -4 -2   16   1   0   0   4   2   1  40   0   4   5   0   1   0   6  11   5   0   0   2  0.57 0.33
  440 F    1 -4 -3 -4  4 -3 -4 -1 -3  3  0 -3  2  4 -3 -1 -2 -2 -2  2   11   1   1   1   8   0   1   5   0  19   6   1   5  18   1   6   2   0   0  16  0.38 0.24
  441 G    1 -3 -2 -3  1 -3 -3  5 -3  2 -1 -3 -2 -3 -3 -1  0 -3 -3  1   11   1   1   1   3   1   1  43   0  12   5   1   1   1   1   4   5   0   1   8  0.54 0.27
  442 F   -1 -2 -2 -3 -2 -2 -2 -1 -2  2  2 -2  1  4 -2 -2 -1  0 -1  1    6   1   1   1   1   1   2   5   1  12  26   2   3  19   2   3   2   1   1   9  0.27 0.15
  443 G    1 -3 -2 -3 -3 -3 -2  6 -3 -3 -4 -2 -2 -4 -3 -2 -2 -2 -4 -3   11   1   1   1   0   1   3  66   0   2   2   2   1   1   1   2   2   1   1   1  1.20 0.43
  444 G    1 -2 -2 -2  1 -2 -2  3 -3 -1  1 -2 -1 -1 -1  0  3 -3 -2 -1   15   1   1   1   4   1   1  21   0   2  13   1   1   3   2   6  22   0   1   4  0.27 0.19
  445 W   -1 -3 -3 -3 -3 -3 -3 -3 -2  2 -1 -3 -1  2 -3 -3 -1  8  5  1    5   1   1   1   0   1   1   3   1  15   5   1   1   6   1   2   3  20  21  10  0.79 0.32
  446 A    3 -2 -2 -2 -1 -2 -1  1 -2 -2 -2 -2 -2 -1 -2  2 -1  2  0  0   32   1   1   2   1   1   3  11   0   1   4   1   0   2   1  21   3   3   3   8  0.33 0.23
  447 S    3 -4 -2 -2 -2 -3 -3  1 -4 -5 -4 -3 -3 -5 -4  5  0 -5 -5 -3   25   0   1   2   1   0   1  10   0   0   1   0   0   0   0  52   5   0   0   1  0.97 0.54
  448 V   -3 -4 -5 -5 -3 -4 -5 -1 -5  5  2 -4  3 -2 -5 -2  0 -4 -3  3    1   0   0   0   0   0   0   6   0  31  19   0   9   1   0   2   7   0   0  23  0.69 0.37
  449 T    0  4 -2 -3 -4  0 -1 -3  0 -1 -2  2 -2 -1 -3  0  1 -1  2  1    7  24   1   1   0   4   4   1   2   3   3  13   0   3   0   8   9   1   8  10  0.27 0.23
  450 N    1 -1  4 -1 -4  2  0  1 -1 -4 -3  1 -2 -3 -2  1  1 -4 -4 -2   11   2  21   2   0  12   4  10   1   0   1   8   1   1   1  13   8   0   0   2  0.34 0.26
  451 F   -1 -4 -4 -5 -4 -5 -5 -3 -5  5  2 -5  0  3 -5 -2 -2 -4 -1  1    5   0   0   0   0   0   0   2   0  44  22   0   2  11   0   3   2   0   1   6  0.80 0.41
  452 V    0 -4 -4 -5 -4 -4 -5 -2  2  5  0 -2  1 -3 -5 -3 -3 -3 -3  4    7   1   0   0   0   0   0   3   5  37   6   2   3   0   0   1   1   0   1  32  0.81 0.43
  453 R   -1  1  0  1 -3  2  1 -2  1  0  1  1  0 -1 -3  0 -1 -4 -2  0    2   9   5   8   0  10   7   2   4   4  21  11   2   2   0   5   2   0   0   5  0.13 0.15
  454 Q   -1 -1  1  5 -5  4  2 -2 -1 -4 -3  1 -4 -5 -3  1 -1 -5 -4 -3    4   2   7  30   0  19  10   2   1   1   3   8   0   0   1  10   2   0   0   2  0.60 0.36
  455 V    2 -3 -4 -3 -3 -3 -2 -1 -4  3  2 -3  1  0 -3 -1 -2 -4 -2  2   24   0   0   1   0   0   2   4   0  19  21   1   4   3   1   4   1   0   1  13  0.34 0.25
  456 D   -1  1  2  2 -4  0  0 -1  1 -2 -2  3 -2 -2 -3  1 -1 -4 -2 -3    5   5  10  11   0   4   4   5   4   3   4  27   1   2   0  11   2   0   1   1  0.28 0.22
  457 T   -2 -2  1 -1 -4  1 -1 -1 -1 -3 -3  1 -3  0 -3  2  5 -5 -3 -1    1   0   6   3   0   6   3   5   2   1   1  10   0   4   0  15  37   0   0   4  0.49 0.36
  458 F   -3 -4 -4 -5 -4 -4 -4 -4 -2 -1 -2 -4 -2  6 -3 -1  0 -2  6  0    2   0   1   0   0   0   1   1   0   2   3   0   1  36   2   5   6   0  32   7  1.10 0.48
  459 G   -1  2  0 -1 -4  1  0  3  2 -5 -4  4 -3 -4 -3  1 -1 -5 -3 -3    2   9   4   3   0   6   5  20   5   0   0  30   0   1   0  12   2   0   0   1  0.49 0.30
  460 L   -3 -5 -4 -5 -4 -2 -5 -5 -4  0  3 -4  1  6  3 -4 -3  3 -1  0    1   0   1   0   0   2   0   0   0   4  30   0   3  35  15   0   1   4   1   5  0.88 0.42
  461 F   -1 -5 -4 -6 -5 -5 -6 -6 -4 -3 -3 -5 -3  8 -2 -3  0 -2  3 -2    5   0   1   0   0   0   0   0   0   0   0   0   0  71   2   2   7   0   9   2  1.82 0.67
  462 A    3 -2 -1 -2 -3 -1 -1 -2 -3 -3 -3  1 -2 -3  2  3  2 -5 -4 -1   32   0   3   2   0   2   3   0   0   0   1   9   1   1   9  21  12   0   0   4  0.43 0.30
  463 K   -2  0  3  0 -5 -2 -1 -4 -3 -5 -5  3 -4 -6  6  0  1 -6 -5 -4    1   4  13   6   0   0   3   0   0   0   0  23   0   0  36   6   8   0   0   0  0.92 0.41
  464 C   -3 -5 -5 -3 11 -5 -4 -5 -6 -3 -2 -5 -1 -5 -2  0 -1 -6 -5 -4    0   1   0   1  78   0   1   0   0   1   3   0   1   0   2   8   3   0   0   0  2.55 0.71
  465 Y   -5 -5 -5 -6 -6 -1 -5 -6 -2 -5 -4 -5 -4  2 -6 -5 -5 -1 10 -5    0   0   0   0   0   3   0   0   0   0   0   0   0   5   0   0   0   0  92   0  2.77 0.80
  466 Q   -1  0  1 -2 -4  6  0 -2 -1 -1 -3 -1  3 -4  0 -2 -2 -4 -3 -3    4   3   6   0   0  61   3   2   0   4   0   0  12   0   5   0   0   0   0   0  0.82 0.33
  467 C   -2 -5 -5 -5 10  0 -5 -5 -5 -3 -1 -5 -3 -4 -5 -3 -3 -4 -4  0    0   0   0   0  84   5   0   0   0   0   6   0   0   0   0   0   0   0   0   5  2.26 0.46
  468 K    0  0  2 -2 -4  1 -1 -3 -2 -4 -4  3 -3 -4  6 -1 -2 -4 -3 -3    9   3  11   0   0   8   0   0   0   0   0  24   0   0  44   0   0   0   0   0  0.92 0.21
  469 P    0 -1 -2 -2 -3 -1 -1 -2 -2 -3 -3  1 -3  1  6  1 -1 -3 -2 -2    7   1   0   0   0   0   2   1   0   0   0  13   0   8  51  13   1   0   0   2  0.93 0.16
  470 A    0  1  0 -2 -3  0 -1 -2  1 -2  0  2 -1 -3  4  1  1 -3 -2 -2    4   7   3   0   0   2   0   0   6   0  13  21   0   0  21  10  12   0   0   0  0.31 0.08
  471 A    2 -1 -1 -2 -2 -1 -1  1 -2 -2 -2  1 -2 -1  3  2  0 -3 -2 -1   19   0   0   0   0   1   0  12   0   1   2  16   0   4  17  22   3   0   0   3  0.29 0.08
  472 A    1 -2 -2 -2 -2 -1 -1 -2  0 -1 -2 -1 -1 -3  5  1  2 -4 -2  0   14   0   0   0   0   1   0   1   3   1   2   0   2   0  39  12  16   0   0  10  0.63 0.08
  473 A    1 -1  2 -1 -2 -1 -1 -1  2 -2 -2  0 -1 -3  4  0  1 -3 -2 -1   22   0  17   1   0   1   0   2   6   0   2   7   1   0  23   2  13   0   0   4  0.35 0.06
  474 A    2 -2 -1  1 -2 -1 -1  0 -1  0  0 -1 -1 -2  2  1  0 -3 -2  1   31   1   0  13   0   2   0   3   1   1   8   1   0   0   9  15   1   0   0  15  0.16 0.05
  475 H    1 -2  0 -1 -2  0 -1 -1  2 -1 -2 -1 -1 -3  4  2  0 -3 -2  1   10   0   3   0   0   3   0   2  10   0   1   0   1   0  19  33   2   0   0  15  0.31 0.07
  476 A    2 -1 -1 -2  4 -1 -1 -1  0 -2 -2  1 -2 -2  2  2  0 -1 -2 -1   28   1   1   0  16   0   0   0   3   0   1  13   0   1  12  18   4   1   0   0  0.30 0.06
  477 P    0 -3 -1 -2 -3 -2 -2 -3 -3 -1  0 -2 -1 -3  7 -1 -1 -4 -3  0    5   0   4   0   0   0   0   0   0   2  12   0   0   0  61   2   2   0   0  12  1.06 0.11
  478 V    1 -2 -2 -2 -2 -2 -2 -1 -2  0  0 -2  0 -1  5  0 -1 -3 -2  2   15   0   1   0   0   0   0   2   1   2   5   0   1   2  37   4   0   0   0  28  0.55 0.08
  479 S    0  2  0 -2 -2 -1 -1 -2  1 -2 -1  0 -1 -3  5  1  1 -3 -2 -2    9  19   2   0   0   0   0   0   6   0  10   0   0   0  32  11  11   0   0   0  0.46 0.05
  480 A    1 -1  1 -2 -2 -1 -1 -1  5 -2 -1 -1 -1  2  2  0 -1 -2  0 -2   20   1   8   0   0   1   0   3  29   1   2   1   2  14   9   5   2   0   0   0  0.24 0.05
  481 L    0 -1 -1 -1 -2  2  0 -1  1 -2 -1  0 -1 -3  5  1  0 -3 -2 -2    9   1   1   0   0  22   0   1   5   0   9   0   1   0  33  14   3   0   0   0  0.50 0.04
  482 H   -1 -1 -1 -2 -3  0 -1 -3  7 -1  1 -1  0 -1 -1 -1  1 -3  0 -1    3   1   0   0   0   2   0   0  53   1  27   0   0   0   3   0  11   0   0   0  0.43 0.07
  483 H   -2  0  0 -2 -3  0 -1 -3  8 -3 -3 -1 -2  0 -1 -1 -2 -2  4 -3    0   3   2   0   0   0   0   0  73   0   0   0   0   2   2   0   2   0  15   2  0.87 0.08
  484 R   -2  4  1 -1 -3  0  0 -2  6 -3 -3  1 -2 -2  2  0 -1 -3  0 -3    0  42   6   0   0   0   0   0  39   0   0   0   0   0  10   3   0   0   0   0  0.52 0.02
  485 L   -2 -2 -4 -4 -1 -2 -3 -4 -3  2  4 -3  2  0 -3 -3 -1 -2 -1  1    0   0   0   0   0   0   0   0   0   0 100   0   0   0   0   0   0   0   0   0  0.48 0.01

                      K         Lambda
Standard Ungapped    0.1386     0.3271
Standard Gapped      0.0390     0.2670
PSI Ungapped         0.1273     0.3152
PSI Gapped           0.0390     0.2670
