
Last position-specific scoring matrix computed, weighted observed percentages rounded down, information per position, and relative weight of gapless real matches to pseudocounts
           A  R  N  D  C  Q  E  G  H  I  L  K  M  F  P  S  T  W  Y  V   A   R   N   D   C   Q   E   G   H   I   L   K   M   F   P   S   T   W   Y   V
    1 M   -4 -4 -5 -6 -4 -4 -5 -6 -5  0  6 -5  6 -2 -5 -5 -3 -4 -3 -1    0   0   0   0   0   0   0   0   0   1  77   0  22   0   0   0   0   0   0   0  1.39 0.42
    2 A    1 -3 -1  2 -4 -2  1 -1 -3 -4 -4 -2 -4 -5  5  3  0 -5 -4 -4    9   0   2  12   0   0   9   3   0   0   1   0   0   0  30  29   5   0   0   0  0.74 0.28
    3 M    2 -1 -2  0 -3  1  2 -1  0 -1  0 -1  1 -2  3  0 -1 -3 -1  0   21   1   0   6   0   7  14   4   2   2   8   2   6   1  13   3   1   0   2   6  0.18 0.12
    4 E    2  0  0  3 -3  1  2 -2  3 -3 -4 -1 -3 -4  0  1 -1 -4 -3 -2   21   3   2  17   0   5  18   1   9   0   0   2   0   0   4  13   2   0   0   3  0.37 0.19
    5 I    2  0 -2  2 -3  2  3 -3 -2  0 -1 -1  0  1 -2 -1 -1 -4 -2 -2   22   4   0  10   0   9  29   0   0   5   5   1   2   8   1   2   1   0   0   1  0.32 0.21
    6 G    5 -3 -3  1 -1 -3 -1 -1 -4 -3 -2 -2 -3 -3 -3  1 -1 -5 -4  0   65   0   0   8   1   0   3   3   0   0   4   1   0   1   0   7   3   0   0   6  0.74 0.34
    7 E    0  3 -1 -1 -4  2  3 -3  0 -1 -2  0 -2 -3 -3 -1  1 -4 -1  0    8  22   1   1   0   8  28   0   2   4   3   3   1   0   0   3   8   0   1   8  0.35 0.21
    8 D    3 -1 -1  2 -3  2  2 -1  1 -4 -3  0 -3 -4 -2  1  0 -4 -3 -3   31   3   2  12   0  13  14   3   4   0   1   4   0   0   1   8   4   0   0   0  0.38 0.21
    9 E    2  0 -2  2 -3  1  3 -2 -2 -2  0 -1 -2 -1 -3 -1  0  4 -2 -1   24   4   0  11   0   5  22   1   0   0  11   3   0   3   0   1   4   7   0   5  0.28 0.20
   10 W   -2 -5 -5 -6 -4 -5 -5 -5 -4  1  5 -5 -1  4 -5 -4 -3  3  0  0    4   0   0   0   0   0   0   0   0   5  61   0   0  21   0   0   0   4   2   3  1.01 0.37
   11 K    0  1 -2 -3 -3  0  0 -2  3  0  2 -1  1 -1 -3  0  0 -3  1  0    8  11   0   0   0   3   5   2   9   3  29   3   3   2   0   6   6   0   5   5  0.15 0.14
   12 V    2  1 -2 -1 -2  2  2 -1  3 -3 -3 -1 -3 -3  3  0 -1 -4 -3 -2   23   7   0   2   1  10  17   2   9   1   1   2   0   1  14   6   3   0   0   3  0.37 0.21
   13 C    0 -6 -6 -6 10 -4 -6 -5 -6 -2 -4 -6 -4 -5 -6 -4 -2 -6 -5  2    8   0   0   0  74   1   0   0   0   2   0   0   0   0   0   0   3   0   0  13  2.51 0.66
   14 C   -3 -6 -1 -6 10 -6 -6 -6 -6 -2  0 -6 -4 -5 -6 -4 -4 -6 -5  1    1   0   4   0  71   0   0   0   0   2  10   0   0   0   0   0   0   0   0  12  2.37 0.64
   15 G    4 -3 -2  1 -3 -1 -1  3  2 -4 -4 -3 -3 -4 -3  1  0 -5 -4 -3   37   0   1   8   0   2   2  27   6   0   0   0   0   0   0  11   4   0   0   1  0.62 0.30
   16 S    2 -4 -3 -3  1 -3 -3 -3 -4  1 -2 -3 -3 -4 -3  5 -1 -5 -4  1   18   0   0   0   2   0   0   0   0  10   2   0   0   0   0  57   1   0   0   8  0.82 0.41
   17 S   -1  2 -1 -1 -4  0  0 -3 -2 -4 -4  0 -2 -3  5  2  2 -5 -4 -4    3  12   1   3   0   4   5   1   1   0   1   4   1   1  34  14  17   0   0   0  0.72 0.31
   18 E    2  3 -1 -1 -3  0  0 -1  0 -1 -3  2 -3 -3 -3  0  0  5 -2 -2   22  21   2   4   0   4   5   3   3   4   0  11   0   1   0   3   6  10   0   2  0.36 0.22
   19 F   -6 -6 -7 -8 -6 -6 -7 -6 -6 -1 -5 -7 -5  4 -7 -6 -6 12 -1 -1    0   0   0   0   0   0   0   0   0   4   0   0   0  16   0   0   0  76   0   5  3.49 0.85
   20 A    5 -2 -4 -4 -1  0 -3  0 -4  1 -3 -3 -2 -2 -3 -1 -1 -5 -4  2   56   2   0   0   1   4   0   7   0   8   0   0   0   2   0   1   3   0   0  16  0.67 0.35
   21 K    0  2  1  2 -4  2  3 -2  0 -2 -2  2 -2 -4 -2  0  0 -4 -2 -2   11  10   5  12   0  11  21   2   1   1   3  12   0   0   0   3   4   0   1   1  0.32 0.18
   22 Q    2  3 -1  0 -3  1  2  0 -1 -3 -2  1 -1 -4 -3  0  0 -4 -3 -2   24  17   2   3   0   6  18   8   1   0   3   8   1   0   0   4   4   0   0   1  0.32 0.20
   23 M    0 -4 -5 -6 -3 -4 -5 -5 -5  1  3 -4  7 -2 -5 -4 -3 -4 -3  4    6   0   0   0   0   0   0   0   0   6  28   0  33   0   0   0   0   0   0  27  1.03 0.42
   24 S    4 -3 -3 -4  1  0 -3 -3 -4  0  1 -2 -1 -3 -3  0  0 -4 -3  3   41   0   0   0   3   5   1   0   0   2  16   1   1   0   0   7   4   0   0  21  0.46 0.28
   25 T    4  0  0  0 -3  0  0  0 -1 -3 -2  1 -2 -4 -3  0  0 -4 -3 -2   45   4   4   6   0   3   5   5   1   1   4  11   1   0   0   6   4   0   0   1  0.38 0.24
   26 S    3  2 -2 -3 -3  1 -1  2  1 -3 -2  0 -3 -4 -3  1 -1 -4 -3 -2   33  13   1   0   0   7   3  19   4   1   3   3   0   0   0  11   1   0   0   3  0.38 0.24
   27 G   -2  7 -3 -5 -3 -2 -3 -1 -3 -5 -3 -1  1 -1 -5 -1 -4 -5 -4 -5    2  78   0   0   1   0   0   5   0   0   2   0   4   3   0   5   0   0   0   0  1.61 0.58
   28 P   -5 -6 -6 -5 -7 -5 -5 -6 -6 -7 -7 -5 -6 -7  9 -5 -5 -8 -7 -6    0   0   0   0   0   0   0   0   0   0   0   0   0   0 100   0   0   0   0   0  3.30 0.86
   29 L   -4 -5 -5 -6 -5 -5 -5 -6 -1 -3 -2 -5 -3  7 -6 -5 -5  1  6 -1    1   0   0   0   0   0   0   0   1   0   2   0   0  56   0   0   0   1  34   4  1.87 0.57
   30 T    3  1 -2  0 -3 -1 -1  1 -1 -3 -3  0 -2 -3  2  1  0 -4 -3 -2   37   8   0   4   0   1   2   9   2   0   0   4   1   1  12  13   6   0   0   1  0.41 0.24
   31 S   -2 -2  2  4 -4 -2 -2  0 -2 -4 -4 -3 -4 -5 -3  4  2 -5 -4 -3    0   1   9  30   0   1   0   7   1   0   1   0   0   0   0  34  15   0   0   1  0.77 0.37
   32 Q    0  1 -3 -2 -1  0  0 -3 -1  1  2 -1  0  0  0 -2  0 -1 -2  2    8   9   0   1   1   3   8   1   2  10  19   2   1   4   4   1   4   1   0  21  0.12 0.12
   33 E    2 -1  1  3 -2  0  3 -2  0 -4 -4 -1 -3 -4 -1 -1 -1 -4 -1 -3   21   3   6  22   1   3  26   2   2   0   1   2   0   0   3   2   3   0   2   1  0.45 0.25
   34 A    5 -2 -1  2 -3  1  2 -2  0 -4 -3 -2 -3 -4 -2  0 -1 -5 -4 -2   52   1   1  10   0   8  13   1   2   0   1   0   0   0   1   6   2   0   0   1  0.62 0.34
   35 I   -2 -4 -5 -6 -3 -4 -5 -6 -5  1  5 -5  2 -2 -5 -4 -3 -4 -3  2    2   0   0   0   0   0   0   0   0   7  72   0   4   0   0   0   0   0   0  13  1.13 0.42
   36 Y   -2 -1 -3 -1  1 -2 -1 -4  3  0  3 -1 -1  2 -4 -2  0 -1  3  0    1   4   0   3   3   1   3   0  10   3  39   3   0   8   0   2   5   0  10   4  0.32 0.21
   37 T    3  0  0  2 -3  1  1 -1 -1 -2 -2  0  0 -4 -2  0  1 -4 -3 -1   35   4   5  11   0   8   8   2   1   1   3   3   2   0   1   3   7   0   0   5  0.26 0.19
   38 A    5  0 -2 -3  0 -1 -1 -2 -2 -3 -3  0 -3 -2 -3  0  1 -4  0  0   54   7   1   0   2   2   3   1   0   0   1   4   0   2   0   6   7   0   3   5  0.52 0.30
   39 R    5  2 -2 -4 -3 -2 -3 -1 -3 -3 -1 -1  1 -4 -3  1 -2 -5 -4 -2   57  12   2   0   0   0   0   2   0   1   6   2   4   0   0  12   0   0   0   1  0.70 0.36
   40 D    0  2  0  5 -2  2  2 -1  0 -4 -3  0  1 -4 -3 -1 -1 -5 -4 -3    6  11   2  37   1   9  11   3   2   0   1   4   5   0   0   4   4   0   0   1  0.52 0.26
   41 I    2  1 -1  1 -3  1  1 -1 -2  1 -1  1 -1 -3 -3  0  0  0 -3 -1   24   8   1   8   0   8  10   2   0  13   3   7   1   0   0   4   6   1   0   2  0.16 0.15
   42 W    4 -3 -3 -4 -1 -2 -2 -2 -1  1  1 -3 -2 -1 -3 -1 -2  6 -2  1   38   0   1   0   1   2   3   1   2   9  12   0   0   2   0   2   1  14   0  13  0.52 0.28
   43 F    1 -4 -4 -2 -2 -3 -4 -4 -4  1  1 -4  3  2 -4 -2 -1  8  0  0   13   0   0   3   1   0   0   0   0   7  15   0   8  10   0   2   4  27   2   7  0.79 0.31
   44 N    3  2  2  0 -2  2  0 -1  0 -3 -2  0 -2 -3 -2  0  0  2 -2 -2   28  11  13   4   1  12   4   2   1   0   3   2   0   0   1   4   7   4   1   2  0.26 0.19
   45 Q    1  1  0  1 -1  2  2  1 -1 -2 -2  1 -2 -3  1  1  0 -4 -3 -2   15   6   3   8   1  12  14  10   0   2   2   7   0   0   6  10   3   0   0   0  0.22 0.14
   46 V    1 -4 -3 -5  3 -4 -4 -4 -4  0  4 -4  1 -1 -4 -2 -1  6 -2  2   11   0   1   0   6   0   0   0   0   1  44   0   3   2   0   1   3  13   0  14  0.68 0.31
   47 N   -2 -1  0  3 -4  0  1  1 -1 -4 -4 -1 -3 -5  3  1  3 -5 -4 -3    1   3   4  19   0   4   7  10   1   0   0   1   0   0  13  11  27   0   0   0  0.48 0.26
   48 V    1  1 -1  1 -4  0  3 -1 -3 -2 -2 -1 -3 -4  3 -1 -2  3 -3  1   11   7   2   7   0   3  29   3   0   1   2   1   0   0  14   1   1   4   0  14  0.35 0.22
   49 T    1 -1  1  2 -2  1  2 -1 -1 -2 -4 -1 -3 -4  2  1  1 -4 -3 -2   17   2   6  15   0   6  16   3   1   2   0   1   0   0   9  12   7   0   0   1  0.32 0.18
   50 D    0 -2 -1  5 -5  0  4  1 -1 -5 -5 -2 -4 -5 -4 -2 -3 -6 -5 -2    8   2   0  42   0   2  28  13   1   0   0   0   0   0   0   0   0   0   0   4  0.91 0.38
   51 W   -4 -2 -5 -5 -4  0 -4 -5 -4  2  2 -2 -1  1 -5 -4 -3  9  2  2    0   3   0   0   0   6   0   0   0  14  23   2   0   4   0   0   0  29   5  13  1.01 0.35
   52 L    0  1  0  2 -3 -1  1 -3 -2 -1  3 -1  0 -1 -3 -2 -1 -4 -3 -1    8   9   5  14   0   2   9   1   1   0  42   2   0   1   0   0   2   0   0   3  0.28 0.21
   53 E    2  1 -2  0 -4  3  5 -1 -1 -4 -3 -1 -3 -5 -3 -1 -2 -5 -4 -3   17   6   0   3   0  16  46   4   1   1   2   0   0   0   0   2   1   0   0   1  0.71 0.34
   54 A    6 -4 -4 -5 -3 -3 -4 -2 -4 -3  0 -2 -3 -4 -4 -1 -3 -5 -4 -3   85   0   0   0   0   0   0   1   0   0  11   1   0   0   0   2   0   0   0   0  1.34 0.52
   55 F   -4 -5 -5 -6 -4 -4 -5 -6 -4  1  3 -5  4  6 -5 -4 -3 -2 -1  1    0   0   0   0   0   0   0   0   0   7  36   0  11  38   0   0   0   0   0   8  1.03 0.37
   56 S    4  2 -1  0 -3 -1  1 -2 -3 -2 -4 -1 -3 -4 -3  2  0 -4 -4 -3   41  14   1   6   0   2   8   1   0   2   0   1   0   0   0  20   5   0   0   0  0.49 0.28
   57 A    4 -3 -1 -2 -2 -2 -3  4  3 -4 -4 -3 -1 -5 -3 -1 -2 -5 -4 -3   48   1   2   1   0   1   0  34   8   0   0   0   1   0   0   2   1   0   0   0  0.88 0.37
   58 H   -5 -4 -3 -5 -7 -3 -4 -6 11 -7 -6 -4 -5 -1 -6 -4 -5 -6 -2 -7    0   0   0   0   0   0   0   0  98   0   0   0   0   2   0   0   0   0   0   0  3.44 0.85
   59 P   -2 -5 -5 -5 -6 -5 -4 -5 -5 -6 -3 -4 -5 -7  8 -4 -4 -7 -6 -5    4   0   0   0   0   0   0   0   0   0   3   0   0   0  94   0   0   0   0   0  2.86 0.73
   60 Q   -2  6 -3  1 -5  1  0 -4 -3 -5 -4  1  2 -5  1 -1 -3 -5 -4 -4    3  56   0   7   0   6   5   0   0   0   0   5   7   0   9   3   0   0   0   0  0.99 0.39
   61 I   -4 -6 -6 -6 -4 -5 -6 -6 -6  7  1 -5 -1 -3 -5 -5 -3 -5 -4  1    0   0   0   0   0   0   0   0   0  85  11   0   0   0   0   0   0   0   0   3  1.72 0.53
   62 G    1 -3 -3 -4 -5 -4 -5  7 -5 -3 -6 -4 -5 -6 -5 -3 -4 -5 -5 -5    9   2   0   0   0   0   0  87   0   1   0   0   0   0   0   0   0   0   0   0  1.84 0.53
   63 N   -1 -1  1  4 -4  1  4  0  0 -4 -4 -1 -3 -4 -2 -1 -1 -4 -1 -2    3   2   7  29   0   4  32   9   1   1   1   1   0   0   1   3   2   0   2   2  0.57 0.23
   64 T   -2  5 -1 -2 -1  0 -2 -3 -2 -1  0  3  0 -3  0  0 -1 -4 -3  0    1  35   1   1   2   2   0   0   1   4   8  21   2   0   4   5   3   0   0   9  0.45 0.23
   65 P    1 -1  1 -1 -3 -1  0 -1  1 -2 -3 -1 -3 -4  5  1  0 -4 -3 -2   15   2   6   3   0   1   5   4   3   2   0   3   0   0  32  14   6   0   0   2  0.54 0.21
   66 S    2  0 -1  1  0  1  0  0 -1 -3 -2  1 -2 -3  0  2  1 -4 -3 -2   24   3   2   7   2   8   4   7   1   1   2   8   1   0   3  20   9   0   0   1  0.24 0.15
   67 P    0  1 -1 -2 -3 -1 -1  2 -1 -1  1  0  0 -2  2  0 -1 -3 -2 -1    7  10   3   1   0   1   3  21   2   2  23   4   1   0  12   5   3   0   0   2  0.19 0.12
   68 S    2  2 -1 -1 -2  0  1  2 -2 -2 -2  0 -2 -3 -1  1  0 -3 -3 -2   26  13   1   3   0   3  10  14   0   2   2   5   0   0   2  13   4   0   0   1  0.24 0.14
   69 I    1  0  0  2 -2  1  1  1  1 -1 -1  0 -1 -2  1  1  0 -2 -2 -2   11   5   2  14   0   5  10   9   4   3   4   6   1   2   5  10   5   0   1   2  0.12 0.05
   70 N    1  1  0  0 -2  0  0 -1 -1 -2 -2  3 -2 -2  2  1  1 -2 -2 -2   14   8   4   5   0   1   4   3   1   1   3  24   1   1  10   8  10   0   1   2  0.22 0.11
   71 S    1 -1 -1 -1 -2  0  2  1  1 -1 -2 -1 -2  1  0  1  1 -2  2 -1   12   2   1   1   0   2  17   9   3   3   2   2   0   8   5  11   9   0  10   2  0.14 0.10
   72 D    3 -1 -1  0 -1  0  0  0 -1 -1 -2  0 -1 -2  0  1  0 -2 -2 -1   31   3   2   6   1   4   5   7   1   3   3   5   1   1   5  10   7   0   1   4  0.15 0.08
   73 F    2 -1  0 -1 -1  0  0 -1  0 -1  0 -1  0  0  0  1  1 -2 -1  0   21   2   6   3   1   4   4   4   3   2   8   2   3   7   3  14   8   0   1   6  0.07 0.05
   74 A    2 -2  0  0 -1 -1 -1  1 -1 -1 -1 -1  0 -1  0  1  3 -1 -2 -1   27   1   3   5   1   1   2   8   1   3   6   2   2   2   3   7  23   1   1   2  0.19 0.11
   75 R    1  1  0  0 -2  1  0  1  0 -2 -2  1 -2 -2  1  1  0 -2 -2 -2   17   6   5   5   0   7   5  12   2   1   2  11   1   1   6  14   2   0   1   2  0.16 0.07
   76 R    0  2  0  1 -1  0  0 -2 -2 -1 -1  0 -1  0  0 -1 -1  8 -1 -2    9  14   4   8   1   4   6   2   1   3   5   3   1   3   4   4   3  23   1   1  0.45 0.15
   77 S    1 -2 -2 -2  1 -2 -2 -1 -2 -1  0 -1  1 -2 -2  4 -1  4 -2 -2   12   1   1   1   4   0   1   3   1   2  12   2   3   1   1  47   1   6   0   1  0.44 0.24
   78 V    2  2 -1 -2 -2 -1  0 -2 -2 -2 -3  0 -1 -3 -2  3  1 -1 -2 -1   24  14   0   1   0   1   4   1   0   2   1   6   2   0   1  31   8   1   1   2  0.35 0.19
   79 S    2  2  0  0 -3  0  1  2 -2 -3 -3  0 -1 -3 -2  2 -1 -3 -3 -2   21  16   2   4   0   3  10  16   0   1   2   3   1   0   0  18   2   0   0   1  0.28 0.15
   80 E   -1  3  1  0 -4  2  5 -2  2 -4 -4  0 -2 -4 -3 -1 -2 -4 -3 -4    4  20   7   2   0   8  42   3   6   0   1   2   1   0   0   1   1   0   0   0  0.66 0.27
   81 Q   -2 -2 -3 -2 -6  6  6 -4 -2 -5 -5 -1 -4 -6 -4 -3 -3 -5 -4 -5    2   0   0   0   0  44  52   0   0   0   0   0   0   0   0   0   0   0   0   0  1.54 0.52
   82 S    0 -1 -2 -3 -4  6 -1 -1 -2 -5 -4 -2 -3 -5 -3  4 -2 -5 -4 -4    8   2   1   0   0  52   1   3   0   0   0   0   0   0   0  32   0   0   0   0  1.11 0.45
   83 T    3  1  0 -1 -2  0 -1  1 -1 -3 -3  0 -2 -3 -2  2  1 -3 -3 -2   33  10   2   2   0   3   2  12   1   0   1   3   0   0   0  19  10   0   0   1  0.35 0.19
   84 A    3 -3 -2 -3 -3 -2 -3  5 -2 -3 -3 -3 -3 -1 -3  0 -2 -4 -4  0   33   0   1   0   0   1   0  46   1   1   1   0   0   2   0   5   1   0   0   7  0.77 0.30
   85 F    1 -3 -3 -2 -2 -2 -3 -3 -3  0  2 -3  5 -1 -3 -2 -1 -3 -2  3   12   1   1   2   0   1   0   1   0   1  24   0  18   2   0   1   3   0   0  31  0.45 0.23
   86 A    3 -1  1  3 -3  1  0 -1 -2 -2 -3  0 -3 -4 -2  2  0 -4 -3 -2   29   2   4  23   0   7   3   4   0   1   1   4   0   0   0  15   4   0   0   1  0.37 0.20
   87 T    0  1  0  1 -3  1  0  2  0 -3 -2  0 -2 -3 -1  1  2 -3 -3 -2    6  11   4  10   0   7   3  19   2   1   2   2   0   0   2  14  15   0   0   1  0.24 0.13
   88 T    5 -2 -3 -2 -2 -2 -1 -1 -3 -1  1 -2 -1 -3 -2  0 -1 -4 -2 -2   62   2   1   2   0   1   2   3   0   3  13   0   1   0   1   6   3   0   1   1  0.61 0.30
   89 S    0 -3  2  5 -4 -1 -1 -1 -3 -4 -5 -2 -4 -5  0  3  1 -5 -4 -4    6   1   8  39   0   1   1   5   0   0   0   0   0   0   4  27   9   0   0   0  0.71 0.30
   90 A    2  0  0  3 -4  0  3  0 -1 -4 -3 -1 -2 -4  0  0 -1 -4 -2 -3   19   4   3  21   0   2  28   7   1   0   1   0   1   0   3   4   3   0   1   1  0.41 0.21
   91 S    4  0 -1  2 -3  0  2 -1 -1 -3 -3 -2 -3 -4 -3  1 -1 -4 -3 -1   39   4   1  11   0   3  19   3   1   0   1   0   0   0   0  12   2   0   0   3  0.44 0.24
   92 A    1 -3 -2 -3 -2 -2  1 -3 -3  1  2 -2  0 -1 -3  0  2 -4 -3  3   10   0   1   0   0   0  12   1   0   4  21   0   1   2   0   4  19   0   0  27  0.30 0.20
   93 L    1  2 -3 -3 -3  1 -2 -3 -1  0  3  1 -1  0 -2 -1 -1 -3  1 -1   15  13   0   0   0   7   0   0   1   6  35   8   0   4   1   2   2   0   6   0  0.23 0.18
   94 Q    3  1 -1  1 -2  4  1 -1 -1 -3 -3  0 -2 -3 -2  0  0 -4 -3 -2   33   6   1   6   1  25  10   2   1   0   2   5   0   0   0   4   3   0   0   1  0.41 0.20
   95 E    3  2 -2  0 -3  0  4 -2 -2 -3 -3 -1 -3 -4 -3 -1 -2 -4 -3 -2   35  11   1   4   0   2  40   1   0   1   1   1   0   0   0   1   1   0   0   1  0.60 0.26
   96 L   -3 -4 -2 -5 -3 -3 -4 -5 -4  0  5 -4  5  3 -5 -4 -3 -3 -2  0    0   0   2   0   0   1   0   0   0   2  62   0  18  13   0   0   0   0   0   2  0.92 0.30
   97 A    3  1 -2 -2 -2  0  0 -2  0 -1  0  0 -1 -3 -2  0  0 -3 -2 -1   43   9   0   0   0   4   7   1   3   2  12   5   1   0   0   5   6   0   1   2  0.26 0.16
   98 E    1  2 -2  1 -4  2  4 -3 -1 -4 -3  1 -3 -4 -3 -1  1 -4 -2 -3   13  13   0   7   0   6  42   0   1   0   1   6   0   0   0   1  10   0   1   0  0.56 0.22
   99 W    1 -2 -3 -4 -3 -3 -2  3 -3 -1  2 -1  0 -1 -4 -2 -2  6 -1 -1   11   1   0   0   0   0   2  30   0   1  30   3   2   1   0   0   0  14   1   4  0.50 0.20
  100 N   -4 -3  8 -1 -5 -1 -3 -2 -2 -6 -6 -3 -5 -5 -4 -2 -2 -6 -5 -5    0   0  93   0   0   2   0   2   0   0   0   0   0   0   0   0   1   0   0   0  2.08 0.51
  101 V    3  3  0 -1 -3  2  0 -2  1 -2  0  0 -1 -3 -2  0 -1 -2 -2 -1   30  19   4   2   0  11   6   0   4   0  12   4   0   0   0   2   1   0   0   3  0.24 0.15
  102 L    3  2 -1 -1 -3  0  2 -2 -2 -3  0  0 -2 -3 -2 -1 -1 -4 -3 -2   41  15   2   3   0   4  18   0   0   0  10   5   0   0   0   1   1   0   0   1  0.37 0.20
  103 Y   -5 -5 -5 -6 -5 -4 -5 -6 -1 -4 -4 -5 -4  0 -6 -5 -5 -1 10 -4    0   0   0   0   0   0   0   0   0   0   0   0   0   0   0   0   0   0 100   0  2.85 0.63
  104 K   -2  2 -2  1 -5  2  5 -4  0 -4 -1  0 -1 -3 -3 -2 -2 -2 -2 -4    3  13   0   5   0  10  54   0   2   0   6   4   2   1   0   1   0   1   1   0  0.75 0.27
  105 K    2  0 -1  2 -4  3  4 -2 -1 -4 -4  1 -3 -4 -3  0 -1 -4 -3 -3   21   5   1  12   0  13  35   0   0   0   0   6   0   0   0   3   1   0   0   1  0.56 0.22
  106 K   -3  5 -2 -3 -5  0 -1 -4 -2 -5 -4  6 -3 -5 -3 -2 -1 -5 -4 -4    1  42   0   0   0   2   1   0   0   0   0  51   0   0   0   0   3   0   0   0  1.25 0.37
  107 F   -5 -5 -2 -6 -5 -5 -5 -5  3 -3 -2 -5 -1  8 -6 -5 -5 -2  1 -3    0   0   2   0   0   0   0   0   7   0   0   0   1  88   0   0   0   0   1   0  2.08 0.49
  108 G   -2 -2 -2 -2 -5 -4 -4  7 -2 -6 -6 -3 -5 -5 -4 -2 -4 -5 -5 -5    0   2   1   2   0   0   0  93   1   0   0   1   0   0   0   1   0   0   0   0  1.85 0.43
  109 F   -4  3 -3 -4 -5 -1 -3 -5  6 -2 -3 -3 -1  6 -5 -3 -4  1  3 -3    0  16   0   0   0   3   0   0  27   2   0   0   2  41   0   0   0   2   9   0  1.09 0.33
  110 I   -2 -2 -4 -5 -3 -4 -4 -5 -5  4  0 -4 -1 -3  3 -3 -1 -5 -3  5    0   2   0   0   0   0   0   0   0  27   3   0   0   0  14   0   2   0   0  52  0.85 0.29
  111 F   -4 -5 -5 -6  1 -5 -5 -6 -3 -3 -2 -5 -3  8 -6 -5 -4 -1  5 -3    0   0   0   0   4   0   0   0   0   0   0   0   0  74   0   0   0   0  22   0  1.95 0.46
  112 I   -3 -4 -5 -5 -3 -4 -5 -5 -4  4  4 -4  3 -1 -4 -4 -2 -4 -3  1    0   0   0   0   0   0   0   0   0  30  59   0   8   0   0   0   0   0   0   3  0.91 0.27
  113 I   -2 -5 -5 -5 -3 -4 -5 -5 -5  5  1 -4 -1 -2 -4 -4 -2 -4 -3  5    0   0   0   0   0   0   0   0   0  49   6   0   0   0   0   0   0   0   0  44  1.05 0.30
  114 C   -2  3 -4 -5 10 -4 -5 -5 -2 -4 -4 -3 -4  1 -5 -3 -3 -4 -2 -3    2  17   0   0  70   0   0   0   1   0   0   0   0   8   0   1   0   0   1   0  2.02 0.44
  115 A    6 -3 -4 -4 -2 -3 -3 -2 -4 -1 -1 -3 -2 -4 -3 -1 -2 -4 -4  1   84   0   0   0   0   0   0   0   0   3   5   0   0   0   0   0   0   0   0   9  1.05 0.35
  116 S    1  2  0 -2 -3 -1 -1 -2 -1 -3 -3  1 -2 -4 -2  2  4 -4 -3 -2   11  14   4   0   0   0   2   0   1   1   0  10   0   0   0  21  35   0   0   0  0.47 0.21
  117 G   -2  2 -1 -3 -5 -3 -4  6 -4 -5 -2 -3 -4 -5 -4 -2 -3 -4 -5 -5    0  13   2   0   0   0   0  81   0   0   5   0   0   0   0   0   0   0   0   0  1.41 0.35
  118 R   -2  6 -2 -3 -5  0 -2 -4  4 -4 -1  3 -1 -4 -4 -2 -3 -4 -2 -3    2  52   0   0   0   1   0   0  14   0   8  20   1   0   0   1   0   0   0   1  0.90 0.28
  119 T   -1 -2 -2 -1 -3 -3 -3 -1 -3 -4 -4 -3 -3 -5  0  5  4 -5 -4 -2    1   1   0   3   0   0   0   3   0   0   0   0   0   0   5  58  25   0   0   3  0.92 0.40
  120 H    4 -1 -2 -2 -3 -2 -2  3 -1 -3 -3  0 -3 -4 -1  0  1 -4 -4 -3   49   3   0   2   0   0   0  21   2   0   2   6   0   0   2   6   8   0   0   0  0.58 0.28
  121 A    1 -1 -1  3 -4  1  4 -2  0 -4 -3  0 -3 -4  1  1 -1 -4 -3 -2   11   2   1  19   0   4  34   1   2   0   2   4   0   0   7   8   2   0   0   2  0.47 0.22
  122 E   -1 -1 -1  0 -5  4  5 -2 -2 -5 -4 -1 -3 -2 -3  1  1 -5 -4 -3    4   1   1   3   0  17  52   2   0   0   0   0   0   2   0   9   7   0   0   1  0.84 0.35
  123 M   -3 -4 -5 -5 -3 -4 -5 -6 -5  5  3 -4  7 -2 -5 -4 -3 -4 -3  2    0   0   0   0   0   0   0   0   0  33  21   0  35   0   0   0   0   0   0  10  1.13 0.39
  124 L   -3  2 -5 -5  0 -4 -4 -6 -5 -1  5 -3  1 -2 -5 -3 -3 -4 -3  0    0  13   0   0   2   0   0   0   0   0  78   0   2   0   0   2   0   0   0   4  1.07 0.39
  125 H    3  1  0  3 -3  2  2 -1  0 -3 -3 -1 -3 -4 -3  0 -1 -4 -3 -2   33   7   3  22   0  10  12   2   2   0   0   0   0   0   0   3   2   0   0   2  0.43 0.22
  126 A    3 -2 -1  0 -3  0  2 -2 -2  1  1 -2  0  0 -3 -1 -1 -3 -2  0   31   1   3   5   0   2  20   2   0  10  13   0   1   4   0   2   2   0   0   5  0.21 0.16
  127 L   -1 -4 -4 -5  0 -4 -4 -5  0  1  5 -4  0  1 -4 -3 -3 -3 -2  1    6   0   0   0   2   0   0   0   3   4  66   0   0   6   0   0   0   0   0  10  0.76 0.29
  128 K   -1  3  0  0 -2  2  2 -3  0 -3 -3  3 -2 -4 -3 -1  0 -4 -3 -2    3  21   4   5   1   9  17   1   2   0   2  25   1   0   0   1   4   0   0   3  0.45 0.20
  129 E    2  4 -1  0 -4  2  2  0 -1 -3 -3  0 -2 -4 -3  0  0 -4 -3 -2   18  25   1   3   0  10  19   7   1   1   1   4   1   0   0   4   5   0   0   2  0.38 0.20
  130 R   -4  8 -3 -5 -6  0 -3 -5 -3 -6 -5 -1 -4 -6 -5 -4 -4 -6 -5 -2    0  93   0   0   0   4   0   0   0   0   0   0   0   0   0   0   0   0   0   3  2.17 0.61
  131 Y   -3 -4 -5 -5 -4 -3 -5 -6 -1  3  4 -4  3  1 -5 -3 -3 -3  3 -1    0   0   0   0   0   1   0   0   2  17  54   0   8   6   0   1   0   0  10   1  0.85 0.33
  132 E    1  0  1  1 -3  1  1  1  2 -3 -2  0 -2 -3  2  0  1 -4 -2 -2   17   4   7   8   0   6   8  11   7   0   4   4   0   0  11   2   9   0   1   1  0.21 0.13
  133 N   -4  0  8  1 -6 -3 -3 -4  3 -6 -6 -2 -5 -6 -2 -1 -3 -7 -5 -6    0   5  79   5   0   0   0   0   6   0   0   2   0   0   2   3   0   0   0   0  1.88 0.59
  134 R    0  2  0  4 -4 -2  0 -2 -2 -1 -3 -1 -3 -4  0  2  2 -5 -4 -3    7  11   4  33   0   0   5   1   1   4   2   1   0   0   5  15  12   0   0   0  0.46 0.24
  135 P    1  2 -3  0 -5 -1  1 -3  0 -5 -4 -2 -4 -5  6 -2  0 -5 -2 -3   11  12   0   5   0   2   8   1   2   0   1   1   0   0  49   1   5   0   1   1  1.08 0.37
  136 I    2 -1 -2  1 -3  1  3 -2  0  1 -1  0 -2 -3  0 -1 -1 -1 -3  1   19   2   0   9   0   5  26   1   2  10   4   4   0   0   3   2   3   1   0   9  0.24 0.18
  137 V    0  1 -2  0 -3  3  1 -1 -1 -1 -2 -1 -2 -3 -3  0  3 -4 -3  1    8   8   0   4   0  14  12   5   1   2   1   2   0   1   0   3  26   0   0  12  0.28 0.21
  138 E   -4 -4 -4 -2 -7 -1  8 -6 -4 -7 -6 -3 -6 -7 -5 -4 -4 -6 -6 -6    0   0   0   0   0   0 100   0   0   0   0   0   0   0   0   0   0   0   0   0  2.42 0.73
  139 L   -2  3 -3 -2 -3  0 -3 -4 -2  1  3 -1  1  1 -4 -3 -1  0 -2  1    2  22   0   2   0   4   0   0   1   8  38   2   3   5   0   0   4   1   0   7  0.40 0.23
  140 E    1  4 -1  0 -4  3  3 -2  1 -2 -2  1 -1 -4 -2 -1 -1 -4 -3 -2   13  26   2   3   0  13  19   2   4   2   3   6   1   0   1   1   3   0   0   2  0.41 0.22
  141 I   -1  1  2 -2 -3 -1  1 -4 -3  4 -1 -1 -1 -3 -4 -2  0 -4 -3  3    5   9  11   1   0   2  12   0   0  27   1   2   0   0   0   1   6   0   0  22  0.34 0.23
  142 A    5 -4 -4 -4 -1 -3 -1 -1 -4 -2 -1 -3  2 -4 -3 -1 -1 -5 -4  2   61   0   0   0   1   0   5   3   0   1   4   0   6   0   0   2   3   0   0  16  0.78 0.37
  143 A    4  3  0 -3 -1 -1 -2 -1 -2 -1  0 -2  0 -4 -3 -1 -2 -4 -4 -2   46  20   6   0   1   2   1   2   1   4  12   0   2   0   0   1   1   0   0   1  0.49 0.29
  144 M    2  0  0  1 -3  2  3  1 -2 -2 -3 -1  0 -4 -3  0  1 -4 -3 -2   17   5   3   5   0  12  26  10   0   1   1   1   3   0   0   3  10   0   0   2  0.33 0.20
  145 E   -2 -3 -1 -2 -7  4  7 -5 -3 -6 -6 -2 -5 -6 -4 -3 -4 -6 -5 -5    2   0   2   0   0  20  76   0   0   0   0   0   0   0   0   0   0   0   0   0  1.78 0.60
  146 Q   -3 -3 -4 -4 -4  6 -1 -5 -3  0  4 -3 -1 -3 -4 -1 -3 -4 -4 -1    0   0   0   0   0  41   3   0   0   5  43   0   0   0   0   5   0   0   0   3  0.97 0.43
  147 M    1  2 -1  1  0  2 -1  1 -2 -1 -1  0  2 -2 -3  0 -1 -3 -3 -1   17  16   2   9   2  12   2  12   0   3   6   2   9   2   0   3   3   0   0   2  0.15 0.13
  148 K    1  2 -1  0 -3  1  1 -1  1 -3 -2  4 -2 -4 -2 -1 -1 -4 -2 -3   19   8   0   4   0   5  10   4   4   0   4  42   0   0   0   0   0   0   0   0  0.38 0.15
  149 I   -2 -4 -4 -4 -2 -4 -4 -5 -4  6  1 -4  0 -1 -4 -3  1 -4 -3  2    0   0   0   0   0   0   0   0   0  73  10   0   0   0   0   0   8   0   0   8  0.83 0.24
  150 T    1 -2  2 -2 -2 -2 -2  1  1 -2 -1 -2  0 -1 -2  1  4 -3 -2  0   14   0  13   0   0   0   0  12   4   0   3   0   3   3   0   5  37   0   0   5  0.28 0.14
  151 E    1  3 -1 -1 -1  1  2 -2  0 -2 -1  1  0 -3 -2 -1  1 -3 -2 -1   14  26   1   1   2   6  19   1   2   1   8   4   3   0   0   0  10   0   0   2  0.25 0.13
  152 L   -1 -2 -2 -4 -2 -3 -3 -4 -1  3  4 -3  1 -1 -3 -2 -2 -3 -2  1    3   2   2   0   0   0   0   0   2  25  56   0   2   0   0   3   0   0   0   3  0.52 0.18
  153 R   -3  7 -2 -2 -5  1  1 -4 -2 -4 -4  0 -3 -4 -3 -2 -3 -4 -3 -4    0  79   0   0   0   6  10   0   0   0   1   0   0   0   0   0   0   0   0   0  1.32 0.34
  154 M   -1 -2 -3 -3 -2 -2 -3 -3 -3  2  4 -3  2  0 -3 -2 -2 -2 -2  1    5   1   1   1   0   1   1   1   0  11  62   1   4   3   1   1   1   0   1   5  0.48 0.15
  155 A    0  0  1  0  2  1  0  0  2  0  0  0  1 -2 -2  0  0 -3 -2  0    6   6   6   6   6   6   6   6   6   6   6   6   6   0   0   6   6   0   0   6  0.06 0.09
  156 K   -1  4  1  0 -4  2  1  1  1 -4 -4  3 -3 -4 -3  0 -2 -4 -3 -3    4  24   6   5   0   9  10  11   3   0   1  21   0   0   0   4   0   0   0   0  0.43 0.25
  157 L    0  0 -3 -3 -2 -2 -1 -1 -3  0  3 -2  3  0 -3 -1 -1  2 -2  0    8   7   0   0   0   0   3   5   0   4  42   0   8   3   0   6   3   4   0   6  0.27 0.22
  158 F   -1 -2 -3 -4 -2 -3 -3 -4 -3  2  2 -3  1  3 -3 -3 -1  3  1  2    6   3   0   0   0   0   1   1   0  16  23   0   3  16   0   1   3   4   3  19  0.37 0.21
  159 S    1 -1 -1  0 -2  1  2  1  0 -2 -3 -1  0 -3 -1  2  2 -3 -3 -2   12   2   0   6   0   5  13  12   2   2   1   1   2   0   2  19  19   0   0   1  0.24 0.19
  160 D   -1 -1  0  2 -3  1  3  1  0 -3 -2  0 -1 -3  1  0  1  3 -2 -2    5   3   3  14   0   4  21   9   2   1   4   4   2   0   6   5   9   4   0   2  0.21 0.15
  161 K    0 -1  0  1 -3  2  2 -1  0 -2 -2  1 -2 -2  3 -1 -1 -3 -2 -2   10   2   3   9   0   9  19   4   2   2   5   7   0   2  16   3   4   0   0   2  0.27 0.16
  162 A    1  1 -1 -1 -2  0  1  1  1 -1 -1  0 -1 -1  2  0  0 -3 -2  0   14  12   1   1   0   2  12  12   4   3   5   2   0   3   9   5   5   0   1  10  0.11 0.10
  163 K    1  1  2  1 -3  0  1  2  0 -3 -3  0 -2 -1  2 -1  0 -3 -2 -2   13  11  10   8   0   3   8  16   2   1   1   5   0   3   9   1   6   0   1   1  0.20 0.12
  164 V    1 -2 -1  0 -2 -1  0  0 -1  0 -1 -1 -1  0  3  1  0 -2  0  1   15   1   1   6   0   1   4   7   2   4   6   1   0   4  14   9   7   0   5  13  0.13 0.10
  165 I    0  0  1  1 -2 -1  0  0 -2  0 -2 -1 -1  1  1  0  1 -3 -1  0    8   8   8   8   0   0   8   8   0   8   1   0   0   8   8   8   8   0   0   8  0.08 0.09
  166 S    1  1 -1  1 -2 -1  1  0 -2 -1  0 -1 -1  0  1  2  0 -3 -2 -1   10   8   0   8   0   0  11   7   0   5  11   0   0   5   7  19   7   0   0   0  0.11 0.11
  167 E    0  1  1  1 -2  0  1  0  2  0 -2  1 -2 -3  1  1  1 -3 -2 -2    8   8   8   8   0   0   8   8   8   8   1   8   0   0   8   8   8   0   0   0  0.15 0.10
  168 T    1 -1  0  1  2 -1  0  0 -2  0 -2  0  0 -1  0  1  2 -3 -2  0   15   3   3   7   6   0   4   7   0   7   1   4   3   3   3  12  18   0   0   4  0.11 0.13
  169 D    0 -1  2  2 -3  1  2  0 -2 -1 -3  0 -2 -3  1  0  1 -3 -3 -1    8   0  15  10   0   5  15   8   0   3   1   5   0   0   7   5  12   0   0   5  0.22 0.17
  170 S    0  1 -1  1  1  1  1  1 -2 -2 -3  1 -2 -3  1  1  1  2 -2 -1    6   7   0  10   3   7  10   9   0   0   1   7   0   0   8  12  11   3   0   5  0.18 0.13
  171 S    1  0  2 -2  0 -1 -2  1  1 -2 -1 -1  0 -2  0  2  0 -2  1 -1   17   6  12   0   2   0   1  13   4   0   5   1   4   0   3  18   3   0   7   4  0.15 0.15
  172 S    0  1  0  0 -3  0  1 -2  2 -2 -3  1 -2 -3  4  1  0 -3 -2 -1    8   8   4   4   0   3   7   1   6   1   1   7   0   0  27  13   3   0   0   7  0.41 0.20
  173 S    1 -2 -1 -2 -2 -1  1  0  1  0  0  0 -1 -2  2  1  2 -3 -2 -1   13   1   0   1   0   0   9   8   4   5  10   5   0   0  12   8  22   0   0   1  0.19 0.16
  174 P    0 -1  0  0 -2  0  0  0 -2 -1 -2  1 -2 -3  3  2  1 -3 -2  0    8   1   4   3   0   4   5   5   0   3   3  10   0   0  14  23   8   0   0   6  0.23 0.15
  175 V    1 -1 -2 -1 -2  1 -1 -2 -2  0  1  0  3 -1 -1 -1 -1 -2  0  2   19   3   0   3   0   8   1   1   0   4  10   7  14   2   3   3   2   0   3  17  0.11 0.12
  176 S    2  1  0 -2 -2 -1 -1 -1 -2 -2 -2  0 -2 -1  1  3  1 -3  0  0   20  10   3   1   0   0   1   1   0   1   1   7   0   3   7  28   8   0   3   7  0.22 0.16
  177 T    1 -1  0  2 -2  1  1 -2 -2 -3 -3  1 -2 -3  0  3  2 -3 -2 -2    9   1   3  12   0   6   6   1   0   1   1  11   0   0   3  28  17   0   0   1  0.30 0.18
  178 K   -1  2  0 -1 -3  2  0  0  0 -1 -2  2 -2 -3  0  1  0 -3 -2 -1    2  16   3   0   0  12   3   8   2   5   3  19   0   0   4  11   6   0   0   4  0.21 0.14
  179 P    3  1  1 -2 -2  1  0 -2 -2 -2 -2 -1  1 -3  2  0  1 -3 -3  0   33  11   6   0   0   6   7   1   0   0   1   0   5   0  12   4   8   0   0   6  0.28 0.20
  180 Q    1  0  1  0 -3  1  2  0 -1 -2 -1  1  2 -3 -2  0  0 -3 -2 -2   19   6  10   4   0   6  15   6   0   0   8   7   8   0   0   6   3   0   0   0  0.16 0.14
  181 D    0  1  2  3 -3  0  0  1 -2 -2 -2  0 -2 -3  1  0 -1 -3 -3 -2    9   8  10  26   0   4   2  11   0   3   3   6   0   0   7   5   2   0   0   2  0.25 0.14
  182 R   -1  5  1 -2 -4 -1  0 -3  2 -1 -3  2 -2 -3 -3  0  0 -4 -2 -3    6  49   7   0   0   0   4   1   6   6   1   9   0   0   0   6   5   0   0   1  0.62 0.30
  183 L    0 -3 -3 -3 -2 -2  0 -1  1  1  3 -2  3  0 -3 -1 -1 -3 -2  1    8   0   0   0   0   0   7   4   4   9  37   0   9   4   0   4   4   0   0   9  0.24 0.20
  184 R   -1  3  1  0 -3  1  0 -1 -2 -1  0  1  1 -3 -2  0  0  2 -2 -2    4  20   8   4   0   8   5   5   0   4   9  11   4   0   0   8   5   4   0   0  0.18 0.17
  185 I    0  1  1 -2 -2  1 -1  0  2  0  0  0  1 -2  1  0  0 -3 -2  0    7   7   7   0   0   7   0   7   7   7   7   7   7   0   7   7   7   0   0   7  0.08 0.11
  186 I    0 -3 -3 -3 -2 -2  0 -3  1  3  2 -2  0  0 -3 -1  1 -3 -2  1   11   0   0   0   0   0   6   1   5  24  23   0   0   4   0   4  10   0   0   9  0.23 0.19
  187 G    1 -1  0 -2  1  1  0  2 -2 -1  0  0 -1  0 -2  1  0 -3 -2 -2   10   3   4   0   3  10   6  19   0   3  14   3   0   4   0  15   5   0   0   0  0.13 0.14
  188 G    2  1  0 -1 -2  0  0  2  1 -1 -1 -1  0 -1  1  0  0 -3 -2 -2   26  11   4   3   0   3   7  14   4   4   4   0   4   3   6   4   4   0   0   0  0.15 0.15
  189 H    1 -1 -1 -2 -2  0 -1  0  7 -1 -1 -1  0 -2 -1  0 -1 -2 -1 -1   11   2   1   2   1   3   2   8  39   4   6   2   2   1   2   6   2   0   1   5  0.51 0.17
  190 L   -1 -1 -2 -3  0 -2 -2 -2 -3  1  4 -2  3 -1 -2 -2 -1 -2 -2  0    3   4   2   1   2   1   1   2   0   7  53   1   7   1   1   3   2   0   1   5  0.41 0.17
  191 N    0  0  0 -1 -1 -1 -1  2 -2  0  0 -1  1 -1 -2  1  1 -2 -2  0    7   5   3   3   1   2   2  20   0   5   8   2   5   2   1  15  11   0   1   7  0.10 0.07
  192 V    2 -2 -2 -2 -2 -1 -2 -1 -1  0  1 -1  1 -1  1  1  0 -2 -1  0   25   1   1   1   0   1   1   4   1   4  18   2   6   3   7  11   4   0   1   8  0.14 0.09
  193 A    2  0  0 -1 -1  0  0 -1 -1 -1  0 -1 -1 -1  1  2  0  1 -2 -1   20   5   3   2   1   6   5   3   1   2   9   1   0   3   7  22   6   2   1   4  0.14 0.10
  194 A    2 -1  0  0 -2  0  0  1 -2 -1 -2 -1 -2 -2  2  2  0 -3 -2 -1   22   3   5   3   0   4   4   8   0   2   3   2   0   2  10  21   5   0   1   5  0.20 0.11
  195 E    0  0 -1  1 -1  2  1 -1 -1 -1 -1  0  0 -2  2  0 -1 -2 -1 -1    8   4   1   8   1  16  11   2   0   4   8   3   3   2  12   8   3   0   1   5  0.17 0.09
  196 A    3 -2 -1 -1  0  0 -1  1  0 -1 -2 -2 -1 -2  0  2  1 -3 -2 -1   29   1   2   3   2   3   2  10   3   3   3   1   1   2   3  18  11   0   0   4  0.23 0.14
  197 K    1  0  0 -1 -1  0  0  1  0 -1 -2  0 -1 -1  0  2  1 -3 -2 -1    9   6   4   1   1   3   5  14   2   2   3   5   2   4   4  18  12   0   0   4  0.12 0.08
  198 A    2 -1  1 -1 -2  0  0  1 -1 -1 -1 -1  0 -1  0  1  2 -3 -2 -1   18   1   9   2   0   3   4   9   1   3   6   2   2   3   3  14  16   0   0   2  0.13 0.10
  199 P    2 -2 -1 -2 -1 -2 -2 -2 -3 -2 -1 -2  4 -2  4  2  1 -3 -3 -1   18   1   3   1   1   1   1   2   0   1   4   1  17   1  18  16  11   0   0   2  0.41 0.22
  200 K    2 -1  0 -1 -2  1  1 -1  0 -2 -1  1  0 -1  0  1  1 -3 -2 -1   19   2   5   2   0   8  13   3   2   1   6   9   3   4   3  11   8   0   0   3  0.12 0.09
  201 R    3  2 -1 -2 -2  0  0  0 -2 -3 -2  0  0 -3  3  1  0 -3 -3 -2   28  15   1   1   0   3   5   5   1   1   1   4   3   1  15   8   7   0   0   1  0.32 0.17
  202 S    2 -2  0  0 -2  0  0 -1 -1 -2 -1 -1 -1  0 -1  2  3 -3 -2 -1   20   1   3   4   0   3   5   4   1   1   4   3   1   4   1  19  22   0   0   2  0.24 0.17
  203 R   -1  3 -1  0 -3  1 -1 -1  0 -3 -2  3 -1 -3  0  1  0 -3 -2 -1    4  21   1   4   0   4   2   5   3   1   3  25   1   0   3  12   4   0   1   5  0.32 0.18
  204 P    0 -2  3  1 -3 -2 -2 -1 -3 -4 -4 -2 -3 -3  3  4 -1 -4 -1 -4    7   2  15   9   0   0   1   4   0   0   1   1   0   1  15  39   1   0   2   1  0.65 0.33
  205 P    0  1 -3 -3 -4  1 -3 -3  1 -3 -3 -2 -4 -3  7  0  0 -5 -4 -4    8   8   0   1   0   6   1   1   4   2   2   1   0   1  52   6   5   0   0   1  1.16 0.41
  206 I   -4 -5 -6 -6 -4 -5 -5 -6 -5  5  5 -5 -1 -3 -5 -5 -4 -5 -4  2    0   0   0   0   0   0   0   0   0  31  55   0   0   0   0   0   0   0   0  10  1.27 0.48
  207 T   -2 -4 -3 -4 -4 -4 -4 -4 -5 -5 -5 -4 -4 -5 -4  4  6 -6 -5 -4    2   0   0   0   0   0   0   0   0   0   0   0   0   0   0  36  59   0   0   0  1.65 0.68
  208 T   -3 -5 -4 -5  6 -4 -5 -5 -5 -4 -4 -4 -4 -5 -5 -1  7 -5 -5  2    1   0   0   0  16   0   0   0   0   0   0   0   0   0   0   4  64   0   0  12  1.63 0.64
  209 H   -6 -5 -4 -5 -7 -4 -5 -6 11 -7 -7 -5 -6 -6 -6 -5 -6 -6 -3 -5    0   0   0   0   0   0   0   0  95   0   0   0   0   0   0   0   0   0   0   1  3.85 1.11
  210 V   -3 -6 -6 -6 -4 -5 -6 -6 -6  4 -2 -6 -2 -4 -6 -5 -4 -6 -5  7    1   0   0   0   0   0   0   0   0  18   1   0   1   0   0   0   0   0   0  77  1.84 0.67
  211 L   -5 -6 -6 -7 -5 -6 -6 -7 -6 -2  7 -6 -2 -3 -6 -6 -5 -5 -5 -3    0   0   0   0   0   0   0   0   0   0  96   0   0   0   0   0   0   0   0   0  2.08 0.74
  212 D   -5 -5  3  8 -7 -4 -3 -5 -5 -5 -7 -4 -6 -7 -5 -3 -5 -7 -6 -6    0   0  12  83   0   0   0   0   0   1   0   0   0   0   0   1   0   0   0   0  2.37 0.80
  213 V    1 -4 -2 -4 -3  0 -3 -4 -4  0  0 -4 -2 -5 -4  0  6 -5 -4  0   10   0   1   0   0   4   1   1   0   5   7   0   1   0   0   5  58   0   0   6  1.02 0.50
  214 S    4 -3 -2 -3 -3  2  0 -1  0 -4 -4 -2 -1 -4 -3  3  2 -5 -4 -1   32   0   1   0   0   9   5   4   2   0   0   1   1   0   0  24  14   0   0   4  0.56 0.35
  215 R    0  3  1 -2 -2  1 -2 -3  2  0  1  0 -1 -3 -3  1  2 -3 -3 -1    9  18   6   1   0   5   1   1   5   5  13   3   1   0   0  12  15   0   0   3  0.24 0.22
  216 G   -3 -6 -5 -5 -7 -6 -3  7 -6 -8 -7 -6 -7 -7 -6 -4 -6 -7 -7 -7    1   0   0   0   0   0   2  95   0   0   0   0   0   0   0   0   0   0   0   0  2.55 0.89
  217 A   -1  4 -3 -3  4  1 -2 -1 -3 -2  1  3 -1 -4 -4  0  0 -4 -1 -1    3  25   0   1   9   5   1   4   0   2  14  19   1   0   0   6   5   0   2   4  0.41 0.29
  218 P   -4 -7 -7 -6 -7 -6 -6 -4 -7 -7 -7 -6 -7 -8  9 -5 -6 -8 -7 -7    1   0   0   0   0   0   0   1   0   0   0   0   0   0  96   0   0   0   0   0  3.31 1.11
  219 A    6 -5 -5 -5 -4 -4 -4  0 -5 -5 -5 -4 -3 -6 -3  0 -2 -6 -5 -3   80   0   0   0   0   0   0   7   0   0   0   0   0   0   1   7   2   0   0   1  1.62 0.70
  220 A    4  1 -2 -3 -4  2  1 -2 -2 -4 -4  0 -3 -5  1  1 -1 -5 -4 -1   38   8   1   0   0  10   9   2   0   0   1   4   0   0   7  11   3   0   0   3  0.52 0.35
  221 G   -2 -5  2  1 -6 -3 -2  7 -5 -6 -6 -4 -6 -6 -5 -1 -4 -6 -6 -6    2   0  10   7   0   1   2  72   0   0   0   1   0   0   0   3   0   0   0   0  1.65 0.64
  222 V   -4 -5 -6 -6 -4 -5 -6 -6 -6  4  2 -5  4 -3 -6 -5 -4 -5 -4  5    0   0   0   0   0   0   0   0   0  25  19   0   9   0   0   0   0   0   0  46  1.26 0.54
  223 E    1  3 -2  0  0  0  2 -2 -1 -3 -3  1 -2 -3  3  0  1 -4 -2 -1   11  17   1   3   3   2  16   2   1   0   2   8   0   1  13   7   8   0   1   4  0.31 0.23
  224 V   -3 -6 -6 -6 -2 -5 -6 -6 -6  4  1 -6 -1 -4 -6 -5 -2 -6 -5  6    1   0   0   0   1   0   0   0   0  22  11   0   1   0   0   0   1   0   0  62  1.47 0.60
  225 H   -1  3 -2  0  0  1  2 -3  3 -2 -3  0 -2 -4 -4  0  3 -2 -3 -1    4  20   1   4   2   7  16   1   8   3   2   4   1   0   0   5  18   1   0   5  0.40 0.29
  226 L   -5 -6 -7 -7 -5 -6 -6 -7 -6 -2  7 -6 -2 -2 -6 -6 -5 -5 -5 -2    0   0   0   0   0   0   0   0   0   1  94   0   0   1   0   0   0   0   0   2  2.03 0.77
  227 E   -1 -1 -2  0 -2  2  4 -4  2 -4 -3 -2 -3  2 -4  1 -1  1  4 -3    4   2   1   4   1   9  30   0   4   0   2   0   0   8   0  11   4   2  15   1  0.55 0.34
  228 V    0  5 -2 -1 -2  1 -1 -2 -1 -2 -1  2  1 -3 -3 -1 -1 -2 -3  0   10  35   1   3   1   6   2   3   2   1   5  12   5   1   1   2   3   1   1   7  0.44 0.27
  229 W    0  1 -2 -2 -1  1 -2 -2  0  1  2 -1  0  0 -1 -2 -1  5  1  0    6   8   1   1   1   7   1   2   3   8  25   3   2   4   3   2   3   8   4   6  0.18 0.14
  230 S    0  0  0  2 -2  1  3 -2 -1 -2 -2  1 -2 -3  0  2  0 -3 -3 -1    6   4   4  14   1   7  19   2   1   1   3   7   1   1   4  15   5   0   1   4  0.25 0.16
  231 G    0 -2  0  0 -3 -1 -1  5 -2 -3 -3 -1 -3 -3  1  1 -1 -3 -3 -1    8   2   4   5   0   2   4  41   1   1   2   3   1   1   8   9   3   0   1   4  0.48 0.22
  232 T    0  0  1  2 -2  0  1 -1 -1 -1 -1 -1 -2 -2  0  2  1 -2 -2 -1    7   5   8  14   1   3  10   4   1   3   5   2   1   1   4  18   7   0   1   4  0.16 0.10
  233 T    0  0  0  1 -1  2  0  1 -1 -1 -1  0 -1 -2  0  1  1 -2 -1 -1    8   3   5   7   1  11   5   9   1   2   5   5   1   2   5  13   9   1   1   5  0.10 0.06
  234 G    1  1  0  0 -1  0  0  1  0 -1 -1  0 -1 -1  2  1  0  1 -1 -1   10   9   3   5   1   3   6  10   3   3   6   5   1   2  10  10   5   2   2   4  0.08 0.03
  235 P    0  0  0  0 -1  0  0  0  1 -1  0  0 -1 -1  3  0  0 -1  0  0    8   4   3   6   1   4   5   8   4   4   8   4   1   3  14   9   6   1   3   5  0.09 0.02
  236 S    0  0  0  0 -1  0  0  0  1 -1  0  0  0 -1  0  1  0  0  0  0    8   5   3   5   1   3   5   6   4   4  10   4   2   3   5  16   6   1   3   6  0.03 0.01
  237 F    0  0  0  0 -1  0  0  0  0  0  0  0  0  1  1  0  0  0  0  0    8   4   4   4   1   4   6   7   2   6   7   4   2  11   5   6   9   2   2   5  0.02 0.01
  238 V    0  0  0  0 -1  0  0  1  0  0  0  0  0  0  1  0  0  1  0  0    7   5   5   5   2   4   6  10   2   4   8   4   2   4   6   8   7   3   2   7  0.03 0.00
  239 H    0  0  0  0 -1  1  1  0  1  0 -1  0  0 -1  0  1  0 -1  0  0    8   3   5   5   1   6   8   6   6   5   7   5   2   3   5  10   6   1   2   5  0.04 0.01
  240 G    0  0  0  1 -1  0  0  1  0 -1 -1  0 -1 -1  0  0  1 -1 -1 -1    8   4   5   7   1   3   7  14   2   4   6   7   1   2   5   8   9   1   2   4  0.06 0.02
  241 G    0  0  0  1  0  1  0  1  1 -1 -1  0 -1 -1  0  0  0 -1 -1 -1    7   4   4  11   2   8   6  11   4   3   8   4   2   2   4   8   5   1   2   5  0.05 0.02
  242 G    0  0  0  1 -1  0  0  1  0 -1 -1  0  0  0  0  0  0 -1 -1 -1    7   4   5  10   1   4   5  15   2   3   6   4   2   4   5   7   7   1   2   5  0.06 0.02
  243 G    0 -1  0  0 -2  2  0  3  0 -2 -1  0 -1 -1  0  0 -1 -2 -1 -1    8   3   5   5   1  10   5  26   2   2   5   4   1   4   4   6   4   1   1   3  0.17 0.08
  244 V    0 -1  0  0 -2  2  1  2  0 -1 -1  0 -1 -2  0  0  1 -2 -2 -1    9   3   3   5   1  15   7  15   2   4   5   4   1   1   4   7   8   0   1   5  0.11 0.07
  245 W    0  1 -3 -3 -3 -2 -3 -3 -2 -3 -2 -3 -3  2 -2 -2 -3 11  1 -3    7   7   1   2   0   2   1   2   1   1   4   1   1   7   3   3   2  48   4   2  1.73 0.52
  246 S   -1  1 -1 -1 -3  2  2 -3 -1  0 -1  0  2 -3 -2  0  3 -4 -3  1    4   9   1   3   0   9  13   1   2   4   3   6   5   0   1   4  21   0   0  13  0.24 0.20
  247 S    0 -1 -1 -2 -2  0  2 -3  1 -1  1  1  0 -1  2  0  1 -3 -2  0    5   2   2   0   1   5  15   1   4   2  18   8   2   3   9   4  13   0   0   8  0.15 0.16
  248 V   -3 -4 -2 -5 -4 -2 -3 -6 -2  3  5 -4 -1 -1 -5 -4 -2 -4 -4  3    1   0   2   0   0   2   2   0   1  17  51   0   1   1   0   0   3   0   0  17  0.87 0.41
  249 G    4  1  1 -2 -3 -2 -3  3 -3 -4 -4  1 -3  1 -4  0  0 -4 -3 -2   34   7   6   2   0   1   0  20   0   0   1   9   0   6   0   6   6   0   1   2  0.46 0.31
  250 T   -1  1 -1 -1 -2  1  3 -2 -1 -4 -4  1 -4 -5 -3  3  3 -5 -3 -3    4   8   1   3   1   6  20   3   1   0   0   9   0   0   0  21  21   0   1   1  0.50 0.34
  251 S    2 -2 -3 -2 -3 -3 -3  4 -3 -3 -2 -2 -1 -3 -4  3  0 -5 -4  0   16   2   0   1   0   1   1  29   0   0   3   1   2   1   0  29   5   0   0   8  0.58 0.36
  252 A    0  0 -3 -3 -2  0 -1 -4 -1  1 -1  0 -1 -2 -4 -1  3 -2  1  3    7   6   0   0   0   5   4   0   2   8   5   7   1   1   0   4  20   1   6  24  0.27 0.24
  253 T   -2 -6 -5 -5 -5 -5 -5 -6 -6 -5 -3 -5 -5 -6 -5 -3  8 -7 -6 -4    3   0   0   0   0   0   0   0   0   0   2   0   0   0   0   0  94   0   0   0  2.52 0.99
  254 D   -4 -5  7  6 -7 -4 -3 -4 -4 -7 -7 -4 -6 -7 -6 -3 -4 -8 -6 -7    1   0  50  47   0   0   0   1   0   0   0   0   0   0   0   1   0   0   0   0  2.13 0.82
  255 R    3 -1  0  2 -4  1  1 -1  1 -4 -3  0 -3 -5 -1  2 -1 -5 -3 -3   31   2   5  15   0   5  10   3   3   0   2   4   0   0   2  13   4   0   0   1  0.41 0.29
  256 D   -5 -6  0  8 -8  0 -3 -6 -4 -7 -8 -5 -7 -8 -6 -4 -5 -9 -7 -4    0   0   4  89   0   4   0   0   0   0   0   0   0   0   0   1   0   0   0   2  2.58 0.94
  257 G   -4 -7 -5 -6 -7 -6 -7  8 -7 -8 -8 -6 -7 -8 -7 -2 -6 -7 -8 -8    0   0   0   0   0   0   0  97   0   0   0   0   0   0   0   3   0   0   0   0  2.71 0.94
  258 R   -6  9 -5 -6  1 -4 -5 -7 -5 -8 -7 -3 -6 -8 -7 -6 -6 -8 -7 -7    0  97   0   0   3   0   0   0   0   0   0   0   0   0   0   0   0   0   0   0  3.01 1.07
  259 S   -2 -5 -5 -5  8 -4 -5 -5 -5  4 -1 -5 -3 -3 -5  1  2 -5 -2  2    3   0   0   0  30   0   0   0   0  23   4   0   0   1   0   9  12   0   1  16  1.10 0.49
  260 G    0  0  0  3 -4 -2 -1  1 -2 -4 -3  2 -1 -5  3  0  1 -5 -4 -4    8   5   3  21   0   1   2  13   0   0   2  14   2   0  13   5  11   0   0   0  0.43 0.28
  261 P    2  0  0  3 -4  3  1  1 -2 -4 -4 -1 -3 -4 -1  0  0 -5 -3 -2   23   4   3  17   0  14   7  12   0   0   0   2   0   1   2   5   5   0   0   3  0.38 0.28
  262 L   -4 -6 -6 -6 -5 -2 -6 -6 -4 -2  5 -5 -2  0  4 -5 -5  6 -4 -2    0   0   0   0   0   2   0   0   1   1  55   0   0   4  23   0   0  11   0   1  1.37 0.61
  263 M   -2 -3 -3 -5 -4 -2 -3 -1 -4  1  4 -4  4  0  1 -3 -1  1  2 -1    2   1   1   0   0   1   1   4   0   8  44   1  11   4   6   1   3   2   8   2  0.56 0.33
  264 D   -1 -3 -2  1 -3 -2 -1 -2 -2 -1  2 -3 -1 -1  5  0 -2 -4 -3 -2    6   0   2   8   1   1   5   3   1   2  25   1   1   3  32   6   2   0   0   2  0.58 0.30
  265 L    0 -1 -1  0 -3  1  1  0 -2  0  0 -1  0 -1  3  0  0 -1  0 -1   10   2   2   6   0   6  13   6   0   6   8   2   3   2  13   5   7   1   4   3  0.13 0.11
  266 V    0 -1  0  1 -3  0  0  3 -2 -2 -3 -1 -3 -2  2  0  0 -3 -3  0    9   2   4   7   0   3   5  27   1   2   2   4   0   2  12   8   4   0   0   8  0.27 0.17
  267 D    0 -1  0  4 -4  1  3  0 -1 -4 -4  1 -3 -4  1  0 -1 -4 -3 -3    7   3   4  22   0   4  23   7   2   1   1   7   0   1   6   6   4   0   1   2  0.42 0.25
  268 A    2  0  0  1 -3  1  1  0 -1 -2 -3 -1 -2 -4  1  0  1 -2 -2 -1   23   5   4  10   0   8  10   8   1   1   1   3   0   0   6   7   7   1   1   3  0.22 0.18
  269 L   -2 -4 -4 -2 -4 -2 -4 -5 -4  1  4 -4  4  4 -2 -3  0 -3 -1  1    2   0   0   3   0   1   1   0   0   5  37   0  12  19   2   1   7   0   1   7  0.66 0.35
  270 N    1  1  1 -1 -1  2  2 -2 -1 -2 -3  1 -2 -3  0  0  2 -4 -3 -1   14   7   7   2   1  10  13   2   1   3   2   9   1   0   4   7  13   0   0   5  0.21 0.18
  271 P    3 -3 -2 -3 -3 -1 -1 -1 -4 -1 -4  0 -4 -4  5  0  1 -5 -4 -2   28   1   2   1   0   2   4   4   0   4   1   5   0   0  30   7   9   0   0   3  0.68 0.36
  272 G   -2 -6 -4 -4 -6 -4 -5  7 -5 -7 -7 -5 -6 -6 -5 -3 -4 -6 -6 -6    2   0   0   1   0   1   0  92   0   0   0   0   0   0   0   1   1   0   0   0  2.36 0.80
  273 T   -2  2 -2  0 -3 -1  0 -3  3  2 -2 -2 -2 -1 -3 -1  4 -5 -3  2    2  13   1   5   0   3   5   1   7  15   2   0   0   2   1   3  27   0   0  13  0.37 0.29
  274 Y   -5 -7 -7 -8 -7 -6 -7 -8  0 -5 -6 -7 -6 -1 -8 -7 -5  5 10 -1    1   0   0   0   0   0   0   0   1   0   0   0   0   1   0   0   1   7  85   4  3.10 1.06
  275 R   -4  5 -4 -3 -7  2  3 -4  0 -6 -5  4 -2 -6 -5 -3 -1 -6 -5 -5    0  38   0   0   0   7  19   1   2   0   0  26   1   0   0   1   4   0   0   0  1.15 0.54
  276 I   -4 -6 -7 -7 -3 -6 -6 -7 -6  3  5 -6  3 -3 -6 -6 -4 -5 -5  2    1   0   0   0   0   0   0   0   0  15  65   0   6   0   0   0   0   0   0  13  1.38 0.57
  277 S   -2  2 -2 -1 -1 -1 -1 -4  1  1 -1 -2 -2  0 -4  1  3 -5 -2  3    2  12   1   3   1   2   3   0   5   6   5   2   0   3   0   9  20   0   1  26  0.33 0.28
  278 F   -4 -8 -8 -8 -7 -8 -8 -8 -6 -5 -3 -8 -5  9 -8 -7 -7 -4  0 -6    1   0   0   0   0   0   0   0   0   0   1   0   0  96   0   0   0   0   1   0  3.30 1.06
  279 D    0 -2  2  5 -4  0  2 -2  4 -5 -3  1 -2 -1 -4 -2 -3 -5 -2 -5    9   2   8  31   0   3  13   2  12   0   2  10   1   4   0   2   0   0   1   0  0.67 0.37
  280 T    2 -5 -4 -5 -2 -5 -5 -5 -6 -1 -2 -5 -2 -6 -5 -2  7 -6 -5  3   14   0   0   0   1   0   0   0   0   2   3   0   1   0   0   1  61   0   0  17  1.40 0.67
  281 A    2 -3 -2 -3 -5 -1  2  6 -4 -6 -5  0 -5 -6 -5 -1 -3  0 -5 -5   17   1   1   1   0   3  13  53   0   0   0   5   0   0   0   3   1   1   0   0  1.07 0.50
  282 K    2 -1 -1  4 -4 -1  2  1 -2 -5 -5  1 -4 -5  1  0 -1 -5 -5 -3   19   2   1  23   0   1  15  10   1   0   0  11   0   0   8   5   4   0   0   1  0.49 0.31
  283 Y   -6 -6 -6 -6 -7 -6 -6 -7  1 -6 -6 -6 -6 -1 -7 -6 -6  5 10 -6    0   0   0   1   0   0   0   0   3   0   0   0   0   1   0   0   0   6  88   0  3.25 1.07
  284 S   -2 -5 -2 -5  0 -5 -4  1 -2 -3  0 -5 -2  7 -6 -3 -2  0  4 -4    3   0   2   0   2   0   1  10   1   0   9   0   1  55   0   2   2   1  11   1  1.32 0.55
  285 P    1  3 -2  0 -5  3  2  0 -1 -4 -4  1 -3 -5  2 -1 -1 -5 -4 -4   12  20   1   5   0  15  12   7   1   0   1   9   0   0  10   4   3   0   0   0  0.46 0.30
  286 G    3 -1  0  0 -4 -1  2  2 -2 -5 -4  1 -4 -5  1  2 -1 -5 -4 -4   29   3   4   5   0   2  12  14   0   0   0   8   0   0   5  15   3   0   0   0  0.43 0.30
  287 C    1 -1 -3 -4  3 -3 -4  1 -4 -3 -3 -3 -3 -4  1  3  5 -5 -3 -2   13   4   0   0   7   0   0  10   0   1   2   0   0   0   6  19  34   0   1   2  0.64 0.41
  288 F   -7 -8 -8 -8 -7 -8 -8 -8 -6 -5 -2 -6 -5  9 -9 -7 -7 -4 -2 -5    0   0   0   0   0   0   0   0   0   0   3   0   0  96   0   0   0   0   0   1  3.29 1.06
  289 F   -6 -6 -7 -7 -6 -6 -7 -7 -2 -2  3 -6 -3  7 -7 -6 -5 -1  6 -3    0   0   0   0   0   0   0   0   1   2  25   0   0  39   0   0   0   0  32   1  1.74 0.67
  290 P   -4 -6 -3  4 -7 -5 -2 -5 -6 -7 -7 -5 -7 -8  8 -4 -5 -8 -7 -6    1   0   1  24   0   0   2   1   0   0   0   0   0   0  71   0   0   0   0   1  2.41 0.89
  291 Y   -3  0 -3 -2 -2  1  5 -5 -1 -3 -2 -2 -3  1 -5 -2 -1  2  5  0    1   5   1   1   1   5  38   0   1   1   3   1   0   6   0   3   4   3  19   9  0.72 0.43
  292 V    0 -6 -7 -7 -3 -6 -6 -7 -7  4 -3 -6 -3 -5 -6 -5 -4 -7 -5  7    8   0   0   0   0   0   0   0   0  21   0   0   0   0   0   0   0   0   0  70  1.74 0.69
  293 S   -1 -3 -3  0 -1 -1  3 -4 -4 -2 -5 -3 -4 -6  5  1  2 -6 -5  0    5   1   0   5   2   2  21   0   0   2   0   0   0   0  31  10  13   0   0   8  0.78 0.43
  294 I   -4 -6 -7 -7 -5 -6 -6 -7 -7  6  1 -6 -2 -4 -6 -6 -4 -6 -5  5    1   0   0   0   0   0   0   0   0  46  13   0   0   0   0   0   0   0   0  40  1.56 0.61
  295 V    0  4 -3  0 -1 -2 -1 -4 -3  1 -1 -1 -2 -3 -2 -2  2 -5 -3  4    6  22   0   6   1   1   4   0   1   7   5   2   0   0   2   1  13   0   0  29  0.43 0.31
  296 F   -7 -7 -8 -8 -4 -8 -8 -8 -6 -4 -3 -8 -4  9 -8 -7 -7 -4 -1 -5    0   0   0   0   0   0   0   0   0   1   1   0   0  97   0   0   0   0   0   0  3.25 0.95
  297 Q    0  0  0 -1 -4  0  2  2  1 -2 -3 -1 -3 -3 -3 -1  2 -3 -3  0    9   6   4   1   0   3  19  20   4   2   0   2   0   1   0   2  17   0   0   8  0.31 0.23
  298 V   -4 -5 -6 -6 -4 -6 -6 -7 -6  6  0 -6  2 -4 -6 -5 -4 -6 -3  5    1   0   0   0   0   0   0   0   0  45   6   0   6   0   0   0   0   0   1  41  1.47 0.54
  299 T    2  1  0  2 -3  0  1 -1 -1 -3 -3  1 -3 -3 -2  2  2 -4 -3 -2   16   6   4  13   0   3   7   3   1   0   2  10   0   1   0  14  17   0   0   3  0.29 0.20
  300 E   -1 -1  1  5 -4 -1  3 -1 -1 -3 -3  0 -3 -4 -1 -1 -2 -4 -3 -3    4   3   6  41   0   2  20   4   1   1   3   4   0   1   2   4   1   0   1   2  0.71 0.29
  301 S    2 -2 -1 -1 -3 -2 -1  1 -1 -2 -3 -1 -2 -3  5  1  1 -3 -3 -1   19   1   3   2   0   1   3   9   1   2   2   2   1   1  27  11  10   0   1   4  0.49 0.22
  302 Q    1  0  2  2 -3  3  2 -1 -1 -3 -3  0 -2 -3 -1  0  0 -3 -2 -2   12   3  13  12   0  17  12   4   1   1   2   4   1   1   2   5   6   0   1   2  0.30 0.16
  303 K    1  0  0  0 -1  0  1  1 -1 -2 -1  1 -1 -2  2  0  0 -2 -1 -1   15   6   4   4   1   3   8   9   1   2   4   9   1   2  11   7   7   1   1   4  0.13 0.05
  304 W    0  0  0  0 -1  0  0  2 -1 -1 -1  0 -1 -1  0  0  1  2  0 -1    8   6   4   6   1   5   4  17   1   3   7   5   1   2   3   8   9   3   3   4  0.07 0.03
  305 E   -1 -1 -1  0 -2  5  4 -1  0 -3 -3 -1 -2 -3 -1 -1 -2 -3 -2 -2    5   2   3   3   1  26  34   5   2   2   3   3   1   1   2   3   2   0   1   2  0.61 0.24
  306 H   -6 -3 -2 -5 -7 -4 -4 -6 11 -7 -6  1 -6 -5 -6 -5 -6 -6 -3 -7    0   1   2   0   0   0   0   0  86   0   0   8   0   0   0   0   0   0   0   0  3.29 0.95
  307 F   -6 -6 -6 -7 -5 -6 -6 -8  3 -5 -2 -6 -5  4 -7 -6 -6 -2  9 -5    0   0   0   0   0   0   0   0   6   0   3   0   0  13   0   0   0   0  77   0  2.75 0.88
  308 H   -7 -5 -4 -6 -8 -5 -5 -7 11 -8 -8 -6 -7 -6 -7 -6 -7 -8 -3 -8    0   0   0   0   0   0   0   0 100   0   0   0   0   0   0   0   0   0   0   0  4.21 1.18
  309 V   -4 -7 -7 -7 -5 -6 -7 -7 -7  4 -2 -6 -2 -4 -6 -6 -4 -7 -5  7    0   0   0   0   0   0   0   0   0  24   1   0   1   0   0   0   0   0   0  74  1.94 0.69
  310 P   -4 -7 -7 -6 -8 -6 -6 -7 -7 -8 -8 -6 -7 -9  9 -5 -6 -9 -8 -7    1   0   0   0   0   0   0   0   0   0   0   0   0   0  99   0   0   0   0   0  3.45 1.04
  311 L   -5 -6 -7 -8 -3 -6 -7 -8 -7  0  6 -6 -1 -3 -7 -6 -5 -6 -5  0    0   0   0   0   0   0   0   0   0   3  92   0   1   0   0   0   0   0   0   4  1.95 0.69
  312 L   -5 -6 -7 -8 -5 -6 -7 -8 -7 -1  7 -6 -2 -3 -7 -6 -2 -6 -5 -2    1   0   0   0   0   0   0   0   0   2  94   0   0   0   0   0   3   0   0   1  2.00 0.71
  313 L   -3 -6 -7 -7  0 -5 -6 -7 -2  2  6 -6 -1 -3 -6 -5 -4 -2 -4  2    2   0   0   0   2   0   0   0   1  10  71   0   1   0   0   0   0   1   0  12  1.33 0.52
  314 A    0 -5  2 -4 -5 -4 -4 -2 -5 -6 -6 -4 -5 -6 -5  7  0 -7 -6 -6    5   0   8   0   0   0   0   3   0   0   0   0   0   0   0  79   5   0   0   0  1.73 0.72
  315 P   -3 -2 -3 -6 -7  0 -5 -7 -6 -7 -7 -5 -7 -8  8 -4 -5 -8 -7 -7    2   3   2   0   0   5   0   0   0   0   0   0   0   0  88   1   0   0   0   0  2.84 0.91
  316 F   -6 -6 -4 -7 -7 -6 -7 -4 -1 -5 -5 -7 -5  7 -7 -6 -6  7  7 -5    0   0   1   0   0   0   0   2   1   0   0   0   0  41   0   0   0  16  39   0  2.33 0.76
  317 S    1 -5 -4 -4 -5 -4 -5  5 -5 -6 -6 -4 -5 -6 -5  5 -2 -6 -6 -6   11   0   0   0   0   0   0  46   0   0   0   0   0   0   0  42   1   0   0   0  1.43 0.60
  318 F   -6 -6 -7 -8 -7 -6 -7 -8 -2 -6 -4 -7 -3  4 -8 -6 -6 -2  9 -6    0   0   0   0   0   0   0   0   0   0   1   0   0  14   0   0   0   0  84   0  3.06 0.91
  319 S   -2 -5 -3 -4 -2 -3 -4 -3 -5 -6 -6 -4 -5 -6 -5  6  4 -7 -6 -5    1   0   0   0   1   1   0   1   0   0   0   0   0   0   0  72  25   0   0   0  1.76 0.71
  320 T   -3 -5 -4 -5 -5 -5 -5 -6 -6 -5 -5 -5 -5 -6 -5 -1  8 -7 -6  0    1   0   0   0   0   0   0   0   0   0   0   0   0   0   0   2  89   0   0   7  2.29 0.81
  321 Y   -7 -7 -7 -8 -7 -6 -7 -8 -3 -6 -6 -7 -6 -2 -8 -7 -7 -3 10 -6    0   0   0   0   0   0   0   0   0   0   0   0   0   0   0   0   0   0 100   0  3.71 1.06
  322 R   -6  9 -5 -6 -8 -3 -4 -7 -5 -8 -7  0 -6 -7 -7 -5 -6 -7 -6 -7    0  97   0   0   0   0   0   0   0   0   0   3   0   0   0   0   0   0   0   0  2.90 0.89
  323 G   -4 -3 -5 -6 -7 -6 -6  8 -6 -8 -8 -6 -7 -7 -6 -4 -6 -7 -7 -7    0   2   0   0   0   0   0  98   0   0   0   0   0   0   0   0   0   0   0   0  2.67 0.80
  324 S   -3 -5  2 -4 -5 -4 -4 -5 -5 -7 -7 -4 -6 -7 -5  7 -3 -7 -6 -6    0   0   7   0   0   0   0   0   0   0   0   0   0   0   0  93   0   0   0   0  2.25 0.82

                      K         Lambda
Standard Ungapped    0.1300     0.3166
Standard Gapped      0.0480     0.2670
PSI Ungapped         0.1567     0.3115
PSI Gapped           0.0480     0.2670
