
Last position-specific scoring matrix computed, weighted observed percentages rounded down, information per position, and relative weight of gapless real matches to pseudocounts
           A  R  N  D  C  Q  E  G  H  I  L  K  M  F  P  S  T  W  Y  V   A   R   N   D   C   Q   E   G   H   I   L   K   M   F   P   S   T   W   Y   V
    1 M   -1 -1 -2 -3 -1  0 -2 -3 -2  1  2 -1  5  0 -2 -1 -1 -1 -1  1    0   0   0   0   0   0   0   0   0   0   0   0 100   0   0   0   0   0   0   0  0.34 0.00
    2 R   -1  5  0 -1 -3  1  0 -2  0 -3 -2  3 -1 -3 -2 -1 -1 -3 -2 -2    0  62   0   0   0   0   0   0   0   0   0  38   0   0   0   0   0   0   0   0  0.59 0.00
    3 V    0 -2 -3 -3 -1 -2 -2 -3 -3  2  1 -2  1 -1 -2 -2  0 -3 -1  4    0   0   0   0   0   0   0   0   0   0   0   0   0   0   0   0   0   0   0 100  0.34 0.00
    4 L   -1 -2 -3 -4 -1 -2 -3 -4 -3  1  4 -2  2  0 -3 -2 -1 -2 -1  1    0   0   0   0   0   0   0   0   0   0 100   0   0   0   0   0   0   0   0   0  0.45 0.00
    5 L   -1 -2 -3 -3 -1 -2 -3 -4 -3  3  3 -2  2  0 -3 -2 -1 -2 -1  2    0   0   0   0   0   0   0   0   0  38  62   0   0   0   0   0   0   0   0   0  0.38 0.02
    6 V    0 -2 -3 -3 -1 -2 -2 -3 -3  2  1 -2  1 -1 -2 -2  0 -3 -1  4    0   0   0   0   0   0   0   0   0   0   0   0   0   0   0   0   0   0   0 100  0.34 0.00
    7 A    4 -1 -2 -2  0 -1 -1  0 -2 -1 -1 -1 -1 -2 -1  1  0 -2 -2  0  100   0   0   0   0   0   0   0   0   0   0   0   0   0   0   0   0   0   0   0  0.40 0.00
    8 L   -1 -2 -3 -4 -1 -2 -3 -4 -3  1  4 -2  2  0 -3 -2 -1 -2 -1  1    0   0   0   0   0   0   0   0   0   0 100   0   0   0   0   0   0   0   0   0  0.45 0.00
    9 A    4 -1 -2 -2  0 -1 -1  0 -2 -1 -1 -1 -1 -2 -1  1  0 -3 -2  0  100   0   0   0   0   0   0   0   0   0   0   0   0   0   0   0   0   0   0   0  0.42 0.01
   10 L    0 -2 -1 -2 -1 -1 -2 -2 -2  1  3 -1  1  0 -2  1  0 -2 -1  0    0   0   0   0   0   0   0   0   0   0  67   0   0   0   0  33   0   0   0   0  0.21 0.01
   11 L   -1 -1 -2 -2 -1 -1 -2 -2 -2  1  3 -1  2  0 -1 -1 -1 -1 -1  1    2   1   1   1   1   1   2   2   1   1  75   2   1   1   1   2   2   0   1   2  0.23 0.00
   12 A    2 -2 -1 -2 -1 -1 -2  3 -2 -1  1 -1  0 -1 -2  0 -1 -2 -2 -1   39   0   0   0   0   0   0  33   0   0  27   0   0   0   0   0   0   0   0   0  0.26 0.00
   13 L    1 -2 -3 -3 -1 -2 -2 -2 -2  0  2 -2  1  3 -2 -1 -1 -1  1  0   27   0   0   0   0   0   0   0   0   0  39   0   0  33   0   0   0   0   0   0  0.23 0.00
   14 A    3 -2 -2 -2 -1 -1 -2 -1 -2  0  2 -1  1 -1 -2  0 -1 -2 -1  0   53   0   0   0   0   0   0   0   0   0  47   0   0   0   0   0   0   0   0   0  0.22 0.02
   15 A    3 -1  0 -1 -1  2  0  0 -1 -2 -2  0 -1 -2 -1  2  0 -2 -2 -1   50   0   0   0   0  25   0   0   0   0   0   0   0   0   0  26   0   0   0   0  0.31 0.02
   16 S    2 -1 -1 -1 -1 -1 -1 -1 -2  1 -1 -1 -1 -2 -1  3  1 -3 -2  0   22   0   0   0   0   0   0   0   0  26   0   0   0   0   0  52   0   0   0   0  0.20 0.02
   17 A    2 -1  0 -1 -1 -1 -1  3 -1 -2 -2 -1 -2 -3 -1  3  0 -3 -2 -1   27   0   0   0   0   0   0  26   0   0   0   0   0   0   0  47   0   0   0   0  0.38 0.02
   18 T    1 -1  0 -1 -2  2  0  2 -1 -2 -2  0 -1 -3 -1  1  2 -2 -2 -1   22   0   0   0   0  25   0  26   0   0   0   0   0   0   0   0  27   0   0   0  0.28 0.01
   19 S    1  0 -1 -1 -1  0  0 -1 -1 -1  1  2  0 -2 -1  2  0 -2 -2 -1   22   0   0   0   0   0   0   0   0   0  25  26   0   0   0  27   0   0   0   0  0.14 0.01
   20 T    0 -2 -1 -2 -1 -1 -1 -2 -2  1  1 -1  0 -1 -2  1  2 -2 -1  1    0   0   0   0   0   0   0   0   0   0  26   0   0   0   0  22  27   0   0  25  0.17 0.01
   21 H   -1 -1  3  3 -2  0  0 -1  5 -3 -3 -1 -2 -2 -2  1  0 -3  0 -3    0   0  23  25   0   0   0   0  32   0   0   0   0   0   0  21   0   0   0   0  0.44 0.02
   22 T    0  0  0 -1 -2  0 -1  2 -2 -2 -2  2 -1 -3 -1  1  3 -3 -2 -1    0   0   0   0   0   0   0  23   0   0   0  25   0   0   0   0  52   0   0   0  0.30 0.02
   23 S    0  0  0 -1 -2  0  0  2 -1 -3 -3  2 -2 -3 -1  3  0 -3 -2 -2    0   0   0   0   0   0   0  25   0   0   0  23   0   0   0  52   0   0   0   0  0.35 0.02
   24 G    0 -2  0 -1 -2 -2 -2  5 -2 -3 -3 -1 -2 -3 -2  0  1 -3 -3 -2    0   0   0   0   0   0   0  75   0   0   0   0   0   0   0   0  25   0   0   0  0.72 0.02
   25 G    2 -1 -1 -1 -2  2  0  4 -1 -3 -3  0 -2 -3 -2  0 -1 -2 -2 -2   25   0   0   0   0  23   0  52   0   0   0   0   0   0   0   0   0   0   0   0  0.49 0.02
   26 C    0 -2 -2 -2  7 -2 -2 -2 -2  1 -1 -2 -1 -2 -2  1  0 -3 -2  0    0   0   0   0  52   0   0   0   0  23   0   0   0   0   0  25   0   0   0   0  0.53 0.03
   27 G    0 -2  0  2 -3 -1 -1  5 -2 -4 -4 -1 -3 -3 -2  0 -1 -3 -3 -3    0   0   0  23   0   0   0  77   0   0   0   0   0   0   0   0   0   0   0   0  0.81 0.02
   28 C   -1  2 -1  2  7 -1 -1 -2 -2 -2 -2  0 -2 -3 -2 -1 -1 -3 -2 -2    0  25   0  23  52   0   0   0   0   0   0   0   0   0   0   0   0   0   0   0  0.58 0.03
   29 Q   -1  0  0 -1 -3  5  1 -2  3 -3 -2  1 -1 -1 -2  0 -1 -1  2 -2    0   0   0   0   0  71   0   0  13   0   0   0   0   0   0   0   0   0  16   0  0.51 0.03
   30 P    1 -2 -2 -2 -1 -2 -2 -2 -2  2  0 -1  0 -1  4  0  2 -3 -2  1   13   0   0   0   0   0   0   0   0  37   0   0   0   0  24   0  26   0   0   0  0.34 0.02
   31 P    0 -1 -2 -1 -3 -1 -1 -2 -2 -3 -3  1 -2 -3  7 -1 -1 -3 -3 -2   10   0   0   0   0   0   0   0   0   0   0  15   0   0  76   0   0   0   0   0  1.44 0.05
   32 P    0  0 -1  0 -2  0  1 -1 -1 -2 -2  1 -1 -2  5  0  1 -2 -2 -1    2   1   1   1   0   1  11   2   1   1   2  15   1   1  40   2  14   0   1   2  0.58 0.02
   33 P   -1 -1 -1 -1 -2 -1 -1 -1 -2 -2 -2 -1 -2 -2  7 -1 -1 -2 -2 -2    2   1   1   1   0   1   2   2   1   1   2   1   1   1  76   2   1   0   1   2  1.37 0.03
   34 V    0  1 -1 -2 -1 -1 -1 -2 -2  2  0 -1  0 -1 -1 -1  0 -2 -1  3    2  15   1   1   0   1   2   2   1   1   2   1   1   1   1   2   1   0   1  63  0.13 0.02
   35 H   -1  0  0  0 -2  0  1 -1  5 -2 -2  0 -1  0 -1  1 -1 -1  2 -2    2   1   1   1   0   1  16   2  34   1   2   1   1   1   1  15   1   0  14   2  0.27 0.02
   36 L    1 -1 -2 -2 -1 -1 -1 -2 -2  2  2 -1  1  0 -1 -1  0 -1 -1  2   15   1   1   1   0   1   2   2   1  24  26   1   1   1   1   2   1   0   1  16  0.11 0.01
   37 P    0  0 -1 -1 -2  0  0 -1 -1 -2 -2  1 -1 -2  5  0 -1 -2 -2 -1   12   1   1   1   0   1   2   2   1   1   2  16   1   1  51   2   1   0   1   2  0.80 0.02
   38 P    0  0 -1  0 -2  0  1 -1 -1 -2 -2  1 -1 -2  5  0  1 -2 -2 -1    2   1   1   1   0   1  11   2   1   1   2  15   1   1  40   2  14   0   1   2  0.58 0.02
   39 P   -1 -1 -1 -1 -2 -1 -1 -1 -2 -2 -2 -1 -2 -2  7 -1 -1 -2 -2 -2    2   1   1   1   0   1   2   2   1   1   2   1   1   1  76   2   1   0   1   2  1.37 0.03
   40 V    0 -1 -2 -2 -1 -1 -1 -2 -2  2  1 -1  2 -1 -1 -1  0 -2 -1  3    2   1   1   1   0   1   2   2   1   1   2   1  14   1   1   2   1   0   1  63  0.17 0.02
   41 H   -1  0  0  0 -2  1  1 -1  6 -2 -2  0 -1 -1 -1  1 -1 -2  1 -2    2   1   1   1   0   1  16   2  47   1   2   1   1   1   1  15   1   0   1   2  0.36 0.02
   42 L   -1 -2 -2 -2 -1 -1 -2 -2 -2  2  2 -2  1  0 -2 -1 -1 -1 -1  2    2   1   1   1   0   1   2   2   1  24  39   1   1   1   1   2   1   0   1  16  0.17 0.01
   43 P   -1 -1 -1 -1 -2  0  0 -1 -1 -2 -2  1 -2 -2  6  0 -1 -2 -2 -2    2   1   1   1   0   1   2   2   1   1   2  16   1   1  61   2   1   0   1   2  1.01 0.03
   44 P    0  0 -1  0 -2  0  1 -1 -1 -2 -2  1 -1 -2  5  0  1 -2 -2 -1    2   1   1   1   0   1  11   2   1   1   2  15   1   1  40   2  14   0   1   2  0.58 0.02
   45 P   -1 -1 -1 -1 -2 -1 -1 -1 -2 -2 -2 -1 -2 -2  7 -1 -1 -2 -2 -2    2   1   1   1   0   1   2   2   1   1   2   1   1   1  76   2   1   0   1   2  1.37 0.03
   46 V    0 -1 -2 -2 -1 -1 -1 -2 -2  2  1 -1  2 -1 -1 -1  0 -2 -1  3    2   1   1   1   0   1   2   2   1   1   2   1  14   1   1   2   1   0   1  63  0.17 0.02
   47 H   -1  0  0  0 -2  1  1 -1  6 -2 -2  0 -1 -1 -1  1 -1 -2  1 -2    2   1   1   1   0   1  16   2  47   1   2   1   1   1   1  15   1   0   1   2  0.36 0.02
   48 L   -1 -1 -2 -2 -1 -1 -2 -2 -2  2  3 -2  1  0 -2 -1 -1 -1 -1  1    2   1   1   1   0   1   2   2   1  11  52   1   1   1   1   2   1   0   1  16  0.18 0.01
   49 P   -1 -1 -1 -1 -2  0  0 -1 -1 -2 -2  1 -2 -2  6  0 -1 -2 -2 -2    2   1   1   1   0   1   2   2   1   1   2  16   1   1  61   2   1   0   1   2  1.01 0.03
   50 P    0  0 -1  0 -2  0  1 -1 -1 -2 -2  1 -1 -2  5  0  1 -2 -2 -1    2   1   1   1   0   1  11   2   1   1   2  15   1   1  40   2  14   0   1   2  0.58 0.02
   51 P   -1 -2 -2 -2 -3 -1 -1 -2 -2 -3 -3 -1 -3 -4  7 -1 -1 -4 -3 -3    0   0   0   0   0   0   0   0   0   0   0   0   0   0 100   0   0   0   0   0  2.13 0.07
   52 V   -1 -2 -3 -3 -1 -2 -3 -3 -2  2  1 -2  3  3 -3 -2 -1 -1  0  3    0   0   0   0   0   0   0   0   0   0   0   0  26  26   0   0   0   0   0  48  0.28 0.03
   53 H   -1  0  0  0 -2  0  1 -2  7 -3 -3  0 -2 -2 -2  1 -1 -2  1 -3    1   0   0   0   0   0  15   1  65   0   1   0   0   0   0  13   0   0   0   0  0.59 0.04
   54 L   -1 -2 -3 -3 -1 -2 -2 -3 -3  2  3 -2  1  0 -2 -2 -1 -2 -1  2    1   0   0   0   0   0   0   1   0  23  56   0   0   0   0   1   0   0   0  15  0.31 0.02
   55 P   -1 -1 -2 -1 -3 -1 -1 -2 -2 -3 -3  1 -2 -3  7 -1 -1 -3 -3 -2    1   0   0   0   0   0   0   1   0   0   1  15   0   0  78   1   0   0   0   0  1.50 0.05
   56 P   -1 -1 -1 -1 -2  0  1 -2 -2 -2 -2  1 -2 -3  6  0  1 -3 -2 -2    1   0   0   0   0   0  10   1   0   0   1  14   0   0  58   1  13   0   0   0  0.99 0.03
   57 P   -1 -2 -2 -1 -3 -1 -1 -2 -2 -3 -3 -1 -2 -3  7 -1 -1 -3 -3 -2    1   0   0   0   0   0   0   1   0   0   1   0   0   0  93   1   0   0   0   0  1.90 0.06
   58 V   -1 -2 -2 -3 -1 -2 -2 -3 -2  2  1 -2  2  3 -2 -2 -1 -1  1  3    1   0   0   0   0   0   0   1   0   0   1   0  13  26   0   1   0   0   0  54  0.24 0.03
   59 H   -1  0  0  0 -2  1  1 -1  6 -2 -2  0 -1 -1 -1  1 -1 -2  1 -2    2   1   1   1   0   1  16   2  47   1   2   1   1   1   1  15   1   0   1   2  0.36 0.02
   60 L   -1 -2 -2 -2 -1 -1 -2 -2 -2  2  2 -2  1  0 -2 -1 -1 -1 -1  2    2   1   1   1   0   1   2   2   1  24  39   1   1   1   1   2   1   0   1  16  0.17 0.01
   61 P   -1 -1 -1 -1 -2  0  0 -1 -1 -2 -2  1 -2 -2  6  0 -1 -2 -2 -2    2   1   1   1   0   1   2   2   1   1   2  16   1   1  61   2   1   0   1   2  1.01 0.03
   62 P    0  0 -1  0 -2  0  1 -1 -1 -2 -2  1 -1 -2  5  0  1 -2 -2 -1    2   1   1   1   0   1  11   2   1   1   2  15   1   1  40   2  14   0   1   2  0.58 0.02
   63 P   -1 -1 -1 -1 -2 -1 -1 -1 -2 -2 -2 -1 -2 -2  7 -1 -1 -2 -2 -2    2   1   1   1   0   1   2   2   1   1   2   1   1   1  76   2   1   0   1   2  1.37 0.03
   64 V    0 -1 -2 -2 -1 -1 -1 -2 -2  2  1 -1  2 -1 -1 -1  0 -2 -1  3    2   1   1   1   0   1   2   2   1   1   2   1  14   1   1   2   1   0   1  63  0.17 0.02
   65 H   -1  0  0  0 -2  1  1 -1  6 -2 -2  0 -1 -1 -1  1 -1 -2  1 -2    2   1   1   1   0   1  16   2  47   1   2   1   1   1   1  15   1   0   1   2  0.36 0.02
   66 L   -1 -2 -2 -2 -1 -1 -2 -2 -2  2  2 -2  1  0 -2 -1 -1 -1 -1  2    2   1   1   1   0   1   2   2   1  24  39   1   1   1   1   2   1   0   1  16  0.17 0.01
   67 P   -1 -1 -1 -1 -2  0  0 -1 -1 -2 -2  1 -2 -2  6  0 -1 -2 -2 -2    2   1   1   1   0   1   2   2   1   1   2  16   1   1  61   2   1   0   1   2  1.01 0.03
   68 P    0  0 -1  0 -2  0  1 -1 -1 -2 -2  1 -1 -2  5  0  1 -2 -2 -1    2   1   1   1   0   1  11   2   1   1   2  15   1   1  40   2  14   0   1   2  0.58 0.02
   69 P   -1 -1 -1 -1 -2 -1 -1 -1 -2 -2 -2 -1 -2 -2  7 -1 -1 -2 -2 -2    2   1   1   1   0   1   2   2   1   1   2   1   1   1  76   2   1   0   1   2  1.37 0.03
   70 V    0 -1 -2 -2 -1 -1 -1 -2 -2  2  1 -1  2 -1 -1 -1  0 -2 -1  3    2   1   1   1   0   1   2   2   1   1   2   1  14   1   1   2   1   0   1  63  0.17 0.02
   71 H   -1  0  0  0 -2  1  1 -1  6 -2 -2  0 -1 -1 -1  1 -1 -2  1 -2    2   1   1   1   0   1  16   2  47   1   2   1   1   1   1  15   1   0   1   2  0.36 0.02
   72 V    0 -2 -2 -2 -1 -1 -2 -2 -2  2  1 -2  1  0 -1 -1  0 -2 -1  3    2   1   1   1   0   1   2   2   1  24  16   1   1   1   1   2   1   0   1  40  0.16 0.01
   73 P   -1 -1 -1 -1 -2  0  0 -1 -1 -2 -2  1 -2 -2  6  0 -1 -2 -2 -2    2   1   1   1   0   1   2   2   1   1   2  16   1   1  61   2   1   0   1   2  1.01 0.03
   74 P    1  0 -1 -1 -2  0  1 -1 -1 -2 -2  1 -1 -2  5  0 -1 -2 -2 -1   15   1   1   1   0   1  11   2   1   1   2  15   1   1  40   2   1   0   1   2  0.58 0.01
   75 P   -1 -1 -1 -1 -2 -1 -1 -1 -2 -2 -2 -1 -2 -2  7 -1 -1 -2 -2 -2    2   1   1   1   0   1   2   2   1   1   2   1   1   1  76   2   1   0   1   2  1.37 0.03
   76 V    0 -2 -2 -2 -1 -1 -2 -2 -2  2  1 -1  2 -1 -1 -1  0 -2 -1  3    2   1   1   1   0   1   2   2   1  14   2   1  14   1   1   2   1   0   1  50  0.16 0.01
   77 H   -1  0  0  0 -2  0  1 -1  5 -2 -2  0 -1  0 -1  1 -1 -1  2 -2    2   1   1   1   0   1  16   2  34   1   2   1   1   1   1  15   1   0  14   2  0.27 0.02
   78 L   -1 -1 -1 -1 -1 -1 -1 -2 -2  2  2 -1  1  0 -1 -1  0 -1 -1  2    3   2   2   2   1   2   2   3   1  24  27   2   1   1   2   3   2   1   1  17  0.09 0.00
   79 P    1  0 -1 -1 -1  0  0 -1 -1 -2 -2  1 -1 -2  5  1  0 -2 -2 -1   15   1   1   1   0   1   2   2   1   1   2  16   1   1  35  15   1   0   1   2  0.49 0.01
   80 P    1 -1 -1 -1 -2  0  1 -1 -1 -2 -2 -1 -1 -2  6  0 -1 -2 -2 -1   15   1   1   1   0   1  11   2   1   1   2   1   1   1  53   2   1   0   1   2  0.84 0.02
   81 P    0 -1 -1  0 -2  0  1 -1 -1 -2 -2  0 -2 -2  5  1  0 -2 -2 -2    2   1   1   1   0   1  15   2   1   1   2   1   1   1  50  15   1   0   1   2  0.79 0.02
   82 P    0 -1 -1 -1 -1 -1 -1 -2 -2  0 -1 -1 -1 -2  5  0  1 -2 -2  1    2   1   1   1   0   1   1   2   0   1   2   1   1   1  45   2  18   0   1  18  0.65 0.02
   83 C   -1 -2 -2 -2  6 -1  1 -3 -1  0  1 -2  0 -1 -3 -1 -1 -1  2  1    0   0   0   0  35   0  16   0   0   0  16   0   0   0   0   0   0   0  13  21  0.35 0.05
   84 H    1 -1 -1 -2 -2 -1 -1 -2  5  0 -1 -1  2  0 -2 -1 -1 -1  3  1   16   0   0   0   0   0   0   0  35   0   0   0  13   0   0   0   0   0  21  16  0.32 0.06
   85 Y    1 -1 -2 -2 -2 -1 -1 -2  0 -1 -1  1 -1  0  2 -1 -1  0  4  1   21   0   0   0   0   0   0   0   0   0   0  16   0   0  13   0   0   0  35  16  0.27 0.05
   86 P   -1 -2 -2  2 -3 -1 -1 -2 -2 -3 -2 -1 -2 -3  7 -1 -1 -4 -3 -3    0   0   0  16   0   0   0   0   0   0   5   0   0   0  79   0   0   0   0   0  1.60 0.09
   87 T   -1 -1 -1 -1 -2 -1 -1 -2 -2 -2 -2  2 -2 -3  5  0  3 -3 -2 -2    0   0   0   0   0   0   0   0   0   0   0  21   0   0  45   0  35   0   0   0  0.83 0.07
   88 Q   -1 -1 -2 -3 -2  2 -1 -3 -2  2  2 -1  1  2 -3 -2 -1 -2  0  1    0   0   0   0   0  21   0   0   0  16  34   0   0  13   0   0   0   0   0  16  0.21 0.03
   89 P   -1 -1 -2 -1 -2  1  1 -3 -1  0 -1 -1 -1 -1  3 -1 -1 -2  2  2    0   0   0   0   0  14  16   0   0   0   0   0   0   0  21   0   0   0  13  37  0.30 0.04
   90 P   -1 -2 -2 -1 -2 -1  1 -2 -2  0  0 -1 -1 -2  5 -1  1 -3 -2  1    0   0   0   0   0   0  21   0   0   0  13   0   0   0  35   0  16   0   0  16  0.50 0.04
   91 R   -1  4 -1 -2 -3  0  0 -2 -1 -3 -3  2 -2 -3  4 -1 -1 -3 -2 -3    0  55   0   0   0   0   0   0   0   0   0  16   0   0  29   0   0   0   0   0  0.79 0.07
   92 P   -1  2 -2 -1 -3  0  1 -2 -2 -3 -3  0 -2 -4  6 -1 -1 -4 -3 -3    0  18   0   0   0   0  14   0   0   0   0   0   0   0  67   0   0   0   0   0  1.34 0.09
   93 Q   -1  0  2 -1 -3  4  0 -2  0 -2 -2  0 -1  2  2 -1 -1 -2  0 -2    0   0  14   0   0  54   0   0   0   0   0   0   0  18  13   0   0   0   0   0  0.47 0.08
   94 P   -1 -2 -2 -2 -2  0 -2 -3 -3  2  0 -2  0 -2  5 -2 -1 -3 -2  2    0   0   0   0   0   8   0   0   0  24   0   0   0   0  40   0   0   0   0  28  0.65 0.08
   95 H   -1 -1  1  0 -3  1  2 -2  3 -1  1  0 -1 -2  2 -1 -1 -3 -1 -2    0   0  13   0   0   8  28   0  14   0  23   0   0   0  14   0   0   0   0   0  0.29 0.06
   96 P    1 -2 -2 -2 -2  1 -1 -2  3  0 -1 -1 -1 -2  5 -1 -1 -3 -1  0   15   0   0   0   0  11   0   0  14  10   0   0   0   0  39   0   0   0   0  11  0.59 0.09
   97 Q   -1  0 -1 -1 -3  4  0 -2  0 -3 -2  1 -1 -1  2  1 -1 -1  2 -2    0   0   0   0   0  41   0   0   0   0   0  11   0   0  14  19   0   0  15   0  0.45 0.10
   98 P    0 -1 -1 -1  4  1  1 -2  2 -3 -3 -1 -2 -3  5 -1 -1 -3 -2 -2   10   0   0   0  14  11  15   0   9   0   0   0   0   0  41   0   0   0   0   0  0.75 0.10
   99 H   -1 -1  2 -1 -2 -1 -1 -2  3 -2 -2  1 -2 -2  4  0  2  3 -1 -2    0   0  15   0   0   0   0   0  12   0   0  11   0   0  25   0  30   6   0   0  0.50 0.09
  100 P   -1 -1 -1 -2  4  3  0 -2  2 -3 -3 -1 -2 -3  5 -1 -1 -3 -2 -3    0   0   0   0  14  32   0   0   9   0   0   0   0   0  45   0   0   0   0   0  0.96 0.13
  101 C    0 -1 -1 -2  5 -1 -1 -2  3  0 -1  2 -1  1 -2 -1 -1 -2  1 -1    9   0   0   0  23   0   0   0  14  10   0  27   0  11   0   0   0   0   6   0  0.26 0.08
  102 P    0  0 -2 -2 -2  1 -1 -2 -2 -2  0 -1 -1 -3  5  1 -1 -3 -2 -2    9   6   0   0   0  11   0   0   0   0  15   0   0   0  47  12   0   0   0   0  0.76 0.10
  103 C    0 -2 -1  1  7  1 -1 -2 -2 -2 -2 -1 -2 -3 -2  1  1 -3 -2 -1    6   0   0  12  41  12   0   0   0   0   0   0   0   0   0  15  15   0   0   0  0.56 0.11
  104 Q   -1  0  2  0 -3  3  2 -2  4 -3 -3  0 -2 -3  2  1 -1 -3 -1 -3    0   0  13   0   0  29  11   0  24   0   0   0   0   0  12  11   0   0   0   0  0.50 0.10
  105 Q   -1  1 -1 -2 -3  3  0 -3 -1 -1  0  1  2 -2  3 -1 -1 -3 -2  0    0  12   0   0   0  34   0   0   0   0   6   4  14   0  21   0   0   0   0   9  0.40 0.09
  106 P    1 -1 -1  1  3  2  0  1 -2 -2 -2 -1 -2 -3  4 -1 -1 -3 -2 -1   14   0   0  10   9  24   0  10   0   0   0   0   0   0  25   0   0   0   0   7  0.41 0.09
  107 H   -1 -1 -1 -2 -3  2 -1 -2  5 -2  0 -1 -1  2  2  0  0 -2  0 -2    0   0   0   0   0  16   0   0  30   0  10   0   0  14  13  10   7   0   0   0  0.33 0.10
  108 P   -1 -2 -2 -2 -2 -2 -2 -3 -3 -1 -1 -2 -2 -2  6 -1  1  5 -2  0    0   0   0   0   0   0   0   0   0   0   5   0   0   0  53   0  16  13   0  12  1.04 0.13
  109 S    0 -2 -1 -2 -2 -1 -2  2 -2 -1  0 -1 -1  1 -2  2  2 -2 -1  0    0   0   0   0   0   0   0  20   0   0  12   0   0  10   0  23  30   0   0   5  0.21 0.07
  110 P   -1  1 -1 -1 -3  2  1 -2  3 -3 -3  1 -2 -3  4  1 -1 -3 -2 -3    0   9   0   0   0  11  14   0  14   0   0   9   0   0  32  12   0   0   0   0  0.62 0.09
  111 C   -1 -2 -2 -3  7  0 -2 -3 -2  0  1 -2 -1  1 -3  1 -1 -2 -1  1    0   0   0   0  40   9   0   0   0   0  14   0   0  11   0  14   0   0   0  13  0.47 0.11
  112 Q    0  0  0  0 -2  3  2  1  0 -2 -2  0 -1 -2 -1  1  0 -2 -1 -2    2   1   1   1   1  32  14  14   1   1   2   2   1   1   1  19   2   0   1   2  0.27 0.06
  113 L    0 -1 -1 -1 -1  2  0 -2 -1  0  1  0  0 -1 -1  0  0 -1  1  1    2   1   1   1   0  26   1   2   0   1  16   1   0   1   1   9   1   0   8  26  0.10 0.03
  114 Q    0  0 -1 -1 -2  2  0  0 -1  1 -1  1 -1  0  1  1  0 -2 -1  0    2   1   1   1   0  15   1   8   0  18   2  19   0   5   6  17   1   0   1   1  0.08 0.02
  115 G   -1 -2 -1 -1 -2 -1 -1  3 -1 -2 -2 -1 -2 -1  5 -1 -1 -1  2 -2    2   1   1   1   0   1   1  31   0   1   2   1   0   1  36   1   1   0  16   1  0.61 0.04
  116 T    0 -1 -1 -1  2 -1 -1 -1 -1 -1 -1 -1 -1 -1  3  1  2 -1  2 -1    2   1   1   1   9   1   2   2   1   1   2   2   1   1  19  18  20   0  13   2  0.26 0.03
  117 C    0 -1 -1 -2  5 -1 -1 -1 -2  1  0 -1  0 -1 -1  1  0 -2 -1  2    2   1   1   1  23   1   2   2   1   1   2   2   1   1   1  17   2   0   1  37  0.20 0.03
  118 G    0 -1  0  0 -2  1  2  3  1 -2 -2  0 -1 -2 -1  0 -1 -2 -1 -1    2   1   1   1   0  13  19  41   5   1   2   1   0   1   1   1   1   0   1   6  0.32 0.03
  119 V    0 -2  0 -1 -1 -1 -1  0 -2  1 -1 -1 -1 -2  4  0  0 -2 -2  2    1   1   8   1   0   1   1   6   0   1   1   1   0   1  24   9   1   0   1  41  0.29 0.04
  120 G    0  0  0 -1 -2  0  0  2 -1  0 -1  1 -1 -2 -1  1  0 -2 -2  0    1   1   1   1   0   5   1  23   0  12   1  19   0   1   1  25   1   0   1   5  0.15 0.03
  121 S    0 -1  2 -1 -2 -1 -1  1 -1  1 -1 -1 -1 -2  3  1  1 -2 -2  0    1   1  16   1   0   1   1  10   0  18   1   1   0   1  19  19   8   0   1   1  0.23 0.03
  122 T    0 -1 -1 -1 -1 -1 -1 -1 -1  0  1 -1  0 -1  4  0  1 -2 -1  0    2   2   1   2   1   1   2   2   1   4  20   2   1   1  31   6  18   0   1   2  0.36 0.02
  123 P   -1  0 -1  0 -2  2  2 -1 -1 -2 -2  0 -1 -2  5  0 -1 -2 -1 -2    2   2   1   2   1  19  22   2   1   2   3   2   1   1  35   2   2   0   1   2  0.56 0.03
  124 I   -1 -1  2  0 -1  1  0 -1 -1  2  0  0  0  0 -1  0  0 -1 -1  0    2   2  21   2   1  16   2   2   1  34   3   2   1   5   2   2   2   0   1   2  0.08 0.02
  125 L   -1 -1 -2 -1 -1 -1  1 -2 -2  1  3 -1  3  0 -2 -1 -1 -2 -1  1    1   1   1   1   0   1  18   1   0   1  51   1  14   1   1   1   1   0   0   6  0.21 0.04
  126 G   -1  0  4  0 -2  0  0  2  3 -3 -3  1 -2 -2 -2  0 -1 -3 -1 -2    1   1  45   1   0   1   1  17  16   1   1  10   0   1   1   1   1   0   0   1  0.41 0.06
  127 Q   -1 -1  1 -1 -3  2  1 -2 -1 -3 -3  0 -2 -4  6  0 -1 -3 -3 -3    0   0  10   0   0  16  14   0   0   0   0   0   0   0  56   4   0   0   0   0  1.09 0.09
  128 C   -1  1 -3 -4  9 -2 -3 -3 -3 -2 -2 -2 -2 -3 -3 -1 -1 -3 -3 -2    0  16   0   0  84   0   0   0   0   0   0   0   0   0   0   0   0   0   0   0  1.46 0.15
  129 V   -1  0  2 -1 -2  0 -1 -2  2  0  0  3 -1 -2 -2 -1 -1 -3 -1  0    0   0  22   0   0   0   0   0  10   6  14  38   0   0   0   0   0   0   0  10  0.19 0.05
  130 E   -1 -1  2  1 -3  1  4 -2 -1 -1 -2  0 -2 -3 -2 -1 -1 -3 -2  0    0   0  21   0   0   0  62   0   0   0   0   0   0   0   0   0   0   0   0  17  0.50 0.09
  131 F   -2 -3 -2 -3 -2 -3 -3 -3 -1  0  0 -3 -1  6 -3 -2  1  0  4 -1    0   0   0   0   0   0   0   0   0   3   0   0   0  63   0   0  16   0  18   0  0.70 0.10
  132 L   -1 -3 -3 -3 -2 -2 -3 -3 -3  2  3 -2  1  0  3 -2 -1 -2 -2  1    0   0   0   0   0   0   0   0   0  14  62   0   0   0  18   0   0   0   0   6  0.46 0.06
  133 R   -1  4 -1 -2 -3  2  0 -3 -1 -2  1  2  0 -2 -2 -1 -1 -3 -2 -2    0  46   0   0   0  17   0   0   0   0  21  16   0   0   0   0   0   0   0   0  0.43 0.07
  134 H   -1  1 -1 -1 -3  4  2 -2  4 -3 -3  0 -1 -3  3 -1 -1 -3 -1 -3    0   4   0   0   0  50  14   0  16   0   0   0   0   0  16   0   0   0   0   0  0.64 0.09
  135 Q   -1  2 -1 -1 -3  5  2 -2  0 -3 -3  1 -1 -4 -2 -1 -1 -3 -2 -3    0  14   0   0   0  70  16   0   0   0   0   0   0   0   0   0   0   0   0   0  0.77 0.11
  136 C   -1 -2 -2 -3  8  1 -2 -3 -2 -2 -2 -2 -2 -3 -3 -1  1 -3 -3 -1    0   0   0   0  70  14   0   0   0   0   0   0   0   0   0   0  16   0   0   0  1.10 0.13
  137 S    0 -1  2 -1 -2  0 -1 -1 -1 -3 -3  1 -2 -3  4  3  0 -3 -2 -2    0   0  13   0   0   0   0   0   0   0   0  15   0   0  30  41   0   0   0   0  0.61 0.07
  138 P   -1 -1 -1 -2 -3 -1 -1 -2 -2 -3 -3  1 -2 -4  6  1 -1 -4 -3 -3    0   0   0   0   0   0   0   0   0   0   0  16   0   0  68  16   0   0   0   0  1.36 0.11
  139 T    1 -2 -2 -3 -1 -2 -2 -2 -1  1  1 -2  1  0  3 -1  0 -1  2  2   14   0   0   0   0   0   0   0   0   0  10   0   9   0  16   0   8   0  14  29  0.23 0.04
  140 A    3 -1 -1 -1 -1  0  1 -1 -1 -1 -2 -1 -1 -2 -1  2  0 -3 -2  0   46   2   0   0   0   0  16   0   0   0   0   0   0   0   0  27   0   0   0  10  0.29 0.06
  141 T    1 -2 -2 -2 -1 -1 -2 -2 -2  0  2 -1  4 -1 -2  0  3 -2 -2  0   14   0   0   0   0   0   0   0   0   0  22   0  30   0   0   0  32   0   0   2  0.26 0.07
  142 P   -1 -2 -2 -2 -2 -2 -2 -3 -3  0 -2 -2 -2 -3  6 -1  1 -4 -3  1    0   0   0   0   0   0   0   0   0   5   0   0   0   0  63   0  16   0   0  16  1.17 0.10
  143 Y   -1 -1 -2 -2 -2  0 -1 -2 -1 -1  0  1 -1  2 -2  0 -1  6  3  0    0   0   0   0   0   6   0   0   0   0   9  16   0  10   0   8   0  20  17  14  0.37 0.05
  144 C    0 -1 -1 -1  4  1  0 -1 -2 -2 -1 -1 -1 -3  4  2  0 -3 -2 -2    0   0   0   0  14  11   6   2   0   0  10   0   0   0  28  29   0   0   0   0  0.47 0.06
  145 S   -1  1  0  2 -2  4  1 -2 -1 -3 -2  0 -1 -3 -2  1  1 -3 -2 -2    0  10   0  16   0  43   0   0   0   0   0   0   0   0   0  16  14   0   0   0  0.42 0.07
  146 P    0 -2 -1 -1 -2 -1 -1  1 -2 -1 -2 -1 -2 -3  4  3  0 -3 -2  0    0   0   0   0   0   0   0  13   0   0   0   0   0   0  24  49   0   0   0  13  0.46 0.06
  147 Q   -1  1  2  3 -2  2  1 -1 -1 -3 -3  0 -2 -3 -2  2  0 -3 -2 -2    0  13  11  27   0  21   0   0   0   0   0   0   0   0   0  28   0   0   0   0  0.39 0.05
  148 C   -1 -3 -3 -4  8 -3 -4 -3 -3  0 -1 -3 -1 -2 -3 -1 -1 -3 -2  1    0   0   0   0  82   0   0   0   0   0   0   0   0   0   0   0   0   0   0  18  1.18 0.08
  149 Q   -1  0  1 -1 -3  5  1 -2  4 -3 -3  1 -1 -3 -2  0 -1 -2 -1 -3    0   0   4   0   0  72   0   0  24   0   0   0   0   0   0   0   0   0   0   0  0.67 0.07
  150 S    2 -2 -2 -2 -1 -2 -2 -2 -3  1  0 -2  0 -1 -2  0  0 -3 -2  3   31   0   0   0   0   0   0   0   0   0   0   0   0   0   0   6   0   0   0  62  0.26 0.04
  151 L   -1 -2 -3 -3 -2 -2 -3 -3 -2  1  3 -2  4  0 -3 -2 -1 -2 -1  1    0   0   0   0   0   0   0   0   0   3  58   0  40   0   0   0   0   0   0   0  0.45 0.05
  152 R   -1  5  0 -1 -3  3  0 -2  1 -3 -2  2 -1 -3 -2 -1 -1 -3 -2 -3    0  64   0   0   0  34   0   0   3   0   0   0   0   0   0   0   0   0   0   0  0.68 0.06
  153 Q   -1  1  0 -1 -3  5  1 -2  4 -3 -2  1 -1 -3 -2 -1 -1 -2 -1 -3    0   6   0   0   0  76   0   0  18   0   0   0   0   0   0   0   0   0   0   0  0.68 0.07
  154 Q   -1  3  0 -1 -3  5  1 -2  0 -3 -2  1 -1 -3 -2  0 -1 -2 -2 -2    0  18   0   0   0  82   0   0   0   0   0   0   0   0   0   0   0   0   0   0  0.74 0.07
  155 C   -1 -3 -3 -4  8 -3 -4 -3 -3 -1  1 -3 -1 -2 -3 -1 -1 -2 -2 -1    0   0   0   0  82   0   0   0   0   0  18   0   0   0   0   0   0   0   0   0  1.17 0.08
  156 C   -1 -4 -3 -4  9 -3 -4 -3 -3 -2 -2 -3 -2 -3 -3 -1 -1 -3 -3 -1    0   0   0   0 100   0   0   0   0   0   0   0   0   0   0   0   0   0   0   0  1.61 0.10
  157 Q   -1  2  0  0 -3  4  2 -2  3 -3 -2  1 -1 -3 -2  0 -1 -2 -1 -3    0  15   0   0   0  53  18   0  14   0   0   0   0   0   0   0   0   0   0   0  0.56 0.05
  158 Q   -1  1  0  1 -2  5  2 -1  0 -2 -2  1 -1 -2 -1  0 -1 -2 -1 -2    1   5   1   6   0  65  10   1   0   1   2   1   0   1   1   1   1   0   1   1  0.48 0.04
  159 L   -1 -2 -2 -2 -1 -1 -2 -2 -2  1  3 -2  2  0 -2 -2 -1 -1 -1  1    1   1   1   1   0   1   1   1   0   4  73   1   8   1   1   1   1   0   1   1  0.31 0.03
  160 R    1  3 -1 -1 -2  0  0 -1 -1 -2 -2  1 -1 -2  4  0 -1 -2 -2 -1   20  39   1   1   0   1   1   1   0   1   2   1   0   1  26   1   1   0   1   1  0.46 0.03
  161 Q   -1  1  0 -1 -2  5  1 -2  0 -2  0  1  0 -2 -1  0 -1 -2 -1 -2    1   9   1   1   0  67   1   1   0   1  10   1   0   1   1   1   1   0   1   1  0.43 0.04
  162 V   -1 -2 -2 -2 -1 -2 -2 -2 -2  3  1 -2  2  0 -2 -2  0 -2 -1  2    1   1   1   1   0   1   1   1   0  54   2   1   8   1   1   1   1   0   1  22  0.24 0.03
  163 E    0 -1 -1  0 -3  1  3 -2 -1 -3 -3  0 -2 -3  5  0 -1 -3 -2 -2    8   0   0   0   0   0  49   0   0   0   0   0   0   0  40   4   0   0   0   0  0.83 0.05
  164 P   -1 -1 -1  0 -3  3  2 -2 -1 -3 -3  0 -2 -3  5 -1 -1 -3 -2 -2    0   0   0   0   0  25  23   0   0   0   0   2   0   0  49   0   0   0   0   0  0.97 0.05
  165 Q   -1  0  0 -1 -3  5  1 -2  4 -2 -1  0  0 -2 -2 -1 -1 -2 -1 -2    0   0   0   0   0  71   0   0  18   0  10   0   0   0   0   0   0   0   0   0  0.56 0.06
  166 H   -1 -1  0 -2 -2 -1 -1 -2  5 -1  0 -1 -1  1 -2  1 -1 -1  3 -2    0   0   0   0   0   0   0   0  38   0  16   0   0   4   0  24   0   0  19   0  0.34 0.04
  167 R   -1  5 -1 -2 -3  2  0 -2  1 -1 -1  1 -1 -2 -1 -1 -1 -3 -1 -2    0  68   0   0   0  14   0   0   6   5   6   0   0   0   2   0   0   0   0   0  0.52 0.05
  168 Y   -2 -2 -1 -3  5 -1 -2 -3  4 -1 -1 -2 -1  3 -3 -1 -2  0  4 -1    0   0   2   0  24   2   0   0  17   0   0   0   0  18   0   0   0   0  36   0  0.52 0.05
  169 Q    1  0  0  1 -2  4  3 -1  0 -3 -2  1 -1 -3 -1  0 -1 -3 -2 -2   20   0   0  10   0  48  21   0   0   0   0   0   0   0   0   0   0   0   0   0  0.45 0.04
  170 A    4 -2 -2 -2 -1 -1 -1  0 -2 -1 -1 -1  0 -2 -1  1  0 -3 -2  0   94   0   0   0   0   0   0   0   0   0   0   0   3   0   0   3   0   0   0   0  0.47 0.05
  171 I   -1 -3 -3 -3 -1 -3 -3 -4 -3  5  1 -3  1  0 -3 -2  0 -3 -2  2    0   0   0   0   0   0   0   0   0  95   0   0   0   0   0   0   5   0   0   0  0.49 0.05
  172 F   -2  3 -1 -2  2 -1 -1 -3  4 -2 -1  0 -1  3 -3 -1 -2  0  3 -2    0  29   0   0   7   0   0   0  20   0   0   0   0  24   0   0   0   0  20   0  0.37 0.03
  173 G    2 -1  1 -1 -1 -1 -1  3 -1 -2 -2 -1 -2 -3 -1  2  1 -3 -2 -1   31   0   6   0   0   0   0  29   0   0   0   0   0   0   0  21  12   0   0   0  0.35 0.02
  174 L   -1 -2 -3 -3 -1 -2 -3 -3 -3  3  2 -2  3  0 -3 -2 -1 -2 -1  3    0   0   0   0   0   0   0   0   0  36  11   0  24   0   0   0   0   0   0  29  0.34 0.03
  175 V   -1 -3 -3 -3 -1 -2 -3 -3 -3  3  1 -2  1 -1 -3 -2  0 -3 -1  4    0   0   0   0   0   0   0   0   0  26   0   0   0   0   0   0   4   0   0  71  0.40 0.04
  176 L   -1 -1 -1 -2 -2  1 -1 -2  4 -1  1 -1  0  1 -2 -1 -1  0  4 -1    1   0   0   0   0  16   1   1  19   0  27   1   0   5   0   1   1   0  27   1  0.25 0.02
  177 Q    0  0  0  0 -2  3  0 -1 -1 -3 -3  0 -1 -3 -1  3  1 -3 -2 -2    0   0   0   0   0  35   0   0   0   0   0   0   0   0   0  65   0   0   0   0  0.46 0.05
  178 S    0 -2 -2 -2 -1 -2 -2 -2 -2  3  0 -2  0  0 -2  1  0 -3 -1  1    5   0   0   0   0   0   0   0   0  61   0   0   0   3   0  28   4   0   0   0  0.20 0.03
  179 I   -1 -3 -3 -3 -1 -3 -3 -4 -3  4  1 -3  1  1 -3 -2 -1 -2 -1  2    0   0   0   0   0   0   0   0   0  78   0   0   0   9   0   0   0   0   0  13  0.43 0.04
  180 L   -1 -1 -2 -2 -2  2 -1 -3 -1  1  3 -1  4  0 -2 -2 -1 -2 -1  0    0   0   0   0   0  26   0   0   0   0  45   0  29   0   0   0   0   0   0   0  0.29 0.04
  181 Q   -1  1  0 -1 -3  6  2 -2  0 -3 -2  1 -1 -3 -2  0 -1 -2 -2 -2    0   3   0   0   0  89   3   0   0   0   0   0   0   0   0   5   0   0   0   0  0.76 0.07
  182 Q   -1  0  0  0 -3  5  3 -2  0 -3 -3  1 -1 -3 -1  0 -1 -2 -2 -2    0   0   0   0   0  72  28   0   0   0   0   0   0   0   0   0   0   0   0   0  0.73 0.06
  183 Q   -1  0 -1  0 -2  4  2 -2  0 -1  0  0  0 -2 -1 -1 -1 -2 -1  0    0   0   0   0   0  58  16   0   0   0  11   0   0   0   0   0   0   0   0  11  0.37 0.04
  184 P    1  0 -1 -1 -2  4  1 -2 -1 -2 -2  0 -1 -3  4  0 -1 -2 -2 -1   13   0   0   0   0  47   0   0   0   0   1   0   0   0  31   0   0   0   0   4  0.61 0.04
  185 Q   -1  1  0 -1 -2  4  0 -1  3 -1 -1  0 -1  0  0  0  1 -2 -1 -1    0   5   0   0   0  47   0   4  12   4   6   0   0   5   4   0  12   0   0   0  0.25 0.03
  186 S    0  0  0  1 -2  3  1  2 -1 -2 -2  0 -1 -3 -1  1 -1 -2 -2 -2    1   0   0  11   0  38   5  27   0   4   1   0   0   0   0  10   0   0   0   1  0.32 0.03
  187 G    0 -1  0 -1 -2  3  0  3 -1 -2 -2  0 -1 -3 -1  2  0 -2 -2 -2    6   0   0   0   0  31   0  35   0   3   0   0   0   0   0  23   0   0   0   0  0.37 0.03
  188 Q    0  0  0  0 -2  2  2  1 -1 -2 -1  0  0 -2 -1  1  0 -2 -2 -2    6   3   0   0   0  20  24  17   0   0   3   0   6   0   0  15   4   0   0   0  0.23 0.02
  189 V   -1 -2 -2 -2 -2  0 -1 -3  1  1  2 -2  1 -1  2 -2 -1 -2 -1  2    0   0   0   0   0   9   0   0   6   3  38   0   0   0  13   0   0   0   0  28  0.21 0.02
  190 A    2 -1 -2 -2 -1  1 -1  0 -1  0  0 -1  0  1  1  0 -1 -1  1  0   38   0   0   0   0  10   0   5   0   8   9   0   0  13   6   4   0   0   5   0  0.11 0.02
  191 G    1 -2 -1 -1 -1 -1  0  3 -2  1  0 -1  0 -2 -2  0 -1 -2 -2  0   23   0   0   0   0   0  10  31   0  20   9   0   0   0   0   0   0   0   0   5  0.17 0.02
  192 L   -1 -1 -2 -2 -1  1 -1 -3 -2  1  3 -1  2  0 -2 -2  0 -2 -1  1    0   0   0   0   0  15   0   0   0   0  57   0   4   0   0   0   4   0   0  17  0.24 0.03
  193 L    1 -2 -2 -2 -1 -1 -2 -2 -2  2  1 -1  2 -1  1  0  1 -2 -1  1   14   0   0   0   0   0   0   0   0  20  16   0  17   0   9   0  20   0   0   0  0.16 0.02
  194 A    3  0 -1 -2 -1  1 -1  0 -1 -1  1  0  1 -2 -1  0 -1 -2 -2  0   48   5   0   0   0  14   0   6   0   0  19   0   4   0   0   0   0   0   0   0  0.16 0.03
  195 A    3 -1 -1 -2 -1 -1 -1  0 -1 -1 -1 -1 -1 -2 -1  1  0 -2  0  0   66   0   0   0   0   0   0   0   0   0   1   0   0   0   0  15   0   0   5   9  0.31 0.04
  196 Q   -1  1 -1 -1 -3  5  1 -2  0 -2  0  1  0 -2  2 -1 -1 -2 -2 -2    1   4   0   0   0  69   0   0   0   0  12   0   0   0  10   0   0   0   0   0  0.51 0.06
  197 I   -1 -2 -2 -2 -1  0 -2 -3 -1  2  1 -2  0  0 -2 -2 -1 -1  3  2    1   0   0   0   0  10   0   0   0  23  10   0   0   0   0   0   0   0  20  32  0.20 0.03
  198 A    2 -1 -1 -1 -1  1  0  0 -1 -1  0  0  0 -1 -1  1  0 -2 -1  0   45   1   1   1   1  11   2   2   1   1  14   2   1   1   1  12   2   0   1   2  0.15 0.02
  199 Q   -1  1  0 -1 -2  4  1 -1  0 -1  0  1  0 -2 -1  0 -1 -1 -1 -1    2   7   1   1   1  55   2   2   1   1  16   2   1   1   1   2   2   0   1   2  0.30 0.04
  200 Q   -1  0  2  0 -2  4  1 -1  0 -2 -1  0 -1 -2 -1  0  1 -2 -1 -1    2   1  17   2   1  44   2   2   1   1   3   2   1   1   1   2  15   0   1   2  0.28 0.02
  201 L   -1 -2 -3 -3 -1 -2 -3 -3 -3  1  4 -2  2  0 -2 -2 -1 -2 -1  1    1   0   0   0   0   0   1   1   0   0  92   0   0   0   0   1   1   0   0   1  0.45 0.04
  202 T   -1 -2 -1 -1 -2 -1 -1 -2 -2 -2 -2 -1 -2 -3  6  0  2 -3 -2 -1    1   1   0   1   0   0   1   1   0   1   1   1   0   0  58   1  32   0   0   1  1.04 0.04
  203 A    2 -1  1 -1 -1  0 -1  0 -1 -1 -2  0 -1 -2 -1  3  1 -2 -2  0   27   1  10   1   0   0   1   1   0   1   1   1   0   0   1  40   9   0   0   6  0.24 0.02
  204 M   -1 -1 -2 -3 -1 -1 -2 -2 -2  1  2 -1  6  0 -2 -1 -1 -1 -1  0    1   1   0   1   0   0   1   1   0   1   1   1  89   0   1   1   1   0   0   1  0.50 0.07
  205 C   -1 -3 -2 -3  9 -3 -3 -2 -3 -1 -1 -3 -1 -2 -2 -1 -1 -2 -2 -1    1   1   0   1  89   0   1   1   0   1   1   1   0   0   1   1   1   0   0   1  1.27 0.07
  206 G    0 -2  2 -1 -2 -1 -1  5 -1 -3 -3 -1 -2 -3 -2  0 -1 -2 -2 -3    1   1  18   1   0   0   1  72   0   1   1   1   0   0   1   1   1   0   0   1  0.72 0.03
  207 L   -1 -2 -3 -3 -1 -2 -2 -3 -2  2  3 -2  1  0 -2 -2 -1 -2 -1  2    1   1   0   1   0   0   1   1   0   1  50   1   0   0   1   1   1   0   0  40  0.28 0.02
  208 Q   -1  0 -1 -2 -2  2 -1 -1  1 -2 -1  0 -1  1 -2 -1 -1  1  5 -2    1   6   0   1   0  21   1   6   0   1   1   1   0   0   1   1   1   0  58   1  0.46 0.04
  209 Q   -1  0 -1 -1 -2  4  1 -2  2 -1 -1  0  0 -2  2  0 -1 -2 -1  1    1   1   1   1   0  49   1   1   8   1   2   1   0   1   9   1   1   0   1  19  0.27 0.03
  210 P   -1 -2  3 -1 -3 -1 -1 -2 -1 -3 -3 -1 -2 -3  6  0 -1 -4 -3 -3    0   0  25   0   0   0   0   0   0   0   0   0   0   0  68   7   0   0   0   0  1.33 0.05
  211 T    0  0  2 -1  2 -1 -1  0 -1 -2 -2  0 -2 -3  3  1  2 -3 -2 -1    0   8  17   0   7   0   0   6   0   0   0   0   0   0  18  10  34   0   0   0  0.34 0.02
  212 P   -1 -2 -2 -2 -3 -2 -2 -3 -1 -2 -2 -1 -2  0  6 -1 -1 -1  4 -2    0   0   0   0   0   0   0   0   0   0   0   0   0   0  67   0   0   0  33   0  1.35 0.06
  213 C   -1 -3 -3 -3  9 -3 -3 -3 -3 -2 -2 -3 -2 -3 -3  0 -1 -3 -3 -1    0   0   0   0  93   0   0   0   0   0   0   0   0   0   0   7   0   0   0   0  1.39 0.08
  214 P    1 -1  0 -1 -2 -1 -1 -1 -1 -3 -3 -1 -2 -3  5  3  0 -3 -2 -2    6   0   0   0   0   0   0   0   0   0   0   0   0   0  39  55   0   0   0   0  0.77 0.04
  215 Y    0 -2 -1 -2  3 -1 -1 -2  0 -1 -2 -1 -1  1 -2  2  2  0  4 -1    0   0   0   0  14   0   0   0   0   0   0   0   0   0   0  26  22   0  38   0  0.33 0.03
  216 A    1 -1  3  1  2 -1 -1 -1 -1  1 -1 -1 -1 -2 -2  1  0 -3 -2  0   29   0  27   9   6   0   0   0   0  22   0   0   0   0   0   7   0   0   0   0  0.15 0.02
  217 A    3  2  0  2 -1  0  0 -1 -1 -2 -2  0 -1 -3 -1  1  0 -3 -2 -1   52  22   0  20   0   0   0   0   0   0   0   0   0   0   0   6   0   0   0   0  0.28 0.02
  218 A    4 -2 -2 -2 -1 -1 -1  0 -2  0 -1 -1 -1 -2 -1  1  1 -3 -2  0   84   0   0   0   0   0   0   0   0   8   0   0   0   0   0   0   9   0   0   0  0.36 0.03
  219 G    1  0 -1 -1  2 -1 -2  4 -2 -3 -3 -1 -2 -3 -2  1 -1 -3 -2 -2   18   8   0   0   8   0   0  56   0   0   0   0   0   0   0  10   0   0   0   0  0.49 0.01
  220 G    0 -2  0 -1 -3 -2 -2  6 -2 -4 -4 -2 -3 -3 -2  0 -2 -3 -3 -3    0   0   0   0   0   0   0 100   0   0   0   0   0   0   0   0   0   0   0   0  1.09 0.02
  221 V    0 -3 -3 -3 -1 -2 -2 -3 -3  2  1 -2  1 -1 -2 -2  0 -3 -1  4    0   0   0   0   0   0   0   0   0   0   0   0   0   0   0   0   0   0   0 100  0.38 0.02
  222 P   -1  1 -1 -2  4 -1 -1 -2  2 -3 -2  0 -2 -3  5 -1 -1 -3 -1 -2    0  18   0   0  18   0   0   0  13   0   0   0   0   0  51   0   0   0   0   0  0.89 0.01
  223 H   -2 -1  3  0 -3  0  0 -1  6 -3 -3 -1 -2 -1 -2  0 -1 -1  3 -3    0   0  36   0   0   0   0   0  51   0   0   0   0   0   0   0   0   0  13   0  0.55 0.01

                      K         Lambda
Standard Ungapped    0.1395     0.3213
Standard Gapped      0.0330     0.2670
PSI Ungapped         0.1084     0.2938
PSI Gapped           0.0330     0.2670
