
Last position-specific scoring matrix computed, weighted observed percentages rounded down, information per position, and relative weight of gapless real matches to pseudocounts
           A  R  N  D  C  Q  E  G  H  I  L  K  M  F  P  S  T  W  Y  V   A   R   N   D   C   Q   E   G   H   I   L   K   M   F   P   S   T   W   Y   V
    1 M   -1 -2 -3 -4 -2 -1 -2 -3 -2  1  2 -2  7  0 -3 -2 -1 -2 -1  0    0   0   0   0   0   0   0   0   0   0   0   0 100   0   0   0   0   0   0   0  0.65 0.07
    2 A    4 -2 -2 -2 -1 -1 -1  0 -2  0 -1 -1 -1 -2 -1  1  0 -3 -2  1   79   0   0   0   0   0   0   0   0   0   0   0   0   0   0   0   0   0   0  21  0.35 0.03
    3 I   -1 -3 -3 -3 -1 -3 -3 -4 -3  5  1 -3  1 -1 -3 -2  1 -3 -2  2    0   0   0   0   0   0   0   0   0  89   0   0   0   0   0   0  11   0   0   0  0.42 0.04
    4 I   -1 -3 -4 -4 -1 -3 -3 -4 -4  5  1 -3  1 -1 -3 -3 -1 -3 -2  3    0   0   0   0   0   0   0   0   0  76   0   0   0   0   0   0   0   0   0  24  0.50 0.05
    5 T   -1  0  0 -1 -2  0 -1 -2 -2 -1 -2  2 -1 -3 -1  1  5 -3 -2 -1    0   0   0   0   0   0   0   0   0   0   0  24   0   0   0   0  76   0   0   0  0.48 0.06
    6 E   -1  0 -1  1 -4  2  6 -3  0 -4 -3  0 -2 -4 -2 -1 -1 -3 -3 -3    0   0   0   0   0   0 100   0   0   0   0   0   0   0   0   0   0   0   0   0  0.93 0.08
    7 E   -1  0 -1  1 -4  2  5 -2 -1 -4 -3  3 -2 -4 -1  0 -1 -3 -2 -3    0   0   0   0   0   0  76   0   0   0   0  24   0   0   0   0   0   0   0   0  0.71 0.06
    8 E   -1  0 -1 -1 -3  1  2 -2 -1 -1 -2  2 -2 -3  5 -1 -1 -3 -2 -2    0   0   0   0   0   8  21   0   0   7   0  24   0   0  40   0   0   0   0   0  0.71 0.04
    9 E   -2 -1  0  5 -4  1  4 -2 -1 -4 -4  0 -3 -4 -2  0 -1 -4 -3 -3    0   0   0  56   0   0  44   0   0   0   0   0   0   0   0   0   0   0   0   0  0.82 0.06
   10 D   -1 -1  1  2 -2  1  4 -1  0 -3 -3  0 -2 -3 -1  1  0 -3 -2 -2    1   1   8  15   0   1  47   1   0   1   1   1   0   1   1  18   1   0   0   1  0.40 0.03
   11 P    0 -1  1  1 -2  1  0 -1 -1 -2 -2  0 -2 -3  5  2  0 -3 -2 -2    1   1   8   9   0   8   1   1   0   1   1   1   0   1  32  32   1   0   0   1  0.52 0.03
   12 K   -1  0  3  0 -2  1  0 -1  2 -2 -2  2 -1 -2 -1  1  0 -2 -1 -2    2   2  25   2   1   9   2   2   8   2   3  23   1   1   2  11   2   0   1   2  0.20 0.01
   13 T    0 -1 -1  0 -2  1  2 -1 -1 -1 -1  0 -1 -2  3  1  1 -2 -2  0    2   1   1   1   0   9  25   2   1   1   2   1   1   1  18   9  15   0   1  10  0.27 0.01
   14 L   -1 -1 -1 -1 -2  2  0 -2  5 -1  1 -1  0 -1  2 -1 -1 -2  0 -1    2   1   1   1   0  16   1   2  32   1  25   1   1   1  10   2   1   0   1   1  0.23 0.02
   15 N   -1  1  2  0 -2  2  0 -1  0 -1 -1  3 -1 -2 -1  0  0 -2 -1 -1    2   2  15   2   1   9   2   2   1   9   3  43   1   1   2   2   2   0   1   2  0.19 0.02
   16 P   -1 -1 -1  0 -3  2  2 -2 -1 -2 -2  0 -2 -3  6 -1 -1 -2 -2 -2    1   1   1   1   0  15  20   1   0   1   2   1   0   1  50   1   1   0   1   1  0.88 0.05
   17 P   -1  2 -1 -1 -2  1  0 -2 -1 -2 -2  2 -2 -3  4  1  2 -3 -2 -2    0  14   0   0   0   7   0   0   0   0   1  25   0   0  24   7  19   0   0   0  0.44 0.04
   18 K   -1  1  3  0 -3  3  1 -1  0 -3 -3  3 -2 -3  1  0 -1 -3 -2 -2    0   0  24   0   0  19   7   0   0   0   1  33   0   0   6   7   0   0   0   0  0.37 0.04
   19 N   -1  0  1 -1 -3  1  2 -2 -1 -1  1  0  0 -2  3 -1 -1 -3 -2 -1    0   6  11   0   0   7  19   0   0   0  26   6   0   0  21   0   0   0   0   0  0.27 0.03
   20 K   -1  2  0 -1 -2  1  0 -2 -1 -2 -2  3 -1 -3  1  1  2 -3 -2 -2    0   7   0   0   0   7   0   0   0   0   1  42   0   0   6   6  27   0   0   0  0.33 0.04
   21 P    0 -1 -1  2 -3  1  0 -2  1 -3 -3 -1 -2 -3  6  0  0 -3 -2 -2    6   0   0  19   0   7   0   0   7   0   1   0   0   0  43   8   6   0   0   0  0.74 0.05
   22 K   -1  2  2 -1 -3  0  0 -2 -1 -2  0  4 -1 -2 -2 -1 -1 -3 -2 -2    0  13  12   0   0   0   0   0   0   0  17  54   0   0   0   0   0   0   0   0  0.33 0.06
   23 D   -1  0  0  1 -3  1  1 -2  3 -3 -2  2 -2 -3  3  1 -1 -3 -1 -2    0   0   0  10   0   6   6   0  16   0   6  25   0   0  19  12   0   0   0   0  0.36 0.05
   24 S    2 -1  2 -1 -2  0  0 -1 -1  0 -2  1 -1 -2 -1  2  1 -3 -2 -1   23   0  12   0   0   0   6   0   0  12   0  12   0   0   0  29   6   0   0   0  0.19 0.04
   25 D   -1  0  1  1 -3  2  0 -2 -1 -1 -2  2 -1 -3  4  0  1 -3 -2  0    0   0   6  10   0  13   0   0   0   0   0  19   0   0  28   0  12   0   0  12  0.42 0.05
   26 F   -1  1 -1 -1 -3  2  2 -2 -1 -3 -2  3 -2  0  2  1  0 -3 -1 -2    0   0   0   0   0  11  14   0   0   0   0  38   0   9  10  12   5   0   0   0  0.33 0.06
   27 T   -1  1  1 -1 -2  0  0 -2 -1 -2 -1  0  2 -2  3  1  3 -3 -2 -1    0  11  11   0   0   0   5   0   0   0   0   0  14   0  15  15  29   0   0   0  0.30 0.06
   28 K    0  0  2 -1 -2  2  0 -1  1 -3 -3  3 -2 -3 -2  1  2 -3 -2 -2    6   0  14   0   0  10   0   0   5   0   0  35   0   0   0  15  15   0   0   0  0.31 0.06
   29 S    1 -2 -1 -2 -1 -1 -1 -1  1  0 -2 -1 -1 -2  2  2  3 -3 -2  0   16   0   0   0   0   0   0   0   4  11   0   0   0   0  11  23  35   0   0   0  0.30 0.07
   30 E   -1  1 -1  0 -3  2  3 -2 -1 -3 -2  3 -1 -3  1 -1  0 -3 -2 -2    0   5   0   0   0  11  29   0   0   0   5  40   0   0   5   0   5   0   0   0  0.42 0.07
   31 S    0  0 -1 -1 -2  2  1 -2 -1 -2 -3  1 -2 -3  4  2  2 -3 -2 -2    5   0   0   0   0  14  11   0   0   0   0  11   0   0  20  18  20   0   0   0  0.42 0.06
   32 T    1  1  1 -1 -2  2  0 -1 -1 -1 -2  0 -1 -3  2  2  1 -3 -2 -1   14  11   5   0   0  15   0   0   0   6   0   0   0   0  10  26  13   0   0   0  0.25 0.05
   33 M    2  0  0 -2 -2  0 -1 -1 -2  0  0  2  1 -2  0  0  1 -3 -2  1   25   0   5   0   0   0   0   0   0   4   5  25   8   0   4   4   8   0   0  11  0.12 0.04
   34 K   -1  0  0 -1 -3  3  0 -2  3 -3 -3  3 -2 -3  4  0 -1 -3 -2 -3    0   0   4   0   0  26   0   0  10   0   0  32   0   0  23   4   0   0   0   0  0.57 0.08
   35 N    0  1  1 -1 -2  1 -1 -2 -1  0  0  1  0 -2  1  0  1 -3 -2  0    4  11  13   0   0  11   0   0   0   5  14  10   0   0   9   4  15   0   0   4  0.13 0.03
   36 P    0 -1  0 -1 -3  3  0 -2 -1 -2 -2  1 -1 -3  5 -1  1 -3 -2  0    4   0   4   0   0  25   0   0   0   0   0  10   0   0  36   0   9   0   0  11  0.60 0.08
   37 K    0  0 -1 -2 -2  2  0 -2 -2 -1  0  2 -1 -2  3  0  2 -3 -2  0    4   0   0   0   0  15   0   0   0   0  10  17   0   0  17   0  24   0   0  11  0.27 0.06
   38 P   -1 -2 -1  1 -2  1 -1 -2 -2 -2 -2 -1 -2 -1  5  1  0 -3 -2  0    0   0   0  10   0   8   0   0   0   0   0   0   0   4  41  19   6   0   0  11  0.64 0.08
   39 Q   -1  2  2  2 -3  3  2 -2  0 -3 -3  1 -2 -3  0  0  1 -3 -2 -3    0  11  14  14   0  28  10   0   0   0   0   5   0   0   5   4   9   0   0   0  0.38 0.06
   40 S    0 -1  3  2 -2  1  0  0 -1 -3 -3 -1 -2 -1  4  1  1 -3 -2 -2    6   0  20  14   0   9   0   4   0   0   0   0   0   4  21  12   9   0   0   0  0.38 0.05
   41 Q   -1  0 -1 -1 -3  3  2 -2 -1 -1 -2  1 -1 -3  4  0  1 -3 -2 -2    1   0   0   0   0  23  16   1   0   5   1  11   0   0  28   1  11   0   0   1  0.50 0.06
   42 N   -2  1  6  0 -3  0 -1 -1  0 -4 -4  0 -3 -3 -2  1 -1 -4 -3 -3    0  11  76   0   0   0   0   0   0   0   0   0   0   0   0  10   0   0   0   0  0.83 0.14
   43 P    3 -2 -2 -2 -2 -1 -1 -1 -2 -2 -2 -1 -2 -3  6  0 -1 -3 -2 -2   36   1   1   1   0   1   1   1   0   1   1   1   0   1  52   1   1   0   0   1  0.97 0.10
   44 F   -2 -3 -3 -3 -2 -3 -3 -3 -2  0  2 -3  0  6 -3 -2  0  0  2 -1    1   1   1   1   0   1   1   1   0   1  21   1   0  61   1   1   9   0   0   1  0.57 0.11
   45 P    0 -2 -1 -2  5 -1 -2 -2  3 -1 -2 -2 -1  1  3  1  0 -2 -1  0    8   1   1   1  23   1   1   1  15   1   1   1   0   9  16  11   4   0   0   8  0.32 0.07
   46 F   -2 -3 -3 -3 -2 -3 -3 -3 -2  3  1 -3  0  6 -3 -3 -2 -1  1  0    1   1   0   1   0   0   1   1   0  29  10   1   0  53   1   1   1   0   0   1  0.55 0.11
   47 W   -3  3 -3  0 -4 -2 -2 -3 -3 -4 -3 -1 -3 -1 -4 -3 -3 10  0 -4    0  28   0   9   0   0   0   0   0   0   0   0   0   0   0   0   0  63   0   0  1.82 0.23
   48 F   -3 -4 -4 -4 -3 -4 -4 -4 -2  1  1 -4 -1  7 -4 -3 -3  0  3 -1    0   0   0   0   0   0   0   0   0   7   7   0   0  77   0   0   0   0   8   0  1.03 0.18
   49 Y   -3 -3 -4 -4 -3 -3 -4 -4 -1  1 -1 -3 -1  5 -4 -3 -1  7  6 -2    0   0   0   0   0   0   0   0   0   9   0   0   0  33   0   0   5  17  36   0  1.06 0.21
   50 F   -2 -2 -2 -2 -3 -2  1  2 -2 -2  0  0 -1  5 -3 -1 -1 -1  1 -2    0   0   0   0   0   0  13  18   0   0   9   8   0  45   0   2   5   0   0   0  0.40 0.15
   51 T    0 -3 -2 -3 -2 -2 -2 -3 -2  2 -1 -2  2  0 -3  0  4 -3  1  0    9   0   0   0   0   0   0   0   0  21   0   0  10   5   0   4  43   0   5   3  0.38 0.18
   52 V    0 -2 -3 -4 -2 -2 -3 -2 -3  3  3  0  0  0 -3 -2 -2 -2  1  1    7   0   0   0   0   0   0   4   0  25  40  11   0   2   0   0   0   0   7   6  0.29 0.13
   53 V    1 -2  0 -2 -2 -1 -1 -2 -2  2  1 -1  1 -2 -2  2  1 -3 -2  2    9   0   3   0   0   0   4   0   0  18  10   4   6   0   0  23   8   0   0  15  0.15 0.10
   54 V    1 -2 -3 -4 -2 -2 -3 -3 -3  2  1 -3  3 -2 -3 -1  0 -3 -2  4   13   2   0   0   0   0   0   0   0  13  11   0  13   0   0   3   3   0   0  41  0.41 0.18
   55 S    1 -2 -1 -2 -2 -2 -2  0  2 -1 -2 -2  1 -3 -2  4  3 -4 -2 -1   10   0   0   0   0   0   0   7   6   3   0   0   4   0   0  47  19   0   0   4  0.44 0.21
   56 L    0 -3 -4 -4 -2 -3 -3 -4 -3  2  3 -2  0  1 -3 -2  0 -3 -2  2    6   0   0   0   0   0   0   0   0  15  41   3   0   7   0   2   5   0   0  21  0.39 0.16
   57 A    1 -3 -3 -3 -2 -3 -2  0 -3  3  2 -3  0  0 -1 -2 -1 -3 -2  2   12   0   0   0   0   0   3   8   0  24  22   0   0   5   3   0   2   0   0  22  0.25 0.13
   58 T    1  0 -1  0 -2 -2 -1 -2 -3  0  0 -2  0 -3 -2  2  4 -4 -3  0    9   5   0   6   0   0   3   0   0   5   8   0   3   0   0  15  43   0   0   4  0.35 0.19
   59 I   -1 -3 -3 -4  0 -3 -3 -1 -3  1  3 -3  0  5 -3 -2 -1 -1  1  1    6   0   0   0   2   0   0   6   0   9  32   0   0  31   0   0   3   0   2   7  0.41 0.16
   60 I   -1 -3 -3 -4 -2 -3 -3 -1 -3  2  2 -3  0  4 -3 -1 -1 -2  0  1    5   0   0   0   0   0   0   6   0  16  26   0   0  28   0   4   2   0   0  11  0.35 0.15
   61 F    1 -4 -3 -4 -3 -3 -4 -3 -3  0  0 -3  0  6 -4  0 -2 -1  2  0   12   0   0   0   0   0   0   0   0   4   8   0   2  54   0  10   0   0   3   6  0.74 0.26
   62 I    0 -1 -2 -3 -2 -1 -2  0 -1  2  1 -2  1  0  0  0 -1  3 -1  2   11   4   0   0   0   2   0   6   2  18  10   0   4   5   4  11   2   5   1  16  0.12 0.09
   63 S    0 -3 -2 -2 -2 -2 -2  3  1  0  0 -2  0  1 -1  2 -1 -3  0 -1    4   0   0   0   0   0   0  24   4   9  11   0   2   9   2  27   2   0   3   4  0.22 0.15
   64 L    0 -1 -3 -3  0 -2 -1 -1 -3  1  2 -1  0 -1 -3 -1  1  5 -1  0    6   4   0   0   2   0   4   5   0   9  31   3   1   2   0   2  14  11   0   6  0.24 0.13
   65 S    0  0 -1 -2  1  0 -2  0 -2  0  0 -1 -1  1  1  3  0 -3  0  0    6   5   1   0   3   4   0   5   0   4  11   0   0   7   5  36   4   0   3   5  0.16 0.14
   66 L    1 -2  0 -2 -2 -1 -1 -2 -2  2  0  0 -1 -1  1  2  0 -3 -2  1    9   0   5   0   0   0   4   0   0  17  10   8   0   3   6  22   6   0   0  11  0.14 0.12
   67 F   -1 -1  0 -3  0 -1 -2 -2 -2  0  3 -2  0  2  2 -2 -1 -2  1  0    3   4   5   0   2   3   2   2   0   3  35   0   0  12  10   2   4   0   5   7  0.19 0.12
   68 S    1  0  3 -1 -2 -1 -1 -2 -1 -2 -1  0 -2  0  1  3  1 -3  1 -1   10   3  16   1   0   0   0   0   0   0   7   5   0   3   8  28   8   0   7   2  0.24 0.15
   69 S    1 -2 -1  1 -2 -2 -2  1  1 -2 -1 -2 -1 -3  3  2  1  1 -2 -2   12   0   0   8   0   0   0  14   4   3   5   0   2   0  16  23   8   3   0   0  0.31 0.15
   70 Q   -1  0  1  0  0  3  1 -2 -2  0 -2  1 -2 -3  3  1  0 -3 -3  0    3   4   7   3   2  18   7   2   0   6   0   7   0   0  18  10   5   0   0   8  0.28 0.13
   71 N    1 -1  1  1 -2  0  0 -1 -2 -1 -2  0 -2 -3  2  1  2  1 -2 -1   15   3   7   9   0   2   3   3   0   4   1   7   0   0  12  12  16   3   0   2  0.21 0.10
   72 D   -1 -2  3  4 -4  1  2 -2  1 -2 -3 -1 -3 -2  1  1  0 -4 -1 -2    2   0  15  30   0   6  12   1   3   3   0   1   0   1   5   9   5   0   3   2  0.40 0.17
   73 P   -1 -1 -3  1 -4 -1 -1 -2 -3 -2 -2 -2 -3 -4  7  0 -2 -5 -4 -2    4   4   0  10   0   3   3   3   0   2   4   0   0   0  55   8   0   0   0   2  1.13 0.32
   74 R    0  2  1  2 -3  0  1 -2  0 -3 -2  2 -2 -3  0  1 -1 -3  0 -2    8  10   6  14   0   3   7   0   3   0   4  21   0   0   4  13   2   0   3   1  0.23 0.12
   75 S    0 -1 -1  1 -2  0  2 -1  1 -2 -2  0 -1 -3 -2  3  2 -3 -1 -1    6   2   1   7   0   3  14   2   4   2   1   3   2   1   1  33  12   0   2   4  0.27 0.16
   76 W   -1  2 -1 -2 -3  0  1 -2 -2  0 -1 -1 -1  3 -3 -2 -1  7  2 -1    6  12   2   1   0   3  11   3   0   6   4   1   1  15   1   1   3  20   6   2  0.47 0.18
   77 F   -2 -2 -3 -2  1 -3 -3 -3 -2  0  1 -3 -1  6 -1 -2 -2  3  3 -1    3   3   1   2   3   1   1   1   0   5  12   1   0  43   3   2   2   3  10   3  0.58 0.21
   78 L    0 -2 -2 -2 -2 -1  0 -3 -2  2  3 -1  2  0 -2 -2 -1  1 -2  0    8   2   1   1   0   1   9   1   0  10  42   3   5   3   1   2   2   2   1   5  0.25 0.14
   79 S    1 -1  1  2 -2  0  0  0  1 -2 -3  1 -2 -3 -1  2  1 -3 -2 -2   13   2   9  13   0   4   3   6   4   2   1  12   0   1   2  21   8   0   0   1  0.23 0.13
   80 L   -2 -3 -3 -1 -3  0 -3 -4  0  1  3 -1  5 -2 -2 -3 -1 -3 -2  1    1   0   0   4   0   6   1   1   2   5  39   3  21   0   2   1   4   0   1   8  0.49 0.25
   81 P   -1 -4 -3 -2 -5 -2 -2 -2 -4 -4 -3 -3 -4 -5  7  0  0 -5 -2 -3    5   0   1   2   0   1   2   2   0   0   3   0   0   0  68   6   6   0   1   1  1.67 0.53
   82 P    2 -3 -1  1 -3 -1  0 -1 -3 -2 -1 -1 -1 -2  4  1  1 -4 -2 -2   21   0   3  11   0   1   5   3   0   1   6   3   2   1  22   9  11   0   1   1  0.38 0.21
   83 A    1 -2  0 -2 -4 -1 -3 -1 -3 -2 -3 -2 -3 -4  6  2  0  2 -4 -2   10   2   6   1   0   2   0   5   0   2   2   2   0   0  41  16   7   3   0   2  0.81 0.34
   84 L   -1 -2 -2 -3  0 -1 -2 -2 -3  1  3 -3  2  2 -1 -1  0 -2  0  2    4   2   2   1   2   2   1   2   0   7  30   0   5  12   3   3   5   0   1  15  0.21 0.15
   85 R    1  4 -1  0 -3  0  2 -3 -1 -2  0  0 -2 -1 -1 -1  0 -4 -3 -1   14  29   2   3   0   3  15   0   1   1  12   2   0   2   2   2   6   0   0   3  0.29 0.21
   86 Q    1  2 -1 -1 -3  3  2 -1  2 -2 -3  0 -2 -3  2  1 -1 -4 -1 -2   11  10   1   1   0  15  18   3   7   2   0   4   1   1  10   9   2   0   2   3  0.32 0.21
   87 H   -2  0 -1 -1 -5  0 -1 -3  9 -5 -4 -1 -4 -1 -2 -2 -3  5  0 -5    2   5   2   3   0   4   2   2  56   0   1   3   0   3   1   3   1   8   2   0  1.46 0.53
   88 Y    0  2 -1 -2 -3 -1 -1 -3 -1 -1 -1  0 -1  2 -2 -1 -1  0  6 -2    9  15   2   2   0   1   4   1   0   2   5   4   1   9   2   4   3   1  32   1  0.44 0.26
   89 S    2  0  0  0 -2  1 -1 -1 -1 -1 -1  0 -2 -2  0  2  0 -1 -1  0   23   6   5   4   0   8   2   4   1   2   6   4   0   1   3  20   3   1   2   6  0.16 0.14
   90 N    1  1  1  2 -2  0  0  1 -1 -3 -2  1 -1 -2 -2  3  0 -3 -2 -2    9   9   6  12   0   2   3  10   1   1   3   7   1   1   1  27   3   0   1   2  0.24 0.16
   91 G    0 -2 -1 -2 -3 -1 -2  5 -1 -1 -2 -2 -3 -3  0 -1 -1 -1 -2 -1    6   2   1   2   0   2   3  55   1   3   5   1   0   1   4   4   2   1   2   4  0.68 0.26
   92 R   -1  5 -2 -1 -3  1 -1 -2  0 -2 -2  2 -2 -3  0  1  0 -3 -1 -3    3  40   1   4   0   6   2   3   2   2   3  12   1   1   5   9   4   0   2   1  0.52 0.26
   93 T   -1  0 -1 -2 -2 -1 -1 -1 -1  0 -1 -1  0  2 -1  0  3  2  2  0    3   6   3   1   0   3   4   3   1   5   5   1   3  12   2   4  22   4  10   8  0.17 0.15
   94 I   -1 -1 -2 -3 -2 -1 -2 -2  0  3  2 -3  0  2 -3 -2 -1 -2 -1  2    5   3   1   1   0   3   2   3   3  21  19   1   2  12   1   2   2   0   1  20  0.28 0.17
   95 K   -1  1  0 -1 -3  0  1 -1  2 -2 -2  3 -1 -2  3  0  0  0  1 -2    2   9   3   2   0   2  11   4   5   1   3  20   2   1  15   6   6   1   5   1  0.27 0.15
   96 V    0 -1 -3 -2 -2 -2 -3 -3 -2  1  1 -2  0 -1 -2 -1  0  0 -1  4    9   3   1   2   0   2   1   1   1   5  15   2   1   1   2   3   6   1   2  41  0.33 0.21
   97 Q   -1 -1 -1  2 -3  2  1 -1  5 -1 -2 -1 -2  0  0  0 -1 -2  3 -2    4   2   1  11   0  12   8   4  17   3   3   3   0   3   4   5   4   0  11   3  0.28 0.18
   98 V   -1  1 -1  2 -2  0  0 -1 -1  0 -1  0 -1 -1  2  0  1 -1 -1  0    2   9   2  16   0   3   4   3   2   7   6   3   1   2  11   5  12   1   2   9  0.13 0.09
   99 N    0  0  0  0 -2  0 -1  1  4 -1 -1  0 -1 -1 -1  0  0 -2  0 -1    8   4   3   6   0   4   2  11  16   3   7   7   1   3   2   7   8   0   4   3  0.13 0.10
  100 S    1  0 -1  0  0  0  0 -1 -1  0 -1 -1 -1 -2  3  1  0  1 -1  0   15   4   3   6   2   4   4   4   1   4   7   2   1   1  14   9   5   2   1  10  0.12 0.07
  101 N   -1  0  2  4 -3  0  0  0  2 -2 -2 -1 -2 -3 -2  0  2 -3 -2 -2    3   5  11  24   0   3   3   8   5   2   3   1   1   1   1   6  19   0   1   2  0.32 0.20
  102 E    1 -1 -1 -2 -2  0  0  1  1  0  0 -1 -1 -2 -2 -1  0 -1 -1  2   11   4   2   1   0   4   7  13   5   4   8   3   0   1   1   2   7   1   2  22  0.08 0.11
  103 S    0  1  2  2 -3  1  0  1  0 -2 -3  0 -2 -1  1  0 -1 -3  0 -3   10   7  12  14   0   6   4  13   2   2   1   4   0   4   6   6   3   0   3   1  0.19 0.13
  104 P    0 -1 -2  0 -4 -1 -2  5 -1 -3 -4 -2 -4 -5  2 -1 -1 -4 -4 -3    6   4   1   5   0   3   2  54   1   1   1   2   0   0  10   3   3   0   0   2  0.84 0.38
  105 I   -2 -2 -4 -5 -2 -3 -4 -3 -2  3  3 -4  1  2 -4 -3 -2 -2 -1  3    2   2   0   0   0   0   0   2   1  21  29   1   3   9   0   1   1   0   2  24  0.58 0.30
  106 E   -2  4  2  1 -5  1  2 -3  1 -5 -4  1 -4 -4 -3 -1  1 -5 -4 -4    3  30  11   7   0   4  16   1   4   0   1   8   0   1   1   3   9   0   0   0  0.58 0.34
  107 V   -2 -4 -4 -5  0 -4 -4 -5 -2  3  2 -4  3  0 -4  0 -2  5 -1  3    2   0   0   0   2   0   0   0   1  20  19   1   8   3   0   7   2   9   1  26  0.64 0.34
  108 F   -1  1 -3 -4 -5 -3 -4 -4  6 -3 -3 -3 -4  7 -5 -2 -4 -1  1 -3    6   7   1   1   0   1   1   1  23   1   1   1   0  48   0   3   1   1   2   2  1.37 0.58
  109 V   -1 -4 -5 -5  0 -5 -3 -5  0 -1 -1 -5 -4  0 -1 -4 -1  2  8  3    6   0   0   0   2   0   1   1   2   2   4   0   0   1   3   1   3   3  50  21  1.29 0.59
  110 A    0  5 -4 -3 -4 -2 -1 -4 -2  0  1 -2  0 -3 -2 -3  0 -2 -1  2    9  38   0   1   0   1   3   1   1   5  12   0   2   0   1   1   4   1   2  18  0.54 0.35
  111 E   -2 -2 -3  4 -6  1  5 -2  0 -4 -5 -2 -4 -6 -2 -1  1 -6 -3 -3    2   1   0  21   0   7  46   2   2   0   0   1   0   0   2   5   8   0   1   2  0.94 0.48
  112 S    4 -1 -1 -2 -1  0  2  0 -2 -3 -3 -2 -2 -3 -3  2  0 -3 -3 -1   41   3   3   1   1   3  14   5   1   0   1   1   1   1   0  14   6   0   1   3  0.48 0.34
  113 G   -1 -4  0 -3 -6 -4 -4  7 -4 -7 -5 -3 -6 -7 -5 -1 -3 -6 -6 -4    4   1   4   1   0   0   1  80   0   0   1   1   0   0   0   3   1   0   0   1  1.79 0.68
  114 S    0  0 -2  2 -4 -1 -1 -2 -3 -4 -5 -1 -4 -4  6  1 -1 -2 -4 -3    9   5   1  12   0   2   2   2   0   1   0   2   0   0  43  11   4   1   0   2  0.94 0.43
  115 I    1  2 -1 -1 -3  0  1  0 -2 -1 -3  1 -2 -3  3  0  0 -3 -3 -1   16  12   2   3   0   3   8   7   0   3   1   9   0   1  18   6   7   0   1   3  0.28 0.18
  116 H   -1 -2  1  5 -3  1  1  0  2 -4 -4 -2 -3 -3 -1  0 -1 -5 -4 -4    6   1   6  40   0   7   7   8   4   0   2   1   0   1   3   7   4   0   0   1  0.63 0.33
  117 T    3  0  1 -1  0 -1 -1  3 -1 -4 -3  0 -3 -4 -3  0 -1 -4 -4 -3   33   6   6   2   2   1   3  25   2   0   2   7   0   0   1   6   3   0   0   1  0.47 0.29
  118 E   -3 -2 -3  0 -6 -1  2 -3 -1 -5 -5 -1 -5 -5  7 -2 -1 -6 -5 -5    1   2   1   4   0   2  16   2   2   0   1   3   0   0  57   3   3   0   0   0  1.43 0.57
  119 T    1 -3 -2 -2 -3 -3 -3 -4 -4 -1 -1 -2 -3 -4  5 -2  3 -5 -4  2   11   1   2   2   0   0   1   0   0   3   5   1   0   0  33   2  20   0   0  17  0.76 0.40
  120 V   -2 -5 -6 -6 -4 -5 -6 -6 -6  3  2 -5  0 -1 -5 -5 -3 -2 -4  6    3   0   0   0   0   0   0   0   0  17  15   0   1   2   0   0   1   1   0  61  1.27 0.53
  121 V   -4 -5 -6 -6 -2 -5 -6 -6 -6  2  5 -5  0 -1 -6 -5 -4 -5 -3  4    0   0   0   0   1   0   0   0   0  10  58   0   1   1   0   0   0   0   0  29  1.22 0.51
  122 I   -3 -5 -6 -6  4 -5 -6 -6 -5  0  5 -5  3  2 -6 -5 -4 -4 -3 -1    2   0   0   0   8   0   0   0   0   3  71   0   6   8   0   0   0   0   0   2  1.32 0.54
  123 V   -3 -5 -5 -6 -1 -4 -5 -6 -5  2  5 -5  1 -2 -2 -5 -3 -4 -4  2    1   0   0   0   1   1   0   0   0  10  67   0   3   1   2   0   1   0   0  12  1.10 0.46
  124 H   -4 -4 -4 -5 -7 -4 -4 -6 11 -7 -6 -5 -5 -5  0 -4 -4 -6 -3 -7    1   0   0   0   0   0   0   0  89   0   0   0   0   0   5   1   1   0   0   0  3.35 1.05
  125 G   -3 -5 -4 -4 -6 -3 -5  7 -5 -7 -7 -5 -6 -6 -4 -2 -3 -6 -6 -6    0   0   0   1   0   1   0  92   0   0   0   0   0   0   1   2   1   0   0   0  2.28 0.79
  126 L   -2 -3  1 -3 -4  0  0 -4 -1  1  1 -3 -1  5 -4 -2 -1  2  3 -1    2   1   8   0   0   4   7   1   1   8  14   1   1  33   0   2   4   3   9   2  0.52 0.30
  127 G    0 -5 -3 -3 -2 -4 -4  0 -5 -4 -4 -4 -5 -1  7 -2 -1 -6 -5 -2    8   0   1   1   1   0   0   9   0   1   2   0   0   3  64   3   4   0   0   3  1.63 0.64
  128 L    1 -3 -2  0  1  0  0 -1 -3 -4 -3 -3 -2 -2 -3  4  4 -5 -2 -2   11   1   1   5   3   3   5   4   0   0   2   0   1   2   0  33  26   0   1   3  0.52 0.37
  129 S   -2 -4 -1 -2  0  2 -3 -1  2 -4 -2 -3 -4 -1 -2  4  0  8 -2 -4    2   0   3   2   2   8   0   4   5   1   3   0   0   2   2  40   5  20   1   1  0.93 0.51
  130 S    0 -3 -3 -4 -3 -4 -4 -1 -2 -4 -3 -2 -3 -5 -3  6 -2  5 -3 -3    6   1   1   0   0   0   0   5   1   1   2   2   1   0   1  68   1   8   1   1  1.26 0.65
  131 F   -3 -1 -3 -3 -5 -3 -2 -3  5 -3 -2 -4 -3  5 -5 -3 -3  1  6 -3    2   4   1   1   0   1   2   2  14   1   3   0   0  28   0   2   1   2  34   1  1.21 0.53
  132 A    0 -3 -2  0  0  1  0 -2 -1  0  2 -3  4 -3 -3  2  1 -2 -2  0    6   0   1   7   2   6   5   2   1   4  22   0  13   0   0  19   7   1   1   4  0.25 0.24
  133 F   -6 -6 -7 -7 -6 -6 -6 -6 -4 -5 -5 -6 -5  5 -7 -6 -6 10  6 -6    0   0   0   0   0   0   0   0   0   0   0   0   0  26   0   0   0  45  27   0  2.83 0.93
  134 K   -2  7 -3 -1 -6  0 -1 -4  1 -3 -4 -1 -4 -4 -5 -2 -1 -2 -3 -4    3  71   0   3   0   3   3   1   3   1   1   2   0   1   0   2   3   1   1   1  1.49 0.64
  135 E   -1  1  3  2 -4  0  1 -1  4 -4 -4  2 -2 -4  0 -1 -2 -3 -1 -3    6   6  17  10   0   4   9   3  14   0   1  15   1   0   5   4   2   0   1   2  0.41 0.26
  136 M   -2 -4 -3 -5 -3  1 -4 -5 -4  2  3 -4  4 -1 -4 -3 -1  0 -2  4    1   0   1   0   0   7   0   0   0  10  30   0  10   1   0   2   2   1   1  31  0.65 0.36
  137 I   -1 -4 -5 -5 -3 -3 -4 -4 -3  5  2 -2  5 -2 -5 -3 -2  0 -3  2    6   1   0   0   0   0   0   1   1  39  18   2  17   1   0   1   1   1   1  11  0.82 0.40
  138 Q    0 -1  0  1 -4  1  0 -2 -2 -4 -5 -1 -3 -3  7 -1 -2 -3 -5 -4    7   4   4   7   0   6   7   3   1   1   0   3   0   1  51   3   2   0   0   1  1.12 0.48
  139 S    2  1 -1  0 -2  0  0 -1  1  0  0 -1  0 -1  1  0 -1 -3 -1  0   20   8   1   4   0   4   5   4   4   5  13   2   1   2   6   8   2   0   2   8  0.06 0.09
  140 L   -4 -4 -5 -5 -1 -4 -5 -5 -5  1  6 -5  1  0 -5 -5 -4 -4 -3  0    1   0   0   0   1   0   0   1   0   5  79   0   3   3   0   1   0   0   0   4  1.36 0.54
  141 G    5 -2 -2 -2 -3 -1 -1  0  1 -3 -3 -2 -2 -3 -2  1  0 -4 -2 -1   51   2   1   1   0   3   4   7   4   1   2   1   1   0   2   9   5   0   1   5  0.54 0.32
  142 S    2  1  0  3 -3  1  2  0 -1 -3 -3  0 -2 -3  0  1  0 -3 -3 -2   17   7   2  16   0   8  14   5   1   1   2   5   0   1   3  12   4   0   0   2  0.26 0.17
  143 K    2  4 -1  1 -3  1  0 -2  1 -3 -2  1 -2 -3 -2 -1 -1 -4 -2 -2   23  23   2   9   0   7   6   1   4   1   4   9   0   0   1   2   3   0   1   2  0.33 0.23
  144 G   -1 -1  1 -1 -1 -1 -2  5  2 -3 -3 -1 -2  0 -1 -1 -2 -2 -2 -3    4   3   7   4   1   3   2  48   5   2   3   3   1   4   2   3   2   0   1   2  0.58 0.22
  145 I   -2 -2 -3 -4 -2 -2 -3 -3  2  0  1 -3 -1  4 -4 -2 -2  4  6 -1    3   3   1   1   1   2   1   2   5   4  12   1   1  17   1   2   2   5  34   4  0.77 0.35
  146 H   -3  6 -1 -4 -3 -1 -2 -4  6 -5 -4  0 -2 -4 -4 -3 -2 -1  0 -4    2  54   2   0   1   1   1   1  24   0   1   3   1   0   0   1   2   1   3   1  1.40 0.58
  147 S    2 -4 -4 -4  3 -3 -2 -2 -4  0  0 -4 -1 -3 -1 -2  0 -1 -3  5   19   0   0   0   7   0   2   3   0   4   9   0   1   0   3   1   4   1   0  44  0.60 0.35
  148 V   -2 -4 -5 -5 -3 -4 -5 -5  0  5  1 -4 -1 -1 -4 -3 -2 -1  1  4    3   0   0   0   0   0   0   0   2  44   8   0   1   2   0   1   2   1   4  30  0.93 0.42
  149 A    6 -2 -4 -4  0 -4 -4 -2 -4 -2 -3 -3 -1 -4 -4 -1 -1 -5 -4  0   77   2   0   0   1   0   0   1   0   3   2   0   1   0   0   2   3   0   0   5  1.28 0.58
  150 I   -3 -4 -4 -4 -3 -3 -4 -4 -3  2  0 -4  1  2  6 -3 -3  0 -1  1    1   0   0   0   1   1   0   1   1  11  10   0   3   9  48   1   0   1   2   9  1.09 0.45
  151 D   -5 -2 -2  8  0 -4 -1 -4 -4 -6 -6 -4 -6 -6 -5 -4 -4 -6 -6 -6    1   2   0  88   2   0   3   0   0   0   1   0   0   0   0   0   0   0   0   0  2.31 0.80
  152 L   -4 -2 -3 -5 -4 -1 -4 -5  1 -1  4 -4  2  2 -3 -4 -3  6  3 -2    1   2   1   0   0   2   0   1   3   1  52   0   4   9   1   1   1  10   9   1  0.86 0.41
  153 P   -2  1 -4 -4 -4 -3 -3 -4 -4  2  1 -2 -2 -2  6 -3 -3 -4 -4  0    2   8   0   0   0   1   1   1   0  12  16   2   1   1  46   1   1   0   0   6  1.04 0.44
  154 G   -1 -4 -3 -4  2 -3 -4  7 -4 -5 -5 -4 -5 -5 -3 -2 -3 -5 -5 -5    5   0   1   0   4   1   1  79   0   0   1   1   0   0   1   1   1   0   0   1  1.71 0.61
  155 N   -3 -2 -3 -4 -1 -1 -3 -4  1 -2 -1 -2  1  7 -4 -1 -2 -1  4 -3    2   3   1   0   1   3   1   1   4   1   4   2   3  49   0   6   3   0  14   1  1.01 0.44
  156 G   -2 -4 -2 -4 -5 -4 -4  7 -4 -5 -5 -4 -5 -5 -4 -2 -4 -5 -5 -5    2   1   2   1   0   0   1  86   0   1   1   1   0   0   1   3   1   0   0   1  1.95 0.66
  157 F   -1  1 -1 -1 -2  0 -2 -2  1 -2  1  0  1  5 -3 -2 -2  0  2 -1    5   9   3   5   1   3   2   3   3   1  16   5   3  28   1   1   1   1   8   3  0.34 0.22
  158 S   -1 -1 -3 -3 -4 -3 -1 -3 -4 -4 -3 -3 -4 -5 -3  6  2 -5 -4 -4    3   4   0   0   0   0   3   1   0   0   2   0   0   0   1  71  11   0   0   1  1.28 0.61
  159 D   -1 -2 -1  6 -4 -1  2 -1  0 -4 -4 -2 -4 -4  0  0 -1 -2 -1 -3    5   2   2  48   0   1  12   3   2   1   2   2   0   1   5   6   3   1   2   1  0.79 0.36
  160 K    1  3 -2 -2 -3 -1 -2 -2 -1 -1 -2  4  1 -2  0  0 -1 -2 -2 -1   13  15   1   1   1   2   1   2   1   4   2  33   5   1   4   5   4   0   1   5  0.39 0.25
  161 S   -2 -3 -3 -3 -1 -3 -3 -3 -4 -4 -3 -1 -4 -4  7  0 -2 -4 -2 -3    3   2   1   1   1   1   2   2   0   1   3   3   0   1  67   7   2   0   2   2  1.67 0.59
  162 M    0  0 -1  1 -2  0  1 -1  0 -1 -1  0  0 -1  1  0  0 -1 -1  0   11   5   2  11   0   5   9   4   3   2   6   4   4   2   8   7   7   1   1   7  0.08 0.06
  163 V    1  1  0  1 -1  0  0 -1 -1  0 -1  0 -1 -1  1  0  1 -2 -1  0   13   8   3  12   1   2   5   4   1   5   4   6   1   3   6   6   8   0   1  10  0.06 0.05
  164 V    1  1 -1  0 -2  0  1  0 -1  0 -1  0 -1 -1  2  0 -1 -1 -1  0   13  11   2   7   1   3   8   6   1   6   7   4   1   2  11   5   3   1   2   7  0.09 0.06
  165 I    1  0  0  1 -1  0  1 -1 -1 -1 -1 -1 -1 -1  2  0  0  1  1  0   12   6   3   7   1   2  13   4   1   3   6   2   1   1   9   8   5   3   7   6  0.10 0.08
  166 G    0 -1 -1  2 -2  0  0  0 -1 -1 -1 -1  0  1  2  0  0 -1  2 -1    6   3   2  13   1   3   6   9   1   2   5   3   3   9  10   8   5   0   7   4  0.11 0.08
  167 G    0  0  0  0 -1  0  0  0  1 -1 -1  0 -1  1  1  0  0  1  2 -1   11   5   4   7   1   3   5   5   4   5   7   4   1   7   8   5   4   2   9   3  0.06 0.05
  168 D    0 -1  0  2  0  0  0 -1  0 -1 -2 -1 -1 -1  1  0  1 -1  3 -2    7   4   3  16   2   4   7   4   2   3   4   2   1   2   7   7   9   1  13   2  0.16 0.12
  169 R   -1  1  0 -1 -2  0 -1  0  2 -1 -2 -1 -2  0  0  0  1  0  4 -2    4  10   4   3   1   5   3   8   4   3   4   3   1   3   5   7  12   1  17   2  0.19 0.15
  170 E    0  0  0  2 -2  0  0  1  0 -1 -1 -1 -1  1  1  0  0 -1  0 -1    7   4   3  12   1   6   6  10   2   3   6   3   1   7   8   6   7   1   4   4  0.07 0.06
  171 I    0  0  1  1 -1  0  0 -1 -1 -1  0 -1 -1  0 -1  0  0 -1  1  0   10   6   6  12   1   4   5   5   1   4  12   2   1   5   3   5   5   1   7   5  0.03 0.04
  172 G    0  0  1  3 -5 -1 -1  2  2 -1 -2 -1  2 -1 -1  0  0 -5  1 -2    7   5   6  14   0   3   4  13   5   3   4   4   5   3   3   7   6   0   4   3  0.18 0.15
  173 F   -2 -2 -1 -1  3 -1 -2 -2  1 -1  0 -2  1  2 -2 -1  1  2  2  2    4   3   3   3   5   3   3   3   3   4   9   3   3   8   3   5  10   3   7  16  0.19 0.14
  174 V    0 -2 -2 -2  0 -1 -1 -1  0  1  1  0  1  3 -2 -1  0  2  0  0   10   2   2   3   2   3   4   4   2   8  16   5   3  12   2   4   5   3   3   8  0.15 0.10
  175 A    2 -2  0  2 -6  0  2  1  1 -2 -3 -1  0 -6 -3  0  1  3 -1 -3   18   2   4  11   0   5  12   9   3   3   3   3   2   0   2   7   8   4   2   2  0.28 0.24
  176 R    1  2  0 -1 -1  1 -1 -1  1  0  0  0  1 -3 -2  0 -1  3  1 -1   15  13   4   4   1   6   2   4   3   5   9   5   4   0   2   7   4   4   5   3  0.13 0.16
  177 V    1 -1 -3 -2  0 -1 -3 -2 -1  1  2 -4  1  2 -2 -2  0  0 -1  2   10   4   1   2   2   3   2   2   1   7  21   0   3  10   2   3   5   2   2  18  0.25 0.21
  178 K    0  1 -1  0 -3 -1  1  0 -1  0  0  0 -1  1 -2  0  1  1 -1  0   10   9   3   5   0   2  12   6   1   6   9   5   1   6   1   6   8   2   1   5  0.06 0.09
  179 E    1 -2 -2  4 -2 -1  2 -1 -1 -1 -2 -2 -1  0 -2  0 -1 -1  1 -1   11   2   2  24   1   3  13   6   1   3   4   1   2   5   2   7   3   1   5   4  0.29 0.27
  180 V    1 -2 -2 -1 -3 -2 -3 -3  0  1  2 -2  1  2 -3 -1 -1  2  0  3   12   2   2   3   0   1   2   2   3   7  17   2   3  10   1   4   4   3   2  18  0.24 0.20
  181 Y    0 -1 -2  0  0 -1 -2 -3 -1  2  1 -2  0  3 -3 -1 -1 -3  3  1    7   3   2   5   2   2   2   1   1  12  16   2   2  13   1   3   3   0  11  11  0.25 0.21
  182 G    2 -1  0  2 -2  1  1  1 -2 -2 -2  0 -2 -4 -3  1  1 -4 -2 -2   19   4   5  11   1   5   8  11   1   3   4   7   1   0   1   8   8   0   1   2  0.21 0.21
  183 L    1 -1 -1  1 -2  1  1 -1  0 -1  1 -1 -2  1 -1  0 -1  0 -1 -1   16   2   2   9   1   5   9   4   2   3  18   3   0   6   2   6   2   1   1   5  0.10 0.14
  184 I   -1 -2 -3 -2 -3 -2 -3 -1 -1  3  3 -2  1  0 -2 -2 -1  0 -3  1    5   2   1   2   0   1   1   5   1  17  33   2   4   4   2   3   3   1   1   9  0.40 0.26
  185 Q    0  0  0  1 -2  1  0  0  1  0  0  0  0 -1  0  0  0 -3 -1  0    9   5   5   9   0   8   7   7   4   5   7   5   3   2   3   4   5   0   1   9  0.05 0.06
  186 E    0 -1 -1  3 -4  0  3 -2  1 -1  1 -2 -1 -3 -2 -1 -1  0 -3 -1    7   3   2  20   0   4  17   2   3   4  17   2   1   1   2   5   3   1   1   5  0.28 0.25
  187 K   -1  3 -1  1 -1  1  0  0 -2 -2  0  2 -1 -2 -1 -1 -1 -1 -1 -1    5  18   2   8   1   5   7   9   1   2   8  15   2   1   3   3   4   1   2   4  0.20 0.18
  188 G   -1  1  0  0 -3  0 -2  3  0 -3 -1  1 -2  2 -1 -1 -1 -1  1 -1    6   7   3   4   0   4   2  22   2   1   8  11   0   8   3   3   3   1   5   5  0.18 0.17
  189 V    0 -2 -3 -2 -1 -2 -2 -2  0  2  1 -2  0  3 -2 -2 -1  0  2  3    9   3   1   2   1   2   2   2   3  11  11   2   2  14   2   3   4   1   6  18  0.26 0.19
  190 F    0  0  0  0  2 -1  0  0  1  0 -1  0  1  0  0  0  0 -2  1  0    6   6   5   6   5   0   6   6   5   6   6   6   5   5   6   6   6   0   5   6  0.03 0.07
  191 W   -1  0  0  0  2  0  0 -1  2  0 -1  0  2  1  0 -1  0  4  1 -1    5   5   5   5   5   5   5   5   5   5   5   5   5   5   5   5   5   5   5   5  0.09 0.08
  192 A    1  0  0  0  1 -4 -1  0  1  0 -1 -1  0  0 -1  0  0 -5  1  1   14   6   4   5   3   0   4   7   3   4   6   4   3   3   4   7   6   0   6  12  0.09 0.09
  193 F   -1 -2 -2 -2  1 -2 -2 -2  1 -2  0 -2  1  5 -2 -1 -1  1  3  0    5   2   2   2   3   2   3   4   3   2  10   3   3  25   3   5   5   2   8   7  0.47 0.28
  194 D    0  0  0  0  2  0  0  0  1  0 -1  0  1  0  1  0  0 -3 -1  0    6   6   5   6   5   5   6   6   5   6   6   6   5   5   6   6   6   0   0   6  0.03 0.07
  195 Q   -1  0  0  0 -3  0  0 -1  1  0 -1  0  1  0  0  0  0  3  1  0    5   5   5   5   0   5   5   5   5   5   5   5   5   5   5   5   5   5   5   5  0.06 0.08
  196 M   -2 -1 -1 -2  1 -1 -2  1  1  0  2 -2  2  1 -2 -1 -1  3  4 -1    3   3   3   3   3   3   3  10   3   5  18   3   4   6   3   4   4   4  12   4  0.22 0.16
  197 I    2 -2 -3 -1 -3 -1 -2  0  1  0  0 -3  1  1 -1  0  0  1  0  2   20   2   0   3   0   2   2   7   3   5   8   1   3   6   3   7   6   2   3  14  0.14 0.17
  198 E    1  0 -1  1 -4  2  2  1  0 -1 -1 -1  0 -2  0  0 -2  3 -1 -2   10   4   2   9   0   9  14  13   2   3   6   2   3   2   6   5   2   4   2   2  0.17 0.18
  199 T   -1 -1  0  1 -3  0 -1 -1 -1  0 -1 -1  1  0  1  0  3  1  0  0    5   4   3   9   0   4   3   4   2   6   6   3   3   3   6   8  18   2   3   6  0.11 0.14
  200 G   -1 -1 -3 -1 -3 -1 -2  3 -1  1 -1 -2  0  0 -2 -2 -1  1  2  1    6   4   1   4   0   2   3  28   2   9   7   2   2   4   2   2   3   2   7  10  0.24 0.19
  201 D    1 -1  0  1  0  1  0  3  1 -3 -2 -1 -2 -2 -2 -1 -1 -1 -1  0   14   4   3   8   2   7   7  25   4   1   4   2   0   2   2   4   4   1   2   6  0.21 0.18
  202 L    1 -1 -2 -3 -2 -1 -2 -1  0  1  2 -2  2  2 -2 -1 -1  0  1  2   11   3   2   1   0   2   2   4   2   8  19   2   6   9   1   5   4   1   4  14  0.13 0.12
  203 P    0  0  0  0 -3  0  0  0  2  0 -1  0 -1  0  0  0  0  3  1  0    6   6   5   6   0   5   6   6   5   6   6   6   0   5   6   6   6   5   5   6  0.06 0.08
  204 Y   -1  0  0 -2  2  0  0 -1  2  0 -1  0  1  0  0  0  0  3  1  0    5   5   5   0   5   5   5   5   5   5   5   5   5   5   5   5   5   5   5   5  0.07 0.11
  205 E    4  0 -6 -6  0  1  0  0  0 -3 -3 -2  0 -2  0 -1 -1  5  1 -1   28   6   0   0   2   6   6   8   2   2   3   2   2   2   5   5   4   7   4   4  0.44 0.33
  206 E    2 -1 -2  0 -1 -1  3 -1  0 -2  0 -2  2  2 -3  0 -2  1 -1 -1   15   4   2   5   2   3  19   4   2   2   9   2   4   8   2   7   3   2   2   4  0.22 0.20
  207 I    1  1  0 -2  0 -1  0 -2  1  0  1 -1  0  1  0 -1  0  2  0 -1   12   8   4   2   2   2   6   3   3   6  15   3   2   5   5   5   7   3   3   4  0.08 0.08
  208 I    1  0  0  0  1  0 -1 -2  2  0  1 -1  1  0 -1 -1 -1  2  1  0   11   5   5   5   3   4   4   3   5   5  14   4   3   4   3   4   3   3   4   7  0.05 0.05
  209 K    0  1  0  1 -5  1 -1 -1  1 -1  0  0  1 -1  2 -1 -1  2  0 -1    7   7   4   8   0   6   4   6   3   3   9   5   4   3   9   5   4   3   4   4  0.08 0.09
  210 L    1  0 -1  1 -5  1  0 -1  3  0  0 -2  1  1 -2 -1 -2  1  3 -1   12   5   3   7   0   5   7   4   8   5  10   2   3   5   2   4   3   2   8   5  0.16 0.14
  211 Q   -1  3 -2 -1  0  2  0 -2  2 -1 -1  1 -1  1  2 -2 -2  1  2 -2    6  17   2   4   2   8   5   4   4   3   5   7   2   5  10   3   2   2   6   3  0.25 0.21
  212 N    1 -1  0  0 -4  0  0  0  3  1 -1 -1  0 -1  3 -1 -1  0  1  0   12   2   4   5   0   4   5   7   8   8   6   2   2   3  13   5   2   2   5   6  0.14 0.15
  213 S    1  1  0  0 -3 -1  1  1  1 -1 -1 -1 -1 -2  1  1 -1 -1 -1 -1   14  10   4   4   0   2   9  10   4   3   6   3   1   2   7  11   3   1   2   4  0.11 0.13
  214 K    0  2 -1  0 -1  0  0 -1  0  0  0  1 -1 -2  1 -1 -1  0 -1  0    8  14   2   5   1   3   5   5   2   4  12   9   1   2   8   5   3   1   2   9  0.08 0.10
  215 R   -1  3  1 -1 -3  0 -1 -1 -1  1  0  0 -2 -2 -1  0  0 -4 -1  2    5  16   6   3   0   5   4   5   1   7   9   4   0   2   3   6   5   0   2  17  0.16 0.16
  216 R    0  1  0  0 -2  0  0  0  1  0 -1  0  0  0  0  0  0 -2  0  0   10   9   4   6   0   4   6   9   4   6   4   6   3   4   4   6   4   0   3   7  0.04 0.04
  217 S    1  0  1  0 -2  0 -2  1 -2  0  0  0  0  0  1  0  0  2 -2  0   12   5   6   6   0   4   1  11   0   6   7   4   3   4   6   8   4   3   0   9  0.06 0.09
  218 F    0  0  0 -1 -2  0  0  0  0  0  0  0  1  1 -1 -1  0  1  0  1    7   6   4   3   0   3   5   7   3   5  11   5   3   7   2   2   4   2   3  16  0.02 0.06
  219 K    0  1  1  0  0  0  0  0 -2 -1 -1  1  0 -2 -1  0  0  2  1  0    5  10   7   4   2   3   5   6   0   5   5  11   3   0   2   8   7   3   7   6  0.07 0.11
  220 A    1  0 -1 -1  1  0 -1 -1  0  0  1 -2  0  0  1  0  0 -3 -1  1   15   6   3   4   3   4   2   5   2   7  14   0   3   3   9   5   5   0   2   9  0.06 0.10
  221 I    0  0  0  0  2  0  0 -1  1  0 -1  0  1  0  0  0  0 -2  1  0    5   5   5   5   5   5   5   5   5   5   5   5   5   5   5   5   5   0   5   5  0.03 0.05
  222 E    0  0  0  0  2  0  0  0 -2  0  0 -1  1  0  1  0  0 -2  1  0    6   6   6   6   6   6   6   6   0   6   6   0   6   6   6   6   6   0   6   6  0.03 0.09
  223 L    0  0  1 -1  1  0  0  0 -2  0  1  0  0  0  2  0  0 -2  1  0    5   5   8   3   3   4   5   7   0   5  14   5   3   3  10   4   4   0   6   4  0.05 0.08
  224 G   -1  0  0  0 -3  0  0 -1  1  0 -1  0  1  0  0  0  0  3  1  0    5   5   5   5   0   5   5   5   5   5   5   5   5   5   5   5   5   5   5   5  0.06 0.08
  225 S    0  0  0  0  2  0  0  0 -2  0  0 -1  1  0  1  0  0 -2  1  0    6   6   6   6   6   6   6   6   0   6   6   0   6   6   6   6   6   0   6   6  0.03 0.09
  226 E    1  0  0  2 -3  2  2  0  1 -2 -1 -1  1  0 -1  0 -1 -3 -1 -2   13   5   3  11   0  13  14   6   3   2   4   0   4   4   3   5   3   0   2   3  0.16 0.21
  227 E    0  0  0  0 -3  0  0  0  2  0 -1  0 -1  0  0  0  0  3  1  0    6   6   5   6   0   5   6   6   5   6   6   6   0   5   6   6   6   5   5   6  0.06 0.08
  228 T    0  0 -2  0  2  0  0 -1  2  0 -1 -2  1  1  0  0  0  3  1  0    6   6   0   6   5   5   6   6   5   6   6   0   5   5   6   6   6   5   5   6  0.07 0.13
  229 A    3  0 -1 -2  1 -1 -1  2 -1 -2 -2 -2 -1 -1  0  0  0  0 -2 -1   31   4   3   2   2   2   3  13   1   3   4   2   1   2   4   6   6   2   1   5  0.26 0.23
  230 R    1  2  0  1 -3  1  0  0  1 -2 -2  1 -2 -2  1  0  0 -3 -1 -1   15  12   4   9   0   8   4   7   3   2   4   6   0   2   7   6   4   0   2   4  0.14 0.15
  231 V    1 -1 -1  0 -2  0 -1 -2  1  1  0  0  1  0  0  0  0  1 -1  1   12   2   3   4   0   5   3   2   4   8  10   5   4   3   4   5   5   2   2  14  0.05 0.08
  232 L   -1 -1 -4 -2 -3 -1 -4 -2 -4  3  2 -3  2  1 -1 -3  0  4  0  2    5   3   0   3   0   3   0   3   0  16  24   0   5   5   3   1   6   5   4  14  0.33 0.26
  233 G    1  0  0  1  0  0  0  2  0 -1 -1 -1  0 -1 -1  0  0  2 -2 -1   12   5   5   7   2   3   6  16   3   4   7   3   2   3   3   5   5   3   0   5  0.06 0.08
  234 Q    1  2  0  0 -3  2  1  0  1 -2 -1  1 -2 -1 -1  0 -1  2 -1 -2   11  11   5   6   0  10   9   6   3   2   5   9   0   3   3   4   4   4   2   2  0.14 0.15
  235 V   -1  1 -1 -2 -1 -3 -2 -1 -1  1  1 -1  1  3  1 -2 -1  1  0  1    4   8   4   2   1   0   2   5   1   7  17   3   3  16   8   2   2   2   3   8  0.17 0.17
  236 I   -1 -1 -3 -4 -1 -1 -1 -1  0  2  2 -3  1  0  0 -1  0  2  0  2    3   4   0   0   1   3   4   5   3  15  20   0   4   3   4   3   7   4   3  14  0.19 0.19
  237 D    0  0  1  3 -4  1  1  0  1 -2 -1  0 -3 -4 -1  0  0 -4 -3 -1    8   6   6  20   0   7  10   7   4   3   6   4   0   0   3   6   6   0   0   4  0.21 0.20
  238 T    2  1  1  0 -3  1  0 -1  1 -1 -1  0  0 -1 -1  1  1 -3 -1 -1   21   6   7   4   0   7   4   3   4   3   7   6   3   2   3   8   8   0   2   3  0.12 0.16
  239 L   -1  0  0  0 -3  0  0 -1  1  0 -1  0  1  0  0  0  0  3  1  0    5   5   5   5   0   5   5   5   5   5   5   5   5   5   5   5   5   5   5   5  0.06 0.08
  240 G    0  0  1  0  0  0  0  2  1 -1 -2 -1 -2  0  0  0 -1  2  0 -1    9   7   7   5   3   3   6  20   3   3   3   3   0   5   4   5   4   3   3   4  0.12 0.14
  241 L   -1 -2 -1 -2 -3 -2 -1 -1 -1  1  3 -2  0  0 -1 -2  0  4 -1  1    5   2   4   3   0   2   4   5   1   9  32   3   2   3   3   3   5   5   1  10  0.24 0.23
  242 A    1  0  0  2  1  0  1 -1  0 -1 -1  0 -2 -1  1  0  0  2 -2 -1   17   6   4  12   3   4   7   5   3   3   4   6   0   3   6   7   6   3   0   3  0.10 0.14
  243 P    0  0  0  0  2  0  0  0  1  0 -1  0 -1  0  1  0  0 -2  1  0    6   6   5   6   5   5   6   6   5   6   6   6   0   5   6   6   6   0   5   6  0.03 0.06
  244 V    0 -2 -4 -4 -1 -2 -1 -2  0  0  0 -3  1  2  0 -2  0  1  5  2    8   2   0   0   1   2   4   3   2   6   8   0   3   7   6   3   6   1  19  17  0.31 0.28
  245 H    1 -1  0  1 -3  0  0 -1  4 -2 -2 -1 -1  1  1  0  0  0  1 -1   14   3   5   7   0   4   4   5  12   2   2   3   1   7   8   7   7   1   5   4  0.17 0.19
  246 L    0 -2 -2 -2 -3 -2 -1 -2 -4  1  3 -2  2  1 -2 -3 -1  2 -1  1    7   2   2   3   0   2   3   2   0   8  36   3   4   5   2   1   4   3   2  11  0.32 0.26
  247 V    1 -2 -2 -2  1 -1 -2 -2 -3  0 -1 -1  1  0  1 -2 -2  0  4  3   11   2   2   2   3   2   3   4   0   5   4   3   4   4   8   2   2   1  16  22  0.28 0.27
  248 L    1  0 -3 -2 -1 -2 -2  0 -2  1  2 -2  2  0 -2 -1 -1  2  0  2   11   7   0   2   1   1   2   8   1   9  18   2   5   5   2   3   2   3   2  17  0.16 0.16
  249 H   -1  1  0 -2 -2  3 -1 -2  5 -2  0 -1  1  2 -2 -1 -1 -3  1 -1    6   6   4   2   1  14   3   3  18   2   9   2   3   8   2   5   4   0   4   4  0.31 0.27
  250 D   -3 -3  1  6 -5  1  1 -1 -4 -3 -4 -2 -1 -3  0 -1  1 -5 -5 -3    2   2   5  46   0   5   7   4   0   1   2   2   1   2   5   5   7   0   0   2  0.87 0.53
  251 S   -1 -1 -1 -2 -2 -2 -1 -1 -3  0 -1 -2  0  2 -1  1  1  5  4  0    5   2   3   1   1   1   4   5   0   5   6   2   2   9   3  14  11   7  14   5  0.26 0.24
  252 A    2 -2 -2 -2 -4 -4 -3  5 -1 -4 -2 -2 -2 -2  0 -1 -2  3 -4 -2   16   2   2   2   0   0   2  43   2   1   4   2   1   2   5   5   2   5   0   3  0.72 0.45
  253 L    1 -1  0 -2 -3 -1 -2  3 -3 -1  1 -3  0  0 -1  0 -1 -4 -3 -2   14   4   4   2   0   2   3  27   0   3  18   1   2   5   3   6   3   0   0   3  0.29 0.25
  254 G    2 -2 -2 -2 -2  0 -2  1 -1 -3 -3 -3 -1 -1  6 -1 -2 -2 -2 -2   14   2   2   2   1   4   3  12   1   2   3   1   2   3  37   5   2   1   2   3  0.73 0.47
  255 L   -1 -1 -3 -2 -2 -2 -2 -2 -2  3  1 -2  1  0 -1 -2  1  0  0  3    5   3   1   2   1   1   3   3   1  19  10   2   3   3   3   3   8   1   3  26  0.30 0.23
  256 A    2  0 -3 -2 -2  0  0  4 -3 -1 -2  0 -3  0 -1 -1 -1  1 -1 -1   15   5   1   2   1   4   5  32   0   4   5   5   0   4   4   4   3   2   2   4  0.33 0.26
  257 S    1  0 -1  0 -1  0  0 -1 -3 -1  1 -1  0  2 -3  0 -1  3  0 -1   16   6   2   6   1   4   5   4   0   3  18   2   2   9   1   7   3   5   3   2  0.13 0.16
  258 N    1  3  2  0 -4  0  0  0  2 -1 -2 -1 -1 -2 -1 -1 -1 -2  2 -2   13  19  10   6   0   5   5   6   5   4   3   3   1   1   2   4   2   0   7   2  0.22 0.22
  259 W   -1 -2 -5 -5  0 -4 -3 -4 -3 -1  3 -3  1  4 -2 -3 -3  8  1 -1    5   3   0   1   2   0   2   1   1   3  24   1   3  16   3   2   2  22   5   4  0.91 0.50
  260 V    4 -1 -1 -2  0 -1 -1 -2  0 -1  0 -1  0 -1 -1  0  0 -1 -3  1   38   3   3   2   2   3   3   3   2   3   8   3   2   3   3   5   4   1   0   9  0.30 0.28
  261 S    1  2 -1  0 -3  0 -1 -1 -1  0  1  0  0 -2 -1  1  0 -2 -2 -1   13  13   2   5   0   3   3   3   2   4  18   5   2   2   2  12   5   1   1   4  0.10 0.14
  262 E    2  1 -1  1 -3  0  2 -1 -1 -3 -1  1 -1 -1 -1  0 -1  1  1 -2   17   9   3   8   0   4  15   4   1   1   6   8   1   3   2   5   4   2   5   2  0.15 0.18
  263 N   -1  1  4 -1 -4 -1 -1 -1  5 -1  0 -1 -2  0 -4  0 -1 -2  0 -2    5   9  21   2   0   2   3   4  17   3   8   4   1   4   1   6   4   0   3   3  0.40 0.31
  264 W   -2  0 -4 -2 -5 -3 -2  0 -2 -3 -3 -3 -5 -1  6 -1 -2  6 -2 -3    3   5   1   2   0   1   3   7   1   2   3   1   0   3  45   5   3  12   1   2  1.17 0.66
  265 Q    0  1 -1  3 -2  1  3  0  0 -2 -2  0  0 -1 -2 -1 -1  0 -2 -2    7   6   1  18   1   6  23   6   2   2   3   5   2   3   2   4   3   2   1   3  0.32 0.27
  266 S    1  3 -2  0 -3  0  0 -1 -1 -2  0  1 -1  1 -1  0 -2 -1 -1 -1   14  21   2   5   0   4   5   4   1   2   8  10   1   6   2   5   2   1   2   4  0.20 0.20
  267 V   -1 -1 -4 -2 -2 -2 -3 -3 -2  3  1 -3 -1  1 -2 -2 -1  2  0  4    5   3   1   2   1   2   2   2   1  14  11   1   1   6   2   3   4   2   4  34  0.42 0.29
  268 R    0  4  0  0 -3  1  1 -3  0 -2 -1  0 -1  0 -2  0  0 -3 -2 -2    9  28   4   6   0   5   7   2   2   3   7   5   1   4   2   6   7   0   1   2  0.30 0.25
  269 S    2  2  0  0 -3 -1 -1  1 -1 -3 -3  0 -3 -3 -1  3  0 -2 -1 -2   17  14   4   4   0   2   2  11   1   2   2   6   0   1   3  20   4   1   2   2  0.28 0.24
  270 V   -2 -1 -3 -2 -3 -2 -2 -2 -3  2  3 -1  2  2 -2 -2 -1 -1  0  1    3   3   1   2   0   2   3   3   0  10  32   3   4   9   2   2   3   1   3  11  0.28 0.20
  271 T    0 -2 -2 -2  0 -1 -1 -2 -1  2  0 -1 -1 -1 -1  0  3  1 -1  2    7   2   2   2   2   2   3   2   2  13   7   3   1   2   3   8  19   2   2  17  0.19 0.19
  272 L    0 -2 -2 -2 -1  1 -1 -2 -2  2  3 -1 -1  0 -1 -1  0  0 -1  1    6   2   2   2   1   6   3   2   1  13  26   3   1   5   2   5   7   1   1  11  0.19 0.17
  273 I    1 -1 -2 -1 -1  2 -1 -2 -2  1  1 -1  1 -1 -1  0  0  0 -2  1   11   3   2   3   1  12   3   3   0  11  15   4   3   3   3   6   4   1   1  11  0.10 0.13
  274 D   -2 -1  5  5 -2 -1  0 -1 -3 -3 -4 -2 -3 -2 -2  0 -1 -4 -1 -2    3   3  26  30   1   3   6   4   0   2   2   2   1   2   2   5   3   0   2   3  0.71 0.43
  275 S    3 -1 -2 -1  0 -2 -1  1 -2 -2 -3 -2 -3 -3  0  2  3 -4  0 -1   21   3   1   4   2   2   3  12   1   3   2   2   0   1   4  14  19   0   4   4  0.33 0.30
  276 S    1 -1  2  0 -3 -1 -1  0 -2  0  0 -1 -1 -1  1  0  1  1 -1  1   13   3  10   4   0   2   3   8   0   4   8   2   2   3   6   6  10   2   2  12  0.08 0.12
  277 I    2 -1 -2  0  0 -1  0 -1  0 -1  0 -1 -1  1  3  0  0  0 -1  0   19   4   1   5   2   2   5   5   2   3  10   4   1   7  13   5   5   1   2   5  0.13 0.14
  278 S    1  1  0  0 -3 -1  0  0  0 -2 -1  1 -1  0  1  0  0  0  1 -1   11  10   4   4   0   2   5   9   2   2   5   9   1   6   8   6   5   2   5   4  0.08 0.09
  279 P   -1  0 -1  1 -4 -1  0  1 -3 -3 -2 -1 -2 -3  5 -1  0  0 -2 -2    4   4   3   8   0   2   6  10   1   1   4   4   1   1  33   5   6   1   2   4  0.55 0.38
  280 A    2  0 -2 -1 -3  0  0 -1 -1  0  0 -1  0 -2  3  1 -1  0 -2 -1   21   5   1   3   0   3   5   5   2   5   9   3   2   2  13  10   3   1   1   5  0.17 0.19
  281 L   -1  1 -2 -3 -4 -1 -2 -1 -3 -2  2 -1  1  3 -2 -2 -1  8  0 -2    6   7   2   2   0   3   2   5   1   2  17   3   4  13   2   3   4  20   3   3  0.62 0.38
  282 P    1 -1 -3  0 -3  0 -2 -2 -3 -1 -1  1 -1 -1  5 -1 -1 -2  0 -1   10   4   1   5   0   4   3   4   1   3   6   8   1   2  31   4   4   1   4   5  0.48 0.33
  283 L    1 -1 -1 -1 -1  0 -1 -2 -1  1  1 -1  2  0 -1 -1 -1  1  2  1   11   4   2   4   1   4   4   3   1  11  13   4   6   5   3   4   4   2   8   9  0.07 0.09
  284 W    2  2 -3 -2 -2  0 -2 -1 -2 -3 -1  0  1 -1 -2 -1 -3  9  0 -4   14  10   1   3   1   5   3   6   1   1   6   5   3   2   3   4   2  26   3   1  0.83 0.48
  285 V    1 -1 -1 -1 -3  2 -1 -1 -1  0  1 -1  1  0  2  0 -1  0  0  0   14   3   2   3   0  10   4   4   1   4  14   2   3   5  10   5   4   1   3   7  0.10 0.13
  286 L    0  0 -1 -1  0 -1  0 -3 -1 -1  2 -1  1  3 -2 -1  0  3  2 -1    8   4   2   4   2   2   6   1   1   3  20   3   4  12   2   4   6   4   8   4  0.16 0.16
  287 N    0  1  0  0 -3  1  1  2 -1 -2 -2  0 -2 -1  1  0  0  0 -2 -2    6   9   5   6   0   6  12  17   1   2   4   4   1   3   8   4   7   1   1   2  0.16 0.16
  288 V    1  1 -1 -1 -3 -1  0 -1  1  0  0  0  0 -1 -1  1  1 -1 -2  1   10   7   2   4   0   2   5   4   4   4  11   5   3   3   2  13  10   1   1   9  0.07 0.11
  289 P    0 -1 -2  0 -5  0 -1 -2 -2 -2 -2 -1 -2 -4  7 -2 -2 -5 -4 -3    8   4   2   6   0   4   4   3   1   2   4   3   1   1  48   3   3   0   1   2  1.02 0.60
  290 G    1 -1 -1  0 -3 -1  0  1 -1  0  1 -1  1  1 -2 -1 -1 -1 -1  2   12   3   2   4   0   2   7  11   1   5  14   2   3   8   2   3   3   1   1  15  0.08 0.12
  291 I    0  0  0  0 -2 -1 -1 -1 -1  1  1 -1  1 -1  1  0  0  1 -2  2    7   5   4   5   0   2   2   5   1   7  17   2   4   3   6   5   6   2   1  17  0.08 0.11
  292 R    0  4  1  0 -4  0  1  2 -1 -3 -3  0 -4 -4  0 -1 -2  2 -3 -3    7  22   5   6   0   4   7  17   1   1   2   6   0   0   5   5   2   3   1   2  0.37 0.29
  293 E    0  2 -1  2 -3  1  4 -3  0 -4 -3  0 -2 -2  0 -1 -2  0 -3 -3    7   9   2  11   1   7  29   2   2   1   3   6   1   2   6   5   2   1   1   2  0.44 0.34
  294 I    1  0 -1 -1  1  0  0 -1  1  1  1 -1  2  0 -1 -1 -1  2  0  1   13   5   3   3   3   4   5   4   3   7  12   4   6   4   3   3   4   3   3   9  0.07 0.07
  295 L    1  0 -1 -1  1 -1 -1 -2  0  0  1  0  1  0  0 -1  0  2  1  1   12   5   3   3   3   3   4   3   3   5  12   5   3   4   4   5   6   2   4  11  0.04 0.05
  296 L    1  1 -2 -1 -1 -1 -2 -4 -1  0  3 -1  2 -2 -2 -1  1 -2 -1 -1   10   7   2   4   1   3   3   2   1   6  27   5   4   1   2   4  10   1   2   4  0.27 0.20
  297 A    2  3 -1  0 -3  1 -1  1  3 -3 -3  0 -3 -3 -2 -1 -1 -1 -2 -2   18  13   3   5   1   7   4  12   7   2   3   7   1   1   3   5   4   1   2   3  0.29 0.24
  298 F    0 -2 -2  0  0 -1  0 -1 -2 -1  0 -3 -1  3 -1  0 -1  5  2  0    8   3   2   6   2   2   6   4   1   3  11   2   2  13   4   9   3   8   6   6  0.26 0.20
  299 S    0  0  1  1 -6  1  1 -1 -3 -3 -3 -2 -3 -3  3  1  1 -2 -3 -3    9   5   7   9   0   7   9   6   1   2   3   2   1   1  17  10   8   1   1   2  0.33 0.30
  300 F    2 -1 -3 -1 -5 -3 -1 -1 -1  1  2 -3 -1  3 -1 -1  1  1  1 -1   14   4   1   4   0   1   4   4   1   7  16   1   1  13   4   4   8   2   5   4  0.24 0.19
  301 G    1  0 -1 -1 -2 -1 -1 -1  0  0  1  0  1  0  0 -1  0  0 -1  0   15   4   3   4   1   2   5   4   2   5  16   5   4   5   5   5   6   1   2   7  0.07 0.07
  302 F   -1  0 -3 -2 -6 -2 -2 -2  2 -1 -1 -2  0  5 -1 -1  0  4  3  0    5   6   1   3   0   2   3   3   5   4   6   2   2  21   4   5   5   6   9   8  0.47 0.30
  303 E    1  3  0  1 -6  3  1 -1 -1 -3 -2 -1 -3 -3  0 -1  0 -1 -2 -2   13  13   4   8   0  13   9   5   2   1   4   3   1   1   5   5   7   1   1   3  0.27 0.25
  304 K   -1  3 -2 -1 -2  0 -1  1 -1 -2 -1  1 -2 -1 -3 -2  0  6  4 -3    5  14   2   3   1   4   4  10   2   2   7   8   1   3   2   3   5   9  11   2  0.37 0.27
  305 L   -1 -1 -2 -2 -5  0 -1 -3 -1  0  3 -3  2  1 -3 -3  2  1 -1  1    6   4   2   2   0   4   5   2   2   6  27   2   5   5   2   2  10   2   2   8  0.31 0.22
  306 V    0  0 -1 -1 -5  0 -1 -4  2  1  2 -2  2 -2 -3 -1  0 -1  0  2    7   5   3   4   0   4   5   2   4   8  20   2   4   1   2   5   5   1   4  14  0.21 0.15
  307 S   -1  3  0 -1 -7  1  1  3  0 -3 -3  0 -3 -3  0 -1 -2  0  1 -3    6  15   4   3   0   6   8  23   2   2   3   5   1   1   5   4   3   1   5   2  0.37 0.29
  308 F    0  0 -3 -3 -1  0 -2  0 -1 -2  1 -2  2  1 -2 -1  1  1  2  2    6   5   1   1   1   4   3   6   2   2  15   3   5   5   3   4   8   2   8  15  0.20 0.16
  309 R    3  0  0 -1  1  0 -1  2  0 -3 -3 -1 -3 -2  0  1 -1 -2  1 -2   22   5   4   3   3   4   4  13   3   2   3   4   1   2   6  10   4   1   4   3  0.23 0.21
  310 C   -1 -2  1  5  3 -3 -2  2  0 -1 -1 -4 -2 -2 -2  0 -1 -2  0 -1    4   3   5  25   5   1   3  17   2   3   6   1   1   2   2   6   4   1   3   5  0.46 0.31
  311 S    1  1 -3 -2 -4 -1 -2  0  0 -2 -1 -1 -2 -2  3  1  1 -6 -4  1   13   7   1   3   0   2   3   8   2   2   6   4   1   2  14  10   9   0   1  10  0.24 0.23
  312 K   -1  4 -2 -1 -7 -1  1 -4  2 -4 -3  2 -2 -2  2  2  0 -1  0 -5    6  20   2   4   0   3   8   2   4   1   3  10   1   2   9  13   7   1   4   1  0.43 0.35
  313 E   -1  3  0  1 -5 -1  0  1  2 -3 -1  0 -2 -3  0 -1  0 -1 -1 -1    5  17   5   7   0   3   6  12   6   1   5   6   1   1   5   4   7   1   2   5  0.19 0.19
  314 M   -2 -2 -3 -1 -5 -1 -2 -6 -2  4  2 -2  2  0  0 -3 -2 -5  0  3    3   2   1   4   0   3   3   0   1  20  19   2   6   5   5   2   2   0   3  20  0.47 0.32
  315 T    1 -2 -2  2 -6 -1  0  0 -2 -4 -5 -2 -5 -4  4  3  2 -6 -1 -3   10   2   2   9   0   3   5   8   1   1   1   2   0   1  20  19  12   0   2   2  0.51 0.44
  316 L    1 -1 -1  2 -5 -1  0  0 -1 -2  0 -1 -1 -2  4 -1  0 -1 -3 -2   12   4   3  10   0   3   6   6   1   2  10   3   1   1  21   5   5   1   1   3  0.29 0.27
  317 S    1 -2 -1  4 -5  0  3 -2 -2 -2  0 -1 -2 -3  0  0 -2 -6 -2 -3   11   2   3  20   0   4  20   3   1   3  10   3   1   1   4   7   3   0   1   2  0.37 0.33
  318 D    0  1  1  3 -2  0  2 -1 -1 -2 -1 -2 -2 -1 -1  0  0  1 -1  1    7   8   6  15   1   3  13   4   2   2   5   1   1   3   3   5   6   2   2   9  0.15 0.18
  319 I    1  0 -4 -4 -2 -2 -2 -4 -3  2  1 -2  0 -1  2 -2 -1  6  2  0   14   5   1   1   1   2   2   1   1  11  15   3   3   2  10   2   3   9   7   7  0.36 0.29
  320 D    1  1  0  3 -5  0  2 -1  0 -2 -3  0 -1 -3  0 -1  1  0 -1 -2   11   8   4  19   0   4  14   5   2   2   3   5   2   1   4   3   8   2   2   3  0.27 0.25
  321 A    2  0 -2  0 -1  0  0 -1  3  0  1 -2 -1 -2  0  0 -1 -1 -1 -1   22   5   1   6   1   4   6   5   7   5  13   1   1   2   4   5   4   1   2   4  0.14 0.18
  322 H   -2 -3 -3  3 -6 -1  0 -4  5 -2 -3 -4  0  0 -4 -2 -3  2  7 -3    3   1   1  17   0   2   6   2  12   3   3   1   3   4   1   3   2   2  31   2  0.97 0.59
  323 R   -1  4 -2  0 -5  3 -1 -3 -1  0  0 -1 -1 -1 -3 -2  0  2  2  0    6  23   2   5   0  11   4   2   1   6   8   2   2   2   2   2   5   3   7   6  0.32 0.29
  324 I    3 -1 -1  1 -1  0  0 -2 -1 -1 -1  0 -1  0  0 -1 -1  0  1 -1   28   4   2   9   1   4   6   2   2   4   6   5   2   4   4   4   4   2   5   3  0.19 0.22
  325 L    0 -2 -3 -3 -3  0 -4 -4  0 -1  3 -4  0  2  4 -3 -2 -1  2 -2    9   2   1   2   0   4   1   1   2   3  28   1   2   8  20   1   2   1   6   2  0.54 0.40
  326 L   -2 -4 -4 -3 -3 -3 -4 -6 -1  0  4 -5  4  3 -3 -3 -2  3  1  0    4   1   1   2   0   1   1   0   2   5  43   1   9  10   1   2   3   4   4   5  0.79 0.48
  327 K    1  3 -1  2 -2  1 -1 -2 -1 -3 -1  2 -2 -1  1  1 -1 -5 -4 -2   11  15   3  11   1   6   3   3   1   1   6  12   1   2   7  10   4   0   0   2  0.24 0.24
  328 G   -1  5  0  2 -3 -1 -1  1 -2 -4 -3 -1 -2 -4 -1  1  0  0 -1 -3    4  27   4  10   1   2   4  13   1   1   2   3   1   1   3  12   6   1   2   2  0.45 0.37
  329 R   -2  3  0 -1 -6 -1  0 -2 -2 -6 -2 -1 -6 -2  6  0 -3  0 -1 -3    4  14   4   3   0   3   7   3   1   0   4   4   0   2  36   7   1   1   2   2  0.80 0.56
  330 N    0  0  0  2 -5 -2  1  4 -2 -4 -4  0 -3 -6  0  0 -1 -3 -4 -3    9   5   4  12   0   2   8  33   1   1   2   5   1   0   5   5   3   0   1   2  0.51 0.38
  331 G    2  0  3 -1 -3  0  0  3 -1 -2 -4 -1 -2 -3 -1 -1 -1  1 -1 -2   16   6  15   3   1   4   7  19   1   3   1   4   1   1   3   3   4   2   3   3  0.31 0.27
  332 R    1  4  0  0 -5  1 -1  1  0 -1 -1  2 -1 -2 -3 -2 -1 -2 -1 -2   10  21   4   5   0   7   4   9   2   3   7  11   1   2   1   3   4   1   2   3  0.25 0.23
  333 E    1  4 -3  3 -6  1  2 -4 -3 -2 -2  0 -2 -4 -1 -2 -1 -1 -2 -2   11  22   1  14   0   6  14   1   1   3   4   5   1   1   3   3   5   1   1   3  0.44 0.36
  334 A    5 -3 -3 -3 -5 -2 -3  0 -3  3 -2 -5 -2 -3 -2  1 -2 -6 -4  0   41   2   1   2   0   2   2   7   1  15   3   0   1   1   2  11   2   0   1   6  0.71 0.50
  335 V    0 -2 -1 -3 -2  4 -3 -2 -3  1  2 -3  1  3 -1 -3 -1  2 -1  1    8   2   3   1   1  17   1   3   1   6  21   1   3  10   3   1   3   3   2  10  0.37 0.31
  336 V   -1  1 -5 -4 -3 -3 -4 -5 -2  1  4 -4  1  2 -2 -4 -1  2  1  2    6   7   1   1   0   1   1   1   1   6  37   1   3   9   2   1   3   2   4  11  0.57 0.38
  337 A    2  2  0  3 -5  1  1 -1 -2 -4 -2 -1 -4 -4  0  0 -1 -2 -3 -3   18  11   5  17   0   5  11   4   1   1   5   4   0   1   6   5   3   1   1   2  0.33 0.30
  338 S    1 -3 -1 -2 -2  0 -2 -3  0  0  2 -3  2  2 -3 -1  2 -1  1 -1   10   1   3   3   1   5   2   2   2   4  24   1   6   7   2   4  12   1   6   4  0.23 0.22
  339 L    1 -2 -4 -3 -5 -1 -5  0  0  1  1 -4  2  3  0 -3 -3  6  3  0   10   3   1   2   0   4   0   8   2   7  11   1   4  13   5   2   2  10   9   7  0.45 0.33
  340 N   -1  4 -2 -2 -6  1  0 -3 -1 -3  0  2 -2 -2  0 -2 -1 -2  2 -2    6  26   2   2   0   6   5   2   1   2   8  13   1   2   4   3   5   1   8   3  0.42 0.35
  341 K    1  1  2  3 -5  1 -1 -2 -2 -4 -2  1 -2 -2 -2  1 -1 -5  0 -3   14   9  11  16   0   6   4   3   1   1   4   8   1   2   2  10   4   0   3   2  0.29 0.27
  342 L    0 -2 -1 -3 -5 -2 -3 -4 -1  1  3 -5  3  1 -3 -4 -1 -2  5  0    8   3   4   2   0   2   1   1   2   8  27   0   6   5   2   1   3   1  18   6  0.53 0.37
  343 N   -1  1  3  1 -4  1  0 -1 -1 -1  0  0  1 -1  1 -1 -1 -2  0 -1    6   8  14   9   0   7   5   5   1   3   9   5   5   2   8   4   3   1   3   4  0.15 0.16
  344 H    1  2  0  0 -3  0  0 -2  1 -2 -1 -1 -2 -2  0  2  2 -3 -1 -1   11  12   5   5   1   4   6   3   4   2   7   3   1   1   4  14  11   0   2   4  0.15 0.18
  345 S    0  0  4 -1 -3 -1 -1 -2  0 -3 -3 -1 -3 -4  1  3  0 -1  1 -1    8   5  19   3   1   2   4   3   2   1   3   3   0   1   6  22   5   1   5   4  0.37 0.33
  346 F    1 -1 -3 -3 -3  0 -2 -2 -1  0  0 -1  0  3  2  0 -1  2  2  1   11   3   1   1   0   5   3   2   1   4   8   3   2  13  10   6   3   3   8  11  0.22 0.20
  347 D    1 -1  0  3 -3  0  1 -1  0 -2 -1 -1 -1 -2  1  0  1 -4 -2 -2   14   4   4  20   0   5   8   5   3   2   6   3   1   2   6   7   8   0   1   3  0.21 0.19
  348 I   -1 -1  0  1 -3 -1 -2 -3  0  0  3 -2  3  1 -2 -1  0  0  1  0    4   4   4   8   0   3   2   2   2   4  28   2   7   6   2   4   7   1   4   6  0.20 0.18
  349 A    2  2  0 -2 -3  0  0 -1  0 -2 -3  0 -3 -2  3  0  0 -1  3 -3   16  10   4   2   0   5   6   5   2   2   3   5   0   1  16   6   6   1   9   1  0.29 0.26
  350 Q    1  1 -2  0 -3  3  4 -3 -4 -2 -2  0 -4 -3  3 -1 -1 -5 -4 -2   11   7   1   4   0  11  24   2   0   2   3   5   0   1  15   4   4   0   1   3  0.47 0.38
  351 W    0 -2 -4 -4 -5 -1  0 -3 -1  1 -1 -2 -2  1 -3 -4 -3  9  3  0    9   3   1   1   0   3   7   2   2   8   7   2   1   5   2   1   2  30   8   6  1.05 0.58
  352 G    0  1 -2 -1 -4  3  1  1  1 -2 -2 -1 -1  3  0 -1 -1  0 -1 -2    9   8   1   3   0  14  11  11   4   2   3   3   1  13   5   4   3   2   1   3  0.22 0.22
  353 N    2  2 -1  0 -3  2  0  1  0 -1 -2  0 -2 -2 -1  0  0 -4 -2 -1   16  12   2   5   0  10   7  10   3   3   4   5   0   2   3   7   5   0   1   5  0.16 0.17
  354 S    1  1 -1 -1 -2 -1 -1  0 -1 -2  1  0 -2  0 -2  0  0  3  3 -2   15   9   2   3   1   2   4   8   2   2  14   5   0   3   2   7   5   5  11   2  0.15 0.17
  355 D   -1 -2 -1  1 -4 -1  1 -2  0 -2  3 -1 -1  3 -1 -2 -1  0  2 -2    5   2   2   9   0   2   8   4   2   1  25   3   1  14   3   3   3   1   8   2  0.26 0.23
  356 G    1  4  0 -1 -2  0  0  0  0 -2 -2  1 -3  0  0 -1 -1 -4 -1 -3   12  24   3   3   1   4   5   9   2   2   3   8   0   4   5   5   4   0   3   1  0.28 0.23
  357 I    0  1 -1  0 -3  1  1 -1 -1  0  1  0 -1  0 -1 -1  0  1  0  0    8   7   2   5   0   6  10   3   1   6  14   7   1   5   3   4   8   2   3   6  0.05 0.07
  358 N    0  2 -1 -1 -2 -1  0 -2  4  0 -1  1 -1 -1 -2  1  0  5  0 -1    7  10   3   3   1   2   6   2  10   5   7   8   1   2   2  11   6   7   2   4  0.19 0.18
  359 G   -1  3 -1  1 -2  4  0  1  0 -3 -4  2 -4 -3 -1 -1  0 -4 -3 -3    6  16   2   9   1  17   5   9   2   1   2  10   0   1   4   5   7   0   1   1  0.37 0.30
  360 I   -2 -1 -4 -4  0  0 -3 -3 -2  2  1  0  1 -1  4 -3 -1 -4 -2  3    4   4   1   1   2   4   1   2   1  10  12   6   3   2  19   1   4   0   1  20  0.40 0.29
  361 P   -4 -6 -5 -2 -2 -7 -4 -8 -8 -8 -8 -4 -8 -8  8 -4 -5 -8 -8 -8    2   0   1   2   1   0   1   0   0   0   0   1   0   0  88   1   1   0   0   0  3.05 1.49
  362 M    0 -4 -5 -6 -1 -3 -4 -4 -4  0  1 -1  3  3 -5 -3  4 -3 -4  3    8   1   0   0   1   1   1   1   0   6  15   4   6  10   0   2  26   0   0  18  0.62 0.46
  363 Q   -4 -1 -4 -4 -1  2 -5 -6 -2 -2  6 -3  1 -2 -2 -5 -1 -6 -6 -2    2   4   1   1   1   9   1   1   1   2  63   2   3   1   3   1   4   0   0   2  1.17 0.70
  364 V    2 -6 -6 -7  1 -4 -6 -6 -4  5  1 -4 -1  1 -6 -4 -1 -1 -3  4   17   0   0   0   3   1   0   0   0  28  12   1   1   5   0   1   4   1   1  24  0.85 0.52
  365 I    1 -5 -7 -7 -1 -2 -4 -5 -3  4  2 -6  1 -3 -5 -6 -2 -6 -4  5   10   1   0   0   1   2   1   1   1  20  21   0   3   1   1   0   2   0   1  35  0.95 0.56
  366 W   -3 -8 -6 -9 -8 -5 -8 -5 -1 -3 -4 -8 -7  3 -7 -4 -2 12  0 -6    3   0   0   0   0   1   0   1   2   2   2   0   0  11   0   2   3  70   2   1  3.56 1.55
  367 S    0 -7 -4 -6 -3 -6 -5  7 -7 -5 -5 -6 -3 -7 -5  2 -2 -7 -7 -4    7   0   1   0   1   0   1  69   0   1   1   0   1   0   1  13   3   0   0   2  1.78 0.93
  368 S    0  1 -1  3 -4  0  2 -2 -2 -2 -3  2  2 -2  0 -1  0 -5 -3 -1    8   8   3  16   0   3  12   3   1   2   3  15   6   2   4   5   6   0   1   4  0.28 0.27
  369 E    0  1  4  2 -5  0  1  2  3 -3 -3  0 -5 -5 -2  0 -3 -6 -1 -4    8   9  17  11   0   5   8  13   7   2   2   6   0   0   2   7   1   0   2   1  0.39 0.32
  370 A   -5 -7 -3  8 -8 -6 -5 -3 -7 -6 -5 -5 -8 -4 -5 -5 -7  4 -4 -8    1   0   1  83   0   0   0   3   0   1   1   1   0   1   1   1   0   5   1   0  2.66 1.26
  371 S   -1  0 -2 -2 -6  0 -1 -2 -1 -3 -5 -1 -2 -3  6  0  0 -7 -3 -2    6   5   2   2   0   4   4   4   2   2   1   4   1   2  44   8   5   0   1   3  0.93 0.61
  372 K   -1 -2 -5  0 -3 -3 -2 -3 -3  3 -1 -2 -2  4 -3 -2 -2  7  3  1    6   2   0   6   0   1   2   2   0  18   6   3   1  14   1   3   2  13  10   8  0.63 0.40
  373 E   -2  0 -4 -3 -5  1 -2 -5 -3  1  1 -2  2  6 -1 -2  1 -2 -1  0    3   5   1   1   0   6   3   0   1   7  13   3   5  29   4   2   9   0   1   5  0.55 0.38
  374 W   -2 -2 -3 -1 -5 -3 -3  0 -2  1  0 -2 -3  0  4  1  0  6 -1 -1    3   3   1   4   0   1   1   7   1   7  10   3   0   3  23  10   7  10   2   4  0.47 0.35
  375 S    1 -1 -2 -2 -3 -2  0 -1 -2  1  0 -1 -1 -1  4  0 -1 -4 -3  1   11   4   2   2   0   2   7   6   1   9   7   3   1   2  20   6   4   0   1  11  0.26 0.23
  376 D    3  1 -1  1 -5 -2  2 -1  1 -4 -4  0 -1 -3  1  0  0 -3 -5 -2   27   7   3   9   0   2  14   4   3   1   1   5   1   1   8   5   5   0   0   3  0.37 0.34
  377 E   -1 -1 -1  0 -3  0  1  4  0 -1 -2 -2  0 -1 -3  0 -1  1  2 -2    5   3   2   4   0   5  11  29   3   4   3   2   3   3   1   6   3   2   7   3  0.31 0.27
  378 G    5 -3 -3  0 -5 -2 -4  3 -4 -3  0 -4 -2 -6 -2 -2 -2 -6 -6 -2   44   1   1   5   0   2   1  23   0   1   9   1   1   0   2   2   3   0   0   3  0.86 0.57
  379 Q    0  3 -1  0 -6  2  4 -2  3 -4 -2  0 -3 -4  0 -2 -4 -3 -1 -3    7  17   2   6   0  10  26   3   6   1   4   5   1   1   5   2   1   0   2   2  0.55 0.42
  380 R    3  4 -3  0 -4  1  0 -3 -2 -2 -5  2 -3 -5  0 -2 -1 -3 -1 -3   27  21   1   5   0   6   7   2   1   2   1  12   0   0   5   2   3   0   2   2  0.53 0.43
  381 V   -1 -3 -5 -4 -4 -3 -6 -5 -5 -1  3 -6  2  5 -5 -5 -2  4  5  1    6   2   0   1   0   1   0   1   0   4  25   0   4  19   0   0   3   5  17  11  0.88 0.53
  382 A    3  3 -4 -3 -1  2 -1 -4  1 -2  0  3  0 -4 -4 -1 -1 -2 -3  0   22  16   0   1   2   7   3   1   3   2   9  16   2   1   1   3   4   1   1   6  0.39 0.35
  383 K    0  5 -1  0 -4  2  2 -1  0 -5 -5  3 -3 -6 -2 -2 -1 -6 -2 -6    8  29   2   5   0   8  13   4   2   0   1  14   1   0   2   3   4   0   1   0  0.67 0.48
  384 A    2  0 -1  5 -5 -3 -1 -2  0 -2  0 -2 -1 -1 -4  0  0  2 -3 -1   17   5   3  29   0   1   4   2   2   2   8   2   2   3   1   6   5   2   1   4  0.43 0.36
  385 L    0 -3 -1 -6 -2 -2 -5 -6 -3  3  4 -3  1  1 -5 -3 -2  1 -2  2    7   2   4   0   1   2   0   0   0  19  36   2   3   5   1   2   2   2   1  11  0.64 0.41
  386 P   -3 -1 -3 -2 -4 -4 -5  0 -7 -8 -7 -1 -8 -5  8 -3 -4 -9 -8 -5    2   3   1   2   1   1   1   8   0   0   0   4   0   1  71   3   1   0   0   1  2.17 1.15
  387 K   -2 -1  3  4 -4  1  0  3  3 -4 -4  0 -3 -5 -4 -1 -2 -7 -4 -3    4   4  15  19   0   6   5  22   7   1   1   5   1   0   1   4   2   0   0   2  0.59 0.43
  388 A    5 -4 -4 -3  1 -1 -3 -2  1 -4 -2 -4 -2 -5 -3  1 -1 -7 -1  0   54   1   1   2   2   2   2   3   3   1   5   1   1   0   2   9   3   0   2   6  0.91 0.63
  389 K   -2  2 -3  0 -6  2  4 -5  0 -2 -3  3 -4 -5 -3 -1  1 -7 -6 -1    3  11   1   5   0   7  31   1   2   3   3  15   0   0   1   4   8   0   0   5  0.63 0.48
  390 F   -3 -3 -4 -2 -5 -4 -1  0  0  2  2 -3 -1  4 -3 -4  0 -3 -2  3    1   1   1   2   0   0   5   7   2  11  22   2   1  16   2   1   5   0   1  20  0.48 0.34
  391 V   -3  2 -3 -4 -6  1  0 -6  6  2 -2 -1 -1 -4 -6 -4 -1 -4 -1  4    2  10   1   1   0   7   5   0  22  10   4   4   1   1   0   1   4   0   2  25  0.79 0.52
  392 T   -1  0 -3 -1 -1 -2  0 -3 -3  1  2  0  0  2 -1 -1  1  2  0  1    5   5   0   3   1   1   8   1   0   9  20   6   2   9   4   3   8   2   3   8  0.14 0.16
  393 H   -3 -2 -2 -2 -5 -3 -1 -6  5  1  4 -2  0  1  0 -4 -3 -5  1  0    2   2   2   3   0   1   4   0  14   8  37   2   2   6   4   1   1   0   4   6  0.61 0.40
  394 S   -1 -2  2  5 -1 -2  2  0 -1 -5 -6  0 -5 -5  1  0  0 -6 -3 -5    6   2   9  30   2   1  11   8   1   0   0   5   0   0   8   8   6   0   1   0  0.61 0.43
  395 G    4 -5 -2 -4  2 -5 -5  4 -6 -6 -6 -3 -6 -7 -6  0  2 -7 -6 -3   35   1   2   1   4   0   1  34   0   0   0   1   0   0   0   6  13   0   0   2  1.10 0.66
  396 S   -3 -3 -2 -5 -7 -5 -7  7 -4 -6 -5 -1 -7 -3 -7  0 -4 -7 -7 -6    2   2   2   1   0   0   0  76   0   1   2   4   0   1   0   7   1   0   0   0  1.95 0.97
  397 R   -9 -1 -4 -8-10 -7 -5 -9 11 -5 -6 -8 -9 -9 -9 -8 -7-10 -6-10    0   4   1   0   0   0   1   0  92   1   1   0   0   0   0   0   0   0   0   0  4.29 1.76
  398 W   -6 -9 -9-10 -2 -9 -9 -7 -2 -3  0 -9 -1  8-10 -6 -7  8  4 -4    1   0   0   0   1   0   0   0   1   2  10   0   1  51   0   1   0  17  14   1  2.28 1.06
  399 P    3 -7 -7 -7 -2 -6 -7 -7 -7  2  2 -6 -3 -3  5 -4 -3 -8 -7  2   22   0   0   0   1   0   0   0   0   9  21   0   1   1  27   1   2   0   0  15  1.03 0.65
  400 Q   -3 -6 -2 -7 -7  7 -5 -8  3 -3  3 -5  2 -3  1 -6 -4 -1 -3 -4    2   0   2   0   0  43   0   0   5   2  27   0   5   1   8   0   1   1   1   1  1.36 0.84
  401 E   -4 -4 -6  0 -9  1  7 -8 -4 -2 -2 -6 -2 -3 -7 -4 -7 -1 -6 -2    2   1   0   6   0   6  71   0   0   2   5   0   1   1   0   1   0   1   0   3  1.86 1.04
  402 S   -5 -4 -3  6 -8 -2  5 -6  3 -8 -8 -6 -8 -9 -7 -1  3 -9 -7 -6    1   1   1  36   0   2  33   0   7   0   0   0   0   0   0   4  15   0   0   0  1.53 0.88
  403 K    3  1  1  0  0  2 -2 -5  5 -5 -6  2 -4 -1 -6 -1 -2  4  0 -3   23   8   6   5   2   8   2   0  15   1   0  13   0   2   0   3   2   5   3   2  0.65 0.47
  404 S    1 -7 -6 -6 -6 -7 -5  2  2 -7 -1 -7 -7 -5  7 -1 -2 -5 -3 -3   12   0   0   0   0   0   1  14   4   0   7   0   0   1  49   5   3   0   1   2  1.39 0.82
  405 G    1 -2 -2  4 -7  0  5 -2 -3 -4 -6 -1 -6 -7  0 -2 -1 -5 -6 -1   11   2   2  21   0   4  34   4   1   1   1   3   0   0   5   3   4   0   0   5  0.77 0.54
  406 E    0  1 -4  0 -7  1  5 -4 -1 -3 -3  0 -3 -6 -2 -3 -1 -4 -4  0    9   7   0   6   0   7  43   1   1   1   2   6   1   0   2   1   4   0   1   7  0.77 0.55
  407 L   -4 -7 -8 -8 -2 -7 -8 -8 -8  5  2 -7  0  2 -7 -5 -2 -3 -3  4    1   0   0   0   1   0   0   0   0  34  21   0   2   8   0   1   3   0   1  28  1.29 0.66
  408 A    5 -5  0 -6 -3 -5 -4  1 -4 -1 -1 -5 -4 -5 -6  1  0 -7 -4  1   46   1   5   0   0   0   1  10   0   3   6   0   0   0   0  11   5   0   1  10  0.84 0.57
  409 D    2  2 -1  1 -6  1  3  0 -1 -5 -5  1 -3 -6  2  0  0 -6 -6 -5   16  11   2   8   0   5  20   7   1   0   0   7   0   0   9   6   6   0   0   0  0.46 0.38
  410 Y    3 -1 -2 -1 -5 -2  1 -5  3  0  2 -2 -2 -3 -4 -1 -3 -2  0  0   25   4   1   4   0   2   9   0   6   5  24   2   1   0   1   4   1   1   3   8  0.38 0.34
  411 I   -4 -8 -8 -8 -4 -7 -8 -8 -8  6  3 -7  3 -3 -8 -6 -2 -3 -5  3    1   0   0   0   0   0   0   0   0  45  24   0   7   1   0   1   3   0   0  18  1.52 0.75
  412 S    1  3 -2 -2 -1 -1 -2 -2 -1  1  2 -1 -1 -3 -5 -1  0 -5 -2  1   13  20   2   2   1   2   2   3   2   7  19   4   1   1   0   5   5   0   1  10  0.27 0.25
  413 E    1  2  1  4 -6  1  3 -1 -2 -6 -4 -1 -4 -5 -1 -1 -1 -3 -3 -5   11  11   7  19   0   6  20   5   1   0   2   3   0   0   4   5   4   0   1   0  0.48 0.38
  414 F   -6 -5 -9-10 -9 -5 -9 -9 -1 -2 -1 -9 -3  9-10 -9 -8  4 -2 -5    1   1   0   0   0   1   0   0   1   2   6   0   1  81   0   0   0   6   1   1  2.98 1.27
  415 V   -2 -7 -8 -8 -4 -4 -7 -8 -5  2  5 -7  2  1 -7 -7 -4 -4 -5  3    4   0   0   0   0   1   0   0   0   9  58   0   4   5   0   0   1   0   0  18  1.34 0.70
  416 S    0  5 -1 -1 -5  1  0 -2 -2 -6 -5  1 -5 -5 -2  2  1 -6 -5 -4    9  30   2   4   0   6   5   3   1   0   1   9   0   0   2  19   9   0   0   1  0.65 0.46
  417 L    2  1 -1  0 -4 -1  0  3  0 -4 -3 -1 -1 -3 -3  3  1 -5 -4 -3   16   8   2   5   0   2   5  20   2   0   1   3   2   1   1  21  10   0   0   1  0.38 0.32
  418 L   -1 -2  2 -3 -1 -4 -2 -4  1  0  4 -4  2 -3 -5 -2  0 -4 -3  2    5   2  10   1   1   0   3   1   4   2  48   0   4   0   0   3   5   0   0  12  0.55 0.38
  419 P   -1 -3 -1  0 -6 -3 -3 -2 -5 -4 -3 -4 -5 -6  8 -2 -2 -6 -6 -3    5   1   3   5   0   1   1   3   0   1   2   0   0   0  70   2   2   0   0   2  1.83 0.73
  420 K    1  2 -1 -2 -3  0 -1 -1 -3 -1 -3  2 -2 -4  4 -1  0 -4 -3  1   15  13   1   2   0   5   3   3   0   4   0  14   0   0  21   2   6   0   0  11  0.36 0.24
  421 S    2 -2  0 -1 -3 -1 -2  0 -3 -4 -4  0 -3 -4 -2  4  3 -4 -3 -3   17   0   4   3   0   2   0   6   0   0   0   6   0   0   1  43  17   0   0   0  0.59 0.36
  422 I    2 -1 -2 -1 -2 -2 -2 -3 -3  1  1 -2 -1 -1  0  0  2 -3 -2  3   22   2   0   3   0   0   0   0   0   6  14   1   0   2   4   4  15   0   0  25  0.23 0.19
  423 R    0  5 -1  2 -3  1  0 -3 -2 -3 -1  1 -2 -3 -2  0  1 -4 -3 -3    7  39   0  15   0   5   4   1   0   0   5   6   0   0   0   7   8   0   0   0  0.47 0.23
  424 R   -1  4  0  0 -3  1  1 -2 -1 -2 -3  3 -2 -3  2 -1 -1 -3 -2 -2    4  28   5   3   0   7  11   1   0   3   1  20   0   0  12   1   3   0   0   1  0.42 0.17
  425 V   -1 -2 -2  0 -2 -1  0 -3  0  1  1 -1  0 -1  2 -1  1 -3 -2  2    1   1   1   5   0   3   6   1   3   7  21   3   0   1  10   1  12   0   0  24  0.15 0.10
  426 A    2 -1  0  0 -2  1  2  2  0 -3 -3  0 -2 -3  1  0  0 -3 -2 -2   25   1   2   4   0   5  18  17   3   1   1   6   0   1   7   4   4   0   0   1  0.24 0.11
  427 E    1  0  1  1 -3  2  4 -1 -1 -2 -3  0 -2 -3 -2  0 -1 -3 -2 -1   14   6   8   7   0   8  34   2   0   1   1   4   0   0   1   7   1   0   0   5  0.32 0.14
  428 E    0  1 -1  0 -3  2  4 -2  1 -3 -1  1 -2 -3 -2  0 -1 -3 -2 -2    9   9   0   1   0   9  45   1   4   1  10   7   0   0   1   3   1   0   0   1  0.42 0.17
  429 P   -2 -2  1 -2 -3  2 -1 -2  0 -3 -3 -1 -3 -4  7  1 -1 -4 -3 -3    1   1   7   1   0  10   1   1   2   1   1   1   0   0  58  12   3   0   0   1  1.20 0.26
  430 I    2  1 -2 -2 -2 -1 -2 -2 -2  1  1  0  2 -2 -2 -1  1 -3 -2  2   24  12   0   0   0   0   1   1   0  12  10   7   8   0   0   1   8   0   0  16  0.14 0.10
  431 P   -1  0 -2  0 -3  3 -1  0 -2 -3 -3 -1 -3 -4  6  1  0 -4 -3 -3    0   5   0   4   0  16   0   6   0   0   0   0   0   0  49  10   5   0   0   0  0.97 0.22
  432 E    1  3 -1  0 -3  3  3 -2  3 -3 -3  1 -2 -3  0 -1 -1 -3 -2 -3   14  22   0   2   0  15  28   0   9   0   0   5   0   0   4   0   0   0   0   0  0.44 0.14
  433 E    1  1 -1 -1 -3  1  3 -2  6 -3 -1  0 -2 -3 -2  0 -2 -3 -1 -2   14   8   0   0   0   5  23   0  34   0   7   2   0   0   0   5   0   0   0   0  0.45 0.15
  434 V    3 -2 -2  0 -1 -2 -2 -2 -3  3  0 -2  1 -2 -2  0 -1 -3 -2  2   36   0   0   8   0   0   0   0   0  32   0   0   5   0   0   3   0   0   0  15  0.24 0.11
  435 Q    0  1 -1  2 -3  4  1  2  1 -4 -3  2 -2 -4 -2 -1 -1 -3 -2 -3    8   8   0  12   0  29   8  21   3   0   0  12   0   0   0   0   0   0   0   0  0.38 0.10
  436 K   -1  2 -1 -1 -4  3  3 -2  1 -3 -3  3 -2 -4  1  0  0 -3 -2 -3    0   8   0   0   0  14  25   0   4   0   0  36   0   0   6   3   3   0   0   0  0.49 0.11
  437 V    0 -2  1 -2 -2 -2 -2 -3 -2  1  2 -2  4  1 -3  0 -1 -2 -1  1    4   0   9   0   0   0   0   0   0   0  29   0  21   8   0  13   0   0   0  14  0.19 0.09
  438 L   -2 -3 -3 -3 -2 -3 -3 -2 -3  0  4 -3  1  4 -3  0 -2 -1  0  0    0   0   0   0   0   0   0   3   0   0  62   0   0  23   0   9   0   0   0   0  0.44 0.13
  439 E    1 -2  2  5 -3  0  3 -2 -1 -3 -3  0 -3 -4 -2  0 -1 -4 -3 -3   18   0   9  49   0   0  20   0   0   0   0   3   0   0   0   0   0   0   0   0  0.62 0.13
  440 E   -1  1  1  1 -4  3  4 -2 -1 -4 -3  0 -2 -4  0  1 -1 -3 -3 -3    0   9   9   6   0  16  45   0   0   0   0   0   0   0   3  12   0   0   0   0  0.53 0.12
  441 A    3 -2 -2 -2  4 -1 -1 -1 -2 -1  0 -1 -1 -2 -1  1  0 -3 -2  0   49   1   0   1  11   0   1   1   0   1  11   1   0   0   1  15   1   0   0   7  0.28 0.08
  442 K   -1  2 -1  1 -3  1  3 -2 -1 -3 -2  3  0 -3 -2  0  2 -3 -2 -2    0  10   0   7   0   4  22   0   0   0   0  31   4   0   0   0  22   0   0   0  0.37 0.09
  443 A    3 -2  1  1 -2  0  0  0  1  0 -2 -1 -1 -3 -2  2  0 -3 -2 -1   40   0  10   9   0   2   3   4   4  10   0   0   0   0   0  17   0   0   0   0  0.22 0.08
  444 G   -1 -2 -1 -1 -3 -2 -2  6  4 -4 -4 -2 -3 -3 -3  0 -2 -3 -2 -4    0   0   0   3   0   0   0  75  15   0   0   0   0   0   0   7   0   0   0   0  0.97 0.15
  445 D   -1 -2  2  5 -3 -1  1  1  3 -4 -4 -1 -3 -4 -2  2 -1 -4 -2 -3    0   0   7  51   0   0   2   9  10   0   0   0   0   0   0  21   0   0   0   0  0.60 0.11
  446 D   -2 -2  0  4 -4 -1  0 -1  6 -4 -4 -1 -3 -3  3 -1 -2 -4 -1 -4    0   0   0  33   0   0   0   4  43   0   0   0   0   0  20   0   0   0   0   0  0.81 0.12
  447 H    2 -1  0  0 -2  0  0  1  7 -3 -3 -1 -2 -2 -2  0 -1 -3  0 -2   28   0   0   4   0   0   4  10  54   0   0   0   0   0   0   0   0   0   0   0  0.55 0.08
  448 D   -2 -2  0  2 -4 -1  0 -2  6 -4 -4 -1 -3 -3  6 -1 -2 -4 -1 -3    0   0   0  18   0   0   0   0  39   0   0   0   0   0  43   0   0   0   0   0  1.01 0.09
  449 H   -2 -1  0  2 -3  0  0 -2  8 -3 -3 -1 -2 -2 -2 -1 -2 -3  1 -3    1   0   0  15   0   0   0   0  79   0   1   0   0   0   0   0   0   0   0   0  0.89 0.07
  450 H   -1  0  0 -1 -3  2  0  0  7 -3 -3  0 -2 -2 -2  2 -1 -3  0 -3    0   0   0   0   0  17   0   6  54   0   0   0   0   0   0  23   0   0   0   0  0.57 0.05
  451 H   -1 -1  0 -1 -3  1  0  1  7 -3 -3 -1 -2 -1 -2  1 -1 -2  2 -3    0   0   0   0   0   7   0  12  58   0   0   0   0   0   0  17   0   0   6   0  0.58 0.05
  452 G   -1 -2  1 -1 -3 -1 -2  5  4 -4 -4 -2 -3 -3 -2 -1 -2 -3 -1 -4    0   0   7   0   0   0   0  70  23   0   0   0   0   0   0   0   0   0   0   0  0.79 0.05
  453 H    0 -1  0  0 -3  0 -1  1  7 -2 -2 -1 -2 -2 -2 -1 -1 -3  1 -1    7   0   0   6   0   0   1  12  61   0   1   0   0   0   0   1   0   0   0   7  0.52 0.05
  454 G    0 -1  2  2 -2  0  1  2  4 -3 -3 -1 -2 -2 -2  0 -1 -3 -1 -3    6   0  17  11   0   0   9  19  25   0   1   0   0   0   0   7   0   0   0   1  0.31 0.02
  455 H   -1 -1  0 -2 -3  0 -1  1  7 -2 -1 -1 -1 -1 -2 -1 -2 -2  1 -1    1   0   0   0   0   0   1  13  67   0   7   0   0   0   0   1   0   0   0   6  0.59 0.05
  456 A    2 -2 -1  0 -2 -1 -1  3  3  0 -2 -1 -1 -2 -2  0 -1 -3 -1 -1   27   0   0   6   0   0   0  34  18  14   0   0   0   0   0   0   0   0   0   0  0.27 0.03
  457 H    1 -1  0 -2 -3  0 -1  2  7 -3 -3 -1 -2 -2  1 -1 -2 -3  0 -3   17   0   0   0   0   0   0  18  56   0   0   0   0   0   8   0   0   0   0   0  0.57 0.05
  458 A    3 -2 -1 -2 -1 -1 -1 -1  2 -1  0 -1  0 -1 -2  1  0 -2  1  0   54   0   0   0   0   0   0   0  11   0  17   0   0   0   0   7   6   0   6   0  0.20 0.03
  459 G    0 -1  1 -1 -3  2 -1  5 -1 -4 -4 -1 -2 -3 -2  0 -1 -3 -3 -3    0   0   6   0   0  17   0  71   0   0   0   0   0   0   0   7   0   0   0   0  0.73 0.04
  460 Y   -2 -2 -2 -3 -3 -1 -2 -3  4 -2 -2 -2 -2  2 -3 -2 -2  1  7 -2    0   0   0   0   0   0   0   0  17   0   0   0   0   0   0   0   0   0  83   0  1.00 0.07
  461 S   -1 -2 -1 -2 -2 -1 -2 -2 -2  0  1 -1  5 -1  2  1  1 -2 -2  0    0   0   0   0   0   0   0   0   0   0   0   0  58   0  12  23   6   0   0   0  0.33 0.06
  462 D   -2 -1  2  5 -4  0  2 -2  4 -4 -4 -1 -3 -3 -2  0 -1 -4 -2 -3    0   0  11  65   0   0   8   0  17   0   0   0   0   0   0   0   0   0   0   0  0.73 0.05
  463 A    4 -2 -1  2 -1 -1 -1  1 -2 -2 -2 -1 -2 -3  1  1 -1 -3 -2 -1   68   0   0  17   0   0   0   8   0   0   0   0   0   0   7   0   0   0   0   0  0.37 0.04
  464 Y   -2 -2 -2 -3 -3 -1 -2 -3  4 -2 -2 -2 -2  2 -3 -2 -2  1  7 -2    0   0   0   0   0   0   0   0  17   0   0   0   0   0   0   0   0   0  83   0  1.00 0.07
  465 G    0 -3  0  2 -3 -2 -1  6 -2 -4 -4 -2 -3 -4 -2 -1 -2 -3 -3 -4    0   0   0  17   0   0   0  83   0   0   0   0   0   0   0   0   0   0   0   0  0.94 0.05
  466 L   -2 -3 -4 -4 -2 -3 -3 -4 -3  2  4 -3  2  0 -3 -3 -1 -2 -1  1    0   0   0   0   0   0   0   0   0   7  93   0   0   0   0   0   0   0   0   0  0.55 0.05
  467 G    0 -3 -1 -2 -3 -2 -3  6 -2 -4 -4 -2 -3 -4 -3 -1 -2 -3 -4 -4    0   0   0   0   0   0   0 100   0   0   0   0   0   0   0   0   0   0   0   0  1.21 0.06
  468 E   -2 -1  0 -1 -3  1  1 -3  7 -3 -3 -1 -2  0 -2 -1 -2 -1  3 -3    0   0   0   0   0   8  12   0  62   0   0   0   0   0   0   0   0   0  17   0  0.73 0.06
  469 E    1 -2 -1  0 -3  0  3  4 -1 -4 -3 -1 -2 -3 -2  0 -1 -3 -3 -3   10   0   0   0   0   0  33  57   0   0   0   0   0   0   0   0   0   0   0   0  0.59 0.03
  470 W   -3 -3 -3 -4 -3 -2 -3 -3  2 -3 -2 -3 -2  2 -4 -3 -3 11  2 -3    0   0   0   0   0   0   0   0  10   0   0   0   0   9   0   0   0  80   0   0  1.95 0.05
  471 T    2 -2 -1 -2 -1 -1 -1  4 -2 -2 -2 -1 -2 -3 -1  1  2 -3 -2 -1   37   0   0   0   0   0   0  40   0   0   0   0   0   0   0   0  24   0   0   0  0.40 0.01
  472 T    1 -1  0 -1 -1  0 -1 -1 -1 -2 -2 -1 -1 -2 -1  3  4 -3 -2 -1    0   0   0   0   0   0   0   0   0   0   0   0   0   0   0  48  52   0   0   0  0.40 0.01
  473 T    0 -1  0 -1 -1 -1 -1 -2 -2 -1 -1 -1 -1 -2 -1  1  4 -2 -2  0    0   0   0   0   0   0   0   0   0   0   0   0   0   0   0   0   0   0   0   0  0.00     0.00

                      K         Lambda
Standard Ungapped    0.1327     0.3156
Standard Gapped      0.0381     0.2670
PSI Ungapped         0.1234     0.3049
PSI Gapped           0.0381     0.2670
