
Last position-specific scoring matrix computed, weighted observed percentages rounded down, information per position, and relative weight of gapless real matches to pseudocounts
           A  R  N  D  C  Q  E  G  H  I  L  K  M  F  P  S  T  W  Y  V   A   R   N   D   C   Q   E   G   H   I   L   K   M   F   P   S   T   W   Y   V
    1 M   -2 -2 -3 -4 -2 -1 -3 -4 -3  0  1 -2  8 -1 -4 -3 -2 -3 -2  1    0   0   0   0   0   0   0   0   0   0   0   0  96   0   0   0   0   0   0   4  1.14 0.17
    2 A    5 -2 -2 -3 -1 -2 -2  1 -3 -2 -2 -2 -2 -3 -2  0  1 -3 -3 -1   81   0   0   0   0   0   0   9   0   0   3   0   0   0   0   0   7   0   0   0  0.63 0.14
    3 I    2 -1 -1 -1 -2  1 -1  0 -2  1 -1  0 -1 -2 -1  1  1 -3 -2  2   26   0   0   3   0   8   2   5   0  11   0   6   0   0   2   9   7   0   0  22  0.12 0.05
    4 G    0  0  0  2 -3  2  2  0 -1 -2 -3  2 -2 -3 -2  0  0 -3 -3 -1   10   0   1  18   0  17  16   9   0   0   0  15   0   0   0   3   5   0   0   6  0.28 0.07
    5 N    2 -1  2  0 -2  0  2  0 -1 -1 -2 -1 -2 -2 -2  1  0 -3 -2  0   33   0  18   3   0   1  17   4   0   2   0   1   0   1   0  10   1   0   0   6  0.25 0.08
    6 P   -1 -2 -1  1 -3 -1  1 -2 -2 -2 -1 -1 -1 -3  6 -1  0 -4 -3 -1    3   0   2   7   0   0  13   2   0   0   7   2   2   0  48   3   5   0   0   6  0.81 0.12
    7 E   -1 -1  2  3 -3  2  3 -2 -1 -3 -3  1 -2 -4  0  0  1 -4 -3 -2    3   0  11  19   0  10  29   0   0   0   0   6   0   0   4   0  15   0   0   2  0.41 0.09
    8 V    0 -1 -1  0 -1  0  2 -2 -2  0  1  0  0 -2 -1  1  0 -3 -2  2    8   0   1   5   1   1  18   2   0   3  16   5   0   0   2  11   1   0   0  24  0.09 0.05
    9 A    4 -2  0  0 -2  0  2 -1  2 -2 -2 -1 -2 -3 -1  0  0 -3 -2 -1   52   0   3   3   0   3  20   0   6   0   2   2   0   0   2   3   2   0   0   1  0.36 0.11
   10 T    0  0  1  0 -2  1  0  0 -1 -1  0  1 -1 -2  1  0  1 -3 -2 -1    8   4   7   5   0   7   5   7   0   3  14  15   0   0   8   6   9   0   0   4  0.09 0.03
   11 M    0 -1 -2 -2 -2  1 -1 -3 -1  0  2  1  2 -1  1 -1 -1 -3 -2  1   11   0   1   0   0   7   2   0   2   3  31  11   6   1   8   4   1   0   0  12  0.13 0.06
   12 G    0  0  0  1 -1  0  2  1 -1 -1 -1  2 -1 -2 -2  0  0 -3 -2  0    8   1   1  10   1   1  18  11   0   4   4  20   1   1   0   7   3   0   0   7  0.14 0.06
   13 K   -1  0  0  1 -3  0  3 -2  0 -1  1  2  0 -2  1  0 -1 -3 -2 -1    4   3   5   5   0   2  25   0   2   1  18  21   2   0   5   4   2   0   0   2  0.20 0.08
   14 E    0 -1  1  2 -3  2  3 -2  0 -1 -1  1 -1 -3 -1  0 -1 -3 -1 -1    6   0   8  12   0  10  31   0   1   2  10   8   0   0   1   3   2   0   1   4  0.25 0.08
   15 N   -1 -1  4  2 -1 -1 -1  2 -1 -2 -2  0 -2 -3 -2  1  0 -4 -3  0    4   1  32  10   2   0   2  15   0   1   3   5   0   0   0   9   5   0   0  11  0.27 0.09
   16 T    0  0  1  0 -2  2  0  2 -1 -1 -1  2 -1 -3 -1  0  1 -3 -2 -1    9   1   7   5   0  11   3  15   0   2   5  18   0   0   1   7   8   0   0   5  0.14 0.05
   17 E    1  0  0  0 -2  1  1  1  0 -2 -2  1 -2 -3 -1  1  1 -3 -2 -1   13   1   4   5   0   5  11  12   1   2   0  14   0   0   2  13  12   0   0   4  0.17 0.06
   18 A    1 -1  0  0 -2  0  1  1 -2 -1 -1  0 -1 -3 -1  1  1 -3 -2  0   20   0   5   5   0   5   8  13   0   5   3   8   0   0   2   6  13   0   0   6  0.13 0.06
   19 E    1  0  1  1 -3  0  3  0 -1 -3 -3  3 -2 -4 -1  0  0 -4 -3 -3   16   0   7   7   0   2  22   6   1   0   1  28   0   0   2   4   3   0   0   0  0.35 0.12
   20 S    1 -1  1 -1  0  1  0  1 -2 -3 -3  2 -2 -3  2  2  1 -3 -3 -1   16   0   6   2   2   6   3  10   0   0   0  17   0   0   9  17   6   0   0   3  0.23 0.08
   21 S    2 -1  0  0 -2 -1  0 -1 -2 -1 -2  1 -2 -3  3  2  2 -4 -3 -1   20   0   3   5   0   1   5   3   0   4   1   8   0   0  13  19  14   0   0   2  0.26 0.09
   22 N    1 -1  5  0 -3  0 -1  1  0 -3 -3  2 -3 -4 -1  0 -1 -4 -3 -2   13   1  42   3   0   4   1  10   1   0   2  16   0   0   2   1   0   0   0   4  0.48 0.16
   23 G    0 -2  0  0 -3 -1 -1  4 -3 -4 -3  0 -3 -4  4  1 -1 -4 -4 -3    4   0   4   6   0   3   1  40   0   0   2   7   0   0  20  13   1   0   0   0  0.60 0.15
   24 N    1 -1  2  0 -2  0  0  0  1 -2 -2  2 -2 -3  2  0  1 -4 -2 -1   12   0  12   4   1   2   5   7   5   0   3  18   0   1  12   3   9   0   0   5  0.20 0.09
   25 E    1  0  1  2 -3  1  2  0  0 -4 -3  2 -3 -4  0  0 -1 -4 -2 -3   11   1   8  12   0   7  19   8   1   0   0  19   0   0   4   5   2   0   1   1  0.32 0.12
   26 S    2  0  1  0 -2  1  2  0 -2 -2 -2  1 -1 -3 -1  1  1 -4 -3 -1   20   2   6   2   1   7  15   5   0   1   2  13   1   0   2  14   7   0   0   3  0.21 0.10
   27 Q    1  0  2  0 -2  1  0 -1 -1 -1 -2  2 -2 -3  1  1  0 -3 -2 -1   17   3  14   2   0   9   6   3   0   5   2  17   0   0   6   7   5   0   0   3  0.18 0.09
   28 L    2 -2 -1 -1 -2 -1  0  1 -1 -1  1  0  0 -2  3  0  0 -3 -2  0   20   0   1   2   0   2   7  12   1   0  16   7   2   0  15   4   5   0   0   7  0.18 0.08
   29 S    2  0  1  0 -2  1  1 -1  0 -2 -2  1 -2 -2  0  1  0 -3 -2  0   21   4   9   3   0   8  12   3   2   0   3   6   0   1   4   9   5   0   0  10  0.14 0.08
   30 S    0 -1  2  1 -3  1  1  1  0 -3 -3  2 -2 -4 -1  2  0 -4 -3 -2    9   1  11   5   0   6   9  10   3   0   1  17   0   0   2  23   3   0   0   1  0.29 0.13
   31 D    1 -2  0  2 -3  1  3  3 -2 -4 -3  0 -3 -4  0  0 -1 -4 -3 -2   11   0   4  15   0   4  25  23   0   0   1   6   0   0   3   6   1   0   0   2  0.40 0.14
   32 L    1 -1  0 -1 -2  0  1  0 -2  0  1  0 -1 -2  1  0  0 -3 -2  0   18   2   4   1   0   3   9   8   0   4  15   5   0   0   8   5   8   0   0  10  0.09 0.06
   33 T    1 -1  0  1 -1  1  1  1 -2 -2 -2  1 -2 -3  1  1  1 -3 -3 -1   15   2   4  10   1   5  11   9   0   1   3  10   0   0   7   9   9   0   0   2  0.18 0.07
   34 K    2  0  0  0 -2  1  1  0  1 -2 -2  3 -2 -3 -1  1  0 -3 -2 -1   21   1   2   5   0   4   9   6   4   0   3  24   0   0   1  12   4   0   0   4  0.21 0.11
   35 S    0  0  2  2 -3  2  1  0 -1 -2 -2  2 -1 -3 -2  0  0 -3 -2 -2   11   1  10  10   0  10  10   5   1   2   3  21   2   0   0   7   4   0   0   2  0.21 0.10
   36 L    0 -1 -1  0 -2  0  0  0 -1  1  1  0  0 -2 -2  0  0 -3 -2  1    4   2   1   8   0   3   5   9   1  10  21   9   1   0   1   6   4   0   0  14  0.05 0.05
   37 D    0 -1  2  3 -2  0  3 -1 -1 -2 -2  0 -1 -3 -1  0 -1 -4 -3  0    7   2   9  24   1   2  26   4   1   0   3   2   2   0   2   5   3   0   0   8  0.33 0.13
   38 L    0 -1  1  2 -2  0  2  1 -1 -1 -1  1 -1 -3  0  0  0 -3 -2  0    7   1   6  16   1   2  15  12   1   2  10   9   0   0   4   4   3   0   0   7  0.13 0.06
   39 A    2 -1  0  0 -2  1  1  1 -1 -1 -1  0 -1 -3  0  0 -1 -3 -2  0   21   1   2   4   0   7  11  14   1   2   7   8   1   0   4   6   1   0   0   9  0.12 0.07
   40 E   -1 -1  0  2 -4  1  4  0 -1  0 -3  0 -2 -4 -2 -1  0 -4 -3 -1    4   2   4  13   0   5  39   7   1   7   1   6   0   0   1   3   4   0   0   4  0.38 0.15
   41 V    0 -1  2  1 -2  0  1  0 -1 -1 -1  1 -1 -3 -1  0  0 -3 -2  0   10   0  15   9   0   3  11   9   1   4   6  12   0   0   2   6   2   0   0  10  0.12 0.07
   42 K   -1  1  0  3 -2  1  3  1 -1 -2 -2  1 -1 -3 -1  0 -1 -3 -3 -2    3   7   4  17   1   7  22  14   1   3   4   9   1   0   2   5   0   0   0   1  0.27 0.11
   43 E   -1 -2  0  3 -4  1  3  1  2 -2 -2  1 -2 -4 -1  0 -1 -4 -2 -2    2   0   1  21   0   5  30  12   6   1   3   7   1   0   1   3   2   0   0   3  0.39 0.15
   44 D   -1 -1  1  5 -4  0  1  0 -1 -2 -3  1 -1 -4  0 -1 -1 -4 -3  0    3   2   6  38   0   2  10   7   1   1   1  10   1   0   5   2   3   0   0   8  0.41 0.15
   45 E    1 -1  0  3 -2  0  3  0 -2 -1 -2  1 -1 -4 -2  2 -1 -4 -3 -2   10   1   3  15   1   0  30   6   0   4   2   7   1   0   0  17   1   0   0   2  0.33 0.15
   46 K    1  0  1  3 -3  0  1  0 -2 -2 -3  1  0 -3  0  1  0 -4 -3 -1   14   3   5  26   0   2   9   4   0   2   1  11   3   0   3   8   4   0   0   5  0.25 0.11
   47 D   -1 -2  1  4 -4  1  2  0 -1 -3 -3  0 -3 -2  2  0 -1 -4 -3 -3    5   0   5  37   0   5  14   8   1   1   1   5   0   2   9   5   1   0   0   1  0.48 0.16
   48 N    0 -1  0  4 -3  1  2  1 -2 -3 -2  0 -3 -4 -2  0  0 -4 -3 -2    9   1   4  30   0   8  17  10   0   0   4   6   0   0   0   3   7   0   0   2  0.38 0.14
   49 N    0  0  2  2 -2  0  3  1 -1 -3 -3  2 -3 -4 -1  0  0 -4 -3 -2    8   3  11  13   1   2  21  13   0   1   0  13   0   0   2   7   3   0   0   2  0.31 0.11
   50 Q    0 -1  1  2 -3  2  3  1 -1 -2 -3  1 -2 -2 -1  0 -1 -3 -2 -2   10   1   8  13   0   9  23  12   1   2   0   9   0   2   2   4   3   0   0   3  0.26 0.11
   51 E    0  0  1  2 -4  0  4  0 -1 -2 -3  1 -3 -4  1 -1 -1 -4 -2 -2    8   5   7  13   0   2  32   5   0   2   0   9   0   0   8   0   3   0   1   3  0.36 0.14
   52 E    0 -1  1  2 -3  0  3  0 -1  0 -2  0 -2 -3 -1  0 -1 -4 -2  0    8   1   8  13   0   2  27   7   1   7   0   6   0   0   2   4   1   0   0  11  0.22 0.11
   53 E    1 -1  1  0 -3  1  3 -1 -2 -1 -1  1 -2 -2  0  0  0 -3 -2  0   12   1   8   4   0   3  27   4   0   2   6  10   0   1   3   7   4   0   0   8  0.17 0.09
   54 D    1 -1  1  2 -3  0  2  0 -1 -2 -2  1 -1 -3  0  0  0 -4 -3 -1   12   1   9  14   0   3  20   6   0   2   1  10   2   1   4   3   7   0   0   4  0.21 0.09
   55 G    2 -1  0 -1 -1 -1 -1  4 -2 -2 -3  1 -2 -3  0  0 -1 -4 -3 -1   25   1   3   3   1   1   3  35   0   2   1   9   0   0   5   2   2   0   0   6  0.36 0.14
   56 L    2 -1  0  0 -2  0  0  0 -2 -1 -1  2 -2 -2  0  1  1 -3 -2 -1   27   1   4   5   0   3   6   5   0   4   4  17   0   2   4   6  10   0   0   3  0.15 0.09
   57 K    1  0  0  1 -2  2  0  2 -1 -2 -2  1 -2 -3  2  0  0 -3 -1 -2   13   2   3   8   1  13   4  15   0   0   5  14   0   0   9   4   4   0   3   2  0.18 0.08
   58 A    2  0  0  0 -2  0  1  1  0 -2 -2  1  0 -3 -2  1  0 -3 -1 -1   25   4   3   3   0   3  11  13   2   0   1  11   5   0   1   6   6   0   2   3  0.17 0.09
   59 E    1 -1  1  1 -3  1  3  0 -2 -2 -3  2 -2 -4 -1  0  0 -4 -3 -1   11   1   7   5   0   3  30   7   0   2   1  16   0   0   2   6   5   0   0   5  0.28 0.13
   60 A    1  0 -1 -1 -2  0  0  2 -1 -2 -2  1  0 -1  0  0  1 -3 -2 -1   15   4   1   2   0   2   6  20   2   0   2  13   4   3   3   5  14   0   0   5  0.15 0.08
   61 S    2  0  0 -1 -2  0  0  0 -2 -1 -1  2 -2 -3 -1  2  1 -3 -3  0   18   3   2   1   0   1   7   7   0   2   5  15   0   0   1  21   8   0   0   8  0.17 0.10
   62 T    1  0  1  1 -3  0  0  0 -1 -2 -1  3 -1 -3 -1  0  1 -4 -3 -1   17   2   6   7   0   1   5   5   1   0   4  27   1   0   1   5  14   0   0   3  0.20 0.11
   63 K    0  1  0 -1 -3  2  1  0 -2 -3 -2  4 -2 -4  1  0 -1 -4 -3 -2    8   3   5   1   0  11   7   8   0   1   4  37   0   0   8   3   2   0   0   3  0.33 0.14
   64 K    1  1  0  0 -3  0  0  0  0 -3 -3  4 -2 -4 -1  0  0 -4 -3 -2   14   3   4   4   0   0   4   8   2   0   2  42   0   0   2   7   4   0   0   3  0.34 0.15
   65 K    0  2 -1 -1 -3  0  1 -1  1 -3 -2  5 -2 -3 -1 -1 -1 -3 -2 -2    9   7   2   1   0   1   6   5   4   0   3  52   0   0   1   3   3   0   0   1  0.50 0.18
   66 K   -1  1  1 -1 -3  1  0 -1 -2 -3 -3  5 -1 -4  0  0 -1 -4 -3 -2    2   4   8   2   0   4   2   3   0   0   2  55   2   0   4   8   2   0   0   2  0.55 0.19
   67 K    0  2  0  0 -3  0  2 -1 -1 -3 -3  5 -2 -4 -1  0 -1 -4 -3 -3    5   7   3   3   0   1  12   5   1   0   1  51   0   0   2   7   1   0   0   1  0.50 0.17
   68 K   -1  3  1 -1 -3  1  1  0 -1 -3 -3  4 -2 -1 -1  0 -1 -3 -2 -3    4  14   9   1   0   3   7   5   0   0   1  42   1   3   2   4   3   0   0   0  0.42 0.15
   69 S   -1  1  0  1 -3  1  0 -1 -2 -3 -3  4 -2 -3  3  0  0 -4 -3 -3    4   6   2   7   0   7   2   2   0   1   0  41   0   1  13   8   4   0   0   0  0.45 0.15
   70 K   -1  1  1  0 -3  0  1 -1 -1 -3 -3  4 -2 -3  2  0  0 -3  1 -2    3   6   6   3   0   2   9   5   0   0   0  38   0   0   9   4   5   0   5   3  0.33 0.13
   71 S    0  1  2 -1 -3  0 -1  0  0 -3 -3  3 -2 -3  3  1 -1 -4 -2 -3    9   6  10   1   0   1   1   5   2   0   2  32   0   1  16  11   1   0   1   0  0.38 0.14
   72 K    0  1  1 -1 -3  1  0  0  2 -3 -3  4 -2 -3 -1  1  0 -3 -2 -1    4   4   6   1   0   5   1   8   6   0   0  38   0   0   2  14   5   0   1   4  0.31 0.13
   73 K    0  1  0  0 -3  1  0  0 -2 -3 -3  4 -2 -4  2  0 -1 -4 -3 -2    6   4   2   4   0   4   3   5   0   0   0  46   0   0  12   6   3   0   0   3  0.45 0.16
   74 K    1  0 -1  0 -3  1  0 -1 -1 -1 -3  4 -2 -4  1  0  0 -4 -3 -2   14   2   1   6   0   5   4   5   1   4   1  42   0   0   5   4   4   0   0   1  0.40 0.22
   75 K   -1  0  0  0 -2  0  0  1 -2 -3 -3  4 -2 -4  3  0 -1 -4 -3 -1    4   4   3   5   1   3   6   9   1   0   1  31   0   0  15   7   3   0   0   5  0.35 0.18
   76 S    1 -2  1 -1  0 -1  0  3 -1 -2 -2  1 -2 -3 -1  1  1  0 -2 -1   11   0   8   1   3   2   6  23   1   1   2   8   0   0   2  10  11   2   1   5  0.20 0.12
   77 S    2 -1 -2 -1 -2 -1  0 -1 -2 -1 -1  0  0 -3  4  0  1 -3 -2  0   22   2   0   2   0   2   6   5   0   3   4   5   3   0  22   5   8   0   1   8  0.31 0.17
   78 L    0  0 -1 -1 -2  0  0 -2 -2 -1  0  3 -1 -2  0  0  2  2 -1  0    8   2   2   2   0   5   3   2   0   2  13  23   1   0   4   8  15   3   1   5  0.14 0.13
   79 Q    1  1 -2 -2 -2  3  1 -1 -1 -1 -2  3 -2 -3 -2 -1  0 -3 -3  1   14   6   0   0   1  17  10   5   1   2   1  20   0   0   1   2   5   0   0  13  0.27 0.18
   80 Q   -4 -1 -3 -3 -5  8  1 -4 -3 -5 -5 -2 -3 -5 -1 -3 -4 -5 -4 -5    1   2   0   0   0  83   6   1   0   0   1   0   0   0   3   1   0   0   0   1  2.07 0.70
   81 T   -1 -3 -1 -3 -3 -3 -2 -3 -4 -3 -4  0 -3 -2 -3  3  6 -4 -2 -1    2   0   2   0   0   0   1   1   0   0   1   4   0   2   0  19  61   0   1   3  1.08 0.46
   82 D   -1 -2  2  4 -4  0  2 -3 -2 -3 -4 -1 -3 -1 -3  2  1  5 -1 -2    5   1  12  25   0   3  12   0   0   1   1   3   0   2   0  15   7   8   2   2  0.45 0.24
   83 P   -4 -5 -4 -1 -5  0 -2 -5 -5 -5 -5 -4 -5 -6  8 -3 -4 -6 -5 -5    1   0   0   3   0   4   2   0   0   0   1   0   0   0  85   2   0   0   0   0  2.52 0.71
   84 P   -2 -5 -5 -5 -5 -4 -3 -5 -5 -3 -3 -4 -5 -6  8 -3 -4 -6 -5 -5    4   0   0   0   0   0   1   0   0   2   3   0   0   0  85   2   0   0   0   0  2.52 0.77
   85 S    0  5 -2 -3 -2 -1 -2 -1 -3 -4 -4  0 -2 -4 -3  2  4 -4 -4 -2    5  31   0   0   1   2   2   4   0   0   1   3   1   0   0  19  29   0   0   3  0.69 0.38
   86 I   -3 -2 -5 -5 -3 -4 -4 -5 -5  5  0 -1 -2 -2 -1 -4 -2 -5 -3  5    0   2   0   0   0   0   0   0   0  33   8   3   0   1   4   0   2   0   0  45  0.95 0.42
   87 P   -1 -3 -5 -5 -5 -3 -4 -1 -5 -3 -1 -3 -2 -5  8 -1 -3 -6 -1 -4    4   1   0   0   0   1   1   5   0   1   6   1   1   0  69   4   1   0   2   1  1.76 0.67
   88 V   -3 -5 -5 -5 -4 -4 -5 -5 -5  5  3 -5  1 -3  1 -4 -3 -5 -4  4    1   0   0   0   0   0   0   0   0  33  24   0   3   0   7   0   0   0   0  30  0.93 0.43
   89 L    0 -1  0  2  2 -1  1 -3  1 -2 -2  0  0 -4 -2  3  1  0 -3 -1    6   2   3  12   6   1  11   0   4   3   2   5   3   0   1  31   6   1   0   3  0.32 0.26
   90 E   -2 -1  0  2 -4  3  3 -3 -1 -3 -2  2  0  0 -3  1  0 -4 -2 -3    2   2   5  12   0  14  24   0   1   1   3  13   3   5   0  10   5   0   1   1  0.40 0.27
   91 L   -3 -3 -4 -5  0  2 -1 -5 -2  2  5 -4  2  0 -5 -2 -1 -4 -3 -1    0   1   0   0   2  12   3   0   1  10  55   0   4   3   0   2   3   0   0   3  0.75 0.41
   92 F   -5 -5 -1 -6 -5 -5 -5 -6  1 -4 -3 -5 -3  8  0 -5 -5 -2  5 -2    0   0   3   0   0   0   0   0   3   0   1   0   0  63   5   0   0   0  19   2  1.84 0.68
   93 P   -1  0 -3 -2 -5 -2 -3 -3 -1 -3 -3  2 -4 -5  7  0 -1 -5 -2 -4    4   5   1   2   0   1   1   2   1   1   2  12   0   0  53   7   5   0   1   1  1.21 0.52
   94 S    0 -1  4  4 -2 -1  0  0 -1 -4 -4 -1 -4 -3 -3  2  0 -5 -4 -4    7   2  19  29   1   1   4   6   1   1   2   3   0   1   1  18   4   0   0   0  0.58 0.34
   95 G   -2  1  1 -1 -5  0  0  5  0 -4 -5  1 -4 -4 -4 -1 -3 -5 -3 -3    1   6   5   2   0   5   5  54   2   1   0  10   0   1   0   5   0   0   1   2  0.87 0.41
   96 D   -1  0  3  1 -3  1  1 -3  0  0 -1  2 -2 -3  0  0  0 -4 -3  1    3   4  17   8   0   5   8   0   2   6   5  15   0   0   5   4   5   0   0  12  0.20 0.17
   97 F   -2 -5 -6 -6 -6 -5 -6 -6 -3 -2 -4 -5  0  6 -6 -3 -5  2  8 -3    3   0   0   0   0   0   0   0   0   1   0   0   2  33   0   2   0   3  53   1  2.02 0.75
   98 P   -3  0 -5 -5 -6 -3 -2 -2 -6 -6 -5 -4 -6 -7  8 -2 -5 -7 -6 -6    1   5   0   0   0   1   2   3   0   0   1   0   0   0  83   2   0   0   0   0  2.49 0.88
   99 Q    0 -2 -3 -2 -4  0  4 -3  2  0 -2  2  0 -3  0 -2 -2 -5 -3  2    8   0   0   0   0   3  34   1   6   6   2  13   2   1   4   1   2   0   0  16  0.46 0.34
  100 G   -2  0 -1 -4 -5 -4 -5  7 -5 -6 -6 -4 -5 -6 -5 -2 -4 -5 -6 -2    2   6   2   0   0   0   0  82   0   0   0   0   0   0   0   2   0   0   0   3  1.83 0.68
  101 E   -3  0 -4 -2 -1  4  6 -5  0 -4 -5  1 -2 -6 -4 -3 -4 -5 -2 -4    1   5   0   1   1  16  60   0   2   1   0   6   1   0   0   0   0   0   1   1  1.34 0.69
  102 I   -2 -3 -3 -3  0 -2  2 -5 -4  5  1 -4  1 -1 -4 -2  0  5 -1  1    1   1   1   1   2   1  13   0   0  34  13   0   3   2   0   2   5   7   1  10  0.52 0.35
  103 Q   -2 -2 -4 -3  4  4 -2 -5  0 -1  1 -3  4  1 -2 -2 -2  0 -1  2    1   2   0   1  10  21   2   0   3   3  11   0  12   6   2   3   1   1   1  18  0.48 0.37
  104 Q   -2 -2  0  3 -5  1  5 -3  0 -3 -3  0 -4 -5  0 -1 -2 -5 -1 -3    2   2   5  18   0   5  44   2   2   2   2   4   0   0   4   2   1   0   3   2  0.75 0.46
  105 Y   -5 -5 -5 -6 -6 -5 -5 -6  4 -5 -5 -5 -5  0 -1 -1 -2 -2  9 -2    0   0   0   0   0   0   0   0   9   0   0   0   0   3   3   4   3   0  71   4  2.21 0.92
  106 N   -1  0  1  1 -4  1 -1 -1  2 -2 -2  1  0 -4  4  0  0 -4 -1 -2    4   5   7   8   0   8   3   4   5   2   4   9   2   0  21   6   6   0   3   3  0.30 0.25
  107 D   -1  0  2  3 -4  0  0  1  1 -1 -2  0 -3 -3  0  0  0 -4  0 -1    4   6  13  18   0   3   6  12   4   4   4   4   0   0   5   5   5   0   4   3  0.20 0.20
  108 D    0  0  0  0 -2  1  0  0  1  0 -1  0  1  0  1  0  0 -2  1  0    6   6   5   6   0   5   6   6   5   6   6   6   5   5   6   6   6   0   5   6  0.03 0.06
  109 N   -1  0  6  0 -3  1  1 -2 -1 -4 -4 -1  0 -4 -1  0  0 -4 -3 -3    4   4  54   3   1   5   7   2   1   0   1   1   2   0   2   7   6   0   0   1  0.80 0.29
  110 L    1  1  0 -2 -2 -1 -2 -2  0  0  2  0  0 -2 -2  1  1 -3 -2  0   18   9   4   2   0   0   0   1   3   3  27   4   1   0   0  10  12   0   0   5  0.15 0.13
  111 W    0  0 -2 -3 -3  1  0 -3  0 -2 -1  0 -2  2 -3  0 -2  7  5 -2   11   4   2   1   0   6   6   1   1   1   7   5   0   9   0   6   1  18  22   1  0.55 0.23
  112 R   -4  7  0 -2 -5 -1 -2 -2 -3 -3 -4  1 -4 -3 -4 -2 -3 -5 -4 -3    0  76   5   2   0   0   0   3   0   2   0   6   0   1   0   2   0   0   0   1  1.43 0.45
  113 T   -1 -2 -1 -2 -3  0  0 -2  0  0 -2 -1  2  0 -3  1  5 -3 -2  0    4   1   2   0   0   4   6   2   2   5   1   2   6   5   0   8  45   0   1   6  0.42 0.24
  114 T   -2 -3 -2  1 -3 -2 -2 -3 -3 -2 -4 -2 -3 -4 -2  3  6 -4 -1 -2    1   0   0   7   0   1   2   1   0   2   0   1   0   0   1  19  62   0   2   1  0.98 0.40
  115 S    1 -2  2  3 -3 -2  0 -2 -1 -4 -3 -2 -1 -4 -2  4 -1 -5 -4 -2   14   0   9  19   0   0   3   0   2   0   2   1   1   0   1  43   1   0   0   2  0.61 0.31
  116 E    1 -2 -2  3 -5  0  6 -3 -1 -5 -5  1 -4 -5 -2 -1 -2 -5 -4 -4   11   1   1  14   0   2  56   1   1   0   0   8   0   0   1   2   1   0   0   0  0.94 0.38
  117 E   -3 -3 -3  1 -6  0  7 -4 -3 -5 -4  0 -4 -5 -4 -1 -2 -5 -3 -5    0   0   0   7   0   2  77   0   0   0   1   4   0   0   0   4   2   0   1   0  1.52 0.53
  118 K   -1  1 -1  0 -2  0  3 -2 -1 -2  0  4  0 -3 -2  0 -1 -4 -3 -2    4   5   2   4   1   2  19   2   1   1   9  36   3   1   1   6   2   0   0   1  0.38 0.22
  119 R   -2  6 -1  0 -5  2  0 -3 -1 -4 -4  3 -3 -5 -2 -1 -1 -4 -4 -2    2  46   1   4   0   7   4   1   1   1   1  23   0   0   1   3   3   0   0   3  0.85 0.34
  120 E    2 -2 -2 -1 -4 -1  5 -3  4 -3 -2 -2 -3 -1 -3 -1 -2 -3  3 -2   20   1   1   1   0   1  43   0  13   1   3   0   0   2   0   2   0   0  10   2  0.68 0.33
  121 M   -1  0 -1 -1 -3  1 -1 -3 -1  0  3  1  2 -2 -1 -2 -1 -3 -2  0    6   6   2   3   0   8   2   0   1   2  43   8   6   1   3   1   3   0   0   4  0.27 0.18
  122 E   -1 -2  1  5 -4 -1  3 -2 -3 -4 -4 -1 -4 -4 -1  0  2 -5 -4 -2    3   1   5  38   0   1  25   1   0   0   1   3   0   0   2   4  13   0   0   2  0.74 0.31
  123 R   -1  4  1 -1 -1  1 -1 -3 -2  2  0  1 -1 -2 -2 -1  0 -3 -3 -1    3  28   6   4   1   7   2   1   0  14  11   9   1   1   1   1   7   0   0   2  0.26 0.17
  124 L    2 -3 -3 -2 -2 -1 -2 -3 -3  0  3 -2  6 -2 -3  0 -1 -4 -3 -1   19   0   0   2   0   3   3   0   0   5  28   1  25   0   1   8   4   0   0   1  0.51 0.30
  125 Q   -1 -2  3  2 -3  1  2 -1  1 -3 -2  0  1 -3 -3  2  0 -1 -2 -3    3   1  17  14   0   6  16   3   3   1   2   3   4   1   0  18   4   1   1   1  0.34 0.22
  126 K   -1 -2  1  4 -3  0  3 -3  0 -2 -3  0 -2 -3  1  1 -1 -3 -3 -3    5   0   8  25   0   3  24   1   2   2   2   5   1   1   7  11   2   0   0   0  0.50 0.26
  127 P   -2 -3  0  4 -3  0  4 -3 -1 -3 -2 -2 -3 -3  0 -1  0 -5 -3 -2    3   0   4  28   0   3  36   1   1   1   5   0   0   1   4   3   6   0   0   3  0.66 0.33
  128 I   -1 -1 -2 -1 -2  0  1 -4 -1  2  0 -1  2  2 -3 -2  0 -3 -1  3    4   2   1   3   0   5  11   0   1  14   4   4   6   9   0   1   6   0   1  27  0.23 0.19
  129 Y   -3 -2 -5 -5 -2 -3 -4 -5 -2  2  3 -2 -1  0 -4 -4 -3  5  4  3    1   3   0   0   1   0   1   0   1  10  28   2   0   1   0   0   0   9  17  25  0.70 0.32
  130 N   -2 -1  4  1 -3  2  3 -3 -2 -4 -4  0 -1 -5 -2  0  3 -5 -4 -4    2   3  23   9   0  11  18   1   0   0   1   5   1   0   1   5  19   0   0   0  0.53 0.29
  131 S   -1  0  0  4 -1  0  2 -3 -2 -3 -3  4 -2 -2 -3  0 -1 -5 -2 -4    4   2   4  22   1   2  12   1   1   1   1  37   1   1   0   6   3   0   1   0  0.60 0.31
  132 L   -1 -4 -5 -5 -2 -4 -5 -5  1  1  1 -4  2  3 -5 -4 -4  0  7  0    5   0   0   0   1   0   0   0   3   7  14   0   5  10   0   0   0   1  49   5  1.18 0.46
  133 R   -4  6 -2 -4 -5  0 -1 -5 -3  0  0  3  0 -4 -4 -3 -3 -5 -4 -2    0  53   2   0   0   4   3   0   0   7   8  18   2   0   0   0   0   0   0   2  1.02 0.43
  134 Q   -2  2 -2 -1 -2  3  3 -3  1 -2 -1  3  3 -3 -3 -1 -1 -4 -2 -2    2  11   1   1   1  12  24   0   3   1   4  21   9   0   0   2   4   0   1   2  0.46 0.27
  135 A    6 -4 -3 -5 -1 -4 -4  1 -5 -4 -4 -4 -4 -5 -3 -1 -3 -5 -5 -1   83   0   1   0   1   0   0   8   0   0   1   0   0   0   1   2   0   0   0   3  1.48 0.59
  136 A    5 -4 -4 -4 -4 -4 -4  5 -5 -5 -5 -3 -4 -5 -4 -1 -3 -5 -5 -4   51   0   0   1   0   0   0  44   0   0   0   1   0   0   0   2   0   0   0   0  1.36 0.53
  137 E   -2  1 -2  2 -6  0  6 -4 -2 -4 -5  2 -4 -5 -4 -2 -2 -3 -5 -3    3   6   1  11   0   2  58   0   1   1   0  12   0   0   0   1   1   0   0   2  1.08 0.46
  138 V    1 -4 -5 -5  1 -3 -5 -2 -4  6 -1 -4  0 -3 -5 -3 -2 -1 -4  3   13   1   0   0   3   1   0   3   0  49   1   0   2   0   0   0   1   1   0  24  0.93 0.40
  139 H    2 -4 -3 -4  0 -3 -3 -2  8 -2  0 -4 -2 -4 -4 -1 -1 -5 -2  1   22   0   0   0   2   0   0   2  44   2   9   0   1   0   0   3   4   0   0  11  1.09 0.47
  140 R    0  6  4 -3 -4 -1 -3 -3  0 -5 -4  2 -4 -5 -4  0 -2 -5 -3 -4    8  45  22   0   0   2   0   1   2   0   1  10   0   0   0   7   1   0   1   1  0.97 0.43
  141 Q   -1  3 -1 -1 -3  6  2 -3 -1 -4 -4  3 -2 -4 -4 -1 -1 -5 -4 -4    4  15   3   3   1  39  11   1   1   1   1  15   1   0   0   2   3   0   0   1  0.80 0.39
  142 V    3 -5 -5 -5 -2 -4 -5 -5 -5  1 -2 -4 -2 -4 -5 -3  0 -5 -4  6   23   0   0   0   1   0   0   0   0   5   0   0   0   0   0   1   6   0   0  64  1.19 0.50
  143 R   -4  7 -4 -5 -3 -3 -4 -6 -4 -1  3 -1  0 -3 -5 -4 -4 -5 -4 -3    0  63   0   0   0   0   0   0   0   3  27   2   2   1   0   1   0   0   0   1  1.41 0.55
  144 K   -1  2 -1  0 -3  4  2 -3  2 -3 -4  4 -2 -5 -2 -1 -2 -5 -2 -4    4   9   2   5   0  20  15   1   4   1   1  29   1   0   1   2   2   0   2   0  0.59 0.31
  145 Y   -1 -2 -1 -2 -4 -1  2 -2  2 -3 -1  0  1  0 -4 -2 -2  5  6 -2    6   2   3   1   0   3  17   2   5   1   6   5   3   1   0   2   2   8  31   2  0.60 0.32
  146 M    3 -4 -4 -4 -1 -3 -4  0 -4  2  0 -4  1 -2 -4 -2 -1 -5 -3  4   34   0   0   0   1   0   0   6   0  10   8   0   3   1   0   1   4   0   0  32  0.57 0.32
  147 R    1  2 -2 -3 -4  4 -1 -4 -1  2 -1  0  3 -3 -3 -1 -2 -4 -3  1   11  13   0   0   0  26   1   0   1  14   5   5   8   0   1   3   1   0   0   9  0.40 0.27
  148 S    1  0  0  2 -4  0  2  0 -2 -4 -3  2 -3 -4 -1  3  0 -5 -4 -3   10   3   2  10   0   3  13   6   0   0   1  18   0   0   3  24   4   0   0   1  0.35 0.22
  149 I    0  0  0 -2 -3  0  0 -2 -2  2  1  1  2  0 -3 -1 -1  5  0  0    7   6   5   1   0   3   5   1   1  14  15  10   6   3   0   3   3  10   3   3  0.18 0.14
  150 L    1 -5 -4 -4  6 -5 -5 -5 -5  5  0 -5 -1 -3 -5 -3 -2 -5 -3  3   12   0   1   1  16   0   0   0   0  41   4   0   0   0   0   1   2   0   0  21  0.95 0.40
  151 K   -3  2 -2 -2 -4  1  1 -4  0 -3 -5  6 -4 -5 -4 -2 -2  0 -4  0    1   9   1   1   0   4  10   0   2   1   0  60   0   0   0   1   2   1   0   6  1.03 0.45
  152 P    0 -5 -4 -2 -6 -4  0 -5 -5 -3 -5 -3 -5 -6  8 -2 -4 -7 -6  1    9   0   0   3   0   0   6   0   0   1   0   1   0   0  68   2   0   0   0   9  1.82 0.60
  153 G   -3 -5 -3 -1 -6 -5 -3  7 -5 -4 -7 -1 -6 -7 -5 -3 -5 -6 -6 -6    0   0   0   3   0   0   2  90   0   1   0   3   0   0   0   0   0   0   0   0  2.11 0.65
  154 M    3 -2 -3 -4 -2  0 -3 -3 -3  1 -1 -1  6 -3 -4 -2  0 -2 -4  2   29   2   1   0   0   5   1   0   1   6   2   3  30   0   0   1   5   0   0  14  0.64 0.36
  155 L   -2  0 -1 -2 -4 -2 -2 -2 -3 -4 -2  4 -3 -5  0  3  3 -5 -4 -3    1   5   2   2   0   0   1   3   0   0   3  27   0   0   4  29  23   0   0   1  0.60 0.35
  156 M   -2 -4 -5 -4 -1 -3 -4 -4  1  2  3 -4  6 -1 -5 -3 -3 -4 -1  3    3   0   0   0   1   1   0   1   4  11  34   0  21   1   0   1   0   0   2  19  0.72 0.33
  157 I   -2 -1 -2 -3 -3 -2 -4 -3 -3  3  3 -2  0  0 -4 -1  1 -2  1  1    2   5   1   1   0   1   0   1   0  25  29   1   1   2   0   3  11   0   6  10  0.36 0.22
  158 D   -3 -3 -2  5 -6  0  5 -3 -2 -6 -5 -1 -5 -5 -4  0 -2 -6 -3 -5    1   1   0  39   0   3  44   1   1   0   0   2   0   0   0   5   1   0   1   0  1.26 0.49
  159 L   -2 -5 -6 -6 -2 -5 -5 -6 -5  6  3 -5  2 -1 -5 -5 -3 -5 -4  3    2   0   0   0   1   0   0   0   0  48  29   0   5   1   0   0   0   0   0  15  1.10 0.41
  160 C    4 -6 -5 -6  9 -5 -5 -4 -6 -3 -4 -5 -4 -3 -5 -3 -2 -6 -5  1   37   0   0   0  52   0   0   0   0   1   0   0   0   1   0   1   1   0   0   8  1.96 0.63
  161 E   -2 -1  1  2 -4  1  6 -4 -2 -4 -5  0 -4 -6 -4 -2 -2 -6 -4 -3    2   2   7   8   0   5  64   0   0   1   0   5   0   0   0   1   2   0   0   1  1.18 0.48
  162 T   -1  0 -2 -2 -3  0  1  0 -1 -2  0  3  1  2 -3 -1  0  2  1 -2    4   4   1   1   0   2  12   7   1   2  11  24   4  10   0   3   6   3   5   0  0.18 0.16
  163 L   -1 -4 -4 -5 -3 -3 -4  1 -5  4  3 -4  0 -2 -4 -3 -1 -4 -2  3    5   0   0   0   0   1   0  12   0  26  30   0   1   0   0   1   2   0   1  21  0.57 0.28
  164 E   -4 -4 -3  3 -7 -2  7 -5 -4 -7 -5 -3 -6 -7 -5 -4 -3 -6 -6 -6    0   0   0  12   0   0  86   0   0   0   1   0   0   0   0   0   1   0   0   0  2.06 0.70
  165 N    0  0  3  4 -4  0  3 -1 -2 -5 -4  1 -2 -4 -3  1 -1 -5 -4 -4    6   4  15  27   0   3  20   4   0   0   0   9   1   0   0   8   2   0   0   0  0.58 0.28
  166 T    0  2 -1 -2  4 -1 -1  0 -2 -2 -2  0  0  1 -3  1  2 -3  0 -2    5  13   1   0  12   1   4   9   0   1   2   7   4   9   0  10  16   0   3   2  0.22 0.18
  167 V    0 -4 -1 -3 -3 -3 -4 -1 -4  5 -1 -3 -2 -3 -4  2  2 -5 -3  3    6   0   2   1   0   0   0   4   0  36   2   0   0   0   0  16  12   0   0  20  0.56 0.31
  168 R   -2  7 -1 -4 -4 -1 -2 -4 -2 -1 -3  3 -2 -4 -4 -2 -2 -5 -3 -2    2  61   2   0   0   2   1   0   0   5   1  17   1   0   0   1   2   0   1   3  1.17 0.45
  169 K    1  0  0  0 -2  0  3 -2 -1 -1 -1  3 -2 -3 -2  0  0 -3 -2  0   15   4   4   3   0   1  25   1   1   4   4  19   0   1   1   3   4   0   1   7  0.25 0.17
  170 L   -2 -2 -3 -2 -2  0 -2 -3 -2  0  4 -1  2  2 -3 -2 -2 -2  1  0    2   2   1   2   1   5   2   1   0   2  47   5   5  10   1   1   2   0   6   6  0.38 0.19
  171 I   -1 -1 -1 -1 -1 -1 -1  1 -2  2  0  1  1 -1 -2 -1  1 -2 -1  1    4   2   1   2   1   1   2  14   1  16  10  12   4   1   1   3  12   0   2  10  0.08 0.08
  172 S    0  0  0  0 -3  1  1  3 -1 -3 -2  2 -2 -3 -1  0 -1 -3 -2 -2    5   3   4   5   0   5   8  28   1   1   4  20   1   1   2   6   2   0   1   2  0.29 0.14
  173 E    0  0  0  1 -3  0  4  0  3 -3 -2  1 -2 -2 -2  0 -1 -2 -1 -2    9   3   3   6   0   2  30   7  10   1   3  11   1   1   1   3   2   0   1   2  0.30 0.14
  174 N   -1  1  2  1 -2  1  1 -1  0 -2 -2  3 -1 -2  0  0 -1 -2 -2 -2    4   6  14   8   1   6   8   3   2   2   4  24   1   1   4   5   2   1   1   3  0.20 0.08
  175 G   -1 -1  0  1 -2 -1  1  4 -1 -2 -2  1 -2 -2  0  0 -1 -2 -2 -2    3   2   4   9   1   2   8  37   1   2   3  10   1   2   4   5   3   0   1   2  0.32 0.11
  176 L   -1  0 -1 -2 -1 -1 -1 -2 -1  1  2 -1  2  0 -1 -1  0 -2 -1  0    4   5   3   2   1   1   4   3   2  10  33   3   8   3   2   5   6   0   1   3  0.12 0.08
  177 Q   -1  0  1  0 -3  1  3  2 -1 -3 -2  3 -2 -2 -1  0  0 -3 -2 -2    2   3   6   5   0   6  22  16   1   1   3  21   0   1   1   3   5   0   1   2  0.28 0.13
  178 A    3  2  0 -2  1  0 -1 -1 -2 -2 -2  3 -1 -3 -1  0 -1 -3 -2 -2   35  11   3   2   3   2   2   4   0   1   2  20   1   1   3   5   3   0   1   2  0.30 0.16
  179 G   -1 -2 -2 -2 -2 -2 -2  6 -3 -3 -3  1 -3 -2 -3 -2 -2 -3 -2 -3    2   2   1   2   1   1   1  66   0   1   3   9   0   1   1   2   2   0   1   2  1.00 0.29
  180 I   -2 -4 -4 -4  0 -2 -3 -4 -4  4  2 -3  3 -2  4 -3 -2  1 -2  1    1   0   0   0   2   2   0   1   0  32  17   1   8   0  22   1   0   2   1  10  0.64 0.26
  181 A    6 -3 -3 -3 -3 -3 -3  3 -4 -4 -4 -3 -3 -4 -2  0 -2 -4 -4 -3   69   0   0   0   0   0   0  20   0   0   1   0   0   0   1   4   0   0   0   0  1.09 0.42
  182 F   -5 -5 -5 -5 -5 -5 -5 -5 -4 -3 -2 -5 -1  9 -5 -5 -4 -2  0 -4    1   0   0   0   0   0   0   1   0   0   1   0   1  92   0   1   0   0   0   0  2.46 0.64
  183 P   -4 -5 -4 -4 -5 -4 -4 -5 -5 -5 -5 -4 -5 -6  8 -3 -4 -6 -5 -5    1   0   0   0   0   0   0   1   0   0   1   0   0   0  92   1   0   0   0   0  2.79 0.68
  184 T   -1 -4 -3 -4  6 -3 -3 -4 -4 -1 -1 -3 -2 -4 -2 -2  6 -4 -4  2    3   0   0   0  16   0   0   1   0   2   5   0   0   0   1   1  54   0   0  14  0.99 0.40
  185 G   -2 -3  5 -2  6 -2 -3  5 -3 -4 -4 -3 -4 -4 -4 -1 -2 -4 -4 -4    2   0  31   0  18   1   0  41   0   0   1   0   0   0   0   2   2   0   0   0  1.12 0.38
  186 C   -2 -4 -4 -4  6 -4 -4 -4 -4  4  3 -4  0 -2 -4 -3 -2 -4 -3  3    2   0   0   0  19   0   0   1   0  24  27   0   2   1   0   1   2   0   0  21  0.72 0.27
  187 S   -1 -3  0 -2  3 -3 -3 -2 -3 -4 -4 -3 -4 -4 -3  6 -1 -5 -4 -4    2   0   4   1   6   0   0   2   0   0   1   0   0   0   0  81   0   0   0   0  1.38 0.52
  188 L   -2 -1 -4 -4 -3 -3 -4 -4 -4  4  3 -3  1 -1 -3 -3 -2 -3 -2  3    1   4   0   0   0   1   0   1   0  31  30   1   2   1   1   1   1   0   1  24  0.62 0.25
  189 N   -4 -3  8  2 -5 -3 -3 -2  0 -5 -5 -3 -4 -5 -4 -2 -2 -6 -4 -5    0   0  81   9   0   0   0   1   2   0   1   0   0   0   0   1   1   0   0   0  1.90 0.57
  190 N   -2 -2  5  1 -3  0  3 -3  5 -4 -4 -2 -3 -3 -2  0 -2  0  0 -4    1   1  37   5   0   3  19   0  19   0   1   1   0   1   1   6   0   1   2   1  0.82 0.33
  191 V   -2 -4 -4 -2  8 -1  1 -4 -4  2 -2 -3 -2 -3 -4 -2  0 -4 -4  3    1   0   0   2  38   2  12   1   0  15   1   0   0   0   0   1   4   0   0  21  0.97 0.35
  192 A    5 -3 -4 -4 -1 -3 -3 -1 -4  0 -3 -3 -1 -4 -3 -1 -1 -4 -3  2   66   0   0   0   1   0   0   3   0   5   1   0   1   0   0   0   3   0   0  17  0.87 0.37
  193 A    6 -4 -4 -4  6 -3 -3 -1 -4 -3 -4 -3 -3 -2 -3  0 -2 -4 -4 -3   71   0   0   0  16   0   0   4   0   0   1   0   0   2   0   4   0   0   0   0  1.22 0.44
  194 H   -4 -3 -3 -4 -5 -3 -3 -5 11 -6 -5 -4 -4 -4 -5 -3 -4 -5  0 -6    0   0   0   0   0   0   0   0  92   0   1   0   0   0   0   1   0   0   1   0  3.09 0.76
  195 W    0 -4 -1 -2 -3 -4 -4 -4 -2 -3 -3 -4 -3  4 -5 -3 -4  5  8 -3    7   0   4   3   1   0   0   1   0   0   1   0   0  19   0   1   0   7  53   1  1.39 0.45
  196 T   -1 -3 -2 -3  0 -3 -3 -3 -4 -3 -4 -3 -3 -4 -3  4  6 -4 -4 -3    2   0   1   0   2   0   0   0   0   1   1   0   0   0   0  31  59   0   0   0  1.17 0.47
  197 P   -1 -4 -4 -4 -5 -4 -4 -4 -5 -5 -4 -4 -5 -5  8 -2 -3 -6 -5 -3    6   0   0   0   0   0   0   0   0   0   1   0   0   0  84   3   0   0   0   2  2.39 0.61
  198 N   -1 -2  5 -1 -2 -2 -1 -1 -2  0  1 -1 -1 -2 -1  1 -1 -4  0 -1    3   1  39   1   0   0   2   4   0   6  17   3   1   1   3   9   3   0   3   3  0.39 0.23
  199 S    2  0 -1 -2 -1 -1  0 -1 -2  0 -2  1 -2 -2  4  0  0 -3 -1 -2   26   6   2   1   1   1   5   3   0   6   3   9   0   1  23   4   7   0   2   1  0.36 0.18
  200 G   -1 -2  2  2 -3 -2 -1  5 -2 -4 -5 -2 -4 -4 -1  2 -2 -4 -4 -4    2   1   9  11   0   0   4  50   1   0   1   1   0   0   2  15   1   0   0   0  0.79 0.29
  201 D   -2 -3  1  7 -2 -1  1 -3 -2 -5 -5 -2 -4 -5 -3 -2 -2 -5 -4 -5    4   0   4  74   1   3   6   1   0   0   1   1   0   0   0   1   1   0   0   0  1.50 0.46
  202 K   -1 -1  2  2 -4  0  3 -2 -2 -3 -3  2 -3 -3  3 -1  1 -4 -3 -3    3   0   9  14   0   2  20   2   0   1   1  18   0   1  13   3  12   0   0   1  0.42 0.20
  203 T   -1  1 -1  1  0 -1 -1 -2 -2  0 -1  0  1 -3 -2  1  4 -3 -2  0    4   8   1   8   1   1   1   2   1   5   4   7   4   0   1   9  36   0   1   7  0.27 0.19
  204 V   -1 -1 -3 -3 -2 -1  0 -4 -3  2 -1 -1  0 -2 -3 -1  1 -4 -2  5    2   3   0   0   1   2   6   1   0  11   3   4   1   0   0   2  12   0   1  50  0.50 0.26
  205 L   -3 -4 -5 -5 -3 -4 -4 -5 -4  3  5 -4  0  4 -4 -4 -3 -3 -1  0    0   0   0   0   0   0   0   0   0  17  58   0   1  16   0   0   0   0   1   3  0.89 0.32
  206 Q   -1  0  1  0 -3  3  1  1 -1 -3 -3  3 -2 -4  1  0  0 -4 -3 -2    4   2   8   3   0  18  10  12   1   0   1  23   0   0   8   4   4   0   1   2  0.35 0.19
  207 Y    0 -1  0  2 -4  1  3 -3  1 -2 -2  1 -1  0 -1 -1 -1 -2  4 -2    6   2   3  11   0   6  23   1   3   2   1   8   1   2   2   1   4   0  23   1  0.34 0.19
  208 D   -1 -2  2  3 -3 -1  0  4 -2 -3 -3 -1 -2 -3 -3  0 -1 -3 -2  0    1   0   9  20   0   2   6  37   1   1   1   2   1   0   0   5   2   0   1   9  0.46 0.19
  209 D   -1 -3  0  7 -4 -1  1 -1 -3 -4 -4 -2 -4 -3 -3 -1 -2 -4 -4 -4    4   1   3  70   0   2   5   4   0   1   1   1   0   1   1   3   1   0   0   1  1.21 0.35
  210 V   -1 -3 -3 -4 -1 -3 -3 -4 -3  3  2 -3  3 -2 -3 -2 -2 -3 -1  5    2   1   1   1   1   1   1   1   0  14  17   1   8   0   1   1   1   0   2  48  0.59 0.23
  211 M   -1 -3 -3 -4  4 -3 -3 -3 -3  2  2 -3  4 -2 -3 -2 -1 -3 -2  4    3   1   1   1   9   1   1   1   0   7  16   1  12   0   1   1   2   0   0  44  0.55 0.22
  212 K   -2  0  0 -2  0 -1 -1 -3  0 -4 -4  7 -3 -4 -3 -2 -2 -4 -3 -4    1   1   3   1   2   1   1   1   2   1   1  80   0   0   1   2   2   0   0   1  1.28 0.41
  213 L   -2 -3 -4 -4 -2 -3 -3 -4 -4  5  2 -3  0  0 -3 -3 -2 -3 -2  3    1   1   1   1   0   1   1   1   0  43  19   1   0   3   1   1   1   0   0  25  0.67 0.24
  214 D   -3 -3  0  8 -4 -2  0 -3 -1 -4 -4 -3 -4 -4 -3 -2 -3 -5 -4 -4    1   1   2  85   0   1   2   1   1   1   1   1   0   0   1   1   1   0   0   1  1.75 0.45
  215 F   -2 -3 -3 -4  0 -3 -3 -4 -3  2  3 -3  2  5 -3 -3 -2 -2  0  1    1   1   1   1   2   1   1   1   0  13  30   1   5  31   1   1   1   0   2   9  0.55 0.20
  216 G   -1 -4 -2 -3 -4 -3 -3  7 -3 -4 -4 -3 -4 -4 -3 -2 -3 -4 -4 -4    3   1   1   1   0   1   1  87   0   1   1   1   0   0   1   1   1   0   0   1  1.66 0.41
  217 T    2 -3 -3 -3  3 -2 -3 -1 -3  1 -1 -3 -1 -3 -3 -1  2 -3 -3  4   23   1   0   1   6   0   1   3   0   5   2   1   0   0   1   2  18   0   0  37  0.43 0.24
  218 H   -2 -2 -1 -3 -1  2 -2 -3 10 -4 -4 -3  0 -2 -4 -2 -3 -4  0 -4    2   1   2   1   1   9   1   2  69   1   1   1   3   2   1   2   1   0   1   1  1.82 0.52
  219 I   -2 -2 -4 -3 -1 -3 -3 -4 -4  5  0 -3  0 -1 -3 -2 -2 -3 -2  5    1   2   0   2   1   0   1   1   0  36   5   1   1   2   1   2   1   0   0  43  0.73 0.29
  220 D   -2 -2  4  6 -4 -1  0 -2 -1 -4 -4  0 -4 -4 -3 -1 -2 -4 -4 -4    1   2  26  50   0   1   3   2   1   1   1   4   0   0   1   4   1   0   0   1  1.02 0.35
  221 G   -2 -4 -2 -3 -4 -3 -4  7 -4 -5 -5 -3 -4 -4 -4 -2 -3 -4 -4 -4    1   1   0   1   0   0   1  87   0   1   1   1   0   0   1   1   1   0   0   1  1.73 0.48
  222 H   -3  4 -2 -4 -2 -2 -3 -4  2 -2 -2 -1 -2  4 -4 -3 -2  3  6 -2    1  25   2   0   1   1   1   1   5   2   2   1   1  20   0   1   1   4  30   2  0.80 0.32
  223 I   -2 -4 -4 -4  0 -4 -4 -5 -4  7  1 -4  1 -2 -4 -3 -2 -4 -3  1    2   0   0   0   2   0   1   1   0  75   7   1   2   0   0   2   1   0   0   4  1.20 0.41
  224 V    3 -3 -3 -3  0 -2 -3 -1 -3  3 -1 -2  0 -2 -3  1 -1 -3 -3  2   39   0   0   0   2   0   1   5   0  20   2   1   2   0   0   8   2   0   0  17  0.40 0.23
  225 D   -3 -3  0  7 -4 -1 -1 -3 -3 -2 -3 -3 -1 -4 -3 -2 -1 -5 -4  0    2   0   3  70   0   2   1   1   0   2   2   1   1   0   0   1   3   0   0   9  1.21 0.41
  226 S    1 -3 -1 -3  6 -2 -2 -1 -3 -1 -2 -2 -1 -3 -3  3  3 -4 -3  1    8   0   2   0  19   1   1   4   0   1   2   1   1   0   0  24  21   0   0  14  0.49 0.25
  227 A    6 -3 -3 -4 -3 -3 -3  0 -3 -3 -3 -3 -3 -4 -3 -1 -2 -4 -4 -2   87   0   0   0   0   0   1   4   0   0   1   1   0   0   0   2   1   0   0   1  1.33 0.48
  228 F   -2 -2 -3 -4 -2 -3 -3 -2  5  1 -1 -3 -1  6 -4 -3 -1  2  0  1    2   2   0   0   1   0   1   3  21   7   2   1   1  38   0   1   4   3   1  13  0.69 0.29
  229 T   -2 -3 -2 -3 -3 -3 -3 -3 -4 -3 -3 -3 -3 -4 -1  1  7 -4 -4 -2    1   1   0   1   0   0   1   1   0   1   1   1   0   0   2   7  83   0   0   1  1.50 0.52
  230 V   -1 -3 -3 -4 -1 -2 -3 -4  1  2  1 -2  3  1 -3 -3 -1 -1 -1  4    2   1   0   1   1   1   1   1   4  13  11   1   9   6   1   1   2   1   1  41  0.42 0.22
  231 A    2 -1  0  1  1 -1  0 -2  0  0 -1 -1 -1 -2 -2  0  2 -3 -1  2   20   2   4  12   3   2   6   1   2   4   2   1   1   1   1   4  17   0   2  17  0.15 0.13
  232 F   -2 -3 -4 -3  0 -3 -3 -4 -2  0  2 -3  0  5 -2 -3 -2  3  1  3    1   0   0   1   2   1   1   1   1   4  19   1   1  33   2   1   1   3   4  25  0.56 0.24
  233 N   -2 -3  4  3 -3  0  0  4 -2 -5 -5 -2 -4 -5 -4  1 -1 -5 -4 -4    1   0  20  18   0   5   4  35   0   0   0   1   0   0   0  11   3   0   0   1  0.74 0.37
  234 P    1 -3  0  2 -1 -2  0  2 -1 -4 -4 -2 -1 -4  5  0 -1 -5 -4 -2   12   0   5  14   1   1   6  15   2   0   0   1   2   0  29   6   2   0   0   2  0.59 0.30
  235 M    0  1  2  0 -3  1  1 -1 -1 -2 -2  3  0 -3 -2  1  1 -3 -2  0    6   6   9   3   0   6   7   3   1   1   2  20   4   0   0  11  12   0   1   7  0.20 0.16
  236 F   -1 -2  0 -2 -4 -1  0 -1  3 -2 -2  0 -1  3  1 -1 -2  0  6 -3    6   1   4   2   0   2   5   4   6   1   3   7   1  10   6   4   1   1  34   1  0.53 0.29
  237 D   -2 -2  1  6 -5  0  3  0 -3 -4 -5 -1 -4 -4 -3  0 -1 -5 -4 -3    2   2   5  46   0   4  18   6   0   1   1   2   0   1   0   6   4   0   0   1  0.84 0.39
  238 P   -2  0  3  1 -4  0  1 -1 -2 -3 -3  2 -2 -4  4 -1 -1 -4 -3 -3    3   4  19   7   0   3   8   5   1   1   2  14   1   0  24   3   2   0   0   2  0.52 0.26
  239 L   -2 -3 -5 -5 -3 -3 -4 -5 -5  1  5 -1  2 -2 -4 -3 -3 -4 -3  2    2   1   0   0   0   1   0   0   0   5  67   5   3   0   1   1   1   0   0  12  0.95 0.44
  240 L    0 -3 -3 -3 -2 -2 -3 -4 -4  2  3 -1  1 -2 -3 -2  2 -4 -3  2    8   0   0   1   0   1   0   0   0  14  31   4   3   0   0   2  17   0   0  18  0.42 0.27
  241 A    0 -1 -1  1 -1  1  3  3 -3 -4 -2  1  0 -4 -3 -2 -1 -4 -4 -3    9   1   1   5   1   5  27  27   0   0   3  11   3   0   0   0   4   0   0   1  0.46 0.29
  242 A    5  3 -3 -4 -2 -1 -3 -2 -4 -4 -4  0 -3 -5 -3 -1 -1 -5 -4 -2   64  18   0   0   0   1   0   1   0   0   0   6   0   0   1   3   2   0   0   1  1.01 0.51
  243 S    3 -3 -2 -3 -2  0 -2 -3 -3 -1 -2  1 -2 -3 -2  2  0 -4 -3  3   25   0   1   1   0   4   0   0   0   1   2  10   0   0   1  18   5   0   0  29  0.41 0.31
  244 R    3  3 -2 -2 -4  0  2 -3 -1 -4 -3  4 -2 -3 -3 -2 -3 -3 -3 -3   27  19   1   1   0   3  12   1   1   0   1  29   1   1   0   1   0   0   1   1  0.63 0.36
  245 D    0 -2 -1  6 -3  0  4 -3 -2 -5 -5  0 -1 -5 -4 -1 -2 -5 -5 -5    9   2   2  44   1   3  29   0   0   0   1   4   2   0   0   2   1   0   0   0  1.00 0.46
  246 A    6 -5 -5 -5  1 -4 -4 -1 -5 -2 -2 -4 -3 -5 -4 -2 -2 -5 -5  3   67   0   0   0   3   0   0   3   0   1   3   0   0   0   0   1   1   0   0  21  1.13 0.57
  247 T   -3 -3 -4 -5 -4 -4 -4 -5 -5  2  4 -4  1 -3 -5 -2  5 -5 -4  0    1   1   0   0   0   0   0   0   0  13  42   0   3   0   0   1  36   0   0   3  0.90 0.47
  248 Y   -1  0  5  1  0 -1  3 -2  0 -2  0  1  0 -3 -4 -1 -1 -4  0 -3    6   4  30   6   2   0  20   1   1   1   9   8   2   1   0   1   2   0   4   1  0.40 0.29
  249 T    4 -1  1 -3 -3 -3 -1 -2 -4 -4 -4 -1 -2 -5 -4  0  4 -5 -4 -2   46   2   6   0   0   0   4   2   0   0   0   4   1   0   0   4  30   0   0   1  0.79 0.46
  250 G    5 -5 -4 -5 -1 -4 -4  4 -5 -4 -5 -4 -4 -5 -4 -2 -2 -5 -5  0   54   0   0   0   1   0   0  36   0   0   0   0   0   0   0   0   2   0   0   6  1.21 0.56
  251 I   -2 -2 -1 -5 -4 -3 -3 -5  4  5  1 -3  1 -2 -5 -3 -3 -4  2  1    2   2   4   0   0   1   1   0  13  46  11   0   2   0   0   1   0   0   7   9  0.76 0.40
  252 K   -1  3  0  1 -4 -1  1 -3 -1 -2 -1  3 -1 -2 -3  0  0  0  0 -2    3  16   3   8   0   1   9   1   1   1   6  27   1   1   0   7   8   2   4   1  0.31 0.24
  253 E    3 -2 -1 -2  2 -1  3 -2 -2  0 -1 -2  1 -1 -3 -1  1 -4 -2  0   29   1   3   0   6   1  21   1   1   7   5   1   5   3   0   3   8   0   0   5  0.29 0.26
  254 A    4 -4 -4 -4 -1 -3 -3 -2 -4  2  0 -3  1 -1 -3  1 -2 -4 -3  2   41   0   0   0   1   0   0   2   0  14   9   0   4   3   0  10   1   0   0  15  0.51 0.33
  255 G   -2  2 -1 -1 -5  1  3  4 -1 -3 -5  1 -3 -5 -4 -2 -3 -5 -4 -4    2  12   2   2   0   4  26  36   1   1   0  10   0   0   0   1   0   0   0   1  0.71 0.37
  256 V    3 -4 -4 -2 -2 -4 -3 -4 -4  4 -2 -4 -2 -2  4 -2 -2 -5 -3  2   26   0   0   2   1   0   1   0   0  32   0   0   0   1  21   0   2   0   1  11  0.74 0.40
  257 D    3 -3 -2  5 -4 -3 -2  4 -2 -3 -4 -3 -3 -5 -2 -2 -3 -5 -5 -3   26   1   1  34   0   0   1  30   1   1   1   0   1   0   2   0   1   0   0   1  0.88 0.44
  258 V    1 -3 -5 -5 -3 -2 -4 -4 -5  2  2 -3  2 -2 -4 -2 -2 -4 -2  5   15   1   0   0   0   2   0   0   0  11  16   0   5   1   0   1   1   0   1  46  0.70 0.37
  259 R   -3  6  0 -2 -1 -1  1 -4 -1 -5 -4  1 -2 -4  1 -1 -1 -5 -4 -4    0  58   4   1   1   1   8   0   1   0   1   6   1   1   6   5   5   0   0   1  1.05 0.49
  260 L   -1 -3 -4 -4 -1 -2 -3 -4 -4  2  4 -1  2  0 -4 -1  1 -3 -2  2    4   0   0   0   1   1   0   0   0  11  43   5   6   3   0   4   8   0   0  13  0.45 0.28
  261 C   -1 -1  0 -1  4 -2 -2  2 -1  0  1 -1  0 -2 -2  1 -1  0 -1  1    3   3   4   3  11   1   0  20   1   5  14   2   2   0   1  11   1   1   2  13  0.17 0.16
  262 D   -2  2 -1  4 -3  0  4 -4  0 -4 -4  3 -2 -4 -3 -2 -2 -5 -3 -3    1  14   1  23   0   2  28   0   2   0   1  20   1   0   0   1   2   0   1   2  0.69 0.37
  263 V   -2 -4 -5 -3 -4 -4 -3 -5 -3  5  0 -3  0 -3  5 -3 -3 -5 -4  2    2   0   0   1   0   0   1   0   1  42   8   1   2   0  26   2   0   0   0  13  0.91 0.44
  264 G   -1 -5 -2 -3 -5 -4 -3  7 -5 -6 -6 -4 -5 -6 -5  0 -4 -5 -5 -4    2   0   1   1   0   0   2  84   0   0   0   0   0   0   0   6   0   0   0   1  1.82 0.67
  265 A    2  2  2 -1 -3 -1  2  1 -1 -3 -3  1 -1 -4 -3  0  1 -4 -3 -2   25  10  10   2   0   1  13  10   1   0   0  11   1   0   0   2   9   0   1   3  0.29 0.24
  266 A    3 -1  0 -1 -3  1  1 -2  0  0 -2  1 -2 -2 -2  0  0 -4 -1  1   30   2   4   3   0   6  11   1   2   5   1   9   0   1   0   6   6   0   1  10  0.21 0.20
  267 V   -2 -4  4 -4 -4 -4 -4 -4 -4  6 -2 -4 -1 -3 -4 -2  0 -5 -4  1    2   0  19   0   0   0   0   0   0  58   0   0   1   0   0   3   7   0   0   8  1.03 0.51
  268 Q   -2 -2  0 -1 -4  5  4 -1  0 -4 -3 -1 -2 -4 -3  1 -1 -4  2 -4    2   1   5   1   0  32  25   4   2   0   2   2   0   0   0  14   2   0   7   0  0.67 0.42
  269 E   -1 -1  0  3 -5  1  5 -3 -2 -4 -4  0 -2 -5 -3 -1 -1 -5 -4 -3    6   3   4  16   0   6  47   1   1   0   1   5   1   0   0   3   4   0   0   1  0.78 0.41
  270 V    0 -3 -4 -4 -3 -4 -3 -4 -4  2 -1 -4 -1 -3 -4 -2  3 -4 -2  5    9   1   0   0   0   0   1   0   0  10   3   0   1   0   0   2  18   0   1  52  0.79 0.43
  271 M   -2 -4 -3 -4 -1 -3 -4 -2 -4  4 -1 -3  6 -1 -2 -1  4 -4 -2  0    3   0   0   0   1   0   0   3   0  27   2   0  25   2   2   3  27   0   1   2  0.73 0.45
  272 E   -2  1  0  2 -1  1  4 -2 -1 -2 -3  1 -2 -4 -2  0  0 -4 -3 -2    2   6   4  12   1   3  40   3   1   2   2   9   1   0   1   6   7   0   0   2  0.48 0.29
  273 S    2 -1 -1  0  0  0 -1 -1 -2  0 -3 -1 -1 -3 -2  4  0 -3 -3 -1   18   2   2   5   2   3   2   2   0   5   2   2   2   1   1  43   3   0   1   4  0.41 0.29
  274 Y   -1  0 -1 -2 -2 -1 -2 -1  3  2 -1 -1 -1  1 -2 -1 -1  2  5  0    4   5   2   1   0   2   1   5   7  14   4   4   1   5   1   4   3   3  29   7  0.34 0.20
  275 E    0 -1  1  0 -2  1  4  0 -1 -2 -2  0 -2 -2  0  0  0 -2 -2  0    5   2   8   3   1   4  36   6   1   2   4   3   1   1   3   8   5   0   1   7  0.29 0.17
  276 V   -1 -1 -2 -2  0  0 -1 -2  0  2  1  0  1  0 -2 -1 -1 -2 -1  3    4   4   1   2   2   5   2   2   3  11   9   7   5   5   2   2   2   0   1  30  0.13 0.11
  277 E   -1 -1  0  1 -2  2  4 -2  0 -1 -2  0 -1 -2 -1 -1  0 -2 -2  0    3   2   3   7   1  10  38   2   2   5   3   3   2   1   2   2   5   0   1   7  0.37 0.19
  278 I    0 -1 -1 -2  1 -1 -1 -1 -2  2  1  2  0 -1 -2 -1  0 -2  0  0    6   2   3   2   4   1   3   4   1  22  13  19   2   2   2   2   4   0   3   5  0.09 0.11
  279 N   -1  0  2  2 -2 -1  0 -1  0  1 -1  0 -1 -2 -1 -1  0 -2 -1  1    4   5  12  17   0   1   6   4   2  10   2   5   1   1   2   4   3   0   2  17  0.11 0.11
  280 G    2 -1  0 -2  0 -1 -2  4 -2 -2 -3 -1 -2 -3 -2  1 -1 -3 -2 -2   24   2   5   1   2   2   2  36   1   2   2   3   1   1   1   8   4   0   1   3  0.44 0.22
  281 K    0  2  0  0 -3  1  2 -2  0 -2 -3  4 -2 -3 -1 -1 -1 -3 -2 -2    9   9   3   4   0   4  16   1   2   2   2  35   0   1   2   2   4   0   1   2  0.42 0.25
  282 V    0 -1  0  1 -2 -1  0  1 -1 -1 -1 -1  0 -2 -1  2  3 -3 -2  0    7   3   2   7   0   2   4   9   2   3   3   2   3   1   3  16  24   0   1   7  0.17 0.16
  283 Y   -2 -3 -3 -3 -1 -2 -3 -4  2  0 -1 -2  0  5 -4 -3 -3  2  7 -2    2   1   1   1   1   2   1   1   4   4   5   2   2  25   1   1   1   2  41   2  1.04 0.47
  284 Q   -2 -1  0  0 -4  2 -2  4  0 -4 -4  2 -4 -5  4 -2 -2 -4 -4 -3    2   2   4   6   0  11   1  31   2   0   1  13   0   0  23   2   1   0   0   1  0.70 0.38
  285 V   -3 -4 -4 -5  6 -4 -4 -3 -4  2  0 -4 -1  3 -4 -3 -3 -3  2  4    1   0   0   0  21   0   0   2   0  14   6   0   1  12   0   0   0   0   7  33  0.80 0.38
  286 K   -1  1  2 -1 -3  1 -1 -2  1 -1 -2  5  0 -3 -2  0  0 -3 -2 -1    3   6  12   0   0   3   0   1   3   3   3  48   3   0   0   5   5   0   0   3  0.41 0.22
  287 S    1  0 -2 -2  2 -2 -2 -2 -3  0 -1 -2  0 -3  5  0  0 -3 -3  0   17   6   0   0   5   0   0   1   0   6   4   0   3   0  37   7   4   0   0   5  0.57 0.21
  288 I    0 -3 -3 -3  2 -3 -3 -3 -3  4  1 -3  0 -2 -3 -2 -1 -3 -2  4    6   0   0   1   6   0   1   1   0  36   7   1   0   0   0   1   1   0   0  33  0.46 0.23
  289 R    0  4 -2 -1 -4  1  3 -2 -2 -2 -2  1 -2 -2 -2  0 -1 -2 -1  0    8  30   0   2   0   3  24   1   0   2   2   5   1   1   1   8   1   0   2   8  0.39 0.22
  290 N   -3 -3  7  1 -5 -3 -3  3 -1 -5 -5 -3 -4 -5 -4 -1 -3 -5 -4 -5    0   0  61   7   0   0   0  24   1   0   1   0   0   0   0   3   0   0   0   0  1.42 0.47
  291 L   -3 -1 -5 -5 -3 -4 -5 -5 -5  1  5 -4  5 -1 -5 -4 -3 -4 -3  1    0   3   0   0   0   0   0   0   0   7  61   0  17   1   0   0   0   0   0   8  1.04 0.37
  292 N   -2 -2  3 -3  2 -1 -3 -1  0 -2  2 -3  0 -3 -4  2  3 -4 -2 -2    1   1  15   0   5   3   0   3   2   0  24   0   2   0   0  19  23   0   1   1  0.41 0.27
  293 G   -1 -5 -3 -4  3 -4 -3  6 -5 -6 -6 -4 -5 -6 -5  3 -2 -5 -5 -5    2   0   0   0   6   0   1  65   0   0   0   0   0   0   0  25   2   0   0   0  1.43 0.48
  294 H   -6 -4 -3 -5 -7 -4 -4 -6 11 -7 -3 -5 -5  0 -6 -5 -6 -6  1 -7    0   0   0   0   0   0   0   0  90   0   3   0   0   3   0   0   0   0   3   0  3.23 0.83
  295 S   -2 -1  2  0 -4  4 -1  2 -2 -1 -3 -1  0 -4 -3  3  0 -4 -2 -2    1   1  10   3   0  24   3  18   0   3   2   2   2   0   0  23   5   0   1   2  0.43 0.26
  296 I   -4 -5 -5 -6 -4 -5 -5 -6 -5  5  3 -5  4 -1 -5 -4 -1 -5 -4  1    0   0   0   0   0   0   0   0   0  45  31   0  13   1   0   0   3   0   0   7  1.08 0.38
  297 G    0 -1 -1  1 -2  0  2  3  2 -3 -1  3 -1 -4 -3  0 -2 -4 -2 -3    6   2   2   7   1   2  13  23   5   0   7  23   1   0   0   5   1   0   1   1  0.31 0.19
  298 R   -3  4 -2 -2 -5  5 -1 -4  3 -4 -3  2 -3 -5  3 -2 -3 -5 -3 -3    1  27   1   1   0  30   1   0   6   1   2  10   0   0  15   2   1   0   1   2  0.87 0.37
  299 Y   -5 -5  0 -2 -6 -5 -5 -4  2 -4 -3 -5 -4  5 -6 -5 -5  5  8 -4    0   0   4   3   0   0   0   1   4   0   2   0   0  20   0   0   0   7  59   0  1.86 0.57
  300 Q   -2  2  0  0 -1  2  1 -3  0  1 -1  1 -1 -3 -3  0  1 -4 -3  2    1  11   4   5   1  14  10   0   2   9   4   8   1   0   0   6   8   0   0  17  0.19 0.15
  301 I   -1 -5 -4 -5 -4  0 -5 -5 -5  6  2 -4  0 -3 -3 -3 -2 -5  0  0    6   0   1   0   0   5   0   0   0  60  17   0   1   0   1   1   2   0   3   3  0.98 0.38
  302 H   -5 -4  1  4 -7 -3 -3 -5 10 -7 -7 -1 -5 -5 -6 -4 -5 -6 -2 -7    0   0   6  20   0   0   0   0  71   0   0   3   0   0   0   0   0   0   0   0  2.51 0.70
  303 A    3 -3 -2 -2 -2 -3 -3  5 -2 -4 -4 -3 -4 -4 -4  1  1 -5 -3 -3   31   1   1   1   1   0   1  43   1   1   0   1   0   1   0   8  10   0   1   1  0.83 0.34
  304 E   -1 -3  1  1 -4 -1  2  5 -1 -4 -5 -1 -4 -3  0 -1 -1 -5 -3 -4    5   1   7   7   0   1  15  46   1   1   0   4   0   1   6   4   3   0   1   0  0.66 0.27
  305 K   -3  0 -3 -3 -5 -1 -1 -4 -2  0 -1  6 -3 -3  3 -3 -3 -5 -3 -1    0   3   1   1   0   1   3   0   1   7   6  57   0   1  13   1   0   0   1   5  0.94 0.44
  306 S    0 -3  0 -2  1 -1 -3 -2 -3 -2 -3 -2 -1  0 -3  5  3 -4 -2  1    4   0   4   1   3   2   0   1   0   1   0   1   1   5   1  44  19   0   1  10  0.61 0.36
  307 V   -4 -5 -6 -6 -4 -5 -5 -6 -6  6 -1 -5 -2 -3 -5 -5 -3 -5 -4  5    0   0   0   0   0   0   0   0   0  57   2   0   0   0   0   0   0   0   0  38  1.59 0.56
  308 P   -3 -5 -5 -5 -4 -4 -3 -5 -5  1 -1 -4 -2 -2  8 -3 -3 -6 -2 -4    1   0   0   0   0   0   2   0   0  10   7   0   1   2  72   1   1   0   2   0  1.96 0.64
  309 N   -3 -3  6 -3 -1  2 -3 -3 -3  3 -1 -3 -2  0 -1 -1 -3 -5 -4 -2    2   0  43   0   1  12   0   1   0  23   5   0   1   5   3   5   0   0   0   1  0.84 0.42
  310 V   -2  2 -1 -3 -1 -3 -3 -4 -3  2 -1  2 -2 -1 -4 -2 -1 -3  3  4    2  11   4   1   1   0   0   0   0  11   2  12   0   1   0   1   2   0  11  39  0.51 0.31
  311 R    0  2  1  0 -4 -1 -1 -1  0 -4 -4  5 -3 -3  1  0 -3  1  0 -4    8  10   6   6   0   1   2   5   2   0   1  41   0   1   6   5   0   2   3   0  0.53 0.29
  312 G   -2 -2  4  2 -3 -1  2  2 -2 -1 -3 -2 -2 -3 -2  1  1 -4 -2  0    1   2  20  10   0   1  17  15   0   4   1   1   1   1   2   9   8   0   1   7  0.33 0.22
  313 G    0  0  1  0 -4 -1  0  3  4 -1 -2  0 -3 -1  1  0 -2 -3  0 -3    5   6   7   6   0   1   6  24  13   5   2   7   0   3   6   5   1   0   2   1  0.25 0.16
  314 E   -2 -1  1  4 -4  0  4  1 -1 -4 -4  0 -4 -3 -2  0  1 -5 -3 -3    1   2   5  25   0   3  28  10   1   1   1   4   0   1   2   6   8   0   1   1  0.52 0.27
  315 Q    0  0  1  1 -3  2  1  2 -1 -3 -3  2  0 -4  0  1  0 -4 -2 -2    8   3   6   7   0  14   9  14   1   1   1  13   2   0   4   8   6   0   1   1  0.23 0.15
  316 T    1 -2 -2 -1  3 -1 -1  0  1 -1 -2 -1 -2 -1 -3  1  4 -2  1  0    9   1   1   3   8   3   3   6   4   4   1   2   0   3   0   8  29   0   5   8  0.26 0.21
  317 K   -2  3 -2 -2 -2  0  3 -3 -3 -1 -3  4 -2 -3 -2 -1  2  0 -2  0    1  16   0   1   1   3  18   1   0   4   1  27   1   1   1   2  14   2   1   8  0.45 0.28
  318 M   -4 -2 -5 -6 -4 -4 -5 -5 -4  2  3 -4  7  4 -5 -4 -4 -4 -2 -1    0   2   0   0   0   0   0   0   0  13  27   0  33  21   0   0   0   0   0   2  1.19 0.47
  319 E   -2  0 -1  1 -5  1  6 -3 -1 -3 -3  1 -2 -5 -4 -1 -2 -5 -4 -3    2   5   3   6   0   4  58   1   1   1   3   8   1   0   0   3   2   0   0   1  0.96 0.43
  320 E   -1 -3 -3 -1 -5 -1  6 -1 -3 -2 -2  0 -2 -5  1 -2  0 -5 -4  1    5   0   0   1   0   1  54   5   0   1   5   4   1   0   6   1   5   0   0  11  0.76 0.40
  321 G   -3 -5  4  0 -6 -4 -2  6  3 -6 -6 -4 -4 -4 -3 -2 -4 -2  0 -6    0   0  19   5   0   0   2  60   8   0   0   0   0   0   1   1   0   1   3   0  1.34 0.52
  322 E   -4 -2 -1  4 -6  0  6 -2 -1 -4 -5 -2  1 -6 -4 -2 -1 -6 -5 -5    0   1   2  26   0   3  50   4   1   1   1   1   4   0   0   2   4   0   0   0  1.10 0.48
  323 L    0 -5 -5 -5 -2 -3 -5 -5 -2  1  0 -5 -2  3 -5 -3  0 -4  1  5    9   0   0   0   1   1   0   0   1   5   5   0   0  12   0   0   5   0   4  56  0.89 0.42
  324 Y   -5 -5 -6 -7 -3 -5 -6 -6 -3  1 -1 -6 -3  5 -6 -4 -5  2  8  1    0   0   0   0   1   0   0   0   0   7   4   0   0  27   0   1   0   3  49  10  1.66 0.59
  325 A    7 -5 -2 -5  0 -4 -5 -3 -5 -5 -5 -4 -5 -6 -5 -2 -2 -6 -5 -4   92   0   2   0   2   0   0   1   0   0   0   0   0   0   0   1   1   0   0   0  1.91 0.73
  326 I   -4 -6 -7 -7  2 -6 -6 -7 -7  7  0 -6  0 -4 -6 -5 -4 -6 -5  3    0   0   0   0   4   0   0   0   0  74   4   0   2   0   0   0   0   0   0  16  1.77 0.61
  327 E   -5 -4 -3  4 -7 -2  7 -6 -4 -7 -7 -3 -6 -7 -5 -4 -5 -7 -6 -6    0   0   0  24   0   0  74   0   0   0   0   0   0   0   0   0   0   0   0   0  2.02 0.74
  328 T   -3 -5 -4 -5 -2 -4 -4 -5 -5  2 -4 -4 -1 -5  5 -3  5 -6 -5  2    0   0   0   0   1   0   0   0   0  11   0   0   2   0  35   0  40   0   0  12  1.27 0.52
  329 F   -4 -6 -6 -7 -5 -6 -6 -7 -5 -1  1 -6 -3  8 -7 -6 -5 -3 -1  1    1   0   0   0   0   0   0   0   0   2  12   0   0  74   0   0   0   0   0  11  1.98 0.63
  330 G    4 -4 -3 -4 -3 -4 -4  4 -4  1 -2 -4  2 -3 -3 -2 -1 -5 -4  2   34   0   0   0   0   0   0  30   0   7   2   0   6   1   1   0   3   0   0  15  0.65 0.33
  331 S   -2 -4 -2 -4 -4 -3 -4 -3 -4 -5 -5 -4 -4 -5 -4  5  5 -6 -5 -3    0   0   1   0   0   0   0   1   0   0   0   0   0   0   0  54  42   0   0   1  1.48 0.60
  332 T   -3 -3  2  3 -4 -2 -3 -3 -4 -4 -5 -3 -3 -4 -4  1  6 -6 -4 -3    0   1   9  15   0   1   1   1   0   0   0   1   0   0   0   8  62   0   0   0  1.21 0.52
  333 G   -2 -6 -4 -5 -6 -5 -5  7 -5 -3 -7 -5 -6 -6 -5 -3 -5 -6 -6 -6    2   0   0   0   0   0   0  94   0   2   0   0   0   0   0   1   0   0   0   0  2.30 0.68
  334 K    0  3  0  1 -4 -1  3  0 -2 -2 -3  3 -2 -2 -3  0  0 -4 -3 -1    6  15   3   8   0   1  19   6   0   2   1  22   0   2   0   5   4   0   0   4  0.32 0.20
  335 G   -2 -6 -4 -3 -6 -5 -5  7 -5 -7 -7 -5 -6 -6 -5 -4 -5 -6 -6 -6    2   0   0   2   0   0   0  95   0   0   0   0   0   0   0   0   0   0   0   0  2.36 0.69
  336 Y   -3  1 -3 -3 -4  1 -1 -4  0 -1 -1  4  1  1 -4 -3 -3 -1  5  0    1   7   0   1   0   7   3   0   2   3   5  27   4   6   0   1   0   1  25   7  0.58 0.31
  337 V    0 -5 -5 -5  0 -4 -5 -1 -5  1  1 -4 -1 -3  1 -2 -2 -5 -3  6    6   0   0   0   2   0   0   4   0   7  10   0   1   0   7   2   2   0   0  58  0.88 0.42
  338 R   -1  4  0 -1 -2  0 -1 -1  2  1 -1  2 -1 -2 -3 -1  0 -3 -1  1    3  28   3   3   1   2   1   3   6   9   4  13   1   2   0   3   6   0   2   9  0.27 0.20
  339 E   -2 -2  1  5 -6  0  5 -4 -1 -6 -4 -1 -5 -6 -2 -1 -3 -6 -5 -5    3   1   6  38   0   4  39   1   1   0   1   2   0   0   2   3   1   0   0   0  1.14 0.48
  340 D   -1  0 -1  4 -3  0  1  3  1 -3 -3  0  2 -4 -4  0 -2 -5 -3 -3    3   5   1  26   0   3  10  27   3   1   1   5   6   0   0   5   2   0   0   2  0.50 0.28
  341 L    0 -1  0  1 -3 -1  0  2 -2 -2 -1  1  2 -3  2  0  0 -4 -3 -1    5   3   5   9   0   2   5  20   0   1   5  10   7   0   9   7   5   0   0   6  0.17 0.13
  342 E   -1  0  0  2 -4  1  3  0 -1 -1 -2  0 -2 -3  1  0  0  0 -3 -2    3   5   2  10   0   7  27   9   1   4   4   4   1   1   6   5   5   2   0   3  0.25 0.17
  343 C    0  2 -2 -3  6 -2  0 -1 -3  0 -3 -1 -2 -4 -3 -1  2 -4 -4  2    6  16   1   0  20   1   6   5   0   4   0   3   0   0   1   2  13   0   0  19  0.49 0.28
  344 S   -2 -2  1 -3 -2 -1  2 -3 -2 -4 -2 -3 -3 -2 -2  4  4 -4  3 -2    1   1   8   0   1   2  12   1   1   0   3   0   0   1   2  30  26   0  10   1  0.58 0.36
  345 H   -3 -3 -3 -4 -4 -4 -4  0  7  5 -3 -3 -3 -4 -5 -2  2 -5 -3  0    1   1   1   0   0   0   0   8  29  39   1   1   0   0   0   2  13   0   0   4  1.08 0.47
  346 Y   -5 -5 -5 -6 -5 -5 -5 -6 -2  1 -2 -5 -3  5 -6 -4 -4 -2  8  1    0   0   0   0   0   0   0   0   1   7   2   0   0  19   0   1   0   0  58  10  1.81 0.62
  347 M    2 -1 -3 -3 -3  0 -2  0 -2 -1 -2  1  5  1 -3  1 -2 -3  3 -2   16   3   0   0   0   4   1   8   1   3   0  11  19   6   0  13   0   0  11   1  0.36 0.27
  348 K   -3  3 -3 -4 -2  0 -2 -4 -3 -1  2  4 -1  1 -4 -3 -2 -4  0 -1    1  16   0   0   1   2   1   1   0   3  27  34   1   5   0   0   1   0   4   3  0.56 0.31
  349 N    0  2  3  1 -2  0  0 -2 -1  0 -1  1 -1 -2 -2  0  0 -3 -2  0    7  14  19   6   1   4   5   1   1   6   5  10   1   1   1   5   5   0   1   6  0.18 0.12
  350 Y    0  2  0  0 -2  0  1 -1  0 -1 -1  0 -1  2  1  0  0  0  1 -1    8  12   4   6   0   2   9   4   2   1   3   6   1  10   7   4   8   1   4   6  0.08 0.07
  351 D   -2 -1  2  4 -3 -1  2 -1  2 -1 -2 -1 -2 -2  0 -1 -1 -3 -1 -2    2   3  10  30   0   2  12   4   6   3   4   3   1   2   5   3   4   0   2   3  0.34 0.16
  352 V    1 -1 -1  0 -1 -1  0  0 -1  0  0  0  0 -2  1  0  0 -2 -1  1   18   3   3   6   1   2   7   5   1   7   6   6   2   1   5   6   5   0   2  14  0.05 0.06
  353 G    0 -1  0 -1 -3  1  0  1 -1 -2 -2  2 -2 -2  3  1  0 -3 -2 -1    5   2   5   2   0   6   5  12   1   2   3  16   0   2  14  14   6   0   1   3  0.23 0.14
  354 H    0  1  2 -1 -3  0 -1 -2  4 -2 -2  1 -2  0  0  1  0 -2  2 -1    6   9  13   2   0   5   3   2  11   2   2   9   1   4   4  10   4   0  10   4  0.21 0.15
  355 V    0  2 -2 -3 -3 -1 -2 -2 -1  0 -1  1 -1 -1 -1 -1 -1 -1  4  3    9  11   1   1   0   1   2   3   1   3   3  12   1   1   3   3   3   0  17  23  0.26 0.19
  356 P   -2  0  1 -1 -4  2 -1  0  2 -3 -3  1  1 -3  5 -1 -1 -4 -2 -3    3   4   7   3   0  12   2   8   5   1   2   7   4   1  31   5   3   0   1   2  0.55 0.27
  357 L   -3 -4 -4 -5 -3 -3 -4 -5 -4  1  5 -3  2 -2 -3 -3 -1 -4 -3  3    2   1   1   0   0   1   1   1   0   6  55   2   4   1   2   1   4   0   0  20  0.80 0.37
  358 R   -3  6 -3 -3 -5 -1 -3 -4  2 -5 -3  4 -4 -3  0 -2 -2 -5 -1 -5    1  46   1   1   0   1   0   1   5   0   2  29   0   1   6   2   2   0   2   0  1.16 0.49
  359 L   -2 -3  1  0 -4 -2 -3 -1  2 -1  3 -3  5 -1 -3  0 -1 -3 -2 -1    2   0   9   7   0   1   1   4   5   2  29   1  21   2   1   7   4   0   1   2  0.44 0.30
  360 P    1  1 -1 -1 -4  1  0 -2 -1 -3 -3  4 -3 -5  4  0  0 -5 -4 -3   11   7   2   3   0   6   6   2   1   1   2  26   0   0  19   8   5   0   0   2  0.48 0.28
  361 R    2  2  0  0 -3  0  0 -1  1 -3 -3  1 -2 -4 -2  3  1 -4 -3 -2   19  10   4   4   0   4   7   3   3   1   1   7   1   0   1  27   6   0   0   1  0.34 0.25
  362 A    5 -4 -2 -3 -1 -3  0 -1 -3 -4 -2 -3 -4 -5 -4  3 -2 -5 -2 -1   51   0   2   1   1   0   6   4   0   0   3   0   0   0   0  26   1   0   1   3  0.86 0.47
  363 K   -4  6 -1 -1 -6  1 -2 -5 -1 -4 -5  5 -2 -6 -5 -4 -4 -6 -5 -4    1  46   3   3   0   5   1   0   1   1   1  36   1   0   0   0   0   0   0   1  1.38 0.58
  364 Q    1  1  1  0 -4  3  1 -2  0 -3 -3  3  0 -1 -3  1  0 -4 -3 -2   11   9   6   5   0  13   9   1   3   1   1  19   3   3   0  11   5   0   0   2  0.29 0.22
  365 L   -1 -4 -4 -6 -4 -5 -5 -6 -5  2  5 -5  0  3 -4 -4 -3 -4 -2  2    4   0   1   0   0   0   0   0   0  10  57   0   1  13   1   0   1   0   1  11  0.99 0.44
  366 L   -5 -5 -6 -5 -4 -3 -5 -6 -1  0  5 -3  0  4 -6 -5 -4 -4  3 -2    0   0   0   1   0   1   0   0   1   4  62   1   2  15   0   0   0   0  10   1  1.16 0.51
  367 A    0  0  2  2 -4  0  2 -1  1 -4 -5  3 -3 -4 -3  2  0 -5 -3 -4    5   4  11  10   0   2  12   4   3   0   0  23   1   0   0  19   4   0   1   0  0.45 0.29
  368 T   -1 -1 -2 -1 -3  1  3 -4  2  0 -2  0 -2  0 -3  0  2 -4  2  1    3   2   1   3   0   5  25   0   5   5   2   5   0   5   0   4  16   0   7  12  0.29 0.25
  369 I   -4 -6 -7 -7 -5 -6 -6 -7 -7  7  0 -6 -1 -4 -6 -6 -4 -6 -5  4    1   0   0   0   0   0   0   0   0  70   4   0   1   0   0   0   0   0   0  23  1.85 0.68
  370 N   -1  1  4  2 -2  0  2 -3 -1 -3 -3  1 -2 -2 -3  0  0  2  1 -2    3   8  22  10   1   2  13   1   1   1   2  11   1   1   0   7   6   3   4   2  0.33 0.23
  371 K   -1  2  1  1 -5  1  3 -3 -2 -5 -4  4 -3 -5 -4  0  0 -5 -4 -5    5  10   7   8   0   6  20   1   1   0   1  30   0   0   0   7   4   0   0   0  0.63 0.36
  372 N   -3  2  5 -1 -5  0  2 -4  2 -5 -5  3 -3 -4 -2 -1 -1 -5 -3 -4    0  11  33   2   0   3  16   0   4   0   0  21   0   0   1   4   3   0   1   1  0.82 0.42
  373 F   -4 -1 -6 -7 -1 -6 -6 -6  2 -3 -3 -6 -3  8 -7 -4 -5 -3  5 -3    1   4   0   0   2   0   0   0   5   1   1   0   0  64   0   1   0   0  19   1  2.01 0.73
  374 S   -2  1  2  1 -3 -2 -3  5  0 -5 -4  1 -4 -5  2  1 -2 -5 -5 -5    2   9   9   7   1   1   0  40   2   0   1   9   0   0   9   9   1   0   0   0  0.68 0.36
  375 T   -1 -3  0 -3 -4 -3 -2 -1 -1 -1 -3 -2  1 -4 -1  0  6 -3  0 -2    5   1   3   1   0   0   2   5   1   3   2   2   3   0   3   5  58   0   3   2  0.89 0.49
  376 L   -4 -5 -6 -7 -5 -5 -5 -7 -6  0  6 -6  6 -1 -6 -5 -4 -5 -2 -2    1   0   0   0   0   0   1   0   0   4  69   0  20   2   0   1   0   0   1   1  1.57 0.63
  377 A    1 -6 -6 -5  0 -4 -4 -5 -6 -5 -6 -5 -6 -7  8 -4 -5 -7 -6  0   14   0   0   0   2   0   1   0   0   0   0   0   0   0  75   1   0   0   0   6  2.26 0.80
  378 F   -6 -7 -7 -7 -6 -7 -7 -7 -5 -4 -4 -7 -4  9 -7 -6 -6  3 -1 -5    0   0   0   0   0   0   0   0   0   0   0   0   0  93   0   0   0   4   1   0  3.05 0.95
  379 C    3 -5  1 -4  8 -4 -4 -4 -5 -4 -5 -4 -4 -5 -3  2  2 -5 -5 -4   27   0   6   0  33   0   0   0   0   0   0   0   0   0   1  16  14   0   0   0  1.30 0.56
  380 R    0  5 -3 -2 -4  0  1 -3 -1 -2  1  1 -2 -2  1 -2 -1 -4 -1 -3    9  32   0   1   0   2   9   1   1   2  18   9   1   1   8   1   3   0   2   0  0.44 0.29
  381 R   -5  8 -4 -6 -7 -3 -4 -6 -3 -7 -6 -1 -5 -7 -6 -5 -5 -6 -6 -6    0  94   0   0   0   1   0   0   0   0   0   2   0   0   0   0   0   0   0   0  2.78 0.96
  382 Y    0 -5 -1 -4 -6 -3 -4 -4  1 -6 -5 -5 -5 -1 -6  0 -4 11  5 -6    9   0   4   1   0   1   1   1   4   0   1   0   0   2   0   7   1  47  21   0  2.20 0.78
  383 L   -4 -5 -6 -6  1 -5 -6 -6 -5  2  5 -5  1  3 -6 -5 -4 -4  0  0    0   0   0   0   2   0   0   0   0   9  64   0   2  13   0   0   0   0   2   5  1.20 0.50
  384 D   -2 -3 -2  5 -5  0  4 -2 -2 -3 -3 -1 -2 -5 -1 -1 -1 -1 -3 -2    2   1   1  39   0   3  28   2   1   1   2   3   1   0   4   3   3   1   1   4  0.84 0.41
  385 R   -2  4  0  3 -3  0  1 -1  0 -3 -3  1 -2 -1 -2 -1 -2 -1  0 -2    2  31   4  15   0   3   7   5   2   1   2   9   1   3   2   2   2   1   3   3  0.41 0.22
  386 L    0 -1 -2 -1 -1 -1  0 -1 -1  1  2 -1  1  0 -1 -1 -1 -1  1  0    8   2   2   4   1   1   8   3   1   9  26   4   4   4   3   4   3   1   7   5  0.08 0.08
  387 G   -1 -2  1  1 -3 -2 -1  4 -2 -2 -3 -1 -1  0  1  0 -1  1 -2 -2    3   2   6   7   1   1   4  40   1   2   3   4   2   4   6   5   4   2   1   2  0.41 0.19
  388 E   -1 -1 -1  1  0  2  5  0 -1 -2 -3 -2 -3 -2 -2 -1 -1 -4 -2  0    4   2   2   8   2  10  38   6   1   2   2   1   0   2   2   4   4   0   1   8  0.46 0.29
  389 T   -1  0 -1  2 -4 -1  2 -1 -2 -3 -4  3 -3 -4 -1  0  2 -5 -4 -2    5   4   2  14   0   1  15   5   1   1   0  24   0   0   3   7  13   0   0   3  0.40 0.26
  390 K   -3  4  1 -2 -5  1 -1 -2 -2 -5 -4  6 -3 -3 -3 -1 -2 -5 -4 -4    1  22   8   2   0   5   3   3   1   0   1  45   1   1   1   4   1   0   0   1  0.94 0.45
  391 Y    3 -2 -3 -3 -2 -3 -2 -3  2 -2  0 -3 -2  0 -1  0 -2  0  6 -1   26   2   1   1   1   0   2   1   6   2   8   1   0   3   3   5   1   1  30   5  0.61 0.35
  392 L   -2  3  0  0 -1  1  1 -3  0 -1  2  2  0 -2 -3 -2 -2 -4 -3 -2    1  20   3   6   1   6   9   2   3   3  25  12   2   1   0   2   2   0   0   1  0.30 0.22
  393 M   -1 -2 -2 -1 -4 -2 -2 -3 -3  0  3 -2  6  1 -2 -2 -1 -4 -1 -1    5   2   2   3   0   2   3   2   0   5  32   3  27   5   2   3   3   0   2   2  0.57 0.33
  394 A    4 -4 -1 -4 -4 -3 -3  4 -4 -1 -2 -3 -2 -4 -2  0 -1 -4  0 -2   36   0   2   0   0   0   1  35   0   3   3   0   1   0   1   7   3   0   3   2  0.73 0.39
  395 L   -3 -5 -6 -6 -4 -5 -5 -6 -3  2  5 -5  3 -2 -5 -5 -3 -5 -3  2    1   0   0   0   0   0   0   0   1  11  63   0   7   1   0   0   1   0   0  15  1.21 0.51
  396 K   -1  3  4 -1 -4  0 -2 -3 -2 -2 -2  4 -1 -4 -2 -1 -1 -5 -2  1    4  18  20   2   0   3   1   1   1   2   2  24   1   0   2   3   2   0   1  12  0.49 0.31
  397 N   -2  1  3  0  0  2  4 -2  2 -2 -2  0 -2 -2 -3  0  0 -4 -1 -3    2   8  14   4   2   9  26   2   4   2   4   4   1   2   1   8   6   0   2   1  0.37 0.25
  398 L   -4 -5 -6 -6  6 -5 -6 -5 -6 -2  6 -4  2 -3 -6 -5 -4 -5 -5 -3    1   0   0   0  19   0   0   1   0   1  72   1   4   0   0   0   0   0   0   0  1.67 0.65
  399 C   -1 -4 -4 -4  4 -2  0 -4 -4  2  0 -1  1 -3 -4 -1 -1 -2 -2  5    5   0   0   1  10   1   6   1   0   9   6   3   4   0   0   5   4   1   1  42  0.59 0.34
  400 D   -1  3  2  2 -4  1  0 -3 -2 -4 -3  3  0 -4 -3  1 -1 -5 -4 -3    3  15  11  14   0   5   5   1   0   1   1  23   3   0   0  13   2   0   0   1  0.49 0.30
  401 S    1 -1  2 -1 -3  1 -1 -3  6 -3 -1  2  0 -4 -3  1 -1 -4 -1 -2   15   3  11   2   0   7   4   1  21   1   5  11   2   0   1  11   2   0   2   2  0.42 0.29
  402 G   -3  0  1  0 -6 -2  0  6 -5 -7 -6  2 -3 -6 -5 -3 -4 -6 -6 -6    1   5   6   6   0   1   7  62   0   0   0  11   1   0   0   1   0   0   0   0  1.26 0.54
  403 I    1 -3 -3 -5  1 -4 -4 -5 -2  5  2 -4  0 -2 -5 -3 -3 -5 -2  3   15   1   1   0   3   0   1   0   1  32  23   0   1   1   0   1   0   0   1  17  0.67 0.35
  404 I   -3 -6 -6 -6 -2 -5 -6 -6 -6  3  4 -6 -1 -1 -6 -5 -4 -5 -4  5    1   0   0   0   1   0   0   0   0  17  33   0   1   2   0   0   0   0   0  45  1.22 0.52
  405 E   -3  1  1  1 -4  3  3 -4  4 -2 -4  0 -2 -2 -4 -2  0 -4  3 -2    1   6   6   6   0  16  23   0  11   2   0   4   1   1   0   2   5   0  12   3  0.54 0.34
  406 P    2 -3 -3  1 -2 -3 -1  2 -1 -5 -5 -2 -4 -6  5  2 -3 -6 -4 -3   17   1   0  10   1   1   4  14   2   0   0   1   0   0  33  13   0   0   0   1  0.82 0.42
  407 C   -6 -6 -6 -5  0 -6 -6 -7  0 -4 -4 -6 -5  4 -7 -6 -6 -3  9 -5    0   0   0   1   2   0   0   0   2   1   1   0   0  15   0   0   0   0  78   0  2.79 0.96
  408 P    0 -5  0 -4 -6  0 -2 -5  1 -7 -6 -4 -6 -7  8 -2 -4 -7 -6 -6    7   0   4   0   0   4   3   0   4   0   0   0   0   0  73   2   1   0   0   0  2.15 0.81
  409 P   -3 -5 -6 -6 -5 -3 -4 -6 -6  1 -4 -4  0 -5  6 -4 -2 -7 -5  5    1   0   0   0   0   1   1   0   0   6   0   0   2   0  40   1   2   0   0  45  1.54 0.65
  410 V   -5 -6 -7 -7 -5 -6 -7 -7 -2 -1  7 -6  1 -3 -7 -6 -5 -6 -5 -3    0   0   0   0   0   0   0   0   1   2  92   0   3   0   0   0   0   0   0   0  2.01 0.77
  411 C   -2 -1  0 -4  5 -2 -4 -4  2  1 -2  1 -1  0 -4 -1 -2  1  3  3    2   3   4   0  14   1   0   0   6   7   1  12   2   4   0   4   2   2  11  24  0.45 0.30
  412 D   -4 -5 -3  6 -7 -3  6 -6 -5 -7 -7 -4 -6 -7 -5 -4 -5 -7 -6 -7    1   0   0  44   0   0  55   0   0   0   0   0   0   0   0   0   0   0   0   0  2.04 0.81
  413 V    0  1 -3 -2 -2 -1 -1 -4  0  3 -2  4 -2 -4 -4 -2 -2 -5 -4  3    6   9   0   2   1   2   3   1   3  18   1  27   0   0   0   3   2   0   0  22  0.47 0.32
  414 K   -1  2  1  2 -5 -1  1  0  0 -4 -4  3 -4 -5  3  1 -2 -5 -4 -4    4   9   5  11   0   1   9   6   2   0   1  24   0   0  16   9   2   0   0   1  0.49 0.30
  415 G   -4 -2  2 -1 -6 -4 -2  6 -1 -7 -7  0 -6 -6 -5 -2 -4 -6 -6 -6    0   2   9   4   0   0   2  71   1   0   0   6   0   0   0   2   1   0   0   0  1.57 0.62
  416 S    0 -2 -2  0  4 -2  2  3 -4 -5 -5 -2 -4 -4 -4  4 -2 -5 -4 -5    8   2   1   5   8   1  15  21   0   0   0   1   0   0   0  35   1   0   0   0  0.72 0.42
  417 Y   -3 -1 -4 -5 -3 -3 -3 -6 -1  0  2 -3  4  3 -1 -4 -3  0  6 -1    2   3   0   0   1   0   2   0   1   6  17   2  10  13   3   0   1   1  35   3  0.87 0.42
  418 I   -3 -6 -5 -6 -4 -5 -5 -6 -6  1 -3 -5 -3 -5 -5 -1  3 -6 -5  6    1   0   0   0   0   0   0   0   0   4   0   0   0   0   0   4  21   0   0  68  1.56 0.67
  419 S    6 -5 -4 -5 -4 -4 -4 -2 -5 -5 -5 -4 -5 -6 -4  4 -2 -6 -4 -2   66   0   0   0   0   0   0   2   0   0   0   0   0   0   0  27   2   0   1   2  1.46 0.67
  420 Q   -5 -3 -5 -5 -7  9 -3 -6  3 -7 -7 -3 -5 -7 -6 -5 -5 -6 -6 -7    0   1   0   0   0  92   0   0   6   0   0   0   0   0   0   0   0   0   0   0  2.93 1.08
  421 F    2 -5 -5 -5 -3 -5 -4 -5 -1  0 -3 -2  0  7 -6 -2 -2  2  3 -2   15   0   0   0   1   0   1   0   2   4   1   3   2  53   0   3   2   3   9   2  1.25 0.54
  422 E   -5 -2 -4 -3 -7 -2  7 -6 -4 -7 -7  3 -6 -7 -5 -4 -5 -7 -6 -6    0   2   0   0   0   0  77   0   0   0   0  19   0   0   0   0   0   0   0   0  2.04 0.81
  423 H   -3 -4 -3 -1 -4 -4 -3 -5 10 -6 -5 -5 -2  3 -6 -4 -3 -6 -1 -4    2   0   0   4   0   0   1   1  71   0   1   0   1  13   0   1   1   0   1   1  2.51 0.86
  424 T   -4 -6 -5 -6 -3 -5 -4 -6 -6 -5 -5 -5 -5 -7 -5 -2  8 -7 -6 -5    0   0   0   0   1   0   1   0   0   0   0   0   0   0   0   2  96   0   0   0  2.63 1.01
  425 I   -3 -6 -6 -6 -3 -6 -6 -7 -6  5  1 -6  0  3 -6 -5 -3 -5 -3  5    1   0   0   0   0   0   0   0   0  35  10   0   2  11   0   0   1   0   0  40  1.23 0.51
  426 L   -4 -6 -6 -7 -3 -5 -6 -7 -5  4  5 -6  2 -1 -6 -5 -4 -4  3  0    1   0   0   0   0   0   0   0   0  25  54   0   4   2   0   0   0   0   9   5  1.20 0.51
  427 L   -4 -6 -6 -6 -2 -5 -6 -7 -6  2  5 -6 -1 -2 -1 -4 -4 -5 -4  4    0   0   0   0   1   0   0   0   0  12  51   0   1   1   4   0   0   0   0  31  1.15 0.50
  428 R   -3  4 -1 -2 -5 -2  1 -2  2 -3  0  0  5 -3 -4 -2  3 -5 -3 -3    1  26   2   2   0   0   8   4   5   0  10   4  15   0   0   2  20   0   0   0  0.57 0.38
  429 P   -1 -2 -2  0 -6 -1  3 -2 -2 -6 -6  0 -5 -6  6  0 -4 -6 -5 -5    6   2   1   5   0   2  24   3   1   0   0   7   0   0  44   6   0   0   0   0  1.19 0.52
  430 T   -3 -3  5  4 -5 -2  0  0  1 -5 -5 -1 -2 -4 -4  0  3 -3 -4 -4    0   1  28  24   0   0   4   6   3   0   0   2   1   0   0   7  21   0   0   0  0.83 0.43
  431 C   -2 -1 -3 -3  6 -3 -2  6  1 -5 -5  0 -5 -6 -5 -2 -4 -5 -4 -2    2   3   0   1  17   1   2  55   4   0   1   5   0   0   0   3   0   0   0   4  1.20 0.50
  432 K   -1 -2  0 -4  5 -2 -3 -3 -4 -1 -4  5 -3 -5  2 -1 -1 -5 -3  1    5   1   4   0  15   0   1   1   0   4   0  41   0   0  10   5   3   0   1   9  0.76 0.42
  433 E   -4 -1 -2  1 -3  1  6 -5  1  1 -2 -1  1 -3 -4 -3  0 -6 -3 -1    0   3   1   5   0   4  54   0   3   8   3   3   3   1   0   0   7   0   1   3  0.87 0.47
  434 I   -3  1 -3 -6 -4 -5 -5 -6 -6  3 -2  1 -3 -4 -3 -5 -3 -6 -5  6    0   8   2   0   0   0   0   0   0  18   2   8   0   0   1   0   0   0   0  60  1.22 0.55
  435 I   -3 -5 -5 -6 -4 -5 -5 -6 -6  5  2 -5 -2 -2 -5 -3  3 -5 -4  3    0   0   0   0   0   0   0   0   0  37  18   0   0   1   0   0  22   0   0  21  1.01 0.47
  436 S   -2 -5 -4 -5 -5 -4 -4 -5 -5 -5 -5 -4 -5 -6 -5  5  7 -6 -6 -4    2   0   0   0   0   0   0   0   0   0   0   0   0   0   0  36  62   0   0   0  1.79 0.77
  437 K   -2  7 -1 -3 -4 -1 -2 -1 -2 -4 -5  4 -4 -6 -4 -1 -3 -2 -4 -5    2  59   2   1   0   1   1   4   0   1   0  23   0   0   0   4   0   0   0   0  1.33 0.50
  438 G   -2 -5 -3 -4 -5 -4 -5  7 -5 -6 -6 -4 -5 -6 -5 -1 -4 -5 -6 -3    0   0   0   0   0   0   0  93   0   0   0   0   0   0   0   4   0   0   0   2  2.04 0.56
  439 D   -4 -4  1  7 -6 -2  1 -4 -3 -5 -5 -3 -4 -3  0 -1 -1 -6 -4 -5    0   0   5  76   0   0   7   0   0   0   0   0   0   1   4   3   2   0   0   0  1.55 0.46
  440 D   -4 -4 -1  8 -6 -3  0 -4 -4 -6 -6 -3 -6 -6 -4 -3 -4 -7 -6 -6    0   0   0  97   0   0   3   0   0   0   0   0   0   0   0   0   0   0   0   0  2.29 0.54
  441 Y   -5 -5 -5 -6 -5 -4 -5 -6 -1 -4 -4 -5 -4  2 -6 -5 -4  1  9 -4    0   0   0   0   0   0   0   0   0   0   0   0   0   5   0   0   0   1  94   0  2.61 0.57

                      K         Lambda
Standard Ungapped    0.1316     0.3134
Standard Gapped      0.0467     0.2670
PSI Ungapped         0.1528     0.3105
PSI Gapped           0.0467     0.2670
