
Last position-specific scoring matrix computed, weighted observed percentages rounded down, information per position, and relative weight of gapless real matches to pseudocounts
           A  R  N  D  C  Q  E  G  H  I  L  K  M  F  P  S  T  W  Y  V   A   R   N   D   C   Q   E   G   H   I   L   K   M   F   P   S   T   W   Y   V
    1 M   -2 -3 -4 -5 -3 -2 -3 -4 -3  1  1 -3  9 -1 -4 -3 -2 -3 -2  0    0   0   0   0   0   0   0   0   0   3   0   0  97   0   0   0   0   0   0   0  1.47 0.25
    2 E    1 -1 -1  1 -3  0  4 -2 -1 -4 -4 -1 -3 -4 -2  4  0 -4 -3 -3    9   0   0   4   0   0  41   0   0   0   0   0   0   0   0  46   0   0   0   0  0.61 0.15
    3 K    2  1 -1 -2 -3  1  0 -1 -2 -3 -3  4 -2 -4  0  2  0 -4 -3 -2   20   5   1   0   0   5   0   3   0   0   0  41   0   0   3  18   3   0   0   0  0.38 0.11
    4 A    6 -3 -3 -3 -2 -2 -2 -1 -3 -2 -3 -2 -2 -4 -1  1 -1 -4 -3 -1   86   0   0   0   0   0   0   0   0   1   1   0   1   0   2   6   1   0   0   3  0.94 0.26
    5 I    1 -2 -1 -3 -3  2 -2 -3 -2  1  1 -2  6 -1 -3 -1  0 -3 -2  1   11   1   2   0   0  13   0   1   0   9   9   1  34   1   0   2   4   0   1   9  0.42 0.20
    6 E   -2  0  1  3 -5  4  4 -3  2 -4 -4  0 -2 -4 -3 -1 -2  0 -3 -3    1   4   6  18   0  22  34   1   6   1   1   2   1   0   0   1   0   1   0   1  0.68 0.23
    7 R   -4  8 -3 -4 -6 -2 -3 -5 -3 -6 -5  0 -4 -6 -5 -3 -4 -6 -4 -5    0 100   0   0   0   0   0   0   0   0   0   0   0   0   0   0   0   0   0   0  2.28 0.52
    8 Q   -2 -3 -4 -4 -3  2 -3 -5 -4  3  4 -3  1 -2 -4 -3 -2 -4 -3  2    0   0   0   0   0  16   0   0   0  18  52   0   2   0   0   0   1   0   0  11  0.65 0.24
    9 R   -1  2  2 -1 -4  3  0  1 -2 -4 -4  2 -3 -4 -3  2  0 -4 -3 -3    3  14  11   2   0  21   3  10   0   0   0  15   0   0   0  16   5   0   0   0  0.40 0.17
   10 V    0 -1 -1 -2 -3  4 -1 -2 -1  0 -2 -1 -1 -3 -3  2  0 -4 -3  2    6   1   2   0   0  29   0   1   1   6   1   1   0   0   0  24   4   0   0  22  0.39 0.22
   11 L   -3 -4 -5 -5 -3 -4 -5 -5 -5  4  3 -4  0 -1 -4 -4 -2 -4 -3  4    0   0   0   0   0   0   0   0   0  28  38   0   0   1   0   0   0   0   0  33  0.82 0.25
   12 L    1 -1 -2 -3 -1 -1 -1 -1 -3  0  3 -1  0 -1 -3  1  0 -3 -2  1   17   2   1   0   1   1   2   3   0   3  39   5   0   2   0  13   3   0   0   7  0.20 0.13
   13 E    0  1  2  1 -3  0  0  3  0 -4 -4  1 -3 -4 -3  2 -1 -4 -3 -3    6   6  10   7   0   3   3  29   2   0   0  12   0   0   0  22   1   0   0   0  0.42 0.16
   14 H   -4 -3 -2 -4 -6  3 -2 -5 10 -6 -6 -3 -4 -4 -5 -4 -4 -5 -1 -6    0   0   0   0   0  15   0   0  85   0   0   0   0   0   0   0   0   0   0   0  2.60 0.56
   15 L   -3 -4 -5 -6 -3 -3 -5 -6 -5  2  5 -4  2  1 -5 -4 -3 -3 -3  0    0   0   0   0   0   0   0   0   0   8  80   0   5   5   0   0   0   0   0   2  1.10 0.31
   16 R    1  2  1 -1 -1  1  0 -1 -1 -2 -2  1 -2 -3 -1  2  2 -3 -2 -1   10  14   8   2   1   5   3   2   0   1   4   9   0   0   1  16  17   0   0   5  0.19 0.10
   17 P    0 -2 -1 -2  0 -2 -2  2 -3 -3 -3 -2 -2 -3  6 -1 -2 -3 -3 -2    6   1   3   2   2   1   1  18   0   1   2   1   1   1  51   3   2   0   1   3  1.02 0.21
   18 S    1  0  0 -1 -2  1 -1  2 -1 -2 -2 -1 -2 -2  2  2  0 -2 -2 -1   13   5   5   1   0   6   3  18   1   2   4   1   1   1   9  20   5   0   1   2  0.20 0.07
   19 S    1 -1  0 -1 -1  0 -1  0 -1 -1 -2 -1 -1 -1  1  3  2 -2 -2 -1   14   3   5   2   1   3   2   7   1   3   3   2   1   2   7  27  13   0   1   3  0.18 0.07
   20 S    0  0  0  1 -1  0  0  0 -1 -1 -2  0 -1 -2  1  3  0  0 -1 -1    7   3   4   7   1   3   5   7   1   2   3   5   1   1   7  30   5   2   2   4  0.15 0.06
   21 S    1  0  0  0 -1  0  0  1 -1 -1 -1  0 -1 -2  1  2  1  0 -1 -1    9   3   3   4   1   4   3   9   1   2   8   6   1   2   6  26   8   1   1   3  0.12 0.05
   22 S    1  0  0  0 -1  0  0  1  0 -1  0  0  0 -1  1  1  0 -1  0 -1   13   3   4   4   1   5   5  10   2   4   8   3   2   2   7  15   5   1   3   5  0.06 0.02
   23 H    0  0  0  0 -1  1  0  0  1 -1 -1  0  0 -1  1  1  0  1  0 -1    7   3   5   3   1   6   5   5   5   4   8   8   2   2   8  13   4   3   2   5  0.06 0.01
   24 N    0  0  1  0 -1  1  0  0  1 -1 -1  0  0 -1  2  0  0 -1 -1 -1    9   5  10   3   1   8   4   7   5   3   5   4   3   2  10   7   5   1   2   5  0.09 0.02
   25 Y    0  1  0  0 -1  0  0  0  0 -1  0  0  0  0  2  0  0  0  0 -1    9   8   3   4   2   5   5   7   2   3  10   3   1   4   9   9   5   1   3   5  0.04 0.01
   26 E    0  0  0  1 -1  1  1  0  0 -1  0  0  0 -1  0  0  0 -1 -1 -1    7   4   4   7   1  10   9   6   3   3  10   5   1   3   4  10   4   1   2   4  0.04 0.01
   27 A    1  0  0 -1  0  0  0 -1  0 -1 -1  0 -1 -1  1  2  1  2 -1 -1   11   4   3   3   2   3   5   4   2   3   5   5   2   2   8  21   8   3   2   5  0.10 0.03
   28 S    1  0  0  0 -1  1  0  0  0 -1 -1  0 -1 -1  0  1  1 -1  0  0   15   6   6   4   1   6   3   5   3   3   5   4   1   3   3  13   7   1   3   6  0.05 0.02
   29 L    0 -1 -1 -1 -1 -1 -1 -1 -1  1  2 -1  1  0  0 -1  0 -1 -1  1    6   3   2   3   1   2   3   4   1   8  28   5   5   3   4   4   5   1   2   8  0.04 0.02
   30 S    1  1  0 -1 -1  1  0  0  0 -1 -1  0  0 -1  0  2  0 -1 -1 -1   13   7   4   3   1  10   4   6   1   2   5   4   2   2   3  20   6   1   2   5  0.08 0.03
   31 A    2  0  0 -1 -1  0  0  0 -1 -1 -1  0 -1 -1  0  1  0 -1 -1  0   28   3   4   3   1   5   3   6   2   3   7   5   1   4   3  10   6   1   1   5  0.08 0.03
   32 S    1  0  0  0 -1  1  0  0 -1 -1 -1  0 -1 -1  0  2  0 -1 -1  0   10   5   5   3   1   7   6   7   1   4   6   3   1   2   4  24   5   1   2   6  0.09 0.04
   33 A    1  0 -1 -1 -1  0  0  0  0  0  0  0  0 -1  2  0  0  0 -1  0   12   4   3   3   1   4   8   8   2   8   7   3   1   3  11   6   5   1   2   9  0.06 0.01
   34 C    0 -1  0 -1  6  0 -1  0  1 -1 -1 -1 -1 -1 -1  0  0 -1 -1  0    9   2   3   4  23   6   4   6   4   3   7   3   1   2   3   8   6   1   1   5  0.20 0.06
   35 L    1  0 -1 -1 -1  0  0  0  0  0  0  0  0  0  0  1  0  0  0  0   13   4   2   2   1   3   4   8   2   7  14   4   4   4   3  12   5   1   2   5  0.02 0.01
   36 A    2  0 -1 -1  0  0 -1  1 -1 -1 -1  0 -1 -2 -1  1  0 -2 -1  0   25   6   2   2   2   2   3  11   1   5   6   3   2   1   2  15   5   1   1   5  0.10 0.05
   37 G    0  0  0 -1 -2  0 -1  4 -1 -2 -2 -1 -2 -2  0  0  0 -2 -2 -2    5   4   2   2   1   4   4  44   2   2   4   4   1   2   5   6   4   0   1   3  0.37 0.10
   38 D    0  0  1  2 -2  1  0  1 -1 -2 -1  1 -1 -1  0  0  0 -2 -1 -1    7   4   7  17   1   6   3  12   1   2   6   9   1   3   4   7   6   0   1   3  0.11 0.04
   39 S    1  0  0 -1 -2  0 -1 -1 -1 -2 -2  1 -2 -2  2  4  1 -3 -2 -1    8   3   2   2   0   3   1   2   1   1   3   9   0   1   8  40   9   0   1   5  0.31 0.14
   40 A    3 -1 -1 -2 -2  0 -2  3 -2 -2 -2 -1 -2 -3  2  1 -1 -3 -3 -2   31   2   2   1   0   5   1  29   1   1   3   2   0   1   8   7   2   0   0   3  0.40 0.15
   41 A    2  0 -1 -2 -2 -1 -1 -2 -2  1  1  2 -1 -2 -1  0 -1 -3 -2  1   29   5   2   1   0   1   2   1   0   8  15  18   0   1   2   3   2   0   1   9  0.16 0.12
   42 Y    1  1  1  0 -2  1  0 -1 -1 -2 -1  0 -2 -1 -1  2  0 -2  2 -2   18   8   8   5   0   6   3   3   0   1   5   5   0   1   2  19   3   0  11   2  0.15 0.10
   43 Q    2  0  1 -1 -3  3  0  0  2 -3 -3  2 -2 -3 -1  1 -1 -3 -1 -2   24   4   5   1   0  17   5   5   6   1   2  13   0   0   2  10   2   0   1   1  0.27 0.14
   44 R   -1  3 -2 -3 -2 -2 -2 -2 -1  3  2  0  0 -1 -3 -2 -1 -3 -1  2    5  19   1   1   0   1   1   2   1  27  19   4   0   1   0   2   1   0   2  12  0.24 0.14
   45 T   -1 -1 -1 -1 -1  0 -1 -1 -1 -1  3 -1  0  0 -1  0  2 -3 -2 -1    2   2   2   2   1   5   4   4   1   1  37   4   1   3   2   7  20   0   0   2  0.19 0.14
   46 S    1  0 -1 -1 -3  3  2 -1 -2 -3 -3  0 -2 -3  0  2  2 -3 -3 -2   14   3   1   1   0  17  14   2   0   1   1   4   1   1   4  22  12   0   0   2  0.32 0.17
   47 L   -1  0 -2 -2  0  1 -1 -3 -3 -4 -3  6 -1 -2 -2 -2 -2 -4 -3 -2    4   2   1   2   3   4   1   1   0   0   2  70   1   2   1   1   2   0   0   2  1.02 0.36
   48 Y   -1  0  4 -1 -3  3 -1 -2  4 -3 -3 -1 -2  1 -3  2 -1 -2  0 -3    4   4  28   2   0  14   1   1  11   0   1   2   1   8   0  17   2   0   3   2  0.44 0.22
   49 G    0 -4 -3  1 -2 -3 -3  0 -4 -1 -2 -3  0 -4  7 -2 -2 -5 -4 -1   10   0   1   9   1   0   1   6   0   4   4   0   3   0  54   1   1   0   0   4  1.13 0.34
   50 D   -3 -1  2  6 -5  4  0 -3 -1 -5 -5 -2 -2 -5 -4  0 -2 -5 -4 -5    0   2   9  53   0  20   3   1   1   0   1   1   1   0   0   7   2   0   0   0  1.09 0.37
   51 D   -5 -4 -2  7 -7 -3  4 -5 -4 -6 -7 -3 -6 -7 -5 -3 -4 -7 -6 -6    0   0   1  73   0   0  25   0   0   0   0   0   0   0   0   0   0   0   0   0  2.02 0.60
   52 V    4 -5 -5 -5 -3 -4 -5 -4 -5  3 -2 -4 -2 -4 -4 -3 -2 -5 -4  5   34   0   0   0   0   0   0   0   0  18   1   0   0   0   0   0   2   0   0  45  1.02 0.42
   53 V   -4 -6 -6 -7 -3 -5 -6 -7 -5 -1 -2 -6 -3 -2 -6 -5 -3 -4  4  7    0   0   0   0   0   0   0   0   0   0   0   0   0   1   0   0   0   0  17  81  1.77 0.60
   54 I   -4 -6 -7 -7 -4 -6 -6 -7 -7  8 -1 -6 -2 -1 -6 -6 -4 -6 -4  3    0   0   0   0   0   0   0   0   0  81   1   0   0   2   0   0   0   0   0  16  1.89 0.58
   55 V   -2 -5 -5 -5  0 -5 -5 -6 -6  0  1 -5 -2 -4 -5 -3  3 -5 -4  6    2   0   0   0   2   0   0   0   0   3  11   0   0   0   0   0  22   0   0  60  1.12 0.45
   56 A    4 -3 -3 -1  2 -2 -2 -1  1 -3  0 -2  0 -2 -3  3 -1 -4 -2 -2   38   0   0   4   4   1   1   3   3   0   8   1   3   1   0  29   1   0   1   1  0.51 0.30
   57 A    6 -4 -4 -4  0 -4 -4  1 -4 -3 -4 -4 -3 -5 -3  1 -1 -5 -3 -2   71   0   0   0   2   0   0  11   0   1   0   0   0   0   1  10   2   0   1   1  1.16 0.47
   58 H    1 -1 -2 -4  1 -2 -3 -3 -1  1  2 -1  0 -1 -4 -2  1 -3  3  3   12   3   1   0   4   0   0   2   1   7  19   4   1   1   0   1   9   0  11  23  0.24 0.18
   59 R   -5  9 -4 -6 -7 -3 -4 -6 -4 -7 -6 -2 -5 -7 -6 -5 -5 -7 -6 -7    0 100   0   0   0   0   0   0   0   0   0   0   0   0   0   0   0   0   0   0  2.80 0.79
   60 T   -3 -5 -3 -4 -3 -4 -4 -5 -5 -4 -3 -4 -4 -6 -5  2  7 -6 -5 -4    0   0   0   0   0   0   0   0   0   0   2   0   0   0   0  15  83   0   0   0  1.92 0.67
   61 P    4 -5 -5 -5 -5 -4 -4 -2 -5 -6 -6 -4 -5 -7  7 -3 -4 -7 -6 -5   36   0   0   0   0   0   0   2   0   0   0   0   0   0  61   0   0   0   0   0  2.00 0.62
   62 L   -2 -5 -5 -5 -3 -4 -5 -4 -4  5  3 -5  1  1 -5 -3 -3 -4 -3  4    2   0   0   0   0   1   0   1   0  34  23   0   3   6   0   1   0   0   0  28  0.83 0.32
   63 C    1 -5 -3 -4  6 -4 -4  4 -5 -4 -5 -4 -4 -5 -4 -2  4 -5 -5 -4   12   0   1   0  17   0   0  37   0   0   0   0   0   0   0   0  32   0   0   0  1.14 0.44
   64 K   -4  5 -4 -4 -7 -2 -3 -5 -4 -6 -6  7 -5 -6 -5 -4 -4 -6 -5 -6    0  26   0   0   0   0   0   0   0   0   0  73   0   0   0   0   0   0   0   0  1.93 0.63
   65 S    5 -4 -3 -4 -3 -3 -4  3 -4 -4 -4 -3 -3 -5 -4  2 -3 -5 -3 -3   61   0   0   0   0   0   0  20   0   0   0   0   1   0   0  16   0   0   1   0  1.12 0.45
   66 K   -3  2 -1 -3 -5 -2 -2  2  1 -4 -4  4 -3  2  3 -2 -3 -1  1 -3    1  13   2   0   0   0   0  15   3   0   1  33   0   9  13   1   0   1   6   2  0.57 0.30
   67 R   -4  6 -1 -4 -6 -1 -3 -4 -4 -6 -6  6 -5 -6 -5 -3 -4 -6 -5 -5    0  39   2   0   0   0   0   0   0   0   0  56   0   0   0   1   0   0   0   1  1.66 0.57
   68 G   -3 -5 -4 -5 -6 -5 -6  8 -6 -7 -7 -5 -6 -7 -6 -4 -5 -6 -7 -7    0   0   0   0   0   0   0  99   0   0   0   0   0   0   0   0   0   0   0   0  2.55 0.71
   69 N    1 -3 -2 -3 -3 -1 -2  5 -2 -4 -3 -1  1 -2 -4  2  0 -4 -1 -2   11   0   0   0   0   2   1  44   1   0   1   5   5   2   0  17   6   0   2   3  0.62 0.29
   70 F   -5 -6 -6 -7 -5 -5 -6 -7 -5 -2  4 -6  0  8 -7 -6 -5 -3  0 -3    0   0   0   0   0   0   0   0   0   0  37   0   2  59   0   0   0   0   2   0  1.76 0.55
   71 K    1  3  0 -4 -4 -2 -2 -4 -2 -5 -5  6 -4 -5 -4 -2 -3 -6 -5 -5   13  15   5   0   0   0   0   0   1   0   0  63   0   0   0   1   0   0   0   0  1.29 0.50
   72 D   -3 -4  3  7 -6  0  0 -4  2 -5 -5 -2 -1 -4 -4 -1  0 -6 -4 -5    1   0  14  58   0   5   3   0   6   0   1   1   2   1   0   3   5   0   0   0  1.23 0.45
   73 T    1 -4 -3 -4 -1 -4 -3 -4 -5 -2 -2 -3  2 -4 -4 -1  6 -5 -3  2   13   0   0   0   1   0   0   0   0   0   3   1   5   0   0   3  56   0   1  17  1.01 0.45
   74 Y   -1  5 -1 -2 -2  0 -2 -2  3 -4 -1 -1 -3 -2  0  0  1 -1  3 -3    3  38   3   1   1   4   1   3   7   0   5   2   0   1   6   5   8   1  10   0  0.49 0.27
   75 P    1 -5 -4 -3 -5 -4 -4 -2 -5 -3  0 -4 -4 -4  7  0 -1 -6 -3 -2   11   0   0   1   0   0   0   3   0   1   9   0   0   1  58   7   4   0   1   3  1.37 0.46
   76 D    0 -4 -2  7 -6 -2  4 -4 -1 -5 -6 -3 -5 -6 -4 -1 -3 -7 -5 -3    7   0   0  59   0   1  25   0   1   0   0   0   0   0   0   3   0   0   0   2  1.42 0.50
   77 D   -3 -4 -2  6 -6 -2  4 -3 -3 -5 -4 -3 -4 -1 -4 -2 -1 -4  3 -4    1   0   1  53   0   0  23   2   0   0   1   0   0   2   0   1   3   0  10   1  1.17 0.45
   78 L   -4 -5 -6 -7 -4 -5 -6 -6 -6  2  6 -5  5 -2 -6 -5 -4 -5 -4 -1    0   0   0   0   0   0   0   0   0   8  72   0  17   1   0   0   0   0   0   1  1.47 0.50
   79 L    1 -4 -5 -5 -2 -4 -5  1 -5  0  5 -4  2 -2 -5 -2 -3 -4 -4  1   14   0   0   0   0   0   0  13   0   3  57   0   4   1   0   2   0   0   0   7  0.72 0.33
   80 A    4 -2 -3 -3 -1 -2 -2 -1 -2 -1 -1 -1  0 -1 -3  1  0 -4  2  1   45   1   0   0   1   1   1   4   1   3   4   2   3   2   0   9   6   0   7   9  0.40 0.25
   81 P    2 -1 -1 -2 -3  0  0  0  4 -1 -1  0 -2 -2  2  0  0 -2 -1 -1   20   1   2   1   0   4   7   8  14   4   6   4   0   1  10   6   7   0   2   4  0.19 0.14
   82 V    2 -4 -5 -5  1 -4 -4 -5 -5  1  1 -4  0  1 -4 -3  0 -5 -3  5   17   0   0   0   3   0   1   0   0   3  12   0   2   5   1   0   5   0   0  52  0.75 0.34
   83 L   -3 -5 -5 -6 -4 -4 -5 -6 -5  3  4 -5  3  3 -5 -4 -2 -4 -2  2    0   0   0   0   0   0   0   0   0  17  49   0   8  12   0   0   1   0   1  11  0.91 0.34
   84 R   -1  3  0 -2 -5  3  1 -3 -2 -4 -4  5 -4 -5 -4 -1  0 -5 -4 -4    4  16   3   2   0  11   6   1   1   0   1  47   0   0   0   2   6   0   0   1  0.83 0.35
   85 A    4 -2 -1 -1 -3  1  3  1  1 -4 -4 -1 -4 -5 -3  0 -2 -5 -4 -3   44   1   1   3   0   6  19  12   3   0   0   1   0   0   0   7   1   0   0   0  0.62 0.31
   86 L    2 -4 -4 -4 -3 -3 -4 -3 -4  0  2 -4 -1  1 -4 -2  2 -4 -3  3   24   0   0   0   0   0   0   0   0   4  19   0   0   6   0   1  17   0   0  29  0.51 0.28
   87 I   -3  0 -4 -5 -3 -4 -4 -5 -4  3  4 -2  2 -1 -4 -4 -3 -4 -1  3    1   7   0   0   0   0   0   0   0  20  41   2   4   2   0   0   0   0   2  19  0.66 0.28
   88 E    2  0  0  2 -4  2  3 -2 -2 -4 -4  3 -3 -5 -3 -1 -1 -5 -4 -4   24   5   3   9   0   8  25   2   1   0   0  17   0   0   0   3   3   0   0   0  0.51 0.26
   89 K   -2  6  1 -1 -5  3 -1 -4  0 -5 -5  3 -4 -5 -4 -2 -2 -5 -4 -4    2  45   7   4   0  13   1   0   2   0   0  21   0   0   0   2   1   0   0   1  1.00 0.39
   90 T    2 -3 -1 -2 -1 -3 -2 -2 -3 -1 -2 -3 -1 -3  1  3  3 -4 -3  2   21   0   3   1   1   0   1   1   0   2   2   0   1   0   7  21  19   0   0  20  0.41 0.26
   91 N   -2 -1  4 -1 -5  1 -2  4  0 -5 -5  3 -4 -5  1  0 -2 -5 -4 -5    1   2  19   2   0   5   1  36   2   0   0  21   0   0   6   4   1   0   0   0  0.72 0.31
   92 L   -3 -4 -3 -4 -3 -4 -4 -4 -5  4  4 -4  0  0 -5 -4 -3 -4 -2  2    1   0   2   1   0   0   1   1   0  28  45   0   1   3   0   0   0   0   1  16  0.82 0.32
   93 N   -2 -2  3  7 -6 -1  1 -4 -2 -5 -5 -1 -5 -5 -2 -1 -3 -6  0 -5    2   2  11  61   0   1   7   0   1   0   1   3   0   0   2   3   1   0   4   0  1.23 0.43
   94 P   -1 -4 -4 -3 -6 -3 -2 -3 -3 -5 -4  0 -5 -6  8 -3 -2 -4 -6 -3    4   1   1   2   0   1   2   2   0   0   1   5   0   0  76   1   2   0   0   2  2.07 0.59
   95 S    3 -1  1 -1 -3  0  1  1 -1 -4 -3  2 -3 -4 -3  2 -1 -4 -4 -3   33   2   8   3   0   2  10   8   1   0   1  14   0   0   0  15   1   0   0   1  0.39 0.23
   96 E    0  0 -1  1 -3  1  2 -4 -3  0  3 -1  0 -2 -2 -2 -1 -4 -2 -1    7   4   2   8   0   7  17   0   0   3  38   4   2   0   1   2   2   0   1   3  0.27 0.20
   97 V   -4 -6 -6 -6 -4 -5 -6 -6 -6  6  0 -5 -2 -3 -5 -5 -3 -6 -4  5    0   0   0   0   0   0   0   0   0  50   6   0   0   0   0   0   0   0   0  43  1.47 0.48
   98 G   -3 -3  0  4 -6  2  5  2 -3 -6 -6 -2 -5 -6 -4 -3 -3 -6 -5 -5    1   0   3  20   0   7  49  19   0   0   0   0   0   0   0   0   1   0   0   0  1.12 0.43
   99 D   -5 -5 -2  8 -7 -3  0 -5 -5 -7 -7 -4 -7 -7 -5 -4 -5 -8 -7 -7    0   0   0  94   0   0   4   0   0   0   0   0   0   0   0   0   0   0   0   0  2.57 0.72
  100 I   -1 -5 -6 -6  1 -5 -5 -6 -6  5  0 -5 -1 -2 -5 -4 -3 -5 -4  5    5   0   0   0   3   0   0   0   0  37   6   0   0   1   0   0   0   0   0  46  1.12 0.41
  101 V    2 -3 -4 -5  6 -2 -4 -4 -3  4 -1 -4 -1 -3 -4 -1 -1 -4 -2  3   17   1   0   0  19   2   0   1   0  29   4   0   1   0   0   3   3   0   1  18  0.68 0.30
  102 V   -2 -5 -5 -6  3 -4 -5 -5 -5  4  1 -5  3  0 -5 -4 -2  0 -3  5    1   0   0   0   6   0   0   0   0  21  12   0   9   3   0   0   1   2   0  44  0.88 0.34
  103 G   -3 -6 -4 -5 -6 -5 -6  8 -6 -7 -7 -5 -6 -7 -6 -4 -5 -6 -7 -7    1   0   0   0   0   0   0  99   0   0   0   0   0   0   0   0   0   0   0   0  2.53 0.68
  104 T   -1 -4  5 -3  8 -4 -4 -4 -4 -4 -5 -4 -4 -5 -5  0  3 -6 -5 -1    4   0  33   0  36   0   0   0   0   0   0   0   0   0   0   6  16   0   0   4  1.45 0.50
  105 V    4 -5 -5 -5 -2 -4 -4 -2 -5 -1 -3 -4 -3 -4 -4 -1 -2 -6 -4  6   33   0   0   0   1   0   0   3   0   0   0   0   0   0   0   5   1   0   0  57  1.10 0.46
  106 L   -3 -3 -1 -5 -3 -3 -4 -4 -2  1  4 -4  5  3 -4 -2 -2 -3 -2 -1    1   1   4   0   0   0   0   1   1   5  48   0  20  12   0   3   2   0   0   2  0.79 0.32
  107 A    2 -3  2 -2 -2  2 -2 -1 -1 -4 -4 -2 -2 -5  6  0 -1 -5 -4 -4   16   0   9   1   1   9   1   4   1   0   1   1   1   0  45   5   4   0   0   0  0.99 0.35
  108 P   -2 -2 -3 -2 -5 -1  6 -4 -2 -4 -5 -1 -3 -6  5 -1 -3 -6 -4 -3    2   2   0   1   0   1  50   1   1   1   0   2   0   0  32   5   1   0   0   1  1.24 0.45
  109 G    3 -2 -2  1 -4 -3 -3  5 -4 -5 -2 -3 -4 -5 -3  0 -3 -5 -5 -4   26   2   1   7   0   0   0  52   0   0   5   0   0   0   0   5   0   0   0   0  0.95 0.36
  110 S    2 -2 -2 -1 -3  0  4  1 -2 -3 -3 -1 -3 -3  0  2 -1 -3 -3 -2   22   1   1   2   0   2  30  13   0   1   2   1   0   1   4  15   2   0   0   2  0.43 0.21
  111 Q   -2 -1 -1 -2 -3  6 -1  3 -1 -3 -3  1 -2 -4 -2  0  0 -3 -3 -3    2   1   2   1   0  45   2  19   1   2   2   7   0   1   1   6   5   0   1   1  0.75 0.30
  112 R    1  1 -3 -3 -4 -3 -3  6 -4 -5 -4  0 -4 -1 -4 -2 -3 -4 -3 -4   10   9   0   1   0   1   1  65   0   1   1   5   0   3   0   1   0   0   1   0  1.16 0.39
  113 A    5 -4 -4 -4 -3 -2 -3 -3 -2 -2  1 -3  5  0 -1 -1 -2 -4 -2 -1   48   0   0   0   0   1   0   1   1   1  15   0  19   3   3   3   0   0   1   2  0.74 0.36
  114 S   -2 -3  6 -2 -3 -2 -3 -3 -2  0 -2  0 -2 -2 -4 -1  2 -3  3 -2    2   0  45   0   0   1   0   1   0   5   3   5   1   1   0   4  15   0  13   3  0.78 0.34
  115 E   -1 -2 -3 -2 -3 -1  3 -3 -2  2  0  0  4 -2 -2 -2  0 -4 -1  3    4   1   0   0   0   2  23   2   1  12   5   4  13   1   1   1   5   0   2  21  0.31 0.20
  116 C    5 -3 -4 -4  4 -3 -4  2  2 -2 -2 -3  0  0 -4 -1 -2 -4 -3 -1   51   1   0   0   8   0   0  14   6   1   3   0   3   5   0   3   1   0   0   4  0.67 0.32
  117 R   -5  8 -4 -5 -7 -3 -4 -6 -4 -7 -6 -1 -5 -6 -6 -4 -5 -6 -5 -6    0  98   0   0   0   0   0   0   0   0   0   1   0   0   0   0   0   0   0   0  2.69 0.74
  118 M    2 -3  1 -4 -3  0 -3 -2 -3  3  0 -3  6 -2 -4 -1  0 -4 -2  1   20   0   8   0   0   4   0   3   0  19   5   0  23   0   0   4   5   0   1   9  0.45 0.27
  119 A    6 -4 -4 -5 -3 -4 -4  1 -5  2 -3 -4  0 -5 -4  0 -3 -5 -5  0   68   0   0   0   0   0   0   9   0  11   1   0   2   0   0   4   0   0   0   4  1.05 0.43
  120 A    4 -3 -3 -4  1  1 -3 -1 -3 -2  1 -3  2 -4 -3  1 -2 -5 -4  0   46   0   0   0   3   8   0   4   0   1  12   0   5   0   0  11   1   0   0   8  0.53 0.30
  121 F   -2 -4  0 -5 -3 -2 -5 -3 -3  0  5 -4  1  3 -5 -4 -3 -4 -2  0    3   0   6   0   0   2   0   2   0   4  63   0   2  13   0   0   0   0   0   4  0.85 0.35
  122 Y    3  2 -3 -4 -3 -2 -3 -3  3 -1  3 -1  0 -1 -4 -2 -3 -1  2 -1   26  15   0   0   0   0   0   0   9   1  29   3   2   1   0   2   0   1   8   4  0.40 0.25
  123 A    6 -5 -4 -5 -2 -4 -4 -2 -5 -4 -4 -4 -3 -5 -4  1 -2 -6 -5 -1   83   0   0   0   0   0   0   2   0   0   0   0   0   0   0   9   1   0   0   3  1.49 0.54
  124 G   -3 -5 -3 -2 -6 -5 -5  7 -5 -7 -7 -3 -6 -7 -5 -4 -5 -6 -6 -7    0   0   1   2   0   0   0  94   0   0   0   1   0   0   0   0   0   0   0   0  2.26 0.62
  125 F   -4 -5 -6 -6 -2 -5 -6 -6 -4  3  4 -5  0  6 -6 -5 -4 -1  1 -1    0   0   0   0   1   0   0   0   0  19  36   0   2  37   0   0   0   0   4   1  1.13 0.39
  126 P   -4 -5 -5 -4 -7 -5 -5 -3 -4 -7 -7 -4 -6 -8  9 -3 -4 -8 -7 -6    1   0   0   1   0   0   0   2   0   0   0   1   0   0  93   1   1   0   0   0  2.93 0.77
  127 E   -2 -2  3  3 -4  0  2 -3  3 -1 -3 -1 -3 -2 -2 -1  0 -4  2  1    2   0  17  15   0   3  17   0   9   4   0   2   0   0   2   2   6   0   8  13  0.36 0.22
  128 T   -2 -2 -1  0 -4 -1  1 -2 -2 -4 -5 -2 -4 -5 -3  3  6 -5 -4 -3    0   1   2   4   0   2   7   2   1   0   0   1   0   0   1  26  52   0   0   0  0.99 0.43
  129 V    0 -5 -4 -5 -2 -4 -4 -5 -5  0 -3 -4 -2 -4 -3 -1  4 -6 -4  6    7   0   0   0   1   0   0   0   0   3   0   0   0   0   1   4  27   0   0  57  1.06 0.44
  130 A    2 -3 -4 -4  0 -4 -4  1 -5 -5 -5 -4 -5 -6  6  2 -1 -6 -5 -4   21   1   0   0   2   0   0  11   0   0   0   0   0   0  48  16   3   0   0   0  1.28 0.44
  131 V    2 -4 -4 -4  1 -4 -4  4 -4  0  0 -4 -2  2 -4 -2 -2 -4 -2  2   21   0   0   0   3   0   0  30   0   6  11   0   0  11   0   0   1   0   1  16  0.48 0.25
  132 R   -1  1 -1 -3  0  1 -2 -3  2  1 -1  0  3 -1 -3  1 -1 -3  1  2    4   9   3   0   2   9   0   0   5  10   3   5  11   1   0  15   1   0   6  16  0.19 0.17
  133 T    1 -4 -3 -4 -3 -4 -4 -3 -3 -2 -4 -4 -4 -5 -4  1  7 -6 -5 -1   10   0   0   0   0   0   0   1   1   1   0   0   0   0   0  10  72   0   0   4  1.42 0.54
  134 V   -1 -5 -6 -6 -2 -5 -5 -6 -6  4  2 -5 -1 -3 -5 -4 -2 -5 -4  5    3   0   0   0   1   0   0   0   0  26  14   0   1   0   0   0   2   0   0  53  1.09 0.40
  135 N   -5 -4  9 -2 -6 -4 -4 -4 -3 -7 -7 -4 -6 -7 -6 -1 -4 -7 -6 -7    0   0  96   1   0   0   0   0   0   0   0   0   0   0   0   3   0   0   0   0  2.71 0.76
  136 R   -5  9 -4 -5 -7 -3 -4 -6 -4 -7 -6 -2 -5 -7 -6 -5 -5 -6 -5 -6    0  99   0   0   0   0   0   0   0   0   0   0   0   0   0   0   0   0   0   0  2.75 0.76
  137 Q   -1 -4 -5 -5 -6  6 -3 -5 -3 -4 -2 -4 -3  7 -5 -4 -4  1  3 -4    5   0   0   0   0  37   0   0   0   0   2   0   0  43   0   0   0   1   9   0  1.46 0.53
  138 C   -5 -8 -7 -8 12 -7 -8 -7 -7 -6 -6 -8 -6 -7 -7 -5 -5 -7 -7 -5    0   0   0   0  99   0   0   0   0   0   0   0   0   0   0   0   0   0   0   0  4.17 0.95
  139 S    2 -4 -3 -4 -3 -4 -4 -3 -4 -6 -6 -4 -5 -6 -4  7 -2 -6 -5 -5   18   0   0   0   0   0   0   1   0   0   0   0   0   0   0  81   0   0   0   0  1.68 0.62
  140 S   -2 -5 -3 -4 -5 -4 -4 -4 -5 -6 -6 -4 -5 -6 -5  7 -2 -7 -6 -5    1   0   0   0   0   0   0   0   0   0   0   0   0   0   0  99   0   0   0   0  2.21 0.74
  141 G   -3 -6 -4 -5 -6 -5 -5  7 -6 -7 -7 -5 -6 -7 -6  0 -5 -6 -7 -7    0   0   0   0   0   0   0  94   0   0   0   0   0   0   0   6   0   0   0   0  2.30 0.64
  142 L   -5 -5 -7 -7 -5 -5 -6 -7 -6  0  6 -6 -1 -3 -6 -5 -4 -5 -4 -1    0   0   0   0   0   0   0   0   0   3  94   0   0   0   0   0   0   0   0   2  1.79 0.56
  143 Q   -2 -2 -1 -4 -5  7  0 -5 -3 -4 -2  0  3 -6 -4 -1  1 -5 -4 -4    3   0   2   0   0  63   3   0   0   0   3   5   9   0   0   4   7   0   0   1  1.34 0.53
  144 A    6 -4 -4 -5 -4 -4 -4 -3 -5 -4 -5 -4 -4 -5 -4  2  2 -6 -5 -3   75   0   0   0   0   0   0   0   0   0   0   0   0   0   0  14  11   0   0   0  1.41 0.53
  145 V   -3 -6 -6 -6  3 -5 -6 -6 -6  6 -1 -5 -2 -3 -5 -4 -1 -5 -4  4    0   0   0   0   7   0   0   0   0  51   3   0   0   1   0   0   4   0   0  34  1.29 0.44
  146 A    5 -3  0 -4 -2  2 -2 -2 -3 -2 -3 -3 -1 -4 -3  1  1 -3 -4  0   56   1   4   0   0   9   1   1   0   2   1   0   1   0   0   8  10   0   0   7  0.70 0.35
  147 D   -2 -3  2  4 -4  1 -1 -2  1  0  0 -3  4 -2 -4  0  0 -4  1 -2    3   0  10  29   0   7   1   1   3   7   7   0  13   1   0   5   6   0   6   1  0.39 0.24
  148 V    4 -5 -5 -5 -2 -4 -5 -2 -5  5 -2 -4 -1 -4 -4 -3 -2 -5 -4  3   37   0   0   0   0   0   0   3   0  38   1   0   1   0   0   0   1   0   0  19  0.94 0.39
  149 A    7 -5 -4 -5 -3 -4 -4 -3 -4 -4 -5 -4 -4 -6 -4  0 -2 -6 -5 -2   90   0   0   0   0   0   0   1   0   1   0   0   0   0   0   5   1   0   0   2  1.71 0.59
  150 A    1 -3  5  2 -4  1  2  0  3 -5 -5 -2 -3 -5 -4 -1 -2 -5 -2 -4   15   0  34  11   0   8  11   7   7   0   0   1   1   0   0   3   1   0   1   0  0.65 0.30
  151 A    3  4 -2 -2 -4  4  0  0 -2 -5 -4  2 -3 -4 -3  0 -2 -5 -3 -4   26  22   0   1   0  19   4   6   1   0   0  12   0   0   0   8   0   0   1   0  0.59 0.30
  152 I   -5 -7 -7 -7 -5 -6 -7 -7 -7  8 -2 -6 -2 -4 -6 -6 -4 -6 -5  1    0   0   0   0   0   0   0   0   0  93   0   0   0   0   0   0   0   0   0   6  2.28 0.65
  153 K    1  5 -3 -4 -4  1 -2 -3 -2 -1 -2  3  5 -4 -4 -1 -1 -3 -4 -3   11  31   0   0   0   7   0   1   1   3   2  21  17   0   0   4   2   0   0   0  0.67 0.32
  154 A    3 -3  1 -3  0 -2 -2 -2 -3 -1  1 -3 -1 -2 -3  2  2 -4 -3  2   29   0   6   0   2   1   1   2   0   1  13   0   1   1   0  14  14   0   0  16  0.32 0.22
  155 G   -3 -4 -3 -3 -6 -5 -3  7 -5 -7 -7 -4 -6 -7 -6 -3 -5 -6 -7 -7    0   1   0   2   0   0   1  95   0   0   0   1   0   0   0   0   0   0   0   0  2.29 0.63
  156 F    0 -2 -2 -1  0  3  2 -1  2 -3 -1 -2  4  2 -4  1 -2 -3  0 -2    6   0   1   2   2  19  17   3   4   1   3   0  14   9   0  12   1   0   3   1  0.35 0.25
  157 Y    3 -5 -3 -4 -3 -4 -4 -2 -2  5 -1 -4 -1 -2 -4  0 -2 -4  4 -1   26   0   1   0   0   0   0   3   0  43   2   0   1   0   0   6   1   0  15   1  0.76 0.36
  158 D   -4 -4  0  7 -6 -1  4 -3 -2 -6 -6 -2 -6 -7 -3 -1 -3 -7 -6 -6    1   0   3  64   0   2  22   1   1   0   0   2   0   0   1   3   1   0   0   0  1.57 0.51
  159 I    0 -5 -5 -6  3 -5 -5 -6 -6  5 -1 -5 -1 -2 -5 -4 -1 -5 -4  5    6   0   0   0   7   0   0   0   0  37   2   0   1   1   0   0   3   0   0  42  1.06 0.39
  160 G   -1 -5 -4 -5 -5 -4 -5  6 -5  2 -2 -4  4 -4 -5 -3 -4 -5 -2  0    5   0   0   0   0   0   0  58   0  13   2   0  12   0   0   0   0   0   2   6  1.10 0.40
  161 I   -4 -5 -6 -6 -4 -5 -6 -6 -6  6  3 -5  2 -2 -5 -5 -3 -5 -4  3    0   0   0   0   0   0   0   0   0  55  23   0   4   0   0   0   0   0   0  17  1.26 0.42
  162 G    6 -5 -4 -5 -2 -4 -4  4 -5 -5 -5 -4 -4 -6 -4 -2 -3 -6 -5 -4   70   0   0   0   1   0   0  29   0   0   0   0   0   0   0   1   0   0   0   0  1.48 0.52
  163 A    3 -5 -4 -4  2 -4 -4  5 -5 -1 -2 -4 -1 -5 -4 -2 -3 -5 -5  0   31   0   0   0   5   0   0  47   0   3   5   0   1   0   0   1   0   0   0   7  0.92 0.36
  164 G   -3 -6 -4 -5 -6 -5 -6  8 -6 -8 -7 -5 -6 -7 -6 -4 -5 -6 -7 -7    0   0   0   0   0   0   0 100   0   0   0   0   0   0   0   0   0   0   0   0  2.58 0.69
  165 L    2 -4 -4 -5  0 -4 -4 -4 -5  0  0 -4  3 -2 -4 -2  2 -5 -3  5   20   0   0   0   1   0   0   1   0   2   5   0   7   1   0   1  11   0   1  49  0.75 0.34
  166 E   -5 -4 -4 -2 -7 -2  8 -6 -4 -7 -7 -3 -6 -7 -5 -4 -5 -7 -6 -6    0   0   0   1   0   0  99   0   0   0   0   0   0   0   0   0   0   0   0   0  2.49 0.75
  167 S   -2 -4 -1 -4  0 -2 -4 -4 -1 -5 -4 -4  0 -4 -4  7 -1 -6 -5 -4    0   0   2   0   2   1   0   0   1   0   1   0   2   0   0  87   3   0   0   0  1.69 0.62
  168 M   -5 -6 -6 -7 -6 -5 -6 -7 -6  0 -1 -6 11 -4 -7 -6 -5 -6 -5 -3    0   0   0   0   0   0   0   0   0   4   2   0  93   0   0   0   0   0   0   0  3.19 0.87
  169 T   -2 -4 -3 -4 -4 -3 -4 -4 -4 -5 -5 -4 -4 -6 -4  6  4 -6 -5 -4    0   0   0   0   0   0   0   0   0   0   0   0   0   0   0  70  29   0   0   0  1.62 0.60
  170 T    0  1 -2 -3 -2  1 -2 -3  1  0  2  0  5 -1 -3 -1  1 -3 -2  0    8  11   1   1   0   6   1   1   3   4  20   5  20   2   0   3   8   0   1   6  0.25 0.18
  171 N   -1 -2  4  0 -2  1 -3  0 -2  1 -2 -2  0 -3 -4 -2 -1 -4 -1  3    3   2  28   4   0   7   0   9   1   6   1   1   3   0   0   2   3   0   2  29  0.42 0.26
  172 P   -2 -4 -3 -1 -5 -1 -2  0 -3 -5 -4 -1 -4 -2  7  1 -3 -3  4 -5    1   0   1   3   0   2   2   6   0   0   1   3   0   1  50  13   0   0  16   0  1.24 0.43
  173 M   -3  2 -2  2 -4 -2 -3  2 -4 -1 -1 -1  8 -2 -4 -3 -3 -5 -4 -1    1  11   2  11   0   1   0  14   0   3   2   4  42   2   0   1   0   0   0   4  0.83 0.38
  174 A    2  0  1 -2 -4 -2 -2  4 -2 -4 -3 -1  3 -4  2  0 -1 -4 -4 -3   17   5   8   1   0   1   2  31   0   0   1   2  10   0  10   7   3   0   0   1  0.44 0.23
  175 W   -1 -2  1 -2 -4 -1 -3  5 -1  1  0 -2 -1 -3 -3 -1 -1  4 -3 -2    2   2   7   1   0   3   1  47   1   8   8   2   1   1   1   2   3   6   0   3  0.58 0.26
  176 E    1 -2  3  1 -3 -1  1 -2  4 -3 -4 -1 -3 -1  4  0 -2 -2 -1 -2   12   1  16   6   0   2   8   2  13   1   1   4   0   3  21   4   1   1   1   3  0.45 0.22
  177 G   -1  0  0 -1 -3  0  0  1  0 -1 -2  2  0 -2  3 -1  1 -3 -2  0    3   3   5   2   0   2   6  13   3   3   1  16   3   2  15   3  10   0   1  11  0.19 0.12
  178 S    0 -1  0  1 -2  0  0 -1 -1 -2 -2  1 -2 -2  2  2  0 -3 -3  0    8   3   4  10   0   4   6   4   1   1   4   8   1   1  12  20   5   0   0   8  0.18 0.11
  179 V    0 -3 -3 -2 -3 -2 -3 -4 -2  2  2 -3  2  4 -2 -2 -2 -1  1  2    6   1   1   2   0   2   0   0   0  11  19   0   6  22   2   2   1   1   4  19  0.37 0.18
  180 N    0  0  4  1 -2 -2 -1 -2  0 -4 -4 -2 -3 -4 -2  4  0  4 -2 -3    5   5  26   7   0   0   2   1   2   0   1   1   0   0   2  35   3   7   1   1  0.64 0.30
  181 P   -1 -4 -2  1 -4 -2  2 -4 -4 -5 -5 -2 -3 -6  7 -1 -3 -6 -4 -5    4   0   2   9   0   1  15   1   0   0   0   2   1   0  59   4   1   0   1   0  1.53 0.47
  182 A    1  1  3  0 -4 -1  3 -2  1 -2  0  1 -2 -3 -3  0 -1  2 -2 -2   12   9  17   5   0   0  20   1   3   1   9   8   0   0   0   4   3   3   1   2  0.25 0.17
  183 V   -1 -4 -4 -4 -3 -4 -4 -4 -4  3  3 -4  1 -1  3 -3 -2 -4 -2  3    4   0   0   0   0   0   1   1   0  17  33   0   2   2  14   1   1   0   1  23  0.58 0.25
  184 K    0  0 -2  0 -3  1  2 -2 -1 -1  0  2  2  2 -3  0  0  0  0 -1    6   3   1   4   0   5  13   2   1   1   9  15   8  13   0   5   8   1   2   3  0.13 0.12
  185 K    1 -1  1  1 -2  1  2 -2 -2 -1  1  1  0 -2 -2  1 -1 -1 -3 -2   12   1   7   8   1   4  20   1   0   3  16   8   3   1   0  10   2   1   0   1  0.16 0.13
  186 F    0 -1  3  0 -1 -1 -2 -2  5 -1 -2 -1  1  1 -3  1 -1 -3 -1  1    6   3  20   4   1   1   1   1  17   2   3   3   4   6   0  12   2   0   1  13  0.30 0.19
  187 A    0  0 -1  2 -4  3  3 -3 -1 -3 -3  1 -2 -4  3 -1 -1 -4 -3 -2    8   3   1  11   0  17  19   1   1   1   1   8   1   0  18   4   2   0   1   3  0.49 0.22
  188 Q   -1 -1  0  2 -3  2  4 -3  1 -2 -3  1 -2 -3 -2  0  0 -4 -3 -2    4   1   4  13   0   8  38   1   4   2   2   7   1   1   2   5   4   0   0   2  0.48 0.23
  189 A    5 -2  1 -1  0 -2 -2 -2  1 -2 -3 -2  1 -2 -3  0 -1  1  0  0   51   2   8   3   2   1   1   2   3   1   1   1   4   2   0   6   2   2   4   5  0.48 0.27
  190 Q    1  3 -3 -2 -3  1 -1 -3 -1 -1 -2  1 -2 -3  4 -1 -2 -4 -1  0   16  17   0   1   0   7   2   1   1   4   2   8   1   0  25   4   1   0   2   8  0.46 0.22
  191 N   -1 -3  2  6 -5  1  2  2 -2 -5 -5  0 -4 -5 -4 -1 -2 -5 -5 -4    4   0  10  43   0   5  14  14   0   0   0   6   0   0   0   2   1   0   0   0  0.85 0.32
  192 C    0 -5 -1 -5  9 -5 -5 -5 -5  2 -3 -5  0 -4 -5 -2 -2 -2  1  1    8   0   3   0  51   0   0   0   0  14   1   0   2   0   0   3   2   0   6   9  1.49 0.46
  193 L    1 -3 -4 -4 -3 -2 -3 -3 -2  1  2  1  3  0 -4 -2 -1 -1  5 -1   12   0   0   0   0   1   0   1   0   7  24   9   8   1   0   1   3   0  28   3  0.52 0.27
  194 L   -2 -3 -3 -4 -2  1 -3 -5 -2  3  2 -2  6 -1 -4 -3 -1  0  3  1    2   0   1   0   1   9   1   0   0  20  16   1  22   2   0   1   3   1  13   8  0.55 0.27
  195 P   -2 -4 -2 -4 -5 -4 -4  3 -5 -6 -5 -4 -5 -6  7  1 -1 -6 -6 -5    2   0   2   0   0   0   0  21   0   0   1   0   0   0  58  13   3   0   0   0  1.60 0.50
  196 M   -5 -5 -6 -7 -5 -5 -6 -7 -6 -3 -2 -5 11 -4 -7 -6 -4 -6 -5 -3    0   0   0   0   0   0   0   0   0   0   1   0  97   0   0   0   1   0   0   1  3.38 0.90
  197 G   -3 -6 -4 -5 -6 -5 -5  7 -5 -4 -4 -5 -6 -6 -4 -3 -5 -6 -6 -6    0   0   0   0   0   0   0  94   0   1   3   0   0   0   0   0   0   0   0   0  2.25 0.62
  198 V   -3 -3 -3 -4 -4  2 -2 -5  3  4  2 -3  0  0 -5 -4 -2  5 -1  1    1   0   1   0   0  10   2   0   7  30  25   1   2   3   0   0   1   9   1   9  0.60 0.28
  199 T   -4 -5 -4 -5 -4 -4 -5 -5 -5 -4 -1 -4 -4 -5 -5 -2  8 -6 -5 -3    0   0   0   0   0   0   0   0   0   0   7   0   0   0   0   0  92   0   0   1  2.13 0.70
  200 S    4 -4  1 -4 -4 -3 -3 -2 -4 -5 -5 -3 -4 -5 -4  5 -2 -6 -5 -4   42   0   6   0   0   0   0   1   0   0   0   0   0   0   0  50   0   0   0   0  1.22 0.49
  201 E   -5 -4 -4 -1 -7 -2  8 -6 -4 -7 -7 -3 -6 -7 -5 -4 -5 -7 -6 -6    0   0   0   1   0   0  98   0   0   0   0   0   0   0   0   0   0   0   0   0  2.47 0.74
  202 N   -3  0  7 -1 -6  1  0 -4 -3 -2 -4  1 -3 -5 -5 -3 -3 -6 -5 -3    1   5  64   1   0   6   5   0   0   2   2  10   1   0   0   0   0   0   0   2  1.34 0.48
  203 V   -4 -6 -6 -6 -4 -5 -6 -6 -3  1 -2 -6  3 -4 -6 -5 -3 -6 -4  7    0   0   0   0   0   0   0   0   1   3   1   0   7   0   0   0   0   0   0  88  1.86 0.59
  204 A    7 -5 -4 -5 -1 -4 -4 -1 -5 -5 -5 -4 -3 -5 -4  0 -3 -6 -5 -2   88   0   0   0   1   0   0   4   0   0   0   0   0   0   0   4   0   0   0   2  1.65 0.57
  205 Q    0  2  0  0 -4  2  3 -2  1 -4 -4  3 -2 -5 -3  0 -1 -5 -3 -3   10  10   4   2   0  11  26   2   3   0   0  18   1   0   0   7   4   0   0   1  0.45 0.23
  206 R   -2  5 -1  3 -5  3  0 -4 -1 -5 -5  3 -3 -6 -4 -3 -2 -5 -4 -5    2  40   1  19   0  13   5   0   1   0   0  16   0   0   0   0   1   0   0   0  0.96 0.37
  207 F   -5 -2 -4 -6 -6 -5 -6 -6  0 -4 -2 -2 -4  6 -6 -5 -5  7  7 -4    0   2   1   0   0   0   0   0   2   0   2   2   0  39   0   0   0  13  38   0  1.86 0.55
  208 G   -2 -2  4 -1 -4 -1 -1  5  0 -6 -6  2 -5 -6 -4 -1 -3 -5 -5 -5    1   1  23   1   0   3   4  45   2   0   0  14   0   0   0   4   0   0   0   0  0.93 0.36
  209 V   -4 -6 -6 -6 -4 -6 -6 -7 -6  6 -1 -6 -2 -3 -6 -5 -3 -6 -4  5    0   0   0   0   0   0   0   0   0  54   2   0   0   0   0   0   0   0   0  44  1.63 0.51
  210 S   -2 -4 -1 -1 -3 -3 -3 -2 -4 -5 -5 -3 -4 -5  0  6  4 -6 -5 -4    1   0   2   2   0   0   0   2   0   0   0   1   0   0   5  60  26   0   0   0  1.19 0.49
  211 R   -5  9 -4 -5 -7 -3 -4 -6 -4 -7 -6 -1 -5 -7 -6 -5 -5 -7 -6 -6    0  99   0   0   0   0   0   0   0   0   0   1   0   0   0   0   0   0   0   0  2.74 0.76
  212 Q    1 -2 -2  1 -5  2  6 -4 -2 -5 -4  0 -1 -6 -4 -1 -2 -6 -5 -4   12   1   0   7   0  10  58   0   0   0   1   5   1   0   0   2   2   0   0   0  1.06 0.42
  213 E    1  0 -2  4 -4  2  3 -3 -3 -3 -3  1  0 -5 -3 -1 -1 -5 -3 -2   14   3   0  31   0   8  20   0   0   1   1   9   3   0   0   2   3   0   1   3  0.55 0.27
  214 Q   -3 -3 -4 -4 -7  9 -2 -6 -1 -5 -4 -3  3 -7 -5 -4 -4 -6 -5 -6    2   0   0   0   0  87   0   0   1   0   2   0   8   0   0   0   0   0   0   0  2.38 0.76
  215 D   -6 -6 -2  8 -8 -4 -2 -5 -5 -7 -8 -5 -7 -8 -5 -4 -5 -8 -7 -7    0   0   0 100   0   0   0   0   0   0   0   0   0   0   0   0   0   0   0   0  2.84 0.77
  216 Q    4  2 -3 -2 -4  2  3 -3 -3 -4 -3  1 -2 -4 -3 -1 -1 -5 -4 -2   38   9   0   0   0  10  24   0   0   0   1   9   0   0   0   1   4   0   0   2  0.60 0.31
  217 A   -1 -6 -6 -7 -5 -6 -6 -6 -4 -3 -1 -6  0  8 -7 -5 -5  2  4 -3    6   0   0   0   0   0   0   0   0   0   4   0   2  70   0   0   0   2  15   0  1.96 0.57
  218 A    7 -5 -5 -5 -4 -4 -4 -1 -5 -5 -5 -4 -4 -6 -4  1 -3 -6 -5 -4   90   0   0   0   0   0   0   3   0   0   0   0   0   0   0   7   0   0   0   0  1.79 0.61
  219 V    4 -4 -5 -5 -2 -4 -4 -4 -4 -1  3 -3 -1 -2 -4 -2 -2 -3  1  3   42   0   0   0   0   0   0   0   0   0  26   0   0   1   0   0   1   0   4  23  0.69 0.34
  220 D    1  3  0  0 -4  2  4 -2 -1 -3 -2  1 -2 -4 -3  1 -1 -3 -4 -3   15  17   4   3   0   8  29   1   1   1   3   5   1   0   0   9   2   0   0   0  0.45 0.24
  221 S   -2 -4 -3 -4 -5 -4 -4 -4 -5 -6 -6 -4 -5 -6 -4  7 -2 -6 -5 -5    0   0   0   0   0   0   0   0   0   0   0   0   0   0   0  99   0   0   0   0  2.19 0.73
  222 H   -5 -4 -2 -5 -6  3 -3 -6  9 -6 -5 -4 -4  3 -6 -4 -5 -4  4 -6    0   0   1   0   0  14   0   0  56   0   0   0   0  14   0   0   0   0  15   0  2.00 0.60
  223 R    0  3 -1 -3 -5  7  0 -4 -1 -4 -2  1  0 -5 -4 -2 -2 -5 -4 -4    7  18   3   0   0  49   3   1   1   0   4   7   2   0   0   2   2   0   0   1  0.99 0.41
  224 K   -4  6 -2 -4 -6 -2 -3 -5 -4 -6 -4  6 -4 -6 -5 -3 -4 -6 -5 -5    1  41   2   0   0   0   0   0   0   0   1  54   0   0   0   0   0   0   0   0  1.67 0.54
  225 A    7 -5 -5 -5 -3 -4 -4 -3 -5 -4 -5 -4 -4 -6 -4 -2 -1 -6 -5 -4   95   0   0   0   0   0   0   0   0   1   0   0   0   0   0   0   3   0   0   0  1.89 0.63
  226 A    4 -3 -3 -3  0 -2  3 -2 -1  1  0 -2 -2 -3 -3  0 -1 -1 -1  0   42   0   1   0   2   0  20   1   1   7  10   1   0   0   0   4   2   1   2   6  0.42 0.26
  227 A    4  3 -2 -2 -4  0  0 -3  0 -3 -3  3 -3 -4 -3 -1 -2 -5 -4 -2   41  15   1   1   0   4   6   0   2   1   1  22   0   0   0   1   1   0   0   3  0.59 0.30
  228 A    7 -5 -5 -5 -4 -4 -4 -3 -5 -5 -5 -4 -4 -6 -4 -2 -3 -6 -5 -4   98   0   0   0   0   0   0   0   0   0   0   0   0   0   0   1   0   0   0   0  2.05 0.66
  229 T   -3  1 -3 -3 -5  7 -2 -5 -3  3 -2 -2 -1 -5 -5 -3  0  0 -4 -1    1   6   0   1   0  58   0   0   0  18   3   1   1   0   0   1   5   1   0   3  1.18 0.48
  230 A    3  1 -1  0 -4  2  1 -3 -3 -4 -4  4 -3 -5 -3  1 -1 -5 -4 -3   25   5   2   5   0  11  10   0   0   0   0  30   0   0   0   8   2   0   0   0  0.55 0.28
  231 A    4 -1  0  0 -3  2  3 -2 -2 -4 -3  0 -2 -5 -3  2 -1 -5 -4 -3   39   2   3   4   0   8  19   1   0   0   1   4   1   0   0  13   3   0   0   0  0.52 0.28
  232 G   -3 -5 -3 -5 -6 -5 -6  8 -5 -7 -7 -5 -6 -7 -6 -4 -5 -6 -6 -7    0   0   0   0   0   0   0  98   0   0   0   0   0   0   0   0   0   0   0   0  2.46 0.66
  233 K   -2  3 -2 -2  1 -1  0 -4  1 -2  2  3 -2 -2 -4 -3 -3  5  1 -2    2  18   1   1   3   0   6   0   3   1  24  23   0   1   0   0   0   9   4   1  0.46 0.25
  234 F   -6 -6 -7 -7 -4 -7 -7 -7 -5 -4 -2 -7 -3  9 -7 -4 -5 -3  0 -4    0   0   0   0   0   0   0   0   0   0   2   0   0  94   0   1   0   0   0   0  2.79 0.73
  235 K    1  1  1  4 -4  1  1 -3 -2 -4 -4  4 -4 -5 -3 -1 -1 -5 -4 -3   11   5   7  27   0   5   5   1   0   0   0  30   0   0   1   2   2   0   0   2  0.59 0.27
  236 D    1 -2  0  6 -5  0  3 -2 -1 -5 -5 -1 -5 -5 -3  0 -2 -2 -5 -5   12   1   3  49   0   3  18   1   1   0   0   4   0   0   1   6   1   1   0   0  0.95 0.36
  237 E   -4 -4 -4 -2 -7  0  8 -5 -4 -7 -6 -3 -6 -7 -5 -3 -4 -6 -6 -6    0   0   0   0   0   2  96   0   0   0   0   0   0   0   0   0   0   0   0   0  2.35 0.71
  238 I   -5 -6 -6 -6 -3 -6 -6 -7 -7  8 -1 -6 -1 -4 -6 -6 -2 -6 -5  0    0   0   0   0   0   0   0   0   0  93   2   0   1   0   0   0   2   0   0   1  2.16 0.63
  239 I    0 -4 -5 -5 -3 -4 -4 -5 -4  3  0 -4 -1 -2 -4 -2  1 -5 -2  6    8   0   0   0   0   0   1   0   0  12   8   0   0   1   0   2   8   0   1  58  0.87 0.35
  240 P   -3 -6 -6 -5 -6 -5 -4 -6 -6 -6 -7 -5 -6 -7  9 -3 -5 -7 -7 -6    2   0   0   0   0   0   0   0   0   0   0   0   0   0  95   2   0   0   0   0  3.05 0.77
  241 V   -3 -5 -5 -5 -3 -4 -5 -6 -5  4  1 -5  1  1 -5 -4 -2 -4  1  5    0   0   0   0   0   0   0   0   0  25  13   0   3   5   0   0   1   0   4  47  0.94 0.35
  242 K   -1  0  0  0 -4  0  3 -3  1 -3 -3  2 -2 -4  1  0  4 -4 -3 -2    2   5   3   4   0   3  19   0   3   0   1  13   1   0   6   5  31   0   0   1  0.46 0.25
  243 T    0 -4 -3 -4 -3 -4 -3 -4 -4  1 -1 -4 -2 -3 -4 -1  5 -5 -2  5    7   0   0   1   0   0   1   1   0   5   3   0   0   0   0   2  35   0   1  43  0.83 0.36
  244 K   -2  4 -2 -2 -4  1  0 -3  0 -2 -2  4 -2 -2 -1 -1  2 -4 -1 -1    1  21   1   1   0   5   5   0   2   3   2  28   1   2   3   3  18   0   2   3  0.46 0.23
  245 L   -2  0 -2 -2 -3 -1 -1 -3 -3  2  0 -1  0  2 -3 -1 -1  5  1  3    1   5   1   2   0   2   3   1   0  14   9   4   1  10   0   4   4   8   5  25  0.26 0.15
  246 V   -1  0 -1 -1 -2  1  0 -2  1  0 -1  2 -1 -1  1 -1  1 -3  0  2    4   5   2   2   1   8   7   2   4   5   3  14   1   2   8   1   8   0   3  22  0.13 0.12
  247 D   -2 -2  2  6 -5 -2  1 -1 -1 -4 -3 -2 -3 -3 -3 -1 -1 -3 -2 -3    2   2   8  55   0   1   9   5   2   1   3   2   1   1   1   4   3   0   2   1  0.93 0.33
  248 P   -1 -2  0  1 -3 -1  0  0 -3 -2  0  0 -2 -2  5 -1 -2  0  0 -1    4   1   5   7   0   1   5   9   0   1  10   7   1   2  36   2   1   1   3   4  0.53 0.20
  249 K    1  0  0  2 -4  0  2 -1 -1 -3 -3  4 -3 -4 -3 -1 -1 -4 -3 -3   12   2   4  12   0   3  13   5   1   1   1  37   0   0   1   3   3   0   0   1  0.47 0.23
  250 T   -1 -1  1  1 -3 -1  0 -1 -1 -2 -2  1 -2 -3 -2  1  4 -1 -3 -1    3   1   7   8   0   1   5   5   1   1   3   9   1   1   2  10  36   1   0   5  0.34 0.19
  251 G   -1 -2 -1  0 -4 -2  0  6 -2 -4 -4 -1 -4 -4  0 -2 -2 -4 -4 -2    4   1   3   5   0   1   5  60   1   1   2   4   0   1   5   1   1   0   0   3  0.90 0.32
  252 D   -2  0  1  2 -4  2  5 -1 -1 -3 -4  2 -3 -5 -2 -1  0 -4 -4 -2    3   4   6   9   0   7  40   3   1   1   1  13   0   0   1   2   6   0   0   3  0.58 0.26
  253 E   -1  1 -2 -1 -3  0  4 -1 -2 -1 -2  1 -1 -3  0  0  1 -1 -2  1    4   7   1   1   0   2  30   4   0   4   3   8   1   1   5   4  11   1   1  13  0.25 0.18
  254 K   -2  3 -2 -2 -3  2  1 -2 -1 -4 -4  5 -3 -4 -3 -1  0 -5 -4 -3    2  12   1   2   0   9   7   3   1   0   0  48   0   1   0   4   6   0   0   2  0.74 0.31
  255 P   -2  1 -1  0 -3  1  4 -2 -1 -2 -3  1 -2 -3  0  0  3 -2 -3 -1    1   7   2   3   0   6  30   2   1   2   2   8   1   1   4   5  22   0   0   3  0.40 0.22
  256 I   -2  1 -4 -4 -3 -2 -2 -4 -2  4  0  0 -1  1 -4 -2 -2 -3 -1  4    2  10   0   0   0   1   2   0   1  28   4   5   0   5   0   2   1   0   1  36  0.55 0.26
  257 T   -2 -3 -3 -3 -3 -3 -2 -4 -4  2  0 -3 -1 -3 -4 -1  5  1 -4  3    0   1   1   1   0   1   2   0   0  11   8   1   1   0   0   2  46   2   0  23  0.75 0.35
  258 V   -2 -4 -6 -6 -1 -5 -5 -6 -4  2  0 -4 -1  4 -5 -4 -3 -4 -2  6    2   0   0   0   1   0   0   0   0  11   8   0   0  20   0   0   0   0   0  56  1.10 0.41
  259 S    0 -2  0  4 -4 -1  1 -3 -2 -4 -4 -1 -4 -5 -3  3  3 -5 -4 -3    7   2   3  28   0   2   7   0   0   0   1   2   0   0   0  27  21   0   0   0  0.68 0.32
  260 V    0  3 -2 -2 -3  2  0 -3 -1 -2 -1  3  0 -3 -3 -1  1 -4 -3  1    8  17   1   1   0  12   5   0   1   1   5  22   2   0   0   2  12   0   0  10  0.33 0.21
  261 D   -6 -6 -2  8 -8 -4 -2 -5 -5 -7 -8 -5 -7 -8 -5 -4 -5 -8 -7 -7    0   0   0 100   0   0   0   0   0   0   0   0   0   0   0   0   0   0   0   0  2.82 0.76
  262 D   -5 -4 -3  6 -7 -2  6 -5 -4 -7 -7 -3 -6 -7 -5 -3 -3 -7 -6 -6    0   0   0  43   0   0  56   0   0   0   0   0   0   0   0   0   1   0   0   0  1.83 0.59
  263 G   -3 -6 -4 -5  1 -5 -6  7 -5 -4 -4 -5 -6 -5 -6 -3 -2 -6 -6 -6    0   0   0   0   3   0   0  90   0   1   2   0   0   0   0   0   2   0   0   0  2.08 0.59
  264 I   -2 -5 -1 -5 -2 -5 -5 -6 -5  6 -2 -5 -2 -4  4 -4 -3 -6 -4  3    3   0   4   0   1   0   0   0   0  46   1   0   0   0  23   0   1   0   0  22  1.09 0.41
  265 R   -5  9 -4 -6 -7 -3 -4 -6 -4 -7 -6 -1 -5 -7 -6 -5 -5 -7 -6 -7    0  99   0   0   0   0   0   0   0   0   0   1   0   0   0   0   0   0   0   0  2.78 0.77
  266 P    2 -1 -3 -1 -4 -2  0 -3  1 -4 -4  0 -4 -3  6 -1 -2 -1  1 -3   18   3   0   4   0   1   5   1   3   0   0   6   0   1  44   3   1   1   6   1  0.94 0.35
  267 T   -3 -4  2  5 -5 -1  1  5 -4 -6 -6 -3 -5 -6 -4 -1 -2 -6 -5 -6    0   0  10  32   0   2   7  43   0   0   0   0   0   0   0   4   2   0   0   0  1.10 0.39
  268 T    0 -4 -3 -4 -4 -4 -4 -4 -5  0 -3 -4 -2 -3 -4  0  7 -5 -2  2    5   0   0   0   0   0   0   0   0   5   1   0   1   1   0   6  66   0   1  15  1.22 0.49
  269 T   -3 -4  1 -3 -4 -4 -4 -4 -4 -4 -5 -3 -4 -5 -4  3  7 -6 -2 -4    0   0   5   0   0   0   0   0   0   0   0   0   0   0   0  24  68   0   1   0  1.54 0.57
  270 L    2 -3 -4 -4 -1 -2 -3 -3 -4  0  3  0  3  1  1 -2 -2 -3 -1  1   25   1   0   0   1   1   0   0   0   4  29   6   9   5   7   1   1   0   2   9  0.33 0.21
  271 A    0 -3 -3  1 -6  0  7 -3 -3 -6 -6 -2 -5 -6 -4 -2 -3 -6 -5 -4    8   0   0   6   0   3  77   2   0   0   0   0   0   0   0   2   1   0   0   1  1.60 0.56
  272 S    2 -2 -1  0 -3 -2 -2  3 -3 -2 -4  1 -3 -4 -3  3  0 -5 -4 -1   17   1   2   4   0   0   0  25   0   3   0  10   0   0   0  29   3   0   0   6  0.47 0.26
  273 L   -3 -5 -7 -7 -4 -5 -6 -7 -6 -1  6 -6  2 -3 -6 -6 -4 -5 -4 -1    1   0   0   0   0   0   0   0   0   2  92   0   3   0   0   0   0   0   0   2  1.73 0.55
  274 G    5 -4 -2 -4 -4 -1 -3  3 -4 -5 -4 -3 -3 -5 -4  3 -2 -5 -5 -4   53   0   1   0   0   2   0  21   0   0   1   0   0   0   0  19   1   0   0   0  0.95 0.40
  275 K   -2  1 -2 -4 -6  0 -2 -2 -4 -6 -5  7 -4 -6 -4 -1 -1 -6 -5 -5    2   6   1   0   0   4   0   3   0   0   0  78   0   0   0   3   3   0   0   0  1.57 0.54
  276 L   -4 -5 -6 -6 -4 -5 -6 -7 -6  4  6 -5  0 -1 -6 -5 -4 -5 -4  0    0   0   0   0   0   0   0   0   0  21  73   0   1   1   0   0   0   0   0   4  1.38 0.46
  277 K   -4  6 -3 -4 -6 -1 -3 -5 -4 -6 -6  6 -5 -6 -2 -4 -4 -6 -5 -4    0  39   0   0   0   1   0   0   0   0   0  56   0   0   2   0   0   0   0   1  1.65 0.55
  278 P    0 -6 -5 -5 -6 -5 -5 -5 -6 -6 -6 -4 -6 -7  8 -1  0 -7 -6 -5    9   0   0   0   0   0   0   0   0   0   0   0   0   0  80   5   5   0   0   0  2.39 0.66
  279 V    6 -5 -5 -5 -2 -4 -4 -3 -5 -2 -4 -4 -3 -5 -3 -1 -3 -6 -3  4   66   0   0   0   1   0   0   0   0   0   0   0   0   0   1   3   0   0   1  29  1.26 0.49
  280 F   -6 -7 -7 -7 -6 -7 -7 -7 -5 -4 -3 -7 -3  9 -7 -6 -6 -3 -1 -4    0   0   0   0   0   0   0   0   0   0   1   0   0  98   0   0   0   0   0   1  2.99 0.76
  281 K    2  1 -1 -2 -4 -1 -2 -2  1 -2 -3  4 -2 -5  3  1 -2 -5 -4 -3   20   5   3   1   0   1   0   1   4   2   2  31   0   0  16  11   1   0   0   0  0.52 0.27
  282 K    2 -1  0 -1 -4  3  2 -3 -2 -3 -3  4 -2 -4  1 -1 -2 -5 -4 -1   20   1   4   3   0  16  11   0   0   0   2  27   1   0   7   2   1   0   0   6  0.43 0.25
  283 D   -3  0  1  5 -5 -2 -1  3 -1 -5 -5  1 -4 -2 -4 -2  0  6 -3 -5    0   5   8  32   0   1   1  20   1   0   0  10   0   2   0   0   6  11   0   0  0.72 0.31
  284 G   -3 -6 -4 -5 -6 -5 -6  7 -6 -7 -7 -4 -6 -7 -6 -2 -5 -6 -7 -7    1   0   0   0   0   0   0  96   0   0   0   0   0   0   0   2   0   0   0   0  2.39 0.65
  285 T    0 -2 -1 -2  0 -1 -3 -2 -2 -4 -4  0 -4 -3 -3  5  5 -5 -4 -1    4   1   1   1   2   2   0   2   1   0   0   5   0   1   0  42  34   0   0   5  0.82 0.39
  286 T   -2 -4 -4 -4 -4 -4 -4 -5 -5  2 -3 -4 -3 -4 -4  2  5 -5 -4  5    1   0   0   0   0   0   0   0   0  10   0   0   0   0   0  13  37   0   0  39  1.00 0.43
  287 T   -4 -5 -4 -5 -5 -4 -4 -5  5 -5 -5 -4 -4 -6 -5 -1  8 -6 -5 -4    0   0   0   0   0   0   0   0  13   0   0   0   0   0   0   2  85   0   0   0  2.11 0.69
  288 A    6 -5 -5 -5 -4 -4 -4  2 -5 -5 -5 -4 -4 -6 -2 -2 -3 -6 -5 -2   83   0   0   0   0   0   0  14   0   0   0   0   0   0   2   0   0   0   0   1  1.59 0.56
  289 G   -2 -6 -4 -5 -6 -5 -6  8 -6 -7 -7 -5 -6 -7 -6 -4 -5 -6 -7 -7    2   0   0   0   0   0   0  98   0   0   0   0   0   0   0   0   0   0   0   0  2.50 0.67
  290 N   -5 -4  9 -3 -7 -4 -4 -4 -3 -7 -7 -4 -6 -7 -6 -3 -2 -8 -6 -7    0   0  98   0   0   0   0   0   0   0   0   0   0   0   0   0   1   0   0   0  2.85 0.79
  291 S    5 -4 -3 -4 -4 -4 -4 -3 -4 -5 -5 -4 -4 -6 -4  6 -2 -6 -5 -4   46   0   0   0   0   0   0   0   0   0   0   0   0   0   0  54   0   0   0   0  1.44 0.55
  292 S   -2 -5 -3 -4 -1 -4 -4 -4 -5 -6 -6 -4 -5 -6 -5  7 -2 -7 -6 -5    0   0   0   0   1   0   0   0   0   0   0   0   0   0   0  98   0   0   0   0  2.19 0.73
  293 Q   -5 -3 -4 -4 -7  9 -2 -5 -4 -7 -6 -3 -4 -7  1 -4 -5 -6 -6 -6    0   0   0   0   0  94   0   0   0   0   0   0   0   0   6   0   0   0   0   0  2.67 0.82
  294 V   -3 -4 -3 -5 -3 -4 -4 -5 -5  3  1 -4  4 -1 -5 -3  3 -4 -1  4    0   0   1   0   0   0   0   0   0  20   9   0  13   2   0   0  18   0   2  35  0.77 0.33
  295 S   -2 -4 -2 -4 -3 -4 -4 -3 -4 -5 -6 -4 -5 -6 -4  7  4 -6 -5 -5    0   0   1   0   0   0   0   0   0   0   0   0   0   0   0  75  23   0   0   0  1.65 0.61
  296 D   -6 -6 -2  8 -8 -4 -2 -5 -5 -7 -8 -5 -7 -8 -5 -4 -5 -8 -7 -7    0   0   0  99   0   0   1   0   0   0   0   0   0   0   0   0   0   0   0   0  2.81 0.76
  297 G   -3 -6 -4 -5 -2 -5 -6  8 -6 -7 -7 -5 -6 -7 -6 -4 -5 -6 -7 -7    1   0   0   0   1   0   0  98   0   0   0   0   0   0   0   0   0   0   0   0  2.47 0.66
  298 A    7 -5 -5 -5 -3 -4 -4 -2 -5 -4 -5 -4 -4 -6 -4 -2 -3 -6 -5 -1   94   0   0   0   0   0   0   1   0   0   0   0   0   0   0   0   0   0   0   3  1.88 0.63
  299 G    6 -5 -4 -5 -4 -4 -4  3 -5 -5 -5 -4 -4 -5 -4  1 -3 -6 -5 -3   75   0   0   0   0   0   0  17   0   0   0   0   0   0   0   7   0   0   0   0  1.40 0.51
  300 A    6 -4 -4 -5 -1 -4 -4  0 -5 -3 -3 -4  1 -2 -4  0 -2 -5 -4 -2   79   0   0   0   1   0   0   5   0   1   2   0   3   2   0   4   1   0   0   2  1.29 0.49
  301 V    0 -5 -5 -5  0 -5 -5 -5 -5  1  0 -5 -2 -4 -5 -4  1 -5 -4  6    8   0   0   0   2   0   0   0   0   4   9   0   0   0   0   0  11   0   0  65  1.09 0.42
  302 L   -4 -5 -6 -6 -3 -5 -5 -6 -5  3  5 -5  2 -2 -5 -5 -3 -4 -4  2    0   0   0   0   0   0   0   0   0  12  65   0   5   0   0   0   0   0   0  15  1.13 0.39
  303 L   -4 -5 -6 -6 -4 -5 -5 -6 -5  1  5 -5  3 -2 -5 -5 -4 -5 -4  3    0   0   0   0   0   0   0   0   0   3  67   0   6   1   0   0   0   0   0  22  1.23 0.43
  304 M    2 -5 -6 -6 -3 -4 -5 -4 -5 -2 -2 -5 10 -4 -6 -4 -2 -5 -5  1   18   0   0   0   1   0   0   1   0   0   0   0  70   0   0   0   2   0   0   8  2.05 0.66
  305 K   -2  5 -1  0 -5 -1 -1 -4 -3 -5 -5  4 -4 -5 -4  4  0 -5 -4 -5    0  29   1   5   0   0   2   0   0   0   0  24   0   0   0  34   4   0   0   0  0.88 0.38
  306 R   -1  7 -3 -2 -6 -2  3 -3 -3 -6 -3  0 -3 -6 -5 -3 -4 -6 -5 -5    5  68   0   2   0   0  18   2   0   0   2   3   0   0   0   1   0   0   0   0  1.51 0.52
  307 S    0  1 -2  2 -3  0  2 -2 -3 -5 -5  1 -4 -5 -3  5 -1 -5 -4 -4    5   8   0   9   0   3  16   1   0   0   0   8   0   0   0  46   1   0   0   0  0.69 0.34
  308 V    0  1 -3 -3 -3 -1  0 -4 -2 -1 -1  4  0  0 -3 -2  3  1 -1  1    9   5   0   0   0   1   6   0   1   3   4  28   2   4   0   0  19   2   1  14  0.32 0.22
  309 A    6 -5 -5 -5 -4 -4 -4 -3 -5 -2  0 -4 -1 -5 -4 -2 -3 -6 -5  1   80   0   0   0   0   0   0   0   0   2   9   0   1   0   0   0   0   0   0   8  1.38 0.52
  310 M   -1  1 -1  0 -4  2  4 -4 -1 -1 -2  3  0 -4 -3 -1  0 -5 -4 -1    3   6   2   4   0  11  32   0   1   4   4  18   3   0   0   1   7   0   0   3  0.46 0.24
  311 Q    1  3 -2 -1 -5  3  4 -4 -2 -5 -5  3 -3 -5 -3  0 -2 -5 -3 -4   12  17   0   1   0  13  30   0   0   0   0  19   0   0   0   5   1   0   0   0  0.73 0.32
  312 K   -3  1 -2 -4 -3 -2 -2 -5  1 -1  5  0  0  2 -5 -4 -3 -4  1 -2    0   7   2   0   0   2   3   0   3   1  62   7   1   7   0   0   1   0   4   0  0.73 0.33
  313 G   -3 -3  2 -2 -6 -3 -3  7 -5 -7 -7 -3 -6 -6 -5 -3 -4 -6 -6 -6    0   2  11   2   0   1   1  82   0   0   0   1   0   0   0   1   0   0   0   0  1.84 0.54
  314 L   -3 -4 -5 -5 -3  3 -4 -5 -4  0  5 -3  1 -1 -5 -4 -4 -4 -1  0    1   0   0   0   0  16   0   0   0   3  67   1   2   2   0   0   0   0   2   6  1.01 0.40
  315 P   -2 -1 -3 -3 -5  2 -1 -4 -2 -5 -5  4 -4 -6  6 -1  2 -6 -5 -4    2   2   0   1   0   9   3   0   1   0   0  25   0   0  37   3  15   0   0   1  1.00 0.38
  316 V   -4 -6 -6 -5 -5 -5 -5 -5 -6  6 -3 -5 -3 -4  6 -4 -4 -6 -5  1    0   0   0   0   0   0   0   1   0  49   0   0   0   0  42   0   0   0   0   8  1.66 0.53
  317 L   -3 -3 -5 -6 -4 -3 -4 -6 -5  3  5 -2  4 -2 -5 -4 -3 -4 -3  1    0   1   0   0   0   1   1   0   0  17  61   3   9   1   0   0   0   0   0   5  1.00 0.37
  318 G    5 -5 -4 -4 -4 -4 -4  5 -5 -5 -3 -4 -4 -5 -4 -2 -4 -5 -5 -3   47   0   0   0   0   0   0  49   0   0   2   0   0   0   0   0   0   0   0   1  1.36 0.47
  319 V   -2  5 -3 -4 -5 -2 -3 -5 -3 -1 -3  5 -3 -3 -4 -3 -1 -5 -1  1    1  29   0   0   0   0   0   0   0   4   1  44   0   1   0   0   4   0   2  13  0.94 0.39
  320 F   -5 -5 -6 -7 -5 -5 -6 -6  0 -3  0 -6 -1  8 -6 -5 -5  5  5 -3    0   0   0   0   0   0   0   0   2   0   9   0   1  58   0   0   0   8  19   1  1.78 0.52
  321 R   -1  4 -4 -5  0 -3 -4 -5 -3  1  0 -1 -2 -4 -5 -3 -3 -5 -3  5    5  27   0   0   2   1   0   0   0   5   7   3   0   0   0   1   0   0   0  48  0.82 0.36
  322 T    1 -3 -1 -2 -1 -1 -3  4 -3 -4 -4 -2 -3 -4 -4  4  1 -5 -4 -4   13   0   1   2   1   3   0  33   0   0   1   1   0   1   0  35   8   0   0   0  0.73 0.33
  323 F    2 -5 -4 -5  2 -4 -5 -3 -2 -3 -3 -4 -2  7 -5  1  1 -2  4 -3   16   0   0   0   4   0   0   1   1   0   0   0   0  45   0   9  10   0  13   0  1.02 0.40
  324 A    5 -3 -3 -4 -3  1 -3 -3 -4 -4 -4 -2 -3 -5 -4  2  2 -3 -4 -1   56   0   0   0   0   8   0   0   0   0   0   1   0   0   0  16  15   0   0   4  0.90 0.41
  325 A    1 -5 -5 -5 -3 -4 -5 -5 -5  1 -2 -5 -2 -4 -5 -1  1 -6 -3  6   13   0   0   0   0   1   0   0   0   5   1   0   0   0   0   3   8   0   1  68  1.14 0.44
  326 V    4  0 -4 -4 -2 -3 -3  0 -4 -1 -3 -1 -3 -4 -4 -1 -1 -5 -4  4   41   5   0   0   1   0   1   6   0   1   0   4   0   0   0   2   3   0   0  36  0.69 0.34
  327 G   -3 -6 -4 -5 -6 -5 -6  8 -6 -8 -7 -5 -6 -7 -6 -4 -5 -6 -7 -7    1   0   0   0   0   0   0  99   0   0   0   0   0   0   0   0   0   0   0   0  2.55 0.68
  328 V   -3 -6 -5 -6  6 -5 -6 -6 -6 -1  1 -6 -2 -4 -6 -5 -3 -6 -4  7    0   0   0   0  16   0   0   0   0   0  11   0   0   0   0   0   0   0   0  72  1.60 0.53
  329 D    2 -2 -3  2 -5 -2  3 -4 -4 -5 -5  0 -5 -6  6 -2 -3 -6 -5 -4   17   2   0  12   0   0  17   1   0   0   0   5   0   0  44   1   0   0   0   0  1.18 0.42
  330 P   -4 -6 -6 -6 -7 -5 -5 -5 -6 -7 -7 -5 -7 -8  9 -4 -5 -8 -7 -6    1   0   0   0   0   0   0   0   0   0   0   0   0   0  99   0   0   0   0   0  3.29 0.83
  331 A    0  3 -2  4 -5 -1  4 -3 -1 -5 -1  0 -4 -5 -4 -2 -3 -5 -4 -4    9  19   1  23   0   1  35   1   1   0   7   3   0   0   0   1   0   0   0   0  0.73 0.33
  332 I   -4 -4 -5 -4 -4 -4  2 -6 -5  6  1 -4 -2 -3 -5 -4 -3 -5 -2  3    0   1   0   0   0   0  14   0   0  51  11   0   0   0   0   0   0   0   1  21  1.02 0.39
  333 M   -5 -5 -7 -8 -6 -5 -6 -7 -6 -3 -2 -6 11 -3 -7 -6 -5 -6 -5 -4    0   0   0   0   0   0   0   0   0   0   0   0  99   1   0   0   0   0   0   0  3.54 0.94
  334 G   -3 -6 -4 -5 -6 -5 -6  8 -6 -8 -7 -5 -6 -7 -6 -4 -5 -6 -7 -7    0   0   0   0   0   0   0 100   0   0   0   0   0   0   0   0   0   0   0   0  2.58 0.69
  335 I   -4 -6 -6 -6 -4 -2 -5 -6 -6  7 -1 -5  0 -3 -6 -5 -3 -6 -4  3    0   0   0   0   0   2   0   0   0  73   1   0   1   0   0   0   1   0   0  21  1.64 0.51
  336 G   -2 -6 -4 -5 -6 -5 -5  7 -5 -7 -7 -5 -6 -6 -5 -2 -5 -6 -6 -6    2   0   0   0   0   0   0  96   0   0   0   0   0   0   0   2   0   0   0   0  2.35 0.63
  337 P   -5 -6 -6 -5 -7 -5 -5 -6 -6 -7 -7 -5 -6 -7  9 -5 -5 -7 -7 -6    0   0   0   0   0   0   0   0   0   0   0   0   0   0  99   0   0   0   0   0  3.28 0.82
  338 A    4 -3 -4 -4 -3 -3 -3 -3 -4  2 -2 -1 -2 -3 -4  1  0  3 -2  3   36   0   0   0   0   0   0   0   0  13   1   5   0   0   0   9   5   5   1  25  0.54 0.29
  339 V    0 -2 -3 -2 -3 -2  2 -3 -2  1 -1  1 -1  2 -1 -2 -2 -2  4  2    9   0   0   1   0   0  15   1   0   6   5  11   1   9   3   1   0   0  16  22  0.30 0.21
  340 A    7 -5 -5 -5 -4 -4 -4 -3 -5 -5 -5 -4 -4 -6 -4 -1 -3 -6 -5 -2   95   0   0   0   0   0   0   0   0   0   0   0   0   0   0   2   0   0   0   2  1.93 0.63
  341 I   -4 -6 -6 -6 -4 -6 -6 -7 -6  8 -2 -6 -2 -3 -6 -5 -4 -6 -4  3    0   0   0   0   0   0   0   0   0  82   0   0   0   0   0   0   0   0   0  16  1.95 0.58
  342 P   -5 -3 -5 -5 -7 -4 -5 -6 -6 -7 -7 -3 -6 -7  9 -5 -5 -7 -7 -6    0   2   0   0   0   1   0   0   0   0   0   1   0   0  95   0   0   0   0   0  3.06 0.78
  343 A    2  2 -3 -3 -5 -1 -1 -4 -2 -3 -3  6 -1 -5 -3 -2 -3 -5 -4  0   20   8   0   1   0   1   3   0   0   1   2  55   2   0   0   1   0   0   0   6  0.89 0.38
  344 A    5 -4 -5 -5 -3 -4 -4 -4 -5 -1  3 -4 -1 -3 -4 -2 -3 -5 -4  3   47   0   0   0   0   0   0   0   0   2  27   0   1   0   0   0   0   0   0  22  0.83 0.37
  345 V   -4 -5 -5 -6 -2 -5 -6 -6 -5 -1  6 -5  0  0 -6 -5 -4 -4 -1  1    0   0   1   0   1   0   0   0   0   1  84   0   1   2   0   0   0   0   2   8  1.43 0.48
  346 K    1  1 -1 -1 -5  2  3 -2 -1 -5 -5  5 -4 -5 -3  0 -2 -5 -4 -4   11   5   1   2   0   8  20   3   1   0   0  41   0   0   0   7   1   0   0   0  0.72 0.32
  347 A    0  2 -2 -2 -3  4 -1 -3  0 -1  0  4  1 -3 -3 -1 -2 -1  0 -3   10  11   1   2   0  22   0   0   2   3  11  26   4   0   0   3   1   1   4   0  0.41 0.24
  348 A    5 -3 -2 -4 -1 -3 -3 -3  2 -2 -1 -2 -3  0 -4 -1  3 -4 -1  1   50   0   2   0   1   0   0   0   5   0   5   2   0   4   0   2  17   0   2  10  0.62 0.33
  349 G   -3 -4  2 -1 -6 -3 -4  7 -3 -7 -7 -3 -6 -6 -5 -2 -4 -6 -6 -6    0   1   8   3   0   1   0  84   0   0   0   2   0   0   0   1   0   0   0   0  1.86 0.53
  350 L   -4 -5 -6 -6 -4 -5 -6 -6 -6  3  6 -4  1 -2 -6 -5 -4 -2 -4  0    0   0   0   0   0   0   0   0   0  19  74   0   2   0   0   0   0   1   0   4  1.33 0.43
  351 E   -1  0  0  0 -3  1  1 -2 -3 -4 -4  2 -3 -5 -3  3  4 -5 -4 -3    3   4   4   3   0   5  10   1   0   0   0  16   0   0   0  25  28   0   0   0  0.53 0.28
  352 L   -2 -1 -2 -4 -3  2 -2 -4 -2  2  3  2  0 -2 -3 -2  0 -4 -3  2    1   1   2   0   0  11   0   0   1  11  28  18   2   0   1   1   5   0   0  19  0.36 0.22
  353 D    0 -3  2  5 -5  0  3 -1 -2 -5 -5  0 -4 -5 -3  1 -2 -6 -5 -5    9   0   9  40   0   3  18   4   1   0   0   5   0   0   0  11   0   0   0   0  0.79 0.31
  354 D   -3 -4 -1  8 -7  2  0 -5 -4 -7 -7 -3 -6 -7 -5 -3 -4 -7 -6 -6    2   0   1  83   0  10   5   0   0   0   0   0   0   0   0   0   0   0   0   0  2.08 0.60
  355 I   -4 -6 -6 -6 -2 -5 -6 -6 -6  6  1 -5  0 -3 -5 -5 -3 -5 -4  5    0   0   0   0   1   0   0   0   0  54   8   0   2   0   0   0   0   0   0  36  1.38 0.44
  356 D   -4 -4 -1  8 -5 -3 -1  2 -3 -6 -7 -3 -6 -7 -5 -2 -4 -7 -6 -6    0   0   2  79   0   1   1  13   0   0   0   1   0   0   0   2   0   0   0   0  1.87 0.55
  357 L   -3 -2 -5 -6 -4 -3 -5 -6 -5  4  4 -4  0  0 -5 -4 -3  6 -2  3    1   3   0   0   0   1   0   0   0  22  38   0   1   2   0   0   0  11   0  20  0.87 0.32
  358 F   -5 -6 -6 -6 -5 -5 -6 -6 -4  4 -2 -6 -2  7 -6 -5 -4  7  4  0    0   0   0   0   0   0   0   0   0  23   0   0   0  44   0   0   0  14  12   6  1.51 0.46
  359 E   -5 -4 -4 -2 -8 -2  8 -6 -4 -7 -7 -3 -6 -7 -5 -4 -5 -7 -6 -6    0   0   0   0   0   0 100   0   0   0   0   0   0   0   0   0   0   0   0   0  2.49 0.73
  360 I   -4 -5 -6 -6 -4 -5 -6 -7 -6  6  4 -5 -1  0 -6 -5 -4 -5 -4  0    0   0   0   0   0   0   0   0   0  51  44   0   0   2   0   0   0   0   0   3  1.34 0.43
  361 N   -5 -4  9 -2 -7 -4 -4 -4 -3 -7 -7 -4 -6 -7 -6 -3 -4 -8 -6 -7    0   0 100   0   0   0   0   0   0   0   0   0   0   0   0   0   0   0   0   0  2.88 0.77
  362 E   -5 -4 -4 -2 -8 -2  8 -6 -4 -7 -7 -3 -6 -7 -5 -4 -5 -7 -6 -6    0   0   0   0   0   0 100   0   0   0   0   0   0   0   0   0   0   0   0   0  2.49 0.73
  363 A    7 -5 -5 -5 -4 -4 -4 -3 -5 -5 -5 -4 -4 -6 -4 -2 -3 -6 -5 -4  100   0   0   0   0   0   0   0   0   0   0   0   0   0   0   0   0   0   0   0  2.08 0.65
  364 F   -6 -7 -7 -7 -6 -7 -7 -7 -5 -4 -3 -7 -4  9 -8 -6 -6 -3 -1 -5    0   0   0   0   0   0   0   0   0   0   0   0   0 100   0   0   0   0   0   0  3.08 0.76
  365 A    7 -5 -5 -5 -4 -4 -4 -3 -5 -5 -5 -4 -4 -6 -4 -1 -3 -6 -5 -4   98   0   0   0   0   0   0   0   0   0   0   0   0   0   0   1   0   0   0   0  2.00 0.64
  366 S    3 -4 -3 -4 -4 -3 -3 -1 -4 -5 -5 -3 -4 -5 -3  6 -1 -6 -5 -2   28   0   0   0   0   0   0   3   0   0   0   0   0   0   0  66   1   0   0   3  1.27 0.50
  367 Q   -5 -3 -4 -4 -7  9 -2 -6 -3 -6 -5 -3  5 -6 -5 -4 -4 -6 -5 -5    0   0   0   0   0  86   0   0   0   0   0   0  14   0   0   0   0   0   0   0  2.47 0.75
  368 F    4 -4 -3 -4  5 -3 -4 -2 -4 -3 -3 -3 -2  0 -4  3 -1 -4  1 -1   44   0   0   0  15   0   0   2   0   0   1   0   1   5   0  20   3   0   6   5  0.74 0.34
  369 V   -2 -4 -5 -6 -3 -4 -5 -6 -5  2  4 -5 -1 -2 -5 -4 -1 -4 -2  4    3   0   0   0   0   0   0   0   0   9  52   0   0   0   0   0   3   0   1  31  0.90 0.34
  370 Y    3 -3 -5 -5 -5  0 -4 -4  1 -4 -4 -4 -1  1 -4 -3 -4  4  8 -4   27   1   0   0   0   4   0   1   3   0   0   0   2   3   0   0   0   6  53   0  1.46 0.50
  371 C   -3 -6 -5 -6 10 -5 -6 -6 -6  0 -4 -6 -4 -5 -6  1 -2 -6 -5  4    1   0   0   0  55   0   0   0   0   3   0   0   0   0   0  11   1   0   0  29  1.94 0.55
  372 R    0  1 -4 -5  1 -2 -4 -5 -4  5  1 -3  2 -3 -4 -3 -2 -5 -3  3    6  10   0   0   3   2   0   0   0  38   8   1   5   0   0   1   1   0   0  24  0.64 0.28
  373 N   -3  5  2  2 -5  2  2 -2  0 -5 -5  3 -4 -5 -4 -2 -3 -5 -4 -5    0  34  12  13   0   8  12   2   2   0   0  17   0   0   0   0   1   0   0   0  0.79 0.31
  374 K   -1  0 -1  1 -5  0  4 -3  2 -4 -4  4 -4 -4 -3 -1  1 -5 -3 -3    5   2   2   7   0   3  29   0   4   0   0  33   0   0   0   3  10   0   0   1  0.64 0.29
  375 L   -4 -5 -6 -7  0 -5 -6 -7 -6  0  6 -6 -1 -3 -6 -5 -4 -4 -4  0    1   0   0   0   2   0   0   0   0   2  91   0   0   0   0   0   0   0   0   3  1.62 0.51
  376 G   -3 -3  1  1 -5 -1  1  6 -2 -6 -6  0 -5 -6 -3 -2 -4 -5 -5 -6    0   1   5   6   0   2   8  67   1   0   0   7   0   0   1   1   0   0   0   0  1.26 0.41
  377 L   -4 -5 -6 -6 -4 -5 -6 -7 -6  5  5 -5  1 -2 -6 -5 -4 -5 -4  0    0   0   0   0   0   0   0   0   0  37  59   0   2   0   0   0   0   0   0   1  1.34 0.43
  378 D   -4 -5  1  7 -6 -3  0 -4 -4 -6 -6 -3 -6 -7  5 -2 -4 -7 -6 -6    1   0   6  61   0   0   5   0   0   0   0   0   0   0  26   1   0   0   0   0  1.68 0.51
  379 P   -1  0 -1 -2 -4  1  3 -4  1 -1 -1  0  2 -1  5 -1 -2  3 -2 -2    3   5   2   1   0   5  20   0   4   4   5   4   6   2  27   2   1   5   0   2  0.49 0.23
  380 E    2 -2  0  2 -4 -1  5 -2 -2 -5 -5  0 -4 -5 -3  1 -2 -5 -4 -4   20   1   5  13   0   1  43   2   1   0   0   4   0   0   0  10   1   0   0   0  0.75 0.33
  381 K   -4  3 -3 -4 -6 -2 -2 -5 -3  0 -4  7 -4 -6 -4 -3 -3 -6 -5 -4    0  12   0   0   0   0   0   0   0   5   1  79   0   0   0   0   0   0   0   1  1.66 0.55
  382 I   -3 -5 -5 -6 -4 -5 -5 -6 -5  2  1 -5  2 -2 -5 -4 -1 -5  0  6    0   0   0   0   0   0   0   0   0  10   9   0   5   1   0   0   3   0   3  69  1.21 0.42
  383 N   -5 -4  9 -2 -6 -4 -4 -4 -3 -7 -7 -4 -6 -7 -6 -3 -4 -7 -6 -7    0   0  99   0   0   0   0   0   0   0   0   0   0   0   0   0   0   0   0   0  2.83 0.76
  384 V   -3 -5 -5 -5 -5 -5 -5 -6 -5 -1 -3 -4 -4 -4  7 -4 -4 -6 -5  4    0   0   0   0   0   0   0   0   0   2   2   1   0   0  57   0   0   0   0  37  1.77 0.53
  385 N   -4  2  6 -1 -3 -2 -3 -3  0 -4  0  2  1 -4 -4 -2 -2 -4 -4 -3    0  13  51   3   0   1   0   0   2   0  10  13   4   0   0   1   1   0   0   2  0.96 0.38
  386 G   -3 -6 -4 -5 -6 -5 -6  8 -5 -7 -7 -5 -6 -7 -6 -4 -5 -6 -6 -7    0   0   0   0   0   0   0  99   0   0   0   0   0   0   0   0   0   0   0   0  2.48 0.64
  387 G   -3 -5 -4 -4 -6 -5 -5  7 -5 -7 -7 -5 -6 -6 -5 -3 -5 -6 -6 -6    0   0   0   1   0   0   0  97   0   0   0   0   0   0   0   1   0   0   0   0  2.34 0.59
  388 A    7 -4 -4 -5 -3 -4 -4 -2 -5 -4 -5 -4 -4 -5 -4  0 -3 -6 -5 -3   94   0   0   0   0   0   0   1   0   0   0   0   0   0   0   3   0   0   0   0  1.77 0.56
  389 M   -4 -6 -6 -6 -3 -6 -6 -7 -6  8 -1 -6  0 -3 -6 -5 -4 -6 -4  1    0   0   0   0   0   0   0   0   0  91   1   0   2   0   0   0   0   0   0   4  2.03 0.56
  390 A    7 -4 -4 -5 -3 -4 -4 -3 -5 -4 -5 -4 -4 -5 -4  0 -3 -6 -5 -3   95   0   0   0   0   0   0   0   0   0   0   0   0   0   0   4   0   0   0   0  1.81 0.57
  391 I   -4 -5 -6 -6 -4 -5 -5 -6 -5  2  5 -5  1  3 -5 -5 -3 -2 -3 -1    0   0   0   0   0   0   0   0   0  11  73   0   2  11   0   0   0   0   0   1  1.20 0.39
  392 G   -3 -5 -4 -4 -6 -5 -5  7 -5 -7 -7 -5 -6 -6 -5 -3 -4 -6 -6 -6    0   0   0   0   0   0   0  98   0   0   0   0   0   0   0   0   1   0   0   0  2.38 0.60
  393 H   -5 -4 -3 -5 -7 -3 -4 -6 11 -7 -7 -5 -5 -5 -6 -5 -5 -6 -2 -5    0   0   0   0   0   0   0   0  98   0   0   0   0   0   0   0   0   0   0   1  3.59 0.82
  394 P   -4 -6 -6 -5 -6 -5 -5 -6 -6 -6 -6 -5 -6 -7  9 -4 -5 -7 -6 -6    1   0   0   0   0   0   0   0   0   0   0   0   0   0  98   0   0   0   0   0  3.16 0.74
  395 L   -3 -5 -6 -6 -4 -5 -5 -6 -5 -1  6 -5  0  0 -6 -5 -3 -4 -1 -1    1   0   0   0   0   0   0   0   0   1  89   0   1   3   0   0   1   0   2   1  1.47 0.46
  396 G   -3 -4 -4 -3 -6 -5 -5  7 -5 -7 -7 -5 -6 -6 -5 -3 -5 -6 -6 -6    0   1   0   1   0   0   0  97   0   0   0   0   0   0   0   0   0   0   0   0  2.32 0.59
  397 A    4 -5 -4 -5  9 -4 -4 -4 -5 -4 -4 -4  2 -5 -4 -2 -2 -5 -5 -1   41   0   0   0  44   0   1   0   0   0   0   0   5   0   0   1   2   0   0   4  1.60 0.48
  398 T   -3 -4 -3 -4 -3 -4 -4 -5 -5 -4 -5 -4 -4 -5 -4  0  8 -6 -4 -3    0   0   0   0   0   0   0   0   0   0   0   0   0   0   0   6  92   0   0   0  2.07 0.63
  399 G   -3 -6 -4 -5 -3 -5 -5  7 -5 -7 -7 -5 -6 -7 -5 -3 -5 -6 -6 -7    0   0   0   0   0   0   0  99   0   0   0   0   0   0   0   1   0   0   0   0  2.42 0.61
  400 A    6 -4 -4 -4 -2 -4 -4 -2 -5 -4 -4 -4 -4 -5 -4  0  1 -6 -5 -2   83   0   0   0   0   0   0   2   0   0   0   0   0   0   0   6   8   0   0   2  1.40 0.49
  401 R   -4  7 -3 -4 -6 -2 -3 -5 -3  1 -4  3 -3 -4 -5 -4 -4 -5 -4 -3    0  67   0   0   0   0   0   0   0  11   0  20   1   0   0   0   0   0   0   1  1.53 0.49
  402 C   -4  2 -4 -4  3  6 -2 -5 -3 -3  3 -2  2 -4 -5 -3 -3 -5 -4 -3    0  11   0   0   7  48   0   0   0   0  26   0   6   0   0   0   0   0   0   0  1.08 0.44
  403 V    0 -4 -4 -4 -3 -4 -4 -4 -4  3  0 -4 -1 -3 -4 -1  4 -4  0  4    5   0   0   0   0   0   0   0   0  17   5   0   1   0   0   2  33   0   3  34  0.71 0.31
  404 A    5 -4 -3 -4  0 -3 -3  0 -4 -1 -1 -3 -2 -4 -3  1  0 -5 -4  2   51   0   0   0   1   0   0   5   0   2   5   0   0   0   0  11   4   0   0  19  0.64 0.31
  405 T   -3 -3 -3 -4 -4  0 -4 -3  2 -4 -5 -2 -4 -5 -4  0  7 -6 -4 -3    0   1   0   0   0   5   0   1   5   0   0   1   0   0   0   6  81   0   0   0  1.63 0.56
  406 L    0 -4 -5 -5 -3 -4 -5  1 -5  2  5 -4  0 -2 -5 -4 -3 -4 -3  0    8   0   0   0   0   0   0  14   0  12  60   0   1   0   0   0   0   0   0   5  0.78 0.31
  407 L   -3 -5 -6 -6 -4 -4 -5 -6 -5  2  5 -5  2  0 -5 -4 -3 -4 -2  1    1   0   0   0   0   0   0   0   0  11  69   0   5   3   0   0   0   0   1   9  1.08 0.36
  408 H    0  0  3 -2 -4 -2 -2 -3  7 -3 -3 -2 -3 -3  1  2 -1 -4  3 -4    7   6  16   1   0   1   0   1  33   1   2   0   0   0   6  14   3   0   9   0  0.78 0.32
  409 E    0 -3 -3 -2 -6 -1  7  1 -3 -3 -4 -2 -5 -6 -4 -3 -4 -5 -5 -4    7   0   0   0   0   1  78  10   0   2   1   0   0   0   0   0   0   0   0   0  1.48 0.50
  410 M   -1 -4 -5 -6  1 -4 -5 -2 -5 -1  5 -4  7 -2 -5 -4 -3 -4 -4 -2    6   0   0   0   3   0   0   3   0   0  57   0  29   0   0   0   0   0   0   0  1.18 0.41
  411 K   -1  5 -1 -2 -5  2  1 -2  0 -4 -4  5 -3 -5 -3 -2 -2 -5 -4 -4    4  31   2   1   0   9   7   3   2   1   0  37   0   0   1   1   1   0   0   0  0.82 0.31
  412 R   -4  8 -3 -4 -6  0 -2 -5 -3 -6 -5  1 -4 -6 -5 -3 -4 -5 -5 -5    0  89   0   0   0   2   1   0   0   0   0   4   0   0   0   0   0   0   0   1  2.15 0.59
  413 R   -2  6 -2 -2 -4  2 -1 -4  1 -4 -2 -1 -3 -4 -3 -1  3 -4 -3 -4    1  53   1   2   0  10   2   1   3   0   3   1   0   0   0   3  19   0   0   1  0.95 0.34
  414 G   -1 -1  2  0 -2 -1 -1  5 -2 -3 -2  1 -2 -3 -2 -1 -2 -2 -2 -2    3   3   9   6   1   2   2  46   1   2   5   9   1   1   2   3   2   0   1   2  0.50 0.15
  415 K   -1  1 -1 -1 -2  2  1  1 -1 -2 -2  4 -1 -2 -1  0 -1 -2 -2 -2    3   5   2   3   1  11   9  11   1   2   4  31   1   1   3   5   2   1   1   2  0.27 0.10
  416 D   -1  1  2  2 -2  1  1  0  0 -2 -2  1 -1 -2  1  0 -1 -2 -1 -2    4   8  13  11   1   6  10   9   1   2   4  11   1   2   6   4   3   1   1   3  0.15 0.05
  417 C    1 -1 -1 -1  2 -1 -1  2 -1 -1  0 -1 -1 -1 -1  0 -1 -2 -1  0   18   2   2   2   7   2   3  22   1   4  13   4   1   1   2   5   3   0   1   6  0.12 0.06
  418 R   -2  5 -2 -2 -4  3  0 -3 -1 -4 -3  5 -3 -4 -3 -2 -2 -4 -3 -3    1  29   1   1   0  13   3   1   1   1   1  41   0   1   1   2   1   0   0   1  0.89 0.29
  419 F   -3 -4 -4 -5 -4 -4 -5 -5  0  3 -1 -4 -1  3 -5 -4 -2  0  7  2    0   0   1   0   0   0   0   0   2  19   4   0   1  13   0   0   2   1  39  18  0.99 0.35
  420 G    0 -5 -3 -4 -5 -4 -5  6 -5 -3  1 -4 -4 -1 -5 -3 -4 -5 -5 -3    5   0   0   0   0   0   0  75   0   1  14   0   0   3   0   0   0   0   0   2  1.43 0.44
  421 V   -2 -5 -4 -6 -2 -4 -5 -6 -5  2  2 -5  5 -3 -5 -4 -3 -5 -4  6    1   0   1   0   1   0   0   0   0   6  16   0  18   0   0   0   0   0   0  57  1.12 0.40
  422 V   -2 -5 -4 -5 -3 -4 -5 -5 -5  2 -2 -4 -2 -3 -5 -3  4 -5 -4  6    0   0   0   0   0   0   0   0   0   9   1   0   0   0   0   0  31   0   0  58  1.17 0.43
  423 S   -2 -4 -3 -3 -4 -3 -3 -4 -4 -5 -5 -3 -4 -5 -4  6  5 -6 -5 -4    0   0   0   0   0   0   0   0   0   0   0   0   0   0   0  65  35   0   0   0  1.49 0.54
  424 M   -4 -5 -6 -7 -4 -4 -6 -7 -5 -3 -1 -4 11 -4 -6 -5 -5 -5 -5 -3    1   0   0   0   0   0   0   0   0   0   1   1  98   0   0   0   0   0   0   0  3.24 0.84
  425 C   -4 -8 -7 -8 12 -7 -8 -7 -7 -5 -5 -7 -5 -6 -7 -5 -5 -6 -6 -5    0   0   0   0 100   0   0   0   0   0   0   0   0   0   0   0   0   0   0   0  4.05 0.86
  426 I   -2 -6 -6 -6 -2 -5 -6 -6 -6  7 -1 -5 -1 -3 -5 -5 -2 -5 -4  4    3   0   0   0   1   0   0   0   0  69   0   0   0   0   0   0   1   0   0  25  1.49 0.45
  427 G   -2 -5 -3 -4 -6 -5 -5  7 -5 -7 -7 -5 -6 -6 -5 -2 -5 -6 -6 -6    1   0   0   0   0   0   0  97   0   0   0   0   0   0   0   2   0   0   0   0  2.30 0.58
  428 T   -2 -4 -3 -4 -4 -3 -3  3 -4 -4 -3 -3  0 -4 -4  2  6 -5 -4 -3    1   0   0   0   0   0   0  25   0   0   2   0   2   0   0  13  56   0   0   0  1.06 0.41
  429 G   -3 -6 -4 -4 -6 -5 -5  7 -5 -7 -7 -5 -6 -6 -5 -3 -5 -6 -6 -6    0   0   0   0   0   0   0 100   0   0   0   0   0   0   0   0   0   0   0   0  2.42 0.59
  430 M   -4 -5 -5 -6 -5  2 -5 -6 -5 -2 -1 -4 10 -3 -6 -5 -4 -5 -3 -3    0   0   0   0   0  11   0   0   0   1   2   0  86   0   0   0   0   0   1   0  2.62 0.71
  431 G   -3 -6 -4 -4 -6 -5 -5  7 -5 -7 -7 -5 -6 -6 -5 -3 -5 -6 -6 -6    0   0   0   0   0   0   0 100   0   0   0   0   0   0   0   0   0   0   0   0  2.40 0.59
  432 A    6 -4 -5 -5 -2 -3 -4 -3 -4 -3 -3 -3  6 -3 -4 -2 -3 -5 -4 -1   66   0   0   0   0   0   0   0   0   0   0   1  27   1   0   1   0   0   0   4  1.34 0.48
  433 A    7 -4 -5 -5 -3 -4 -4 -3 -5 -4 -5 -4 -4 -5 -4 -1 -2 -6 -5 -3   97   0   0   0   0   0   0   0   0   0   0   0   0   0   0   1   1   0   0   0  1.83 0.57
  434 A    4 -4 -3 -4 -3 -4 -4  5 -4 -5 -5 -3 -3 -5 -4  1 -3 -5 -5 -4   37   0   0   0   0   0   0  51   0   0   0   0   0   0   0  11   0   0   0   0  1.18 0.39
  435 V   -2 -5 -5 -6 -3 -5 -5 -6 -5  4  3 -5  0 -2 -5 -4 -3 -5 -3  5    1   0   0   0   0   0   0   0   0  21  27   0   1   0   0   0   0   0   0  49  1.02 0.34
  436 F   -5 -6 -6 -6 -3 -6 -6 -6 -4  2 -1 -6 -2  8 -6 -5 -5  5  1 -1    0   0   0   0   0   0   0   0   0  12   4   0   0  72   0   0   0   8   2   2  1.84 0.49
  437 E   -3 -3 -4 -2 -5 -1  6 -5 -4  1 -3 -3 -3 -4 -4 -3 -3 -5 -4  4    0   0   0   0   0   0  56   0   0   7   1   0   0   0   0   0   0   0   0  36  1.13 0.43
  438 R   -2  6  3 -3 -5 -1 -2 -4 -2 -3 -4  2 -3 -5 -4  0 -2 -5 -3 -3    1  59  18   0   0   0   0   0   0   1   1   9   0   0   0   8   0   0   0   1  1.05 0.32
  439 G   -3 -2 -2  0 -6  0  7  1 -1 -4 -4 -1 -4 -5 -3 -2 -3 -5 -4 -3    0   0   0   2   0   0  78  14   1   1   1   1   0   0   0   0   1   0   0   2  1.27 0.36
  440 D   -1 -2  2  5 -4  2  2  1 -1 -4 -4 -1 -3 -4 -2 -1 -2 -4 -3 -4    2   0   9  53   0  12  11  12   0   0   0   0   0   0   0   1   0   0   0   0  0.72 0.13
  441 G    2 -1  2 -1  2 -1  0  3 -1 -3 -3 -1 -2 -3 -2  2  0 -3 -1 -2   26   1  14   0   6   0   5  25   0   0   0   0   0   0   0  19   0   0   2   1  0.30 0.05
  442 V    0 -3  0 -3  3 -2 -2 -3 -3  2  0 -2  0 -2 -2  0  1 -3 -2  4    7   0   6   0   8   0   0   0   0   3   0   0   0   0   0   5   7   0   0  63  0.27 0.05
  443 D   -1 -2  2  6 -3 -1  1 -1 -1 -3 -4 -1 -3 -4 -2  1 -1 -4 -3 -3    6   0   7  76   0   0   0   0   0   0   0   0   0   0   0  10   0   0   0   0  0.81 0.06
  444 E    0  0  1  1 -3  2  4 -1 -1 -3 -3  2 -2 -3  0  0 -1 -3 -2 -3    8   0   6   5   0   5  56   2   0   0   0  14   0   0   4   0   0   0   0   0  0.48 0.04
  445 L   -2 -3 -4 -4 -2 -2 -3 -4 -3  1  4 -3  2  1 -3 -3 -1 -2 -1  1    0   0   0   0   0   0   0   0   0   0  90   0   0   5   0   0   0   0   0   3  0.50 0.04
  446 R    0  1 -1 -2  7 -1 -2 -2 -2 -2 -2 -1  0 -3 -2  2  1 -3 -2 -1    4  16   0   0  39   0   0   0   0   0   0   0   4   0   0  26  12   0   0   0  0.43 0.03
  447 N   -2 -1  6  2 -3  0 -1 -1  0 -3 -4 -1 -2 -3 -2  0  1 -4 -3 -3    0   0  88   4   0   0   0   0   0   0   0   0   0   0   0   0   8   0   0   0  0.80 0.05
  448 A    4 -2 -2 -2 -1 -1 -1  0 -2  0 -1 -1 -1 -2 -1  1  0 -3 -2  1   75   0   0   0   0   0   0   2   0   0   0   0   0   0   0   2   2   0   0  20  0.34 0.03
  449 R   -1  6 -1 -2 -4  1  0 -3 -1 -3 -3  2 -2 -3 -2 -1 -1 -3 -2 -3    4  88   0   0   0   3   0   0   0   0   0   5   0   0   0   0   0   0   0   0  0.80 0.05
  450 K    1  0 -1 -1  0  0 -1  1  2 -2 -2  2 -1 -3  3  0  0 -3 -2 -1   18   0   0   2   2   0   0  10   8   0   0  27   3   0  18   0   5   0   0   7  0.23 0.01
  451 V    0 -2 -2 -3 -1 -2 -1 -3 -3  3  1 -2  0 -1 -2 -1  0 -3 -2  3    7   0   2   0   0   0   3   0   0  24   0   0   0   0   0   2   6   0   0  55  0.24 0.02
  452 E    0  0  2  2 -3  2  2  1  1 -3 -3  1 -2 -3  3  0 -1 -3 -2 -3    4   0  13  10   0  10  19  12   4   0   0  13   0   0  14   2   0   0   0   0  0.33 0.01
  453 A    1 -1  2  1 -2  0  0  2  1 -3 -3  0 -2 -3 -1  2  1 -3 -2 -2   12   2  11   7   0   5   0  20   4   0   0   0   0   0   0  29  11   0   0   0  0.26 0.01
  454 Q   -1  0  3  1 -3  2  0 -1  5 -2 -1  0 -1 -2 -2  0 -1 -3 -1 -2    0   0  29   6   0  21   0   2  27   0  13   0   0   0   0   2   0   0   0   0  0.32 0.02
  455 G   -1 -1  5  2 -3  0  0  1  0 -3 -3 -1 -2 -3 -2  1  0 -4 -2 -2    0   0  59   8   0   4   0  10   0   0   0   0   0   0   0   8   5   0   0   5  0.45 0.03
  456 L   -2 -1 -3 -3 -2 -2 -3 -3  1  0  3 -2  1  3 -3 -2 -2  5  1  0    0   3   0   0   0   0   0   0   8   0  53   0   0  23   0   5   0   9   0   0  0.32 0.02
  457 L   -2 -3 -4 -4 -2 -3 -3 -4 -3  1  5 -3  2  0 -3 -3 -1 -2 -1  1    0   0   0   0   0   0   0   0   0   0 100   0   0   0   0   0   0   0   0   0  0.55 0.03
  458 S    1 -1  0 -1 -1  0  0 -1 -1 -3 -3  0 -2 -3 -1  5  1 -3 -2 -2    0   0   0   0   0   0   0   0   0   0   0   0   0   0   0 100   0   0   0   0  0.57 0.04
  459 K   -1  3  0 -1 -3  1  0 -2  1 -3 -2  5  0 -3 -2 -1 -1 -3 -2 -2    0  12   3   0   0   0   0   0   4   0   0  77   4   0   0   0   0   0   0   0  0.50 0.03
  460 D   -2 -2  1  7 -4 -1  1 -2 -1 -4 -4 -1 -4 -4 -2 -1 -1 -5 -4 -4    0   0   0 100   0   0   0   0   0   0   0   0   0   0   0   0   0   0   0   0  1.09 0.05
  461 A    5 -2 -2 -2 -1 -1 -1  0 -2 -2 -2 -1 -1 -3 -1  1  0 -3 -2  0   95   0   0   0   0   0   0   0   0   0   0   0   0   0   0   5   0   0   0   0  0.49 0.03
  462 R   -1  5  0 -1 -4  3  1 -2  1 -3 -3  3 -1 -3 -2 -1 -1 -3 -2 -3    0  51   0   0   0  18   0   0   5   0   0  27   0   0   0   0   0   0   0   0  0.54 0.01

                      K         Lambda
Standard Ungapped    0.1320     0.3169
Standard Gapped      0.0596     0.2670
PSI Ungapped         0.1943     0.3141
PSI Gapped           0.0596     0.2670
