
Last position-specific scoring matrix computed, weighted observed percentages rounded down, information per position, and relative weight of gapless real matches to pseudocounts
           A  R  N  D  C  Q  E  G  H  I  L  K  M  F  P  S  T  W  Y  V   A   R   N   D   C   Q   E   G   H   I   L   K   M   F   P   S   T   W   Y   V
    1 M   -8 -8 -9-10 -8 -7 -9-10 -8 -6 -5 -8 11 -7 -9 -8 -8 -8 -8 -6    0   0   0   0   0   0   0   0   0   0   0   0 100   0   0   0   0   0   0   0  4.61 1.71
    2 V    0 -4 -6 -3 -8 -7 -5  7 -8 -9 -9 -5 -8 -9 -8 -6 -7 -8 -9 -3    8   1   0   1   0   0   1  86   0   0   0   1   0   0   0   0   0   0   0   2  2.44 1.06
    3 K   -1  3 -4 -6 -8 -4 -4 -1 -6  0 -7  7 -6 -8 -4 -4 -4 -1 -7 -2    5  13   0   0   0   0   0   5   0   6   0  64   0   0   1   1   1   1   0   3  1.67 0.86
    4 K    3  0 -5 -5 -6 -3 -4 -4 -6 -4 -7  5 -6 -7 -2  4  1 -7 -6 -6   21   5   0   0   0   1   0   1   0   1   0  31   0   0   3  30   8   0   0   0  1.08 0.68
    5 A    2  1 -4 -5 -6 -5 -4  5 -6 -3 -6  0 -1 -5 -4  2  1 -7 -6 -4   14   6   0   0   0   0   1  47   0   1   0   5   1   1   1  13   8   0   0   1  1.03 0.60
    6 K   -5  4  1 -5 -2 -4 -5  0 -5 -7 -7  6 -6 -7 -6  3 -4 -7 -7 -7    0  22   5   0   1   0   0   6   0   0   0  44   0   0   0  19   1   0   0   0  1.45 0.80
    7 W  -10-10-11-12  0-10-10-10-10-10 -4-11 -9 -7-11-10-10 13 -5-10    0   0   0   0   2   0   0   0   0   0   2   0   0   0   0   0   0  97   0   0  5.47 2.08
    8 L   -6 -4 -8 -8 -6 -7 -8 -8 -7  4  4 -7 -1  6 -8 -7 -6 -5 -4  0    0   1   0   0   0   0   0   0   0  22  32   0   1  37   0   0   0   0   0   6  1.66 0.81
    9 K   -3  3 -2 -2 -6 -3 -3 -1 -2 -4 -5  5 -4 -4 -5  2  1 -6 -3 -4    2  16   2   2   0   0   1   5   1   1   1  41   0   1   0  15   8   0   1   1  0.98 0.61
   10 N    3 -2  2 -4 -5 -4 -3  0 -5 -1 -3 -3 -2 -3 -5  4  1  1 -5 -3   24   2   8   0   0   0   1   8   0   3   3   1   1   1   0  33   8   2   0   2  0.67 0.50
   11 V   -4 -5 -6 -6 -5 -5 -6 -6 -6  2  4 -3  0  1 -5 -5 -3 -5 -4  5    1   0   0   0   0   0   0   1   0   9  35   2   2   5   0   1   1   0   0  40  1.18 0.60
   12 K   -3  1 -3 -4 -4 -1 -1 -3 -2 -1 -1  6 -2 -2 -2 -2 -3 -4 -4 -1    2   7   1   1   0   2   5   2   1   4   6  54   1   2   2   3   2   0   1   5  1.05 0.56
   13 K   -3  4 -1 -4 -3 -3 -3  0 -4 -3 -3  6 -4 -3 -3 -2 -2 -1 -4 -3    2  24   3   1   1   1   2   8   0   1   3  42   0   1   1   3   3   1   0   2  1.01 0.56
   14 A    3 -2 -1 -2 -3 -2 -2  0 -3  1  1 -1 -1  0 -1  1 -1 -3 -3  2   25   2   3   3   0   1   2   6   0   6  14   3   1   4   3   9   4   0   0  15  0.22 0.20
   15 F   -3  0 -4 -3 -5 -2 -1 -3 -4 -2  2  1 -3  6 -3  0 -2  1 -1 -2    2   5   1   2   0   2   5   2   0   1  19  10   0  34   1   7   2   2   2   2  0.71 0.44
   16 S   -1  2 -1 -2 -2 -2 -2  1 -4  1 -2  3 -3 -3 -2  2  1 -1 -4  0    3  13   3   2   1   1   2   9   0   7   4  16   0   1   2  18  10   1   0   6  0.29 0.28
   17 P   -2 -3 -2 -2 -2 -1 -3  1 -1 -3 -4  1 -3 -1  5  4 -1 -1 -5 -4    3   1   2   2   1   2   1   9   1   2   2   7   1   3  26  30   4   1   0   1  0.75 0.54
   18 D   -2 -2  0  3 -4 -1  2  0  1 -2 -3  2 -4 -3  3  1 -1 -5 -3 -2    2   2   4  15   0   2  14   6   4   3   3  12   0   1  13  11   3   0   1   3  0.35 0.30
   19 S   -1  0 -2 -1 -1  0 -1 -1 -1 -2 -4  3 -4 -3  2  4  1 -5 -5 -3    4   4   2   3   1   3   3   5   2   2   2  17   0   1   9  33   7   0   0   2  0.54 0.45
   20 K   -3  0 -3 -2 -3  0  1 -2  1 -6 -4  6 -5 -4 -2  1 -2 -6 -6 -4    3   4   1   3   1   5   8   3   3   0   2  50   0   1   2  11   3   0   0   1  1.09 0.66
   21 K   -2  0 -1  3 -6 -1  4 -3 -3 -6 -5  4 -6 -6  0  1 -2 -2 -4 -4    3   6   3  14   0   2  25   2   1   0   1  23   0   0   4  10   2   1   1   1  0.75 0.52
   22 L   -1  0  1  0 -3 -1  1 -1 -1 -3 -1  4 -3 -1 -2  1 -1 -2 -3 -2    6   5   5   5   1   2   9   5   1   1   6  29   1   2   2  11   4   1   1   3  0.38 0.32
   23 K   -2  1 -1  1 -3  0  1  0  0 -2 -2  5 -6 -7  0  1 -1 -7 -3 -4    4   6   3   8   1   4   8   6   2   3   4  32   0   0   5   9   4   0   1   1  0.52 0.41
   24 H   -3  1  1  3 -3  0  3  0  1 -4 -4  3 -7 -4 -3  1 -2 -3 -7 -3    2   8   5  14   1   4  17   6   4   1   2  19   0   1   2   9   3   0   0   2  0.53 0.39
   25 E   -2  1  2  0 -4  3  3 -2 -1 -4 -5  4 -2 -5  1 -1 -3  0 -7 -5    3   7  10   5   1  10  15   4   2   1   1  23   1   1   6   5   2   2   0   1  0.61 0.45
   26 S   -1  1  0  0 -1  0  0 -1  0 -3 -4  5 -7 -2 -3  2 -1  0 -1 -2    5   8   4   6   2   4   6   5   2   2   2  28   0   2   2  14   3   1   2   3  0.47 0.35
   27 V    0  0  0  1 -3  0  1 -1  0 -2 -1  2 -5 -1  1  1 -1  0 -3  0    8   4   4   7   1   4   9   5   2   3   6  11   0   3   8  12   4   1   1   6  0.13 0.15
   28 E   -1  3  0  1 -4 -1  2 -2  2 -4 -4  4 -3 -2 -1  1 -4 -8 -4 -4    5  14   4   8   1   2  14   3   4   1   2  20   1   2   4  12   1   0   1   2  0.51 0.39
   29 C   -1  2  1  0  2  0  0  0  0 -2 -2  3 -6 -3 -1  0 -1  4 -6 -1    5  11   5   4   4   3   5   7   2   3   4  19   0   1   3   7   4   5   0   5  0.31 0.25
   30 Q   -2  3  0  0 -3  1  1 -1  1 -3 -3  3 -3 -3 -1  1 -2  3 -3 -2    4  15   5   6   1   6   7   4   3   2   3  17   1   2   3  11   3   4   1   3  0.36 0.30
   31 D   -1  1  1  0 -7 -1  3  0  1 -3 -2  3 -2 -1 -1  0 -1  2 -6 -1    4   6   6   5   0   3  17   8   3   1   5  17   1   2   3   6   4   2   0   4  0.31 0.26
   32 S    0  1  1  1 -1 -1 -1  0  0 -2 -3  3 -2 -2 -1  1 -1  4 -1 -1    8   7   6   8   1   3   4   7   3   3   2  15   1   2   3  11   3   6   2   4  0.22 0.20
   33 V    0  1  0 -2 -1  0 -1 -2  1  0 -1  2 -1  0 -1  1  0  4 -1  1    6   7   4   2   1   4   3   4   3   6   6  12   1   4   3  10   6   5   2  10  0.12 0.12
   34 I    0  1  0  1  0 -1  0 -1  0  0 -3  1 -2  1 -1  2 -1  4 -3  0    7   7   5   8   2   2   6   6   2   4   3   9   1   5   3  13   3   6   1   7  0.15 0.15
   35 S    0  0 -1 -1 -2  1  0  0  0 -3 -2  2 -6 -1  0  3 -1  2 -3 -3    8   5   3   4   1   6   7   8   2   2   4  11   0   3   5  21   4   3   1   2  0.25 0.25
   36 Y    1  1  1 -1 -2  0  1  0  0 -2 -1  1 -1  1 -1  0  0  2  0 -1   10   6   7   3   1   3   9   8   2   3   5  10   1   5   3   8   5   3   3   5  0.08 0.09
   37 P   -1  0 -1 -1 -1  0  2  1 -1 -2 -2  2 -6 -2  3  0  0  1 -6 -2    5   6   4   4   1   4  14   9   1   2   4  13   0   2  13   7   5   2   0   4  0.26 0.25
   38 V    0  0 -1 -1  0  0  1 -1  1 -1  0  1 -1 -1  0 -1  0  1 -2  1    8   5   3   3   2   3   9   5   4   3   9  10   1   3   5   5   7   2   1   9  0.03 0.06
   39 L   -1 -1  0 -1  0  1  0 -1  0 -1  0  1  0  0  1 -1  0  2 -1  0    5   4   4   4   2   5   8   5   3   3   9  11   2   4   7   5   6   3   2   7  0.04 0.07
   40 I   -1  1  0 -2  0  0  0 -1  3  1  0  0  0  0  0  0  0  2 -1  1    4   9   4   2   2   3   5   5   6   7   8   5   2   4   6   7   5   3   2  10  0.07 0.07
   41 A    0 -1  0 -1  1  1 -1  0  1 -2 -2  0  0  0  1  2  1  1 -1 -1    8   4   5   4   3   6   5   9   3   3   3   6   2   5   8  14   8   2   2   4  0.10 0.13
   42 T    0  1  0 -1 -3  1  0 -2 -2 -2  0  1 -2  0  2  1  1 -1 -3 -1    8   7   4   3   0   6   5   2   1   2   9   7   1   5  13  13  10   1   0   3  0.16 0.18
   43 S    0  1  0  0 -2  0  1 -1  0 -1 -1  1 -1 -1  2  1  0  1 -3  0    8   7   4   4   0   3   8   3   2   4   5   9   1   2  10  13   6   2   0   7  0.11 0.13
   44 R    0  2 -1  0 -3  0  0 -2  3  0  0  0 -2 -1  2  0 -1 -2 -2 -1    7  11   3   4   0   3   7   2   9   5   9   6   0   3  12   8   2   0   1   5  0.16 0.16
   45 S    0  0 -1 -1 -3  1  0 -1  2 -2 -2  0 -3 -3  3  4  0 -4 -3 -2    8   5   2   4   0   5   5   4   5   2   3   5   0   1  13  28   6   0   1   3  0.37 0.32
   46 S    0  0 -1  0 -2  0 -1 -1 -1 -2 -1 -1 -3  0  3  2  1 -1 -3  0    9   6   2   4   1   3   4   4   1   3   6   3   0   5  17  15   9   1   0   6  0.22 0.21
   47 S    1 -1  0  0 -2 -1 -2 -1 -3  0 -1 -1 -2 -3  4  2  0  0 -2  0   10   4   4   5   1   3   2   4   1   5   6   3   1   1  20  17   5   2   1   7  0.28 0.25
   48 P    0 -2 -2 -1 -3  0  0 -2  2 -2 -1  0 -2 -3  5  1  1 -3 -4 -2    7   2   2   3   0   4   6   3   5   2   5   5   1   1  29  10  10   0   0   3  0.51 0.36
   49 Q    1 -1  0 -1 -3  0  0 -1  0 -1 -2  0 -2 -2  3  2  1  0 -1 -1   10   4   3   4   0   4   7   4   3   3   4   5   0   1  14  18   7   1   2   5  0.19 0.19
   50 F    0  0 -1  0 -2 -1  2 -2 -1  0 -1  0 -1  1  0  1  0 -1  0  1    6   6   2   4   0   1  15   3   2   5   6   5   1   7   5  10   7   1   3  10  0.08 0.11
   51 E    0 -1 -1  1 -3  0  4 -1  0 -2 -4  2 -2 -5  2  0  1  0 -2 -3    6   3   3   8   1   3  28   5   2   2   1  10   1   0   9   5   9   1   1   1  0.41 0.31
   52 V    0  0 -2 -1 -2 -2 -1 -1 -1  2  0  1 -1 -1  1  1  0 -2 -2  2    6   6   1   2   1   1   4   4   2  12   7   8   1   3   8  11   5   1   1  17  0.12 0.14
   53 R    1  1  0  1 -2  0 -1 -2 -1  0 -1  1 -2 -1  0  1  1 -4 -1 -1   11  10   5   7   0   3   4   3   2   8   5  10   0   3   4  10  10   0   1   4  0.10 0.12
   54 V    0 -1  0 -2 -1 -1  0 -1  0  0  1 -1 -1 -1  0  0  1  1 -1  1    8   3   4   1   1   2   5   6   2   4  17   4   1   3   5   7  11   2   1  13  0.06 0.10
   55 D    0 -1  1  2 -1  0  0  0 -1  0 -2  0 -1 -2  2  1  1  0 -3 -1    7   3   6  14   1   4   6   6   1   5   2   5   2   1   9  13   9   2   0   4  0.15 0.15
   56 E   -1 -1  1  2 -4  1  4 -2  2 -2 -2  1 -2 -1  0  0 -1 -2 -3 -2    5   3   5  11   0   5  25   2   5   2   4   8   1   3   5   7   3   1   1   2  0.31 0.25
   57 V    1 -1  0 -2  0  0  0 -1  1  0  0 -1 -1  0  2  0  1 -1 -2  1   12   2   4   1   2   3   5   5   3   7   7   4   1   5  10   6  12   1   0  10  0.09 0.11
   58 N    0  0  1  0 -3  2  3 -2  0 -1 -2  0 -3 -3  0  0  1 -3 -4  0    6   6   8   5   0   9  23   3   2   3   3   4   0   1   5   7   8   0   0   6  0.25 0.24
   59 Y    0  1  2  1 -2  0  2 -1  1 -1 -1  0 -2 -1  1  0 -1 -2 -1  0    6   7  11   7   1   3  14   4   3   2   6   6   1   3   6   8   4   0   2   7  0.10 0.11
   60 E   -1 -1 -2  1 -4  2  5 -2  2 -3 -3  0 -4 -5  0  0 -1 -6 -5 -2    6   3   1   7   0  10  35   3   4   2   2   5   0   0   6   8   4   0   0   3  0.54 0.40
   61 Q    0  0  0 -1 -3  4  1 -3  3 -1 -2  0 -3 -1 -1  2  0 -5 -3 -1    6   4   4   2   0  20   9   2   6   4   4   6   0   3   3  15   7   0   0   4  0.30 0.28
   62 K    0  0  2  1 -1  0  1 -1  0 -2 -2  1 -3 -4  1  2  1 -5 -4 -1    6   5  12   6   1   4  10   5   2   3   3   9   0   0   6  15   8   0   0   4  0.21 0.20
   63 K    1  1  1 -1  0  0  1 -1  0 -2 -2  3 -2 -3  0  1  0 -2 -1 -2   12   8   8   2   2   4   8   5   2   2   4  19   1   1   4  10   4   1   2   3  0.19 0.18
   64 N    0 -1  3  1 -3  0  0  0  5 -2 -2 -1 -1 -3 -1  1  1 -2 -3  0    8   2  13   6   1   4   6   6  17   2   3   3   1   1   3   9   9   0   0   6  0.32 0.26
   65 L    3 -1 -1 -1 -1  1  0 -1  0  1 -1 -1 -1 -1  0  0  0 -4 -2  1   25   3   3   3   1   6   6   4   2   8   6   3   1   3   4   7   7   0   1   9  0.13 0.16
   66 Y    0 -1 -1  0 -1  0  1 -1  1  1 -1 -2  0  0  1  1  0 -2  0  0    9   4   2   5   1   3   8   4   3   9   5   1   2   3   8  15   7   1   4   7  0.07 0.11
   67 P    1 -1  0 -1 -1 -1  1 -1 -1 -1 -1  0 -1 -3  4  1  0 -4 -3 -1   15   4   4   4   1   3   9   4   1   3   7   7   2   1  19  10   4   0   0   3  0.25 0.21
   68 P    1 -1  0 -2 -2 -2  0 -2  0 -1 -1  0 -1 -1  4  0 -1 -5 -2  2   10   4   4   1   1   1   8   3   2   2   4   6   1   3  21   9   2   0   1  17  0.29 0.25
   69 S    2 -1 -1 -2 -2 -1  1 -1 -1  0 -2 -1  0 -3  1  2  1 -4 -3  1   21   4   2   2   1   2  10   4   1   6   2   2   3   1   6  15   8   0   0  10  0.21 0.22
   70 S    2 -1  1  0 -3 -1  1 -1 -1 -1 -1  0 -2 -3  1  1  0 -4 -3  1   19   3   6   5   0   2  10   3   1   3   6   6   0   1   7  12   5   0   1  10  0.16 0.17
   71 D    2 -2 -1  3 -2 -2  2 -1 -1 -2 -2 -1 -4 -2  0  0  0 -2 -4  1   22   2   3  18   1   1  13   4   2   2   3   2   0   2   5   7   4   1   0   9  0.31 0.27
   72 S    2 -3  0 -1 -2 -1  1 -1  0 -1 -4 -2 -1 -5  1  2  3 -2 -4  0   17   1   5   3   1   2  11   3   3   3   0   1   2   0   7  18  18   1   0   6  0.35 0.32
   73 V    2 -1  0 -1 -2 -1  0 -2  0  0 -2 -2 -2 -1 -1  1  0 -4 -2  2   22   3   5   4   1   3   7   2   2   6   3   2   0   3   3  10   4   0   1  20  0.19 0.21
   74 T    2 -2 -1  0 -4 -1  1 -1 -2 -1 -1 -2 -1 -2 -1  1  2 -3 -3  1   19   1   3   6   0   2   9   3   1   2   5   2   2   2   3  13  17   0   0  11  0.23 0.24
   75 A    3  0  1 -1 -4  1  1 -1 -3 -1 -3 -1 -2 -5  2  1  0 -5 -2 -1   28   5   6   3   0   6  11   3   0   3   2   3   1   0  12   8   4   0   1   3  0.33 0.29
   76 T    3 -2 -1  0 -2  0  0 -1 -1 -2 -2 -1 -2 -3  1  1  2 -5 -3 -1   29   2   2   4   1   4   7   4   1   2   3   4   1   1   7   9  15   0   1   5  0.31 0.28
   77 V    1 -2 -2  1 -1  0  2 -3 -1  1 -1 -1  0 -2  0  0  1 -4 -2  2   14   1   1   9   1   3  13   1   1   9   5   3   2   1   4   5   9   0   1  16  0.16 0.17
   78 A    4 -2 -1 -1 -4  0  0 -1 -4 -2 -2 -1 -1 -2  1  2  1 -5 -3  0   33   2   2   3   0   4   6   4   0   1   4   4   1   1   7  14   9   0   1   6  0.37 0.31
   79 H    3 -2  0  0 -4  0  2 -1  2 -2 -3 -2 -2 -2  1  0  1 -2 -4 -1   24   1   4   6   0   4  16   5   6   2   1   1   1   1   6   8   8   1   0   5  0.30 0.27
   80 V    2 -2  0 -1 -3 -1  0 -2 -2  0 -1  0 -1 -3  1  0  0 -4 -3  3   19   2   5   3   0   3   7   3   1   4   6   5   1   0   8   6   5   0   1  21  0.20 0.20
   81 L    2  0 -1  0 -2  1  1 -2 -1 -1  0 -1 -1 -3  1  0  1 -4 -3  2   21   4   2   5   0   6   8   2   1   2   9   2   1   1   6   6   8   0   1  15  0.17 0.19
   82 V    3 -1 -1 -1  0 -1  1 -2 -2  0 -1 -1 -2 -3  0  0 -1 -2 -2  2   29   3   3   3   2   3  11   3   1   5   6   2   1   1   4   8   3   1   1  14  0.23 0.22
   83 D    2  0 -1  2 -3  0  2 -2 -2 -2 -2  0 -3 -2  1  0 -1 -5 -4  0   23   5   3  11   0   3  15   2   1   2   3   4   0   1   8   5   4   0   0   9  0.25 0.22
   84 S    2 -1  0 -1 -4  3  1 -1  2 -3 -2  1 -2 -3  0  1 -1 -4 -2  0   22   2   4   3   0  12  10   4   5   1   3   7   1   1   4  11   2   0   1   6  0.27 0.24
   85 P    3 -1  0 -1 -2  2  1 -2  0 -1 -2 -1 -1 -2  2  0 -1 -5 -4  0   23   4   3   4   1   9  10   2   2   3   3   2   1   2  12   8   3   0   0   7  0.25 0.22
   86 P    3 -2 -2  0 -3  0  1 -3  1 -2 -2 -1 -2 -2  3  0  1 -5 -2  0   23   2   2   6   0   4   8   1   4   1   3   3   1   2  18   6   8   0   1   7  0.34 0.26
   87 S    3 -1 -1  0 -1  0  1 -2 -1 -2 -2  0 -2 -2 -1  2  1 -4 -2  0   24   4   2   5   1   5  10   2   2   2   3   4   1   2   2  14   8   0   1   9  0.22 0.21
   88 S    3 -3  1  0 -4  0  1 -1 -1 -3 -2  0 -3 -4 -1  2  2 -5 -4 -1   23   1   6   6   0   3  10   4   1   1   4   5   0   0   3  17  11   0   0   4  0.29 0.25
   89 P    1 -1 -2  1 -4  0  0 -2 -3 -2 -3  1 -1 -1  2  1  0 -4 -2  2   14   2   2   9   0   5   6   3   0   1   2   8   1   3  12  10   4   0   1  18  0.23 0.21
   90 E    2  0 -1  0 -3  1  1 -1 -1  0 -1  0 -2 -2 -1  1 -1 -4 -3  1   20   4   2   5   0   7  10   3   2   5   6   4   1   2   3  10   3   0   0  13  0.13 0.15
   91 S    2  2 -1 -1 -2  1  2 -2 -2 -2 -3  0 -2 -2 -1  1  1 -4 -4  1   17  13   2   3   1   6  14   3   1   2   2   4   1   2   2   9   8   0   0  10  0.23 0.20
   92 V    1 -1  0 -1 -1 -1 -1 -1 -1 -1  1 -1 -1 -3  0  1  1 -4 -2  2   14   2   4   3   1   3   4   4   1   2  12   4   1   0   4  10   7   0   1  21  0.13 0.15
   93 H    1  0  0  0 -2  0  0 -3  3 -1 -2  0 -2 -2  0  1  2 -4 -1  1   14   5   5   5   0   3   7   1  10   2   3   4   1   2   4  10  13   0   2  10  0.18 0.17
   94 Q    1  0  0  0 -3  1  3 -1  1 -1 -1  0 -2 -4  1  0 -1 -2 -3  0   10   5   4   5   0   7  19   5   3   4   5   4   1   0   6   8   4   0   0   9  0.16 0.15
   95 A    1 -1  0 -1 -1  0  0 -1  0 -1 -1 -1 -2 -3  1  1  0 -4 -2  2   16   4   5   3   1   3   5   4   3   3   6   3   0   1   8  11   7   0   1  15  0.12 0.13
   96 I    1  0 -1 -1 -1  1  0  0  0  1  0 -1  0 -2 -1  1  1 -2 -2  1   10   5   2   3   1   8   5   8   2  10   8   1   1   1   3  11   8   0   1  12  0.05 0.08
   97 V    1  1  0  0 -1  0  0 -1  0  0 -1  1  0 -2  1  0  0 -3 -2  1   15   9   4   6   1   4   4   4   2   4   6   8   2   1   6   6   7   0   1  11  0.07 0.07
   98 V    1  0 -1  0 -1  1  0 -1 -2  0  0 -1  0 -1  1  1  0 -3 -1  1   10   4   3   5   1   7   5   5   0   6   9   2   1   3   7  14   7   0   2  10  0.06 0.07
   99 N    0  0  1  1 -1  2 -1 -1  1 -2 -2  0 -2 -3  2  1  1 -4 -1  0    7   4   6   7   1   9   3   4   3   1   3   5   1   1  12  13  12   0   2   6  0.19 0.15
  100 R    0  3  0  1  1  1  0  0  2 -1 -1  1  0 -3 -1  0 -1 -4 -2 -1    7  21   4   8   3   6   4   6   6   3   5   7   3   0   3   8   4   0   1   3  0.18 0.14
  101 F    0 -1  0  2 -1  0  1 -2  0 -1 -1 -1 -1  2  1  1  0 -1  1 -1   10   2   3  14   1   3   8   2   2   3   6   3   1  10   7   9   6   1   5   4  0.09 0.09
  102 A    1 -1  0 -1  2  0  1 -1 -1 -2 -1 -1  0  1  2  1  0 -3 -1 -1   16   2   4   2   4   3  11   3   1   2   5   2   2   7  12  15   4   0   1   3  0.16 0.14
  103 G    1 -1  0  0 -1  0  1  2  0 -2 -1 -1 -1 -2  0  0  1 -2 -2 -1   10   3   5   6   1   3  11  20   2   1   7   3   1   1   3   7  11   0   1   4  0.13 0.10
  104 K   -1  1  0  0 -1  1  1 -1  0 -1  0  2  0 -1 -1  0  0 -1 -1  0    3   9   4   4   1   5   8   5   2   2  11  16   2   2   2   4   5   1   2  11  0.05 0.06
  105 S    1  0 -1 -1 -1 -1  0  0  1  0  0  0  0 -2  0  2  0 -3 -2  0   10   4   2   2   1   1   4   5   4   8   8   7   2   1   4  27   4   0   0   5  0.11 0.12
  106 K   -1  3  0  0 -3  1  1 -2  0  0 -2  2 -1 -3 -1  0 -1 -4 -3 -1    4  25   4   5   0   5  12   1   2   8   2  16   2   0   3   4   2   0   0   4  0.28 0.17
  107 E   -2  0 -2  0 -5  3  6 -3  0 -4 -2  0 -3 -5 -1 -2 -3 -4 -4 -3    2   4   1   4   0  13  60   1   2   0   4   3   0   0   2   1   0   0   0   1  1.01 0.40
  108 E   -2 -1  0  3 -5  0  5 -3  2 -2 -4 -1 -2 -4 -3 -2 -1 -4 -2 -2    2   3   3  14   0   1  55   1   6   3   1   1   1   0   0   1   4   0   2   2  0.85 0.35
  109 A    0  0 -2 -1 -2  1  2 -2  0  0  0 -1  0 -1  0  0 -1  6  0 -1    8   4   1   2   1   7  16   1   2   7   8   2   3   2   3  10   2  16   2   4  0.28 0.16
  110 A    6 -3 -3 -2 -2 -3 -3 -1 -1 -3 -3 -2 -3 -4 -3  0 -1 -4 -2 -1   82   0   0   1   0   0   0   1   1   0   0   1   0   0   0   5   2   0   1   3  1.07 0.39
  111 A    6 -3 -3 -4 -2 -3 -3 -2 -4 -2 -3 -3 -3 -4 -3 -1 -1 -4 -3  1   82   0   0   0   0   0   0   0   0   2   0   0   0   0   0   2   2   0   0   9  1.12 0.40
  112 I    0 -3 -3 -4 -2 -3 -3 -4 -4  4 -1 -2  0 -2 -3 -2  3 -4 -3  3    8   1   0   0   0   0   0   0   0  32   2   1   2   1   0   1  22   0   0  29  0.56 0.26
  113 L   -1  4 -2 -2 -2  0 -1 -3 -1  0 -1  4 -1 -2 -3 -2 -1 -4 -2  1    3  28   0   1   1   3   1   0   1   6   6  30   1   1   0   1   3   0   1  13  0.44 0.22
  114 I   -1 -5 -5 -5 -3 -5 -5 -5 -5  7  0 -5  0 -3 -5 -4 -3 -5 -4  2    4   0   0   0   0   0   0   0   0  82   2   0   2   0   0   0   0   0   0   8  1.51 0.45
  115 Q   -4 -2 -3 -3 -6  8 -1 -5  2 -6 -5  1 -3 -6 -4 -3 -3 -5 -4 -5    0   0   0   0   0  87   0   0   4   0   0   9   0   0   0   0   0   0   0   0  2.04 0.60
  116 S    2 -1  0 -2 -1  2 -1 -2 -2 -2 -3  0 -2 -4 -2  2  3 -4 -3 -2   24   2   5   1   1  13   0   1   0   1   1   3   0   0   0  21  25   0   0   1  0.43 0.23
  117 T    4  2 -2 -3 -1 -2 -2  1 -1 -2 -2 -2 -1 -2 -3 -1  0 -1 -1  0   54  13   1   0   1   0   1   9   1   1   1   0   1   2   0   1   5   1   2   6  0.48 0.25
  118 F   -3 -4 -4 -5  1 -4 -4 -4 -2  1  0 -4 -1  7 -5 -3  0 -1  3  0    0   0   0   0   4   0   0   0   0   8   4   0   0  58   0   0   8   0  11   8  0.98 0.30
  119 R   -3  7  1 -3 -5 -1 -2  0 -2 -5 -4  1 -3 -5 -4  0 -3 -4 -4 -4    0  76   6   0   0   0   0   8   0   0   0   4   0   0   0   6   0   0   0   0  1.25 0.37
  120 G    1 -1  0  2  0 -1 -2  4 -3 -3 -3 -1 -3 -4 -3  0  1 -4 -3 -2   16   2   2  13   2   2   0  42   0   0   0   2   0   0   0   4  12   0   0   3  0.49 0.18
  121 H   -2 -3  0 -3  2  0 -3 -4  3 -2 -1 -3 -2  2  1 -1 -2  3  6  0    0   0   5   0   5   6   0   0  10   0   5   0   0   9   7   5   0   5  39   7  0.61 0.30
  122 L    0  1  1 -2 -2  1 -1 -2 -2  1  0  1  2 -2 -2  1  1 -3 -2  1    9   9   9   0   0   9   0   0   0   9   9   9   9   0   0   9   9   0   0   9  0.11 0.12
  123 A    6 -4 -4 -2  0 -3  0 -2 -4 -4 -2 -4 -4 -5 -4 -1  0 -5 -4  0   71   0   0   2   2   0   5   1   0   0   3   0   0   0   0   3   4   0   0   7  1.12 0.60
  124 R   -4  7 -2 -4 -1  0 -1 -4 -3 -1 -2  0 -4 -5 -4 -3 -2 -5 -4 -4    1  72   2   0   1   4   3   1   0   3   5   3   0   0   0   1   2   0   0   1  1.55 0.66
  125 R   -3  6 -3 -1  2  1 -1 -3  0 -4 -4  4 -3 -5 -4 -1 -2 -4 -4 -4    1  44   0   3   5   7   1   2   2   0   1  25   0   0   0   4   2   0   0   1  0.97 0.47
  126 E    3  1  0  0 -3  2  2 -1 -2 -3 -1  0 -2 -3 -1  0  0 -3 -2 -2   30   9   3   4   0   9  13   4   0   1   7   6   0   0   3   4   6   0   1   1  0.25 0.22
  127 S   -2 -3  1 -2  0 -1 -3 -4  1  0  3 -3  0  3 -1  0 -1 -3  1  0    2   1   7   2   2   2   0   0   4   2  41   0   1  12   3   9   3   0   5   4  0.34 0.27
  128 Q   -1  4 -2 -2  2  3  1 -1  2 -3  0  1 -2 -3 -1 -1 -2 -1 -1 -3    3  25   1   1   4  13  10   5   5   1  10  10   1   0   3   4   0   1   2   1  0.34 0.26
  129 V    2  1  2 -2  1  0  2  0 -1 -1 -2  1 -2 -3 -3  0 -1 -4 -3 -1   25   9  12   0   3   3  13   5   1   5   2   8   0   0   0   6   3   0   0   2  0.23 0.21
  130 M   -1 -1 -3 -1 -3 -1  0 -2  1  1  4 -3  3 -2 -3 -1 -2 -3  0  0    3   3   0   3   0   2   8   3   3   7  44   1   8   0   0   4   2   0   3   4  0.36 0.26
  131 R   -2  4  0 -3 -5 -1  0 -4 -3 -1 -2  6 -3 -4 -1 -2 -3 -5 -4 -4    3  23   3   0   0   1   4   0   0   4   5  50   0   0   3   1   0   0   0   0  0.96 0.49
  132 G    1 -1  0  0  0 -3  0  5 -1 -4 -4 -1  1 -4 -3  0 -2 -4 -3 -2   11   4   4   6   2   0   5  47   1   0   0   3   4   0   0   6   2   0   1   3  0.63 0.35
  133 Q    0  0 -2 -1 -2  0 -1 -2 -2  2  2  0  1 -1 -1 -2  0  0 -2  1    6   6   1   4   0   3   5   2   1  11  30   5   3   2   2   1   6   1   0  10  0.13 0.14
  134 E    0 -1 -1  0 -3 -1  0 -2 -1  1 -1 -1 -1  0 -3  0  0 -3 -1  4    7   3   3   5   0   2   7   2   2   8   1   4   1   3   0   6   7   0   2  36  0.22 0.22
  135 R   -1  5 -1 -2 -4 -1 -1  0 -3 -4 -2  4 -2 -4 -2  0 -3 -4 -4 -4    3  41   2   2   0   1   2   7   0   1   5  27   1   0   1   6   0   0   0   0  0.76 0.41
  136 L   -1 -1 -4 -4  1 -1 -3 -1 -3  1  4  0  1  1 -4 -2 -2 -3 -2 -1    3   4   0   0   3   2   0   6   0   6  54   5   3   5   0   2   2   0   0   1  0.49 0.32
  137 K   -2  0  0 -2 -1  6  1 -1 -1 -4 -4  2  0 -5  0 -1 -3 -4 -4 -4    1   3   4   0   2  48   9   4   1   0   1  15   3   0   4   3   0   0   0   0  0.91 0.51
  138 L    3 -2 -1  0  2 -2  2 -1 -3 -1  0 -1 -1 -3 -3  1 -1 -4 -3 -1   35   0   3   5   4   0  16   3   0   4  10   2   1   1   0  11   3   0   0   3  0.29 0.26
  139 L   -1 -1 -2 -3  2 -1 -2 -3 -1  1  2 -2  1  0 -3 -1  0  1  0  1    4   3   1   1   6   3   1   1   2  10  33   1   3   3   1   5   7   2   3  14  0.19 0.15
  140 M    0 -2  0 -1  2 -2 -1  1 -2  1  0 -2  2  0 -1 -1  1 -3 -2  1    5   0   4   3   5   0   4  12   0  11   7   0   8   4   3   1  16   0   0  16  0.09 0.13
  141 E   -1  3 -1  0 -3  3  2 -1  1 -3 -2  1 -2 -3 -2  0 -1 -3  1 -2    5  20   0   5   0  20  14   4   4   0   3   7   0   0   0   9   0   0   5   3  0.31 0.22
  142 G    0 -1  0 -1 -3  0 -1  5 -2 -3 -2  0 -2 -3 -3  0 -1 -3 -3 -1    6   3   5   3   0   3   4  50   0   0   4   6   0   0   0   4   3   0   0   6  0.52 0.26
  143 S   -1  0  2  0 -4  2  2 -3  5 -2 -2  0 -2  0  1  0 -1  0  2 -1    5   6   9   5   0   8  12   0  16   2   2   3   0   4   7   6   2   1   7   4  0.29 0.23
  144 V    1  0  0  0  0  0  0 -2 -1 -1  0  0  0 -1  1  1  0  0  0 -1   13   4   5   6   3   4   6   0   1   4  10   3   3   2   7  14   6   1   3   4  0.07 0.09
  145 V    0 -3 -3 -2 -3  0 -1 -2 -4  0 -1 -2 -2 -2  1  0  0 -4 -3  5    5   0   0   2   0   4   3   3   0   2   2   2   0   1   7   7   6   0   0  53  0.51 0.37
  146 Q   -3  5  1 -1 -4  3  0 -3 -2 -3 -4  3 -1 -4  0 -1  0 -4 -3 -4    0  33   5   2   0  12   5   0   0   1   0  23   1   0   4   4   7   0   0   0  0.67 0.38
  147 R   -2  5  1 -1 -4  0  1 -2 -2 -4 -4  4 -3 -4  0  0 -1 -1 -3 -2    2  33   6   3   0   1   8   3   0   0   0  26   0   0   5   6   3   1   0   3  0.61 0.36
  148 Q   -3  0  0 -1 -5  7  1 -4  1 -4 -2 -1 -3 -5  2 -1 -1 -4 -4 -4    0   4   4   3   0  55   6   0   3   0   3   1   0   0   9   5   4   0   0   0  1.05 0.57
  149 A    4 -1 -2 -2 -3 -2 -3 -2 -3 -1 -2 -2  0 -4 -3  1  3  0 -3  0   45   4   1   1   0   0   0   1   0   2   2   0   2   0   0  10  20   1   0   6  0.59 0.40
  150 A    3 -1  0 -1 -2 -1  0 -2 -1 -1 -1 -1  0 -3 -3  3  0 -4 -2  1   28   3   3   2   0   2   6   1   1   3   4   2   2   0   0  24   6   0   1  11  0.27 0.26
  151 I    1 -1  1  1  1  0  0 -1  1  0 -1  0  3 -3  0  0  0 -3 -2  0   15   3   8   9   3   3   7   4   3   6   4   5  11   0   3   5   4   0   0   7  0.09 0.14
  152 T    1  0  0 -3 -3 -3 -3 -1  1 -1 -1 -1  2 -3 -3  0  5  3  0 -1   10   5   4   0   0   0   0   4   4   4   4   4   6   0   0   6  38   4   4   4  0.45 0.38
  153 L   -2 -1 -4 -4 -3 -3 -3 -4 -4  0  5 -2  3 -1 -2 -1  0  2 -1 -1    2   4   0   0   0   0   2   1   0   3  58   2   7   1   2   4   6   3   2   2  0.73 0.44
  154 K   -2  4 -1 -3  1  2 -1 -3  2 -1 -2  3 -1 -2 -3  2 -1 -4  0 -3    2  23   2   0   4  12   3   1   6   3   4  16   1   2   0  16   2   0   3   0  0.42 0.33
  155 C   -1  2 -1 -2  7  0 -1 -2  0 -3 -2 -3 -3 -1 -4  2 -1 -4  2  0    3  12   3   2  28   4   3   2   3   0   4   0   0   2   0  16   3   0   7   8  0.61 0.40
  156 M   -1  0 -4 -4 -4 -3  0 -4 -4  1  2 -3  5  1 -4  0  0 -4  1  2    5   6   0   0   0   0   6   1   0   9  17   1  19   5   0   6   7   0   5  12  0.44 0.28
  157 Q    1 -1 -1 -1  1  4 -1 -2  3 -1 -1 -1  1 -4  1 -1  1  4  0 -1   11   3   3   3   3  19   3   3   7   3   5   4   3   0   6   3   8   6   3   4  0.25 0.23
  158 T    2  0 -2 -2  0  1 -1  1 -3  0 -1 -2  0 -3 -1  2  1 -4 -3 -1   18   7   0   0   2   8   3  11   0   5   5   0   2   0   3  20  11   0   0   3  0.22 0.23
  159 L   -1 -2  1  0 -2 -1  0  0 -2  0  0  0  1  1  1  0  0  4 -1  0    1   0   7   7   0   0   7   7   0   7   7   7   7   7   7   7   7   7   0   7  0.09 0.12
  160 S    0 -1 -1 -2  1  0 -1  0  0  1  0 -1  1 -1 -3  0  0 -3  0  3    8   4   3   0   3   4   4   6   2   4   7   3   5   2   0   8   3   0   3  29  0.11 0.16
  161 R    0  4  1  0 -3  0  0 -3  0 -2 -2  3  1 -3 -3  0 -1 -4 -1 -1    7  26   6   6   0   3   4   0   3   2   3  18   4   0   0   7   4   0   2   4  0.33 0.25
  162 V    1  0 -1 -2 -2 -2  0  0 -3  2  0 -2  1  0 -3  1  0 -3 -2  2   18   5   3   0   0   0   6   5   0  15  10   0   4   4   0  10   3   0   0  16  0.14 0.17
  163 Q   -2  0  0 -3 -4  7 -1 -4  1 -4 -2  1  0 -5  0  0 -1 -4 -4 -1    3   3   3   0   0  56   2   0   2   0   3   6   2   0   4   5   4   0   0   4  1.02 0.58
  164 S    0  0  0  0  2  0  0  0 -1  0  0  0  1  0  1  0  0 -2  1  0    6   6   5   6   5   5   6   6   0   6   6   6   5   5   6   6   6   0   5   6  0.03 0.06
  165 Q    0  4 -1 -1  0  3  0  0  0 -1 -1  0 -1 -2 -1  0 -1 -4 -1 -1    8  23   3   3   2  13   5   7   2   3   7   5   2   2   2   6   3   0   2   3  0.23 0.23
  166 I    1 -4  0 -4 -3 -1 -1 -4  0  3 -1 -3  1  0 -1 -1 -1 -4 -3  4   13   0   4   0   0   3   4   1   3  20   4   0   3   4   4   5   4   0   0  29  0.43 0.33
  167 R   -2  6 -1 -4  1  1 -2 -3  0 -1 -2 -1 -1  0 -5  0 -2  0  1 -4    4  47   2   0   4   6   2   2   2   3   4   3   2   4   0   7   2   1   5   0  0.81 0.52
  168 S    3 -2  0  0  0  0  0  0  1 -2 -2 -1 -3  0 -2  2  0 -4 -1 -1   28   2   3   5   2   3   6   7   4   2   4   4   0   4   1  16   5   0   1   4  0.21 0.24
  169 R   -1  5 -2 -2 -1  2  1 -2  1 -1 -2  0 -2 -2 -4  0 -2 -5 -1 -2    5  39   2   1   1  10   9   3   4   3   3   3   1   1   0   7   2   0   2   3  0.64 0.46
  170 R   -2  6  0 -2 -1  0 -1 -2  0 -3 -3  1 -4 -5 -5 -1 -3 -5 -4 -1    3  53   5   2   1   4   3   3   2   2   2   7   0   0   0   5   1   0   0   5  1.00 0.60
  171 I    1  0 -1 -1 -1 -2 -1 -2 -1  2  1  0  1 -1 -2  0  0 -3  0  2   12   4   3   2   1   1   3   1   1  14  12   6   3   2   2   7   5   0   3  17  0.11 0.14
  172 R   -2  5 -1 -4  3  3 -1 -3  2 -2 -2  0 -4 -2 -1  1 -2 -1 -2 -3    3  34   3   0   6  13   3   2   5   2   4   3   0   2   3  11   2   1   1   1  0.61 0.45
  173 M   -1  0  0  0  2  0  0 -1  2  0 -1  0  2  1  0 -1  0  3  1 -1    5   5   5   5   5   5   5   5   5   5   5   5   5   5   5   5   5   5   5   5  0.09 0.08
  174 S    0 -1 -1 -1  1 -1 -1  0  0 -1 -1  0  1 -1  0  3 -1  2  0 -1    9   3   3   4   3   3   5   7   3   3   5   5   3   3   4  25   4   2   3   4  0.22 0.22
  175 E    0  0  0  1  0  1  3 -1  2 -1 -1  0  0  0 -1  0 -1 -5 -1 -1    8   5   5   7   2   5  19   5   5   3   5   5   2   4   4   6   4   0   2   4  0.16 0.15
  176 E   -2 -1 -1  2 -7 -1  5 -1  2 -1 -3 -1  0 -7 -2 -1 -1 -7  0 -2    4   4   3  12   0   3  33   5   4   4   3   5   2   0   3   4   4   0   3   3  0.57 0.40
  177 N    0  0  3  0 -1 -1 -2  3  1 -4 -3  0 -2 -1 -1  2 -1  0 -2 -1    6   4  14   5   2   3   2  22   3   0   2   6   1   3   3  13   3   1   1   5  0.30 0.27
  178 Q   -1  1  0  0  0  2  0 -3  4 -1 -1  0  0 -1 -1  0 -1 -4 -1  0    6   8   5   4   2  12   7   2  11   4   7   6   2   3   3   8   2   0   2   7  0.17 0.19
  179 A    1  0  0  0 -1  1  1  0  1 -1 -1 -1 -1 -2  0  1  0 -4 -2 -1   15   5   4   4   2   6  11   6   4   3   5   2   1   1   5  13   5   0   1   5  0.12 0.16
  180 R    0  2 -1  0 -1  1  0 -2  2  0  0  1 -1  0 -1  0 -1 -1  0  1    6  12   3   5   2   6   4   2   6   5  10   9   1   4   3   7   3   1   2  10  0.07 0.10
  181 H   -2  1  1 -1 -5  4  0 -2  4 -2 -3  0  0 -1  0  0 -1 -5  0 -3    3   8   7   3   0  21   5   4  11   2   3   6   2   3   6   8   4   0   3   2  0.40 0.35
  182 K   -2  2  0  1 -5  2  1 -2  1 -2 -3  3 -1 -2 -1  1 -3 -1 -1 -2    3  13   4   7   0  10   8   4   3   2   2  22   1   2   3  10   1   1   2   3  0.37 0.32
  183 Q    0  0  0  0  1  2  0 -2  1  0 -1  1  1 -1  0  0  0 -5  0 -1    7   5   5   5   3  10   5   4   4   5   6  10   3   3   5   8   5   0   3   4  0.09 0.10
  184 L   -1  0  1 -1  1  0 -1 -1  1  0  1 -1  1  0  0  0 -1  2  0 -1    5   6   7   3   4   5   5   4   4   7  15   3   4   4   6   6   4   3   3   5  0.06 0.06
  185 L   -1  0  0  0 -3  2  1 -1  1 -1  0  0  0  0  0  0  0  1  0 -1    5   6   5   4   0  11  11   4   4   3  11   5   2   3   4   7   5   2   2   5  0.08 0.11
  186 Q    0  0  0  0  2  0  0 -1  1  0 -1  0  1  0  0  0  0 -2  1  0    5   5   5   5   5   5   5   5   5   5   5   5   5   5   5   5   5   0   5   5  0.03 0.05
  187 K   -1  2  0  0  1  2  0 -1  1 -2 -2  2  1  0  0 -1 -1  2  0 -1    4  10   5   5   3  10   6   5   4   3   4  10   4   4   5   5   4   3   3   4  0.14 0.14
  188 H   -1  2  1 -1  0  1  0  0  4 -1 -1  1  1 -1  1  0 -1 -4  0 -2    4  13   5   4   2   5   5   6  10   3   6   8   4   2   7   6   3   0   3   3  0.16 0.18
  189 A    1  1 -1  1  1  1  0 -1  0 -2 -2  1  0 -2  1  1  0 -4 -1 -1   11  10   2   7   4   5   6   4   3   2   4   9   2   2   8  10   5   0   2   3  0.11 0.14
  190 K   -1  2  0  0 -1  1  0 -1  2 -1  0  2  0 -1  0  1 -1 -4 -1 -1    4  10   4   4   1   8   5   3   6   3   8  14   3   2   5  10   3   0   2   3  0.13 0.16
  191 E   -1  1 -1  0 -1  1  4 -3 -1 -1 -1  0  0 -6  0  0 -1  1 -1 -1    6   7   3   6   2   6  23   3   2   3   5   6   3   0   6   7   4   2   2   4  0.27 0.24
  192 L    2  2 -1  2  0 -1  0 -2  0  0  0 -1 -1  0  0  0 -1  1 -1 -1   15  10   3  10   2   3   5   3   2   5  11   3   2   5   5   6   4   2   2   4  0.10 0.10
  193 G   -2  2  0  1 -6  0  2 -1  3 -2 -2  2  0 -1  1  0 -1 -6 -1 -2    3  10   4   7   0   5  13   5   6   3   5  10   2   3   6   7   4   0   3   3  0.20 0.18
  194 G    0  0  0  0  0  0  0  0  0  0  0  1  0 -1  0  0 -1  0 -1  0    6   5   4   6   2   4   7   6   2   5  11   8   3   2   5   8   3   2   2   8  0.02 0.02
  195 L   -1  0  0  0  2  0  0 -1  2  0 -1  0  2  1  0 -1  0  3  1 -1    5   5   5   5   5   5   5   5   5   5   5   5   5   5   5   5   5   5   5   5  0.09 0.08
  196 K   -2  2  0  1  1  1  1 -1  1 -1 -2  1  0  0 -1  0 -1  2  0 -2    3  12   4   6   3   7  10   5   3   3   4  10   3   4   4   7   4   3   3   4  0.14 0.14
  197 N    0  1  1  0  1  1  0 -1  1  0 -1  0  1 -1  0  1  0 -4  0 -1    7   8   7   5   3   6   5   4   3   7   6   5   4   3   4   9   7   0   3   4  0.05 0.06
  198 G    0  0  0 -1  1  0  2  1  0 -1 -1  0  2 -1 -1  1  0 -4 -1 -1    8   4   5   3   3   5  14  10   3   4   5   4   7   2   3  11   4   0   2   3  0.09 0.14
  199 G   -1  0  0  2 -1  1  3  1  1 -2 -2  0 -1 -2 -2  0  0  0  0 -1    5   5   5  10   1   5  20   9   3   2   3   5   1   2   2   6   6   1   3   5  0.18 0.20
  200 N    0  0  0  0  2  0  0 -1  1  0 -1  0  1  0  0  0  0 -2  1  0    5   5   5   5   5   5   5   5   5   5   5   5   5   5   5   5   5   0   5   5  0.03 0.05
  201 W   -2  0 -1 -5  2  0  0 -2  2  0 -2 -1  0  0 -2  1 -2  9  0 -2    3   5   3   0   4   4   6   3   5   6   4   3   3   4   2  11   2  26   3   3  0.81 0.54
  202 N   -2  1  2  3  3  0  0 -2  1 -2 -2 -1  0  0 -1 -1 -1  3  0 -1    3   9  10  21   6   4   5   4   4   2   3   4   2   4   3   4   3   4   3   4  0.28 0.25
  203 Y    0  0  0  3 -1 -2  0  0  2 -1 -2 -1  2  0  0  0 -1 -4  1 -1    8   5   3  19   1   0   4   7   6   3   3   4   7   5   4   8   4   0   4   5  0.17 0.20
  204 S   -2  1 -1  1  1 -2  0  0  3 -2 -3  0 -1 -4 -2  4 -1 -5  0 -2    3   8   3   9   3   1   5   8   6   2   2   4   2   0   2  32   2   0   3   2  0.39 0.38
  205 N   -1  0  1  0 -1  0 -1 -2  2  0  0  0  0 -1  2  1  0  0 -1 -1    4   6   8   4   1   4   3   3   5   5   9   4   3   3  13  10   7   2   2   4  0.12 0.14
  206 Q   -1  1  0  0 -1  2  0  1  3 -1  0  0  1 -1  0 -1 -1 -3  0 -1    4   8   3   4   1  10   7  12   8   3   8   6   4   2   5   3   4   0   3   3  0.11 0.14
  207 S   -2 -1 -1 -1 -4 -4 -2 -3 -4 -2 -2 -1  1 -5 -1  4  4 -1 -1 -3    3   3   3   4   0   0   3   2   0   2   5   3   3   0   3  33  25   1   2   2  0.65 0.53
  208 K   -1  0  0 -1 -3 -1  0 -1 -3  1  0  3  2 -3  0  0 -1 -4 -1  1    5   6   4   3   0   2   5   4   0   7  10  20   7   0   4   9   2   0   2  10  0.18 0.19
  209 E   -3  0  1  2 -5  0  5 -3 -1 -2 -3  0 -1 -3 -1 -1  0 -5 -1 -3    2   4   6   9   0   4  41   2   1   2   3   5   2   1   3   5   5   0   2   2  0.64 0.45
  210 Q   -2  0  1  1 -4  2  4 -2  1 -1 -2  2 -1 -4 -2  0 -1 -4 -4 -2    3   5   5   8   0   9  28   3   3   4   4  10   1   0   2   6   3   0   0   3  0.41 0.32
  211 V   -1 -1  0 -1  1  0 -1 -1  1  1  0  0  2  0 -3  0  0  2  0  1    4   4   3   4   3   3   4   5   5  12   8   4   9   4   0   8   4   3   3   9  0.06 0.11
  212 E   -1  0  0  0  1  2  2 -1  1 -1 -1  1  0 -1 -1  1  0 -3  0 -1    5   5   4   6   3  10  13   3   4   4   6   9   3   3   3   9   4   0   3   4  0.09 0.12
  213 A   -1  0  0  0  2  0  0 -1  1  0 -1  0  1  0  0  0  0  3 -2  0    5   5   5   5   5   5   5   5   5   5   5   5   5   5   5   5   5   5   0   5  0.02 0.10
  214 G   -1  2  0 -1 -4  0 -1  0  1  0 -1  2  2 -1  0  0 -1 -4  0  0    5  13   5   2   0   3   2   6   3   7   4  15   6   2   5   8   3   0   4   7  0.14 0.17
  215 M   -1 -1  1  0  1 -1 -1 -2  1  1  2 -1  1  0 -2 -1 -1  4  0  0    3   3   7   5   4   3   5   3   3   9  19   4   3   4   2   4   4   6   3   4  0.11 0.13
  216 L   -2  0 -1 -2 -1  3 -1 -2  2 -1  1 -1  2  1  1  1 -1 -4 -1  0    3   6   3   2   2  15   3   2   6   3  12   4   5   6   6  11   3   0   2   6  0.16 0.21
  217 H    0  0  0  0  2  0  0 -1  1  0 -1  0  1  0  0  0  0 -2  1  0    5   5   5   5   5   5   5   5   5   5   5   5   5   5   5   5   5   0   5   5  0.03 0.05
  218 K   -1  4  0 -1  1  0  0  0 -3 -1 -2  2 -3 -1  0 -1  0  2  0 -1    3  23   3   4   3   3   5   9   0   3   3  13   0   3   4   5   5   3   3   5  0.23 0.24
  219 Y   -1  0  0 -1 -1  2  1 -1  2 -1 -1  1  0  0 -2  0  0 -3  1  1    2   4   4   2   1  12  10   5   6   3   4  12   3   4   1   5   5   0   5  10  0.12 0.18
  220 E   -1  0 -1  3 -5  0  5 -1 -1 -3 -2  0 -1 -2 -2 -1 -2  0 -2 -1    4   4   2  14   0   3  38   4   2   2   5   4   1   2   2   4   1   1   1   5  0.54 0.44
  221 A    3  0  0 -1 -1 -1 -2  1 -3  0 -2 -2  0 -2 -1  1  1 -4 -1  0   31   5   4   3   1   2   2  10   0   6   3   1   2   1   3  10   8   0   2   5  0.26 0.28
  222 T    3 -1  0  1  0 -1 -2 -1 -1 -1 -3  0  0 -1  0  2  0 -4  1 -1   23   3   3   9   2   2   1   4   1   4   2   5   2   2   4  15   7   0   6   4  0.19 0.24
  223 M    0 -2 -1 -1 -3 -1 -2  0 -1  2  0 -1  2 -1  0  1  2 -4 -1  1    7   2   3   3   0   2   1   6   1  12  10   3   7   2   5  11  14   0   1   8  0.12 0.17
  224 R   -2  4  1 -3 -5  0 -1 -1  0 -1 -3  4 -2 -2 -2  1 -2  3 -1 -3    3  20   6   0   0   4   3   4   2   4   3  28   1   1   2   9   2   4   2   1  0.51 0.40
  225 R   -1  6 -3 -1 -5 -1 -2 -3  2  1 -2  1 -1 -4 -3  1 -1 -1 -4 -1    5  40   0   3   0   3   2   1   4  10   4   6   1   0   1   9   3   1   0   4  0.66 0.48
  226 E   -1  1 -2  0 -1  1  5 -2 -1 -5 -5  1 -1 -1  1  0 -2 -5 -4 -2    5   7   2   4   1   4  42   3   1   0   1   8   1   3   6   7   2   0   0   3  0.65 0.49
  227 R   -4  5 -1 -2 -5  0  0 -3  1 -2 -3  4  1 -5 -2  0 -4 -5 -4 -3    0  36   3   2   0   3   6   2   3   2   3  26   4   0   2   7   0   0   0   1  0.89 0.57
  228 A    2  0  0 -1  2 -1 -2  0  0  0  1 -2  1  0 -1  0  0 -3  0  0   20   5   4   3   5   3   0   5   3   6  12   0   5   4   3   7   4   0   3   5  0.08 0.15
  229 L    0  0  0  0 -2  0  0  0  1  0 -1  0  1  0  1  0  0 -2  1  0    6   6   5   6   0   5   6   6   5   6   6   6   5   5   6   6   6   0   5   6  0.03 0.06
  230 A    2  1 -1  0  0 -1  1 -1  1 -3 -3  0 -3 -4 -1  3  0  0 -1 -2   17   7   2   4   2   2  11   5   4   0   2   5   0   0   3  23   6   2   2   2  0.25 0.28
  231 Y   -4 -1  4 -2  1 -1 -4 -2  3 -1 -1 -2  0  0 -2  0  0 -3  6 -2    0   2  19   2   4   2   0   3   6   3   6   2   2   4   2   6   7   0  28   2  0.61 0.47
  232 A    3 -1 -1  0 -1 -1 -2  0  0 -1 -2  0 -3 -2 -1  1 -1  0 -1  0   32   3   2   5   1   2   0   8   3   3   4   7   0   2   3  12   2   2   2   5  0.21 0.27
  233 F   -2  0  0 -1 -4 -1 -1 -2  1 -1  0 -1 -1  5  0  0 -1 -2  3 -2    2   5   6   4   0   3   3   3   3   2  10   3   1  27   5   7   4   0  11   2  0.35 0.30
  234 T    1  0  0 -1  0 -1 -1 -1  0  0 -2 -1 -2 -2 -2  3  1 -4 -1  0   15   6   5   3   2   2   2   5   2   5   4   3   0   1   1  25   8   0   2   9  0.19 0.24
  235 H   -1  1  0 -1  3  1 -1  0  3 -1 -1 -1  0  1 -3  0 -1  2  1 -1    5   7   4   3   6   8   3   9  10   3   5   4   3   8   0   7   4   4   4   3  0.15 0.17
  236 Q   -3  1  0  0 -5  4  0 -2  2 -1 -1  3  1 -4  0  0 -1 -5  0 -1    0   7   4   5   0  23   4   4   5   4   5  16   4   0   5   6   4   0   3   4  0.37 0.34
  237 Q   -1  1  0 -1 -4  3  0 -2  1 -1  2  0  0 -2 -1  0 -1  3 -3 -1    4   8   4   3   0  13   7   2   3   4  21   6   2   2   2   8   3   5   0   3  0.19 0.23
  238 N   -2  3  0 -2  1  1 -1 -1 -1 -1  0  1  1 -1 -1  1  0  4 -3 -1    2  17   4   2   4   6   2   4   2   4  10  10   5   2   3  10   5   6   0   4  0.19 0.21
  239 L    1  2 -1 -2 -1  0 -1 -2  0  0  0  0  0 -1 -2  1  0  5 -1 -1   12  11   2   2   1   4   4   3   3   5  10   4   3   2   2  13   5  10   1   3  0.22 0.22
  240 K   -1  2  1 -1  0  0  0  0  0 -2 -1  2 -1 -1 -1  2  0 -1 -3 -2    5  10   8   3   2   3   5   6   2   2   7  14   1   2   3  19   4   1   0   3  0.18 0.21
  241 S    0  1  2 -1 -1 -2 -1 -1  0 -3 -3 -2 -1 -4  1  4  1 -5 -3 -2    8   9  10   3   1   2   4   4   2   2   2   2   1   1   6  33   8   0   1   2  0.42 0.41
  242 F    0  1  0 -1  1  0  0 -2  1 -1 -3 -1 -1 -2  2  2  1  1 -1 -1    5   8   5   3   3   3   5   3   3   4   2   3   1   1  12  19   8   2   3   4  0.19 0.23
  243 S   -1  2  0 -2 -1  0 -2  0  1 -3 -1  1 -1 -3  1  3  2 -5 -3 -2    4  11   3   2   1   3   2   8   3   1   6   8   2   1   8  22  11   0   1   3  0.25 0.28
  244 K    0  1  0 -1 -4  1  0 -1 -1 -1 -2  2  0 -3  2  1  0 -4 -1 -1    6   7   5   3   0   7   4   5   1   3   4  17   3   1   9  14   5   0   2   5  0.17 0.21
  245 T   -1  0  1  0 -2  1  0 -1  0 -2 -1  0  0 -2  2  2  1 -4  0 -1    5   4   8   5   1   6   6   4   2   3   5   6   3   1   9  18   7   0   3   4  0.15 0.19
  246 A    2  1 -1 -1 -2  0  0 -1 -1 -1 -1  0  0 -2  2  1  0 -4 -2  0   18   7   3   3   1   3   5   5   1   3   6   5   3   1  11  13   6   0   1   7  0.15 0.18
  247 N   -1  0  0  0  2  0  0 -1  2  0 -1  0  2  0  0 -1  0  3  1 -1    5   5   5   5   5   5   5   5   5   5   5   5   5   5   5   5   5   5   5   5  0.04 0.09
  248 P    0  0  0 -1  0  0  0 -3  3 -1 -1 -1  0  0  2  2  0  0  0  0    6   4   4   4   2   4   5   3   7   3   7   4   2   4  12  13   5   1   3   7  0.15 0.15
  249 M   -1  0  1 -1 -4  0  0 -1  0  1  1 -1  2  0 -2  0  1  0  1 -1    6   5   6   4   0   4   7   5   2   7  13   4   5   4   2   7   9   1   5   3  0.06 0.07
  250 F    0 -1  1  0 -1  1  0  1  2  0 -2  0  0  2 -1  0 -1  0  1 -2    8   3   6   6   1   5   6  11   5   5   4   6   2   9   3   8   3   1   5   2  0.10 0.10
  251 M   -2 -2  1 -1  3  1 -1 -1  2  0 -1 -2  3  1 -2 -1 -1 -5  5 -1    3   3   6   4   6   6   4   5   5   5   5   2   7   5   3   5   5   0  17   5  0.35 0.24
  252 D   -4  0  1  5 -8 -1  4 -1  1 -4 -4 -3 -7 -8 -3 -1 -3 -8 -3 -2    2   5   6  32   0   3  25   5   3   1   2   2   0   0   1   5   2   0   1   4  0.97 0.59
  253 P   -1  0 -1  0  0  0  1 -1  1 -2  1  0  0 -1  4  0  0 -5 -2 -1    5   5   3   4   2   4   9   5   3   2  12   5   2   3  19   7   6   0   1   4  0.20 0.21
  254 S   -3  1  1  4 -2 -1  1  2 -4 -3 -4 -2 -1 -3 -5  2 -1 -5 -2 -2    2   7   7  21   1   2  11  18   0   1   2   2   1   1   0  15   3   0   1   3  0.49 0.38
  255 N   -2  1  4  2 -1  0  2 -1 -1 -5 -3  4 -4 -2 -3 -1 -2 -5 -2 -3    2   7  17  10   1   3  14   6   1   0   2  22   0   2   2   4   2   0   1   2  0.51 0.38
  256 P    0 -2  2 -2  0 -1  0  0 -1 -3 -1 -1 -2  0  4  1  0 -5 -3 -3    7   2   9   2   2   3   6   7   1   2   7   4   1   5  24  10   5   0   1   2  0.38 0.31
  257 T   -3  1  5  1 -5  2  0 -2  3 -5 -3 -2 -2 -5  1  2 -2 -5 -1 -4    2   8  26   6   0   8   7   3   7   1   2   2   1   0   6  13   2   0   2   1  0.61 0.43
  258 W   -3 -3 -3 -3  2  0 -1 -2  1 -3 -1 -4  0 -2 -2  2 -3 10  0 -2    3   2   2   2   4   4   5   4   3   1   5   1   2   2   3  13   2  37   3   4  1.35 0.68
  259 G    1  2 -1  0 -4 -2 -2  4 -1 -3 -3 -2 -4 -4 -4  0 -1  4 -1 -1   11  12   3   6   0   2   2  33   1   1   2   2   0   1   1   8   3   5   2   5  0.52 0.33
  260 W   -2 -1 -2 -5 -2 -3 -3 -4 -2 -4 -1 -2 -4  0  0  0 -1 10  2 -4    3   4   2   1   1   2   2   2   1   1   6   3   0   4   5   7   4  45   7   1  1.76 0.76
  261 S   -2 -2  5 -1 -1 -1 -2 -2 -1 -2 -4  1 -4 -4 -4  4 -1 -4 -3 -2    3   2  25   3   1   3   2   3   1   3   2   9   0   1   1  33   3   0   1   3  0.75 0.46
  262 W   -4 -2 -5 -5 -5 -2 -5 -4 -2 -2 -3 -5 -2 -4 -2 -4 -5 12  2 -3    2   3   1   1   0   2   1   2   1   2   3   1   1   1   2   2   1  68   6   2  3.18 1.22
  263 L   -3 -4 -4 -2 -4 -4 -4 -5 -5  0  5 -2  2  0 -5 -2 -3 -4 -2 -1    2   1   1   2   0   1   1   1   0   4  66   3   4   3   1   3   1   0   1   4  1.10 0.55
  264 E   -4 -4 -2  4 -5 -1  6 -3 -1 -5 -5 -3 -5 -5 -4 -4 -4 -5 -5 -3    1   1   1  24   0   3  59   2   1   1   1   1   0   0   1   1   1   0   0   2  1.61 0.78
  265 R   -4  7 -1 -3  0  1 -1  0  1 -5 -3 -1 -3 -3 -4 -3 -3 -4 -3 -4    1  58   3   2   2   5   4   7   3   1   3   3   1   1   1   2   1   0   1   1  1.29 0.62
  266 W   -3 -1 -5 -3 -2  0 -4 -5 -4 -5 -4 -3 -4  0 -5 -2 -4 12 -2 -5    2   4   1   2   1   4   1   1   0   1   1   2   0   4   1   3   1  68   1   1  3.06 1.07
  267 M   -1  0  1  0  2 -1  0  0 -2  0  0 -1  1  1  1  0  0 -3 -2  0    1   7   7   7   7   0   7   7   0   7   7   0   7   7   7   7   7   0   0   7  0.05 0.11
  268 A    2  0  0  0 -2  0  0  0  0  0 -1  0 -1 -1  2  1  1 -3 -2  0   20   4   4   5   0   4   4   6   3   4   4   4   0   3   9   9   9   0   0   9  0.10 0.12
  269 G    1  1 -1 -1  0  0  0 -1 -2  0 -1 -1 -1 -1  0  2  1 -3 -2  0   15   8   2   3   3   3   7   4   0   6   5   0   0   3   3  19  10   0   0   8  0.11 0.16
  270 R   -1  4  0 -1  2  2 -1 -2  2 -1 -2  3 -2 -2 -2  0 -1 -4 -1 -2    5  23   4   2   4  10   2   3   5   4   4  18   0   2   2   5   3   0   2   2  0.31 0.26
  271 P    0 -1 -1 -2 -3  1 -1 -3  0 -1 -1 -1 -2  2  5  0 -1 -3  0  0    6   3   3   2   0   8   4   1   3   3   5   2   0  10  29   7   3   0   4   8  0.44 0.30
  272 W   -2  0 -1 -4 -1 -1 -4 -4 -1 -4 -3 -1 -1  0  1  0 -1 10  2 -2    3   5   3   1   1   3   1   1   1   1   2   3   2   3   8   7   4  42   7   2  1.44 0.67
  273 E   -1 -1  0  3 -4  0  4 -2 -1 -3 -4  2 -3 -3 -1 -1 -1 -4 -2 -2    5   3   4  14   0   2  37   2   1   2   1  14   0   1   3   4   3   0   1   3  0.57 0.39
  274 S    0  0  0  0  2  0  0 -1  1  0 -1  0  1  0  0  0  0 -2  1  0    5   5   5   5   5   5   5   5   5   5   5   5   5   5   5   5   5   0   5   5  0.03 0.05
  275 S    0  3  1 -1 -3  1  0 -1  1 -1 -1  0  0  0  0  1  0 -3  0  0    6  17   6   3   0   6   6   4   4   4   4   4   3   4   4  12   5   0   3   7  0.12 0.16
  276 E    0  0  0  0  0 -1  0 -1  1 -1 -1  0  0  0  2  1  0 -3  0  0    7   4   4   7   2   2   6   4   5   3   7   4   3   5  11  10   4   0   4   8  0.07 0.09
  277 K    0  1  0  0 -3  1  0 -1  0 -1  0  1  2  0  0  0  0 -3 -2  0    6   8   5   4   0   8   7   4   2   3  10   7   6   4   5   7   6   0   0   6  0.06 0.11
  278 E    0  0  0  0 -2  0  0  0  1  0 -1  0  1  0  1  0  0 -2  1  0    6   6   5   6   0   5   6   6   5   6   6   6   5   5   6   6   6   0   5   6  0.03 0.06
  279 Q    0  0  1  1  1  1  1 -1  1 -1 -1  1  0 -1  0  0  0 -3  0 -1    7   4   6   7   3   8   9   4   4   4   5   9   4   3   5   8   5   0   3   3  0.07 0.09
  280 N    0  0  2  0 -1  0 -1 -1  2 -1 -1  2  0 -1  1  1  1 -3  0 -1    7   5   9   4   1   4   3   3   5   3   5  13   2   3   8   9   8   0   3   4  0.11 0.14
  281 T    0 -1  0  1 -1  0  1 -1  2  0 -1  0 -1 -2  1  0  1 -3  0  0    6   3   4   8   1   4   9   3   7   6   6   5   2   1   6   7  10   0   3   8  0.08 0.11
  282 T    0  1  0  0  0  0  0 -1  1 -1 -1  1  0 -1  1  1  1  1 -1 -1    6   7   4   5   2   3   4   3   3   4   6   8   2   3   8  14  10   2   2   5  0.08 0.11
  283 N   -1  1  1  2  0  0  1 -1  2 -1 -2  0 -1 -1  1  0  0 -4  0 -1    4   8   9  13   2   4   8   4   5   4   3   6   2   2   6   8   5   0   3   5  0.13 0.14
  284 N    0  0  1  1 -4  0  0  0  1 -1 -1  1  0 -4  1  1  0 -4 -1 -2    7   6   7   9   0   5   5   6   4   4   5   8   2   0   9  11   6   0   2   3  0.13 0.15
  285 D   -1  0  0  3 -4  0  0 -1  1 -2 -2  2  0 -2  1  1  0 -5 -4 -1    6   4   3  16   0   3   6   6   4   3   4  14   3   2   6  11   6   0   0   4  0.20 0.20
  286 N    0  0  1  0 -1  0  0 -1  2  0 -1  0  0 -1  2  1  1 -3  0 -1    6   6   7   5   1   5   4   4   5   5   5   4   2   2  10   9   9   0   4   4  0.08 0.10
  287 S    0  0  0  0 -1  1  0 -1  2 -1 -1  1  0  0  1  1  0 -3 -1 -1    9   5   3   4   2   8   4   4   6   4   5  10   3   4   6  10   5   0   2   5  0.07 0.10
  288 S   -1  0  0  0  0  0 -1 -2  0 -2 -3 -1 -2 -2  1  3  3 -1 -2 -2    5   5   4   4   2   4   3   3   2   2   2   4   1   2   8  26  16   1   2   3  0.32 0.33
  289 V    1  1 -1 -1  0 -1  0 -2  0  0  0  1 -1 -1  1  0  0  0 -1  2   10   7   2   2   3   2   5   3   2   6   7  11   1   2   6   8   5   1   2  15  0.07 0.10
  290 K   -2  1  0 -1  0  1  2 -3  1 -3 -2  4 -2 -1  1  1  0 -1 -1 -2    3   6   4   4   2   5  12   1   4   1   4  23   1   2   6  10   6   1   3   2  0.31 0.29
  291 N    0  0  2 -2 -2  0  0  0  0  0 -2  0  0 -2  2  1  0 -1 -1 -1    7   5   9   2   1   5   6   7   2   6   3   5   2   2  12  12   7   1   2   4  0.14 0.15
  292 S    0  0  0  1  0  1 -2 -1  1 -3 -3  0  0 -3  0  4  0 -6 -2 -1    6   6   5   8   2   6   1   5   3   1   3   6   3   1   5  29   5   0   1   5  0.33 0.33
  293 T    0 -1 -1 -2 -1  0  0 -1  0 -1 -1  1  0 -3  1  1  3 -2  0  0    8   4   3   2   1   4   7   4   3   3   5   9   2   1   8   9  19   1   3   6  0.16 0.19
  294 N   -1  1  2  0  0 -1  0 -3  1 -2 -3  0 -1 -3  1  3  0 -6 -3 -2    6   9  11   5   2   2   7   2   3   3   2   5   2   1   6  23   6   0   1   3  0.30 0.29
  295 R   -1  3 -1  0 -2  2  0 -1  0 -2 -1  1  1 -1  1  0 -1 -5 -1 -1    5  19   3   4   1   8   6   5   2   2   7   8   3   3   6   8   4   0   2   4  0.18 0.19
  296 N    0  0  2  1 -3  0  1  0  0 -2 -2  0 -2 -1  2  1 -1 -2  0 -1    9   4  10   8   1   4   9   6   2   2   3   7   1   3   9  11   4   1   4   4  0.13 0.15
  297 S    0 -1  1  0 -2 -1  0  0 -1  0 -1  0  2 -1  1  2  0 -2 -1  0    6   3   6   6   1   2   5   7   1   6   5   5   5   2   7  19   5   1   2   5  0.11 0.15
  298 Q    0  0  1  0 -2  1  0 -1  0 -2 -2  0 -1  1 -1  1  1 -4  2  0    8   5   6   4   1   6   7   5   2   2   3   6   2   5   3  12   8   0   8   6  0.09 0.13
  299 G    0 -1 -1  0 -1  0  0  1  1 -2 -1  0  0 -1  1  1  1 -2  0 -1    9   3   3   4   1   4   5  11   3   2   6   5   2   3   8  12   9   1   3   4  0.08 0.10
  300 G    0 -1 -2 -1  0 -1 -2  3  2 -2 -2  1  2 -2  0  1  0 -2  0  0    9   4   2   4   2   3   3  19   4   2   3   8   5   2   6   9   7   1   3   7  0.18 0.17
  301 E   -1  1 -2  0 -3  2  3 -3 -1 -2 -4  1 -2 -2  3  1  1 -7 -1 -4    4   8   2   5   1   7  19   3   2   2   2   8   1   2  13   9   9   0   2   2  0.38 0.33
  302 T   -2 -1  0 -3  0  1  0 -3  0  1 -1 -1  0 -1  1  2  2 -2 -1  0    4   3   5   2   2   7   5   3   2   9   6   4   2   3   7  14  14   1   2   6  0.17 0.18
  303 A    1 -1 -1 -2  0 -3 -2 -2  2 -2 -1  2 -4 -2  1  3  1 -7 -2  0   10   3   3   2   2   1   3   4   4   2   6  11   0   2   8  19  10   0   2   8  0.23 0.23
  304 K   -2  3  0 -3  0  0  1 -2  0 -3 -2  4 -2 -2  0  1 -1 -7 -1 -2    3  13   4   1   2   4   9   4   2   2   4  21   1   2   6  11   4   0   2   4  0.37 0.29
  305 S    1  0 -1 -1 -3 -2 -2 -2  2 -2 -1  1 -1  0  0  3  1 -6 -2 -1   10   6   3   3   1   2   2   3   5   2   6   8   1   3   5  23   8   0   1   4  0.27 0.25
  306 S   -1  1  0 -1  2  0 -2 -2  0 -1 -3  1 -2  1  1  2  1 -3  1 -1    5   9   5   4   3   4   2   4   2   4   3   9   1   5   6  15   9   0   5   5  0.15 0.16
  307 N    1  0  3 -1 -2  1 -1  0  2 -2 -3  0  0 -3  1  2  1 -2 -3 -1    9   5  13   3   1   6   3   7   5   2   3   5   2   1   6  15   7   1   1   4  0.23 0.22
  308 R    0  4  0 -3 -4  1 -2 -3  1  0 -2  1  0 -2 -1  1  1 -2 -2 -2    9  21   4   2   0   6   3   2   3   4   4   8   2   2   4  11   9   1   1   3  0.34 0.27
  309 N   -2  2  3 -1  1  1 -3 -1  2 -2 -3  1  0 -1  2  2 -2 -3 -1 -1    3  10  11   3   3   7   2   5   5   3   3   7   3   3   9  14   3   0   2   5  0.24 0.22
  310 K   -1  1  2  2 -3  2  0 -2  0 -4 -2  2 -2 -1  0  2 -2 -6 -1 -2    5   8   8   9   1   9   7   3   3   1   4  12   1   3   5  13   3   0   2   3  0.25 0.23
  311 L    0 -1  0 -1 -1  2 -2 -2  1 -1  1 -1  2  0  0  1  0 -5  0  1    8   4   5   3   1   8   2   3   3   3  13   3   4   4   5  12   7   0   3   9  0.12 0.13
  312 N   -1  1  4  0 -2 -1 -1 -2  1 -3 -3  0 -2 -2  2  1 -1 -3  2 -1    6   7  18   4   1   3   5   3   3   2   3   6   1   2  11  10   4   0   6   5  0.31 0.26
  313 S   -1 -1  1  0 -4  1 -2 -1 -1 -2 -2  0  0 -1  2  3  0 -3 -2  0    5   3   6   5   0   6   3   5   2   2   5   5   2   2  12  23   5   0   1   7  0.27 0.26
  314 S    0  1  0  0 -2  0 -2 -2  3 -1 -2  0 -1 -1 -1  3  0 -6 -1 -1    8   8   5   5   1   3   3   3   6   4   4   6   1   2   4  24   5   0   2   4  0.27 0.24
  315 T   -2  1  1 -2 -1  2  0 -3  2 -2 -2  1  1  0  0  2  2 -6 -2 -1    3   7   6   2   1   9   5   2   5   2   5   8   3   4   4  15  11   0   2   5  0.24 0.22
  316 K   -1  2  0  0 -1  2 -2  0  2 -2 -3  1 -1 -2  2  1  0 -2 -1 -2    4  11   5   5   1   9   3   6   4   2   3   9   1   2  11  12   6   1   3   3  0.22 0.21
  317 P    0 -3  1 -1 -3  0 -2 -2 -1 -5 -1  1  0 -1  4  1  1 -3 -2 -1    8   2   6   3   1   5   3   4   2   1   6   9   2   3  23   9   8   0   2   4  0.38 0.32
  318 N   -1  0  3  1 -2 -2 -2 -1  0 -3 -3 -1  1 -2  2  3  2 -6 -4 -1    5   5  12   6   1   2   3   5   3   1   3   5   3   2  10  18  10   0   1   5  0.31 0.27
  319 T   -1  1 -1 -2  1 -3 -2 -2  0 -2 -1 -2  1 -2 -1  3  3 -3  0  0    5   6   3   2   3   1   3   3   2   2   7   3   4   2   3  22  17   0   3   7  0.33 0.28
  320 P   -1  0 -1 -2 -1  1 -1 -5 -1 -3 -4 -2  1 -5  6  0 -1 -7 -1 -4    6   5   3   3   1   7   4   1   1   2   3   2   3   1  41   8   4   0   2   2  0.95 0.64
  321 S    0 -1  0 -1 -1 -1 -2 -1  0 -1  0  0 -2 -1 -2  4  1 -2 -4 -1    8   4   5   3   1   3   3   5   2   4   8   6   1   3   2  28   8   1   1   4  0.29 0.26
  322 A    0 -1  0 -2 -2  0 -1 -1  3 -2 -1 -1 -2  0  2  3 -1 -2 -1  0    9   4   4   3   1   5   4   4   8   2   5   4   1   3  11  18   4   1   2   7  0.22 0.21
  323 S    0  1  1 -4 -2  1 -2 -1  2 -3 -3  0  0 -2  0  3  2 -6 -2 -2    8   7   6   1   1   6   2   5   4   1   3   6   2   2   5  23  11   0   1   3  0.32 0.29
  324 S   -1  1  2  0 -3  0  1 -2  0 -4 -4  0 -3 -4  0  4  1 -7 -2 -2    5   8   9   4   1   4   9   3   2   1   2   7   1   1   4  26   8   0   2   3  0.42 0.35
  325 T    0  0 -3 -3  0  0 -4  0 -3 -5 -2  2 -2 -2  3  2  2 -7 -1 -1    7   6   2   2   2   4   1   6   1   1   4  14   1   2  15  17  10   0   2   5  0.39 0.33
  326 A    1 -1 -4 -1 -2 -2 -2 -1  1  0 -3  0  1 -2  4  1  1 -3 -3  0   13   3   1   4   1   2   3   6   3   5   3   6   3   2  17   9  10   0   1   7  0.28 0.25
  327 T   -1  1 -3 -3 -2  1 -1 -1  1 -1 -3  1 -6 -2 -1  3  3 -6  0  0    6   8   1   1   1   6   4   5   3   4   2   8   0   2   4  20  14   0   3   6  0.31 0.28
  328 R   -1  3  0 -1 -2 -1 -1 -3  0 -3 -2  1 -2  1  3  2  1 -6 -2 -1    5  18   4   3   1   2   4   2   2   1   4   8   1   5  13  14   8   0   1   4  0.35 0.30
  329 N    0 -1  3 -2  0 -2 -3 -2  2 -1 -3  0 -5 -1  1  3  2 -6 -2 -1    6   3  13   2   2   2   2   3   5   3   3   5   0   3   7  23  12   0   2   5  0.37 0.32
  330 P    0 -1  0 -2 -3  0 -2 -2  3 -4 -3 -2 -3 -1  6  1 -1 -3 -3 -2    9   4   4   3   1   4   3   4   6   1   4   3   1   2  34   9   4   0   1   3  0.67 0.47
  331 R    1  3  1 -1  0  0 -2 -2 -2 -4 -2  0 -1 -2 -2  3  0 -3 -3 -2   13  17   5   3   2   5   3   4   1   1   4   6   2   2   3  20   5   0   1   3  0.35 0.30
  332 K   -1  1 -1 -3 -2  1 -2 -3 -1 -1 -1  5  1 -2  1  1 -1 -5 -3 -3    6   7   3   2   1   6   2   3   1   3   6  29   3   2   8  10   5   0   1   2  0.46 0.34
  333 K    0  1 -1 -2 -4 -1 -1 -1 -1 -1 -1  1 -2  1  2  3  1 -5 -2 -1    9   6   3   2   0   2   4   4   2   3   7   7   1   6   9  20   7   0   2   4  0.18 0.19
  334 R    0  3  0 -3 -3  0 -2 -2  0  0 -2  1 -2 -3  0  2  1  0 -4 -1    7  18   4   1   0   4   2   4   2   5   5   9   1   1   5  18   8   1   0   5  0.29 0.26
  335 P   -1  0 -3 -3 -2 -1 -2 -1 -1 -3 -2 -2 -1 -3  5  3 -2 -5 -4 -2    5   5   1   1   1   3   3   6   2   1   5   3   2   1  32  22   3   0   1   3  0.75 0.52
  336 I    0 -1 -2 -1  1 -1 -3 -2  2  1  0 -1  0  1  0  3  2 -2 -1  0    7   3   2   3   3   3   1   2   5   7   8   4   2   5   6  20  12   0   2   6  0.19 0.20
  337 P   -1  0 -2 -3 -3  2 -3 -1 -1 -1 -1 -2 -4 -2  5  2 -1 -5 -2 -2    6   4   2   1   1   9   2   5   2   4   7   3   0   2  29  15   4   0   1   3  0.56 0.42
  338 S    2  0 -1 -2  0  0 -1 -2 -1 -1 -3 -1 -4 -3  2  3  0 -1 -2  0   14   5   3   3   2   4   5   3   1   3   2   3   0   1  10  25   6   1   1   8  0.30 0.28
  339 S    0  2 -1  1  0  1 -1 -2 -2 -3 -2  0  0 -2  1  2  1 -3 -1 -1    8  13   3   7   2   5   4   3   1   1   4   6   2   2   6  18   8   0   3   4  0.19 0.20
  340 I   -1  0  0  0 -1 -1  0 -1 -1  0 -1  0  1 -1  0  3  0 -4  0  0    5   5   4   6   1   3   5   4   1   5   6   5   3   3   5  22   5   0   3   6  0.13 0.16
  341 K    0  0 -1 -1 -2  0  0 -1 -1 -1 -1  2 -1 -2 -1  3  0 -2 -2  0    8   6   3   4   1   4   5   5   2   3   6  11   2   2   3  23   5   1   1   6  0.18 0.20
  342 S    1  0 -1 -1 -1 -1 -1 -2  0 -3 -2 -1 -1 -2  3  3  1  1  0 -2   11   5   3   3   1   3   3   3   2   2   4   4   2   2  14  24   8   2   3   2  0.31 0.30
  343 K    0  1 -2  1 -4  1  0 -1  0 -2 -1  1  0 -1  3  1 -1  2 -2 -1    8   7   2   8   0   7   7   4   3   3   5   7   3   3  14  10   3   3   1   4  0.18 0.18
  344 S    0  1  0 -1 -1  1 -1  0  0 -1 -1  0 -3 -1  1  2  0 -4  1 -1    9   8   3   3   1   6   4   6   2   3   6   5   0   3   8  19   4   0   4   4  0.13 0.17
  345 S    1  0 -1 -1  3  2  0  0  1 -3 -2  0 -1 -3  1  2 -1 -2 -1  0    9   6   3   3   5   9   7   8   3   1   5   5   2   1   6  16   3   1   2   6  0.16 0.17
  346 D   -1 -1  1  3  0  0  0 -1  0 -2  1 -1 -2 -1  0  1  0 -4 -2 -1    5   2   6  16   2   5   7   5   2   1  13   4   1   3   5  10   6   0   2   5  0.14 0.15
  347 D   -2  0 -1  3 -4  0  1  0 -1 -3 -3  0 -2 -3  0  2  0 -5 -2 -1    4   5   3  19   0   4  10   6   2   2   3   5   1   1   5  18   5   0   2   4  0.31 0.27
  348 E   -1  1 -1  2 -1 -1  3 -2 -2 -3 -4  0 -3 -1  0  2 -1 -3 -1 -1    6   6   3  12   1   2  21   3   1   1   2   5   1   3   4  18   3   0   2   4  0.35 0.30
  349 A    2 -2 -2  0  1 -1 -1 -1  0 -2  0 -2 -2  0  1  2 -1 -4  0  0   16   2   2   4   3   2   5   5   2   2  11   2   1   3   6  19   4   0   3   6  0.16 0.18
  350 K    0  3 -2 -2  1 -1  1 -1 -1 -2 -1  3 -2 -3 -1  1 -1 -4 -1 -2    8  17   1   2   3   3  10   6   1   2   5  15   1   1   3  13   4   0   2   3  0.27 0.23
  351 S    1  0 -1 -2  0 -3 -3 -1  0 -2 -2  1 -2 -1 -1  4  0 -1  1 -3    9   5   3   2   2   1   1   6   2   2   5  10   1   3   3  32   4   1   5   2  0.40 0.34
  352 S   -1 -2  0  0  0  0  0 -1 -1 -2 -3  0 -2  0  1  4  0 -4 -2  1    5   2   3   4   2   3   5   4   2   2   3   6   1   4   7  30   6   0   1   8  0.30 0.29
  353 E    0  0 -1  0  1  0  2 -1  1 -2 -2  1 -3 -1  1  1  0 -4  0 -1    7   6   3   4   3   3  15   5   4   2   4   9   0   3   7  11   6   0   4   4  0.14 0.16
  354 R    1  4 -1 -3 -1  0 -3 -1  0 -3 -3  0 -3 -2 -1  2  1 -2 -1 -2   14  26   2   2   1   3   2   5   2   2   2   5   0   2   3  14  10   1   2   3  0.43 0.34
  355 N   -1  0  3 -3  0 -2 -3 -3  2 -4 -4 -1 -1  1  3  3  0 -4 -1 -3    5   5  12   2   2   2   1   2   5   1   2   4   1   5  15  26   5   0   2   2  0.50 0.39
  356 R   -1  4  0 -3 -1  1 -1 -3  2 -2  0  0 -2 -1  0  2 -1 -4 -2 -1    4  21   5   1   1   6   3   2   4   2   9   5   1   3   4  19   4   0   1   4  0.32 0.27
  357 R   -1  5 -2 -3 -2 -2 -3 -3  0 -3 -3  0 -4  0 -2  1  3 -4 -2 -3    5  36   2   1   1   2   2   2   2   1   2   6   0   4   2  12  16   0   2   2  0.77 0.48
  358 P   -1  0 -1 -3 -4 -1 -2 -1  5 -4 -2 -1 -4 -1  5  0 -1 -4 -1 -2    5   5   3   1   0   3   3   4  14   1   4   4   0   2  33   8   4   0   2   3  0.78 0.48
  359 S    0 -2 -1 -1 -3 -3 -3  0  1 -2 -2 -3 -1 -4 -1  5  1 -2 -2 -1    7   2   3   4   1   1   2   6   3   2   4   1   2   1   4  45   7   1   1   4  0.68 0.48
  360 I    0  1 -2 -2 -3 -2 -2 -1  0  2  0  0  0  0  1  1  2 -3  0  1    6   8   2   2   0   1   2   4   2  12   9   5   2   4   6   9  13   0   3  10  0.12 0.13
  361 A    2 -1  1 -2  0 -2 -2  2 -2 -2 -1  0 -2  1  1  1 -1 -4 -2 -2   19   4   7   2   2   2   3  15   1   3   5   5   1   7   6  11   4   0   1   3  0.20 0.19
  362 R    0  2  0  0 -4  1 -1  3 -2 -2 -1 -1 -3 -2 -1  1  1 -4 -2 -1    6  10   4   6   0   5   4  22   1   2   5   3   0   1   3  12   9   0   1   5  0.22 0.21
  363 P   -1  0  0  0  2  0  0 -1  2  0 -1  0  2  1  0 -1  0  3  1 -1    5   5   5   5   5   5   5   5   5   5   5   5   5   5   5   5   5   5   5   5  0.09 0.08
  364 S   -1 -1 -1 -2  2 -1 -1  0  0 -2 -2 -1  1 -1  1  4  0 -6  1 -2    5   4   3   3   4   3   4   7   3   3   4   3   4   3   6  26   5   0   6   3  0.25 0.28
  365 V    0 -1 -1  0  3 -1 -1 -1  1  0  0 -1  1  0 -1  0  0 -3  2  2    7   3   3   5   6   2   3   3   3   6   8   3   4   4   3   6   5   0  10  15  0.09 0.12
  366 S    0  4 -1 -2  0 -1 -1  0  1 -2 -1  1 -1 -2 -2  1 -1  0  2 -2    8  19   3   3   2   3   4   9   4   2   6   7   2   2   2  11   5   1   6   3  0.24 0.20
  367 D   -2  0  1  5 -5 -1  0  0  0 -1 -3 -2 -4 -1 -1 -1  2 -5 -1 -1    3   5   5  29   0   3   7   7   2   4   2   2   0   2   3   4  13   0   2   5  0.42 0.36
  368 D   -1 -1  1  4  0 -1  2  2  1 -4 -3 -2  0 -5  0  1 -1 -5 -2 -2    4   3   7  22   2   3  11  13   3   0   3   2   3   0   4  11   4   0   2   3  0.37 0.30
  369 E    1 -1  0  1 -4 -1  2  1  1 -4 -2 -1 -1 -2  0  1  1  1 -2 -4   10   4   5   8   0   2  17   9   4   0   3   4   1   1   5  10  11   2   2   1  0.23 0.24
  370 T    0  0  0 -4  0 -2 -1 -1 -2 -4 -3 -1 -2 -1 -2  5  1  1 -1 -2    6   5   5   1   2   2   5   4   1   1   3   3   1   3   2  40   9   2   2   4  0.53 0.43
  371 L   -1  0  0 -2 -1 -1 -1 -2  0 -1  1  0  0  2 -1  1  1  0  0  1    5   4   4   2   1   3   4   3   3   3  17   6   2   9   2  10   8   1   2  13  0.07 0.10
  372 S    1  0  1 -1  0 -1 -1  1  0 -2 -1  0 -1 -1  0  1  2 -3 -1  0   10   5   6   3   2   2   3  10   2   2   5   5   1   3   5  13  12   0   2   8  0.10 0.12
  373 S   -1  0  2  0 -2  0 -1  0 -2 -3 -2 -1 -2 -1  1  4  0 -5 -2 -2    5   5   8   4   1   3   4   6   1   1   4   3   1   3   6  35   5   0   1   3  0.39 0.35
  374 S    1  0  0 -1  4 -1  1  0 -4 -3 -3 -2 -2 -3  0  4  0 -5 -1 -3    9   5   5   4   9   2   8   7   0   1   2   2   1   1   4  30   5   0   2   2  0.41 0.36
  375 T   -2 -1 -2 -2  1 -2 -2  1 -2 -3 -4 -2 -4 -1  5  3  1 -4  0 -1    3   4   2   2   2   2   2  12   1   1   1   3   0   3  27  19   8   0   3   4  0.55 0.41
  376 A    2 -1  2 -1  0  0 -2 -1 -2 -4 -3 -1 -1 -3  1  3  0 -4  2 -1   19   4   9   3   2   4   2   5   1   1   2   3   1   1   7  21   4   0   7   4  0.30 0.29
  377 R    1  1  0 -1 -1 -1  0  0  0 -2  0  1 -1  0  0  1  0 -3 -1 -1   14   8   5   2   1   1   5   8   2   1   8   8   1   6   5  13   6   0   2   4  0.09 0.11
  378 R    1  0  0  0  1 -1  0  1 -1 -1 -1 -1 -1 -1  1  1  0 -3 -1  0   11   7   6   6   4   2   4   9   1   4   5   3   1   3   6  11   6   0   2   6  0.05 0.07
  379 S   -1  0 -1 -2 -1 -1 -1 -1  1  0  0  0  0  0  1  1  0 -3  0  2    4   5   2   2   1   3   3   5   3   5   9   6   2   5   7  12   5   0   4  17  0.07 0.12
  380 S   -3 -4 -2 -6 -6 -3 -4 -4 -6 -6 -4 -2 -6 -7  8  0 -4 -7 -6 -3    2   1   2   0   0   1   1   1   0   0   2   2   0   0  75   7   1   0   0   2  2.28 1.15
  381 N   -2 -1  6 -2 -5 -3 -2  0 -1 -4 -4  0 -4 -5 -4  3  0 -5 -1 -3    4   3  40   1   0   0   3   6   2   1   2   6   0   0   1  20   6   0   2   2  0.93 0.57
  382 L   -6 -2 -3 -4 -6 -1 -4 -5 -2 -6 -3 -2 -3 -3 -3 -3 -4  0  9 -3    1   2   2   1   0   2   1   1   1   0   3   3   1   0   1   3   1   1  73   2  2.46 1.15
  383 I   -3 -4 -3 -7 -6 -3 -4 -7 -1 -3 -2 -1 10 -5 -7 -4 -4 -6 -3 -1    3   1   2   0   0   1   1   0   2   1   3   4  74   0   0   1   1   0   1   4  2.77 1.27
  384 P    5 -5  1 -2 -2  0 -2 -3 -5 -4 -3 -3 -5 -5  1  2  0 -6 -3 -2   44   0   8   2   1   4   2   1   0   1   2   1   0   0   6  17   5   0   1   3  0.76 0.55
  385 T    2 -2  2 -3  0 -3 -2 -1 -4 -2  1 -2  0 -4  3  2 -1 -1 -2 -1   18   1  12   1   2   0   3   3   0   1  15   2   2   0  14  14   3   1   2   5  0.33 0.31
  386 T   -2 -3 -3 -4 -6 -1 -5 -6 -6 -4 -3 -2 -5 -6 -2 -1  7 -7 -6 -3    3   2   1   1   0   2   0   0   0   1   2   2   0   0   2   3  77   0   0   2  1.98 1.04
  387 K    0  0 -1 -2 -6  3  5 -5 -4 -3 -4  2 -3 -5 -2 -3 -2 -6 -1  0    8   4   3   1   0  12  40   0   0   1   2  14   1   0   2   2   2   0   2   6  0.79 0.54
  388 S   -1 -5 -2 -2  1 -3 -2 -3 -5 -3 -6 -4 -2 -6 -2  7 -1 -6 -6 -2    4   0   1   2   2   1   3   2   0   2   0   1   1   0   2  72   3   0   0   3  1.56 0.89
  389 A    4 -4 -4 -4 -4 -3  0 -2 -4  0 -4  0 -4  1 -2  2  1 -5 -3 -1   42   0   0   0   0   1   5   3   0   5   0   5   0   7   2  18   7   0   1   3  0.66 0.48
  390 R   -1  3  0 -2 -6  0 -2 -5 -1 -5 -5  6 -5 -4 -2  0 -3 -6 -5 -2    4  17   4   2   0   4   2   0   1   1   1  50   0   1   2   6   2   0   0   2  1.10 0.63
  391 G    6 -3 -5 -5 -1 -4 -1 -1 -5 -2 -4  0 -5 -1  0  0 -2 -6 -5 -2   63   1   0   0   1   0   3   4   0   3   1   5   0   3   5   6   2   0   0   2  1.10 0.66
  392 K   -2  4 -3 -3 -6 -2  0 -4 -4 -6 -4  6 -5 -6 -5 -3 -5 -6 -2 -2    3  23   1   1   0   1   5   1   0   0   2  56   0   0   0   1   0   0   1   3  1.46 0.75
  393 P    1 -2 -3 -2 -1  1 -1 -4 -4  0  1 -1  0 -2  1  2 -1 -5 -4  2   12   2   0   2   1   8   4   0   0   4  14   3   2   2   7  18   3   0   0  18  0.26 0.28
  394 K   -3  7 -3 -3 -7 -2 -2 -2 -1 -5 -4  2 -3 -7 -6  0 -5 -7 -6 -1    2  63   1   2   0   1   2   3   1   0   1  10   1   0   0   8   0   0   0   5  1.60 0.83
  395 S    0 -4 -1 -1  0 -3 -3 -1 -3 -3 -1 -3 -3 -3  0  5  0 -6 -4 -3    7   0   3   4   2   1   1   5   0   2   7   1   0   1   5  54   5   0   0   2  0.86 0.60
  396 Q   -2  1  0 -4  1  5 -1 -2  4 -2 -1 -2  0 -4  0  1  0 -5 -2 -2    2   7   4   0   3  31   2   4  10   2   7   1   2   1   4  10   4   0   1   3  0.57 0.45
  397 T   -2 -1 -1 -3 -3 -1 -4  1 -5 -4 -3 -3 -5 -6 -5  6  0 -6 -2 -3    3   3   3   1   0   3   0   9   0   1   3   1   0   0   0  65   5   0   2   1  1.27 0.77
  398 S    4 -3  3 -3 -2 -1 -4 -2  1 -5 -3 -2  0 -5  2  2  1 -6 -4 -3   33   1  13   1   1   3   0   3   3   0   3   1   2   0  10  14  10   0   0   1  0.58 0.45
  399 S   -2 -5 -2 -4 -5  0 -4 -3 -2 -1 -1 -2 -2 -4  7  2  0 -6 -5 -3    3   0   1   1   0   4   0   1   1   4   6   2   1   1  52  14   5   0   0   2  1.29 0.70
  400 R   -1  4 -1  0 -5  0 -1  0 -1 -5 -3  4 -1 -4  1 -1 -3 -5 -3 -3    4  27   3   4   0   3   3   7   1   0   3  28   1   1   7   3   1   0   1   2  0.63 0.42
  401 V   -1 -1 -1 -3 -4  5  1 -2 -1  0  0 -1 -1  0 -1  0  0 -4 -3 -2    5   3   3   1   0  32   9   3   1   7   9   2   2   5   3   8   5   0   0   3  0.42 0.37
  402 A   -1  6 -1 -3 -4 -2 -1  1 -1 -5 -4 -1 -5 -4 -3  0  0 -6 -4 -3    6  52   2   1   0   1   4  10   1   0   2   2   0   1   1   8   5   0   0   2  1.00 0.60
  403 V    1 -2  0 -2 -3  0 -2 -2 -2 -1 -1  0  0 -1  5  1 -1 -5 -3  0   11   1   4   1   0   4   2   2   1   3   6   5   2   3  31  11   4   0   0   7  0.49 0.35
  404 T    1  0 -1  0 -4  2  1  0  0 -2 -2  1 -1 -2 -1  2  0 -1 -3 -2   10   3   2   5   0  12  11   8   2   2   5   9   2   2   3  19   4   1   0   2  0.20 0.22
  405 T    0  1  1 -1 -3  1  0  0 -2 -3 -2  0 -1  0 -1  1  2 -3  1 -2    9   6   6   2   0   8   6   8   0   0   2   6   2   5   3  11  18   0   5   2  0.18 0.21
  406 S    0 -2  1 -1 -3  1  1  2  0 -2 -1 -1 -3 -1  3  0  1 -4 -2 -1    6   2   6   2   0   9   9  15   2   1   6   2   0   2  15   8   8   0   1   5  0.22 0.21
  407 T   -1  0 -1  2 -1  1  2 -2  0 -2 -2  0 -1 -1  1  0  1 -2 -1  0    5   6   2  14   1   5  15   3   3   2   4   3   1   2   8   8  10   0   2   6  0.16 0.16
  408 T   -1  3  1  0 -1  0  0 -1  0 -3 -1  1  1 -2  1  0  1 -2  0 -2    3  16   6   5   2   3   6   3   2   1   5  10   5   2   9   7  11   1   4   2  0.18 0.18
  409 E   -2 -1 -1  2 -2  3  3 -2  0 -3 -1  1  1 -3  1  1 -2 -1 -3 -3    3   2   2  14   1  14  20   3   2   1   6   8   4   1   8   9   1   1   0   1  0.36 0.28
  410 E   -1  4  0 -1 -4  0  2 -2  1 -2 -3  2 -3 -1 -2  2 -2 -4 -1 -3    4  24   5   3   0   2  12   2   4   2   2  15   0   3   1  16   2   0   2   1  0.45 0.31
  411 S    0  0  1  1 -3  1  0  1 -1 -2 -2  1 -2 -1  1  1  0  1 -1 -2    6   6   7   7   0   5   6  13   1   3   3   9   1   2   7  13   5   2   2   2  0.14 0.12
  412 S    1  0  0  0 -2  0 -1  1 -2 -3 -2  1 -2 -3 -1  3  0 -1  0 -1   13   5   5   6   1   4   3  12   1   1   2   8   0   1   2  24   4   1   3   4  0.22 0.19
  413 I    0  1  0 -1 -1 -1 -1  0  0  0  0 -1  0  0  1  1  0 -2  0  0    4   8   6   2   2   2   3   8   2   5  12   3   4   3   7  11   7   0   4   8  0.03 0.05
  414 L    0  0 -1 -2  0 -1 -1  0 -1  0  0 -1  0  0 -1  1  1  0  0  1    5   7   2   1   2   3   3   7   1   3  10   3   3   5   3  14  10   1   4  13  0.05 0.08
  415 P    0  0 -1  0  1  1  0  0 -1 -2 -1  0 -1  0  2  1  0 -2 -1 -1    8   6   3   6   3   8   6   6   1   2   5   7   2   4  13  11   5   0   1   5  0.12 0.09
  416 E    0  0  0  0 -1  0  1  0  0 -1 -1  1  0 -1 -1  1  0 -1  0  0   10   3   4   3   2   3  12   6   3   3   7   9   2   2   3  12   3   1   3   9  0.05 0.06
  417 K    0  1  2 -1 -2  0  0 -1  1 -1 -1  1  0 -1 -1  2  0 -1  0  0    7   6  11   2   1   4   5   3   4   2   6   9   2   2   2  19   3   1   4   7  0.10 0.11
  418 A    2 -2  0 -2 -1 -2 -2  4 -3 -3 -3  0  0 -2 -1  2  0 -3 -3 -1   16   1   4   2   1   1   1  29   0   1   2   5   2   2   3  17   7   0   1   4  0.39 0.26
  419 P    1 -2 -1 -1  0  0 -1 -2 -2 -3 -3 -2 -3 -2  3  4  0 -4 -2 -3   11   1   3   4   2   4   3   2   1   1   3   2   0   2  16  37   4   0   2   2  0.53 0.37
  420 A    4 -3 -2 -1  2  0 -2 -2 -3  0 -2 -3 -1 -2 -3  1  0 -4 -1  0   44   1   1   3   4   4   3   2   0   6   2   1   2   2   0  11   6   0   2   7  0.48 0.36
  421 K   -2  3  0 -1 -6  0 -1 -5 -4 -3 -5  6 -1 -6 -3 -2 -2 -6 -5 -5    3  14   4   4   0   3   2   0   0   1   0  60   2   0   1   2   2   0   0   0  1.30 0.67
  422 K   -1  2  0 -3 -3  0 -3 -4 -4 -5 -5  7 -4 -6 -2 -2 -2 -5 -2 -5    4   9   4   1   1   4   0   1   0   0   0  66   0   0   2   3   2   0   1   0  1.39 0.70
  423 R   -3  8 -3 -5  0 -1 -4 -3  0 -6 -3  0 -5 -3 -3 -3 -3 -6 -5 -5    2  76   1   0   2   2   0   2   2   0   3   3   0   1   1   1   1   0   0   0  1.87 0.84
  424 L   -2 -4 -5 -3 -4 -2 -4 -5 -1  0  5 -4  0  0 -2 -1 -2 -4 -2  0    2   0   0   1   0   2   0   0   2   4  66   0   1   3   2   5   2   0   1   5  0.92 0.50
  425 S   -2 -4 -3 -4  2 -4 -2 -3 -2 -5 -3 -2 -5 -5 -1  7 -2 -6 -5 -5    2   0   0   0   4   0   2   1   1   0   2   2   0   0   3  82   0   0   0   0  1.70 0.86
  426 T   -2 -3 -1 -5 -4 -4 -4 -5 -2  0  2 -3  0  6 -1 -2 -2 -2  3 -2    2   1   3   0   0   0   0   0   1   4  23   2   2  40   4   3   3   0  10   1  0.86 0.45
  427 S   -1 -4 -4 -3 -5 -3 -1 -3 -2 -1 -5 -2 -5 -5  7  2 -3  0 -5 -2    4   0   0   1   0   1   5   1   1   4   1   2   0   0  61  14   1   2   0   2  1.54 0.69
  428 A    2 -3  0 -2 -1 -2 -1  1 -3 -1  0 -2 -2 -2  3  1  0 -4 -3  1   20   0   5   1   1   0   4  11   0   2   8   0   0   1  16  13   4   0   0  11  0.27 0.22
  429 S    1  0  0 -2 -4 -3 -2 -2 -4 -4 -5 -1 -4 -3  3  5  0 -5 -4 -2   11   5   4   1   0   0   2   3   0   0   0   4   0   1  17  44   6   0   0   2  0.76 0.51
  430 P    0 -4  1 -1 -5  0  2  0 -4 -5 -5 -3  2 -5  6 -2 -3 -5 -5 -4    8   0   6   3   0   4  17   7   0   0   0   0   5   0  45   3   1   0   0   0  1.08 0.55
  431 A    3 -2 -1  0 -3 -2 -1  0 -3  0 -2  1 -2 -3 -1  2 -1 -4 -3  1   32   0   2   5   0   0   3   6   0   5   4  10   1   0   3  17   3   0   0   9  0.29 0.26
  432 P    0 -3 -2 -2 -3 -1 -1  2 -3 -2 -2 -2 -1 -3  5  1  0 -3 -3  0    9   1   1   1   0   3   5  14   0   2   3   1   1   1  35  11   5   0   1   6  0.63 0.30
  433 K    0  3 -1 -1 -3  2  0  0  0 -1 -3  2 -1 -4  1 -1  0 -4 -3  0   10  23   2   2   0   8   3   6   2   4   0  12   1   0   9   3   5   0   0   8  0.27 0.22
  434 P    1 -1 -3 -3 -4 -3 -3  0 -1 -3 -3 -3  0 -4  5  1  2 -5 -4 -1   14   3   0   0   0   0   0   6   2   0   1   0   3   0  37  13  12   0   0   5  0.81 0.42
  435 R    0  6 -1 -4 -4  0 -3 -2 -3 -4 -4  0  1 -4 -2  1 -1 -4 -1 -2    6  57   2   0   0   4   0   3   0   0   1   2   5   0   2   9   4   0   2   3  0.97 0.49
  436 R   -4  8 -1 -4 -5 -1 -3 -5 -3 -2 -4 -1 -4 -5 -5 -4 -4 -5 -4 -1    0  84   2   0   0   2   0   0   0   3   1   0   0   0   0   0   0   0   0   5  1.97 0.74
  437 S   -2 -3  3 -3 -4  1 -2 -3  7 -4 -3 -3 -3  1 -2  2 -1 -4  2 -4    2   0  15   0   0   7   0   0  36   0   3   0   0   6   2  18   3   0   7   0  0.91 0.46
  438 S   -2 -1 -2 -3 -4 -3 -1 -2 -4 -5 -4 -3 -4 -1 -2  6  0 -5 -4 -4    0   3   0   0   0   0   3   2   0   0   2   0   0   3   2  81   3   0   0   0  1.37 0.65
  439 A    1  0  0  2 -4 -1 -2  5 -3 -2 -4 -1 -3 -1 -3  0 -2 -4 -4 -4   10   7   3  13   0   2   1  50   0   2   0   3   0   3   0   5   0   0   0   0  0.68 0.31
  440 P   -3 -4 -4 -4 -5 -4 -3 -4 -4 -5 -5 -1 -5 -6  8 -1 -1 -6 -5 -5    0   0   0   0   0   0   0   0   0   0   0   4   0   0  88   3   3   0   0   0  2.51 0.68
  441 P   -3 -3 -4 -4 -4 -3 -3 -4 -4  0  0 -3 -3 -4  8 -3 -1 -5 -1 -3    0   1   0   0   0   0   0   0   0   6   8   0   0   0  76   0   3   0   3   0  1.89 0.51
  442 K   -2  3 -2 -3 -4 -1  0 -1 -3 -3 -2  6 -3 -4 -3 -2 -2 -5 -3  0    0  16   0   0   0   0   4   5   0   0   5  60   0   0   0   0   0   0   0  10  0.84 0.37
  443 V    0 -3 -3 -4 -2 -3 -3 -1 -4  1  1 -1  1 -1 -3  0 -1 -4 -3  4    8   0   0   0   0   0   0   5   0   2  14   4   4   1   0   9   0   0   0  53  0.45 0.25
  444 E   -1  0  1  3 -4  2  4 -1 -2 -4 -3 -1  1 -4 -3 -1  1 -4 -3 -3    4   4   8  16   0   8  40   5   0   0   0   0   5   0   0   0   9   0   0   0  0.57 0.25
  445 K    0  2  2 -2 -3  1 -1 -2 -2 -1 -3  1  0 -3  2  3  1 -4 -3 -2    4  15  11   0   0   5   0   0   0   3   0  10   3   0  13  27   8   0   0   0  0.36 0.19
  446 G    2 -2  2 -2 -2 -2 -2  2 -2 -3 -2 -2  1 -3 -2  3  1 -4 -3 -2   22   0  15   0   0   0   0  15   0   0   1   0   7   0   0  30  10   0   0   1  0.41 0.22
  447 V    0  0 -2 -2 -2 -2  0 -1 -2 -1  0 -2 -1 -3  3  3  0 -4 -3  1    7   5   0   0   0   0   4   2   0   2  13   0   0   0  15  37   2   0   0  13  0.31 0.19
  448 L   -2  1 -1 -3 -2 -2 -2 -1 -3  1  2  1  2 -1  0 -2  0 -3 -2  1    0   9   4   0   0   0   0   6   0  11  33  10   6   0   5   0   6   0   0   9  0.17 0.12
  449 K   -2  1  1  2 -4  0  1 -3 -2  0 -2  4 -2  1 -3 -1 -1 -3 -2  0    0   4   7  12   0   3   6   0   0   7   0  41   0   8   0   0   2   0   0  10  0.33 0.19
  450 A    2 -2 -2 -2 -2 -1 -2  2 -3  0 -2  1 -2 -3  3  0  2 -3 -3  0   25   0   0   0   0   0   0  16   0   9   0  13   0   0  14   0  17   0   0   6  0.29 0.14
  451 E    2 -1  1  1 -2  2  3 -2  1 -2 -3  1 -2 -3 -2  1 -1 -3 -2 -1   27   0   8   8   0   9  23   0   5   0   0   6   0   0   0   7   0   0   0   7  0.28 0.12
  452 R    0  3  0 -1 -3  0  0 -2 -1 -2 -2  3 -2 -3 -2  0  2 -3 -2 -1    5  26   4   0   0   0   3   0   0   0   0  33   0   0   0   0  23   0   0   5  0.39 0.11
  453 T    0 -2 -1 -1 -2 -1 -1 -2 -2 -2 -3 -1 -2 -3  3  4  4 -4 -3 -2    0   0   0   0   0   0   0   0   0   0   0   0   0   0  14  51  35   0   0   0  0.62 0.15
  454 P   -2 -3 -3 -2 -4 -2 -2 -3 -3 -4 -4 -2 -3 -4  8 -2 -2 -5 -4 -3    0   0   0   0   0   0   0   0   0   0   0   0   0   0 100   0   0   0   0   0  2.35 0.17

                      K         Lambda
Standard Ungapped    0.1186     0.3059
Standard Gapped      0.0376     0.2670
PSI Ungapped         0.1222     0.3026
PSI Gapped           0.0376     0.2670
