
Last position-specific scoring matrix computed, weighted observed percentages rounded down, information per position, and relative weight of gapless real matches to pseudocounts
           A  R  N  D  C  Q  E  G  H  I  L  K  M  F  P  S  T  W  Y  V   A   R   N   D   C   Q   E   G   H   I   L   K   M   F   P   S   T   W   Y   V
    1 M   -1 -3 -3 -4 -2 -2 -3 -4 -3  3  2 -3  6 -1 -3 -2 -1 -3 -2  2    0   0   0   0   0   0   0   0   0  22  13   0  46   0   0   0   0   0   0  19  0.49 0.08
    2 E   -1  3 -1  2 -4  1  2 -1 -2 -4 -4  2 -3 -4  5 -1 -1 -4 -3 -3    1  18   0  11   0   6  15   3   0   0   0  14   0   0  28   2   1   0   0   0  0.61 0.11
    3 K   -1  3 -1 -1 -3  0 -1 -2 -1 -4 -4  4 -3 -4 -2  2  1 -4 -3 -3    3  17   1   2   0   3   1   0   0   0   0  42   0   0   0  23   8   0   0   0  0.56 0.18
    4 P   -1  0 -3 -3 -4 -2 -2 -2 -2 -5 -5  1 -4 -5  8  0 -1 -5 -4 -4    2   4   0   0   0   1   0   2   1   0   0   9   0   0  71   6   3   0   0   0  1.67 0.31
    5 N    0  1  2  0 -2  2  0 -1 -1 -1 -2  1 -2 -3  1  2  1 -4 -3 -1    9   7  13   2   1  10   4   2   0   4   0  10   0   0   7  18   8   0   0   5  0.20 0.09
    6 P   -1 -3 -2 -3 -3 -2 -1 -2  0 -2 -2 -1 -2 -4  6  1  2 -5 -4  0    2   0   0   0   0   1   2   1   2   1   5   4   0   0  46  15  14   0   0   7  0.89 0.22
    7 R    1  2  0  0 -3  1  0  0  0 -1 -2  2 -2 -2  1  0  0 -1 -2 -1   13  12   2   5   0   5   5   5   2   3   1  18   0   1   7   8   4   1   0   6  0.14 0.06
    8 R    0  4  1 -1 -3  3  0 -1 -1 -3 -3  1 -2 -2 -1  1  1 -4 -2 -1    9  27   7   1   0  14   4   3   1   0   1   8   0   2   3  10   7   0   0   4  0.30 0.14
    9 P   -1  1 -1 -1 -3  4  0 -2 -2 -3 -2  1 -2 -4  4  1  0 -4 -3 -1    4   8   2   3   0  24   2   1   0   0   3   7   0   0  21  13   4   0   0   6  0.45 0.18
   10 S    1 -2 -1 -1 -2  1 -1 -1 -2  1  0 -1 -1 -3  1  2  1 -3 -2  1   13   1   0   1   0   9   3   4   0  12   8   3   0   0   7  18  11   0   0   8  0.14 0.10
   11 N    0 -1  1  1 -3  2  1  3  1 -2 -2 -1 -1 -3 -1  0 -1 -3 -1 -2    7   2   9  10   0  11   9  27   4   3   2   3   1   0   2   5   4   0   2   1  0.26 0.12
   12 S   -1  0  1 -1 -3  0 -1 -1 -1 -3 -3  0 -2  0  2  2  2  5  0 -2    2   6   7   3   0   2   3   5   1   1   0   4   0   6  10  23  13   9   2   3  0.28 0.15
   13 V   -3 -5 -4 -5 -3 -4 -5 -5 -5  4  0 -5  1  1 -4 -2 -2 -5 -3  6    0   0   0   0   0   0   0   0   0  25   4   0   3   5   1   3   0   0   0  58  1.00 0.34
   14 L   -3 -3 -5 -5  0 -3 -5 -6 -5  2  5 -4  0  1 -4 -4 -1 -4 -3  1    0   1   0   0   2   1   0   0   0  11  69   0   0   6   1   0   3   0   0   5  0.91 0.31
   15 P   -2  0 -2  0 -4  1  1  4 -2 -4 -2  1 -3 -5  2 -1 -1 -4 -4 -4    0   4   0   6   0   8   7  40   1   0   4  12   0   0  12   3   3   0   0   0  0.56 0.22
   16 Y   -2  4  1  0 -4  1  1 -3  4 -4 -3  3 -1 -3 -2 -1 -1 -3  2 -3    0  24   6   3   0   4   7   1  12   0   1  21   2   0   1   3   3   0   9   1  0.48 0.21
   17 E   -1  0 -1  0 -4  1  1 -1  0 -3 -4  3 -3 -4  5  0 -1 -4 -3 -3    4   5   2   4   0   8   7   3   2   1   0  21   0   0  33   6   3   0   0   1  0.65 0.23
   18 T   -1 -2  0 -1 -3 -1 -2  0  0 -2  0 -1  3  1 -2  0  4 -3  1 -2    2   1   5   3   0   1   0   7   2   1   6   4  11   6   1   5  37   0   6   0  0.34 0.22
   19 P    0 -1 -2  1 -3  0  3  3 -1 -3 -4  2 -3 -3  2 -1 -1 -4 -4 -1    7   2   0   6   0   2  23  23   1   0   0  14   0   1  10   3   3   0   0   4  0.38 0.20
   20 R   -2  1  4  5 -4  0  1 -3  2 -4 -3  1 -4 -5 -3 -1 -2 -6 -4 -4    2   7  24  37   0   2   5   0   5   0   2   8   0   0   1   4   1   0   0   1  0.75 0.30
   21 L   -3 -5 -5 -6 -1 -5 -5 -6 -5  5  2 -5  0  4 -5 -4 -2 -4 -2  3    0   0   0   0   1   0   0   0   0  34  22   0   1  19   0   0   1   0   0  21  0.88 0.32
   22 R   -1  4  1 -1 -3 -1  1  0  1 -4 -3  3 -3 -3 -3  0  1 -1 -2 -3    4  27   6   3   0   1   9   6   3   0   2  18   0   1   0   7  11   1   1   0  0.39 0.21
   23 D    0 -1  1  5 -4  1  2 -3 -1 -4 -4  1 -4 -5 -3  1 -1 -5 -4 -3   10   3   4  33   0   6  16   0   1   0   1   9   0   0   0  13   2   0   0   1  0.58 0.26
   24 H   -1  2 -1  0 -3 -1 -1 -3  4  1  0  2  0  2 -3 -2 -1 -3  1  0    3  11   2   6   0   1   1   0  12  10  11  18   2   9   0   1   4   0   5   5  0.18 0.14
   25 Y   -6 -6 -6 -7 -6 -5 -6 -7 -2 -4 -3 -6 -2  2 -7 -6 -5 -1 10 -5    0   0   0   0   0   0   0   0   0   0   1   0   1   5   0   0   0   0  92   0  2.95 0.77
   26 L   -1  0  0  1 -3  1  3 -3  0  0 -2  0 -2 -4 -3  1  3 -4 -3 -1    4   4   3   9   0   4  19   0   2   7   2   5   0   0   0  13  25   0   0   3  0.31 0.20
   27 L   -3 -3 -5 -5 -3 -4 -5 -4 -4  3  4 -4  1  3 -4 -4 -3 -3 -2  2    1   2   0   0   0   0   0   1   0  15  53   0   2  14   1   1   1   0   0  11  0.79 0.31
   28 G   -2 -4 -1  1 -5 -2 -1  6 -1 -5 -5 -2 -5 -5 -4  0 -2 -4 -5 -2    1   0   2  10   0   1   5  67   2   0   1   2   0   0   0   5   1   0   0   3  1.15 0.39
   29 K   -2  4 -2 -1 -5  0  1 -2 -1 -5 -5  5 -3 -5 -1 -2 -2 -5 -4 -4    3  28   1   3   0   3   8   3   1   0   0  43   0   0   3   1   1   0   0   1  0.86 0.34
   30 K   -3  0 -2 -2 -2  1  5 -4 -3 -2 -1  3 -2 -5 -1 -2 -2 -5 -4 -1    0   2   1   0   1   4  48   0   0   2   6  23   1   0   3   1   2   0   0   6  0.75 0.34
   31 L   -4 -5 -6 -6 -4 -5 -6 -7 -6  1  6 -5  0 -2 -6 -5 -4 -5 -4  2    0   0   0   0   0   0   0   0   0   7  82   0   0   0   0   0   0   0   0  11  1.41 0.46
   32 G   -3 -4 -3 -5 -6 -5 -5  7 -5 -7 -7 -5 -6 -7 -6 -3 -5 -6 -6 -7    0   1   1   0   0   0   0  98   0   0   0   0   0   0   0   1   0   0   0   0  2.37 0.63
   33 Q   -2  6 -3 -3 -5  4 -1 -4  3 -5 -5  3 -4 -5 -4  0 -2 -5 -4 -5    2  44   0   0   0  23   1   0   7   0   0  14   0   0   0   7   2   0   0   0  1.09 0.41
   34 G   -3 -6 -4 -4 -6 -5 -5  8 -5 -7 -7 -5 -6 -7 -6 -3 -5 -6 -7 -7    0   0   0   1   0   0   0  99   0   0   0   0   0   0   0   0   0   0   0   0  2.44 0.64
   35 Q    1 -2  0 -3 -5  6  2 -3  4 -5 -4 -1 -3 -5 -4  0  1 -5 -3 -4   13   0   3   0   0  44  12   1  11   0   1   2   0   0   0   5   8   0   0   0  0.88 0.39
   36 F   -6 -6 -6 -7 -6 -6 -6 -7 -4 -3 -3 -6 -3  9 -7 -5 -4  0  5 -4    0   0   0   0   0   0   0   0   0   1   0   0   0  80   0   0   1   1  18   0  2.41 0.64
   37 G   -2 -5 -4 -4 -6 -5 -5  7 -5 -7 -7 -5 -6 -6 -5 -3 -5 -6 -6 -6    1   0   0   0   0   0   0  97   0   0   0   0   0   0   0   1   0   0   0   0  2.31 0.61
   38 T   -2 -3 -2 -3 -1 -2  1 -4  2  2 -2 -2 -2 -2 -3  0  3 -3  2  3    0   1   1   0   2   1  12   0   5  13   1   1   0   1   0   6  23   0   9  25  0.36 0.24
   39 T   -3 -4 -4 -4 -2 -4 -4 -5 -5 -1 -3 -4 -3 -5 -4 -2  7 -5 -4  4    0   0   0   0   1   0   0   0   0   1   0   0   0   0   0   0  67   0   0  29  1.47 0.53
   40 Y   -3  3 -4 -5  4 -3 -4 -5  3 -2 -2 -2 -2  2 -5  0 -3 -2  7 -1    0  18   0   0  11   0   0   0   6   1   2   1   1   8   0   7   1   0  41   4  0.98 0.38
   41 L   -1  0 -3 -4 -3 -1 -2 -4 -1 -1  4  2  0 -1 -4 -1 -2  0 -2  0    4   6   0   0   0   2   1   0   1   1  51  16   2   2   0   5   1   1   1   6  0.45 0.25
   42 C    3 -5 -5 -6 10 -5 -5 -1 -5 -3 -4 -5 -4 -5 -5 -3 -3 -5 -5  1   29   0   0   0  54   0   0   5   0   1   0   0   0   0   0   0   0   0   0   9  1.83 0.53
   43 T   -2  0 -3 -3 -3 -1 -2 -4 -4  1 -2  2 -1 -2 -3 -1  5 -4 -3  2    1   5   0   0   0   2   2   0   0   8   1  14   1   2   0   3  45   0   1  16  0.59 0.31
   44 E   -2 -2  1  4 -3 -1  3 -1  6 -4 -3 -1 -4 -1 -4 -2 -3 -5 -3 -3    2   1   5  29   1   1  24   4  23   0   2   3   0   3   0   1   0   0   0   2  0.81 0.33
   45 K   -1  3  1 -3 -5 -1 -2 -4 -3  0 -2  6 -2 -5 -4 -2 -2 -5 -4 -3    4  15   7   0   0   0   0   0   0   6   4  60   1   0   0   1   2   0   0   1  0.99 0.40
   46 S    3 -1 -1  0 -3  0  1 -1 -2 -2 -2  3 -2 -4 -1  2  0 -4 -3 -1   27   2   1   3   0   2   8   4   0   1   2  19   0   0   2  19   4   0   0   4  0.32 0.20
   47 S   -2 -3  0 -2 -3 -2 -3 -2 -3 -4 -3  1 -3 -5 -4  2  7 -5 -4 -3    0   0   3   1   0   1   0   2   0   0   2   9   0   0   0  13  66   0   0   1  1.16 0.46
   48 S   -2 -1  1 -2 -5 -2 -3  6 -1 -6 -6  0 -5 -6 -4 -2 -4 -5 -5 -5    2   4   7   1   0   2   1  72   2   0   0   7   0   0   0   1   0   0   0   0  1.36 0.43
   49 A    0  1  0  0  0  4  3 -3  0 -1 -1  2 -2 -3 -3 -1 -2 -4 -2 -1    9   7   4   5   2  21  21   1   2   4   7  11   0   0   0   1   0   0   1   4  0.31 0.19
   50 N    0  2  0  0 -3  2  2 -3 -1 -1 -1  3  0 -3 -1  0  0 -4 -2 -1    6   9   4   5   0  13  13   0   1   4   5  20   2   0   2   4   6   0   0   4  0.23 0.14
   51 Y   -3  3 -4 -5 -1 -3 -4 -5 -2 -2  1 -3 -2  4 -5 -4 -3 -1  6  2    0  19   0   0   1   0   0   0   0   0  12   1   0  15   0   0   0   0  35  15  0.90 0.36
   52 A    7 -5 -5 -5 -4 -4 -4 -3 -5 -4 -5 -4 -4 -5 -4 -2 -3 -6 -5 -3   98   0   0   0   0   0   0   0   0   0   0   0   0   0   0   0   0   0   0   0  1.95 0.62
   53 C   -3 -6 -5 -6 10 -5 -6 -5 -6  1 -3 -5 -3 -4 -5 -4 -3 -5 -5  4    1   0   0   0  57   0   0   0   0   9   0   0   0   0   0   0   0   0   0  31  2.06 0.55
   54 K   -4  0 -3 -4 -6 -2 -2 -5 -2 -6 -5  8 -4 -6 -4 -3 -4 -6 -5 -5    0   1   0   0   0   0   1   0   1   0   0  95   0   0   0   0   0   0   0   0  2.14 0.63
   55 S   -1 -1 -2 -3 -2 -1 -2 -3 -3  2 -2 -1 -1 -4 -3  4  3 -5 -3  1    2   3   0   0   1   2   1   0   0  14   1   2   1   0   0  41  20   0   0  11  0.56 0.30
   56 I   -4 -4 -6 -6 -4 -6 -5 -7 -6  8 -1 -6 -2 -3 -6 -5 -4 -6 -4  0    0   1   0   0   0   0   1   0   0  93   2   0   0   0   0   0   0   0   0   3  2.06 0.59
   57 P    2  0 -1 -2 -3 -1 -1 -3 -2 -3  0  0 -2 -4  4  4 -1 -4 -3 -3   19   6   1   2   0   2   2   0   1   1  10   4   0   0  19  33   0   0   1   0  0.49 0.26
   58 K   -4  0 -3 -4 -5 -1 -2 -5 -4 -4 -5  8 -4 -6 -4 -3 -2 -6 -5 -4    0   3   0   0   0   1   0   0   0   1   0  90   0   0   0   0   2   0   0   1  1.96 0.61
   59 R    1  6 -1 -2 -2 -1 -2 -3 -2 -3 -4  1 -3 -4 -2  2 -1 -5 -4 -3   15  44   3   2   1   1   1   0   0   2   0   8   0   1   2  16   3   0   0   1  0.70 0.31
   60 K   -3  2 -1 -3 -6  2 -1 -3  0 -5 -4  7 -4 -4 -4 -1 -2 -5 -2 -5    1   8   2   0   0   7   1   1   2   0   1  70   0   1   0   4   1   0   1   0  1.27 0.46
   61 L   -3 -3 -5 -5 -2 -4 -3 -5 -4  0  5 -3  5 -1 -3 -4 -3 -4 -3  2    1   1   0   0   1   0   2   0   0   2  62   2  15   1   1   0   0   0   0  12  0.94 0.35
   62 V   -1  2 -2 -2 -2 -1 -2 -3 -2  1  0  2 -1 -2 -2  1  2 -3 -2  2    4  12   1   1   0   1   1   1   1  11   8  14   1   1   1   9  19   0   0  16  0.20 0.15
   63 C   -1  0  3 -1  2 -1 -2 -2 -1 -3 -2 -1 -2 -4 -1  2  5 -4 -3 -2    2   5  13   2   5   2   1   2   1   0   4   3   0   0   3  16  39   0   0   1  0.51 0.27
   64 R    2  1 -2  0 -2  1  1 -2 -2 -3 -3  3 -1 -4  3 -1 -1 -4 -3 -2   18   8   0   5   0   4   9   2   0   1   2  25   2   0  14   3   3   0   0   1  0.35 0.17
   65 E   -1 -1 -1  1 -3  0  4 -2 -1  2 -2  0 -1 -3 -2 -1 -1 -4 -3  1    5   2   3   7   0   3  35   2   1  17   1   6   1   0   1   4   2   0   0  10  0.33 0.18
   66 D    1 -3  1  6 -2 -1  2 -2 -2 -4 -4 -2 -4 -4 -3  0 -2 -5 -4 -4   12   1   4  57   1   1   9   2   1   1   1   1   0   0   1   7   1   0   0   1  1.00 0.33
   67 Y   -1 -1 -4 -4 -2 -1 -2 -4 -2  4 -1  0  0 -2 -3 -2 -2 -4  1  4    3   3   0   0   1   2   2   1   1  29   2   8   2   0   1   2   1   0   5  37  0.51 0.24
   68 E   -2 -2 -1  3 -6  0  7 -3 -3 -5 -5 -1 -5 -6 -2 -3 -2 -6 -5 -4    2   1   2  12   0   2  72   1   0   1   1   3   0   0   1   0   1   0   0   0  1.38 0.47
   69 D   -2  3 -1  7 -6 -3 -1 -4 -4 -6 -5 -2  0 -6 -4 -2 -2 -7 -6 -5    3  16   1  71   0   0   1   1   0   0   1   1   2   0   0   2   2   0   0   1  1.55 0.49
   70 V   -3 -5 -6 -6 -4 -5 -5 -6 -5  1  1 -5  0  3 -5 -4 -3 -4 -3  6    1   0   0   0   0   0   0   0   0   5  11   0   2  12   0   0   0   0   0  68  1.20 0.42
   71 W   -3  7 -3 -4 -6  1 -2 -4 -3 -4 -1  3 -1 -2 -5 -3 -3  2 -3 -5    1  61   0   0   0   4   1   1   0   1   7  20   1   2   0   0   0   3   0   0  1.27 0.44
   72 R   -3  8  1 -3 -6  1 -1 -5 -2 -5 -5  0 -3 -6 -5 -3 -2 -6 -5 -5    1  77   7   0   0   6   2   0   1   0   0   3   0   0   0   1   2   0   0   0  1.70 0.53
   73 E   -4 -4 -4 -2 -7 -1  8 -6 -4 -7 -7 -2 -6 -7 -5 -3 -4 -6 -6 -6    0   0   0   0   0   0  99   0   0   0   0   0   0   0   0   1   0   0   0   0  2.37 0.70
   74 I   -3 -6 -6 -6 -4 -5 -6 -6 -6  6 -1 -5 -1 -3 -5 -5 -3 -6 -4  5    1   0   0   0   0   0   0   0   0  47   1   0   0   0   0   0   1   0   0  50  1.45 0.46
   75 Q    1  1 -1  1 -5  6  2 -4 -2 -4 -2  2 -1 -5 -3 -1 -2 -5 -4 -3   11   5   2   6   0  39  14   0   0   0   3  15   1   0   0   3   1   0   0   1  0.70 0.32
   76 I   -4 -6 -6 -6 -2 -6 -6 -7 -6  8 -1 -6  0 -3 -6 -5 -4 -6 -4  1    0   0   0   0   1   0   0   0   0  93   1   0   1   0   0   0   0   0   0   3  2.09 0.59
   77 M   -4 -5 -6 -6 -5 -4 -5 -6 -5 -2  4 -5  9 -3 -6 -5 -3 -5 -4 -2    0   0   0   0   0   0   0   0   0   0  37   0  62   0   0   0   1   0   0   0  2.01 0.60
   78 H   -3  3  0 -2 -5  3 -2 -4  7 -4 -4  4 -4 -4 -4 -1 -3 -4  2 -5    1  19   3   1   0  11   0   0  27   0   1  26   0   0   0   3   0   0   7   0  0.94 0.36
   79 H    1  0  0 -3 -3  1 -1 -3  9 -5 -3 -1  0 -4 -4  0 -1 -5  0 -4   13   5   3   1   1   6   2   1  50   0   2   3   2   0   0   5   4   0   2   0  1.14 0.40
   80 L   -4 -5 -6 -6 -4 -5 -6 -6 -6 -1  6 -4  2 -1 -6 -5 -4 -4 -4  0    0   0   0   0   0   0   0   0   0   0  89   1   5   1   0   0   0   0   0   4  1.55 0.49
   81 S    2 -1 -1 -2 -1 -1 -1 -1 -2 -2 -2 -1 -2 -3  2  3  2 -3 -2 -2   23   2   2   1   1   2   2   2   1   1   3   2   0   1  10  32  11   0   1   2  0.37 0.17
   82 E   -2 -3 -2  4 -5 -2  0  6 -3 -6 -6 -1 -4 -6 -3 -2 -3 -5 -5 -4    1   1   0  25   0   1   5  60   0   0   0   3   0   0   1   2   0   0   0   1  1.22 0.40
   83 H   -4 -3 -1 -4 -4  4 -1 -4 10 -6 -6 -3 -5 -5 -5 -3 -4 -5 -2 -5    1   0   2   0   0  17   3   1  72   0   0   0   0   0   0   1   1   0   0   0  2.32 0.63
   84 P   -2  0 -1 -2 -5 -2  0 -2 -2 -5 -5  1 -5 -6  7 -1 -3 -6 -5 -4    2   5   3   1   0   1   5   2   1   0   1   9   0   0  64   3   0   0   0   0  1.55 0.45
   85 N   -3 -3  8 -2 -6 -2 -3 -3  1 -6 -6 -3 -5 -5 -5  0 -2 -6 -3 -5    1   1  83   1   0   1   0   1   3   0   0   1   0   0   0   5   1   0   1   0  2.00 0.59
   86 V   -3 -5 -5 -5 -3 -5 -5 -5 -5  6  1 -5 -1 -3 -5 -4 -2 -5 -4  4    0   0   0   0   0   0   0   0   0  55  11   0   0   0   0   0   1   0   0  30  1.22 0.40
   87 V   -1 -5 -5 -6 -3 -5 -5 -5 -6  4 -1 -5  1 -3 -5 -4 -3 -5 -4  6    4   0   0   0   0   0   0   0   0  22   1   0   3   0   0   0   0   0   0  68  1.32 0.44
   88 R    0  2 -2 -1 -2  3  3 -1  0 -4 -4  4 -2 -4 -3  1  1 -4 -3 -3    5   9   0   1   1  12  20   3   2   0   0  26   0   0   0  11   9   0   0   0  0.48 0.24
   89 I   -4 -5 -6 -6 -2 -5 -5 -6 -5  4  4 -5  0  5 -5 -5 -4 -3 -1 -1    0   0   0   0   1   0   0   0   0  25  46   0   1  25   0   0   0   0   1   1  1.05 0.36
   90 K   -3  2 -3 -4 -4 -2 -2 -4  2 -2 -2  5 -1  2 -4 -3 -3 -2  5 -1    0  11   0   0   0   1   1   0   5   1   2  38   1   7   0   1   0   0  26   5  0.80 0.34
   91 G   -1 -3  0  3 -5 -1  4  4 -3 -5 -5 -2 -4 -5 -4 -1 -3 -5 -5 -4    5   0   5  19   0   2  28  38   0   0   0   1   0   0   0   2   0   0   0   0  0.87 0.33
   92 T    5 -4 -4 -4 -3 -3 -3 -3 -4 -1 -3 -3 -3  1 -2  0  3 -4 -2  1   54   0   0   0   0   0   0   0   0   2   0   0   0   8   1   3  17   0   1  13  0.73 0.34
   93 Y   -5 -4 -5 -6  3 -5 -5 -6  1 -4 -4 -5 -4  6 -6 -5 -5  1  8 -4    0   1   0   0   7   0   0   0   3   0   0   0   0  28   0   0   0   1  59   0  2.01 0.56
   94 E   -4 -3 -3 -2 -7  1  8 -4 -3 -6 -6 -2 -5 -6 -4 -3 -4 -6 -5 -6    0   0   0   0   0   5  91   1   0   0   0   1   0   0   0   0   0   0   0   0  2.07 0.63
   95 D   -5 -5 -1  8 -7 -4 -2 -2 -4 -6 -7 -4 -6 -7 -5 -4 -4  0 -6 -6    0   0   1  94   0   0   0   2   0   0   0   0   0   0   0   0   0   1   0   0  2.43 0.65
   96 S    1  1  0  1 -3  1  1 -1  1 -3 -3  2 -1 -4 -1  1  0 -4 -3 -2   17   9   4  10   0   6   8   3   5   0   1  19   1   0   3   8   4   0   0   2  0.25 0.14
   97 V   -1  1  2  2 -2  2  1 -1  2 -2 -1  1 -1 -3 -3  0  0 -4 -2  0    2   9  13  11   0  11   7   3   6   0   7  10   1   0   0   6   4   0   1   8  0.19 0.12
   98 F    2 -1  4 -1 -3 -2 -2 -2  2 -3 -3 -2 -3  1 -3  2 -2 -3  3 -3   19   3  27   2   0   1   0   1   4   1   0   1   0   7   0  19   0   0  13   0  0.50 0.27
   99 V   -3 -5 -5 -6 -1 -5 -5 -6 -5  3  0 -5 -1  0 -5 -4 -3 -4  2  6    0   0   0   0   1   0   0   0   0  12   5   0   0   3   0   0   0   0   6  71  1.23 0.43
  100 H   -5 -4 -1 -5 -3 -3 -4 -6  9 -5 -5 -4 -4  0 -6 -4 -5 -3  7 -5    0   0   3   0   1   0   0   0  53   0   0   0   0   3   0   0   0   0  39   0  2.28 0.62
  101 I   -3 -5 -6 -6 -4 -5 -5 -6 -5  5  5 -5  1 -1 -5 -5 -3 -4 -3  1    1   0   0   0   0   0   0   0   0  36  52   0   1   1   0   0   0   0   0   7  1.08 0.36
  102 V   -2 -6 -6 -6 -3 -5 -5 -6 -6  2 -2 -5 -2 -4 -5 -5 -3 -6 -4  7    3   0   0   0   0   0   0   0   0   7   0   0   0   0   0   0   0   0   0  89  1.74 0.54
  103 M   -4 -5 -5 -6 -5 -3 -4 -5 -5 -1  0 -5 10 -4 -6 -4  1 -5 -5 -3    0   0   0   0   0   0   1   0   0   1   4   0  84   0   0   1   9   0   0   0  2.50 0.71
  104 E   -4 -3 -4 -1 -7 -1  8 -6 -3 -7 -6 -3 -5 -7 -5 -3 -4 -6 -5 -6    0   0   0   2   0   0  98   0   0   0   0   0   0   0   0   0   0   0   0   0  2.31 0.67
  105 V   -4 -4 -6 -6 -2 -5 -5 -6  0  0  6 -3 -1 -1 -5 -5 -4 -4  0  0    1   1   0   0   1   0   0   0   2   2  82   1   0   2   0   0   0   0   3   5  1.23 0.42
  106 C   -4 -7 -6 -7 11 -7 -7 -5 -6 -5 -3 -7 -5 -6 -7 -5 -5 -6 -1 -5    0   0   0   0  93   0   0   1   0   0   3   0   0   0   0   0   0   0   3   0  3.59 0.80
  107 E    3 -2 -2  0 -3  0  4 -1 -2 -4 -4  0 -2 -4 -2  1  2 -5 -3 -3   27   1   1   4   0   1  31   4   0   0   0   5   0   0   0  11  14   0   1   0  0.50 0.26
  108 G   -3 -6 -4 -5 -6 -5 -5  7 -5 -6 -7 -5 -6 -6 -5 -4 -5 -6 -3 -6    0   0   0   0   0   0   0  98   0   0   0   0   0   0   0   0   0   0   1   0  2.38 0.61
  109 G   -3 -4 -4 -4 -6 -5 -5  7 -5 -7 -7 -5 -6 -6 -4 -3 -5 -6 -6 -6    0   1   0   1   0   0   0  97   0   0   0   0   0   0   1   1   0   0   0   0  2.33 0.60
  110 E   -4 -4 -4 -1 -7 -1  8 -4 -4 -7 -6 -3 -6 -7 -5 -4 -4 -6 -6 -6    0   0   0   1   0   0  97   1   0   0   0   0   0   0   0   0   0   0   0   0  2.30 0.68
  111 L   -5 -5 -7 -7 -4 -5 -6 -7 -6 -1  7 -6  0 -3 -6 -6 -4 -1 -3 -2    0   0   0   0   0   0   0   0   0   0  98   0   0   0   0   0   0   1   0   0  1.84 0.56
  112 F   -5 -4 -6 -7 -5 -6 -6 -7 -5 -3  2 -6 -3  9 -7 -5 -5 -2  1 -4    0   1   0   0   0   0   0   0   0   0  16   0   0  82   0   0   0   0   1   0  2.20 0.59
  113 D   -5 -5 -2  8 -2 -3  0 -5 -4 -7 -7 -3 -6 -7 -5 -3 -4 -7 -3 -7    0   0   0  92   1   0   4   0   0   0   0   1   0   0   0   0   0   0   1   0  2.33 0.64
  114 R   -3  8 -3 -4 -6  0  0 -5 -3 -6 -5  2 -4 -3 -5 -2 -3 -6 -5 -5    2  77   0   0   0   2   4   0   0   0   0  10   0   2   0   2   1   0   0   0  1.71 0.53
  115 I   -4 -7 -7 -7 -5 -6 -7 -7 -7  8 -1 -6 -1 -3 -6 -6 -4 -6 -5 -1    1   0   0   0   0   0   0   0   0  98   1   0   1   0   0   0   0   0   0   0  2.30 0.64
  116 V   -2 -3 -3 -3 -3 -2 -3 -5 -3  5  2 -4  0 -1 -4 -3 -1 -4 -3  3    2   1   1   1   0   2   2   0   0  41  17   0   1   1   0   1   4   0   0  26  0.70 0.28
  117 S    4 -1 -2  0 -3  3  2 -2 -1 -4 -3  1 -3 -4 -3  2 -1 -5 -3 -3   39   1   1   5   0  13  13   2   1   0   1   8   0   0   0  14   1   0   0   0  0.51 0.27
  118 K   -2  6 -2 -3 -6  1  0 -3  0 -5 -4  5 -2 -5 -4 -2 -3 -5 -4 -4    2  44   1   0   0   6   6   1   2   0   0  36   1   0   0   1   0   0   0   1  1.15 0.41
  119 G   -2 -3 -3 -4 -5 -2 -2  7 -5 -6 -6  1 -4 -6 -2  0 -4 -5 -6 -6    1   1   0   0   0   2   2  78   0   0   0   9   0   0   2   5   0   0   0   0  1.57 0.47
  120 C   -4  2  1 -4  0  0 -3 -4  8 -4 -5  2 -4 -4 -3  0 -2 -5  2 -4    0  11   5   0   2   2   0   0  46   1   0  14   0   0   1   8   2   0   6   1  1.18 0.42
  121 F   -5 -5 -6 -7 -6 -5 -6 -5 -2 -3 -2 -6 -4  5 -7 -5 -5 -1  9 -3    0   0   0   0   0   0   0   1   0   1   3   0   0  23   0   0   0   0  71   1  2.32 0.64
  122 S   -2 -4 -1 -2 -4 -3 -3 -4 -4 -4 -4 -3 -4 -5 -2  5  5 -6 -5 -3    1   0   2   1   0   0   0   0   0   0   1   0   0   0   1  52  40   0   0   1  1.26 0.50
  123 E   -4 -4 -4 -2 -7 -1  8 -6 -4 -7 -6 -3 -6 -7 -5 -4 -4 -6 -6 -6    0   0   0   0   0   0  99   0   0   0   0   0   0   0   0   0   0   0   0   0  2.41 0.70
  124 R   -1  6 -1 -1 -4  1  0 -4  0 -4 -4  3 -2 -4 -4 -2 -3 -5 -2 -2    5  48   2   4   0   5   6   0   2   0   1  20   1   1   0   1   1   0   1   4  0.84 0.33
  125 E    3 -1 -1  4 -4  1  2 -1 -3 -4 -4  2 -4 -3 -3 -2 -2 -5 -1 -3   27   2   1  28   0   6  12   3   0   0   1  17   0   1   0   0   1   0   2   1  0.57 0.28
  126 A    7 -5 -5 -5 -4 -4 -3 -3 -5 -5 -5 -4 -4 -6 -4 -1 -3 -6 -5 -3   96   0   0   0   0   0   1   0   0   0   0   0   0   0   0   1   1   0   0   1  1.88 0.61
  127 A    6 -1 -4 -4  0 -3 -3 -2 -2 -4 -4  1 -4 -5 -4  0 -3 -5 -2 -2   77   3   0   0   2   1   0   1   1   0   0  11   0   0   0   3   0   0   1   1  1.22 0.47
  128 K    1  0  0  0 -3  0  2 -1  0  0 -1  1 -1 -2 -2  1  0 -4 -2  0   15   3   3   5   0   3  17   5   2   6   3   8   0   1   0  14   5   0   0  10  0.13 0.11
  129 L   -2 -4 -5 -5 -2 -3 -5 -5 -4  4  4 -4  0 -1 -5 -3 -1 -4 -2  3    2   0   0   0   0   1   0   0   0  29  36   1   1   1   0   1   4   0   1  25  0.77 0.29
  130 I    0 -4 -4 -5  3 -3 -4 -4 -4  3  1 -4  5  3 -4 -3  2 -2 -2  1    9   0   0   0   7   0   0   1   0  15  11   0  23  12   0   0  13   0   0   8  0.55 0.27
  131 K   -4  7 -3 -4 -6  0 -2 -4 -1 -2 -2  4 -4 -5 -5 -3 -2 -6 -4 -1    0  61   0   0   0   2   0   1   1   2   3  23   0   0   0   1   1   0   0   6  1.30 0.45
  132 T   -2 -3 -2 -2  0  6 -1 -4 -2  0 -3 -1 -3 -5 -3  0  4 -5 -4  0    1   0   1   1   2  41   1   0   1   7   0   2   0   0   1   4  31   0   0   6  0.87 0.40
  133 I   -3 -6 -5 -6 -4 -5 -6 -6 -6  7 -1 -5  3 -3 -6 -4 -3 -5 -4  2    1   0   0   0   0   0   0   0   0  75   2   0   8   0   0   1   0   0   0  12  1.59 0.50
  134 L   -1 -5 -5 -6 -2 -4 -5 -5 -5  1  3 -5  2  1 -5 -4 -3 -4 -3  5    4   0   0   0   0   0   0   0   0   4  31   0   5   6   0   0   0   0   0  49  0.90 0.35
  135 G   -1 -1  3 -1 -3  1  3  2 -1 -5 -4  0 -3 -5 -3  3  0 -5 -3 -4    3   3  14   2   0   6  20  18   1   0   1   6   0   0   0  24   3   0   0   0  0.48 0.24
  136 V    2 -5 -5 -5  0 -4 -5 -2 -5  2 -2 -4 -1 -3 -4 -3 -1 -5 -4  6   21   0   0   0   2   0   0   3   0  11   0   0   0   1   0   1   2   0   0  59  0.95 0.38
  137 V   -1 -5 -6 -6  0 -5 -5 -6 -6  3  0 -5 -2 -3 -5 -4 -2 -6 -4  6    5   0   0   0   2   0   0   0   0  17   5   0   0   0   0   0   1   0   0  71  1.31 0.45
  138 E    2 -1  2 -1 -4  3  3 -3  5 -4 -4  0 -3 -3 -3  0 -1 -4  0 -3   20   2  11   1   0  12  19   0  18   0   0   5   0   1   0   4   2   0   4   0  0.53 0.26
  139 A    1 -2 -1 -3 -3 -2 -2 -3  3  0 -1 -3  1  2 -4 -1  1 -2  5  0   14   1   3   0   0   0   3   1   8   5   3   0   4   9   0   2  10   0  28   6  0.43 0.23
  140 C   -3 -7 -7 -7 11 -7 -7 -6 -7 -4 -1 -7  1 -3 -7 -5 -5 -2 -6 -4    1   0   0   0  87   0   0   0   0   0   6   0   3   1   0   0   0   1   0   0  3.27 0.76
  141 H   -6 -4 -3 -5 -7 -3 -4 -6 11 -7 -7 -5 -6 -5 -6 -5 -6 -6 -2 -7    0   0   1   0   0   0   0   0  99   0   0   0   0   0   0   0   0   0   0   0  3.71 0.87
  142 S    0 -1  0 -1 -1  0  0 -3 -2 -2  1  1 -2  1 -3  4  0 -4 -1 -2    4   2   4   2   1   3   7   0   0   2  14   8   0   7   0  40   4   0   1   1  0.31 0.22
  143 L   -3 -1  3 -3 -4  2 -2 -4  4 -2  3 -1  5 -3 -4 -2 -3 -4 -3 -3    0   2  16   0   0  12   1   0  12   0  30   4  21   0   0   1   0   0   0   0  0.69 0.33
  144 G   -3 -3  2 -1 -5 -4 -3  7  0 -7 -6  0 -5 -6 -5 -2 -4 -6 -5 -6    0   1  11   2   0   0   1  76   2   0   0   5   0   0   0   1   0   0   0   0  1.57 0.47
  145 V   -3 -6 -6 -6 -4 -5 -6 -6 -6  4 -1 -5 -2 -2 -5 -5 -3 -6 -4  7    0   0   0   0   0   0   0   0   0  23   3   0   0   1   0   0   0   0   0  74  1.56 0.49
  146 M   -2 -5 -5 -6  3 -4 -5 -6 -5  3 -1 -5  8 -2 -5 -3 -3 -5 -4  4    2   0   0   0   6   0   0   0   0  16   1   0  43   1   0   1   0   0   0  29  1.30 0.46
  147 H   -6 -4 -3 -5 -7 -4 -4 -6 11 -7 -6 -5 -6 -5 -6 -5 -6 -7 -2 -7    0   0   0   0   0   0   0   0  99   0   1   0   0   0   0   0   0   0   0   0  3.71 0.88
  148 R   -5  9 -4 -5 -7 -3 -4 -6 -4 -7 -5 -1 -5 -7 -6 -4 -5 -6 -5 -6    0  99   0   0   0   0   0   0   0   0   1   0   0   0   0   0   0   0   0   0  2.67 0.73
  149 D   -5 -5 -2  8 -7 -4 -2 -5 -5 -7 -7 -4 -7 -7 -5 -4 -5 -8 -7 -7    0   0   0 100   0   0   0   0   0   0   0   0   0   0   0   0   0   0   0   0  2.75 0.72
  150 L   -4 -5 -7 -7 -4 -5 -6 -7 -6  1  6 -6  2 -3 -6 -6 -4 -5 -4 -2    0   0   0   0   0   0   0   0   0   5  92   0   3   0   0   0   0   0   0   0  1.70 0.53
  151 K   -4 -1 -2 -4 -7 -2 -3 -5 -4 -6 -6  8 -5 -7 -5 -4 -4 -7 -5 -6    0   0   1   0   0   0   0   0   0   0   0  98   0   0   0   0   0   0   0   0  2.35 0.71
  152 P   -5 -6 -6 -5 -7 -5 -5 -6 -6 -7 -6 -5 -6 -7  9 -5 -5 -8 -7 -6    0   0   0   0   0   0   0   0   0   0   1   0   0   0  99   0   0   0   0   0  3.25 0.80
  153 E   -5 -4 -4 -2 -8 -2  8 -6 -4 -7 -7 -3 -6 -7 -5 -4 -5 -7 -6 -6    0   0   0   0   0   0 100   0   0   0   0   0   0   0   0   0   0   0   0   0  2.48 0.74
  154 N   -5 -4  9 -2 -6 -4 -4 -4 -3 -7 -7 -4 -6 -7 -6 -3 -2 -8 -6 -7    0   0  98   0   0   0   0   0   0   0   0   0   0   0   0   0   2   0   0   0  2.74 0.76
  155 F   -5 -6 -6 -7 -3 -6 -6 -6 -5  0  0 -6 -1  9 -7 -3 -5 -3  0 -4    0   0   0   0   0   0   0   0   0   5   6   0   1  86   0   2   0   0   0   0  2.31 0.63
  156 L   -5 -5 -7 -7  0 -5 -6 -7 -6 -1  6 -6  0 -2 -6 -6 -4 -5 -4 -1    0   0   0   0   2   0   0   0   0   0  95   0   1   0   0   0   0   0   0   2  1.74 0.55
  157 F   -4 -5 -6 -6 -5 -5 -6 -6 -4 -2  4 -5  0  7 -6 -3 -4 -2  3 -2    0   0   0   0   0   0   0   0   0   0  39   0   2  47   0   2   0   0  10   1  1.37 0.45
  158 D    1 -1 -2  0 -3 -1  1 -2 -3 -1  1  1 -1 -3 -3  1  1 -3 -2  1   17   2   0   5   0   2   8   1   0   1  20   8   0   0   0  12  11   0   1  12  0.15 0.14
  159 S   -2 -3  4  3 -4 -2 -1 -1 -2 -3 -5 -2 -4 -5 -4  5  2 -5 -2 -4    0   0  21  15   0   1   1   3   1   2   0   1   0   0   0  43  12   0   1   0  0.80 0.37
  160 P   -1  2  1 -1 -5  1  0 -3 -1 -5 -5  6 -2 -4 -1  0  0 -5 -4 -4    3   9   6   2   0   4   4   1   1   0   0  55   1   0   3   5   5   0   0   1  0.81 0.34
  161 S    0 -1  1  4 -4  0  2  0  0 -4 -4  2 -1 -5 -3  1  0 -5 -4 -4    9   2   4  29   0   3  14   5   2   0   0  14   2   0   0  12   5   0   0   0  0.48 0.23
  162 D   -2 -2 -1  4 -6  0  6 -3 -3 -5 -5  0 -5 -6  2 -2 -2 -6 -3 -5    2   2   1  19   0   1  55   1   0   0   1   5   0   0  10   1   2   0   1   0  1.07 0.40
  163 D   -2 -2  4  6 -5 -2  1 -1  1 -2 -5 -1 -4 -4 -4  0 -1 -6 -4 -5    2   1  22  46   0   0   6   4   3   3   1   3   0   1   0   4   3   0   0   0  0.91 0.35
  164 A    4 -4 -3 -3  0 -2 -3 -2 -4 -4 -2 -3 -3 -1 -2  4 -1 -5 -4 -3   45   0   0   1   2   1   0   2   0   0   3   0   0   3   1  40   2   0   0   0  0.88 0.40
  165 K    0 -1 -1 -1 -2  1 -2 -3 -2 -3  0  0  1 -4  6  0  0 -2 -4 -2    9   4   3   3   1   6   2   0   0   1   9   5   5   0  38   7   5   1   0   2  0.64 0.26
  166 L   -4 -5 -6 -6 -4 -5 -5 -6 -5  3  5 -5  2 -2 -5 -3 -4 -4 -4  0    0   0   0   0   0   0   0   0   0  19  70   0   5   0   0   2   0   0   0   4  1.22 0.42
  167 K   -4  1 -4 -4 -1 -1 -3 -5 -4 -6 -6  8 -3 -7 -4 -4 -3 -6 -5 -6    0   4   0   0   1   1   0   0   0   0   0  92   1   0   0   0   1   0   0   0  2.10 0.65
  168 A    5 -4 -4 -4 -2 -3 -4 -3 -4  2  0 -3 -1 -4 -2 -1  1 -5 -4  2   54   0   0   0   0   0   0   1   0  12   6   0   1   0   2   1   7   0   0  15  0.72 0.34
  169 T   -3 -5 -5 -5  0 -5 -5 -6 -6  7 -2 -5 -2 -3 -5 -2  4 -5 -4  1    1   0   0   0   2   0   0   0   0  61   0   0   0   0   0   3  29   0   0   4  1.32 0.48
  170 D   -5 -5 -2  8 -7 -4 -2 -5 -5 -7 -7 -4 -7 -7 -5 -4 -2 -8 -7 -6    0   0   0  97   0   0   0   0   0   0   0   0   0   0   0   0   2   0   0   0  2.63 0.71
  171 F   -6 -7 -7 -7 -6 -7 -7 -7 -5 -4 -3 -7 -4  9 -7 -3 -6  1  0 -5    0   0   0   0   0   0   0   0   0   0   0   0   0  96   0   2   0   2   0   0  2.86 0.74
  172 G   -2 -4 -4 -5 -6 -5 -6  7 -5 -7 -7 -5 -6 -7 -6 -4 -5 -6 -7 -7    2   1   0   0   0   0   0  97   0   0   0   0   0   0   0   0   0   0   0   0  2.39 0.64
  173 L   -4 -5 -6 -6  1 -5 -5 -6 -5 -1  6 -5 -1  0 -6 -2  1 -4 -4 -2    0   0   0   0   3   0   0   0   0   0  83   0   0   3   0   3   8   0   0   0  1.34 0.47
  174 S    0 -4 -3 -4 -4 -4 -4 -3 -4 -6 -6 -4 -5 -6 -2  7 -2 -6 -5 -5    5   0   0   0   0   0   0   1   0   0   0   0   0   0   2  93   0   0   0   0  1.88 0.66
  175 V   -1 -1 -2  2  1 -1 -2 -4 -4  1 -1 -1  1 -3 -4 -1  0 -5 -3  4    4   4   1  15   3   3   1   0   0   6   1   2   3   0   0   3   7   0   0  44  0.44 0.26
  176 F   -4 -2 -3 -3 -3 -5 -4 -6  0 -1 -1 -1 -1  8 -6 -3 -4 -2  3 -1    1   2   1   1   1   0   1   0   2   2   3   4   1  68   0   2   0   0   7   3  1.48 0.47
  177 Y   -3 -4 -5 -4  1 -5 -5 -6 -3  3 -2 -5 -2  7 -6 -3 -4  0  5  0    2   0   0   1   3   0   0   0   0  16   1   0   0  50   0   2   0   1  17   6  1.25 0.42
  178 K   -3  3 -1  1 -5  0  2 -2  0 -5 -4  5 -2 -5 -3 -1 -2 -5 -4 -4    0  14   2   8   0   3  14   3   3   0   1  46   1   0   0   2   2   0   0   1  0.80 0.35
  179 P   -2 -3 -2  0 -6  2  3 -4 -1 -5 -5 -1 -5 -6  7 -3 -2 -6 -5 -3    2   0   2   4   0   8  17   0   1   0   1   3   0   0  57   1   2   0   0   2  1.47 0.48
  180 G   -3 -4  1  2 -5 -1 -3  6 -4 -6 -5 -3 -5 -6 -5 -2 -2 -6 -6 -6    0   0   6  14   0   2   1  69   0   0   1   1   0   0   0   2   2   0   0   0  1.37 0.46
  181 Q   -3 -1 -1  1 -5  4  5 -3  0 -5 -5  2 -4 -5 -3 -2  0 -5 -3 -2    1   2   2   7   0  23  36   1   2   0   0  14   0   0   0   1   6   0   0   3  0.76 0.34
  182 Y   -2  4 -1 -3 -2  0 -2 -4  2  1 -2  2  0 -2 -2 -2  0 -4 -1  2    2  23   2   0   0   3   1   0   7   8   2  15   2   2   1   1   7   0   2  22  0.34 0.22
  183 L   -4 -4 -5 -5 -2 -4 -5 -5 -2 -2  2 -5  5  7 -4 -4 -3 -2  3 -2    0   0   0   0   1   0   0   0   1   0  20   0  17  47   1   0   1   0   8   1  1.24 0.42
  184 Y   -2  2  3  0 -2  1 -1 -2  2 -4 -4  2 -2 -4 -3  1  3 -4 -2 -3    2  11  17   3   1   5   2   1   5   0   1  17   1   0   0  13  21   0   1   1  0.43 0.23
  185 D   -3 -2 -1  6 -5  1  3 -4 -2 -5 -5 -2 -4 -5 -4 -1  2 -5 -4 -4    0   2   0  52   0   6  18   0   1   0   0   1   0   0   0   4  12   0   0   0  1.11 0.40
  186 V   -3  0 -4 -4 -2 -2 -3 -5 -4  5  0  2 -1 -1 -2 -3 -1 -4 -3  3    0   6   0   0   0   1   0   0   0  38   7  14   1   2   1   0   3   0   0  25  0.61 0.28
  187 V    1 -5 -5 -5 -3 -4 -5 -5 -5  0  0 -4 -2  0 -4 -4 -3 -5 -2  6   12   0   0   0   0   0   0   0   0   2   6   0   0   4   0   0   0   0   1  73  1.20 0.44
  188 G   -3 -5 -3 -4 -5 -5 -5  7 -5 -6 -6 -4 -5 -6 -5 -3 -4 -5 -6 -6    0   0   0   0   0   0   0  95   0   0   0   0   0   0   0   0   0   0   0   0  2.28 0.62
  189 S    0 -4 -2 -4 -4 -3 -3 -4 -4 -5 -5 -3 -4 -6 -4  6  4 -6 -5 -4    5   0   1   0   0   0   0   0   0   0   0   0   0   0   0  72  23   0   0   0  1.49 0.58
  190 P    4 -5 -5 -4 -3 -4 -4 -3 -5 -4 -5 -2 -5 -6  7 -3 -3 -6 -6 -4   37   0   0   1   0   0   0   1   0   1   0   2   0   0  57   0   0   0   0   0  1.80 0.58
  191 Y   -6 -6 -6 -5 -2 -5 -6 -7 -2  0 -5 -6 -5  2 -7 -6 -5 -2 10 -5    0   0   0   1   1   0   0   0   0   5   0   0   0   6   0   0   0   0  87   0  2.75 0.78
  192 Y   -6 -6 -6 -7 -7 -5 -6 -7  3 -5 -5 -6 -5 -1 -7 -6 -6 -2 10 -5    0   0   0   0   0   0   0   0   5   0   0   0   0   0   0   0   0   0  95   0  3.18 0.86
  193 V   -1 -5 -6 -6 -4 -5 -5 -6 -6  4 -1 -5  4 -3 -4 -4 -3 -5 -4  6    5   0   0   0   0   0   0   0   0  26   0   0  13   0   1   0   0   0   0  56  1.25 0.46
  194 A    7  0 -5 -5 -4 -4 -4 -3 -5 -5 -4 -4 -4 -6 -4  0 -3 -6 -5 -4   88   5   0   0   0   0   0   0   0   0   1   0   0   0   0   6   0   0   0   0  1.64 0.60
  195 P   -5 -6 -6 -5 -7 -5 -5 -6 -6 -6 -6 -5  2 -7  9 -5 -5 -8 -7 -6    0   0   0   0   0   0   0   0   0   0   0   0   6   0  94   0   0   0   0   0  3.06 0.81
  196 E   -4 -2 -4 -1 -7  1  7 -6  2 -7 -6 -3 -5 -7 -5 -4 -4 -6 -5 -6    0   1   0   1   0   5  88   0   5   0   0   0   0   0   0   0   0   0   0   0  2.08 0.68
  197 V   -1 -6 -6 -7 -4 -6 -6 -6 -6  1 -2 -6 -3 -4 -4 -5 -3 -6 -5  7    5   0   0   0   0   0   0   0   0   3   0   0   0   0   1   0   0   0   0  91  1.88 0.62
  198 L   -5 -5 -7 -7 -4 -5 -6 -7 -6 -1  6 -6  0  2 -6 -5 -4 -5 -4 -2    0   0   0   0   0   0   0   0   0   0  92   0   1   7   0   0   0   0   0   0  1.71 0.56
  199 K   -2  4  0  0 -1  1  0 -3  4 -4 -2  4 -2  0 -4 -2 -2 -4 -2 -4    2  21   3   4   1   6   6   2  14   0   4  28   1   5   0   1   2   0   1   0  0.52 0.26
  200 K   -4  6 -3 -4 -6 -1 -2  2 -3 -6 -5  4 -4  0 -5 -3 -4 -5 -2 -5    0  48   0   0   0   2   1  17   0   0   0  25   0   5   0   1   0   0   1   0  1.14 0.44
  201 C   -2  2  3 -1  0  0  0 -3  3 -4 -4  3 -3  0 -3  3 -1 -4 -2 -4    1  12  16   3   2   2   3   0   7   0   1  19   0   5   0  26   1   0   0   0  0.47 0.27
  202 Y   -6 -6 -6 -7 -5 -5 -6 -7 -1 -5 -5 -6 -5  2 -7 -2 -5 -2 10 -5    0   0   0   0   0   0   0   0   1   0   0   0   0   5   0   3   0   0  91   0  2.91 0.81
  203 G   -2 -4  0  3 -5 -4 -3  6 -4 -6 -6 -4 -5  0 -5  1 -2 -5 -4 -5    0   0   4  18   0   0   1  59   0   0   0   0   0   5   0  10   3   0   0   0  1.16 0.42
  204 P   -2 -2 -2 -3 -3  0  2 -4 -1 -3 -3  3 -1 -3  6 -2  0 -5 -2 -3    3   1   2   0   0   5  14   0   1   1   2  17   1   1  41   1   7   0   1   1  0.90 0.35
  205 E   -3 -1 -3 -1 -6 -1  6 -3 -3 -6 -3  2 -5 -6 -3  1 -3 -6 -5 -5    1   3   0   1   0   1  66   2   0   0   2  13   0   0   1  11   0   0   0   0  1.27 0.50
  206 I    4 -4 -4 -4  7 -4 -4 -3 -4  2 -3 -4 -2 -4 -4  0 -2 -5 -4  1   41   0   0   0  26   0   0   1   0  12   0   0   0   0   0   6   0   0   0  10  0.97 0.38
  207 D   -4 -5 -2  8 -6 -4 -2 -4 -4 -6 -6 -4 -6 -6 -5 -3 -4 -7 -6 -6    1   0   0  95   0   0   0   0   0   0   0   0   0   0   0   0   0   0   0   0  2.50 0.69
  208 V   -3 -5 -5 -6 -4 -4 -5 -6 -6  5  0 -1  3 -3 -5 -4 -3 -5 -4  5    1   0   0   0   0   0   0   0   0  36   6   5   6   0   0   0   0   0   0  46  1.10 0.41
  209 W   -7  0 -8 -9 -7 -6 -7 -7 -7 -7 -6 -7 -6 -4 -8 -7 -7 13 -2 -7    0   5   0   0   0   0   0   0   0   0   0   0   0   0   0   0   0  95   0   0  4.66 1.06
  210 S   -2 -4  1 -4 -4 -3 -4 -4 -4 -6 -6 -4 -5 -6 -4  7  0 -6 -5 -5    1   0   6   0   0   0   0   0   0   0   0   0   0   0   0  88   5   0   0   0  1.81 0.66
  211 A    5 -4 -4 -5  5 -4 -4 -3 -5  3 -1 -4 -1 -4 -4 -1 -2 -5 -4  0   55   0   0   0  13   0   0   0   0  17   5   0   1   0   0   3   1   0   0   4  0.92 0.40
  212 G   -3 -6 -4 -5 -6 -5 -5  7 -5 -7 -7 -5 -6 -7 -6 -1 -5 -6 -7 -7    0   0   0   0   0   0   0  95   0   0   0   0   0   0   0   5   0   0   0   0  2.32 0.66
  213 V   -4 -6 -6 -7 -2 -6 -6 -7 -7  3 -2 -6 -2 -4 -6 -5 -3 -6 -5  7    0   0   0   0   1   0   0   0   0  11   0   0   0   0   0   0   0   0   0  89  1.92 0.62
  214 I   -4 -6 -6 -6 -2 -5 -6 -7 -6  8 -1 -1  3 -3 -6 -5 -4 -6 -5  0    0   0   0   0   1   0   0   0   0  85   1   5   6   0   0   0   0   0   0   2  1.87 0.60
  215 L   -1 -4  0 -5 -4 -4 -5 -5 -5  1  5 -4  3 -2 -5 -3  1 -4 -3  0    6   0   5   0   0   0   0   0   0   6  63   0   7   1   0   1   8   0   0   4  0.83 0.35
  216 Y   -6 -6 -6 -7 -6 -5 -6 -7  0 -5 -5 -6 -5  3 -7 -6 -6 -2 10 -5    0   0   0   0   0   0   0   0   1   0   0   0   0   7   0   0   0   0  92   0  3.04 0.83
  217 I   -5 -6 -7 -7 -5 -6 -7 -7 -7  8 -2 -6 -2  1 -6 -6 -2 -6 -4  1    0   0   0   0   0   0   0   0   0  89   0   0   0   5   0   0   1   0   0   5  2.01 0.62
  218 L   -4 -5 -6 -6 -4 -5 -5 -6 -5 -1  6 -5  0 -1 -5 -5 -4 -4 -4 -2    0   0   0   0   0   0   0   0   0   1  93   0   1   1   0   0   0   0   0   0  1.66 0.53
  219 L   -4 -5 -6 -6 -4 -5 -5 -6 -5 -1  6 -5 -1 -2 -5 -5 -4 -4 -4 -1    0   0   0   0   0   0   0   0   0   1  93   0   0   0   0   0   0   0   0   1  1.67 0.53
  220 S   -2 -5 -4 -5 10 -4 -4 -4 -5 -4 -5 -4 -4 -5 -5  4 -2 -5 -5 -4    2   0   0   0  55   0   0   0   0   0   0   0   0   0   0  38   1   0   0   0  2.09 0.61
  221 G   -3 -6 -4 -5 -6 -5 -6  8 -6 -8 -7 -5 -6 -7 -6 -4 -5 -6 -7 -7    0   0   0   0   0   0   0 100   0   0   0   0   0   0   0   0   0   0   0   0  2.55 0.70
  222 V   -2 -1 -4 -4 -2 -4 -4 -3 -4  0 -1 -1 -1 -1 -4  1 -1  0  3  5    1   4   0   0   1   0   0   1   0   1   4   3   1   2   0  12   2   1  13  53  0.66 0.35
  223 P   -4  3 -5 -5 -6 -4 -4 -6 -5 -6 -5 -3 -6 -7  8 -4 -3 -7 -6 -4    1  15   0   0   0   0   0   0   0   0   1   1   0   0  80   1   1   0   0   1  2.44 0.69
  224 P   -4 -5 -5 -5 -6 -5 -4 -5 -5 -6 -4 -4 -5 -6  9 -4 -4 -6 -6 -5    0   1   0   0   0   0   0   0   0   0   2   0   0   0  94   0   0   0   0   0  2.95 0.75
  225 F   -5 -6 -3 -6 -5 -6 -6 -6 -4 -3 -3 -6 -3  9 -6 -5 -5 -2  0 -4    0   0   1   0   0   0   0   0   0   0   0   0   0  94   0   0   0   0   0   0  2.71 0.70
  226 W   -3 -5  1 -2 -5 -4 -5 -3  2 -4 -4 -5 -4  0 -3 -4 -2 11  3 -3    2   0   6   3   0   1   0   2   4   1   1   0   0   3   1   1   2  61   8   2  2.41 0.63
  227 A    5 -4 -3  0 -3 -3 -3  4 -4 -4 -3 -3 -4 -5 -3 -1 -2 -5 -4 -3   51   0   0   6   0   0   1  34   0   0   2   1   0   0   1   1   1   0   0   0  0.96 0.38
  228 E   -2  3 -1  3 -6  0  6 -3 -3 -6 -5  1 -4 -6 -3 -2 -3 -6 -5 -5    2  14   2  16   0   3  52   2   0   0   0   8   0   0   1   1   0   0   0   0  1.02 0.40
  229 T   -3 -4  3  0 -1 -3 -3 -4 -4 -3 -4 -3 -4 -5 -2  3  6 -5 -5 -3    0   0  12   6   1   0   0   0   0   0   0   1   0   0   1  18  58   0   0   1  1.13 0.47
  230 E   -4 -3  0  4 -6  1  6 -5 -1 -6 -6 -2 -5 -6 -3 -2 -2 -6 -5 -5    0   0   3  25   0   6  61   0   1   0   0   0   0   0   0   1   1   0   0   0  1.44 0.51
  231 S    0  0  0  1 -1  4  1 -2  3 -4 -4  2 -2 -4 -1  2 -2 -4 -2 -3    8   3   3   6   1  27   9   2   7   1   0  11   0   0   3  16   1   0   1   1  0.45 0.25
  232 G   -2 -2 -3 -1 -5  0  3  6 -4 -3 -5  0 -3 -5 -4 -2 -3 -5 -5 -5    2   2   0   3   0   4  21  58   0   2   1   5   1   0   0   1   0   0   0   0  1.05 0.39
  233 I   -4 -6 -6 -6 -4 -6 -6 -6 -6  8 -1 -5  0 -3 -6 -5 -3 -6 -4  3    0   0   0   0   0   0   0   0   0  81   1   0   1   0   0   0   0   0   0  14  1.82 0.56
  234 F    1 -5 -5 -3 -4 -4 -5 -5 -4  0  2 -5  1  7 -5 -4 -3 -2  0 -2   11   0   0   2   0   1   0   0   0   3  17   0   3  59   0   0   1   0   1   2  1.27 0.44
  235 R   -1  3  2  3 -5  2  3 -3 -1 -4 -3  2 -2 -5 -3 -1 -1 -5 -4 -4    5  18  11  19   0   9  17   0   1   0   1  10   1   0   0   2   3   0   0   1  0.53 0.24
  236 Q    4  0  0 -3 -3  2  2 -3 -2 -4 -4  2  1 -4 -3  2 -1 -5 -4 -3   41   3   3   0   0   9  12   0   0   0   0  12   4   0   0  13   1   0   0   0  0.54 0.30
  237 I   -3 -5 -6 -6 -4 -5 -5 -6 -6  5 -2 -5 -2 -3 -5 -5 -3 -5 -4  6    0   0   0   0   0   0   0   0   0  38   0   0   0   0   0   0   0   0   0  60  1.55 0.51
  238 L   -3  1 -4 -4 -4 -1 -2 -5 -4  1  5  2  1 -2 -4 -3 -2 -2 -3 -1    1   7   0   0   0   3   2   0   0   7  58  14   2   0   0   1   1   0   0   3  0.66 0.31
  239 Q   -2  5 -1 -2 -5  1  0 -2  2 -2 -2  4 -2 -4 -3  0 -2 -5 -3 -3    3  32   3   1   0   5   5   2   5   2   3  30   1   0   0   7   1   0   0   1  0.63 0.29
  240 G    2 -2 -1 -3 -1 -4 -4  6 -4 -6 -5 -2 -5 -5 -4  0 -3 -5 -3 -5   14   2   2   1   1   0   0  69   0   0   1   2   0   0   0   5   1   0   1   0  1.32 0.44
  241 K   -2  0  0  3 -4  2  2 -3  3 -2 -2  3 -3 -2 -2 -1 -1 -4 -2  0    1   4   4  16   0  10  13   1   8   2   2  21   0   1   1   2   3   0   1  10  0.33 0.20
  242 I   -3 -4 -5 -5 -4 -4 -4 -4 -3  4  2 -4 -1  2  3 -4 -3 -3  4  1    1   0   0   0   0   0   0   1   0  26  25   0   0  10  15   0   0   0  16   7  0.69 0.30
  243 D   -3 -4  2  7 -3 -2 -1 -2 -1 -4 -4 -1 -5 -5 -4  2  1 -6 -5 -4    0   0   7  59   1   1   1   2   1   0   1   3   0   0   0  14   8   0   0   1  1.17 0.43
  244 F   -5 -6 -6 -7 -5 -6 -6 -6 -5 -2  1 -6 -1  9 -6 -5 -4 -2  1 -2    0   0   0   0   0   0   0   0   0   1  12   0   1  81   0   0   1   0   1   1  2.15 0.61
  245 K   -1  0  1  4 -4  1  3 -2 -2 -3 -4  1 -3 -3 -1  1  0 -5 -3 -2    4   3   7  23   0   5  22   1   0   1   1   9   0   1   2  14   4   0   1   3  0.43 0.21
  246 S   -1  2 -2  1 -4 -1  1  0 -1 -1 -3 -1 -2 -4 -2  4  1 -5 -4 -3    3  13   0   7   0   0  10   6   2   5   1   2   1   0   1  41   6   0   0   1  0.43 0.27
  247 D    0 -2  0  5 -5  1  3 -3 -2 -4 -3  0 -4 -5  3  0 -2 -1 -4 -3    7   1   2  31   0   5  20   1   0   1   2   6   0   0  17   5   1   1   0   1  0.65 0.28
  248 P   -3 -3 -4  0 -3 -1  2 -5 -3 -3 -5 -3 -5 -6  8 -3 -4 -6 -3 -5    1   1   0   4   1   3  15   0   0   2   1   0   0   0  69   1   0   0   1   0  1.89 0.56
  249 W   -6 -7 -7 -8 -6 -6 -7 -6 -6 -6 -4 -7 -5  1 -7 -7 -6 13 -2 -6    0   0   0   0   0   0   0   0   0   0   2   0   0   5   0   0   0  91   0   0  4.37 0.98
  250 P   -2 -1 -2 -2 -5 -3 -1 -3 -2 -5 -4  1 -5 -5  8 -1 -3 -6 -5 -4    2   3   2   1   0   1   4   1   1   0   1  11   0   0  67   4   1   0   0   1  1.72 0.52
  251 T    0  2  1 -1 -3  0 -1 -1  1 -3 -2  2 -2 -2 -2  3  1 -1 -1 -2    4  14   7   2   0   3   1   4   3   0   4  15   0   1   0  28   8   1   2   2  0.28 0.19
  252 I   -3 -4 -6 -3 -3 -5 -5 -6 -3  6  0 -5  0 -3 -5 -5 -3 -5 -4  4    0   1   0   2   0   0   0   0   1  55   6   0   1   0   0   0   0   0   0  33  1.28 0.44
  253 S   -2 -4 -1 -2 -4 -3 -3 -3 -4 -6 -6 -4 -5 -6 -4  7  0 -6 -5 -5    1   0   2   1   0   0   0   0   0   0   0   0   0   0   0  91   4   0   0   0  1.85 0.67
  254 E    0 -1  1  4 -4  0  3 -3 -1 -4 -3 -1 -3 -2  2  1 -2 -5 -3 -3   10   2   7  22   0   4  24   1   1   0   2   3   0   2  11   8   1   0   0   1  0.47 0.23
  255 G    0 -2  1  2 -3 -1  3  2  0 -4 -4 -1 -4 -5 -2  3  0 -5 -4 -3    5   1   5  11   0   1  19  16   2   0   1   3   0   0   1  30   3   0   0   1  0.46 0.25
  256 A    7 -5 -5 -5 -2 -4 -4 -2 -5 -5 -5 -4 -4 -6 -4 -2 -3 -6 -5 -3   96   0   0   0   1   0   0   2   0   0   0   0   0   0   0   1   0   0   0   1  1.92 0.66
  257 K   -4  0 -3 -4 -6 -2 -3 -5 -4 -2 -4  8 -2 -6 -5 -4 -4 -6 -5 -5    0   2   0   0   0   0   0   0   0   3   2  91   1   0   0   0   0   0   0   0  2.01 0.66
  258 D   -5 -4  0  8 -7 -3  0 -5  1 -6 -6 -4 -6 -7 -5 -1 -4 -7 -6 -6    0   0   3  83   0   0   5   0   4   0   1   0   0   0   0   3   0   0   0   0  2.04 0.62
  259 L   -4 -5 -6 -7  1 -5 -6 -7 -5 -1  6 -6  0  4 -6 -5 -4 -4 -3 -2    0   0   0   0   3   0   0   0   0   0  78   0   1  17   0   0   0   0   0   1  1.44 0.50
  260 I   -3 -6 -6 -6 -4 -5 -6 -6 -6  5 -1 -5 -1 -3 -6 -5 -3 -6 -1  6    0   0   0   0   0   0   0   0   0  35   3   0   0   0   0   0   0   0   2  60  1.48 0.50
  261 Y   -2  6 -2 -4 -1  0 -2 -3 -3 -5 -3  4 -2 -5 -4  0 -2 -5 -4 -4    2  51   1   0   1   4   0   2   0   0   2  28   1   0   0   6   2   0   0   0  1.14 0.43
  262 K   -3  5  0 -4 -5  1 -2 -2  0 -5 -3  6 -4 -6 -4 -2 -3 -6 -4 -5    0  29   4   0   0   4   1   3   2   0   2  54   0   0   0   1   0   0   0   0  1.22 0.46
  263 M   -5 -5 -6 -7  0 -4 -6 -7 -6 -1  3 -5 10 -3 -6 -5 -4 -5 -5 -2    0   0   0   0   2   0   0   0   0   1  27   0  69   0   0   0   0   0   0   0  2.25 0.70
  264 L   -4 -5 -6 -7 -4 -5 -6 -7 -6  1  6 -5 -1 -1 -6 -5 -4 -5 -4 -2    0   0   0   0   0   0   0   0   0   5  92   0   0   2   0   0   0   0   0   1  1.68 0.55
  265 D   -2 -1  4  2  3  0  1 -3  0 -2 -3 -1 -1 -4 -3 -1  3 -5 -3  1    2   2  24  11   7   4   9   0   2   2   2   2   1   0   0   1  21   0   0  11  0.41 0.25
  266 R   -2  3 -1 -3 -2  1 -2 -4 -1 -2 -3  3  0 -1  3  1 -1 -3  2 -2    2  18   3   0   1   5   0   0   1   2   1  25   3   3  15  10   2   0   8   2  0.45 0.24
  267 S   -3 -2  4  7  0 -2 -1 -4 -2 -4 -5 -2 -5 -5 -3 -1 -3 -6 -4 -3    1   2  17  65   2   1   2   0   1   1   1   1   0   0   1   3   0   0   0   2  1.44 0.47
  268 P   -3 -4 -5 -5 -6 -2 -4 -5 -2 -4 -5 -4 -3 -2  8 -3 -4 -6  1 -2    2   1   0   0   0   2   0   0   1   1   0   0   0   2  80   1   1   0   6   3  2.28 0.65
  269 K    0  4 -1  0 -3  0  0 -3 -2 -4 -4  5 -3 -3 -3  1 -1 -4 -1 -4    8  20   2   4   0   3   4   1   0   0   1  39   0   1   0   9   4   0   3   0  0.60 0.29
  270 K   -1  2 -1 -1 -4  2  2 -2 -2 -4 -2  5 -1 -5 -3 -1  0 -5 -4 -3    4   8   3   2   0   7  15   2   0   0   3  47   1   0   0   3   4   0   0   1  0.69 0.32
  271 R   -5  8 -4 -5 -7 -2 -4 -6 -4 -6 -6 -1 -5 -6 -5 -4 -5 -6 -5 -6    0  97   0   0   0   0   0   0   0   0   0   0   0   0   0   0   0   0   0   0  2.59 0.73
  272 I   -2 -4 -5 -5 -2 -4 -4 -5 -4  4  4 -4  4  0 -1 -4 -3  0  1 -1    3   0   0   0   1   0   0   0   0  32  38   0  10   3   3   0   0   1   6   1  0.75 0.31
  273 S   -2 -3 -2 -3 -2 -2 -3 -4 -4 -3 -4  0 -4 -5 -4  4  6 -5 -4 -3    1   0   1   1   1   1   0   0   0   1   0   7   0   0   0  28  59   0   0   0  1.25 0.50
  274 A    7 -4 -4 -5 -3 -4 -4 -3 -5 -2 -4 -4 -4 -5 -2  0 -3 -5 -5 -1   86   0   0   0   0   0   0   0   0   2   1   0   0   0   2   4   0   0   0   3  1.50 0.54
  275 H    3 -1 -2 -1 -4  2  2 -2  5 -3 -3  0 -3 -2 -3  0 -1 -3  2 -2   26   2   1   2   0  10  15   1  17   1   1   4   0   1   0   6   3   0   8   3  0.43 0.25
  276 E   -3 -2 -3  3 -6  7  4 -3 -2 -6 -5 -2 -4 -6 -4 -3 -3 -5 -5 -5    1   0   0  18   0  47  29   1   0   0   0   1   0   0   0   0   1   0   0   0  1.39 0.51
  277 A    4 -5 -5 -5 -2 -4 -4 -3 -5  0 -2 -4 -2 -4 -4 -2 -2 -5 -4  6   35   0   0   0   1   0   0   1   0   3   1   0   0   0   0   1   1   0   0  56  1.09 0.44
  278 L   -4 -5 -6 -6 -4 -5 -6 -6 -5  0  6 -5  0 -2 -6 -5 -4 -4 -2 -2    0   0   0   0   0   0   0   0   0   2  93   0   1   0   0   0   0   0   1   0  1.68 0.54
  279 C   -2  0  4  1  5  2  2 -1 -2 -4 -4  0 -2 -4 -3  1  0 -4 -4 -4    2   5  21   7  12  12  17   3   0   0   0   3   1   0   0  11   5   0   0   0  0.49 0.24
  280 H   -5 -4 -2 -1 -7 -3 -4 -6 11 -7 -6 -4 -5 -5 -6 -5 -5 -6 -2 -7    0   0   1   4   0   0   0   0  93   0   0   0   0   0   0   0   0   0   0   0  3.37 0.85
  281 P   -3 -2 -5 -3 -6 -2 -2 -5 -1 -5 -5 -2 -5 -6  8 -2 -3 -6 -5 -5    2   2   0   1   0   1   3   0   2   0   0   2   0   0  81   2   1   0   0   0  2.29 0.64
  282 W   -7 -7 -7 -8 -6 -6 -7 -7 -6 -7 -6 -7 -2 -2 -7 -7 -6 13 -2 -7    0   0   0   0   0   0   0   0   0   0   0   0   1   1   0   0   0  96   0   0  4.68 1.04
  283 I   -3 -5 -5 -5 -3 -4 -5 -6 -5  6  3 -5  5  0 -5 -4 -3 -4 -3  2    1   0   0   0   0   0   0   0   0  45  23   0  14   4   0   0   0   0   0  12  1.00 0.36
  284 V   -2  4 -3 -3  3  3 -2 -4 -1 -3 -3  4 -2 -5 -4 -2  0 -5 -4  0    3  24   0   0   8  15   0   0   1   1   1  33   1   0   0   2   5   0   0   7  0.71 0.32
  285 D   -2 -1  3  3 -4  0  4 -2 -1 -3 -3  1 -2 -4 -2 -1  0 -4 -3 -1    2   1  17  14   0   3  33   3   1   1   1   8   1   0   1   2   5   0   0   6  0.50 0.23
  286 E    1 -2  2  4 -3  0  0  1  1 -2 -3  0 -1 -3 -2  0 -1 -4  0 -3   14   1  11  27   0   3   6  12   3   3   2   5   2   1   1   5   1   0   3   0  0.31 0.17
  287 H    0 -1  1 -1 -2 -1 -1  5  1 -2 -4  1 -2 -4 -3  0  0 -4 -3 -3    5   2   7   3   1   2   3  46   3   2   0  10   1   0   1   8   4   0   1   1  0.57 0.24
  288 A    0  0  0  1 -1  0  3 -1 -1 -1 -2  2 -1 -3 -2  0  0 -4 -2  2    5   3   4   9   1   2  23   3   1   3   1  14   1   0   1   4   5   0   1  18  0.21 0.16
  289 A    6 -2  0 -2 -2 -2 -1 -2 -3 -3 -3 -2 -2 -4 -2  0 -1 -4 -4  0   66   1   4   2   0   1   4   1   0   1   1   2   1   0   2   4   3   0   0   7  0.81 0.36
  290 P   -2 -2 -3 -2 -4 -1 -2 -2 -2 -1 -2 -2  0 -3  7  1  0 -4 -3 -1    2   2   0   2   0   3   1   2   1   5   3   2   3   1  49  14   5   0   1   3  0.97 0.33
  291 D   -2 -3  3  6 -5 -2  1 -2 -1 -5 -5  1 -5 -5 -2 -2 -2 -6 -5 -4    3   1  17  55   0   1   7   2   1   0   0   8   0   0   1   1   1   0   0   1  1.12 0.39
  292 K   -1  1 -2 -2 -3  1  0 -3 -1  2 -1  3  0 -3 -3 -2  2 -4 -3  2    4   8   1   1   0   5   4   1   1  12   3  27   2   0   0   1  13   0   0  18  0.30 0.20
  293 P    0 -4 -2 -3 -2 -2 -1 -4 -3 -4 -4 -2 -4 -6  7  1 -2 -6 -5 -3    9   1   1   0   1   2   3   0   0   1   1   2   0   0  64  10   2   0   0   1  1.56 0.49
  294 L   -3 -4 -4 -5 -4 -3 -4 -6 -4  3  5 -5  1  0 -4 -3 -2 -4 -3  0    2   0   1   0   0   1   1   0   0  17  67   0   2   2   1   2   1   0   0   3  0.99 0.38
  295 D   -2 -4  0  7 -3 -2  0  1  0 -4 -2 -3 -2 -5 -2 -2 -2 -5 -5 -3    3   0   3  59   1   1   3  13   2   0   6   1   1   0   2   2   3   0   0   1  1.02 0.38
  296 P   -1 -1  3  0 -1 -1  1 -1 -2  1 -2 -1  0 -3  2  2  0 -4 -3 -1    3   2  15   5   1   1   8   4   0  14   2   3   3   0   9  22   5   0   0   2  0.22 0.17
  297 A    3 -2  0 -2 -2 -2  0 -1 -1  0  1 -1 -1 -2 -3  0  1 -4 -3  1   35   1   4   1   0   0   7   2   2   6  13   3   0   0   0   7   7   0   0  11  0.24 0.18
  298 V    0 -5 -1 -4 -2 -3 -5 -5 -5  3  0 -4 -1 -3 -5 -3 -2 -5 -4  6    7   0   4   1   1   1   0   0   0  13   5   0   1   0   0   1   0   0   0  67  1.07 0.42
  299 L   -3  1 -5 -5 -3 -2 -4 -5 -3  1  4 -2  3  2 -5 -4 -3 -3  2 -1    0  10   0   0   0   1   0   1   0   5  53   3   7  10   0   0   0   0   7   2  0.70 0.31
  300 S    0  0  3 -1 -3  0  0 -1 -1 -2 -3  2 -2 -3 -2  4  1 -4 -3 -2    7   3  13   2   0   3   5   3   1   3   1  12   0   1   1  38   6   0   0   1  0.42 0.25
  301 R   -2  7  3 -4 -5 -1 -3 -4 -1 -5  0  0 -4 -5 -5 -1 -3 -5 -4 -4    2  60  17   0   0   1   0   0   1   0  10   2   0   0   0   4   0   0   0   0  1.22 0.46
  302 L   -4 -5 -5 -6 -4 -4 -5 -6 -5  1  5 -5  7  1 -5 -5 -3 -4 -3  1    0   0   0   0   0   0   0   0   0   6  53   0  28   5   0   0   0   0   0   7  1.20 0.43
  303 K   -3  3 -1 -3 -6  0 -2 -5 -4 -6 -5  7 -3 -6 -4 -3 -3 -6 -5 -5    1  16   2   0   0   3   0   0   0   0   0  75   1   0   0   0   1   0   0   0  1.66 0.56
  304 Q    0  0  3 -2 -5  7  0 -3  0 -4 -5  1 -2 -5 -4 -1 -1 -5 -4 -4   10   4  13   1   0  52   2   2   2   1   0   6   1   0   0   4   2   0   0   1  0.98 0.43
  305 F   -6 -6 -6 -7 -6 -6 -6 -6 -4 -4 -2 -6 -3  9 -7 -5 -5 -2  4 -4    0   0   0   0   0   0   0   0   0   0   3   0   0  84   0   0   0   0  12   0  2.49 0.68
  306 S    0  4  0 -3 -3  0 -2 -2 -1 -1 -1  1  0 -3 -3  3  1 -4 -1 -1    4  23   4   0   0   4   0   1   1   4   4   7   3   0   0  29   7   0   2   5  0.35 0.23
  307 Q    4  1 -1 -2 -1 -1 -2  0  0 -2 -2  0 -1 -4 -3  0 -2 -4 -2  0   50   9   2   2   1   2   2   6   2   1   3   5   2   0   0   6   1   0   1   5  0.45 0.26
  308 M    0 -3 -3 -3 -4  0 -1 -4  1 -2  0 -4  9 -1 -5  1 -1 -4  0 -2    7   1   1   1   0   4   4   1   3   1   5   0  54   1   0  11   2   0   3   1  1.12 0.47
  309 N   -3 -3  7 -2 -2  1 -3 -3  0 -6 -5  0 -5 -6 -4  2  1 -6 -5 -5    1   0  64   1   1   6   1   0   2   0   1   4   0   0   0  13   7   0   0   0  1.39 0.50
  310 K   -3  2 -1 -3 -5  2 -2 -4 -3 -5 -4  6 -2 -5  0  0 -2 -5 -4 -5    1  11   2   0   0   9   1   0   0   0   1  61   1   0   4   6   1   0   0   0  1.12 0.44
  311 I   -4 -5 -6 -6 -4 -5 -5 -6 -5  0  5 -4  3  5 -5 -4 -4 -3 -2 -2    0   0   0   0   0   0   0   0   0   2  63   1   6  25   0   1   0   0   0   1  1.23 0.43
  312 K   -2  2 -3 -4 -6  2 -2 -5 -2 -6 -5  7 -4 -6 -4 -3 -3 -4 -5 -5    2   8   0   0   0   8   1   0   1   0   0  78   0   0   0   1   0   0   0   0  1.65 0.56
  313 K   -3  3 -3 -3 -6  3  0 -5 -3 -6 -6  7 -4 -6 -4 -3 -4 -6 -5 -5    0  11   0   1   0  12   4   0   0   0   0  71   0   0   0   0   0   0   0   0  1.58 0.55
  314 M    3 -1 -3 -4 -3 -2 -1 -3 -3  0  2  0  4  0 -3 -1 -2 -4 -3  1   32   3   0   0   0   0   4   1   0   3  17   8  13   3   0   2   1   0   0  12  0.34 0.24
  315 A    7 -5 -5 -5 -2 -4 -4 -1 -5 -4 -4 -4 -4 -4 -4 -1  0 -6 -5 -1   85   0   0   0   1   0   0   3   0   0   1   0   0   1   0   2   5   0   0   3  1.51 0.56
  316 L   -3 -4 -6 -6 -4 -5 -6 -6 -6  0  6 -4  2 -1 -6 -5 -3 -2 -3  0    1   1   0   0   0   0   0   0   0   4  84   1   3   2   0   0   1   0   1   3  1.40 0.48
  317 R   -2  5 -2 -4 -5  0 -2 -1 -1 -2 -2  4  1 -3 -4 -2  2 -4 -4 -2    2  38   1   0   0   4   0   4   1   2   4  26   4   1   0   0  12   0   0   2  0.72 0.33
  318 V    2 -5 -5 -4  0 -4 -5 -5 -5  1 -1 -5 -2  2 -5 -3 -3 -4  1  6   17   0   0   1   2   0   0   0   0   6   2   0   0   9   0   1   0   0   6  57  0.90 0.39
  319 I   -3 -3 -6 -6 -4 -5 -5 -6 -6  6  2 -5  3 -2 -5 -3 -2 -5 -4  2    2   1   0   0   0   0   0   0   0  59  19   0   7   1   0   2   1   0   0   8  1.17 0.42
  320 A    6 -3 -4 -5 -4 -3 -4 -1 -5 -4 -4 -4 -4 -5 -4  1 -1 -6 -5 -1   79   1   0   0   0   0   0   2   0   0   1   0   0   0   0   9   3   0   0   5  1.35 0.53
  321 E   -1  1  0  0 -3  1  4  1 -1 -5 -4  2 -2 -5 -3  1 -1 -5 -2 -3    3   5   4   4   0   6  32  10   1   0   0  16   1   0   0  13   2   0   2   1  0.47 0.25
  322 R   -1  0  3 -2  3  2 -2 -2  4 -4 -3  0 -3 -2 -2  2  2 -4 -1 -2    5   5  16   0   8  13   0   2  11   0   1   4   0   2   1  15  13   0   2   1  0.38 0.24
  323 L   -4 -5 -6 -7 -4 -5 -6 -7 -6  1  6 -5  3 -2 -6 -4 -3 -5 -4 -1    0   0   0   0   0   0   0   0   0   5  84   0   8   0   0   1   1   0   0   1  1.55 0.53
  324 S   -1 -3  1 -1 -2 -3 -2 -2 -4 -4 -5 -3 -4 -5  3  5  3 -6 -5 -4    3   0   6   2   1   0   2   2   0   0   0   0   0   0  12  53  18   0   0   0  0.93 0.43
  325 E   -1 -2 -2  1 -5  0  6 -2 -1 -2 -3  1 -2 -5 -1 -2 -1 -5 -4  0    5   0   1   8   0   3  53   2   1   1   1   7   1   0   3   2   3   0   0   9  0.73 0.35
  326 E   -2 -3  0  3 -6  1  6 -4 -3 -5 -5  0 -2 -6 -3 -1 -3 -6 -3 -3    3   0   3  17   0   3  59   1   0   0   0   6   1   0   1   3   0   0   1   2  1.12 0.44
  327 E   -4 -2 -2  2 -7  1  7 -6 -3 -4 -6 -3 -5 -7 -5 -4 -4 -6 -6 -6    0   1   1   8   0   5  83   0   0   1   0   0   0   0   0   0   0   0   0   0  1.90 0.64
  328 I   -3 -4 -5 -5 -4 -4 -5 -6 -5  6  2 -1  1 -3 -5 -4 -1 -5 -2  2    1   0   0   0   0   0   0   0   0  55  20   5   2   0   0   0   3   0   1  11  0.99 0.38
  329 G    2  1  0  0 -2  0  1  0 -1 -1 -2  2 -1 -1 -2  0 -1 -3 -1 -1   27   7   4   4   1   3  10   6   1   3   1  13   2   4   1   5   2   0   1   4  0.15 0.13
  330 G   -1 -1 -1  1 -4 -1  1  5  0 -5 -5 -1 -3 -3 -4 -2 -3 -4  3 -3    3   3   3   8   0   2  10  50   3   0   0   4   0   1   0   0   0   0  12   2  0.78 0.33
  331 L   -4 -5 -6 -7 -4 -5 -6 -7 -6  2  6 -5  1 -1 -5 -5 -4 -5 -1 -1    1   0   0   0   0   0   0   0   0   9  83   0   2   1   0   0   0   0   2   1  1.47 0.51
  332 K   -3  4 -2 -4 -6  1 -1 -1  0 -4 -2  6 -2 -5 -4 -3 -1 -5 -4 -4    1  26   0   0   0   4   1   4   2   1   4  52   1   0   0   1   3   0   0   1  1.04 0.43
  333 E    0 -1 -1  1 -4  2  5 -3 -3 -4 -4  2 -3 -5 -3 -1  0 -5 -4 -3    8   1   2   8   0  10  42   1   0   0   0  15   0   0   0   4   6   0   0   1  0.72 0.33
  334 L   -1 -4 -5 -5 -1  4 -4 -4 -4  1  2 -4  8 -3 -5 -4  0 -5 -4 -1    4   0   0   0   1  17   0   1   0   9  16   0  43   0   0   0   5   0   0   2  1.10 0.47
  335 F   -6 -7 -7 -8 -6 -7 -7 -7 -5 -4 -3 -7 -4  9 -8 -4 -6 -3  0 -5    0   0   0   0   0   0   0   0   0   0   0   0   0  98   0   1   0   0   1   0  3.04 0.81
  336 K    0  1  0  0 -4  2  1 -3  1 -2 -3  5  1 -4 -3  0  0 -5 -3 -3    6   5   5   4   0  12   6   0   4   3   2  38   3   0   0   4   7   0   0   1  0.47 0.26
  337 M    2 -2  2 -2 -2  1 -1 -2  0 -2  1  0  4 -3 -3  2  0 -4 -3 -1   20   0  11   1   0   6   4   1   2   1  14   4  16   0   0  14   3   0   0   2  0.28 0.22
  338 I   -4 -5 -6 -6 -4 -4 -6 -6 -5  4  4 -5  8 -1 -6 -5 -4 -5 -4 -1    0   0   0   0   0   0   0   0   0  24  35   0  38   2   0   0   0   0   0   1  1.41 0.50
  339 D   -4 -5 -2  8 -7 -3  1 -2 -5 -7 -7 -4 -7 -7 -5 -4 -5 -8 -7 -7    1   0   0  87   0   0   9   3   0   0   0   0   0   0   0   0   0   0   0   0  2.26 0.69
  340 T   -1 -2 -2 -3 -4 -2 -1 -4 -2 -1 -3  2 -2 -4  3  1  5 -5 -4  0    5   1   1   0   0   0   3   0   1   3   1  15   0   0  13  10  39   0   0   6  0.59 0.32
  341 D   -4 -4  5  7 -6 -3 -1 -2 -3 -6 -6 -2 -6 -6 -5 -1 -3 -7 -6 -6    0   0  30  58   0   1   2   2   0   0   0   2   0   0   0   4   0   0   0   0  1.60 0.53
  342 N   -3  0  6 -2 -5 -1 -2  3 -1 -6 -6  4 -5 -6 -4 -1 -3 -6 -3 -5    1   4  40   0   0   1   0  22   1   0   0  26   0   0   0   3   0   0   1   0  1.02 0.42
  343 S   -3 -1  3  5 -5 -3 -2 -3 -3 -6 -6 -1 -5 -6 -4  5 -1 -6 -5 -5    0   3  14  31   0   0   0   0   0   0   0   3   0   0   0  47   2   0   0   0  1.11 0.47
  344 G   -3 -6 -3 -4 -6 -4 -5  7 -6 -7 -7 -5 -6 -7 -6 -3 -5 -6 -7 -6    1   0   0   0   0   0   0  97   0   0   0   0   0   0   0   1   0   0   0   0  2.41 0.69
  345 T    0  1  0 -2 -2  2 -2 -3  1 -1 -2  1  0 -2 -3  1  4 -4 -1  1    5   9   4   1   1   9   0   0   3   2   3   8   2   2   0   8  33   0   2   9  0.32 0.23
  346 I   -4 -6 -6 -6 -4 -6 -6 -7 -6  7  3 -6 -1 -3 -6 -5 -4 -5 -4  2    0   0   0   0   0   0   0   0   0  62  27   0   0   0   0   0   0   0   0  11  1.45 0.49
  347 T   -3 -4  1 -1 -1 -3 -4 -4 -4 -4 -5 -3 -4 -6 -4  4  6 -6 -5 -4    0   0   6   3   1   0   0   0   0   0   0   0   0   0   0  27  62   0   0   0  1.39 0.56
  348 F   -2  0 -4 -5 -3 -3 -4 -5 -3  2  3 -1  2  4 -5 -3 -3 -2  3  2    1   6   0   0   0   1   0   0   0  11  27   3   5  18   0   1   0   0  13  14  0.52 0.25
  349 E   -2 -3 -1  5 -6  2  6 -3 -2 -5 -5 -1 -5 -6 -3 -2 -3 -6 -5 -5    3   0   2  29   0   9  49   2   1   0   1   1   0   0   0   2   1   0   0   0  1.16 0.45
  350 E   -4 -3  3 -1 -7 -1  7 -5 -3 -7 -6 -2 -5 -7 -5 -3 -3 -6 -5 -6    0   0  12   2   0   1  82   0   0   0   0   1   0   0   0   1   1   0   0   0  1.88 0.65
  351 L   -4 -5 -6 -6 -4 -5 -6 -6 -5  2  5 -5  2  3 -6 -5 -4 -4 -3 -1    0   0   0   0   0   0   0   0   0  11  71   0   4  11   0   0   0   0   0   2  1.25 0.44
  352 K   -2  5 -3 -4 -5  0 -2 -4 -2  0 -2  6 -1 -3 -4 -3 -2 -5 -4 -2    2  29   0   0   0   3   0   0   1   5   3  49   2   1   0   1   1   0   0   3  1.01 0.42
  353 A    1 -1  0  1 -3  2  3 -3  0 -1 -2  1  1 -3 -3  0  1 -4 -3  0   14   1   3   8   0  10  19   0   2   2   2  11   5   0   0   5  11   0   0   6  0.25 0.18
  354 G    3 -5 -4 -4 -2 -5 -4  7 -5 -6 -6 -4 -5 -6 -5 -3 -4 -6 -6 -4   22   0   0   0   1   0   0  75   0   0   0   0   0   0   0   0   0   0   0   1  1.71 0.54
  355 L   -4 -5 -6 -6 -4 -5 -6 -6 -5  0  6 -5  1  0 -6 -5 -4 -4  2 -1    1   0   0   0   0   0   0   0   0   3  82   0   2   2   0   0   0   0   8   2  1.41 0.50
  356 K    1  2  0 -2 -3  1  0 -1  1 -1 -1  2  2 -2 -1  0  0 -3 -2 -2   17  15   3   1   0   7   6   5   5   3   4  14   7   1   2   5   6   0   0   1  0.18 0.14
  357 R   -3  4 -1 -3 -5  1 -1 -2  0 -2 -2  6  0 -5 -4 -1 -2 -5 -4 -4    0  26   2   1   0   4   2   3   2   2   3  48   2   0   0   3   1   0   0   1  0.92 0.39
  358 V   -2 -1  2 -2 -1  1 -2 -4  1  1  2  0  1  1 -3 -1 -2 -2  1  2    2   1  12   1   1  10   1   0   3   9  20   6   3   5   0   3   1   0   6  16  0.17 0.15
  359 G    0 -4 -1  0 -2 -2 -4  6 -4 -5 -4 -3  0 -3 -1  0 -3 -5 -5 -4    7   1   2   5   1   2   0  65   0   0   1   1   2   1   4   7   1   0   0   0  1.10 0.39
  360 S    1 -2  0 -2 -3  0 -2 -1  3 -2 -2 -1 -2 -4 -3  3  3  3 -2 -2   11   1   4   1   0   4   2   3   7   2   3   2   0   0   0  29  25   4   1   2  0.44 0.27
  361 E   -1  0  2  3 -4  2  2 -2  0 -3 -3  3 -3 -4  0 -1  0 -5 -3 -2    5   4  11  15   0  10  12   2   2   1   1  22   0   0   3   3   7   0   0   2  0.38 0.21
  362 L    1 -3 -2 -2 -3 -2 -2 -3 -4  1  4 -3  2 -1 -3 -2 -2 -4 -1  1   15   0   2   2   0   2   3   1   0   9  45   1   5   2   0   2   1   0   1  10  0.42 0.23
  363 M    1 -1 -1 -2 -3  0 -2 -2 -1  0 -2  2  4 -3  2  1  2 -2 -3 -1   14   2   2   2   0   3   1   2   1   5   1  14  17   0   9  12  13   1   0   3  0.27 0.21
  364 E   -2 -3 -2  4 -5  1  6 -3 -3 -4 -4 -1 -3 -5  0 -2 -3 -5 -5 -5    2   0   1  21   0   4  57   2   0   1   1   3   1   0   4   1   1   0   0   0  1.16 0.45
  365 S    2 -2 -1 -1 -2 -2  1 -1 -1 -2 -3 -1 -3 -4  1  4  1 -4 -2 -2   18   1   2   2   1   0  11   3   2   2   1   2   0   0   6  35  10   0   1   2  0.41 0.26
  366 E   -4  3 -2  3 -7  0  6 -3 -2 -6 -6 -1 -3 -6 -4 -3 -4 -6 -5 -6    0  15   1  16   0   2  62   1   0   0   0   1   1   0   0   0   0   0   0   0  1.39 0.53
  367 I   -1 -5 -5 -6 -4 -5 -5 -6 -6  5  1 -5  1 -2 -5 -4 -2 -5 -4  5    3   0   0   0   0   0   0   0   0  33  13   0   3   1   0   0   2   0   0  45  1.06 0.40
  368 K   -1  2  0  1 -3  3  2 -3  1 -2 -1  2  0 -1  0 -1 -1 -3  0 -2    4  11   2   7   0  16  12   1   4   1   8  12   2   2   5   3   2   0   4   2  0.21 0.15
  369 S    0  1 -1  4 -5  4  2 -2 -2 -1 -2  1  2 -3 -3 -1 -2 -3 -3 -3    7   6   2  23   0  25  11   1   0   4   3   6   7   1   0   3   1   0   0   0  0.49 0.28
  370 L   -4 -5 -6 -6 -4 -5 -5 -5 -5  4  5 -5  1  1 -5 -4 -4 -4 -1  1    0   0   0   0   0   0   0   1   0  26  57   0   3   5   0   1   0   0   2   5  1.07 0.40
  371 M   -4 -5 -6 -7 -5 -4 -6 -6 -5  2  3 -5  9 -1 -6 -5 -4 -5 -4  0    0   0   0   0   0   0   0   0   0   9  25   0  57   2   0   0   0   0   0   6  1.75 0.60
  372 D    0  0  2  3 -5  3  4 -3  0 -4 -4  1 -2 -5 -3 -1 -2 -5 -4 -4    8   3  10  13   0  14  33   1   2   0   1   8   1   0   1   4   2   0   0   0  0.62 0.30
  373 A    5 -3 -2 -1 -3  1 -1 -2 -4 -3 -2 -2  0 -5 -3  2 -1 -5 -4 -1   59   1   1   4   0   6   4   1   0   0   2   1   2   0   0  12   3   0   0   4  0.75 0.38
  374 A    5 -4 -4 -3 -3 -4 -4 -1 -5  2  0 -4  3 -4 -4 -2 -2 -5 -4  2   48   0   0   1   0   0   0   4   0  14   9   0   7   0   0   1   1   0   0  16  0.69 0.36
  375 D   -3 -5  1  8 -3 -4  0 -4 -4 -7 -7 -4 -6 -7 -5 -2 -4 -8 -7 -7    2   0   5  84   1   0   5   1   0   0   0   0   0   0   0   3   0   0   0   0  2.14 0.67
  376 I    1 -3 -2 -3 -2 -2 -3 -2 -3  2  0 -2  0  0  0  1  1 -4 -2  3   15   0   2   0   0   1   0   2   0  11   5   2   2   4   4  11  11   0   1  29  0.26 0.19
  377 D   -4 -5  3  7 -6 -4 -2 -4 -2 -3  0 -4 -5 -5 -5 -3 -4 -7 -6 -5    0   0  13  70   0   0   0   1   1   2  12   0   0   0   0   1   0   0   0   0  1.59 0.56
  378 N    0 -1  3 -2 -2  1 -2  5 -2 -5 -3  1 -3 -5 -4 -1 -1 -5 -5 -5    6   2  15   0   1   8   1  47   1   0   2   9   0   0   0   3   4   0   0   0  0.76 0.33
  379 S   -3 -3  6  3 -5 -3 -2 -3 -1 -5 -5 -1 -5 -2 -4  4 -1 -5  3 -5    0   0  35  13   0   0   0   0   1   0   0   2   0   1   0  32   3   0  12   0  0.98 0.44
  380 G   -3  2 -3 -3 -6 -4 -3  7 -5 -5 -6 -1 -6 -6 -5 -2 -3 -6 -6 -4    0  11   0   1   0   0   1  79   0   0   0   4   0   0   0   2   1   0   0   1  1.69 0.55
  381 T   -1  1 -1 -3 -2 -1 -1 -3  0 -2 -1  1 -1 -1 -2  1  5 -4  1 -1    3   6   2   0   1   2   4   1   2   1   6  11   2   2   1   7  41   0   5   4  0.40 0.26
  382 I   -4 -5 -6 -6 -3 -5 -6 -6 -6  7  2 -5  4 -3 -6 -5 -4 -5 -4  1    0   0   0   0   0   0   0   0   0  63  20   0  10   0   0   0   0   0   0   6  1.41 0.48
  383 D   -5 -5  2  8 -7 -4 -1 -3 -1 -7 -7 -4 -6 -7 -5 -3 -4 -7 -4 -7    0   0  10  83   0   0   2   1   1   0   0   0   0   0   0   1   0   0   1   0  2.13 0.65
  384 Y   -5 -6 -6 -7  2 -5 -6 -7 -2 -3 -3 -6 -4  5 -7 -4 -4  2  9 -4    0   0   0   0   4   0   0   0   0   1   1   0   0  19   0   1   0   2  71   0  2.33 0.70
  385 G   -1 -2 -1  2 -4 -1  3  2 -2 -1 -3 -1 -3 -3 -2  1  2 -5 -3 -3    2   1   2  10   0   2  27  18   0   6   1   1   0   1   1  10  17   0   1   1  0.40 0.25
  386 E   -5 -4 -4 -1 -8 -2  8 -6 -4 -7 -7 -3 -6 -7 -5 -4 -5 -7 -6 -6    0   0   0   2   0   0  98   0   0   0   0   0   0   0   0   0   0   0   0   0  2.50 0.79
  387 F   -6 -7 -7 -8 -6 -7 -7 -7 -5 -4 -3 -7 -4  9 -8 -6 -6  2 -1 -5    0   0   0   0   0   0   0   0   0   0   0   0   0  98   0   0   0   2   0   0  3.07 0.82
  388 L   -3 -4 -6 -6  5 -5 -5 -6 -6  5  2 -5 -1 -3 -5 -3 -3 -5 -4  4    1   1   0   0  12   0   0   0   0  39  17   0   0   0   0   2   0   0   0  29  1.05 0.40
  389 A    6 -4 -3 -4 -3 -3 -3 -3 -5 -3 -3 -4  0 -5 -4  0  3 -5 -4 -1   66   0   1   0   0   0   0   0   0   0   1   0   2   0   0   6  20   0   0   3  1.13 0.49
  390 A    6 -5 -5 -5 -4 -4 -4 -2 -5 -1 -4 -4 -1 -5 -4 -1 -3 -6 -5  2   81   0   0   0   0   0   0   1   0   3   1   0   1   0   0   2   0   0   0  12  1.45 0.56
  391 T    2 -4 -3 -4  1 -4 -4 -4 -5 -3 -3 -4  1 -5 -4  2  6 -6 -5 -3   16   0   0   0   3   0   0   0   0   1   1   0   3   0   0  13  63   0   0   0  1.24 0.52
  392 L   -3 -5 -6 -6 -2 -4 -5 -6 -5  4  3 -5  7 -2 -5 -5 -3 -5 -3  2    0   0   0   0   1   0   0   0   0  25  28   0  30   1   0   0   0   0   1  15  1.12 0.42
  393 H   -3 -3  2  2 -6 -1 -1 -3  9 -6 -6 -2 -5 -5 -1  2 -3 -6 -2 -6    1   1   9  13   0   1   4   1  49   0   0   1   0   0   3  16   1   0   0   0  1.41 0.51
  394 I   -2  3 -3 -4 -4 -1 -2 -5 -1  0  3  1  4 -2 -2 -2 -1 -4 -3  2    1  17   0   0   0   2   1   0   2   4  30  12  12   0   2   2   3   0   0  14  0.41 0.25
  395 N   -2  1  5 -2 -5  2 -1 -3  5 -5 -4  2 -4 -3 -4  1 -2 -4  2 -4    1   7  29   0   0   9   2   0  17   0   0  14   0   0   0   9   1   0   9   1  0.76 0.35
  396 K   -3  3 -1 -3 -4  4 -2 -5 -1 -2 -2  5 -2 -5 -4 -2 -2 -5 -4 -2    0  18   2   0   0  22   0   0   1   3   5  43   1   0   0   1   2   0   0   2  0.93 0.42
  397 M   -3 -3 -5 -6 -4 -3 -5 -6 -2  2  4 -4  6  0 -5 -4 -2 -3  3  0    1   1   0   0   0   1   0   0   1  10  48   0  20   3   0   0   2   0  11   5  0.91 0.38
  398 E   -1 -2 -1  2 -4  1  5 -2 -1 -1  0 -2  1 -4 -4  0 -3 -5 -4 -3    4   1   2  11   0   4  48   4   1   3  10   0   5   0   0   6   0   0   0   1  0.65 0.34
  399 R   -3  5  2 -3 -3  1 -1 -4  0 -5 -4  2 -4 -4 -4  1 -2  7 -3 -5    1  32  11   1   1   5   3   0   2   0   0  15   0   0   0  11   2  16   0   0  0.92 0.39
  400 E   -4 -1 -1  4 -6  1  6 -4 -3 -6 -5  1 -5 -6 -3 -3 -3 -5 -5 -5    0   2   2  22   0   5  56   0   0   0   1   9   0   0   1   1   1   0   0   0  1.23 0.48
  401 E   -3 -2 -2  4 -6  3  6 -5 -3 -6 -6  0 -5 -6 -4 -2 -3 -6 -5 -4    2   1   1  22   0  14  55   0   0   0   0   3   0   0   0   1   0   0   0   1  1.32 0.50
  402 N   -2  2  2 -3 -4 -2 -3 -5  8  0 -2  0 -4 -3 -5 -2 -4 -5  1 -1    3  13  12   1   0   1   0   0  44   6   5   6   0   1   0   1   0   0   4   4  1.09 0.43
  403 L    1 -5 -5 -6  3 -4 -5 -5 -5  1  5 -5  2 -2 -5 -1 -3 -4 -4  0   14   0   0   0   6   0   0   0   0   5  64   0   4   1   0   4   0   0   0   4  0.91 0.39
  404 V   -2  3 -2 -3 -3  1 -1 -3  2 -1 -1  0  1  2 -1 -1 -2  3  4 -1    2  20   0   1   0   8   4   1   6   3   7   6   4   8   2   3   2   4  16   5  0.31 0.20
  405 V    3  1 -1 -3  1  2 -1 -2 -1 -2 -3  3 -1 -4 -3  0  2 -4 -3 -2   29   8   2   0   3   9   2   1   2   1   1  20   1   0   0   5  13   0   1   2  0.39 0.25
  406 A    7 -5 -5 -4 -4 -4 -4 -3 -5 -5 -4 -4 -4 -6 -3 -2 -2 -6 -5 -3   94   0   0   1   0   0   0   1   0   0   1   0   0   0   1   1   2   0   0   1  1.88 0.67
  407 F   -6 -7 -7 -7 -6 -7 -7 -7 -5 -4 -3 -7 -4  9 -8 -6 -6 -3  4 -5    0   0   0   0   0   0   0   0   0   0   1   0   0  90   0   0   0   0  10   0  2.80 0.77
  408 S   -1  2  0  1 -4  4  3 -3 -2 -4 -3  2 -1 -5 -3  2  0 -5 -4 -4    3  11   4   6   0  25  18   1   0   0   2  11   2   0   0  14   4   0   0   0  0.55 0.29
  409 Y   -4 -2 -4 -5 -2 -1 -4 -5  4  0  0 -1  3  3 -5 -4 -3 -1  7  0    0   2   0   0   1   2   1   0   9   4  10   5   8  13   0   0   0   0  40   6  0.95 0.39
  410 F   -6 -7 -7 -8 -6 -7 -7 -7 -5 -3 -1 -7 -4  9 -8 -6 -6 -3 -1 -5    0   0   0   0   0   0   0   0   0   1   5   0   0  94   0   0   0   0   0   0  2.83 0.78
  411 D   -5 -5 -2  8 -7 -4  2 -5 -5 -7 -7 -4 -7 -7 -5 -4 -5 -8 -7 -7    0   0   0  88   0   0  11   0   0   0   0   0   0   0   0   0   0   0   0   0  2.41 0.72
  412 K   -2  1 -2 -3 -5  2 -1 -4 -3 -1 -1  6 -2 -3 -4 -1 -1 -5 -4 -1    2   6   1   0   0   8   2   0   0   3   7  58   0   1   0   3   4   0   0   4  0.89 0.40
  413 D   -5 -4  3  8 -7 -3  1 -5 -4 -7 -7 -4 -6 -7 -5 -3 -3 -8 -5 -7    0   0  11  78   0   0   9   0   0   0   0   0   0   0   0   0   1   0   0   0  2.01 0.63
  414 G   -2 -2  3 -1 -4  0 -3  6  0 -6 -6  1 -2 -6 -5 -1 -4 -5 -5 -6    1   2  16   2   0   3   1  59   2   0   0   8   1   0   0   4   0   0   0   0  1.14 0.42
  415 S   -3 -4  5  3 -5 -3 -3 -3 -3 -6 -6 -3 -5 -6 -4  6 -2 -6 -5 -5    0   0  26  16   0   0   0   1   0   0   0   0   0   0   0  56   0   0   0   0  1.32 0.54
  416 G   -3  3 -3 -3 -6 -4 -3  7 -5 -7 -7 -3 -6 -6 -5 -4 -4 -6 -6 -6    1  15   0   1   0   0   1  82   0   0   0   1   0   0   0   0   0   0   0   0  1.89 0.59
  417 Y   -1 -2 -4 -5 -3 -3 -2 -5  1 -3 -3  1 -3  4  0  0 -1 -2  7  0    5   1   0   0   0   0   2   0   3   0   1  10   0  16   4   6   4   0  40   7  0.84 0.37
  418 I   -5 -7 -7 -7 -5 -6 -7 -8 -7  8 -1 -6 -2 -4 -6 -6 -4 -6 -5  0    0   0   0   0   0   0   0   0   0  94   3   0   0   0   0   0   0   0   0   2  2.31 0.70
  419 T   -3 -4 -2 -1 -4 -3  2 -4 -4 -3 -4 -3  1 -5 -4  3  6 -6 -4  0    0   0   0   3   0   0  13   0   0   0   0   0   3   0   0  24  50   0   0   5  0.99 0.47
  420 I    0  2 -2 -3 -3  0 -3 -4 -1  3 -1  2  1 -1  1 -1 -1 -4 -2  2    7  11   1   0   0   4   0   0   1  25   3  13   4   2   8   4   2   0   1  15  0.27 0.19
  421 D   -2 -3 -1  6 -6  1  5 -4 -2 -6 -5 -2 -5 -6 -4 -2 -3 -6 -5 -5    3   1   2  42   0   4  44   0   1   0   1   1   0   0   0   1   0   0   0   0  1.37 0.50
  422 E   -5 -4 -4  0 -8 -2  8 -6 -4 -7 -7 -1 -6 -7 -5 -4 -5 -7 -6 -6    0   0   0   3   0   0  94   0   0   0   0   3   0   0   0   0   0   0   0   0  2.32 0.75
  423 L   -5 -5 -7 -7 -4 -5 -6 -7 -6  1  6 -6  0 -1 -5 -6 -4 -5 -4 -1    0   0   0   0   0   0   0   0   0   6  89   0   1   2   1   0   0   0   0   2  1.64 0.55
  424 Q    1  3 -2 -2 -3  4  2 -2 -1 -3 -3  2  0 -2 -3 -1 -2 -4 -3 -1   12  17   0   1   0  21  17   2   1   1   1  15   3   1   0   4   1   0   0   4  0.45 0.24
  425 Q   -1  1  0  0 -3  5  2 -3  1 -2 -2  2  1 -4 -3  0  0 -4 -3 -2    3   6   5   5   0  29  15   1   3   3   3  11   4   0   0   5   4   0   0   1  0.42 0.22
  426 A    5 -3 -3 -3  0 -2 -2 -2  0  1 -1 -2 -1 -2 -2 -1 -1 -3 -2  2   54   1   1   1   1   1   2   2   3   8   4   1   1   1   1   3   2   0   1  13  0.56 0.26
  427 C    0 -4 -4 -5  6 -3 -4 -4 -4 -1  4 -4  4  2 -4 -2 -1 -3 -3 -1    9   0   0   0  16   0   0   1   0   2  43   0  11   8   0   2   4   0   0   1  0.73 0.31
  428 T    0  1  0  0 -2  0  1  2 -1 -2 -2  2  0 -3 -2  2  0 -3 -2 -1    9   8   4   4   0   2   7  19   1   1   2  13   3   1   1  16   4   0   1   5  0.19 0.12
  429 E   -3 -2  0  2 -5  2  6 -1 -2 -4 -2  1 -2 -5 -3 -2 -2 -5 -4 -3    0   1   5  11   0   7  52   5   0   0   5   7   1   0   1   2   1   0   0   2  0.84 0.38
  430 F   -2  0  0  1 -3 -1 -1 -2  3 -1  1  1  1  3 -3 -1 -1 -2  2 -1    2   5   3  10   0   3   3   3   9   1  17   9   5  13   0   3   2   0   8   3  0.16 0.14
  431 G   -1 -3  3  0 -5 -2 -2  6 -2 -4 -5 -1 -5 -5 -2 -1 -1 -5 -5 -4    3   0  15   6   0   1   2  55   1   1   0   5   0   0   2   3   4   0   0   0  0.95 0.37
  432 L   -1 -3 -2 -3 -3 -2 -2 -3 -3  2  3 -2  5  0 -1 -1 -2 -2 -2  1    5   0   2   2   0   2   1   2   0  11  32   2  17   3   3   4   2   0   1  10  0.36 0.20
  433 C    0 -3  0  2 -2 -2  0  3 -1 -3 -2 -1 -2 -3 -1  2  0 -4 -1 -2    6   0   5  13   1   0   7  29   1   1   6   2   1   0   3  18   4   0   2   2  0.33 0.19
  434 D   -2 -3 -1  6 -4 -1  3 -2 -3 -4 -5 -1 -5 -5  3 -1 -3 -6 -4 -4    2   1   1  47   0   2  21   2   0   1   0   2   0   0  13   4   1   0   0   1  1.01 0.39
  435 T    0  1 -1  1 -3  1  3 -3 -2 -1 -2  1 -2 -3 -3  1  1 -4 -3  0    9   7   2   7   0   5  24   1   0   2   3   9   0   0   0  13   8   0   0   9  0.26 0.17
  436 P    1 -1 -1  1 -2 -1  0 -2  2 -1 -1 -2 -1  0  2  1  1 -3  0  2   11   2   1  10   0   2   5   1   6   3   3   1   1   6  10   9   9   0   2  17  0.14 0.13
  437 L    0 -5 -5 -5 -3 -4 -5 -5 -5  4  2 -4  2 -1 -3 -4 -3  6  1  3    7   0   0   0   0   0   0   0   0  32  21   0   5   1   1   0   0  11   4  19  0.78 0.32
  438 D   -1  0  2  3 -5  1  3 -2  4 -4 -4  3 -3 -4 -3 -1 -1 -5 -3 -4    4   3  12  18   0   5  18   1  11   0   1  20   0   0   0   2   3   0   0   0  0.56 0.27
  439 D    1 -1  0  4 -4  1  4 -2 -2 -4 -4 -1 -2 -5  0  0 -2 -5 -4 -1   13   3   4  23   0   5  32   2   1   0   1   1   1   0   3   6   2   0   0   4  0.56 0.29
  440 M   -3 -5 -5 -6 -4 -5 -4 -6 -5  6  2 -5  5 -1 -5 -4 -2 -5 -4  3    0   0   0   0   0   0   1   0   0  44  17   0  15   2   0   0   2   0   0  19  1.07 0.41
  441 I   -4 -5 -6 -6 -4 -5 -6 -6 -6  6  4 -5  3  0 -5 -5 -3 -5 -4  2    0   0   0   0   0   0   0   0   0  47  34   0   7   4   0   0   0   0   0   9  1.16 0.42
  442 K    0  3  1  0 -3  2  0 -2  3 -3 -2  2 -2 -2 -3  1 -1 -4 -1 -3    9  15   6   4   0  12   4   2   7   0   4  15   0   2   0  13   3   0   1   1  0.28 0.19
  443 E   -4 -3 -2  5 -7  1  6 -4 -4 -6 -6 -3 -4 -7 -4 -3 -2 -6 -6 -6    1   0   0  30   0   4  61   1   0   0   0   0   0   0   0   1   2   0   0   0  1.61 0.58
  444 I    2 -5 -6 -6 -1 -5 -5 -4 -3  1 -3 -5 -3 -2 -5 -4 -3  7 -3  6   16   0   0   0   1   0   0   1   1   6   0   0   0   1   0   0   0  15   0  59  1.32 0.51
  445 D   -5 -5 -3  8 -7 -4 -2 -5 -5  2 -4 -5 -5 -6 -5 -4 -4 -8 -5 -4    0   0   0  83   0   0   0   0   0  14   1   0   0   0   0   0   0   0   0   1  2.15 0.69
  446 L    1  3 -2 -2 -4  3 -1 -3 -3  0 -1  2 -2 -3 -3  0  3 -4 -4 -2   12  17   0   1   0  18   1   0   0   6   7  11   0   1   0   5  21   0   0   1  0.41 0.27
  447 D   -5 -4  6  6 -6 -3 -2 -4  4 -6 -7 -3 -6 -6 -2 -2 -3 -7 -5 -6    0   0  33  51   0   0   0   0   9   0   0   1   0   0   2   2   0   0   0   0  1.61 0.56
  448 N   -2 -2  5 -2 -5 -1 -2  3  1 -5 -5  3 -4 -5 -4  1  0 -6 -4 -4    1   1  35   0   0   2   1  20   4   0   0  19   0   0   0   9   5   0   0   0  0.80 0.37
  449 D   -6 -6  0  8 -8 -4 -2 -5 -5 -7 -8 -5 -7 -8 -5 -4 -5 -8 -7 -7    0   0   3  97   0   0   0   0   0   0   0   0   0   0   0   0   0   0   0   0  2.73 0.80
  450 G   -3 -4 -4 -4 -6 -6 -6  8 -6 -8 -8 -5 -7 -7 -6 -4 -5 -6 -7 -7    0   1   0   0   0   0   0  99   0   0   0   0   0   0   0   0   0   0   0   0  2.55 0.73
  451 K   -4  5 -2 -3 -2  3  2 -5 -1 -5 -3  4 -4 -4 -4 -2 -3 -5 -3 -3    0  37   1   1   1  12  12   0   1   0   2  29   0   1   0   1   1   0   0   2  0.98 0.41
  452 I   -4 -6 -7 -7 -4 -6 -6 -7 -7  7  2 -6 -2 -3 -6 -6 -3 -6 -5  1    1   0   0   0   0   0   0   0   0  76  18   0   0   0   0   0   1   0   0   5  1.74 0.57
  453 D   -3 -4  3  6 -5 -3 -2 -4 -4 -6 -6 -3 -5 -6 -4  4 -2 -7 -5 -6    0   0  13  45   0   0   1   0   0   0   0   0   0   0   0  39   2   0   0   0  1.38 0.54
  454 F   -5 -6 -6 -7 -6 -6 -6 -7 -2 -3  0 -6 -3  6 -7 -6 -5  0  8 -4    0   0   0   0   0   0   0   0   0   0   7   0   0  32   0   0   0   1  59   0  2.19 0.67
  455 S    0 -2  2  3 -4  1  3  0  1 -2  0 -1 -2 -3 -2  1 -1 -4 -3 -2    6   1   9  16   0   5  22   7   3   2  12   2   0   1   1  10   2   0   0   1  0.27 0.18
  456 E   -4 -4 -4 -2 -7 -2  7  2 -4 -7 -7 -3 -4 -7 -5 -4 -5 -7 -6 -6    0   0   0   0   0   0  83  16   0   0   0   0   1   0   0   0   0   0   0   0  1.96 0.69
  457 F   -6 -7 -7 -8 -6 -7 -7 -7 -5 -4 -4 -7 -4  9 -8 -6 -6 -3  2 -4    0   0   0   0   0   0   0   0   0   0   0   0   0  95   0   0   0   0   5   0  2.98 0.81
  458 T    1  0 -4 -4  4 -1 -1 -4 -4  1 -1  0  2 -3 -4 -1  1 -4 -2  4   10   5   0   0  10   2   4   0   0   5   3   7   5   1   0   2   8   0   1  38  0.41 0.25
  459 A    4  1 -2 -1 -3 -1  1 -2  0 -2 -2  3 -2 -4 -3 -1  1 -5 -3 -1   37   6   1   2   0   2   9   1   2   1   3  18   0   0   0   3  11   0   0   4  0.41 0.26
  460 M   -4 -5 -6 -7 -5 -5 -6 -7 -6 -2  2 -5 10  2 -7 -6 -5 -5 -3 -3    1   0   0   0   0   0   0   0   0   1  16   0  74   7   0   0   0   0   0   1  2.40 0.76
  461 M   -5 -6 -6 -7 -5 -5 -6 -7 -6 -2  3 -6 10 -4 -7 -6 -5 -5 -5 -3    0   0   0   0   0   0   0   0   0   1  23   0  76   0   0   0   0   0   0   0  2.58 0.79
  462 K   -3  5 -2 -1 -6  3 -1 -4  5 -4 -3  3 -4 -5 -4 -2 -1 -5 -3 -4    0  34   1   3   0  16   3   0  17   0   3  18   0   0   0   2   3   0   0   1  0.92 0.39
  463 K    1  0  0 -2 -2  0 -1  1 -3 -4 -4  5 -3 -4 -3  2  1 -4 -3 -3   10   4   5   0   1   3   1  12   0   0   1  39   0   0   0  13   9   0   0   0  0.52 0.26
  464 G    0 -2  0  0 -1 -3 -2  5 -4 -2 -3 -3 -2 -4 -3  0 -2 -5 -4  0    8   2   4   4   2   0   1  57   0   3   3   1   1   0   1   5   1   0   0   8  0.77 0.29
  465 D   -1 -3  4  1 -1 -2 -2 -2 -2 -2 -2 -2 -1 -4 -3  2  3 -5 -4  0    5   0  24   8   1   0   0   2   1   1   3   1   2   0   1  20  25   0   0   7  0.48 0.26
  466 G    0 -2  0  3 -3 -1 -1  1 -2 -1 -2 -2  0 -2  3  1  1 -4 -3 -1    6   1   3  23   0   2   2  10   0   4   2   0   4   1  16  14   8   0   0   3  0.32 0.16
  467 V   -1  2 -1 -1 -2 -1  1  2 -2 -2 -2 -1 -1 -1 -2  0 -1  7 -2 -1    4  12   2   4   1   2   9  18   1   2   4   2   2   2   2   5   3  21   0   6  0.44 0.18
  468 G    0  3 -2 -2 -3  1 -1  1 -2 -1  0  1 -1 -2 -1  1  0 -3 -2  0    9  26   0   0   0   5   2  11   0   4  10   5   1   1   2  12   5   0   0   6  0.19 0.13
  469 R    0  1  1 -1 -3  0 -1  2 -2 -1 -1  2  0 -1  0  0 -1 -3 -1 -1    7   6   8   1   0   3   3  18   0   4   5  19   3   3   4   8   1   0   2   2  0.13 0.09
  470 S    2  2  1 -2 -3  2 -1  0 -1 -3 -3  0 -2 -4  1  2  0  2 -3 -2   24  12   7   0   0   9   1   6   1   0   0   5   0   0   6  19   6   3   0   1  0.31 0.18
  471 R   -1  4  2 -2 -4  1 -1 -2 -2 -4 -4  3 -2 -3  1  3 -1 -4 -3 -3    3  25   9   0   0   6   2   1   0   0   1  18   0   1   6  27   1   0   0   1  0.53 0.25
  472 T    0  4 -1 -2 -3  0 -1  0  0 -3 -2  1 -3 -4 -2  0  3 -4 -3 -2    7  28   2   1   0   2   2   8   3   0   2   9   0   0   1   4  28   0   0   1  0.42 0.22
  473 M   -2  3  0 -3 -3  4 -2 -4  2 -1  1  1  5 -3 -3 -2 -2 -4 -3 -1    1  21   4   0   0  23   0   0   5   4  12   5  18   0   0   0   1   0   0   3  0.50 0.26
  474 R   -3  5 -2 -2 -5  2  1 -4  3 -4 -4  1 -2 -1 -3 -2 -2 -2  5 -4    0  35   0   1   0   9  11   0   7   0   0   5   1   2   1   2   1   0  25   0  0.78 0.30
  475 N   -1  0  3  0 -1 -1 -2 -1  4 -4 -4  0 -2 -4 -3  4  0 -5 -2 -4    3   5  20   4   1   0   0   3  12   0   0   6   0   0   0  39   5   0   0   0  0.54 0.24
  476 N   -1  5  2 -1 -4  0 -1 -3  3 -3 -4  0 -3 -4 -2  3  0 -4 -3 -4    1  41  10   1   0   2   1   0   8   1   0   3   0   0   1  26   5   0   0   0  0.65 0.24
  477 L    0 -1 -2 -1 -3  0  2  0 -2  0  2 -1  1  2 -1 -1 -2 -3 -1 -1   10   1   0   2   0   4  17   7   0   5  31   3   4  10   3   3   0   0   0   0  0.13 0.10
  478 N   -2  4  4  0 -2 -1 -1 -1  2 -4 -3 -1  0 -4  0  2  0 -4 -3 -2    0  26  31   2   1   0   0   4   5   0   2   0   4   0   3  17   3   0   0   2  0.49 0.19
  479 F   -2 -3 -4 -4 -3 -3 -4 -3  0  3  1 -3  0  5 -4 -3 -2 -1  2  2    0   0   0   0   0   0   0   1   2  19  14   0   2  38   0   0   1   0   7  13  0.58 0.17
  480 N    0 -2  5 -1 -2 -1 -1  2 -1 -3 -3  0 -3 -2  0  2  0 -4 -3 -2    5   0  36   0   0   1   0  13   1   0   2   6   0   1   3  23   6   0   0   2  0.45 0.17
  481 I    0 -2  0 -2 -1 -2 -2 -3 -2  0  2 -2  3  3 -3  2  0 -2 -1 -1    6   0   5   2   1   0   0   0   0   4  27   0  10  15   0  23   4   0   0   1  0.21 0.12
  482 A   -1  4 -2 -3 -3 -1 -1  0 -2 -1  3 -1  0 -2 -3 -1 -2 -3 -1 -1    5  32   1   0   0   1   4   6   0   1  40   1   0   0   0   5   1   0   2   0  0.33 0.15
  483 E   -1  0  0  4 -3  1  2 -2  0 -4 -4  0 -3 -4 -2  3 -1 -4 -3 -4    1   6   0  29   0   4  17   0   2   0   0   3   0   0   0  38   0   0   0   0  0.60 0.19
  484 A    3  0 -1 -2 -2 -1 -1  0 -2  1  1 -1  1 -1 -2 -1  0 -3 -2  1   34   7   3   0   0   1   4   5   0   7  17   3   6   1   0   0   5   0   0   7  0.13 0.09
  485 F   -1  1  0 -2 -3 -1 -2 -1 -2 -1  2  3  0  0  3 -1 -1 -3 -2 -2    2   7   5   0   0   0   0   4   0   3  26  28   2   5  15   3   1   0   0   0  0.25 0.12
  486 G   -1 -1 -2 -3  2  0 -1  2 -3  0  3  0  1 -2 -2  0 -1 -3 -2 -1    0   3   0   0   6   6   3  19   0   1  40   5   5   0   1   7   3   0   0   0  0.19 0.10
  487 V    0 -2 -3 -4  2 -1 -3 -4 -2  2  2 -2  4  1 -3 -2 -1 -3 -1  2    8   0   0   0   5   3   0   0   1  14  17   1  23   8   0   0   1   0   0  19  0.32 0.12
  488 E   -1  3 -1  0 -4  1  1 -3  1 -3 -3  4 -2 -4  1 -1 -2 -4 -2 -2    1  20   1   4   0   5  10   0   4   2   0  43   0   0   6   2   0   0   0   2  0.49 0.12
  489 D   -3 -2  0  7 -4 -1  2 -1 -2 -4 -3 -2 -4 -4 -3 -1 -2 -5 -4 -4    0   0   1  75   0   1  13   3   0   0   2   0   0   0   0   1   1   0   0   0  1.13 0.19
  490 T    0 -2  1 -1 -3 -1 -1  4 -1 -3 -3  0 -1 -3 -2  1  2 -3 -3 -2    2   0   6   1   0   0   1  48   1   0   0   6   2   0   0  13  15   0   0   3  0.49 0.10
  491 S    0  0  0 -1 -2 -1  1  0 -2 -3 -3 -1 -2 -2 -1  5  1 -4 -3 -3    0   3   1   1   0   0   8   5   0   0   0   2   0   1   1  71   5   0   0   0  0.59 0.15
  492 S    0 -2 -1 -2 -2 -1  0 -3 -2  2  3 -2  1 -1 -2  0 -1 -2 -2  1    8   0   2   1   0   0   8   0   0  11  46   0   4   1   1  11   1   0   0   4  0.19 0.06
  493 T    0  1  3  1 -3  4  1  0  0 -3 -3  1 -2 -4 -1  1  0 -3 -2 -2    4   6  17   7   0  28   3   6   1   0   0   9   0   0   1   9   6   0   0   2  0.32 0.08
  494 A    0 -2  0 -2 -2 -1 -2  0 -2  1  2 -2  1 -1 -1  0  1 -3 -2  1    9   0   7   1   0   3   1   8   0   5  30   0   6   0   2   9   8   0   0  11  0.09 0.04
  495 K    0  0  1  0 -2  1  1  1  0 -2 -2  1 -2 -3 -2  2  1 -3 -2 -2    4   1   8   4   0   7  10  12   2   0   2  14   0   0   0  22  13   0   0   2  0.21 0.04
  496 S    1 -2  4  1 -2 -1 -1  2 -1 -2 -3 -1 -2 -3 -2  2  1 -4 -3 -2   13   0  33   7   0   0   0  15   0   3   0   1   0   0   0  17  11   0   0   0  0.36 0.07
  497 D   -1 -1  1  3  1  1  4 -2 -1 -2 -3  0 -2 -3  0  0  1 -4 -3 -2    0   0   5  23   4   0  47   0   0   3   0   0   0   0   3   7   9   0   0   0  0.47 0.05
  498 D   -1 -1  3  4 -3  0  3 -2 -1 -2 -3  0 -2 -3 -2  0 -1 -4 -3 -2    0   0  26  35   0   0  26   0   0   7   0   0   0   0   0   7   0   0   0   0  0.48 0.03
  499 S    0 -1  2  0 -2  0  1  3 -1 -3 -3 -1 -2 -3 -2  2  1 -3 -2 -2    0   0  10   0   0   0  13  36   0   0   0   0   0   0   0  30  11   0   0   0  0.38 0.01
  500 P   -1 -2 -2 -2 -3 -1 -1 -2 -2 -3 -3 -1 -3 -4  8  0 -1 -4 -3 -3    0   0   0   0   0   0   0   0   0   0   0   0   0   0  88  12   0   0   0   0  1.80 0.04
  501 K   -1  4  0 -1 -4  1  0 -2 -1 -3 -3  4 -2 -3 -2 -1 -1 -3 -2 -3    0  38   0   0   0   0   0   0   0   0   0  62   0   0   0   0   0   0   0   0  0.57 0.01

                      K         Lambda
Standard Ungapped    0.1363     0.3177
Standard Gapped      0.0579     0.2670
PSI Ungapped         0.1890     0.3140
PSI Gapped           0.0579     0.2670
