
Last position-specific scoring matrix computed, weighted observed percentages rounded down, information per position, and relative weight of gapless real matches to pseudocounts
           A  R  N  D  C  Q  E  G  H  I  L  K  M  F  P  S  T  W  Y  V   A   R   N   D   C   Q   E   G   H   I   L   K   M   F   P   S   T   W   Y   V
    1 M   -3 -4 -4 -5 -4 -3 -4 -5 -4 -1  1 -4 10 -2 -5 -4 -3 -4 -3 -1    0   0   0   0   0   0   0   0   0   0   5   0  95   0   0   0   0   0   0   0  2.11 0.46
    2 D    1 -1  1  3 -3  1  3 -1  1 -4 -4 -1 -3 -4 -2  2  1 -4 -3 -3   11   2   7  22   0   7  22   3   3   0   0   0   0   0   0  16   8   0   0   0  0.40 0.14
    3 N   -2  0  5  2 -4  1  1 -2  4 -4 -4 -2 -2 -4 -3  1  0 -5 -3 -4    1   3  41  10   0   6   7   0  12   0   0   0   1   0   0  13   5   0   0   0  0.72 0.28
    4 S    0 -2 -1  1 -3  2  1  1 -2 -4 -4 -2 -3 -4  2  4  1 -4 -2 -3    4   0   0   7   0  11   7  12   0   0   0   0   0   0  11  40   7   0   1   1  0.50 0.26
    5 A    2  0  1 -1 -2  0  0  1 -2 -3 -2 -1  0 -2  0  2  2 -4 -3 -1   25   5   9   1   0   2   4  12   0   0   1   2   2   2   4  14  14   0   0   2  0.23 0.15
    6 P   -2 -2 -1 -2 -4  5  1 -2 -3 -4 -2 -1 -2 -5  5  2 -1 -5 -2 -3    1   0   2   1   0  28   8   3   0   0   5   1   1   0  29  17   2   0   1   1  0.75 0.36
    7 D   -2 -1  3  4 -4  1  2  0 -2 -4 -4 -1 -3 -4 -2  1  0 -5 -4 -3    1   3  19  24   0   6  16   8   0   0   0   2   0   0   1  13   4   0   0   2  0.52 0.25
    8 S    0 -2 -1  1 -3  0  0  3 -3 -3 -3 -1  0 -3  2  3  0 -4 -3 -3    6   0   1   8   0   5   6  24   0   1   2   3   3   1  12  24   4   0   0   1  0.38 0.22
    9 L    0 -1  1  0 -3  2  0 -2  4 -1 -1 -1  2 -1 -1  0  0 -3  0  0    9   2   6   6   0  12   5   2  13   2   6   1   8   2   2   5   7   0   3  10  0.14 0.15
   10 S    0 -2  2 -1 -3  2  1  2 -1 -2  0 -1 -2 -3  0  1 -1 -4 -2 -2    6   0  13   2   0  14   8  19   1   2  10   2   0   1   5  12   3   0   1   1  0.22 0.18
   11 R   -1  4 -1  1  0  2  0 -3 -3 -4 -2  3 -3 -5  3 -1 -1 -5 -4 -4    6  25   2   7   2   8   3   1   0   0   3  23   0   0  14   3   3   0   0   0  0.54 0.29
   12 S    0  4  0 -1 -4  2 -2 -1 -1 -2 -2  1 -3 -4  1  2  0 -4 -2 -2    8  25   4   3   0   9   0   5   1   2   2   9   0   0   8  17   4   0   1   3  0.33 0.23
   13 E   -1  1  1  1  0  1  1 -3 -2 -3 -2  3 -2 -5  4  1  0 -5 -4 -4    3   6   5   8   2   6   8   1   1   1   3  19   1   0  20  12   6   0   0   0  0.43 0.26
   14 T   -2  1  2 -2 -4  0  3  1  1 -2 -4 -1 -3 -4  1  0  2 -4 -3 -1    2   9  11   0   0   4  24  10   3   2   0   1   0   0   6   7  15   0   0   4  0.33 0.25
   15 A    0 -3  1 -4  0 -3 -4 -3  0  4 -1 -3 -1 -1 -3  1  1 -4  0  3    9   1   9   0   2   0   0   1   3  25   4   0   1   1   1  11   8   0   3  21  0.35 0.27
   16 V   -2 -4 -4 -5  4 -4 -3 -3 -3  1  1 -3  1  2 -4  1 -2 -2  6  2    3   0   0   0   9   0   1   1   0   7  12   1   4   8   1  11   1   0  28  14  0.65 0.38
   17 T   -2  2  2 -2 -2  1  0 -2 -1 -2 -2  1 -3 -4 -3  1  4 -4  1 -3    1   9   8   1   1   8   6   2   1   2   4   9   0   0   0  12  28   0   6   0  0.38 0.30
   18 Y   -5 -5 -5 -6 -2 -3 -5 -6  5 -5 -3 -5 -5  4 -6 -4  0  0  8 -5    1   0   0   0   1   1   0   0  14   0   2   0   0  16   0   1   5   1  58   0  2.03 0.78
   19 D    0 -2  0  2 -4  1  3 -3 -3 -2 -1  1  1 -1  0 -1  1 -4 -3 -1    8   0   4  10   0   7  26   1   0   2   4  10   4   2   3   4   8   0   0   5  0.29 0.23
   20 S    4 -4 -4 -4 -4 -4 -3 -3 -2 -4  0 -4 -3  0 -1  3  2 -5 -4 -3   44   0   0   0   0   0   1   1   1   0  11   0   0   5   3  21  12   0   0   1  0.72 0.46
   21 P   -2 -3 -2 -1 -6  2  1 -1  3 -6 -6 -3 -6 -7  7 -1  0 -7 -6 -6    2   1   2   3   0   9   8   5   6   0   0   0   0   0  55   4   5   0   0   0  1.44 0.66
   22 Y   -2 -3 -3 -2 -4 -2 -6 -5  4 -6 -4 -6  0  4 -7 -3 -4 11  4 -5    4   1   1   3   0   2   0   1   9   0   1   0   3  13   0   3   1  46  11   0  2.06 0.79
   23 P    0 -2  0 -4 -3 -1 -3 -5  0 -3 -2 -4 -3 -6  7  0  3 -6 -5 -3    9   2   5   0   0   2   1   0   2   1   4   0   1   0  47   6  16   0   0   2  1.14 0.57
   24 L   -2 -4 -4 -5  0 -3 -4  0  1  3  3 -4  1 -3 -3 -1  2 -5 -3  3    2   0   0   0   2   1   0   8   4  16  26   0   4   0   1   5  12   0   0  19  0.44 0.30
   25 Y   -5 -6 -2 -7 -7 -6 -7 -7  0 -3  0 -6 -1  4 -7 -4 -6 -3  9 -4    0   0   2   0   0   0   0   0   2   1  10   0   1  15   0   1   0   0  67   1  2.26 0.91
   26 A    4 -4 -2 -4  1 -4 -4  2 -5 -2 -2 -4 -1 -2 -4  3  2 -5 -4 -3   39   0   2   0   3   0   0  14   0   2   3   0   2   2   0  21  11   0   0   1  0.70 0.45
   27 M   -1 -5 -4 -6  1 -5 -5 -6 -4  1  3 -5  6 -1 -5 -1 -2 -5 -2  4    4   0   1   0   3   0   0   0   0   6  26   0  19   3   0   4   2   0   1  31  0.86 0.46
   28 A    3 -2  2  4 -2  2 -2  0 -1 -5 -6  0 -5 -6 -4  1 -3 -6 -5 -5   28   2  11  27   1   8   1   5   1   0   0   5   0   0   0  10   0   0   0   0  0.73 0.45
   29 F   -7 -8 -8 -9 -8 -7 -8  1 -5 -3 -5 -8 -6  4 -9 -8 -7 12 -2 -6    0   0   0   0   0   0   0  10   0   2   1   0   0  14   0   0   0  72   1   1  3.61 1.24
   30 S   -1 -3 -4 -5  5 -1 -4 -4 -2 -5 -3 -4 -3 -4 -1  6  1 -2 -5 -3    3   1   0   0  13   2   0   1   1   0   3   0   1   0   3  60   9   1   0   1  1.27 0.69
   31 S   -1 -1  2 -2 -2  2 -1 -2 -1 -3 -3  2 -2 -3  5  1  0 -3 -2 -2    4   3  10   2   1  11   3   2   1   1   3  11   1   1  26  10   7   0   2   3  0.47 0.27
   32 L    1 -1 -1 -1  0 -2 -2 -1  0 -1  0 -2  0  3 -1  0 -1  4  0  2   10   3   3   4   2   1   1   5   3   2   7   1   2  16   3   9   4   6   1  15  0.15 0.15
   33 R    0  4  0  0 -4  1  0 -1  3 -4 -3  2 -3 -1  2 -2 -1 -4  1 -3    6  27   5   5   0   5   4   4   7   0   2  10   0   3  10   2   2   0   4   2  0.39 0.26
   34 S    0  1  2  1 -4  0  1  0 -1 -3 -3  0 -3 -4  4  0  0 -5 -4 -2    6   8   9   9   0   3  11   6   1   1   1   5   0   0  20   8   6   0   0   3  0.36 0.24
   35 S   -1  0  3  4 -4  0 -1  0 -1 -4 -3 -2 -3 -2 -2  2  0 -4  2 -2    5   6  14  24   0   4   2   6   1   0   2   1   0   1   2  15   6   0   7   3  0.38 0.27
   36 S   -1  1  1  0 -3  0  0  0  1 -2 -3  3 -1 -2 -1  2  0 -3 -2 -1    4   7   5   4   0   4   4   6   4   3   2  21   2   1   3  19   5   0   1   4  0.22 0.17
   37 G    0  1  0  1 -1  0  0 -1  0 -1 -1  1  0 -2  2  0  0 -1 -1 -1    8   9   3   8   1   3   3   4   3   3   7  12   2   1  12   8   5   1   2   3  0.12 0.09
   38 H   -2 -2  2  1 -4 -1 -1  1  6 -3 -1 -2 -1  4 -1 -1 -2 -3  1 -3    3   2   9   9   0   2   3  10  19   1   6   2   1  19   3   5   1   0   5   1  0.43 0.26
   39 R   -3  7 -3 -4  1 -1 -1 -5 -3 -5 -4  2 -4 -2 -5 -2 -2 -1  0 -4    1  64   1   0   3   2   3   1   0   0   2  10   0   2   0   3   2   1   3   1  1.45 0.65
   40 I   -3 -6 -6 -6 -1 -5 -6 -6 -6  4  5 -6  0 -1 -6 -3 -4 -5 -4  2    2   0   0   0   1   0   0   0   0  20  57   0   2   3   0   2   0   0   0  12  1.16 0.54
   41 A    6 -4 -5 -5  1 -3 -5 -1 -5  0  1 -4 -4 -5 -5 -2 -1 -6 -5  0   63   0   0   0   3   1   0   4   0   6  11   0   0   0   0   1   3   0   0   7  1.07 0.59
   42 V   -2 -5 -5 -6 -1 -5 -3 -6 -5  4  3 -5 -1 -2 -5 -2 -1 -5 -1  4    3   0   0   0   1   0   1   0   0  25  32   0   1   1   0   2   3   0   2  28  0.85 0.44
   43 G    2 -5 -4 -5 -3 -4 -5  6 -2 -6 -6 -5  1 -4 -4  1  0 -6 -6 -4   15   0   0   0   1   1   0  59   1   0   0   0   4   1   1  12   5   0   0   1  1.28 0.62
   44 S   -3 -4 -2 -3 -5 -4 -4 -4 -3 -5 -4  1 -1 -6 -4  6  4 -6 -5 -5    0   0   1   1   0   0   0   0   1   0   1   8   1   0   0  56  27   0   0   0  1.35 0.71
   45 F   -5 -5 -4 -6  0 -4 -5 -6  6 -1  0 -4  0  7 -6 -5 -5 -3  5 -3    1   0   0   0   2   1   0   0  16   3  10   1   2  39   0   0   0   0  22   1  1.46 0.64
   46 L   -2 -1 -2 -4 -3 -3 -3  1 -4  2  2  0  0 -3 -4  1  2 -4 -4  1    2   3   1   0   0   0   0  12   0  14  19   8   1   0   0  14  16   0   0   9  0.29 0.26
   47 E   -3 -2 -3  2 -5  0  6 -5 -4 -1 -1 -1 -3 -5 -3  2 -1 -2 -5 -4    1   1   1  10   0   3  48   0   0   4   8   2   1   0   1  14   4   1   0   0  0.86 0.52
   48 D   -3 -3  0  5 -2  0  3  0  0 -3  0 -3 -4 -5 -5 -2 -2 -6 -5  0    1   1   3  38   1   4  19   8   2   1   9   0   0   0   0   2   2   0   0   8  0.74 0.46
   49 Y   -1 -4  0 -2  1 -2  0  2  1 -1 -3 -4  0  0 -2  1 -1 -3  6 -2    4   0   4   2   3   1   8  17   3   4   2   0   2   4   2  12   3   0  27   2  0.49 0.36
   50 N   -1  1  5 -1 -3  3 -1 -2  3 -3 -4  1 -4 -3  0  1  2 -5 -4 -4    4   8  25   2   1  14   3   3   8   1   1   7   0   1   4   8  11   0   0   1  0.51 0.37
   51 N   -5 -5  8 -2 -2 -3 -3  2 -4 -7 -7 -3 -6 -7 -3 -1 -1 -8 -7 -7    0   0  71   2   1   1   2  13   0   0   0   2   0   0   1   5   3   0   0   0  1.98 0.88
   52 R   -3  4 -2 -4 -4  1 -1 -3  4 -4 -5  4 -3  1 -5 -3 -3 -4  3 -4    1  25   2   0   0   5   4   2  11   1   0  27   1   6   0   1   1   0  12   1  0.88 0.50
   53 I   -4 -4 -6 -3 -1 -3 -4 -4 -2  4  4 -4 -1 -2 -6 -4 -2 -5 -3  4    0   1   0   2   1   1   1   2   1  24  36   1   1   1   0   1   1   0   1  26  0.89 0.47
   54 D   -2  0 -3  2 -5  5  3 -5  5 -1 -2 -2 -1 -3 -4 -1 -2 -5 -1 -2    3   4   0  11   0  28  16   0  14   3   5   1   2   1   0   4   3   0   2   2  0.71 0.46
   55 I   -5 -5 -6 -2 -2 -4 -4 -7 -6  7  1 -5 -3 -3 -4 -4 -3 -6 -2  3    0   1   0   3   1   1   1   0   0  57  12   1   0   0   1   1   1   0   2  19  1.34 0.62
   56 L    0 -5 -3 -2 -4 -4 -4 -3 -3  3  3 -3 -2 -2 -5 -2 -2  1 -2  4    7   0   1   3   0   1   0   3   1  14  27   2   0   1   0   4   2   2   1  32  0.58 0.36
   57 S   -2 -3 -1  3 -3  4  0  1  4 -3 -5 -1 -4 -5 -2  2 -1 -5 -4 -5    2   1   2  19   0  20   6  13   9   2   1   4   0   0   2  16   4   0   0   0  0.59 0.39
   58 F   -1 -3 -3 -1 -4 -4 -3 -2  1 -1  3 -2  0  4 -2 -1  0 -3  3 -1    4   1   1   4   0   0   1   3   3   1  33   3   1  15   2   6   7   0  10   3  0.40 0.29
   59 D   -1 -1  3  4 -4  1  0 -1  1 -4 -4 -1 -3 -4  1  1 -1 -5 -4 -2    6   2  16  24   0   7   6   4   4   0   1   3   1   1   7  10   3   0   0   4  0.46 0.31
   60 S   -1 -2  1  2 -5  0  3 -1 -1 -3 -4 -2 -3 -5  4  1 -1 -5 -3 -3    3   2   7  13   0   4  22   5   1   2   1   2   1   0  19  11   3   0   1   2  0.52 0.34
   61 D   -1 -3  1  5 -5  0  4 -1 -1 -4 -4 -2 -5 -5 -2  1 -2 -6 -2 -3    5   1   5  33   0   4  24   5   1   1   1   1   0   0   2  10   2   0   1   2  0.74 0.43
   62 S   -1  1  0  1 -4  0  0  1 -2 -3 -2  1 -2 -3  1  2  2 -3 -1 -2    4   7   4   7   0   3   4  11   1   1   5   8   0   0   7  16  16   0   2   2  0.20 0.20
   63 M    0 -1  0  0 -2  0  0  2 -2 -1  0 -1 -1 -1  0  1  0 -1 -2  0    9   3   3   6   1   5   5  17   1   2  13   2   1   3   5  11   5   1   1   7  0.08 0.10
   64 T   -1 -2  0  2 -3  1  3 -1 -1 -2 -2 -1 -2 -4 -1  2  2 -4 -3 -2    4   1   4  12   0   5  22   5   1   3   5   3   0   0   2  14  13   0   1   3  0.30 0.24
   65 V   -2 -3 -2 -3 -3 -2 -2 -1 -2  2  0 -3  0  4  0 -1 -1  4  0  1    3   1   2   2   0   1   3   5   1  15  10   2   1  23   6   4   4   7   1   9  0.36 0.24
   66 K   -1  0 -1  2 -2  0  2  1 -1 -3 -2  2 -2 -4  1  0  1 -4 -3 -1    4   5   2  10   1   3  16   9   1   1   4  15   1   0   8   7   8   0   1   4  0.24 0.19
   67 P    0 -1 -1 -1 -2 -1 -1  1  0 -1 -1  0 -1  0  2  0  1 -1 -1  0    6   1   2   4   1   1   4  14   3   4   7   8   1   6  11   7  10   1   1   8  0.09 0.10
   68 L    0 -3  0  2 -3 -1  0 -2  0  1  0 -2 -1  0 -2  0  0 -3  1  2    7   0   3  14   0   3   6   2   3   9   9   2   1   4   2   8   4   0   5  17  0.12 0.14
   69 P    1 -1 -2 -2  3  0  0  1 -2 -1 -3  0 -2 -3  4  1  0 -4 -4 -1   13   3   2   2   7   4   6  10   1   4   1   4   1   1  21  10   7   0   0   4  0.34 0.24
   70 N   -1  2  2  1 -2  0  1  0 -2 -1 -2  0 -2 -2 -1  1  1 -4 -3 -1    3  14   9   6   1   4  10   7   0   3   4   6   1   1   3  13   8   0   0   5  0.16 0.15
   71 L    2 -3 -1 -1  3  0 -2 -1 -1  1  2 -2 -1 -1 -1  0  0 -4 -2  1   20   0   3   3   6   6   2   5   1   7  19   1   1   2   3   7   4   0   1  10  0.14 0.17
   72 S   -1  0  1 -1 -2 -1  2 -3 -1 -2 -3  2 -3 -1 -1  3  2 -5 -4 -1    4   5   5   3   1   2  11   1   1   2   1  13   0   2   3  26  13   0   0   5  0.31 0.28
   73 F    0 -3 -2 -4 -2 -3 -2 -3 -2  4  0 -4  0  5 -2 -3 -1  1 -1  1    9   1   2   1   1   1   3   2   1  26   6   0   2  25   2   1   3   2   1  10  0.54 0.33
   74 E   -2 -1  3  4 -4 -1  2 -1  0 -2 -3 -1 -2 -4  1  0  1 -5 -1 -3    1   3  13  25   0   2  16   5   2   2   2   3   1   0   7   7   8   0   2   1  0.45 0.30
   75 H   -4 -2 -3 -3 -4 -1 -2 -3  9  1 -1 -1 -2 -3 -5 -2 -2 -5  0 -1    1   2   0   1   0   2   2   2  53   8   7   4   1   1   0   3   2   0   3   5  1.50 0.64
   76 P   -1 -2 -2  0 -1  0  2 -2 -3 -2 -3 -1 -2 -3  5  1  0 -5 -2  0    5   2   1   5   1   5  12   3   0   2   3   3   1   1  32   9   5   0   2   7  0.55 0.33
   77 Y   -2 -5 -4 -2 -6  0 -5  3 -3  0 -4 -2 -3  3 -6 -2 -4 -3  7 -4    3   0   1   3   0   4   0  22   0   6   1   3   1  10   0   2   1   0  43   1  1.22 0.61
   78 P   -1 -3 -3  1 -1 -3  3 -1 -5 -3 -4  0 -5 -4  6  0 -2 -6 -5 -4    4   1   1   9   2   1  17   4   0   2   2   6   0   1  42   6   2   0   0   1  0.99 0.53
   79 P    0 -5 -3 -5  0 -5 -3 -5 -6  2 -2 -4 -2 -3  4 -3  2 -1 -5  5    8   0   1   0   2   0   1   0   0  10   2   1   1   1  21   1  13   1   0  36  0.86 0.49
   80 T   -2 -5  5 -3 -5  0 -1 -5 -1 -3 -4 -4 -3 -5 -5  0  6 -6 -2 -3    4   0  29   0   0   4   3   0   2   1   2   0   0   0   0   5  46   0   1   1  1.21 0.66
   81 K   -1  4 -1  2 -3  0 -2 -5  4 -6 -5  5 -5 -6 -5 -1 -2 -6 -5 -5    4  24   2  10   1   3   1   0   9   0   1  37   0   0   0   5   2   0   0   0  0.99 0.53
   82 L    2 -4 -4 -1 -1 -3 -1  0 -2  3  2 -3 -1 -3 -2 -2 -1  1 -3  2   19   0   0   4   1   0   5   7   1  18  19   1   1   0   1   2   3   2   0  14  0.28 0.24
   83 M    0  4 -3 -3 -5  3 -3  1  0 -1  1 -2  5 -4 -5 -2 -3 -5 -4 -2    7  23   1   1   0  13   0  12   2   3  13   1  18   0   0   2   1   0   0   2  0.62 0.42
   84 F   -2 -4 -6 -6  3 -4  0 -5 -5 -3 -2 -6 -3  5 -2 -5 -6  9  5 -5    3   1   0   0   7   1   7   1   0   1   4   0   0  21   3   1   0  29  21   1  1.65 0.72
   85 S   -1 -3 -1  2  0  3  0 -3  1  2 -2 -2  4  0 -4  1 -1 -4 -1  1    3   0   3  11   2  13   6   1   4  14   2   1  12   3   0  11   2   0   3   9  0.28 0.27
   86 P   -4 -1  2 -2 -4 -4 -4 -6 -2 -4 -3 -5 -6 -5  8 -4 -5 -7 -6 -1    1   3  10   3   0   1   1   0   1   1   3   0   0   1  68   1   0   0   0   6  1.96 0.86
   87 P    1  2  1  2  1  2  0 -2  0 -2 -3  0 -2 -3  1  1 -1 -3 -2 -2   13  11   5  14   3   9   3   3   2   3   2   4   1   1   7  14   2   0   2   2  0.22 0.18
   88 S    1 -1  1 -1 -1 -1 -1  0 -1 -1 -1  0  0 -1  1  2  1  4 -1 -1   12   2   9   2   2   3   3   6   2   4   5   5   2   2   7  16   9   6   1   4  0.13 0.12
   89 L    1  2  0 -1  0 -1 -1 -1 -1  0  0 -1 -1 -1  1  1 -1  2 -1  0   14  12   4   3   2   2   4   3   1   4  10   2   1   2   6  15   2   3   2   7  0.09 0.09
   90 R    0  1  1  0 -2  2  2 -1  0 -1 -1  0 -1  0  0  1  0 -2  1 -1    6   8   6   4   1   9  13   5   2   3   6   5   1   4   3  11   4   0   5   5  0.08 0.08
   91 R   -1  1  0  0 -1  0  1 -1 -1  1 -1  2  3 -2 -1  0 -1  0 -2 -1    5   9   5   4   1   4   9   3   1   8   3  17  11   1   2   7   4   1   1   4  0.13 0.13
   92 P    0 -1 -1 -2  0 -1 -1  1  3 -1 -1 -1 -1 -2  4  0  0 -1 -2  0    8   4   3   2   2   1   2  12   8   4   5   2   1   2  21   8   7   1   1   6  0.27 0.16
   93 S    1 -2 -1  0  0  4  0  0  0 -2 -3 -1  0 -3  0  1  0 -4 -2 -1   10   1   3   5   2  26   6   7   3   2   2   3   2   1   4   9   6   0   2   6  0.27 0.25
   94 S   -1 -1  5 -1 -2  1 -1  0  1 -2 -4 -1 -3 -2 -2  2  1 -4  2 -2    5   3  27   2   1   6   4   6   3   2   1   3   0   1   2  14   9   0   7   2  0.39 0.29
   95 G   -2 -1  1 -3 -1  0 -2 -1  0 -2 -3  0 -2 -5  6  1  1 -5 -4 -1    3   3   7   1   1   4   1   5   2   2   3   7   1   0  36  10   9   0   0   4  0.66 0.37
   96 D   -2 -2  0  5  1  0  2 -2  2 -3 -1 -2 -4 -3 -2 -1 -1 -3 -1 -1    3   2   4  39   3   3  11   3   5   1   6   1   0   1   2   3   5   0   2   5  0.56 0.33
   97 L   -1 -1 -4 -5 -2 -1 -4 -5 -2  4  4 -2  1  0 -4 -3 -1 -4  0  2    4   3   0   0   1   2   0   1   1  21  38   2   3   3   1   1   4   0   3  13  0.55 0.30
   98 L    1 -4 -4 -3  0 -4 -4 -4 -3  4  3 -3 -1  1 -4 -2 -1  1 -2  1   11   0   0   2   2   0   0   0   1  21  35   1   1   5   0   3   4   2   1  10  0.52 0.31
   99 A    6 -5 -5 -5 -4 -4 -5 -2 -5 -1 -4 -4  0 -5 -2 -1 -1 -6 -5  0   74   0   0   0   0   1   0   3   0   3   1   1   2   0   2   3   3   0   0   6  1.40 0.68
  100 S    1 -5 -4 -5  0 -4 -2 -3 -5 -3 -5 -3 -4 -3 -3  3  6 -6 -2 -2    9   0   0   0   2   0   2   2   0   1   0   1   0   1   1  19  55   0   1   3  1.18 0.65
  101 S    0 -3 -3 -2  1 -4 -2  0 -4 -3 -1 -2 -2 -2 -2  4  2  6 -4 -2    5   1   0   2   3   0   1   7   0   1   5   3   1   2   2  39  15  10   0   3  0.67 0.45
  102 G    1 -5 -1  3  1 -4 -3  5 -2 -5 -4 -4 -3 -4 -2  3 -2  1 -4 -5   10   0   2  14   3   0   1  39   1   0   1   0   1   1   2  20   2   2   1   0  0.80 0.46
  103 D   -3 -4 -2  6 -2 -2  1  2 -5 -5 -4 -4 -5 -3 -3 -1 -4 -6 -6  0    2   0   1  52   1   2  10  14   0   0   2   1   0   1   1   5   0   0   0   8  1.12 0.57
  104 F   -1 -2  0  0  2 -1 -1 -2  1 -2 -2 -1 -2  0 -1  2  1 -3  4  0    5   1   5   6   5   2   4   2   4   1   3   4   0   3   2  18   8   0  19   6  0.29 0.26
  105 L   -2 -5 -6 -5 -2 -5 -3  0 -6  1  4 -5 -1 -3 -3 -4 -3 -5 -3  4    2   0   0   1   1   0   2   7   0   7  47   0   1   0   1   1   1   0   1  27  0.88 0.47
  106 R   -4  6 -1 -3 -6  1 -2 -5  4 -4 -3  3 -2 -1 -5 -2 -2 -5  2 -3    1  45   2   1   0   5   2   0   9   1   3  16   1   2   0   2   2   0   6   1  1.03 0.52
  107 L   -4 -3 -4 -5 -5 -4 -6 -6 -2  5  4 -6  0 -1 -6 -5 -2 -5 -4  4    0   1   1   1   0   1   0   0   1  31  34   0   2   2   0   0   2   0   0  24  1.06 0.51
  108 W   -7 -7 -4 -6 -7 -7 -7 -7 -3 -6 -1 -5 -6  4 -4 -3 -7 11  4 -7    0   0   1   1   0   0   0   0   1   0   5   1   0  15   1   2   0  59  12   0  2.95 1.08
  109 E   -3  2  1  5 -2 -1  3 -4 -2 -1 -5  0 -5 -5 -4  1 -2 -6 -4 -3    1  11   7  34   1   3  18   0   1   5   1   4   0   0   0  11   1   0   0   2  0.74 0.43
  110 I   -2 -3 -5 -6 -1 -4 -5 -6 -4  3  2 -3  1  2 -4 -3  0 -2  4  3    3   2   0   0   1   1   0   0   0  17  18   1   3   9   1   1   5   0  13  24  0.62 0.35
  111 N    0  1  1  2 -1  0  0 -1  2 -3 -3 -1  0 -3  0  2  1 -4 -1 -1    9   8   6  13   1   4   3   5   7   0   1   3   3   1   5  15  11   0   2   3  0.21 0.19
  112 E   -1  2  1  3 -2  0  1 -2 -1 -1 -1  2 -2 -2  1  0  0 -4 -1 -2    3  10   6  16   1   4   8   1   2   5   8  13   1   1   7   7   4   0   2   1  0.19 0.16
  113 D   -2 -3  1  3 -4  2  1 -1  4 -4 -3 -1 -4 -2  3 -1  1 -5 -2 -3    3   0   7  19   0   9   8   5  10   0   3   4   0   2  15   4   8   0   1   2  0.44 0.29
  114 S    0 -1  0  1 -3  1  1  0 -1 -2  0  2 -2 -3  3  2 -1 -4 -2 -2    6   2   4   7   0   5   8   7   1   2   9  13   0   0  13  16   3   0   1   2  0.21 0.17
  115 S    1  0  2 -1 -3  0 -1  0  4 -3 -2 -1 -1 -2  0  2  0 -4  0 -2   10   6  10   2   0   5   3   7  12   1   3   3   2   1   5  19   6   0   3   3  0.25 0.20
  116 T    2  1 -1 -1 -1  0 -1 -1 -2 -1 -2  1 -2 -3  1  2  1 -4 -3 -1   16   9   2   4   1   4   3   5   0   3   3  11   1   1   7  15  10   0   1   4  0.20 0.17
  117 V   -1 -2 -2 -3  0  0 -3 -3 -1  2  2 -1  1 -1  2  0 -1 -3 -3  2    4   1   2   1   2   4   1   2   2  15  22   3   3   2  10   8   2   0   0  16  0.24 0.18
  118 E   -1  1  2  1 -4  2  2 -3 -1 -3 -2  2 -3 -1 -2  0  1 -4 -3 -2    5   8  10   8   0   9  17   1   1   1   4  14   0   3   2   5  10   0   0   2  0.30 0.23
  119 P   -3 -3  0 -1 -1  0 -1 -3 -3 -3  0 -2 -2 -4  7 -1 -2 -5 -5 -3    2   1   4   3   1   5   4   2   0   1  10   3   1   1  51   5   2   0   0   2  1.12 0.52
  120 I    0  0 -1  0 -1 -1 -1 -2 -2  1  1  1  0 -2 -2  0  0 -2 -2  1    7   4   2   6   1   3   2   2   1   9  18  13   2   1   1   6   7   1   0  13  0.09 0.10
  121 S    1  0 -1 -2  3  0 -2  0  3 -1 -2 -1 -1  2 -3  2 -1 -2  1 -2   14   6   2   1   6   3   2   8   8   4   3   2   1  10   1  19   2   0   5   3  0.22 0.20
  122 V   -2 -1 -1 -2  0 -2 -1 -2 -4  1  2 -2 -1 -1 -2  1  3 -4 -3  2    2   3   3   2   2   1   4   2   0   6  20   2   1   2   2   9  24   0   0  13  0.27 0.22
  123 L   -2 -4 -2 -3  3 -3 -3 -2 -2  2  3 -3  0  4 -3 -3 -1 -1 -1  0    2   0   2   2   6   1   2   4   1  11  36   1   2  16   1   1   3   1   1   6  0.45 0.26
  124 N   -1  2  4 -1 -1 -1 -1 -1  1 -3 -3  1 -3 -3  0  3  0 -4 -2 -2    5  10  25   3   1   1   2   3   3   1   2   8   0   1   4  21   4   0   1   3  0.41 0.27
  125 N    0 -2  3  0 -2  1 -1  3  0 -2 -2 -1 -1 -3  0  1  0 -3 -2 -1    6   1  19   3   1   7   3  22   2   2   3   3   2   1   5  10   5   0   1   4  0.29 0.19
  126 S   -1 -1  3  0 -4 -1 -1 -2  7 -2 -2 -1  0 -2 -2  2 -2  1  0 -2    4   2  14   5   0   2   3   2  29   3   5   3   2   2   1  14   1   2   2   2  0.60 0.31
  127 K   -1  2  0 -1 -4  1  0  1  0 -3 -3  4  0 -4 -1  0  1 -4 -1 -2    3   9   3   2   0   7   6  13   2   1   1  31   2   0   2   4   8   0   2   2  0.37 0.23
  128 T   -1  1  2  1 -1  0 -1 -1 -1 -1  0  0 -1 -2 -1  1  1  2 -2 -1    3  10  12   8   1   5   2   3   2   2  11   5   1   1   3  11  12   3   1   5  0.11 0.11
  129 S    0  0  1 -1 -2  1  3 -1 -1 -1 -2  0 -2 -3  0  2  1 -4 -3 -1    8   4   5   2   1   8  21   3   1   3   2   4   1   1   5  20   7   0   1   5  0.24 0.19
  130 E   -2 -2 -1  2 -5 -1  5  4 -1 -4 -5 -1 -4 -5 -3 -2 -2 -5 -4 -3    3   1   3  10   0   2  39  32   1   1   1   2   0   0   1   2   1   0   0   2  0.87 0.42
  131 F   -1 -2 -2 -4 -2 -1 -3  1  7 -4 -3 -3 -3  5 -4 -1 -1 -3  4 -4    5   2   1   0   1   2   1  12  30   0   1   1   0  22   1   4   4   0  13   1  0.95 0.43
  132 C    0 -1  1 -1  5  0 -1 -1 -2 -1 -1  0 -1  2  0  0  1 -2 -1 -1    6   2   7   2  14   5   3   5   1   2   5   5   1  13   6   7  13   0   1   2  0.18 0.13
  133 A    3  1 -1 -1 -1  0 -1 -1  0 -2 -1  1 -2 -1  0  1 -1 -2  0 -1   30   9   1   3   1   3   2   3   2   2   5  10   1   2   4  11   3   0   4   3  0.18 0.13
  134 P    0 -2 -2 -1 -3 -1  4 -2 -2 -2 -2 -1  0 -3  5 -1 -2 -3 -2 -2    8   2   1   2   1   1  30   2   1   2   4   2   2   1  32   3   2   0   1   2  0.71 0.25
  135 L   -1 -2 -2 -1 -1 -2 -2  2 -2  2  1 -2  0 -1 -2  0  0 -2 -2  2    3   2   1   4   1   1   2  17   1  12  18   2   2   1   2   6   7   0   1  17  0.12 0.09
  136 T   -1 -2 -1 -2  1 -1 -2 -2  1 -1 -1 -2 -2  2 -2  0  4  1  4 -2    3   2   2   2   3   2   2   2   4   2   6   2   1  11   2   4  33   2  14   2  0.39 0.20
  137 S    2 -3 -1 -3 -1 -3 -3  3 -3 -4 -4 -1 -3 -1 -3  4 -1 -4 -3 -3   20   1   2   1   1   1   1  24   0   1   1   3   0   3   1  39   1   0   0   1  0.70 0.35
  138 F   -2 -4 -5 -5  0 -4 -5 -5 -3  1  4 -5  4  5 -5 -4 -3 -3 -2  1    3   0   0   0   2   0   0   0   1   5  40   0   9  27   0   0   0   0   0  10  0.89 0.39
  139 D   -2 -4 -1  7  0 -3 -1 -3 -2 -6 -6 -4 -1 -6 -4  2 -3 -6 -5 -5    3   0   2  68   2   0   1   1   1   0   0   0   2   0   0  17   0   0   0   0  1.58 0.61
  140 W   -3 -6 -7 -7 -6 -6 -7 -6 -6 -6 -6 -7 -6 -2 -7 -4 -6 13  1 -4    3   0   0   0   0   0   0   0   0   0   0   0   0   1   0   2   0  88   3   1  4.23 1.14
  141 N    1 -3  6 -2  2 -3 -3 -1 -2 -2 -5 -3 -4 -5 -4  4 -1 -5 -4 -3   10   0  41   1   5   0   0   3   1   2   0   0   0   0   0  31   3   0   0   2  0.99 0.48
  142 D   -1 -1  1  1 -2  0  1 -3 -1 -3 -2 -1 -1 -4  5  1  0 -4 -3 -2    4   3   6   6   1   3  10   1   1   1   4   3   1   0  35  11   6   0   1   3  0.60 0.28
  143 V   -1 -1  0 -2 -1 -1 -2 -2  2  1  1 -1  0  0 -1  0  1 -3 -1  2    3   2   5   2   1   2   1   2   8   8  13   4   1   5   2   7  10   0   2  23  0.11 0.12
  144 E    0  1  1  2 -2  0  1  0  1 -2 -1  1 -1 -3 -2  0  0 -3 -1 -1    5   9   9  13   1   4  11   6   4   1   5   9   1   0   1   8   4   0   3   7  0.14 0.10
  145 P    0  0 -1 -1 -3 -1  1 -1 -1 -2 -2  1 -2 -4  5  0  1  1 -2 -2    7   6   3   3   0   2   9   4   1   2   3   8   1   0  31   5   9   2   1   2  0.47 0.23
  146 K   -1 -1  2  3 -4 -1 -1  4  0 -4 -2 -1 -3 -4 -1  1 -1 -4 -3 -3    3   4  10  16   0   1   2  36   2   1   6   4   0   0   2  10   2   0   1   1  0.49 0.26
  147 R   -1  3 -1 -1  1 -1 -1 -3  2  0  1  0  0  0 -3  0 -1  0  1 -1    4  22   2   2   4   2   1   1   7   6  15   5   3   4   0   7   4   1   6   3  0.16 0.14
  148 L   -3 -4 -4 -5 -1 -4 -4 -5 -4  3  5 -4  1  2 -3 -4 -3 -3 -2  1    1   0   0   0   1   0   1   1   0  17  56   0   2   9   1   1   0   0   0   7  0.82 0.33
  149 G    2 -1 -3 -3  1 -3 -3  1 -3  1  3 -3  0 -2 -3 -2 -2 -3 -3  1   23   5   0   0   4   0   1  13   0   8  29   1   2   0   0   1   1   0   0  11  0.29 0.20
  150 T   -1 -3 -1 -3  0 -3 -3 -3 -3 -3 -2 -3 -3 -4 -3  4  5 -4 -4 -1    3   0   2   0   2   0   1   1   0   0   4   0   0   0   0  35  46   0   0   3  0.96 0.45
  151 C    1 -4 -2 -3  3 -3 -3  5 -4 -4 -2 -3 -3 -4 -3  3 -2  2 -4 -3   13   0   0   0   6   0   1  45   0   0   4   0   0   0   0  22   0   3   0   2  0.80 0.35
  152 S   -2 -1 -1  4 -1 -3 -2 -3 -3 -4 -4 -3 -4 -3 -3  5  0 -5  0 -4    2   3   2  29   1   0   0   1   0   0   1   0   0   1   0  50   5   0   4   0  0.93 0.44
  153 I   -2 -3  1  0  6 -2  0 -1 -2  3  0 -3 -1 -2 -4 -2 -2  5 -2  1    1   1   8   7  17   1   7   5   1  22   8   0   1   0   0   1   1   9   1   8  0.42 0.24
  154 D   -2  0  1  7 -5 -2 -1 -2  1 -4 -5  0 -4 -5 -4 -1 -3 -5 -3 -5    2   4   6  63   0   1   1   2   4   1   1   5   0   0   0   5   1   0   1   0  1.20 0.45
  155 T   -1 -1  2  0 -1  0 -2  2  2 -3 -3  1 -1 -4 -3  0  4 -4 -2 -3    4   3  11   4   2   3   1  18   5   0   1   9   2   0   0   7  29   0   1   1  0.37 0.23
  156 T   -2  0  1 -1  0 -1 -2 -3  1 -1 -1  1 -1 -2 -3  0  5 -4 -1 -2    1   4   7   3   2   3   1   1   4   3   4   8   1   2   0   4  48   0   2   2  0.54 0.32
  157 C   -2 -5 -4 -5  7 -4 -5 -5 -5  5 -1 -4  0 -3 -4 -1 -2 -4 -4  3    2   0   0   0  27   0   0   1   0  39   4   0   2   0   0   4   2   0   0  17  1.08 0.41
  158 T   -2  0 -2 -3  5 -2 -2 -3  4 -2 -3  2 -1  0 -3  0  3 -3  3 -2    1   4   0   0  14   0   1   1  14   2   2  13   1   4   0   4  24   0  11   1  0.53 0.30
  159 I   -2 -3 -4 -4 -1 -3 -3 -5  0  4  3 -4  1 -1 -4 -3 -1 -4 -3  3    2   1   0   0   1   1   1   1   2  28  37   0   3   1   0   1   2   0   0  17  0.63 0.28
  160 W   -5 -3 -5 -6 -5 -5 -5 -5 -5 -5 -5 -5 -4 -3 -6 -3  2 12  2 -5    1   2   0   0   0   0   0   1   0   0   1   0   0   0   0   2  13  73   5   0  3.21 0.86
  161 D   -2 -1  2  5 -4  0  1 -2 -1 -4 -2  0 -2 -4 -2  1  2 -4 -4 -3    2   2  10  38   0   4   6   1   1   0   5   4   1   0   2   9  12   0   0   1  0.58 0.30
  162 I   -1  0 -2 -3 -2 -3 -2 -2 -3  3  1 -2  1 -1  3 -1  0 -3 -1  1    2   6   2   0   1   0   1   2   0  23  16   1   3   2  17   3   6   0   2  12  0.31 0.20
  163 E    0  0  0  0  2  0  0  0  1  0 -1  0 -1  0  1  0  0 -2  1  0    6   6   5   6   5   5   6   6   5   6   6   6   0   5   6   6   6   0   5   6  0.03 0.06
  164 K    1  2  0 -2 -4  0  0  0 -1 -3 -3  2 -1 -2 -1  1  2  5 -4 -3   12  11   4   2   0   3   5   6   1   1   2  11   1   1   3  10  15   9   0   2  0.33 0.31
  165 S    0 -1  1 -2 -2  1  0  2  0 -3 -1 -2 -2 -3  2  2 -1  3 -1 -2    8   3   6   2   1   5   5  17   3   1   7   2   1   1  11  17   4   4   2   2  0.24 0.25
  166 V    0  0 -1 -2 -2  2 -1  0  1 -2 -3  1 -2 -3  1  1  3 -5 -3  1    7   5   3   1   1  10   3   6   4   2   1   8   1   1   7  11  17   0   1  13  0.23 0.26
  167 V    0  0 -1  2 -4 -1 -2 -1 -2 -1 -2  0 -1  0  1  2 -2  5 -1  1    9   5   2  10   0   3   2   4   1   3   4   6   1   4   6  15   2   8   2  12  0.19 0.22
  168 E   -1  0  0  1 -4  2  1 -2 -3  0 -1  2  0 -2  1  0  0 -1 -2  0    4   4   5   8   0  10   7   2   0   7   7  16   2   1   6   6   5   1   1   8  0.14 0.17
  169 T   -2  3  0 -2  0  0 -2 -1 -1 -2 -2  1 -1 -4 -2 -1  5  1 -4 -2    3  18   5   2   2   4   2   5   2   3   3   7   2   1   2   4  33   2   0   2  0.53 0.43
  170 Q   -1  2 -4 -1 -1  4 -2 -5  0 -1 -4  1 -4 -6  4  0  2 -6 -5 -1    5   9   0   3   2  20   2   0   2   4   1   7   0   0  20   6  14   0   0   4  0.59 0.46
  171 L   -3 -1 -1 -4  1 -3 -4 -4  1  1  1 -1  1  5 -1  0 -1 -3  3 -1    0   4   4   0   4   0   0   0   4   7  14   4   4  25   4   6   4   0  11   4  0.43 0.31
  172 I   -1 -1 -1 -3  1  2  0 -2  1  1 -1 -1  0  0  0  0  1 -3  1  2    3   3   3   0   3  12   4   3   3  10   5   4   3   4   5   5   8   0   6  15  0.09 0.14
  173 A    4 -1 -2 -2 -4 -1  0  4  2 -4 -4 -1 -4 -5 -3  0 -3 -5 -3 -3   44   3   1   1   0   2   6  28   5   0   0   3   0   0   0   6   0   0   1   1  0.71 0.37
  174 H   -4 -1 -1 -5 -6 -2 -4 -5 11 -6 -6 -3 -5 -5 -6 -3 -3 -6 -2 -6    1   2   2   0   0   1   0   0  87   0   0   1   0   0   0   2   2   0   0   0  3.01 0.88
  175 D   -1 -1  1  4 -4  0  1 -3  0 -3 -3  0 -3 -4 -1  1  3 -4 -2 -3    4   2   5  31   0   3   8   1   2   1   2   5   0   0   2  13  20   0   1   1  0.49 0.27
  176 K    1  1  0  0  0  1 -1  0  1 -4 -4  4 -3 -2 -3  2 -1 -4  1 -3   11   6   3   4   2   6   1   6   3   0   0  30   0   2   0  19   1   0   6   0  0.38 0.26
  177 E    0 -1 -3 -2  5  1  4 -4 -3  0 -3 -2 -3 -4 -2  2 -1 -1 -2  1    5   2   0   1  12   6  29   0   0   7   1   0   0   0   1  19   1   1   1  13  0.46 0.31
  178 V   -2 -5 -5 -5 -3 -4 -5 -5 -5  3 -2 -4 -2 -3 -4 -4 -3 -5 -4  7    2   0   0   0   0   0   0   1   0  15   1   0   0   0   0   1   0   0   0  77  1.51 0.55
  179 H   -3 -3  2 -2 -5 -2  4 -3  1 -4 -3 -3 -3  3 -4 -3 -2 -2  6 -4    2   0   9   0   0   0  34   2   2   0   2   0   0  10   0   1   2   0  33   0  0.97 0.43
  180 D   -2 -3 -1  7 -5  0 -1 -4 -2 -5 -5 -3 -5 -5 -4  0 -2 -6 -5 -5    3   1   2  76   0   4   2   0   1   0   1   1   0   0   0   7   2   0   0   0  1.69 0.58
  181 I    1 -4 -4 -4  1 -3 -4 -4 -4  4  1 -4  3 -2 -4 -2 -1 -4 -3  4   11   0   0   0   4   0   0   0   0  24  13   0   8   1   0   1   3   0   0  33  0.61 0.29
  182 A    3  1 -1 -2  2  4 -1 -2 -2 -2 -2  1 -1 -4 -3  1 -2 -4 -3 -1   25   8   2   1   5  27   2   1   0   2   4   6   1   0   0  10   1   0   0   3  0.42 0.28
  183 W   -5 -5 -6 -6 -2 -5 -5 -5 -1 -5 -4 -5 -4  5 -2 -5 -5 11  3 -5    0   0   0   0   1   0   0   0   1   0   1   0   0  26   2   0   0  55   9   0  2.67 0.75
  184 G   -1 -2  4 -2 -4 -1 -2  1  6 -5 -5 -1 -4 -4 -4  4 -2 -5 -3 -4    3   1  18   1   0   2   0   9  22   0   1   3   0   0   0  38   0   0   0   0  0.90 0.42
  185 E   -2  0  1  0 -4 -1  3  0  2 -4 -4 -1 -4 -4  5  2 -2 -2 -2 -4    1   4   5   3   0   1  19   6   5   1   1   2   0   0  29  20   1   1   1   0  0.66 0.32
  186 A    1  1 -1 -1 -2 -1  0 -2  0 -2 -1  1 -2 -2  4  1  1 -4 -2 -1   13   8   2   3   0   2   7   2   3   2   5   8   0   1  22  10   9   0   0   4  0.30 0.16
  187 R   -3 -2  3  4 -4 -1  1 -1  6 -4 -4 -2 -2 -4 -3  0  1 -4 -1 -4    1   2  17  29   0   2   6   4  19   0   1   0   1   0   0   6   8   0   2   0  0.73 0.33
  188 V   -1 -1 -2 -2  0 -1  0 -2 -1  2  0 -1  1  0 -2 -1  0  1 -1  3    2   2   2   2   2   2   8   2   2  13   7   2   3   3   1   3   5   2   1  37  0.17 0.13
  189 F   -3 -3 -3 -4 -3 -3 -3 -4 -2  1  1 -3  1  7 -4 -1 -2 -1  3 -1    1   1   0   1   0   0   1   1   0   8  12   1   3  53   1   6   1   0   9   3  0.81 0.29
  190 A    3 -2 -2 -3  1 -2 -2  3 -3 -1 -1 -2  0  0 -2  0 -1 -3 -2  0   39   1   0   1   3   0   1  23   0   3   6   1   2   5   1   3   3   0   0   7  0.32 0.18
  191 S    0 -2 -1 -2 -2 -2 -2 -2 -2 -1 -2 -2 -2 -3 -2  5  3 -3 -3 -1    4   1   0   1   0   0   1   1   0   4   4   1   0   0   1  55  22   0   0   4  0.63 0.31
  192 V    1 -2 -1 -2  4 -1 -2  1 -2  1 -1 -1 -1 -2 -2  1  1 -2 -2  1   13   1   1   1  13   1   1  13   0  13   1   1   0   0   1  13  13   0   0  13  0.15 0.06
  193 S    1 -2 -1 -1  3 -1  0  3 -1 -2 -2 -1 -2 -1 -2  2  0 -2  1 -2    8   1   1   1   9   1   7  26   0   1   1   1   0   0   1  26   1   0  10   1  0.21 0.09
  194 A    4 -3  0  3  1 -2 -2  2 -4 -3 -4 -3 -4 -5 -4  0 -1 -5 -5  1   39   1   3  16   3   1   2  14   0   0   0   1   0   0   0   4   3   0   0  12  0.58 0.37
  195 D   -6 -6 -1  8 -8 -3 -2 -5 -6 -8 -8 -4 -8 -8 -6 -3 -6 -9 -8 -8    0   0   1  94   0   1   1   1   0   0   0   1   0   0   0   1   0   0   0   0  2.79 0.98
  196 G   -2  1 -2 -5  3  1 -4  6 -1 -5 -3  1 -5 -6 -5 -3 -3 -6 -6 -5    2   8   1   0   5   7   0  61   2   1   3   9   0   0   0   0   1   0   0   0  1.22 0.55
  197 S   -3 -2 -1 -4 -5 -2 -3 -4  0 -5 -2  0 -3 -2 -5  5  4 -6 -1 -4    0   2   2   0   0   2   1   0   2   0   4   5   0   2   0  53  25   0   2   1  1.04 0.58
  198 V   -2 -6 -6 -6 -2 -5 -6 -6 -6  4  3 -5  2 -2 -6 -5 -3 -2 -4  5    4   0   0   0   1   0   0   0   0  20  31   0   4   1   0   0   0   1   0  39  1.07 0.48
  199 R   -3  7 -4 -5 -3  2 -4 -4 -3 -3 -3  2  2 -3 -6 -3 -5 -6 -5 -4    2  63   0   0   1  10   0   1   0   2   2  10   5   1   0   1   0   0   0   1  1.50 0.65
  200 I   -2 -6 -6 -7 -3 -3 -6 -7 -4  6  2 -6  6 -2 -6 -5 -4 -6 -5  3    3   0   0   0   0   1   0   0   0  42  13   0  18   1   0   0   0   0   0  19  1.26 0.55
  201 F   -7 -4 -3 -8 -5 -7 -8 -7 -2 -3 -3 -7 -5  7 -8 -7 -4 10  0 -3    0   1   2   0   0   0   0   0   1   1   2   0   0  46   0   0   1  41   2   2  2.73 0.94
  202 D   -7 -7 -4  9 -9 -5 -3 -6 -6 -8 -9 -6 -8 -9 -7 -4 -6 -9 -8 -8    0   0   0  99   0   0   0   0   0   0   0   0   0   0   0   1   0   0   0   0  3.13 1.09
  203 L   -2 -3 -5 -6  0 -4 -5 -6 -4  2  5 -5  0 -3 -5 -3  3 -5 -4  2    2   1   0   0   2   1   0   0   0   9  49   0   1   0   0   1  20   0   0  14  0.91 0.47
  204 R   -6  9 -4 -7 -5 -3 -5 -7 -5 -8 -5 -1 -6 -8 -7 -6 -6 -8 -7 -7    0  96   0   0   0   1   0   0   0   0   1   1   0   0   0   0   0   0   0   0  2.96 1.06
  205 D    1 -1  1  2 -1  1  0 -2  3 -3 -3 -1  0 -3 -3  4  0 -5 -4 -2   11   2   6  10   1   7   5   1   8   1   2   2   2   1   1  32   6   0   0   3  0.40 0.30
  206 K   -2 -1  1 -2 -5 -1 -2 -1 -3 -2  3  3  0 -4  4 -1 -2 -5 -4 -3    3   2   7   2   0   2   2   5   0   1  31  19   1   0  18   3   2   0   0   0  0.47 0.33
  207 E    0  0  1  2 -4  1  4  0  0 -5 -5  1 -4 -5  1  1 -1 -5 -4 -4    7   4   7  10   0   6  33   6   2   0   0   7   0   0   6   9   3   0   0   1  0.51 0.32
  208 H   -1  2  0 -3 -4 -2 -2 -4  8 -6 -4  1 -3 -5  0  1  1 -6 -1 -3    4   9   4   1   0   1   1   1  41   0   1   8   0   0   6  10   8   0   2   1  1.09 0.52
  209 S    1 -2 -1 -2  1 -1 -2 -3 -3 -3 -4  1 -4 -3  1  5  1 -5 -2 -3   12   2   2   1   3   3   2   0   0   1   1   9   0   1   8  44   8   0   2   1  0.63 0.42
  210 T    0 -2  0 -4  4 -1 -3 -3 -2 -3 -3  0  1 -4  0  0  5 -5 -4 -1    9   2   4   0   7   2   1   1   1   1   2   7   4   1   5   6  44   0   0   4  0.66 0.41
  211 I    2 -5 -4 -3  0 -2 -3 -5 -5  6  0 -3  3 -4  0 -1 -1 -5 -4  1   16   0   0   1   2   2   1   0   0  44   6   1   7   0   5   5   3   0   0   8  0.72 0.40
  212 I    0 -4 -4 -4 -1 -2 -4 -5 -3  5  3 -3  1 -3 -3  1 -2 -5 -3  1    7   1   0   0   1   2   0   0   1  34  24   1   3   0   1  12   1   0   0  10  0.62 0.35
  213 Y   -2 -3 -3 -4 -3 -2 -3 -2  2  0  0 -3 -2  2 -4 -2  1 -1  7  0    3   1   1   1   0   1   2   3   5   5   9   2   0   6   1   3   8   1  42   5  0.84 0.39
  214 E    0  0 -2  0 -1  0  5 -3 -2 -1 -3  0 -2 -3 -1  0  1 -4 -4  1    6   4   1   3   2   4  40   1   0   4   2   4   1   1   3   5  10   0   0   9  0.46 0.30
  215 S    1 -2  0  1 -2 -1  0 -2 -3  0 -2 -1 -2 -2  2  2  2 -4 -3  2   14   1   4  10   0   3   4   2   0   4   1   3   1   2   9  14  11   0   0  17  0.22 0.19
  216 P   -1  0  0  1 -2  0  1 -1  1 -3 -3  1 -2 -4  5  0  0 -4 -3 -2    4   4   5   7   1   4   8   5   3   1   1  10   1   1  31   5   6   0   1   2  0.52 0.26
  217 Q    4 -1  1 -1 -2  2  0  0 -1 -2 -3 -1 -2 -3 -1  1  0 -4 -3 -1   36   2   7   3   0  11   6   7   1   2   2   2   1   1   3   8   4   0   0   4  0.34 0.24
  218 P   -2 -3 -2 -1 -6  0 -2  0  9 -5 -4  0 -4 -4  2  0 -3 -6 -3 -5    3   1   1   3   0   4   1   9  50   0   2   5   0   1  10   8   1   0   0   1  1.41 0.60
  219 D   -1 -1  2  3 -4  0  2  0  2 -4 -2  0 -2 -4  0  1  1 -4 -3 -3    4   2  12  19   0   3  13   6   5   0   5   5   1   0   4  10   9   0   0   1  0.31 0.21
  220 T    2 -1  0  0  0  0 -1 -1  0 -2 -2  0 -2 -2  1  2  2 -4 -2 -1   20   2   3   5   2   4   2   4   2   1   4   5   1   2   6  16  16   0   1   3  0.20 0.18
  221 P    0 -4 -3  5 -6 -2  4 -4 -2 -6 -5 -4 -5 -5  5 -2 -4 -6 -5 -5    8   0   1  30   0   1  23   1   1   0   1   0   0   0  32   2   0   0   0   1  1.24 0.57
  222 L   -3 -6 -6 -6 -2 -5 -6 -7 -6  3  4 -6 -2 -3 -6 -5 -4 -5 -4  5    1   0   0   0   1   0   0   0   0  16  42   0   0   0   0   0   0   0   0  39  1.26 0.54
  223 L   -4 -5  6 -4 -2 -3 -5 -5 -4 -3  5 -5  1 -4 -6 -4 -3 -6 -5 -2    1   0  41   0   1   1   0   0   0   0  48   0   3   0   0   0   1   0   0   2  1.35 0.63
  224 R    0  5 -4 -5  4 -1 -4 -3 -4 -3 -4 -1 -4 -4 -5  0  0 -6 -3  3    8  37   0   0   9   2   0   1   0   0   0   3   0   0   0   7   5   0   1  25  0.86 0.47
  225 L   -3 -6 -6 -7  3 -6 -6 -7 -6  5  5 -6  1 -2 -6 -5 -4 -5 -4  1    2   0   0   0   6   0   0   0   0  30  50   0   3   1   0   0   0   0   0   8  1.21 0.52
  226 A    3 -3 -1  3  1 -1  0 -2 -3 -5 -5 -1 -5 -6 -4  4 -2 -6 -5 -5   27   1   2  15   3   2   5   3   0   0   0   3   0   0   0  38   1   0   0   0  0.81 0.48
  227 W   -2 -7 -8 -8 -2 -7 -8 -6 -7 -5 -6 -8 -6  5 -2 -5 -2 12 -2 -7    4   0   0   0   1   0   0   0   0   1   0   0   0  21   2   1   3  66   1   0  3.32 1.09
  228 N   -4 -5  8 -2  2 -4 -5 -4 -2 -7 -7 -3 -6 -7 -6  3 -4 -8 -6 -7    1   0  71   2   4   0   0   0   1   0   0   1   0   0   0  20   0   0   0   0  2.14 0.86
  229 K   -3  3  0 -3 -4 -2 -1 -4  0 -6 -5  5 -5 -3  5 -2 -2 -6 -3 -6    1  15   4   1   0   1   2   0   2   0   1  39   0   1  27   2   2   0   1   0  1.13 0.54
  230 Q   -2 -1  0 -2 -1  4 -2 -3  3  0  0  0 -1  1 -4 -1 -1 -1  4 -2    3   3   5   1   1  19   1   2   8   5   8   6   1   6   0   5   4   1  19   2  0.37 0.28
  231 D   -1 -1  3  6 -3 -1  2 -4 -3 -5 -6 -2 -4 -3 -4  1 -1 -6 -3 -3    5   4  11  45   0   2  12   1   0   1   0   1   0   1   0  10   4   0   1   2  0.92 0.46
  232 L   -1 -4 -1  0 -4  1  2 -3 -2 -4 -2 -3 -4 -3  6  1  0 -6 -4 -3    6   0   2   5   0   7  16   2   1   0   4   0   0   1  36  12   5   0   1   2  0.80 0.43
  233 R   -3  1  5 -3  2 -1 -3 -3  5 -4 -2 -2  0  3 -5 -1  0  2  2 -2    1   9  26   0   5   2   1   2  13   0   3   2   3  12   0   3   7   2   8   2  0.59 0.36
  234 Y   -4 -2 -5 -6 -3 -4 -3 -6  0  3  2 -2  2  2 -6 -3 -1 -3  6  0    0   2   0   0   0   0   1   0   2  15  24   2   6   8   0   1   3   0  28   7  0.78 0.40
  235 M   -3 -6 -7 -7 -3 -4 -6 -6 -6  4  5 -6  4 -1 -6 -6 -4 -5 -4  2    2   0   0   0   0   0   0   0   0  19  54   0  11   2   0   0   0   0   0  11  1.20 0.53
  236 A    6 -5 -5 -6 -4 -5 -5 -2 -6 -3 -1 -5 -3 -6 -5  1 -2 -6 -6  0   73   0   0   0   0   0   0   2   0   1   6   0   0   0   0  10   1   0   0   6  1.39 0.67
  237 T   -1 -4 -4 -4  0 -4 -4 -4 -5 -3 -3 -4 -2 -4 -4  2  7 -5 -5  0    5   0   0   0   2   0   0   1   0   1   2   0   1   1   0  14  65   0   0   5  1.38 0.63
  238 I    1 -4 -3 -3 -2 -3 -3  3 -3  1 -1 -3  1  5 -3  1 -2 -3 -2  0   10   1   1   1   1   1   1  27   0   9   4   1   3  23   1   9   2   0   0   6  0.49 0.28
  239 L    1 -4 -2 -4 -4 -2 -2  4  2 -3 -2 -2 -2 -5 -4  4 -3 -6 -5 -3   12   0   1   0   0   1   2  34   5   1   4   2   1   0   1  35   0   0   0   1  0.83 0.47
  240 M    2 -3 -2 -1  0  0 -2  1 -1  0 -1 -3  5 -3 -3  1  0 -4 -3  1   18   0   1   4   2   5   2  11   2   4   3   0  17   0   0  10   5   0   0  13  0.27 0.23
  241 D   -6 -4  0  8 -8 -4 -1 -5 -4 -7 -5 -3 -7 -5 -6 -4 -6 -9 -5 -5    0   1   4  86   0   0   3   0   0   0   1   1   0   0   0   0   0   0   0   1  2.43 0.91
  242 S   -1 -2  0  4 -4 -1  0  1 -3 -4 -4  3 -4 -4 -3  4 -1 -5 -4 -3    3   1   3  21   0   2   4   9   0   1   1  18   0   0   1  31   3   0   0   2  0.61 0.35
  243 N   -1  1  3  0  2 -1 -2  3 -1 -3 -3 -1  0 -3 -1  1  1 -3 -3 -3    4   7  17   4   4   2   1  26   1   1   2   2   2   1   3  12   9   0   1   2  0.38 0.22
  244 K    0  0 -1  0  0  1  2 -1 -2 -1 -1  1 -1 -2 -3  1  3 -4 -1  0    6   3   1   6   2   5  12   3   1   4   5  11   1   1   0   8  21   0   2   6  0.17 0.17
  245 V   -3 -6 -6 -6 -4 -5 -6 -5 -6  5  1 -5 -2  2 -6 -5 -2  3 -4  5    1   0   0   0   0   0   0   1   0  31  12   0   0   7   0   0   2   4   0  41  1.13 0.50
  246 V    0  2 -1 -3 -1  0 -2  0  1  1 -1  2 -1 -2 -3  0  0 -4 -2  1    9  12   3   0   2   4   0   9   4  11   4  18   1   1   0   5   4   0   1  12  0.16 0.17
  247 I   -3 -6 -6 -6 -5 -6 -6 -4 -6  6  2 -4 -1 -4 -6 -5 -3 -6 -5  4    1   0   0   0   0   0   0   2   0  47  15   1   0   0   0   0   1   0   0  32  1.35 0.56
  248 L   -6 -3 -7 -8 -6 -4 -7 -7  0  1  3 -6  0  0 -7 -7 -6 11 -3 -3    0   2   0   0   0   1   0   0   2   8  31   0   2   3   0   0   0  48   0   2  2.26 0.81
  249 D   -6 -6 -3  9 -8 -5 -2 -6 -6 -8 -8 -5 -8 -8 -6 -3 -6 -9 -8 -8    0   0   0  96   0   0   1   0   0   0   0   0   0   0   0   2   0   0   0   0  2.97 1.04
  250 I   -2 -5 -6 -6  1 -5 -4 -6 -5  4  4 -4  5 -2 -5 -3 -1 -3 -4  2    2   0   0   0   2   0   1   0   0  21  39   0  13   1   0   1   3   0   0  14  0.89 0.42
  251 R   -6  9 -5 -6 -8 -4 -3 -7 -2 -8 -7 -1 -6 -8 -5 -3 -6 -7 -6 -7    0  94   0   0   0   0   1   0   1   0   0   1   0   0   1   2   0   0   0   0  2.84 1.02
  252 S   -1 -1  4 -2 -5  3 -2 -3 -1 -3 -2  1  3  0 -4  1 -1 -5  0  0    4   2  25   0   0  17   1   1   1   1   2   8   7   5   0  12   3   0   3   7  0.47 0.35
  253 P   -2 -3 -3 -4 -5 -4 -4 -1 -5 -2  1 -3 -2  2  7 -3 -2 -5  1 -1    3   1   1   0   0   0   1   5   0   1  14   2   1  10  48   1   2   0   4   4  1.09 0.51
  254 T    0  1 -1  1  3 -1 -1  3 -3 -3 -3  2 -2 -3 -1  1  1 -5 -3 -3    6   6   2   7   7   2   2  22   0   1   1  17   1   1   3   8  12   0   0   1  0.32 0.24
  255 M    0  0 -1 -2 -2  3  0 -3 -2 -1  0  0  0 -1 -2  2  2 -4 -2  1    5   3   1   1   0  16   6   1   0   2   9   5   2   3   1  18  13   0   1  11  0.22 0.23
  256 P    1 -2 -5 -5  1 -5 -3 -5 -2 -4 -3  2 -3 -3  7 -3 -4 -7 -6 -2   10   2   0   0   3   0   1   1   1   1   2  11   1   1  61   2   0   0   0   4  1.61 0.68
  257 V   -2 -5 -5 -5 -4 -4 -1 -6 -3  2  3 -5  1 -1 -5 -4 -2 -5  1  5    2   0   0   0   0   0   4   0   1   8  25   0   3   2   0   1   2   0   4  47  0.90 0.44
  258 A    4 -4 -1 -4  0 -3 -3 -2  5 -3 -1 -4  1 -1 -4 -1  1 -5 -3 -1   43   0   3   0   2   0   1   2  16   1   7   0   3   3   0   4   9   0   0   4  0.68 0.41
  259 E   -2  1 -1 -2 -2  2  3 -4  3 -1 -3  0 -2 -4 -2  1  2 -5 -2  0    2   8   3   1   1  10  20   0   8   3   1   4   0   0   1  12  16   0   1   9  0.35 0.28
  260 L   -5 -6 -7 -7 -5 -6 -6 -7 -6 -1  5 -6 -1  6 -6 -6 -5 -4  0 -2    0   0   0   0   0   0   0   0   0   2  62   0   1  30   0   0   0   0   2   1  1.61 0.65
  261 E   -1  2  2  1 -2  1  2 -2  0 -2 -2  3 -2 -4 -3  1 -1 -5 -4 -2    4  10  10   8   1   6  17   1   2   3   5  20   0   0   0   9   3   0   0   2  0.32 0.23
  262 R    0  0  2 -3 -2  0 -3  4  2 -3 -3 -2 -4  0 -4  0 -2  4  2 -4    8   6   9   0   1   5   1  33   5   2   2   2   0   4   0   8   1   6   7   1  0.49 0.31
  263 H   -4 -5 -1 -4 -2 -3 -4 -7 11 -8 -7 -6 -7 -6 -6 -5 -7 -7 -3 -6    2   0   2   1   1   1   1   0  90   0   0   0   0   0   0   1   0   0   0   1  3.60 1.17
  264 Q   -1  3  1  0 -5  2  1 -1  0 -3 -4  3 -2 -5 -3  1  3 -5 -4 -3    4  15   5   4   0  10   7   5   2   1   1  17   1   0   0   9  19   0   0   0  0.42 0.30
  265 A    3 -3  0  2 -3 -1  0  2  0 -4 -4  0 -4 -3 -4  0 -1 -3  3 -3   28   0   4  14   0   3   5  16   3   0   1   5   0   1   0   6   2   0  11   1  0.42 0.31
  266 S    3 -3 -1 -2  2  0  2 -2 -1 -5 -5 -3 -4 -4  5  1 -3 -6 -2 -3   26   1   3   2   5   4  12   2   2   0   0   0   0   0  28  11   1   0   2   1  0.71 0.42
  267 V   -4 -4 -7 -7 -3 -6 -7 -7 -7  6 -2 -6 -3 -3 -5 -6 -4 -7 -5  6    0   1   0   0   0   0   0   0   0  37   2   0   0   1   0   0   0   0   0  57  1.75 0.70
  268 N   -4  2  6 -4 -4 -3 -4 -4 -4 -3 -4 -2 -5  2 -5 -1  4 -5  0 -4    0  13  36   0   0   0   0   0   0   1   1   2   0  10   0   2  29   0   3   0  1.10 0.57
  269 A    2  0 -2 -1  2  2 -3  1 -4 -5 -5  1 -4 -5 -4  4  0 -6 -5 -4   16   6   1   3   5  11   0  10   0   0   0   7   0   0   0  37   4   0   0   0  0.64 0.42
  270 I   -4 -6 -6 -7 -5 -6 -6 -4 -7  6  2 -6  1 -3 -6 -5 -4 -6 -5  5    1   0   0   0   0   0   0   2   0  43  14   0   2   0   0   0   0   0   0  37  1.38 0.58
  271 A    3 -2 -3  0  0  3  4 -1 -1 -5 -5  1 -4 -5 -3  1 -1 -5 -4 -4   22   1   0   3   2  11  30   4   1   0   0  10   0   0   1  11   2   0   0   1  0.59 0.38
  272 W   -8 -8 -9 -9  0 -7 -8 -8 -8 -8 -7 -8 -7  2 -9 -8 -8 13 -2 -8    0   0   0   0   2   0   0   0   0   0   0   0   0   8   0   0   0  88   1   0  4.62 1.38
  273 A    2 -4  0 -2  1 -3 -4  0  7 -6 -5 -4 -3 -6 -5  5 -2 -6 -3 -5   17   0   4   1   3   0   0   6  25   0   0   0   0   0   0  40   1   0   0   0  1.15 0.59
  274 P   -4 -4 -5 -5 -7 -5 -5 -5 -4 -7 -6 -5 -6 -7  9 -2 -2 -5 -7 -6    1   1   1   1   0   0   0   1   0   0   0   0   0   0  89   2   2   0   0   0  2.86 1.00
  275 Q   -2 -2  1 -1 -2  1 -2 -1  8 -3 -3 -1 -1 -1 -3  0  3 -3  0 -3    2   2   5   3   1   6   2   4  36   2   2   3   1   2   1   7  17   0   2   1  0.83 0.43
  276 S   -2  2  1  3 -2 -1  3 -3  1 -6 -5  0 -3 -6 -4  3 -2 -6 -4 -4    2  11   7  18   1   2  20   1   4   0   0   4   0   0   0  28   1   0   0   1  0.67 0.41
  277 C    2  1 -1  0 -1  0  3  0 -1 -4 -4 -1 -3 -5  1  2 -1 -5 -4 -3   20   9   1   6   1   3  18   7   2   0   0   2   1   0   7  19   3   0   0   1  0.39 0.28
  278 K   -1  0  2  0  4 -1 -3  1 -1 -4 -5 -2 -4 -5 -2  3  3 -5 -2 -3    4   5  11   4   8   2   0  13   1   1   0   1   0   0   2  26  18   0   2   1  0.51 0.34
  279 H   -2 -3 -2 -4 -3 -1 -2 -5  5  3  0 -3  2 -2 -5 -3  0 -1  0  3    2   0   2   1   0   3   3   0  16  18   8   1   6   1   0   1   7   1   4  25  0.53 0.32
  280 I   -5 -6 -6 -7 -1 -6 -6 -7 -6  4  5 -6  1  4 -6 -6 -4 -5 -3  1    0   0   0   0   1   0   0   0   0  21  53   0   3  15   0   0   0   0   0   7  1.23 0.52
  281 C    5 -6 -5 -6  7 -5 -5 -1 -2 -1 -2 -5  0 -6 -5 -2 -3 -6 -5  0   53   0   0   0  23   0   0   5   1   3   5   0   2   0   0   2   1   0   0   5  1.31 0.60
  282 S    1 -5 -4 -5 -5 -4 -4 -4 -5 -2 -3 -4 -5 -6 -5  6  3 -6 -5  1   10   0   0   0   0   0   0   0   0   2   2   0   0   0   0  56  20   0   0  10  1.20 0.63
  283 G    4 -5 -4 -5  5 -4 -5  3 -5 -4 -4 -4 -4 -5 -5  3 -2 -6 -4  1   31   0   0   0  12   0   0  21   0   0   1   0   0   0   0  24   2   0   0  10  0.90 0.49
  284 G    1 -5 -4 -2 -3 -5 -5  5 -5 -7 -7 -5 -6 -7 -5  4 -1 -6 -6 -6   10   0   0   2   0   0   0  48   0   0   0   0   0   0   0  36   4   0   0   0  1.36 0.63
  285 D    2 -3 -2  5 -5 -3  1 -2 -3 -5 -4 -4 -3 -2 -5 -1  0 -4  4 -5   21   1   1  35   0   0   9   3   0   0   1   0   1   1   0   4   5   0  18   0  0.85 0.47
  286 D   -5 -4 -3  8 -8 -5 -3 -6 -6 -8 -8 -3 -8 -8 -6 -5 -6 -9 -8 -8    1   1   0  96   0   0   0   0   0   0   0   1   0   0   0   0   0   0   0   0  2.90 0.99
  287 T   -2  3  3  2  5 -2 -3  1  2 -4 -4  0  3 -1 -4  1 -2 -5 -4 -4    3  17  13  12  11   1   0  11   6   0   0   4  10   2   0   9   1   0   0   0  0.50 0.33
  288 Q   -4  4 -4 -4 -1  6 -2 -4 -2 -5 -3  0 -3 -4 -5  1  3 -6 -4 -4    0  19   0   0   1  42   0   0   1   0   3   4   0   1   0  10  17   0   0   1  1.09 0.57
  289 A    3 -4 -5 -6  1 -5 -5 -5 -6  3  2 -5 -1 -4 -5 -3 -1 -5 -4  5   24   1   0   0   3   0   0   0   0  14  16   0   0   0   0   0   4   0   0  37  0.81 0.42
  290 L   -1  2  0 -5  2 -3 -4 -5  1  0  3 -3  2 -2 -5 -1  2 -5 -2 -2    4  13   4   0   5   0   0   0   3   6  36   0   5   1   0   4  17   0   1   1  0.48 0.33
  291 I   -4 -5 -4 -6 -4 -1 -6 -7 -6  6  2 -5  3  1 -6 -5 -4 -5 -1  3    0   0   1   0   0   3   0   0   0  41  20   0   6   6   0   0   0   0   2  20  1.04 0.46
  292 W   -8 -8 -9-10 -5 -8 -8 -8 -8 -8 -7 -9 -7  1 -9 -5 -8 13  0 -8    0   0   0   0   0   0   0   0   0   0   0   0   0   4   0   1   0  92   3   0  4.78 1.37
  293 E   -6 -6  0  8 -7 -3  0 -5 -5 -6 -7 -5 -7 -7 -4 -3 -4 -8 -7 -4    0   0   4  83   0   1   6   0   0   0   0   0   0   0   1   2   0   0   0   1  2.31 0.83
  294 L   -3 -2 -3 -6 -1 -3 -5 -6 -5  3  5 -5  1  1 -5 -5 -1 -4 -1  0    1   2   1   0   1   1   0   0   0  13  60   0   3   6   0   0   3   0   2   4  0.96 0.43
  295 P    2  0  2 -1 -2  1 -2 -2 -2 -4 -4 -2  0 -4  1  4 -1 -5 -3 -3   18   6   9   3   1   6   1   2   1   0   1   1   3   0   8  36   3   0   1   1  0.53 0.36
  296 T    0  2  0  0 -3  2  0 -2  1 -2 -2  1 -1 -4  0  1  1 -4 -3  2    6  11   5   4   0  11   4   2   3   1   3   9   1   0   3  12   9   0   0  18  0.18 0.18
  297 V    0 -3 -1 -2 -3 -1  3 -1 -2  2  0 -1  3 -3 -1 -1 -1 -4 -3  1   10   0   2   1   0   1  25   4   0  15  10   3   8   0   3   4   3   0   0  11  0.26 0.23
  298 A    2 -1  1 -1 -3  1  0  2 -1 -3 -3  0 -2 -4  3  1  0 -4 -4 -2   18   3   7   2   0   6   7  18   1   1   1   6   1   0  13   8   4   0   0   3  0.30 0.20
  299 G    1  1  1  3 -2  0  2  1  1 -4 -3  0 -2 -4  0  0 -1 -4 -3 -2   12   8   6  18   1   3  12  13   3   0   2   6   1   0   3   5   3   0   0   2  0.26 0.18
  300 P    0 -1 -2  1 -4  0  2 -2 -2 -3 -1  0 -2 -4  4  1 -1 -5 -4 -2    8   3   1   9   0   3  17   2   1   1   7   6   1   0  24  12   3   0   0   3  0.44 0.27
  301 N   -1 -1  1  0 -1  3  1  0  0  1 -2  0 -1 -3  0 -1  0 -4 -1  0    5   2   7   4   1  19  10   7   2   9   3   4   1   1   4   4   6   0   1   8  0.15 0.16
  302 G    0 -2  0  2  0  0  2  2  0  0 -2 -1 -1 -4  0  0  0 -3 -3 -1    6   2   3  16   2   4  15  15   3   6   3   1   1   0   4   6   7   0   0   4  0.19 0.16
  303 I    0  0 -1 -1  1  0  0 -1 -1  1  0 -1  0 -1  3 -1  0 -3  0  1    5   4   3   4   4   5   6   4   1  12  11   2   2   1  14   3   5   0   4   9  0.11 0.09
  304 D   -2 -2  1  5 -2  1  2 -2 -1 -4 -5 -2 -2 -5  4 -1  0 -5 -2 -3    2   2   6  29   1   7  14   3   1   1   1   2   1   0  19   4   5   0   1   2  0.66 0.35
  305 P   -2 -5 -2 -4 -2 -3 -1 -5  1 -3  0 -4 -5 -5  8 -2 -3 -6 -5 -3    3   0   3   1   1   1   3   0   3   2  11   1   0   0  65   2   2   0   0   2  1.69 0.67
  306 M   -1 -2 -3 -2 -3  1  2 -4  1  2  3 -2  3  0 -3 -2 -2 -4 -1  1    4   1   1   2   0   7  13   1   4  13  28   1   8   3   1   2   1   0   2   9  0.30 0.23
  307 S    0 -3 -4 -4 -2 -2 -2 -4 -2 -2  4 -4  3  5 -2 -1 -1 -3  0 -2    9   1   0   1   1   1   2   1   1   0  39   1   6  22   2   5   4   0   2   1  0.61 0.35
  308 V    2 -2 -2 -2  1 -2  0 -3 -3  2  2 -3  1 -2 -4  0 -1  0 -2  2   21   1   1   1   2   1   8   1   0  14  20   0   2   1   0   6   3   2   1  13  0.24 0.21
  309 Y   -5 -5 -4 -6 -1 -5 -5 -5  7 -2 -4 -5 -1  5 -4 -5 -4  5  6 -3    1   0   1   0   1   0   0   0  27   2   1   0   1  23   1   1   1   8  30   1  1.71 0.67
  310 S   -2 -1  1  0 -3  4  0 -1 -1  0 -3  0  3 -4 -3  1  2 -5 -4  0    2   2   5   6   0  21   5   5   1   5   1   6   8   0   0  10  13   0   0   8  0.30 0.27
  311 A    3 -4 -3 -3  3 -2 -2  3  6 -4 -4 -3 -4 -5 -2  0  0 -5 -4 -2   23   0   0   1   6   1   2  24  22   1   1   1   0   0   2   7   5   0   0   3  0.75 0.42
  312 G   -2 -2 -1  2 -5  4  1  3  4 -5 -3 -1 -3 -5  0 -2 -2 -5 -1 -4    2   1   2  11   0  22   9  25  11   0   2   3   1   0   4   2   2   0   2   1  0.61 0.37
  313 S    0 -1 -1 -3 -1  0 -2  3  0 -3 -2  2 -1 -3 -3  2  1 -4  2 -3    8   3   2   0   1   4   2  22   2   1   4  12   2   0   0  18  10   0   7   1  0.30 0.25
  314 E   -2 -3 -2  3 -7  0  6 -4  4 -6 -6  0 -3 -6  1 -3 -4 -6 -4 -6    3   1   2  15   0   2  52   1  11   0   0   5   1   0   8   1   0   0   0   0  1.25 0.59
  315 I   -4 -6 -6 -6 -4 -6 -6 -7 -6  6  0 -6 -1 -2 -4 -5  0 -3 -5  5    1   0   0   0   0   0   0   0   0  44   7   0   1   1   1   0   5   0   0  40  1.39 0.58
  316 N   -3 -1  6 -2  1 -3 -2 -2 -1 -4 -3  4 -2 -5 -5  1 -1 -6 -2  0    1   2  38   1   3   0   1   2   1   0   2  24   1   0   0  12   3   0   1   6  0.84 0.47
  317 Q   -3  0  4  3 -4  3  3  0  2 -6 -6 -2 -4 -6 -4 -1 -3 -6 -5 -4    1   6  23  16   0  12  23   8   4   0   0   2   0   0   0   4   0   0   0   1  0.78 0.43
  318 L   -2 -5 -6 -6  1 -5 -6 -6 -6  3  4 -5  0  2 -6 -5 -4 -5 -3  4    2   0   0   0   2   0   0   0   0  18  39   0   2   8   0   0   0   0   0  27  0.97 0.45
  319 Q    2  0 -2  0  3  2 -2 -2  6 -4 -5 -1 -3 -5 -4  3 -2 -6 -3 -2   16   5   0   5   6  10   1   2  24   0   0   3   0   0   0  23   2   0   0   2  0.74 0.44
  320 W   -8 -9-10-10 -8 -8 -9 -8 -8 -8 -7 -9 -7  1-10 -7 -8 13 -2 -9    0   0   0   0   0   0   0   0   0   0   0   0   0   5   0   0   0  94   1   0  4.97 1.47
  321 S    0  0  4 -3  0 -2 -4 -2  7 -6 -6 -4 -5 -6 -4  4 -3 -6 -4 -4    6   5  22   0   2   1   0   2  23   0   0   0   0   0   0  36   1   0   0   1  1.16 0.59
  322 S    1 -1 -2 -4 -3 -1 -3 -3 -3 -3  0  2 -1 -4  6  0  0 -6 -5 -3   10   3   2   0   0   3   1   2   0   1   8  11   1   1  41   7   5   0   0   1  0.84 0.43
  323 S   -1 -2  3 -2 -5  5 -2 -3  3 -4 -3 -1 -3 -1 -2  1  0 -5  0 -1    6   1  15   2   0  34   1   1   7   1   3   3   0   3   2  10   5   0   4   4  0.62 0.42
  324 Q   -2  1  1  2  1  2  2 -2  2  3 -1 -1  1 -3 -3 -2 -2 -4  0 -2    1   7   7  11   3  11  13   3   6  20   5   2   3   1   0   2   2   0   3   1  0.24 0.23
  325 P   -3 -2 -2 -1 -6 -2  0  2 -1 -5 -4 -2 -2 -6  7 -1 -1 -6 -4 -4    1   3   2   3   0   2   5  14   2   1   2   3   1   0  54   4   3   0   0   1  1.29 0.57
  326 D   -3 -3  2  5 -5 -1  2  4 -2 -5 -5 -3 -4 -4 -4 -2 -3  1 -3 -5    1   1   9  28   0   2  13  33   1   1   1   1   0   1   1   3   1   2   1   1  0.84 0.39
  327 W   -3 -6 -7 -8  2 -1 -6 -5 -6 -2  0 -6  3 -2 -7 -5 -1 11  0  1    2   0   0   0   4   3   0   1   0   1  10   0   6   1   0   1   5  52   3  11  2.18 0.81
  328 I   -2 -5 -6 -5 -2 -5 -6 -6 -6  5  3 -5  3  0 -5 -5 -4 -5 -4  4    3   0   0   1   1   0   0   0   0  30  26   0   6   4   0   0   0   0   0  29  1.01 0.46
  329 G    4 -4 -4 -4  1 -4 -4  2 -4  1 -2 -4  1 -4 -4  1 -2 -5 -4  2   40   0   0   0   3   0   0  17   0   9   2   0   3   0   0  10   1   0   0  13  0.64 0.38
  330 I    0 -4 -3 -2  2 -3 -4 -4 -5  4 -1 -4 -1 -3 -4  3  2 -5 -2  2    8   0   1   2   4   0   0   0   0  23   4   0   1   1   0  29  10   0   1  16  0.59 0.39
  331 A    3 -5 -4 -5  7 -5 -5 -3 -2 -2 -4 -5 -4 -6 -5  1  4 -6 -5  1   25   0   0   0  23   0   0   2   1   1   1   0   0   0   0   9  29   0   0   9  1.09 0.55
  332 F    3 -4 -3 -2 -2 -3  0  1 -3 -1 -3 -3  0  2 -4  3  0 -1  1 -2   28   0   0   1   1   0   6  11   0   3   1   0   3  11   0  24   4   1   5   2  0.45 0.34
  333 A    0 -3  1  2 -4 -2 -1  4  1 -2 -1 -2  0 -2 -4  0 -2  0  1 -1    9   0   6  13   0   2   3  31   3   2   5   1   3   1   0   8   1   2   6   4  0.35 0.25
  334 N   -3  1  4  4 -1 -1 -1 -3 -2 -6 -6  3 -5 -6 -4  3 -1 -6 -4 -5    1   6  23  25   1   1   2   1   0   0   0  15   0   0   0  19   3   0   0   0  0.83 0.45
  335 K   -1  0 -1 -2  0  0  0  4 -2 -1 -2  1 -1 -4 -4  1  0 -5 -4 -2    3   5   1   1   2   4   7  34   0   4   5  11   1   0   0  14   5   0   0   2  0.40 0.27
  336 M   -3 -5 -2  0  1 -5 -5 -6 -5  2  3 -5  2  5 -6 -5 -3 -4 -2  1    2   0   2   7   3   0   0   0   0  11  30   0   4  30   0   0   0   0   0  11  0.81 0.40
  337 Q   -4  0  5 -3 -6  6  1 -3  3 -4 -5  0 -5 -6 -5 -2 -2  4 -2 -5    0   4  28   0   0  34   8   2   6   1   1   5   0   0   0   2   1   5   1   0  1.10 0.56
  338 L    0 -5 -1 -5 -1 -5 -5  0 -5  5  1 -5  0 -1 -5 -3 -2 -5 -1  4    8   0   3   0   1   0   0   7   0  38  10   0   1   2   0   1   1   0   2  25  0.74 0.38
  339 L   -4 -6 -6 -7 -2 -6 -6 -6 -6  1  4 -6  0  5 -6 -5 -3  6 -2  2    1   0   0   0   1   0   0   0   0   6  38   0   2  24   0   0   1  12   0  15  1.14 0.50
  340 R   -4  5 -2 -4 -7  3 -2 -5  3 -6 -6  5 -4 -6 -5 -2 -4 -6 -5 -6    0  35   1   0   0  14   0   0   7   0   0  39   0   0   0   3   0   0   0   0  1.40 0.61
  341 V   -4 -6 -6 -6 -4 -5 -6 -7 -6  3  0 -5  4 -4 -6 -5 -3 -6 -4  7    0   0   0   0   0   0   0   0   0  12   6   0  10   0   0   0   0   0   0  72  1.55 0.59

                      K         Lambda
Standard Ungapped    0.1307     0.3158
Standard Gapped      0.0433     0.2670
PSI Ungapped         0.1396     0.3110
PSI Gapped           0.0433     0.2670
