
Last position-specific scoring matrix computed, weighted observed percentages rounded down, information per position, and relative weight of gapless real matches to pseudocounts
           A  R  N  D  C  Q  E  G  H  I  L  K  M  F  P  S  T  W  Y  V   A   R   N   D   C   Q   E   G   H   I   L   K   M   F   P   S   T   W   Y   V
    1 M   -5 -6 -7 -8 -6 -5 -6 -7 -6 -3 -2 -6 11 -4 -7 -6 -5 -6 -5 -4    0   0   0   0   0   0   0   0   0   0   0   0 100   0   0   0   0   0   0   0  3.63 1.08
    2 A    6 -5 -5 -5 -2 -4 -2 -1 -5 -3 -4 -4 -4 -6 -2  0 -2 -6 -5 -3   83   0   0   0   1   0   2   3   0   1   1   0   0   0   2   6   1   0   0   0  1.48 0.62
    3 F    0 -2 -1 -3 -2 -2 -2 -2 -1  2  1 -1  0  2 -1  2  1 -1 -1  0    9   0   2   0   0   0   0   2   1  17  13   5   2  10   3  18  11   1   1   4  0.16 0.16
    4 Y    0 -3 -2 -2  1 -1 -2 -3  2  0  0 -1  0  2 -1  3  1  1  2 -1    5   0   0   1   3   2   1   1   6   5   8   3   3  12   2  31   7   2   6   3  0.27 0.22
    5 R   -1  2  3 -2 -2  1 -1 -3  0 -2 -2  2  0  1 -1  1  0 -3  1 -2    3  14  16   0   1   7   3   0   1   2   1  16   2   8   3  11   4   0   6   2  0.26 0.20
    6 T   -2 -2  1 -2 -2 -1 -2 -3  0 -2 -1  1 -2  2  1  2  3 -3  0 -2    1   1   9   0   1   2   1   0   3   2   7  10   1  12   7  20  20   0   3   2  0.29 0.24
    7 N   -2  0  3 -2 -1  2 -2 -2  4  0 -3  2 -1 -3 -1  2  1 -4 -1 -3    2   4  16   1   1   9   0   1  12   7   2  13   2   1   2  18   7   0   2   0  0.33 0.24
    8 L   -1 -2 -3 -4 -3  0 -3 -4  0  1  3 -1  5  2 -3 -1  1 -3 -2 -1    4   2   1   0   0   4   1   1   3   6  30   4  17  10   1   5   9   0   0   2  0.39 0.25
    9 P    1 -2 -2 -3  0  1 -1 -2  2  0 -2  0 -1 -3  5  0 -1 -4 -1 -1   11   2   1   1   2   8   4   2   7   5   4   5   1   1  32   6   3   0   2   4  0.51 0.26
   10 T   -1  0  0 -2 -1 -1 -2 -2  1 -1  1 -1  0  0  1  1  2  2 -1  0    4   6   4   0   1   3   1   2   4   3  17   4   1   4   7   9  18   3   1   6  0.12 0.13
   11 R   -1  1 -2 -3  0  2 -2 -3  2  0  1  0  2  0  2  1 -1 -3  0 -1    2   9   1   0   3   9   1   0   7   4  16   5   6   5  10  13   2   0   3   3  0.18 0.18
   12 E   -1 -1  1 -2 -3 -1 -1 -2  3  0  1  1 -1  1  1  0  1 -1  0  0    3   2   7   1   0   2   3   1   8   7  14  10   1   7   6   9  10   1   3   5  0.09 0.12
   13 L   -2 -3 -4 -5  0 -3 -4 -4 -3  1  4 -3  2  2  0 -1  0 -4  0  1    3   1   1   0   2   0   0   1   0   8  42   2   6   9   6   5   6   0   2   8  0.49 0.30
   14 F   -3 -5 -5 -5  0 -4 -5 -6 -2  2  3 -4  1  6 -2 -4 -1 -3  1  0    2   0   0   0   2   1   0   0   1  13  29   1   3  31   3   1   3   0   4   6  0.81 0.40
   15 S   -1 -2 -2 -4  0 -1 -3 -4  0 -1  1 -2  2  3 -1  3  1 -4 -1  0    4   2   1   0   2   2   0   0   2   3  15   3   5  16   3  25   9   0   1   5  0.31 0.27
   16 L   -2 -4 -4 -6  1 -3 -5 -4  1  2  4 -4  3  3 -4 -3 -2 -4  0  1    3   0   0   0   3   1   0   1   4  13  41   0   6  11   1   1   2   0   2   9  0.65 0.36
   17 V    0 -3 -4 -5  4 -3 -4 -4 -3  1  2 -2 -1  3 -2  0 -1 -2  1  2    6   1   0   0   8   1   0   1   0   8  22   2   1  14   2   9   2   0   5  16  0.37 0.26
   18 S    0 -2 -3 -4  2 -3 -4 -4 -1  2  3 -3  0  3 -3  1  0  0 -1  0    7   2   1   0   4   1   0   0   2  11  29   1   1  11   1  13   7   1   2   6  0.33 0.25
   19 V   -1 -4 -3 -5  2 -3 -4 -2 -2  3  3 -4  1  3 -3 -2  2 -4 -1  2    5   0   1   0   4   1   0   3   1  15  27   0   3  11   1   2  12   0   1  11  0.41 0.27
   20 V   -2 -4 -2 -5  3 -4 -4 -4 -3  3  2 -4 -1  5 -3  0 -1 -1 -1  1    2   0   2   0   6   1   0   1   0  17  21   0   1  23   1   7   4   1   2  10  0.56 0.33
   21 I   -3 -5 -4 -6  1 -4 -5 -4 -4  3  2 -4 -1  6 -3  0 -1 -1  0  1    1   0   1   0   3   0   0   1   0  16  20   0   1  31   1   8   3   1   3   8  0.72 0.39
   22 V   -2 -5 -4 -5 -1 -4 -5 -3 -1  2  4 -4  1  4 -3 -1  0 -1 -2  1    2   0   1   0   2   0   0   2   2  11  37   1   2  18   1   6   5   1   1   8  0.56 0.33
   23 L   -2 -3 -4 -4  1 -4 -5 -5 -3  2  4 -4  2  3 -3  0 -2 -1 -1  1    2   1   1   1   3   0   0   1   0  10  39   0   5  15   2   8   1   1   2   9  0.60 0.34
   24 L   -2 -4 -2 -5  1 -3 -4 -4 -2  1  4 -4  0  4 -4 -1 -2 -3 -2 -1    3   1   2   0   3   1   1   1   1   7  49   1   2  16   1   6   2   0   1   3  0.72 0.39
   25 A    1 -2 -1 -3  2 -1 -2 -2  1  1  2 -2  0  1  1  0 -1 -2  0  0   13   1   2   1   6   2   1   3   3   6  23   1   3   6   7   9   3   0   4   6  0.14 0.15
   26 T    0 -1  1 -3  0 -1 -3 -2 -1  0  1 -2 -1  1  0  1  3 -3 -1  0    6   2   9   0   2   3   1   2   1   6  16   1   1   6   4  10  21   0   2   6  0.18 0.19
   27 N    0 -1  1 -3  0  0 -2 -2  5  0  0  1  0  0  1  1 -1 -4 -2 -1    6   2   6   1   2   4   2   2  19   6   9  10   2   4   7  11   4   0   1   3  0.26 0.23
   28 I    3 -3 -3 -4  0 -4 -3 -4 -4  1  1 -3 -2  1  0 -1  0 -2 -3  4   28   1   1   1   2   0   1   1   0   7  10   1   1   6   4   4   5   0   0  27  0.44 0.32
   29 N    1 -1  4 -1 -1 -2 -2 -1  2 -1 -2 -1 -4 -3  3  1  0 -5 -1 -1   10   3  24   2   2   1   1   3   5   3   3   3   0   1  17  10   5   0   2   3  0.42 0.30
   30 S    1  0 -2 -3  1  0 -2 -1  1 -4 -1 -2 -4 -2  1  5  0 -2 -1 -2   11   4   1   1   3   4   1   3   4   1   6   2   0   1   6  41   5   1   2   3  0.48 0.38
   31 V    5 -4 -2 -2 -2  0 -3 -2 -4 -2 -2 -4 -3 -4 -3  2  2 -6 -5  2   45   1   2   2   1   5   1   3   0   1   3   0   0   1   1  13  11   0   0  12  0.69 0.46
   32 Q    0 -1  2  2 -1  1  1  0  0 -2 -3  0 -3 -1 -3  1  2 -5 -3 -2   10   2  11  13   1   7  10   6   3   2   1   5   0   2   1  11  12   0   1   2  0.24 0.22
   33 A    1 -4  0  3  1 -2  1 -2 -1 -3 -3 -3 -4 -3  1  4  1 -6 -4 -3   12   0   4  14   3   1   9   3   2   2   3   0   0   1   7  29   9   0   0   1  0.44 0.35
   34 L   -3 -3 -2 -1 -3 -1 -2 -2 -2  2  3 -4 -1  2 -4 -3  2 -3 -2  2    1   1   1   4   0   3   3   3   1  10  31   0   0   8   0   1  16   0   1  14  0.44 0.32
   35 S   -2 -3  0  0 -2  3  0 -3  2 -5 -5 -2 -4 -2 -5  6 -1 -6 -1 -5    1   1   4   4   1  13   6   2   4   0   1   2   0   2   0  52   3   0   2   0  0.95 0.60
   36 F   -8 -8 -9 -9 -5 -9 -9 -9 -7 -5 -4 -9 -6 10 -9 -7 -8 -5 -1 -6    0   0   0   0   0   0   0   0   0   0   1   0   0  96   0   0   0   0   1   0  3.53 1.27
   37 N   -2 -3  5  1 -5 -2 -3 -3 -2  1 -2 -2 -3 -3 -3  2  2 -6 -4  1    3   1  32   8   0   2   1   1   1   7   4   2   0   1   1  15  11   0   0  10  0.58 0.40
   38 F   -6 -6 -5 -7 -2 -6 -7 -7 -2  2 -2 -6 -3  7 -7 -6 -6 -2  7 -4    0   0   1   0   1   0   0   0   1  12   4   0   1  48   0   0   0   0  31   1  2.00 0.83
   39 T   -3 -3  4  2 -5  1 -2 -3  2 -4 -4 -2 -5 -5  3  3  2 -6 -3 -4    1   1  19  10   0   6   1   2   5   1   1   2   0   0  13  22  15   0   1   1  0.67 0.46
   40 K   -2  0  2  0 -4  0 -2  4 -1 -5 -5  1 -4  0 -4  2  1 -5 -3 -4    1   5  10   5   0   3   2  31   1   0   1   9   0   5   0  13  10   0   1   0  0.51 0.35
   41 L   -5 -6 -5 -7 -7 -7 -7 -7 -5 -3 -2 -6 -4  9 -3 -2 -5 -2 -1 -6    1   0   1   0   0   0   0   0   0   1   4   1   0  83   2   4   0   0   1   0  2.69 1.03
   42 T   -1 -1  4  2 -3  0 -1  0  1 -4 -3  0 -3 -3 -1  2  2 -4 -3 -2    5   3  20  11   0   4   3   6   4   1   3   6   0   1   3  16  12   0   1   3  0.35 0.27
   43 T   -1 -1  0  0 -4  0  1  2  0 -3 -2  0 -3 -1  3  1  0 -4 -1 -3    5   2   3   4   0   5   9  17   2   1   4   6   0   2  17  11   7   0   2   2  0.28 0.22
   44 A    3 -2  3  2 -4 -2 -1  1 -2 -4 -4 -2 -4 -3 -1  1  1 -5 -1 -2   24   2  16  13   0   1   2  10   0   0   1   1   0   1   3  10  10   0   2   3  0.41 0.30
   45 N    0 -2  5  2 -2  2  0  0 -2 -4 -3 -1 -3 -4  0  0 -1 -5 -4 -4    6   1  33  13   1  10   5   8   1   1   3   3   1   1   4   5   3   0   0   1  0.59 0.36
   46 S    0 -1  1  0 -3  1  1 -1 -1 -2 -2  1 -2 -3  2  2  1 -3 -2 -2    9   3   7   3   0   7   8   5   1   2   4  10   1   1  11  16  10   0   1   2  0.20 0.15
   47 G   -1 -1  5  4 -3  0  0  0 -1 -3 -3 -1 -3 -3 -3  1 -1 -1 -2 -3    5   3  28  21   0   3   5   6   2   2   3   4   1   1   1   9   4   1   1   2  0.54 0.29
   48 V   -6 -7 -7 -5 -6 -6 -7 -8 -7  5  5 -6  1  1 -6 -7 -5 -6 -4  0    0   0   0   1   0   0   0   0   0  26  60   0   3   5   0   0   0   0   0   4  1.51 0.69
   49 T   -1  0  0 -2 -3 -1 -3 -3 -1  4  0  0 -1 -1 -4  1  3 -5 -2 -1    5   4   4   2   0   2   1   1   2  23   8   7   1   3   0  12  21   0   1   3  0.33 0.29
   50 F   -4 -4 -5 -7  0 -5 -5 -6 -4  0  5 -4  0  4 -5 -5 -2 -2  3  0    1   1   0   0   2   0   0   0   0   5  51   1   2  19   0   0   3   1   8   5  1.04 0.53
   51 Q   -2 -3  0  4 -6  6  3 -3 -2 -4 -1 -2 -1 -3 -5 -1 -3 -6 -2 -4    3   1   4  21   0  33  18   2   1   1   8   1   1   1   0   4   1   0   1   1  0.86 0.54
   52 G   -3 -1 -3 -3 -4 -5 -3  7 -4 -8 -8 -3 -7 -8 -7 -4 -5 -7 -8 -8    1   4   1   2   0   0   2  85   0   0   0   1   0   0   0   1   1   0   0   0  2.21 0.93
   53 D    0 -5  2  6 -6 -1 -1 -3 -3 -2 -4 -4 -1 -6 -4  1 -1 -7 -4 -1    9   0  11  47   0   2   2   2   1   3   2   1   2   0   0  10   4   0   1   5  0.94 0.53
   54 A    7 -6 -4 -5 -5 -5 -5 -2 -4 -5 -6 -5 -5 -5 -5  1 -1 -7 -5 -3   81   0   1   1   0   0   0   2   0   0   0   0   0   0   0   8   3   0   0   2  1.83 0.87
   55 Q    0  0  0 -2 -2 -1  0 -3  1 -1 -1  1  0 -1 -3  2  3 -3  1 -1    6   5   3   1   1   2   5   1   4   3   5   8   2   3   1  19  22   0   5   4  0.25 0.24
   56 I   -3 -4 -4 -5 -4 -5 -4 -5 -4  5 -1 -4 -2  2  0 -3 -1 -4  2  5    1   1   1   1   0   0   1   1   0  27   5   1   0   9   5   1   3   0   7  35  0.87 0.45
   57 L    0 -1 -1 -1 -3 -1 -1 -2  2 -1  0 -1  1 -2 -1  3  4 -2 -2 -2    5   3   3   3   0   2   4   2   4   3  11   3   3   1   2  23  24   1   1   2  0.32 0.28
   58 P   -1 -1  0  0 -5 -1 -2  0 -1 -5 -4 -1 -4 -3  4  4  0 -2 -3 -4    5   3   3   6   0   3   2   6   1   0   2   3   0   1  23  33   6   1   1   1  0.65 0.42
   59 S   -3 -2  5  3 -5 -2 -1  0 -2 -4 -5  1 -5 -4 -2  2  0 -6 -4 -3    2   1  29  18   0   1   4   8   1   1   0   8   0   1   2  16   6   0   0   2  0.70 0.43
   60 G   -3 -2 -1 -2 -5 -2 -4  7 -3 -6 -6  0 -5 -4 -5 -2 -4 -5 -5 -5    1   2   3   2   0   2   1  74   1   0   1   6   0   1   1   2   1   0   0   1  1.66 0.69
   61 L    1  0  0 -3 -1  0 -2 -3  0  1  2 -1  0  0 -3  0  0  0 -1  1   14   6   4   0   1   4   2   1   2   6  24   3   2   3   1   5   6   2   1  13  0.14 0.16
   62 I   -4 -6 -7 -7 -5 -6 -7 -7 -7  4  6 -6 -1 -3 -7 -6 -5 -6 -5  2    1   0   0   0   0   0   0   0   0  24  62   0   1   1   0   0   0   0   0  11  1.54 0.68
   63 A   -2  3 -2  1 -4  5  3 -3 -2 -4 -2  1  0 -5 -4 -2 -2 -3 -2 -3    4  17   1   8   0  26  19   2   1   1   4   6   2   0   0   2   3   0   1   2  0.65 0.43
   64 L   -6 -6 -7 -7 -5 -6 -7 -7 -7  0  7 -6 -1 -3 -6 -6 -5 -6 -5 -1    0   0   0   0   0   0   0   0   0   4  87   0   1   1   0   0   0   0   0   4  1.96 0.82
   65 T   -5 -5 -2 -5 -4 -5 -5 -6 -6 -4 -4 -5 -5 -6 -3 -1  8 -6 -6 -4    1   0   2   0   0   0   1   1   0   1   2   0   0   0   2   3  86   0   0   1  2.30 0.99
   66 K   -3  2  6  1  0 -2 -2 -2 -2 -4 -5  3 -3 -5 -1 -1 -1 -5 -2 -4    2  11  36   6   2   1   2   3   1   1   1  20   1   0   4   4   3   0   2   1  0.80 0.44
   67 S    0 -1  3  3 -3 -2  0  1 -2 -1 -2 -1 -2 -3 -3  0  0 -4 -2  1    6   3  15  20   0   1   5  13   1   3   3   3   1   1   1   8   5   0   1  12  0.28 0.21
   68 S   -1 -2  0  0 -3 -1  0 -2 -2 -2 -1  0 -3 -3 -1  2  4 -4 -3  0    5   2   5   5   0   2   6   3   1   2   5   5   0   1   2  19  28   0   1   7  0.34 0.26
   69 P    0  0  1  0 -2  0  0  0  0 -1 -1  1 -1 -1  0  1  0 -2 -1 -1    9   5   9   6   0   4   5   7   3   4   6   9   1   2   3  15   5   0   2   4  0.08 0.07
   70 F   -1  0  2  1 -2  2  0  1 -1 -1 -1  0  0  0  0  0 -1  1  0  0    4   5  11   7   1  11   3  10   1   3   5   4   2   5   4   7   3   2   3   8  0.07 0.07
   71 P    0  0  1  0 -2  1  0  1 -1 -1  0  0  0 -1  2  0  0  0 -1  0    5   4   7   6   1   8   5  13   1   3   8   4   3   2   9   6   4   1   2   7  0.07 0.05
   72 P   -1  0  2  1 -2  0  1  0  0 -1 -1  1 -1 -1  1  0  0 -1 -1 -1    5   4  11   9   1   3   9   8   2   4   4  12   2   2   8   7   5   1   2   5  0.10 0.06
   73 G    0  0  0  0 -1  0  0  1 -1  0  0  0  0 -1  2  0  0 -1 -1  0    9   3   4   5   1   4   5  11   1   6   8   9   2   2   9   6   4   1   2   6  0.05 0.02
   74 Q   -1  0  1  0 -1  1  0 -1  2 -1 -1  0 -1 -1  3  1  0 -1 -1 -1    5   6   9   5   1   5   6   5   5   3   6   6   1   2  13   9   7   1   2   3  0.12 0.05
   75 Y    0  0  0 -1 -1  0  0 -1 -1  1  0  0  1  0  0  0  0  0  1  0    8   4   4   3   1   3   4   5   1   9   8   6   5   3   5   5   8   1   8   8  0.02 0.02
   76 F    0  0  0  0 -1  0  0  0 -1  0  0  0  0  1  0  0  1  1  1  0    6   4   6   5   2   3   4   5   1   4   8   4   3   6   3   6  10   2   5  11  0.01 0.02
   77 T   -1  1  3  2  1  1 -1  0  2 -3 -2 -1 -2  0 -2  2 -1 -2  0 -2    3   7  17  14   3   5   2   6   5   1   3   2   1   4   2  16   2   1   3   2  0.26 0.17
   78 T   -1  0  0 -2 -1  0 -2 -1 -2 -2 -1 -2 -2 -3 -2  5  0 -4 -3 -2    3   5   5   1   1   5   2   4   1   3   7   2   1   1   2  48   6   0   1   3  0.59 0.36
   79 V    1 -2 -3 -4 -3 -2 -3 -3 -3  2  0  0  4 -1 -3 -1  1  1 -2  3   11   1   1   1   0   1   1   1   1  10   9   5  11   3   1   4  11   2   1  25  0.35 0.24
   80 G   -4 -7 -5 -6 -1 -6 -7  8 -7 -8 -8 -6 -7 -8 -4 -3 -6 -7 -7 -6    1   0   0   0   1   0   0  93   0   0   0   0   0   0   1   2   0   0   0   0  2.61 1.01
   81 R   -5  7 -4 -6 -3  0 -5 -6  7 -6 -6 -2 -6 -4 -7 -3 -3  1 -4 -7    1  61   0   0   1   3   0   0  25   0   1   1   0   1   0   1   2   2   1   0  2.13 0.92
   82 A    6 -6 -6 -7 -3 -6 -6 -3 -3 -2 -4 -6  0 -5 -6 -3 -4 -7 -5  3   73   0   0   0   0   0   0   2   1   2   1   0   2   0   0   1   1   0   0  16  1.64 0.81
   83 L   -3 -5 -6 -6 -5 -6 -6 -6 -5  0  2 -6 -1  7 -6  1  2  0 -2 -1    2   0   0   0   0   0   0   0   0   5  22   0   1  42   0  10  11   1   0   4  1.10 0.56
   84 S   -7 -5 -6 -8 -2 -6 -7 -8  5 -7 -4 -6 -6  2 -8 -5 -7 -2 10 -7    0   1   0   0   1   0   0   0  11   0   1   0   0   6   0   1   0   0  77   0  2.94 1.14
   85 S    1  0  0 -3 -4 -3 -4 -1  0 -3 -4  0 -3 -3  4  4  0 -6  0 -3   13   6   4   1   0   0   0   4   2   2   1   5   0   1  21  30   4   0   4   1  0.61 0.43
   86 N    2  0  0  0 -4  2  1 -3  1 -3 -3  2 -3 -2 -1  1  2 -5 -2 -3   20   4   4   5   0   9   7   1   4   1   2  13   0   2   2  10  14   0   1   1  0.30 0.27
   87 L   -3 -2 -6 -6 -8 -1 -5 -7 -7 -8 -5 -1 -7 -8  8 -4 -4 -8 -8 -7    3   2   0   0   0   3   0   0   0   0   2   5   0   0  82   1   1   0   0   0  2.63 1.08
   88 V   -5 -6 -7 -7 -5 -5 -6 -7 -6  5  2 -6  2  3 -6 -6 -4 -2 -3  4    0   0   0   0   0   0   0   0   0  30  19   0   4  11   0   0   0   1   1  32  1.18 0.55
   89 P   -4  4 -2 -5 -4  5 -3 -5  6 -5 -2  0 -4 -4  3 -2 -2 -6 -2 -5    1  25   1   0   0  23   0   0  17   0   4   5   0   1  15   3   2   0   1   1  1.05 0.58
   90 L   -4 -6 -7 -7 -5 -6 -7 -7 -6  4  4 -6  1  6 -7 -6 -4 -5 -3 -2    1   0   0   0   0   0   0   0   0  22  44   0   3  27   0   0   1   0   0   1  1.40 0.63
   91 W   -6  4 -4 -6 -2 -3 -5 -4  1 -6 -1  1 -5  0 -7 -4 -5 11  0 -4    0  20   1   0   1   1   0   2   3   0   5   9   0   4   0   2   1  46   3   1  2.05 0.84
   92 D   -5 -1  3  7 -7 -1  1 -2 -1 -7 -7 -1 -6 -5 -4 -1 -3 -7 -6 -6    1   3  14  55   0   3   7   4   2   0   0   4   0   1   1   5   1   0   0   0  1.38 0.65
   93 S    0  0  1 -1 -4 -1 -1 -1 -2 -3 -4  2 -3 -4  2  4 -1 -5 -4 -4    6   5   8   3   0   2   3   5   1   2   1  15   1   1  10  35   3   0   0   1  0.52 0.38
   94 A    2 -1  1 -1 -4 -1 -1 -1  0 -2 -3  0 -3 -4  2  2  3 -5 -3 -1   17   2   7   4   0   2   4   4   2   2   1   5   0   0   9  16  21   0   0   3  0.34 0.28
   95 T   -2 -3  3 -2 -3 -4 -4 -1 -2 -3 -5 -2 -2 -5 -4  3  6 -6 -4 -4    3   1  14   2   1   0   0   5   1   2   1   2   1   0   1  18  49   0   1   1  1.09 0.60
   96 G   -1 -1  1 -2 -5 -2 -3  6 -1 -6 -6 -2 -4 -5 -3  0 -1 -6 -6 -6    5   4   6   2   0   1   1  61   1   0   1   2   0   0   2   7   5   0   0   0  1.19 0.56
   97 K   -1  1  4 -2 -5 -1  2 -3 -1 -3 -4  3 -1 -3 -3  0  2 -5 -3 -2    6   8  21   1   0   2  12   1   1   1   1  17   1   1   1   6  14   0   1   3  0.47 0.34
   98 A    1 -3 -5 -6 -4 -4 -4 -5 -6 -1  2 -4  1 -3  0 -2 -1 -6 -4  5   10   1   0   0   0   1   1   1   0   2  21   0   3   1   5   2   4   0   0  46  0.82 0.47
   99 A    5  0 -4 -5 -3  1 -4 -4 -2 -4 -3 -4 -4 -1 -4  1  1 -6 -2 -1   54   6   0   0   1   6   0   0   1   0   3   0   0   3   0  10  10   0   1   4  0.89 0.55
  100 S   -4 -4  1  3 -5 -5 -5 -4 -3 -5 -6 -5 -6 -3 -4  7 -2 -8 -6 -6    0   1   6  16   0   0   0   1   1   1   0   0   0   1   1  71   1   0   0   0  1.70 0.87
  101 F   -6 -8 -8 -7 -8 -8 -8 -8 -7 -5 -3 -8 -5 10 -9 -5 -5  1 -2 -6    1   0   0   0   0   0   0   0   0   0   2   0   0  92   0   1   1   2   0   0  3.23 1.18
  102 V    0 -3  0  1 -4 -1 -1 -4 -1 -4 -5 -2 -5 -5 -3  5  4 -6 -3  0    8   1   4   8   0   3   4   0   1   1   1   2   0   0   1  38  22   0   1   6  0.72 0.49
  103 T    0 -6 -5 -6 -6 -6 -5 -6 -7 -4 -4 -6 -5 -5 -5  0  8 -7 -6 -1    8   0   0   0   0   0   0   0   0   1   1   0   0   1   0   6  78   0   0   4  2.04 0.96
  104 S    0  1  3 -3 -1 -1 -3 -4  4 -5 -5 -2 -5 -1 -5  4  3 -3 -3 -4    7   8  16   1   1   2   1   0   8   0   0   2   0   3   0  31  18   0   1   1  0.72 0.48
  105 F   -7 -8 -8 -8 -8 -8 -8 -8 -3 -3 -4 -8 -5 10 -9 -5 -7 -5 -1 -4    0   0   0   0   0   0   0   0   1   1   1   0   0  93   0   1   0   0   1   1  3.30 1.19
  106 S   -1 -4 -2 -5 -5 -4 -4 -5 -5 -1 -4 -4 -3 -3 -5  4  4 -6 -5  4    5   0   2   0   0   1   1   0   0   2   1   0   0   1   0  32  27   0   0  27  0.99 0.60
  107 F   -6 -7 -7 -8 -4 -7 -8 -8 -6 -1 -2 -7  0  9 -8 -5 -7 -4 -1 -4    1   0   0   0   0   0   0   0   0   3   3   0   2  87   0   1   0   0   1   1  2.90 1.06
  108 V    2  0  2 -2 -3  0 -2  0 -3  1 -2 -1 -2 -3 -4  1  0 -3 -3  2   21   4  11   1   0   4   1   7   0  11   3   3   0   1   0  11   6   0   0  14  0.23 0.23
  109 I   -5 -7 -8 -8 -5 -7 -8 -8 -8  8 -1 -7  3 -2 -7 -5 -4 -7 -6  2    0   0   0   0   0   0   0   0   0  77   3   0   7   2   0   1   1   0   0   9  2.18 0.87
  110 D   -1  1  2  3 -4  0 -1 -3  0 -1 -1  0 -2 -1 -1  0  1 -4  0  1    3   9  10  15   0   4   2   1   2   3   5   6   1   2   2   8  10   0   3  13  0.17 0.18
  111 T    1 -3  0 -4 -3 -1 -3 -2 -4 -2 -3 -3 -2 -3  5  3  2 -6 -2 -2   12   1   5   0   1   3   1   2   0   2   3   1   1   1  24  26  11   0   1   3  0.61 0.42
  112 T   -2  0  3  0 -4  2  1 -2 -1 -2 -3  0 -3 -4  4  0 -1 -3  0 -1    3   5  17   5   0   9   8   3   1   2   2   6   0   0  18   7   4   0   4   4  0.37 0.28
  113 E   -2 -1  3  2 -5  0  0  0  0 -3 -4  1 -4  0  2  0 -1 -4  4 -4    3   3  17  11   0   3   5   6   2   2   1   9   0   3  11   7   4   0  14   0  0.39 0.30
  114 G    1 -2  1  1 -3  0 -1  2 -3 -3 -3 -1 -4 -3  2  2  2 -4 -1 -2   10   2   7   9   0   3   2  13   0   1   2   3   0   1   9  20  11   0   2   3  0.29 0.25
  115 P   -1 -1  4  2 -4 -1 -1  0  1 -2 -1  0 -3 -4  1  2  1 -2 -1 -2    4   3  19  11   0   1   3   8   3   2   7   4   0   0   8  14   8   0   2   3  0.26 0.23
  116 I   -1 -2 -2 -3 -2 -2 -3  1  1  0  0  0 -1  1  2  3 -1 -3  3  0    2   2   1   1   1   1   1  11   3   6   8   5   1   5  11  22   3   0  11   5  0.24 0.24
  117 T    4 -6 -4 -5 -5 -5 -4  6 -6 -6 -7 -5 -6 -7 -2  1 -2 -7 -5 -4   29   0   0   0   0   0   1  52   0   0   0   0   0   0   2  10   2   0   0   1  1.35 0.67
  118 D   -4 -5 -1  6 -7 -1  0  0  6 -5 -6 -4 -6 -2 -6 -2 -4 -6  2 -3    1   0   2  48   0   2   5   7  19   1   1   0   0   1   0   3   1   0   7   2  1.35 0.66
  119 G   -5 -5 -6 -5 -8 -7 -7  8 -2 -9 -9 -7 -8 -5 -6 -6 -7 -8 -8 -8    0   1   0   1   0   0   0  96   1   0   0   0   0   1   0   0   0   0   0   0  2.78 1.08
  120 L   -6 -6 -7 -6 -6 -6 -7 -5 -4  3  5 -6  6  3 -5 -6 -5 -5 -4 -2    0   0   0   0   0   0   0   1   0  13  49   0  21  13   1   0   0   0   0   1  1.43 0.67
  121 I    6 -6 -6 -2 -2 -6 -6 -4 -6 -2 -6 -5 -2 -4 -6 -1  2 -7 -6  0   72   0   0   2   1   0   0   1   0   2   0   0   1   1   0   3  12   0   0   7  1.55 0.79
  122 F   -7 -8 -9 -9 -5 -9 -9 -7 -7 -6 -3 -9 -1 10 -9 -8 -8 -5 -3 -5    0   0   0   0   0   0   0   0   0   0   2   0   1  94   0   0   0   0   0   1  3.40 1.23
  123 F    1 -7 -7 -7 -6 -7 -5 -7 -4  0 -1 -7 -4  8 -7 -5  0 -4  1  2   13   0   0   0   0   0   1   0   0   4   4   0   0  56   0   1   5   0   3  12  1.57 0.71
  124 I   -5 -7 -7 -8 -5 -6 -7 -8 -7  5  5 -7  0 -1 -4 -6 -4 -6 -5  2    0   0   0   0   0   0   0   0   0  25  55   0   2   2   1   0   1   0   0  14  1.41 0.64
  125 A    5 -5 -5 -5 -3 -5 -4  0 -6 -3 -4 -5 -3 -3 -5  2  0 -6 -5  3   50   0   0   0   1   0   0   7   0   1   1   0   0   1   0  16   5   0   0  17  0.99 0.58
  126 P   -2 -4 -5 -4 -7 -2 -5 -2  2 -7 -5 -4 -7 -7  8  1 -4 -8 -5 -7    3   1   1   1   0   2   0   3   5   0   1   1   0   0  71   9   1   0   0   0  2.14 0.93
  127 P   -1 -3  0  0 -4 -3 -2 -4 -1 -2 -2 -2 -2  2  2  2  1  0  3  3    3   1   5   5   0   1   2   1   1   1   3   2   0   8  10  16   9   1  10  21  0.31 0.28
  128 G   -1 -1  2  3 -4 -2 -1  3 -1 -4 -4  1 -1 -5  3 -1 -1 -5 -4 -4    4   3   9  17   0   1   3  24   1   1   1  10   2   0  14   4   4   0   0   1  0.50 0.31
  129 T   -2 -1  1 -1 -3 -2 -1 -3 -2 -3 -3 -2 -4  0  0  4  3 -3  0 -3    3   3   7   3   0   1   4   1   1   1   3   2   0   5   4  38  19   0   4   1  0.59 0.40
  130 V   -1  1  0  1 -2  4  1 -1 -1 -2 -1  0 -2 -2  0  0  0 -4 -2 -1    4   8   5   9   1  21   7   5   1   2   6   6   1   1   4   6   7   0   1   6  0.21 0.19
  131 I   -3 -4 -3 -3 -4 -3 -4 -4 -3  4  3 -3  1  3  3 -3 -2 -3 -2  1    1   1   1   1   0   1   1   1   0  21  27   1   4  12  13   2   2   0   1   7  0.57 0.31
  132 P   -2 -2 -1 -1 -4 -1 -3 -2 -3 -4 -3  1 -4 -5  7  2 -1 -5 -4 -4    3   2   3   4   0   3   1   3   1   1   3  10   0   1  47  13   3   0   1   1  1.10 0.51
  133 Q    0  1  1  1 -4  0  0  1 -2 -4 -2  1 -2 -3  4  1  0 -4 -2 -3    7   8   7   7   0   4   5  10   1   0   3   7   1   1  18  11   7   0   2   1  0.30 0.22
  134 N    2  0  4  1 -4  1 -1  2 -1 -3 -4  1 -3 -3 -4  0 -1 -5 -3 -3   21   4  20   7   0   5   3  14   1   1   1  11   0   1   0   5   3   0   1   1  0.42 0.31
  135 S    0  0 -2  0 -1 -2 -2  1 -2 -2  0 -2  1 -1 -3  4  0 -3 -2 -2    5   4   1   4   1   1   2  10   1   2  11   2   4   3   1  39   5   0   1   2  0.41 0.33
  136 T    1  0 -1 -1 -4 -1 -2  2 -1 -3 -3  0 -3 -2  4  1  0  1  0 -2   15   4   3   4   0   2   2  16   1   1   2   4   1   1  18  11   6   2   4   2  0.31 0.23
  137 T   -1 -2 -2 -2 -5 -2 -2  6 -4 -4 -3 -4 -3 -2 -4  1 -2 -5 -1 -3    5   3   1   3   0   2   2  59   0   1   3   1   1   2   1  10   2   0   2   2  1.06 0.53
  138 P   -2 -1 -1 -3 -6  4  0  5  2 -4 -2 -2 -2 -4 -1 -1 -4 -5 -2 -4    2   3   2   1   0  21   5  43   4   1   5   2   1   0   3   5   0   0   2   1  0.83 0.49
  139 F   -3 -4  1 -4 -1 -3 -5  1  1 -4 -1 -5 -2  5 -4 -2 -2  3  6 -4    1   1   8   1   2   1   0  12   3   0   7   0   1  21   1   4   2   3  32   0  0.97 0.51
  140 L   -5 -6 -6 -7 -6 -6 -7 -4 -7  0  6 -5  1  0 -6 -6 -5 -6 -4 -3    0   0   0   0   0   0   0   1   0   3  84   1   3   3   0   0   1   0   0   0  1.82 0.79
  141 G   -1 -5 -2 -5 -7 -6 -6  7 -6 -7 -4 -6 -6  0 -3 -3 -6 -6 -4 -7    4   1   1   0   0   0   0  82   0   0   2   0   0   5   2   1   0   0   1   0  2.08 0.86
  142 V   -4 -5 -2 -3 -5 -4 -4 -4 -6  1  6 -3  0 -3 -6 -5 -4 -6 -4  1    1   0   2   1   0   1   1   1   0   6  72   2   2   1   0   1   0   0   0   8  1.33 0.63
  143 V   -2 -5 -1 -5 -3 -5 -5 -3 -4 -1  2 -2 -1  7 -3 -4  1 -4  0  1    3   0   3   1   0   0   0   2   0   3  16   3   1  43   2   1   8   0   2  12  0.94 0.49
  144 D   -3 -3  7  2 -4 -3 -3 -2 -2 -5 -4 -2 -4 -6  0  1 -1 -6 -4 -3    2   1  53  11   0   1   1   4   1   0   2   2   0   0   6  10   3   0   1   2  1.25 0.63
  145 S   -1 -1  5  2 -5  0  0 -1 -2 -3 -4 -1 -1 -4  1  2  0 -5 -2 -3    5   3  27  12   0   5   5   4   0   1   1   3   2   0   7  15   6   0   2   2  0.48 0.34
  146 E    0 -1  2 -1 -3 -2  0  3 -3 -4 -4  0 -4 -2 -1  2  2 -4  2 -3    6   2   9   3   0   1   6  21   0   1   1   4   0   2   2  17  14   0   8   1  0.36 0.29
  147 T   -2 -3  6  3 -3 -1 -2 -2 -2 -5 -4 -1 -4 -5 -5  1  4 -6 -4 -5    2   1  33  15   0   2   2   2   1   0   1   4   0   0   0   9  26   0   1   0  0.95 0.54
  148 S    1 -1  2  1 -4 -2 -2  1 -2 -2 -3 -1 -3 -1  2  3  1 -5 -3 -2   10   3  11   7   0   0   2   9   1   2   1   4   1   3  12  21  10   0   1   3  0.31 0.26
  149 I    0  0  1  2 -3  0  0  0 -2 -2 -3  1 -3  0 -2  3  2 -5 -2 -3    5   4   6  10   0   5   5   6   1   3   2   9   0   4   2  24  13   0   1   1  0.26 0.24
  150 N    1 -3  7  0 -6 -3 -4 -1 -2 -4 -5 -3 -5 -2 -4  0 -2 -6  1 -3   14   1  52   5   0   1   1   5   1   1   1   1   0   2   1   6   2   0   5   2  1.17 0.62
  151 R   -2  4 -1 -3 -5  4 -3 -2  8 -6 -6 -1 -5 -6  0 -2 -3 -6 -3 -4    3  22   2   1   0  20   0   3  31   0   0   3   0   0   6   3   2   0   1   2  1.24 0.64
  152 F   -3 -6 -5 -6 -5 -5 -6 -6 -6  4  0 -6 -1  5 -5 -3  3 -5 -2  2    2   0   0   0   0   0   0   0   0  27   8   0   1  24   0   2  19   0   1  16  0.98 0.52
  153 V   -5 -7 -7 -8 -6 -7 -6 -5 -7  0  0 -5 -2  5 -7 -6 -5 -6 -4  6    0   0   0   0   0   0   1   1   0   4   9   1   1  24   0   0   0   0   0  59  1.66 0.75
  154 G    7 -6 -6 -7 -5 -6 -6  0 -1 -6 -4 -6 -3 -4 -6 -2 -2 -7 -7 -4   82   0   0   0   0   0   0   7   2   0   2   0   1   1   0   2   3   0   0   1  1.87 0.89
  155 L   -4 -8 -6 -9 -4 -4 -8 -9 -8  1 -4 -8 -4 -6 -8 -7 -5 -8 -7  8    1   0   0   0   0   1   0   0   0   6   1   0   0   0   0   0   0   0   0  90  2.49 1.03
  156 E   -2 -5 -6 -3 -8 -3  8 -7 -5 -5 -7 -3 -7 -8 -6 -5 -6 -8 -7 -1    3   0   0   0   0   0  89   0   0   1   0   1   0   0   0   0   0   0   0   5  2.48 1.09
  157 F   -7 -8 -4 -9 -7 -8 -8 -8 -7 -3  2 -8 -5  9 -9 -8 -7 -5 -3 -3    0   0   1   0   0   0   0   0   0   1  18   0   0  78   0   0   0   0   0   1  2.68 1.03
  158 D   -5 -7  0  8 -8 -6 -4 -6 -4 -8 -5 -5 -8 -6 -7 -6 -6 -9 -8 -7    1   0   3  91   0   0   0   0   0   0   2   0   0   0   0   0   0   0   0   0  2.85 1.13
  159 L   -3 -6 -1 -5 -6 -6 -6 -4 -6  0 -5 -6 -4 -7 -5  0  8 -7 -4 -3    1   0   3   0   0   0   0   1   0   5   1   0   0   0   0   7  78   0   1   1  2.00 0.95
  160 Y   -3 -1 -3 -5  0 -5 -4 -5  2  1 -1 -4 -1  6 -6 -3 -3  2  5  1    2   4   1   1   2   0   1   1   4   7   6   1   2  33   0   2   1   2  21  10  0.96 0.48
  161 R   -2  2  1 -2 -4  3 -1 -2  0 -1  0  2  1 -2  0  1 -1 -3  0 -1    3  10   8   1   0  17   2   2   2   2  11  12   4   1   5  11   2   0   3   5  0.21 0.23
  162 N   -5 -3  8  3 -7 -2 -3 -3 -3 -8 -8 -3 -5 -7 -6  0 -4 -4 -2 -7    1   1  66  15   0   2   1   2   0   0   0   2   0   0   0   7   0   0   2   0  1.93 0.87
  163 S    0  1  0  1 -3 -1  1 -1  0 -2 -3 -1 -3  0  3  1  1 -3 -1 -1    8   7   4   8   0   2  10   5   2   2   2   2   0   5  15   9  10   0   2   6  0.19 0.18
  164 W   -4 -1 -3 -3 -5  0  4 -1  1  0 -4 -3 -1  1 -5 -4 -2 10 -1 -3    1   3   1   1   0   3  25   5   3   6   1   1   2   6   1   1   2  34   2   2  1.37 0.63
  165 D   -6 -6 -2  8 -7 -5 -1 -5 -5 -7 -7 -4 -5 -3 -6 -1 -5 -7 -2 -5    0   0   1  83   0   0   2   1   0   0   0   1   0   1   0   4   0   0   2   1  2.40 0.97
  166 P   -3 -3 -5 -4 -5 -4 -4 -3 -1  4 -3 -3  0 -4  7 -1 -1 -6 -5 -2    2   2   0   1   0   1   1   2   2  24   3   1   2   1  48   4   4   0   0   2  1.31 0.63
  167 E   -3 -2  5  3 -5 -1 -1 -3 -3 -4 -4  1 -4 -4  2  2  0 -6 -4 -4    2   1  29  19   0   2   3   1   0   1   1   8   0   1  10  13   6   0   0   1  0.73 0.44
  168 G   -1 -4  2  3 -3 -3 -1  3 -2 -3 -4 -2 -1 -1 -2  1 -1 -3  4 -2    5   0   9  20   0   0   3  21   1   2   1   2   2   2   2  11   3   0  13   3  0.45 0.32
  169 R   -3  2  6  3 -6  0 -1 -3  0 -4 -5 -2 -5 -6  1 -1 -1 -4 -3 -4    2  11  43  13   0   3   4   1   2   1   1   2   0   0   6   4   4   0   1   1  0.97 0.52
  170 H   -5 -5 -3 -3 -7 -3 -4 -6 11 -5 -5 -6 -6 -4 -4 -4 -6 -7 -3 -7    1   0   1   2   0   1   1   0  87   1   1   0   0   1   1   1   0   0   0   0  3.56 1.24
  171 I   -4 -7 -2 -7 -5 -6 -7 -7 -7  6 -2 -6  0 -3 -6 -6 -3 -7 -5  6    1   0   2   0   0   0   0   0   0  37   2   0   2   1   0   0   1   0   0  52  1.68 0.73
  172 G   -3 -3 -5 -2 -7 -6 -4  7 -6 -5 -7 -4 -7 -7 -6 -3 -6 -7 -7 -4    1   2   0   2   0   0   1  87   0   1   0   1   0   0   0   2   0   0   0   1  2.25 0.91
  173 I   -5 -7 -5 -7 -6 -7 -7 -7 -7  8  0 -7 -3 -3 -4 -6 -5 -7 -6  3    1   0   1   0   0   0   0   0   0  72   8   0   0   1   1   0   0   0   0  15  1.99 0.81
  174 D   -4 -6  5  7 -7 -4 -3 -4 -3 -6 -7 -5 -7 -7 -4 -5 -5 -8 -1 -7    2   0  24  66   0   0   1   1   0   1   0   0   0   0   1   0   0   0   2   0  2.13 0.90
  175 I   -3 -5 -2 -4 -4 -3 -5 -6 -6  5  0 -5 -3 -2 -6 -3 -3 -6 -4  6    1   0   2   1   0   1   1   0   0  32   8   0   0   2   0   2   1   0   0  47  1.28 0.59
  176 N   -6 -3  9 -1 -5 -4 -4 -2 -2 -8 -8 -3 -7 -8 -7 -1 -2 -8 -7 -7    0   1  82   3   0   0   0   3   1   0   0   1   0   0   0   4   2   0   0   0  2.50 1.03
  177 S   -2 -5  0 -2 -3 -3 -4  1 -5 -6 -4 -4 -6 -6 -5  7  1 -2 -6 -6    2   0   5   2   0   1   1  10   0   0   2   1   0   0   0  68   7   1   0   0  1.46 0.77
  178 I   -3 -4 -6 -5 -4 -5 -6 -5 -6  5  3 -5  4 -2 -2 -5 -3 -5 -4  2    2   1   0   0   0   0   0   1   0  33  31   0  10   1   3   1   1   0   0  15  1.01 0.49
  179 I   -1  2  1  0 -4  0  0 -4  0  1 -2  2 -1 -3 -4  0  0 -4 -1  2    4  13   8   5   0   4   4   0   2  10   3  15   1   1   0   6   7   0   2  16  0.22 0.21
  180 S   -2 -4 -3 -3 -6 -4 -5 -4 -4 -4 -7 -5 -6 -6 -1  7 -3 -7 -6 -5    2   1   1   1   0   0   0   1   0   1   0   0   0   0   4  86   1   0   0   1  2.08 0.99
  181 T   -1  0  1 -1 -3 -3 -2 -4 -2  3  0 -1 -1 -2 -4  0  1 -4 -1  3    5   5   8   3   0   1   2   0   1  15   8   5   1   1   0   8  10   0   2  26  0.30 0.24
  182 K    2  0  2 -1 -4  1  1 -2 -2 -1 -4  3 -3 -5 -3  0  0 -5 -3  0   19   5   8   2   0   7  10   2   1   3   1  23   0   0   1   5   6   0   1   7  0.36 0.29
  183 T    0 -4  2 -3 -5 -1 -3 -3 -1 -3 -4 -2 -2 -1 -2  3  5 -3  2 -2    7   0  10   1   0   2   1   1   2   1   1   1   1   2   2  25  35   0   6   2  0.75 0.50
  184 V    2  0 -2 -3  1  0  0 -1 -1  0 -2  1 -1 -3 -3  0  3 -1 -2  2   15   4   2   0   3   4   6   4   2   4   3   7   1   0   1   4  20   1   1  17  0.24 0.24
  185 T   -2  1  3  1 -3 -1 -2 -2 -2 -4 -5  0 -4 -3  4  2  1 -2 -3 -4    3   6  16   9   0   2   2   2   1   1   1   6   0   1  22  16   9   1   1   1  0.56 0.38
  186 Y   -2 -4 -6 -6 -4 -5 -6 -7 -6 -1  3 -4  1  3 -5 -5 -5 10 -1  0    3   1   0   0   0   0   0   0   0   3  27   1   3  10   1   1   1  39   1   7  1.79 0.75
  187 N   -3 -2  5  4 -5 -1 -1 -1  1 -4 -5 -1 -4 -4 -1  2  2 -6 -1 -4    1   2  26  20   0   2   3   4   3   1   0   4   0   0   3  16  12   0   2   1  0.68 0.43
  188 L   -3 -2 -4 -3 -4 -5 -5 -6 -4  2  4 -1  1  3 -3 -1 -2  2 -2  0    1   3   1   2   0   0   0   0   0  13  45   4   3  10   2   5   2   3   1   6  0.68 0.39
  189 V   -1  0  1  0 -3  1  0 -2  2  1 -2  1  0 -1 -1  0  1 -3  2  0    5   3   7   4   0   6   5   1   6  11   2  10   2   2   2   8   9   0   7   9  0.10 0.14
  190 S   -3 -3  5  2 -4 -1 -1 -2 -3 -4 -1 -2 -5 -6 -4  5 -1 -6 -1 -5    1   1  23  10   0   2   3   3   0   1   6   1   0   0   0  41   3   0   2   0  0.89 0.56
  191 G   -1  1  0 -2 -6 -2 -2  6 -1 -4 -6 -3 -3 -5 -5 -2 -4 -2 -4 -4    4   7   5   2   0   2   2  67   2   1   1   1   1   0   0   3   1   1   1   1  1.38 0.65
  192 S   -2  1  1  2 -5  2  3  0  0 -3 -4  3 -3 -4 -4  0 -1 -5 -1 -3    2   8   5  10   0  11  18   9   2   1   1  17   0   0   0   7   3   0   2   2  0.39 0.29
  193 L    0  0  2 -2 -4 -1 -1 -3 -2  1  0  0  0 -3  3 -1  1 -4 -3  2    9   4  10   2   0   3   3   2   1   7   7   7   2   1  14   3   9   0   0  17  0.21 0.20
  194 T    3 -5  0 -5 -2 -4 -4 -1 -2  2 -2 -4  7 -3 -5 -4  0 -5  1  1   22   0   5   0   1   0   1   5   1  12   3   0  28   0   0   0   7   0   4  10  0.80 0.50
  195 K   -3  0  3  1 -5  5  1 -4  2 -4 -4  0 -3 -3 -5 -1  2 -3 -1 -3    2   4  15   8   0  25  10   0   5   1   1   6   0   1   0   4  14   0   2   2  0.62 0.43
  196 V    5 -6 -6 -7  1 -6 -6 -5 -7 -1 -3 -4 -4 -4 -6 -2 -4 -7 -6  6   42   0   0   0   2   0   0   0   0   2   2   1   0   0   0   3   1   0   0  46  1.43 0.72
  197 I   -4  2 -3 -4 -4  0 -3 -4  2 -3  0 -2 -3 -2 -7  0  1 10 -1 -2    1   9   1   1   0   5   2   1   5   2   9   2   0   1   0   8   7  40   1   4  1.44 0.68
  198 I   -5 -7 -7 -7 -6 -7 -7 -7 -7  7 -2 -5 -2 -4 -7 -6 -4 -7 -6  5    1   0   0   0   0   0   0   0   0  64   2   1   1   0   0   0   0   0   0  30  2.04 0.84
  199 I   -2  0  1  4 -5 -1  2 -4 -4 -2 -5 -1 -4 -5 -5  2  4 -4 -5 -4    3   4   5  24   0   2  13   1   0   2   0   3   0   0   0  17  24   0   0   1  0.72 0.47
  200 Y   -7 -7 -8 -8 -8 -7 -8 -8 -2 -7 -7 -7 -7  2 -8 -7 -7 -4 10 -7    0   0   0   0   0   0   0   0   1   0   0   0   0   6   0   0   0   0  92   0  3.61 1.34
  201 D   -5 -3  5  7 -7 -1  0 -4  1 -6 -6 -2 -5 -5 -6 -3 -3 -7 -3 -5    1   1  24  53   0   2   5   1   4   0   1   2   0   0   0   1   1   0   1   1  1.56 0.72
  202 S    2 -3  2 -2 -4 -4 -2  3 -3 -6 -6 -4 -5 -6 -3  5 -3 -6 -5 -5   18   2  11   2   0   0   2  24   0   0   0   0   0   0   1  38   1   0   0   0  0.95 0.56
  203 P    1 -1  0  1 -4  1  1 -1 -2 -2 -2 -2 -2 -4  0  3  1 -2 -4  0   10   4   4   8   0   5   7   4   1   1   3   1   1   0   5  29   8   1   0   7  0.30 0.28
  204 S    1 -2 -1 -2 -5  0 -1 -3 -1 -3 -4  1 -3 -5 -4  3  5 -6 -3 -2   11   2   2   2   0   4   3   1   1   2   1   8   0   0   0  23  36   0   1   2  0.73 0.49
  205 S   -2  2  3 -3 -4  0 -1 -2  0 -4 -4  6  1 -5 -5  0  1 -6 -5 -4    3   9  11   1   0   4   3   3   3   1   2  43   3   0   0   6   9   0   0   1  0.81 0.49
  206 T   -3  2  3 -1 -3  2 -1 -3 -2  2  1 -1  2 -2 -4 -1  1 -2 -3  1    0  10  15   3   0  10   4   1   1  11  11   3   5   2   0   3   8   1   0  12  0.26 0.25
  207 L   -6 -6 -7 -8 -5 -5 -7 -8 -7  3  6 -7  1 -1 -7 -6 -4 -6 -5  0    0   0   0   0   0   0   0   0   0  14  72   0   3   2   0   0   1   0   0   7  1.60 0.71
  208 S    1 -1  4  1 -4 -1 -1 -3  0 -3 -4 -1 -2 -2 -4  3  2 -3 -4  0   10   4  19   8   0   2   4   1   2   1   1   3   1   1   0  25  13   0   0   6  0.47 0.36
  209 A    2 -7 -7 -7 -5 -6 -6 -6 -7  0 -3 -6 -2 -5 -6 -5 -4 -7 -6  7   17   0   0   0   0   0   0   1   0   4   2   0   1   0   0   0   1   0   0  75  1.88 0.83
  210 A    0 -1 -2 -1 -3 -3 -4 -4 -1 -2 -3 -2 -3  2 -2  3  4 -2  0  1    8   3   1   3   0   0   0   1   1   1   2   2   0   9   2  22  30   0   3  11  0.55 0.41
  211 I   -3 -6 -6 -7 -5 -5 -5 -7 -5  0  5 -5  3  2 -6 -4 -4  4 -3  2    3   0   0   0   0   0   1   0   0   4  57   1   5   8   0   1   1   5   0  13  1.12 0.55
  212 I    1 -1 -1 -3 -3  0 -2  0  2 -1 -1 -2 -2  0 -2  2  2  2 -1  0   14   3   2   0   0   3   2   7   6   3   7   2   0   4   1  17  16   3   2   8  0.21 0.22
  213 Y   -3 -3  0 -2 -5 -3 -3 -3  1  1 -1 -4  2  3  1 -2 -1 -3  6  1    1   1   4   2   0   1   1   2   3   7   6   0   5   9   8   3   4   0  33   9  0.69 0.42
  214 E    0 -2  0  1 -5  0  1  0 -3 -3 -4 -1 -3 -2  5  1  1 -5 -3 -2    9   2   4   9   0   4   7   8   0   1   1   3   0   2  27   9   9   0   1   3  0.49 0.33
  215 N   -3  1  4  3 -5 -2 -2  0 -3 -5 -4  4 -4 -6 -3  2 -1 -5 -4 -3    1   8  18  13   0   1   2   6   0   0   1  23   0   0   1  17   4   0   1   2  0.62 0.41
  216 G   -1 -2  1 -1 -5  0 -3  3 -3 -4 -3 -3 -1 -5  5  1  0 -6 -5 -3    3   3   6   3   0   5   1  19   1   1   3   1   1   0  33  11   6   0   0   1  0.75 0.45
  217 K    0  1 -1 -1 -4  3  1 -3 -2 -3 -3  3 -3 -3  1  1  2 -5 -3 -1    6   8   3   3   0  12   7   1   1   1   2  20   0   1   6  10  13   0   0   5  0.35 0.29
  218 I   -2  2  0 -1 -4 -1 -2 -3 -1  1 -1  2  0 -3  1  1  2 -2 -2  0    2  14   4   3   0   1   1   1   1   8   5  13   3   1   8  13  14   1   1   7  0.24 0.24
  219 S   -3 -3  0 -5 -1  0 -4 -6 -2 -4 -4 -3 -6 -2  6  1  0 -5  6 -4    2   2   4   0   1   5   0   0   1   1   1   1   0   2  37  12   5   0  24   1  1.17 0.65
  220 T   -2 -2  1 -1 -2 -1 -2 -4  0  2  3 -3 -1 -2 -4  1  2 -4  0 -1    2   2   8   4   1   3   2   1   3  11  28   1   0   1   0  12  13   0   3   4  0.28 0.27
  221 I   -4 -6 -7 -7 -5 -6 -7 -6 -5  3  5 -6 -1  1 -7 -6 -4 -6 -5  4    1   0   0   0   0   0   0   0   0  16  48   0   1   6   0   0   0   0   0  26  1.26 0.60
  222 S   -1 -2  2 -2 -6 -4 -3 -4 -2 -5 -5 -4 -6 -3 -4  7 -1  0 -1 -5    5   2   8   2   0   0   1   0   1   0   1   1   0   1   0  68   4   1   3   0  1.42 0.79
  223 Q    2 -2 -3 -1 -1  1  0 -3  2 -3 -2 -2 -1  1 -3 -1  2 -3  4 -1   22   2   0   3   2   6   5   1   5   1   4   2   1   5   1   4  13   0  18   5  0.37 0.32
  224 V    0  1  1  0 -4  0 -1 -3  0  1 -2  1  0 -3  1  0  2 -4 -3  1    6   7   6   4   0   4   3   1   2   9   1  10   2   1   8   8  16   0   0  11  0.19 0.20
  225 I   -4 -4 -6 -7 -3 -4 -6 -7 -3  4  1 -4  1 -2 -6 -6 -3 -4  2  6    0   1   0   0   1   1   0   0   1  20  10   1   3   1   0   0   1   0   8  52  1.26 0.62
  226 D   -6 -4  4  7 -8 -3  1 -6  0 -8 -6 -5 -7 -8 -1 -3 -6 -8 -3 -6    0   1  18  64   0   1   7   0   2   0   1   0   0   0   3   1   0   0   1   0  1.89 0.86
  227 L   -6 -7 -8 -8 -5 -7 -8 -8 -8 -2  7 -7  0 -2 -4 -7 -6 -7 -6 -1    0   0   0   0   0   0   0   0   0   1  90   0   2   1   1   0   0   0   0   3  2.10 0.91
  228 K   -2  3 -1 -2 -5 -2  1 -3 -2 -5 -4  3  0 -5 -4  4  0 -6 -4 -4    2  17   3   2   0   1  10   2   1   0   1  18   2   0   1  34   5   0   0   1  0.73 0.49
  229 T    0  0  1  2 -4  1  1 -2 -2 -4 -3  2 -2 -4  1  2  2 -5 -4 -3    9   3   6  12   0   5   9   3   1   1   2  14   1   0   6  15  11   0   0   1  0.30 0.26
  230 V   -1 -5 -2 -3 -2 -3  0 -6  0  3 -1 -2 -2  0 -6 -4 -3 -4  4  5    5   0   3   1   1   1   7   0   3  16   5   2   1   3   0   0   1   0  14  37  0.73 0.45
  231 L   -5 -7 -7 -8 -6 -6 -7 -7 -7  0  6 -7  0  1 -6 -7 -5 -6 -5  3    0   0   0   0   0   0   0   0   0   4  70   0   2   5   0   0   0   0   0  18  1.58 0.73
  232 P   -2 -2  1  1 -7  0 -2 -4 -1 -6 -3  0 -3 -6  7 -3  0 -7 -3 -4    2   2   6   7   0   5   3   1   1   0   3   6   1   0  52   2   7   0   1   1  1.26 0.66
  233 N   -4 -2 -1  5 -8  1  6 -3 -2 -7 -7 -3 -6 -8 -2 -1 -4 -7 -7 -7    1   2   2  26   0   6  51   2   1   0   0   1   0   0   3   5   1   0   0   0  1.42 0.73
  234 T   -3 -1 -1 -1 -4  1  1 -5 -5 -4 -3  0 -2  1 -1  0  1  9  1 -1    2   4   3   4   0   7  10   1   0   1   2   6   1   6   3   6   7  30   4   4  0.95 0.53
  235 V    1 -7 -6 -7 -6 -6 -7 -6 -4 -1 -4 -6  6 -6 -7 -1 -3 -7 -5  6   12   0   0   0   0   0   0   0   0   2   0   0  18   0   0   4   1   0   0  62  1.69 0.82
  236 Q    1  2 -2 -4 -4 -3 -3 -4 -2 -1 -4 -3 -3  1 -5  2  1 -1  6 -3   11  12   2   1   0   1   1   1   1   4   1   1   1   6   0  18   8   1  30   1  0.76 0.50
  237 I   -3 -7 -8 -8 -6 -7 -7 -8 -8  4 -2 -7 -2  1 -6 -6 -4 -3 -5  7    2   0   0   0   0   0   0   0   0  21   2   0   1   6   0   0   0   0   0  68  1.86 0.82
  238 G   -5 -8 -6 -7 -8 -7 -8  8 -7 -6 -9 -7 -8 -8 -8 -6 -7 -8 -8 -8    0   0   0   0   0   0   0  99   0   1   0   0   0   0   0   0   0   0   0   0  2.97 1.15
  239 L   -7 -8 -8 -9 -8 -8 -8 -8 -7 -2 -1 -5 -5  9 -9 -8 -7 -5 -3 -5    0   0   0   0   0   0   0   0   0   2   4   1   0  91   0   0   0   0   0   0  3.21 1.17
  240 S   -1 -6 -4 -6 -3 -5 -5 -6 -6 -4 -7 -5 -7 -6 -6  7  0 -8 -7 -7    3   0   1   0   0   0   0   0   0   1   0   0   0   0   0  88   5   0   0   0  2.25 1.05
  241 A    6 -6 -5 -6 -4 -5 -5  2 -6 -6 -6 -5 -6 -7 -5  2 -3 -7 -6 -5   69   0   0   0   0   0   0  12   0   0   0   0   0   0   0  16   1   0   0   0  1.64 0.81
  242 A    5 -5 -3 -5 -3 -5 -5 -3 -6 -5 -6 -5 -5 -6 -5  4  4 -7 -6 -4   40   0   1   0   0   0   0   2   0   0   0   0   0   0   0  34  20   0   0   0  1.30 0.71
  243 T   -4 -4 -2 -6 -6 -5 -5 -2 -7 -4 -6 -6 -4 -7 -5  2  8 -7 -7 -4    1   1   2   0   0   0   0   4   0   1   0   0   0   0   0  14  76   0   0   1  2.00 0.95
  244 L   -2 -6 -4 -6 -5 -5 -4  7 -7 -5 -4 -4 -6 -6 -6  0 -3 -5 -6 -4    2   0   0   0   0   1   1  81   0   1   2   1   0   0   0   6   1   0   0   2  2.00 0.85
  245 T    1 -1  2  0 -2  0 -1 -3 -3  0  1 -2 -2 -2 -3  2  2 -3  2  0   12   3  11   6   1   3   2   1   0   4  14   2   1   1   1  16  12   0   7   5  0.18 0.21
  246 G    1 -2  1 -2 -2 -3 -3  0 -2 -2 -2 -2 -3  2 -3  1  3 -3  2  2   13   1   7   2   1   0   1   8   1   2   2   2   0   9   1  13  17   0   7  14  0.27 0.27
  247 E    1 -4 -3 -3 -3  3  6 -5 -3 -6 -6 -3 -4 -6 -4  3  0 -7 -5 -4   10   0   1   1   1  11  48   0   1   0   0   0   0   0   0  19   6   0   0   1  1.17 0.67
  248 S   -2  2 -2 -3 -4  0 -1 -4  0  1  2 -1 -1 -3 -4  2  4 -5 -2 -1    2  13   1   1   0   3   3   1   2   7  19   2   1   1   0  14  25   0   1   3  0.39 0.33
  249 Y   -7 -5  3 -5 -8 -1 -6 -7 11 -5 -5 -6 -7 -7 -4 -6 -6 -8  0 -7    0   0  14   1   0   3   0   0  76   1   2   0   0   0   1   0   0   0   2   0  3.16 1.19
  250 S   -3 -1  1  3  2  3  0 -3 -2 -3 -3 -1 -3  0 -5 -1  0 -4  5 -2    1   3   6  18   5  12   5   2   0   1   3   4   0   3   0   4   7   0  24   2  0.58 0.40
  251 I   -5 -7 -8 -8 -6 -7 -8 -8 -8  6  1 -7 -3 -4 -7 -7 -5 -7 -6  6    0   0   0   0   0   0   0   0   0  44  12   0   0   0   0   0   0   0   0  44  1.81 0.77
  252 H   -5 -1 -2 -5 -3 -3 -2 -7  3 -1  5 -3  1 -1 -7 -3 -3 -2  1 -2    0   4   2   0   1   1   3   0   7   3  63   1   3   2   0   2   1   0   5   2  1.05 0.56
  253 S   -1 -5 -1 -2 -6 -4 -4  4 -6 -7 -7 -5 -6 -7 -6  6 -3  1 -1 -7    4   0   3   2   0   1   0  28   0   0   0   0   0   0   0  57   1   2   2   0  1.44 0.76
  254 W   -9 -7-11-11 -3 -9-10 -9 -9 -9 -8-10 -8 -4-11-10 -9 13 -2-10    0   0   0   0   1   0   0   0   0   0   0   0   0   1   0   0   0  97   1   0  5.31 1.75
  255 S   -3 -4  0 -2 -6 -3  1 -5 -3 -7 -7 -5 -6 -5 -6  7 -1 -7  0 -7    1   1   4   2   0   1   8   0   1   0   0   0   0   0   0  75   3   0   4   0  1.71 0.88
  256 F   -8 -9 -9 -9 -8 -9 -9 -9 -7 -5 -5 -9 -3 10 -9 -7 -8 -5 -2 -7    0   0   0   0   0   0   0   0   0   0   0   0   0  98   0   0   0   0   0   0  3.63 1.26
  257 V    1 -1  3 -1 -5 -2 -1 -1  2 -4 -5  1 -5 -4 -4  4  2 -6 -3 -4   12   3  15   2   0   1   4   4   4   1   0   7   0   1   0  31  13   0   1   0  0.58 0.41
  258 S   -2 -4 -4 -5 -5 -4 -5 -5 -6 -2 -1 -4  4 -4 -4  6  0 -7 -6 -2    3   1   0   0   0   0   0   0   0   2   6   1  12   1   1  67   4   0   0   3  1.46 0.77
  259 D   -3 -3  4  2 -5 -3 -1 -3 -3 -4 -6  2 -5 -3 -5  3  4 -6 -5 -4    1   0  22   9   0   0   4   1   1   1   0  11   0   1   0  21  27   0   0   1  0.86 0.52
  260 L   -4 -3 -5 -5 -5 -5 -5  3 -6 -1  5 -4  1  3 -6 -2 -4 -5 -4 -2    0   1   0   0   0   0   0  22   0   2  52   1   3  12   0   3   0   0   0   1  0.97 0.51
  261 E    0 -1 -1  3 -5  2  2 -4 -4 -3 -3  0 -3 -4  5 -1 -1 -3 -4 -3    6   2   2  18   0  11  15   1   0   1   3   6   1   1  25   3   3   0   0   1  0.64 0.37
  262 T    4 -3  0  0 -4 -2 -1  1  2 -2 -2 -2 -1 -2  0  1  2 -4 -1 -3   34   0   4   5   0   1   3  10   6   3   3   1   1   2   4   7  12   0   2   0  0.34 0.28
  263 T   -2 -1  1 -2 -5  1 -1 -2 -3 -5 -4  2 -4 -5  5  1  4 -6 -5 -4    2   2   7   1   0   6   2   2   0   0   1  13   0   0  27  10  24   0   0   1  0.76 0.43
  264 A    2 -1  1 -1 -4 -1  0 -2 -3 -3 -1  0 -3 -4  2  2  2 -5 -4 -2   19   2   8   3   0   2   6   1   0   0   6   6   0   0  11  18  16   0   0   2  0.34 0.27
  265 S    0 -2 -1 -3 -3 -1 -1 -2  0  2  2 -1 -2 -2 -2  3  0 -4 -3 -1    6   2   2   1   0   3   4   1   2  14  21   3   0   1   2  29   6   0   0   3  0.29 0.26
  266 Y   -1 -3  4  4 -5 -2  3 -3  0 -3 -4  0 -4 -5 -3  1  0 -6 -3 -2    6   0  19  25   0   0  17   1   2   1   1   5   0   0   0  10   6   0   1   4  0.57 0.33
  267 V    0  1 -1 -3 -3 -2 -1 -2 -3  3  1 -2  1  0  1 -1  1 -4 -2  1    6  10   3   1   0   0   3   3   0  23  13   1   3   3   6   2  10   0   1  11  0.18 0.16
  268 S    0 -3  0 -2 -4 -3  0 -3  0 -3 -1 -1 -4 -5 -4  6  1 -6 -5 -4    5   1   3   2   0   0   6   0   2   1   6   3   0   0   0  63   8   0   0   0  0.97 0.52
  269 N   -3  1  6  1 -5  0 -1 -3 -3 -5 -5  4 -4 -6 -4  1 -1 -6 -5 -5    0   8  40   7   0   4   3   1   0   0   0  24   0   0   0  10   4   0   0   0  0.92 0.42
  270 I   -4 -5 -6 -6 -4 -5 -6 -6 -6  4  5 -5  1 -2 -5 -5 -4 -5 -4  1    0   0   0   0   0   0   0   0   0  24  68   0   2   0   0   0   0   0   0   6  1.26 0.46

                      K         Lambda
Standard Ungapped    0.1323     0.3168
Standard Gapped      0.0525     0.2670
PSI Ungapped         0.1704     0.3136
PSI Gapped           0.0525     0.2670
