
Last position-specific scoring matrix computed, weighted observed percentages rounded down, information per position, and relative weight of gapless real matches to pseudocounts
           A  R  N  D  C  Q  E  G  H  I  L  K  M  F  P  S  T  W  Y  V   A   R   N   D   C   Q   E   G   H   I   L   K   M   F   P   S   T   W   Y   V
    1 M   -1 -2 -3 -4 -2 -1 -3 -3 -2  1  2 -2  7  0 -3 -2 -1 -2 -1  0    0   0   0   0   0   0   0   0   0   0   0   0 100   0   0   0   0   0   0   0  0.61 0.05
    2 S   -1 -1  5  0 -2  0 -1 -1  0 -3 -3 -1 -2 -3  3  2  0 -4 -2 -3    0   0  53   0   0   0   0   0   0   0   0   0   0   0  18  29   0   0   0   0  0.58 0.03
    3 L   -2 -3 -4 -4 -2 -3 -3 -4 -3  3  3 -3  2  1 -3 -3 -1 -2 -1  2    0   0   0   0   0   0   0   0   0  27  47   0   8   7   0   0   0   0   0  10  0.36 0.02
    4 S    3 -1  0 -1 -1 -1 -1  0 -1 -3 -3 -1 -2 -3 -1  4  1 -3 -2 -2   29   0   0   0   0   0   0   0   0   0   0   0   0   0   0  71   0   0   0   0  0.49 0.05
    5 S    1 -1  0 -1 -2 -1 -1  0 -2 -1 -2  0 -2 -3  3  3  3 -3 -2 -1    5   0   0   0   0   0   0   7   0   3   0   6   0   0  16  35  26   0   0   0  0.34 0.03
    6 L   -2 -2 -3 -4 -2 -2 -3 -4 -3  1  4 -3  2  1 -1 -2 -1 -2 -1  1    0   0   0   0   0   0   0   0   0   0  71   0   3   7   4   0   0   0   0  13  0.38 0.03
    7 T    1  3  0 -1  1  0 -1  0 -1 -2 -2  0 -1 -3 -2  2  2 -3 -2 -1   17  24   3   0   3   0   0   7   0   0   0   0   0   0   0  20  23   0   0   0  0.23 0.02
    8 L   -1 -2 -3 -3  2 -2 -3 -3  0  1  4 -2  1  1 -3 -1 -1 -2 -1  1    0   0   0   0   6   0   0   0   3   0  66   0   0   8   0   7   0   0   0   4  0.28 0.03
    9 D   -1 -1  2  4 -3  0  2  0  1 -3 -4 -1 -3 -3  0  1 -1 -4 -3 -3    0   0  13  44   0   0  10   8   3   0   0   0   0   0   3  18   0   0   0   0  0.47 0.03
   10 S    2 -1  0 -1 -1 -1 -1 -1  0 -2 -2 -1 -2 -3  3  3  1 -3 -2 -2   23   0   0   0   0   0   0   0   3   0   3   0   0   0  16  52   3   0   0   0  0.42 0.04
   11 N    1  1  4  0 -2  1  0 -1  4 -3 -3  0 -2 -3  2  1  0 -3 -1 -2   15   8  32   3   0   6   0   0  17   0   0   0   0   0   9   6   4   0   0   0  0.32 0.03
   12 P    1 -2 -2 -2 -3 -2 -2  0 -3 -2 -1 -1 -2 -3  7  0 -1 -4 -3 -2   18   0   0   0   0   0   0   8   0   0   8   0   0   0  64   3   0   0   0   0  1.16 0.05
   13 R    1  2 -2 -2 -1 -1 -1 -2 -2  1  1  0  1  0 -2  0  0 -2 -1  1   23  18   0   0   0   0   0   0   0  20  12   3   4   3   0   4   6   0   0   6  0.09 0.02
   14 F    1 -2 -2 -2  1 -2 -2 -2 -2  0  0 -2  0  2  2  0  1  2  0  0   24   0   0   0   3   0   0   0   0  10  12   0   0  14   9   8  13   3   0   0  0.12 0.01
   15 A    2  1  0 -1  2 -1 -1  1 -1 -2 -2  0 -1 -1 -1  1  1 -2 -2 -1   33  14   3   0   6   0   0  11   0   0   1   4   0   3   0  15   8   0   0   0  0.18 0.02
   16 V    1 -2 -1 -2  3 -1 -2  1 -1 -1 -1 -1 -1  1  2  0  1 -1  1  0   16   0   0   0   9   0   1  14   0   0   4   1   0   8  10   4  17   0   9   6  0.14 0.01
   17 G    2  2  2 -1 -2  0 -1  1  0 -2 -2  1 -1 -1 -2  1  1 -3 -2 -1   29  16  13   0   0   3   0   8   3   0   3   8   0   3   0   3  10   0   0   0  0.15 0.02
   18 G    1  0  1 -1 -2  0 -1  4 -1 -2 -2 -1 -2 -3 -2  1  0 -3 -2 -2   16   6  10   0   0   3   1  37   0   0   4   0   0   0   0  15   5   0   0   1  0.30 0.02
   19 P    1  0 -1 -1 -2 -1 -1  0 -2 -1 -2 -1 -1  0  5  1  1 -3 -2 -1   14   6   0   0   0   0   0   6   0   0   1   0   0   5  30  19  11   0   0   7  0.40 0.02
   20 Y    0  1 -1 -2 -2  0 -1  1  0 -1 -1 -1 -1  2 -3 -1 -1  4  4 -1   12  15   3   0   0   7   0  12   0   3   5   0   0   6   0   0   4   6  27   0  0.20 0.02
   21 H    0  1  1  0 -2  0 -1  0  5 -2 -2  0 -2 -2 -2  2  0 -3 -1 -2    3  12   5   3   0   0   0   6  24   0   5   5   0   0   0  33   3   0   0   2  0.24 0.04
   22 R    0  0  0 -1  5  0 -1  1  3 -1 -1 -1 -1  0  0  0  0 -2  0 -1    3   4   3   3  19   3   0  10  15   0   2   0   0   7   5  11   6   0   2   7  0.14 0.02
   23 R   -1  4  1 -2 -3  1  0  0  0 -2 -1  2  0 -1 -2 -1 -1 -3 -2 -2    5  46   7   0   0   5   0   8   3   0   5  14   6   2   0   0   0   0   0   0  0.32 0.04
   24 Y    0  1 -2 -2 -2  0 -1 -1  1 -1  1 -1  0  2  3  0 -1 -1  1 -1    5  11   0   0   0   5   0   2   5   0  17   0   0  17  17  13   0   0   4   3  0.18 0.02
   25 P    1  1  1 -1 -2  0 -1  0 -1 -1 -1  0 -1  0  3  0  0 -2 -1  0   16  14  10   0   0   3   1   7   0   5   3   0   0   8  20   1   6   0   0   5  0.19 0.02
   26 P    1 -1 -1 -1 -2  2  0 -1  3 -1 -1  0 -1 -1  4  0  0 -2 -1 -1   13   0   0   0   0  15   1   3  12   4   9   3   0   3  26   7   3   0   0   1  0.32 0.03
   27 L    1 -1  0 -2  2 -1 -2  1 -2  0  1 -1  0  1 -1  0 -1 -2 -1  0   14   3   7   0   6   0   0  13   0   3  26   3   0   9   3   7   0   0   0   5  0.05 0.01
   28 H    0  3  0 -1 -3  2  0  1  4 -3 -3  0 -2 -3  2  0 -1 -3 -1 -3    8  26   2   0   0  18   0  12  18   0   0   0   0   0  12   2   0   0   0   0  0.35 0.04
   29 H    2  0 -1 -2 -2  1 -1 -1  5 -2 -1  0 -1 -1  2  0 -1 -2  1 -1   27   5   0   0   0   8   0   2  27   0   6   2   0   2  11   4   0   0   3   2  0.24 0.04
   30 P    1  1  1 -1 -2 -1 -1  1  2 -2 -2 -1 -2  0  4  0 -1 -2  1 -1   15  11  10   0   0   0   0  12   7   0   0   0   0   5  27   0   2   0   5   3  0.35 0.03
   31 R    0  4 -1 -2 -3  1  0  0  2 -3 -3  2 -2 -3  1  0 -1 -3 -2 -2   12  46   0   0   0   4   0   8   7   0   0   8   0   0   6   5   2   0   0   0  0.37 0.04
   32 S    0 -1  2  2  0  1  0  0 -1 -2 -3  0 -2 -2  1  2  0 -3  0 -2    0   0  14  16   2   9   0   8   0   0   0   4   0   0   8  26   5   0   4   3  0.23 0.03
   33 F    0  3 -1 -2 -2 -1 -2 -1  0  0 -1  0  1  2 -2 -1  0 -2  0  1   10  27   2   0   0   0   0   3   3   5   0   2   5  18   0   0   7   0   0  17  0.12 0.04
   34 V    0  0 -1 -3 -1 -2 -2 -3 -1  2  0 -2  0 -1  1 -1 -1 -3 -2  3    7   6   3   0   0   0   0   0   2  16   4   0   0   0   6   2   0   0   0  51  0.21 0.05
   35 S    0  0 -1 -2  0 -1 -2 -2 -2  1  0 -1  0  0 -2  2  2 -3 -1  3    6   6   0   0   2   0   0   0   0   0   9   0   0   4   0  22  14   0   0  37  0.15 0.05
   36 C   -1 -1  2 -2  8 -2 -3  0 -2 -2 -2 -2 -2 -3  3  0  1 -3 -3 -2    0   3  14   0  47   0   0   6   0   2   2   0   0   0  14   4   9   0   0   0  0.68 0.09
   37 S    0  1  0 -1 -2  1  0  0 -1 -2 -2  1 -1 -3 -2  3  1 -3 -2 -1    5   8   3   0   0   5   5   7   0   1   3  11   2   0   0  41   8   0   0   2  0.22 0.05
   38 A    2  1 -1 -2 -1  1 -1  0 -2  0 -1  0  0 -2 -1  1  2 -3 -2  1   33   9   0   0   0   8   0   3   0   3   0   2   3   0   2   9  18   0   0  11  0.17 0.04
   39 K    0  3 -1 -2  3  1  0 -2 -1 -2 -1  3  0 -3 -2  0  0 -3 -2 -1    6  17   0   0  10   5   0   0   0   2   4  39   5   0   0   7   3   0   0   1  0.28 0.06
   40 R    1  2  0 -1 -1  0  0 -2 -1 -1  0  1  0 -1  1  1  1 -3 -2 -1   12  17   5   0   1   0   2   0   0   0  13  10   2   2   8  17   7   0   0   3  0.12 0.03
   41 P    2  0 -2 -1 -2  0 -1 -2  0  0 -1  0 -1 -3  5  0  0 -3 -2  0   23   6   0   3   0   3   0   0   3   4   6   4   0   0  30   4   4   0   0  12  0.39 0.05
   42 A    2  0  0 -1 -2  0  1  1 -1 -2 -2  0 -1 -3  0  2  1 -3 -2 -1   20   2   2   0   0   4   9   8   0   0   2   5   0   0   3  31   6   0   0   6  0.21 0.04
   43 V    1  0  0 -1 -2  1  1 -2 -2  0 -1  0  0 -2  3  1  0 -3 -2  1   11   4   3   0   0   5  12   0   0   3   2   3   3   0  15  14   5   0   0  19  0.18 0.03
   44 S    1 -1  1  0 -2  0  0 -2 -2  0 -1 -1  0 -2  2  1  0  2 -2  1   16   2   7   4   0   2   7   0   0  10   0   0   2   0   9  20   3   4   0  14  0.13 0.03
   45 A    2 -1 -1 -1 -2  0  0  0  0 -2 -2 -1 -1 -1  3  1  0 -3 -2  0   27   2   2   2   0   2   7   5   2   0   2   0   0   2  18  14   5   0   0   7  0.25 0.04
   46 S    1  0  0  0  0  0  0  0 -1 -1 -2  0 -2 -3  2  2  1 -3 -2 -1   19   5   4   2   2   3   5   5   0   4   0   7   0   0  11  23   8   0   0   2  0.20 0.04
   47 L    1  1  0 -1 -2  0  1 -1  1 -1  0  0  0 -2  0  2  0 -3 -2  0   12   7   4   1   0   3   8   3   4   0  11   7   3   0   3  21   5   0   0   7  0.08 0.02
   48 S    2 -1  2  0 -1  0 -1 -1  0 -2 -1 -1 -1 -3  2  2  1 -1 -2  0   20   0  14   3   1   2   1   2   2   0   4   0   0   0   9  23   9   1   0   7  0.19 0.05
   49 V    1  1 -1 -2  1 -1 -1 -1 -2  0  0 -1 -1 -2  1  1  1 -3 -1  1   20  10   1   0   4   0   1   1   0   4   7   0   0   0   5  15  14   0   1  16  0.11 0.04
   50 A    2  0  1  0 -2 -1 -1  0 -2 -1 -1  0 -1 -3  2  1  1 -3 -2  0   26   5  11   4   0   0   2   3   0   3   3   5   0   0  10  11   7   0   0   9  0.15 0.04
   51 A    1  1  0 -1 -2  0  0  0  0 -1  0  0 -1 -2  3  0  0 -3 -2 -1   22   7   4   0   0   5   6   7   2   0  12   7   0   0  13   7   3   0   0   5  0.15 0.03
   52 D    0 -1  3  2 -3  1  1 -1  1 -2 -2  0 -2 -3  3  1 -1 -4 -2 -1   12   0  24  11   0   6   6   0   4   0   3   4   0   0  17   8   1   0   0   4  0.33 0.06
   53 S    1  0  1  0 -2 -1 -1  3  1 -2 -2  0 -2 -2  1  1  0 -3 -2 -1   15   8   7   3   0   0   1  24   5   0   0   2   0   1   8  13   3   0   0   8  0.21 0.04
   54 A    2 -1 -1  0 -2  0  0  0 -1  0 -1 -1 -1 -2  0  1  0 -3  0  0   33   3   1   3   0   3   7   6   2   4   4   0   0   1   3  13   4   0   4  10  0.12 0.05
   55 A    2  0  0 -1  0  0  0  1 -1 -2 -2  0 -2 -3  2  1  0 -3 -2  0   20   4   4   2   2   4   6  10   1   0   0   4   0   0  13  17   4   0   0   8  0.20 0.04
   56 T    1  0  1  0  1  1  1  1 -1 -2 -2  0 -1 -3  2  1  0 -3 -2 -2   11   5   8   4   5   8   9  13   0   0   0   4   3   0  12   7   8   0   0   2  0.20 0.04
   57 E    0  2  0  0 -2  2  1  0  1 -2 -1  1 -1 -2  2  1  0 -3 -2 -1    6  12   2   4   0  11   8   7   4   0   7   9   0   2   9  14   2   0   0   3  0.15 0.03
   58 S    0  1  1  0 -2  1  0  1  1 -2 -1  2 -1 -1  1  1  0 -3 -1 -2    8   8  10   2   0   4   6   9   5   2   5  16   1   2   5  12   2   0   0   1  0.12 0.03
   59 L    0  2 -1 -2  1  1  0 -2 -1  0  1  1  0 -1  1  0  0  0 -1  0    8  18   0   0   4   7   4   0   1   4  18  10   3   0   6   3   5   1   2   4  0.09 0.03
   60 G    0  0  0  0 -1  0  0  3 -1 -2 -2  0 -2 -2  1  1  0 -3 -2 -2    8   7   4   6   1   5   7  26   0   2   2   4   0   2   8  13   3   0   0   3  0.21 0.04
   61 R    0  6 -1 -1 -3  1  0 -2 -1 -3 -1  2 -2 -3 -1 -1 -1 -4 -3 -2    9  58   2   1   0   4   4   2   0   0   5   7   0   0   2   0   2   0   0   3  0.55 0.12
   62 I    0  0  0  0 -2 -1 -1 -1 -2  1  1 -1  1 -1  0  0  1  2 -1  1    5   5   7   5   0   1   1   2   0  16  11   0   4   2   5  10   8   3   2  13  0.04 0.03
   63 G    0 -1  1  1 -3  1  2  2 -1 -2 -2  0 -1 -3 -1  1  0 -3 -3 -2    3   1   6   8   0   5  23  20   0   0   5   5   1   0   1  15   2   0   0   3  0.24 0.06
   64 S    1 -1  0  0 -1 -1 -1  0  0 -1 -1 -1  1 -2  3  2  1 -3 -2 -1   12   3   4   3   1   0   1   5   2   5   2   2   8   1  16  23  11   0   1   2  0.20 0.06
   65 L   -2  0  0 -3 -3  0 -2  0 -3  0  2 -1  7 -1 -3 -2 -1 -3 -2  0    1   5   4   0   0   5   1   9   0   1  17   4  44   1   0   0   3   0   0   3  0.46 0.17
   66 S    0 -2  3 -1 -3  0 -1  0 -1 -4 -4 -1 -3 -4 -1  5  1 -4 -2 -3    5   0  17   1   0   2   2   4   1   0   0   1   0   0   1  58   4   0   1   1  0.60 0.20
   67 Q    0  1 -1 -2 -2  3 -1  0 -2 -3 -3  3  1 -4 -1  2  2 -4 -3 -2    5   4   1   0   1  19   0   5   0   0   0  21   6   0   1  23  13   0   0   0  0.34 0.14
   68 V   -1 -4 -5 -5 -3 -4 -4 -5 -5  1 -1 -4 -1 -3 -4 -3 -1 -5 -3  7    2   0   0   0   0   0   0   0   0   3   1   0   0   0   0   0   2   0   0  91  1.27 0.32
   69 S    0 -1  1  1  1 -1 -1 -1 -2 -1 -2 -1 -1 -2 -1  2  4 -2 -2 -1    7   4   7   8   4   1   2   2   1   3   2   1   1   1   2  14  36   0   1   4  0.26 0.10
   70 G   -1 -5 -5 -5 -3 -4 -5  0 -5  3 -1 -4  0 -3 -5 -4 -2 -5 -4  6    4   0   0   0   0   0   0   7   0  11   0   0   2   0   0   0   0   0   0  76  1.14 0.35
   71 V   -3 -5 -5 -6 -3 -5 -5 -6 -5  3  2 -5 -1 -3 -5 -4 -2 -5 -3  6    0   0   0   0   0   0   0   0   0  17  14   0   0   0   0   0   0   0   0  70  1.18 0.34
   72 L   -3 -4 -5 -5 -2 -4 -5 -5 -5  3  4 -4  0 -2 -5 -4 -1 -4 -3  4    0   0   0   0   0   0   0   0   0  16  47   0   1   0   0   0   2   0   0  35  0.86 0.26
   73 G   -3 -5 -3 -4 -5 -5 -5  7 -5 -7 -7 -4 -6 -6 -5 -3 -4 -5 -6 -6    0   0   0   0   0   0   0 100   0   0   0   0   0   0   0   0   0   0   0   0  2.28 0.49
   74 C    4 -3 -3 -3  1 -3 -3 -2 -4 -3 -3 -3 -3 -4 -3  3  4 -5 -4 -2   45   0   0   0   3   0   0   1   0   0   1   0   0   0   0  19  30   0   0   1  0.79 0.30
   75 Q   -4 -2 -3 -4 -6  9 -1 -5 -3 -6 -5 -1 -4 -7 -5 -3 -4 -5 -5 -6    0   0   0   0   0  99   0   0   0   0   0   1   0   0   0   0   0   0   0   0  2.53 0.62
   76 W   -6 -7 -8 -8 -6 -6 -7 -6 -6 -6 -5 -7 -5 -2 -8 -6 -6 13 -1 -7    0   0   0   0   0   0   0   0   0   0   0   0   0   0   0   0   0  99   0   0  4.61 0.78
   77 G   -3 -5 -3 -4 -5 -5 -5  7 -5 -7 -7 -4 -6 -6 -5 -3 -4 -5 -6 -6    0   0   0   0   0   0   0 100   0   0   0   0   0   0   0   0   0   0   0   0  2.29 0.49
   78 D   -5 -5 -2  8 -7 -3 -1 -4 -4 -6 -7 -4 -6 -7 -5 -3 -4 -8 -6 -6    0   0   0 100   0   0   0   0   0   0   0   0   0   0   0   0   0   0   0   0  2.49 0.55
   79 E   -4 -3 -3 -1 -7  0  8 -5 -3 -6 -6 -2 -5 -6 -4 -3 -4 -6 -5 -5    0   0   0   0   0   1  99   0   0   0   0   0   0   0   0   0   0   0   0   0  2.16 0.54
   80 G   -3 -3 -3 -4 -5 -5 -5  7 -5 -7 -7 -4 -6 -6 -5 -3 -4 -5 -6 -6    0   1   0   0   0   0   0  99   0   0   0   0   0   0   0   0   0   0   0   0  2.23 0.48
   81 K   -4 -1 -3 -4 -6 -1 -2 -5 -4 -6 -6  8 -4 -6 -4 -3 -4 -6 -5 -5    0   0   0   0   0   0   0   0   0   0   0  99   0   0   0   0   0   0   0   0  2.10 0.53
   82 G   -2 -5 -3 -4 -5 -5 -5  7 -5 -7 -7 -4 -6 -6 -5 -3 -4 -5 -6 -6    1   0   0   0   0   0   0  99   0   0   0   0   0   0   0   0   0   0   0   0  2.25 0.48
   83 K   -4  0 -3 -4 -6 -1 -2 -5 -4 -6 -6  8 -4 -6 -4 -3 -4 -6 -5 -5    0   0   0   0   0   0   1   0   0   0   0  99   0   0   0   0   0   0   0   0  2.08 0.52
   84 L    1 -4 -5 -5 -3 -4 -4 -4 -4  4  3 -4  2 -2 -4 -3 -2 -4 -2  3   13   0   0   0   0   0   0   0   0  34  28   0   5   0   0   0   0   0   1  19  0.63 0.22
   85 V   -2 -4 -3 -4 -2 -4 -4 -5 -5  1 -2 -4 -2 -4 -4 -2  5 -5 -4  5    2   0   0   0   0   0   0   0   0   5   0   0   0   0   0   0  46   0   0  46  1.06 0.36
   86 D   -5 -5 -1  8 -7 -3 -1 -4 -4 -6 -7 -4 -6 -7 -5 -3 -4 -8 -6 -6    0   0   0 100   0   0   0   0   0   0   0   0   0   0   0   0   0   0   0   0  2.48 0.54
   87 I   -3 -4 -4 -5 -3 -2 -4 -5 -3  4  3 -4  3  4 -5 -4 -3 -1  4  1    0   0   0   0   0   2   0   0   0  25  26   0   8  17   0   0   0   0  16   5  0.65 0.22
   88 L   -4 -5 -6 -6 -4 -5 -5 -6 -5  1  6 -5  0 -2 -5 -5 -4 -4 -2 -1    0   0   0   0   0   0   0   0   0   6  91   0   0   0   0   0   0   0   1   1  1.41 0.38
   89 A    5 -3 -3 -3  2 -3 -3  2 -4 -4 -4 -3 -3 -4 -3  3 -1 -5 -4 -2   54   0   0   0   4   0   0  15   0   0   0   0   0   0   0  23   2   0   0   2  0.80 0.29
   90 Q    0  0 -1  0 -4  4  3  0  0 -4 -4  1 -1 -4  0  0  1 -4 -3 -3    9   4   1   4   0  20  26   8   2   0   0   5   2   0   3   7   8   0   0   0  0.39 0.17
   91 H   -2  2  2  3 -4  2  2 -2  2 -4 -4  2 -3 -4 -3  0 -1 -4 -2 -4    0  14  10  18   0  10  14   1   7   0   0  17   0   0   0   6   2   0   0   0  0.49 0.18
   92 F    5 -4 -4 -4 -2 -3 -3 -3 -3  0 -2 -3 -1  2 -3  0 -1 -3  2  2   54   0   0   0   0   0   0   0   0   4   0   0   1  10   0   5   2   0   7  15  0.61 0.26
   93 D   -4 -4  0  8 -6  0  2 -4 -3 -6 -6 -3 -5 -6 -3 -2 -3 -7 -6 -6    0   0   2  80   0   4  13   0   0   0   0   0   0   0   0   0   0   0   0   0  1.77 0.43
   94 I   -2 -4 -5 -4 -3 -4 -4 -5 -3  4  1 -4  1 -1 -5 -4 -2 -1  4  5    1   0   0   1   0   0   0   0   0  26   8   0   2   0   0   0   1   0  17  43  0.79 0.26
   95 V   -3 -5 -5 -5  5 -5 -5 -6 -6  3 -2 -5 -2 -3 -5 -4 -2 -5 -4  6    0   0   0   0  13   0   0   0   0  13   0   0   0   0   0   0   0   0   0  73  1.36 0.38
   96 A    4 -3 -4 -5  5 -4 -4 -3 -5  0 -2 -4 -2 -4 -4 -1 -2 -5 -4  4   41   1   0   0  15   0   0   0   0   1   0   0   0   0   0   2   0   0   0  40  0.89 0.31
   97 R   -4  8 -3 -4 -3 -2 -3 -5 -3 -6 -4  2 -4 -6 -5 -4 -4 -6 -5 -5    0  92   0   0   1   0   0   0   0   0   1   7   0   0   0   0   0   0   0   0  2.12 0.50
   98 C   -1 -5 -5 -5  8 -4 -5 -4 -2 -3 -3 -5 -3  4 -1  0 -3 -2  6 -2    5   0   0   0  34   0   0   0   0   0   0   0   0  15   4   6   0   0  34   1  1.35 0.37
   99 Q    1 -2  2 -3 -5  8 -1 -3 -2 -5 -5 -2 -3 -6 -4 -1 -3 -4 -4 -5   13   0   9   0   0  73   0   1   0   0   0   0   0   0   0   3   0   0   0   0  1.54 0.47
  100 G   -3 -5 -3 -4 -5 -5 -5  7 -5 -7 -6 -4 -5 -6 -5 -3 -4 -5 -6 -6    0   0   0   0   0   0   0  99   0   0   0   0   0   0   0   0   0   0   0   0  2.25 0.49
  101 G   -3 -5 -3 -4 -5 -5 -5  7 -5 -7 -6 -4 -5 -6 -5 -3 -4 -5 -6 -6    0   0   0   0   0   0   0  99   0   0   0   0   0   0   0   0   0   0   0   0  2.25 0.49
  102 A    1 -3  8  1 -2 -2 -3 -3  0 -5 -5 -3 -4 -5 -4  0 -2 -6 -4 -4   12   0  70   7   1   0   0   0   2   0   0   0   0   0   0   5   0   0   0   1  1.41 0.40
  103 N   -5 -3  9 -2 -6 -3 -3 -3 -2 -6 -6 -3 -5 -6 -5 -2 -3 -7 -5 -6    0   0  98   0   0   0   0   0   0   0   0   0   0   0   0   0   0   0   0   0  2.50 0.58
  104 A    7 -4 -4 -5 -3 -4 -4 -3 -4 -4 -4 -3 -4 -5 -4 -2 -3 -5 -5 -3   99   0   0   0   0   0   0   0   0   0   0   0   0   0   0   0   0   0   0   0  1.76 0.49
  105 G   -3 -5 -3 -4 -5 -5 -5  7 -5 -7 -6 -4 -5 -6 -5 -3 -4 -5 -6 -6    0   0   0   0   0   0   0  99   0   0   0   0   0   0   0   0   0   0   0   0  2.25 0.49
  106 H   -5 -4 -3 -4 -6 -3 -3 -5 11 -7 -6 -4 -5 -5 -6 -4 -5 -6 -2 -6    0   0   0   0   0   0   0   0  99   0   0   0   0   0   0   0   0   0   0   0  3.37 0.67
  107 T   -3 -4 -3 -4 -4 -4 -4 -5 -5 -3 -4 -4 -4 -5 -4 -1  8 -5 -5 -3    0   0   0   0   0   0   0   0   0   0   0   0   0   0   0   1  97   0   0   0  2.04 0.54
  108 I   -3 -5 -5 -5 -3 -4 -5 -5 -5  6  0 -4 -1 -3 -4 -4 -2 -5 -3  5    0   0   0   0   0   0   0   0   0  44   2   0   0   0   0   0   0   0   0  50  1.19 0.33
  109 Y   -2 -4 -4 -4 -2 -3 -2 -4 -4  2 -1 -3  0 -2 -4 -3 -2 -3  3  6    1   1   0   0   1   1   3   1   0   7   2   1   2   0   0   1   0   0  10  68  0.91 0.29
  110 N    0 -1  1  0 -1 -1  0 -2  0  2  0  0  0  0 -1 -1  0  0 -1  2    7   2   9   5   1   2   4   2   2  12   4   5   1   3   2   3   5   1   1  28  0.08 0.06
  111 S    1 -2  0 -1 -2 -2 -1  3 -2 -1 -2 -2 -2  1  0  0 -2 -3 -2  2   11   1   4   4   0   0   2  28   0   1   1   2   0   9   5   6   1   0   0  24  0.24 0.13
  112 E   -3 -2  3  6 -4 -1  3 -3 -2 -3 -4  0 -3 -3 -3 -2 -2 -4 -4 -3    1   1  17  50   0   2  16   1   1   1   1   4   1   1   0   1   1   0   0   1  0.94 0.26
  113 G   -1 -2  0  0 -3 -2 -2  6 -2 -3 -3 -2 -3 -3 -2  0 -2 -3 -3 -3    3   1   4   5   0   1   2  65   1   1   2   2   1   1   1   6   1   0   1   2  0.91 0.20
  114 K   -1  0 -1 -1 -4  2  3 -3 -1 -2 -3  4 -2 -4 -3 -2  0 -4 -3  1    2   1   1   1   0  11  22   0   1   2   0  35   0   0   0   0   7   0   0  16  0.51 0.22
  115 K   -1  0 -2 -1 -4  1  3 -3 -1 -4 -4  5 -2 -5 -3  0  2 -5 -4 -2    3   1   0   1   0   4  19   0   1   0   0  46   0   0   0   4  18   0   0   2  0.70 0.27
  116 F   -4 -5 -5 -6 -5 -5 -5 -6 -2 -2 -2 -5 -3  6 -6 -5 -4 -1  8 -3    0   0   0   0   0   0   0   0   0   2   3   0   0  34   0   0   0   0  59   1  1.94 0.46
  117 A    3 -1 -2  3 -4 -1  0 -2 -1 -2 -3  4 -2 -4 -3 -1 -2 -5 -4 -2   29   1   0  23   0   0   4   0   2   3   1  32   0   0   0   3   0   0   0   2  0.55 0.24
  118 L   -4 -5 -5 -6 -4 -4 -5 -6 -4 -1  5 -5  0  5 -5 -5 -4 -3 -1 -2    0   0   0   0   0   0   0   0   0   0  67   0   1  30   0   0   0   0   0   0  1.25 0.35
  119 H   -5  1 -2 -4 -6 -1 -3 -5 10 -6 -6 -1 -5 -4 -5 -3 -3 -5 -1 -6    0   8   1   0   0   1   0   0  83   0   0   4   0   0   0   1   1   0   0   0  2.54 0.56
  120 L   -4 -4 -6 -6 -4 -3 -5 -6 -5  1  6 -5  3 -2 -5 -5 -3 -4 -3 -1    0   0   0   0   0   1   0   0   0   4  88   0   6   0   0   0   0   0   0   0  1.38 0.38
  121 V   -3 -4 -5 -5 -2 -4 -5 -5 -5  5  4 -4  1 -1 -5 -4 -3 -4 -3  2    0   0   0   0   0   0   0   0   0  35  47   0   2   1   0   0   0   0   0  14  0.91 0.27
  122 P   -4 -5 -5 -5 -6 -4 -4 -5 -5 -6 -6 -4 -6 -7  9 -4 -4 -7 -6 -6    0   0   0   0   0   0   0   0   0   0   0   0   0   0  99   0   0   0   0   0  3.08 0.61
  123 S    0 -4 -2 -3 -3 -3 -3 -3 -4 -5 -5 -3 -4 -5 -4  7 -1 -6 -5 -3    5   0   0   0   0   0   0   0   0   0   0   0   0   0   0  93   0   0   0   2  1.66 0.50
  124 G   -3 -5 -3 -4 -6 -5 -5  7 -5 -7 -7 -4 -6 -6 -5 -3 -5 -6 -6 -6    0   0   0   0   0   0   0 100   0   0   0   0   0   0   0   0   0   0   0   0  2.31 0.50
  125 I   -3 -5 -6 -6 -4 -5 -6 -6 -6  7  2 -5  1 -2 -5 -5 -3 -5 -4  2    1   0   0   0   0   0   0   0   0  74  14   0   2   0   0   0   0   0   0   9  1.36 0.37
  126 L   -3 -4 -5 -5 -3 -4 -5 -5 -4  3  4 -4  1  3 -5 -4 -3 -3 -2  2    0   0   0   0   0   0   0   0   0  16  52   0   2  16   0   0   0   0   0  13  0.81 0.25
  127 N   -3 -3  6 -2 -5 -1 -3 -3  4 -4 -4 -3 -4  1 -4  1 -1 -3  6 -4    0   0  40   0   0   1   0   0  10   0   0   0   0   5   0  12   3   0  27   0  1.00 0.33
  128 E   -2 -2 -1  0 -3  0  3 -3 -1 -5 -5  2 -4 -5  6  0 -2 -5 -4 -4    2   1   2   4   0   2  24   1   1   0   0  13   0   0  42   6   1   0   0   0  1.02 0.29
  129 D   -2  0  3  4 -5 -1  1  2  0 -5 -5  3 -4 -5 -3 -1 -1 -5 -4 -4    1   4  19  24   0   0  10  16   2   0   0  20   0   0   0   2   2   0   0   0  0.58 0.21
  130 T    1 -2 -3 -3  6 -2 -2 -2 -4 -2 -3  4 -3 -4 -3 -1  2 -5 -4  1   12   0   0   0  23   0   0   2   0   1   0  36   0   0   0   4  12   0   0  10  0.68 0.27
  131 T   -2 -1 -3 -3 -3  0 -2 -4 -2  3  1  0  2 -2 -3 -1  3 -4 -2  2    0   2   0   1   0   4   1   0   1  18  14   7   5   0   0   1  30   0   1  14  0.34 0.18
  132 C    0 -4  3 -3  8 -3 -4 -1 -4 -3 -4 -4 -4 -5  3  2 -2 -5 -5 -4    6   0  18   0  40   0   0   4   0   1   0   0   0   0  15  16   0   0   0   0  1.19 0.34
  133 V   -3 -5 -5 -5 -3 -5 -5 -6 -5  4  1 -5  0  1 -5 -4 -2 -4 -3  6    0   0   0   0   0   0   0   0   0  19  12   0   1   7   0   0   0   0   0  60  1.01 0.31
  134 I   -4 -5 -6 -6 -4 -5 -6 -6 -6  7  1 -5  0 -3 -5 -5 -3 -5 -4  2    0   0   0   0   0   0   0   0   0  80  10   0   1   0   0   0   0   0   0  10  1.52 0.40
  135 G   -1 -5 -3 -4 -5 -5 -5  7 -5 -7 -7 -4 -6 -6 -5 -3 -4 -5 -6 -6    3   0   0   0   0   0   0  96   0   0   0   0   0   0   0   0   0   0   0   0  2.16 0.48
  136 N   -2 -3  8 -2 -4 -2 -3 -3 -2 -6 -6 -3 -5 -6 -3  1 -2 -7 -5 -6    2   0  84   0   0   1   0   1   0   0   0   0   0   0   1  11   1   0   0   0  1.89 0.49
  137 G   -3 -5 -3 -4 -5 -5 -5  7 -5 -7 -7 -4 -6 -6 -5 -3 -4 -5 -6 -6    0   0   0   0   0   0   0  99   0   0   0   0   0   0   0   1   0   0   0   0  2.28 0.50
  138 V   -1 -5 -5 -6  1 -4 -5 -5 -5  0 -1 -5  3 -3 -5 -4 -1 -5 -4  6    4   0   0   0   3   0   0   0   0   1   2   0   9   0   0   0   3   0   0  78  1.26 0.39
  139 V   -2 -5 -6 -6 -4 -5 -5 -6 -6  0 -2 -5 -2 -4 -5 -4 -3 -6 -4  7    1   0   0   0   0   0   0   0   0   1   0   0   0   0   0   0   0   0   0  97  1.83 0.49
  140 V   -3 -5 -5 -5 -3 -5 -5 -6 -5  5  1 -5  0  0 -5 -4 -3 -5 -3  5    0   0   0   0   0   0   0   0   0  42   8   0   1   3   0   0   0   0   0  46  1.09 0.32
  141 H   -4 -3  3  6 -6 -2 -1 -4  8 -6 -6 -3 -5 -5 -4 -3 -4 -6 -2 -6    0   0  15  43   0   0   1   0  41   0   0   0   0   0   0   0   0   0   0   0  1.68 0.43
  142 L   -3 -5 -5 -5 -4 -4 -4 -5 -5  1  3 -4 -2 -3  7 -4 -3 -5 -4  1    0   0   0   0   0   0   0   0   0   7  33   0   0   0  50   0   0   0   0  10  1.29 0.34
  143 P    0 -1 -3 -1 -5 -1  2 -1 -3 -4 -4  3 -3 -5  6 -1 -3 -5 -4 -3    6   1   0   2   0   2  17   4   0   0   1  24   0   0  41   2   0   0   0   1  0.97 0.29
  144 G    2 -3 -2 -2 -3 -2 -3  3 -3 -1 -2 -2 -2 -3 -3  3 -1 -4 -3  3   21   0   1   1   0   1   0  22   0   1   1   1   0   0   0  24   2   0   0  27  0.46 0.22
  145 L   -4 -5 -6 -6 -2 -5 -5 -6 -5  0  5 -5  2  5 -5 -5 -4 -3 -2 -1    0   0   0   0   1   0   0   0   0   1  69   0   4  24   0   0   0   0   0   1  1.18 0.34
  146 F   -3 -5 -5 -6 -3 -5 -5 -5 -4  2  3 -4 -1  7 -5 -4 -3 -2  0  1    0   0   0   0   0   0   0   0   0   9  25   1   0  52   0   0   0   0   1  10  1.09 0.31
  147 K   -1 -1  0  1 -4  2  5 -2 -1 -4 -4  3 -3 -4 -3  0 -1 -5 -4 -4    5   1   3   8   0  11  39   3   1   0   0  18   0   0   0   7   3   0   0   0  0.61 0.23
  148 E   -4 -3 -3 -1 -7 -1  8 -5 -3 -6 -6 -2 -5 -6 -4 -3 -4 -6 -5 -6    0   0   0   0   0   0 100   0   0   0   0   0   0   0   0   0   0   0   0   0  2.24 0.56
  149 I   -1 -4 -5 -5 -2 -4 -5 -4 -5  5  4 -4  3 -2 -5 -4 -3 -4 -3  0    6   0   0   0   0   0   0   1   0  40  42   0   8   0   0   0   0   0   0   2  0.86 0.28
  150 D    0 -1  1  5 -5  0  4 -2 -1 -5 -4  0 -4 -5 -3 -1 -2 -5 -4 -4   11   3   4  39   0   2  27   1   1   0   1   6   0   0   0   3   2   0   0   0  0.75 0.25
  151 G    1 -1  1 -1 -4  0 -1  3 -1 -3 -3  2  0 -2 -3  0 -1 -2  4 -3   10   2   6   2   0   3   4  24   0   0   0  15   3   0   0   5   4   0  21   1  0.35 0.17
  152 L   -3 -4  2 -5 -4 -4 -5 -5 -4  1  5 -4  2 -2 -5 -4 -3 -4 -3 -1    1   0  12   0   0   0   0   0   0   7  75   0   4   0   0   0   0   0   0   0  1.05 0.33
  153 E    0 -1  0 -1 -4  2  5 -3  3 -2 -3  1 -2 -4 -3 -1 -1 -4 -3 -2    8   2   4   1   0   9  45   0   9   2   2  10   1   0   0   1   2   0   0   3  0.59 0.23
  154 S    2  0  0  1 -3  1  3 -1 -2 -4 -3  2 -3 -4 -2  2 -1 -4 -3 -3   22   2   2   8   0   4  20   4   0   0   1  18   0   0   0  18   1   0   0   0  0.40 0.18
  155 N   -2  4  2 -2 -5  1  0 -3  1 -4 -2  4 -2 -4 -3 -1 -2 -5 -3 -3    1  29  12   1   0   6   4   0   4   0   3  34   1   1   0   1   0   0   0   1  0.68 0.24
  156 G   -3 -5 -1 -3 -5 -4 -4  7 -4 -7 -6 -3 -5 -6 -5 -3 -4 -5 -6 -6    0   0   3   1   0   0   0  94   0   0   0   1   0   0   0   0   0   0   0   0  2.04 0.46
  157 V   -1 -3 -4 -5 -2 -3 -4 -5 -3  4  2 -1  0  0 -4 -3 -2 -4 -2  4    4   0   0   0   1   0   0   0   0  26  21   5   1   3   0   0   0   0   1  38  0.59 0.22
  158 S   -1 -1  2  5 -3 -1  0  0 -1 -4 -4  2 -4 -4 -2  3  0 -5 -4 -4    1   1   8  33   0   2   2   5   1   0   1  14   0   0   1  25   5   0   0   0  0.57 0.22
  159 C    0 -4 -3 -4  6 -3 -4 -4 -4  0 -1 -3 -2 -2 -4 -2  4  6  0  2    6   0   0   0  21   0   0   0   0   4   5   0   0   1   0   0  33  12   3  14  0.79 0.28
  160 K   -1  0 -1  3 -3  1  3 -2 -1 -4 -4  1 -3 -4 -2  2  1 -2 -3 -3    3   5   1  22   0   5  20   1   1   0   1   7   0   0   0  23   9   1   0   0  0.45 0.18
  161 G    0 -1  1  2 -2  0  1  3 -1 -2 -2  1 -2 -2 -1  0 -1 -2 -2 -2    7   2   7  11   1   3   9  29   1   2   4   8   1   2   2   7   3   0   1   2  0.23 0.06
  162 R   -3  6  4 -2 -4 -1 -2 -3  1 -5 -4  2 -3 -4 -4 -2 -3 -4 -3 -4    1  54  26   0   0   0   1   1   3   0   1  10   0   0   0   1   0   0   0   1  1.14 0.32
  163 I   -4 -5 -6 -6 -4 -5 -5 -6 -5  3  6 -5  0 -1 -5 -5 -3 -4 -3  0    0   0   0   0   0   0   0   0   0  16  80   0   1   1   0   0   0   0   0   2  1.28 0.36
  164 L   -3  3 -3 -4 -2 -2 -2 -4 -2  2  2  2  0  3 -4 -3 -3 -3  0  0    0  22   0   0   1   0   1   0   0  11  26  14   2  16   0   0   0   0   3   3  0.39 0.18
  165 V   -3 -5 -6 -6 -4 -5 -6 -6 -6  7  0 -5 -1 -3 -5 -5 -3 -5 -4  4    0   0   0   0   0   0   0   0   0  72   3   0   0   0   0   0   0   0   0  25  1.48 0.39
  166 S   -2 -4 -2 -1 -4 -3 -3 -3 -4 -5 -6 -3 -5 -6 -4  7 -1 -6 -5 -5    0   0   0   2   0   0   0   0   0   0   0   0   0   0   0  98   0   0   0   0  1.84 0.54
  167 D    0 -3  2  6 -2 -1  1 -1 -2 -5 -5 -2 -4 -5 -2  1 -1 -6 -4 -4    7   0  11  53   1   2   7   4   1   0   0   0   0   0   1  11   2   0   0   0  0.89 0.28
  168 R   -3  7  2 -1 -6 -1 -3 -4 -2 -6 -5  0 -4 -6 -5 -1 -2 -6 -4 -5    2  77  12   3   0   1   0   0   0   0   0   1   0   0   0   3   2   0   0   0  1.56 0.43
  169 A    7 -4 -4 -5 -1 -4 -4 -3 -4 -4 -4 -3 -4 -5 -4 -1 -2 -5 -5 -3   95   0   0   0   1   0   0   0   0   0   0   0   0   0   0   1   1   0   0   0  1.63 0.47
  170 H   -5 -3 -2 -4 -7  1 -3 -6 11 -7 -6 -4 -5 -5 -6 -4 -5 -6 -2 -7    0   0   1   0   0   5   0   0  95   0   0   0   0   0   0   0   0   0   0   0  3.17 0.66
  171 L   -3 -4 -5 -5 -3 -4 -5 -6 -5  3  4 -4  1 -2 -5 -4 -3 -4 -3  4    0   0   0   0   0   0   0   0   0  18  44   0   1   0   0   0   0   0   0  37  0.92 0.28
  172 L   -3 -5 -5 -4 -2 -5 -5 -6 -5  5  1 -5 -1 -2 -5 -4 -1 -5 -3  5    0   0   0   1   0   0   0   0   0  45  12   0   0   0   0   0   2   0   0  40  1.04 0.31
  173 F   -1 -4 -5 -6 -4 -4 -5 -5 -4 -2  2 -4  7  6 -2 -4 -1 -3 -1 -2    6   0   0   0   0   0   0   0   0   0  17   0  31  41   2   0   3   0   0   0  1.13 0.35
  174 D   -3 -5 -1  5 -6 -3 -2 -3 -3 -6 -6 -3 -5 -6  7 -2 -4 -7 -6 -5    1   0   2  38   0   0   0   2   0   0   0   0   0   0  56   1   0   0   0   0  1.84 0.44
  175 F   -4 -5 -5 -6 -5 -4 -5 -6  1 -3  0 -5 -2  6 -6 -5 -4  0  8 -2    0   0   0   0   0   0   0   0   3   0  10   0   0  28   0   0   0   1  56   2  1.67 0.42
  176 H   -5 -4  0 -4 -7 -3 -3 -5 11 -7 -6 -4 -5 -5 -6 -4 -5 -6 -2 -7    0   0   3   0   0   0   0   0  96   0   0   0   0   0   0   0   0   0   0   0  3.23 0.66
  177 Q   -2  4 -2 -3 -4  6 -1 -4 -2  2 -1  2 -1 -4 -4 -2 -3 -4 -4 -1    1  20   0   0   0  41   1   0   0  14   5  14   1   0   0   0   0   0   0   3  0.77 0.30
  178 E    1  1 -2 -1 -3  1  1 -3 -1  1  0  1  1 -2 -3 -1  1 -3 -2  1   12  11   0   2   0   5  10   0   1  10  11  11   4   0   0   1  11   0   0  12  0.13 0.09
  179 V   -1 -4 -4 -5 -3 -1 -4 -5 -4  3  4 -4  2 -1 -4 -3 -1 -4 -3  3    4   0   0   0   0   3   0   0   0  14  39   0   5   1   0   0   4   0   0  29  0.61 0.22
  180 D   -5 -5 -2  8 -7 -3 -1 -4 -4 -6 -7 -4 -6 -7 -5 -3 -4 -8 -6 -6    0   0   0  99   0   0   1   0   0   0   0   0   0   0   0   0   0   0   0   0  2.50 0.56
  181 G    0  1 -2 -2 -4  1  2  5 -3 -2 -4  3 -2 -4 -3 -2 -2 -4 -4 -3    7   6   0   0   0   5  13  43   0   2   1  20   1   0   0   1   0   0   0   1  0.63 0.23
  182 L    0 -3 -5 -5 -1 -3 -3 -5 -4  1  4 -4  2 -1 -4 -3 -2 -4 -2  2   10   1   0   0   1   0   2   0   0   5  57   0   3   1   0   1   0   0   1  18  0.65 0.24
  183 R   -2  3  0  0 -3  4  3 -3 -1 -3 -3  2 -2 -4 -3  0  1 -4 -3 -3    1  15   3   2   0  24  21   1   1   1   1  14   0   0   0   5   8   0   0   1  0.52 0.21
  184 E   -4 -3 -3 -1 -7 -1  8 -5 -3 -6 -6 -2 -5 -6 -4 -3 -4 -6 -5 -6    0   0   0   1   0   0  99   0   0   0   0   0   0   0   0   0   0   0   0   0  2.20 0.55
  185 S    2  2 -1  0 -3  1  2 -3 -2 -1 -1  1 -1 -3 -3  0 -1 -4 -3  1   19  16   1   4   0   6  18   0   0   2   7  10   0   0   0   4   2   0   0  11  0.22 0.13
  186 E    1  2 -1 -1 -3  2  4 -2 -1 -3 -2  0 -2  3 -3  0 -2 -3  0 -3   12  11   1   1   0   8  33   1   1   0   2   4   0  14   0   7   0   0   3   1  0.38 0.18
  187 L   -2  4 -3 -4 -4 -2 -3 -5 -3 -2  4  4 -1 -3 -4 -2 -3 -4 -3 -2    1  26   0   0   0   0   0   0   0   0  44  27   1   0   0   1   0   0   0   0  0.76 0.29
  188 A    1 -4 -3 -3 -5 -1 -3  7 -4 -6 -6 -2 -5 -5 -4  0 -3 -5 -5 -5   10   0   0   1   0   3   0  77   0   0   0   1   0   0   0   6   0   0   0   0  1.46 0.37
  189 K    0  0  2  2 -3 -1  2  3 -2 -4 -4  3 -3 -4 -2  0 -1 -4 -4 -3    7   2   9  15   0   1  12  22   0   0   0  26   0   0   1   4   2   0   0   0  0.43 0.17
  190 S   -1  2  4  0 -4  1 -1  0  2 -4 -3  3 -2 -4 -3  2 -1 -3 -2 -4    4  12  25   5   0   4   2   5   5   0   1  19   0   0   0  16   1   0   0   0  0.43 0.18
  191 F   -1  1  1  0 -3  0 -1 -3 -2 -3 -2  5 -1  0 -3  2 -1 -4 -3 -3    4   4   7   6   0   4   0   0   0   0   4  43   2   6   0  17   1   0   0   1  0.46 0.22
  192 I   -4 -6 -6 -6 -4 -5 -6 -7 -6  8  1 -5 -1 -3 -6 -5 -3 -5 -4  1    0   0   0   0   0   0   0   0   0  86  12   0   0   0   0   0   0   0   0   2  1.69 0.44
  193 G   -3 -5 -3 -4 -6 -5 -5  7 -5 -7 -7 -4 -6 -6 -5 -3 -5 -6 -6 -6    0   0   0   0   0   0   0 100   0   0   0   0   0   0   0   0   0   0   0   0  2.31 0.50
  194 T   -3 -4 -3 -4 -4 -4 -4 -5 -5 -4 -4 -4 -4 -5 -4 -2  8 -6 -5 -3    0   0   0   0   0   0   0   0   0   0   0   0   0   0   0   0 100   0   0   0  2.17 0.57
  195 T   -3 -4 -3 -4 -4 -4 -4 -5 -5 -4 -4 -4 -4 -5 -4 -2  8 -6 -5 -3    0   0   0   0   0   0   0   0   0   0   0   0   0   0   0   0 100   0   0   0  2.17 0.57
  196 K   -2  1  0 -3 -1  0 -2  4 -3 -3 -4  6 -4 -5 -4 -2 -3 -5 -4 -4    0   7   3   0   2   2   0  31   0   2   1  52   0   0   0   0   0   0   0   0  0.94 0.32
  197 R   -4  6  0 -3 -6 -1 -2 -4 -2 -5 -5  6 -4 -6 -4 -3 -3 -6 -4 -5    0  45   3   0   0   0   0   1   0   0   0  50   0   0   0   0   0   0   0   0  1.46 0.41
  198 G   -3 -5 -3 -4 -6 -5 -5  7 -5 -7 -7 -4 -6 -6 -5 -3 -5 -6 -6 -6    0   0   0   0   0   0   0 100   0   0   0   0   0   0   0   0   0   0   0   0  2.31 0.50
  199 I   -4 -6 -6 -6 -4 -6 -6 -7 -6  8 -1 -6 -2 -3 -6 -5 -4 -6 -4  0    0   0   0   0   0   0   0   0   0  99   0   0   0   0   0   0   0   0   0   1  2.09 0.51
  200 G   -3 -5 -3 -4 -6 -5 -5  7 -5 -7 -7 -4 -6 -6 -5 -3 -5 -6 -6 -6    0   0   0   0   0   0   0 100   0   0   0   0   0   0   0   0   0   0   0   0  2.30 0.50
  201 P   -4 -6 -5 -5 -6 -5 -4 -6 -6 -6 -6 -4 -6 -7  9 -4 -4 -7 -6 -6    0   0   0   0   0   0   0   0   0   0   0   0   0   0 100   0   0   0   0   0  3.17 0.63
  202 A    4 -4 -4 -4  7 -4 -4 -3 -4 -3 -4 -4 -3 -5 -4 -1  3 -5 -4 -1   42   0   0   0  29   0   0   0   0   0   0   0   0   0   0   1  24   0   0   3  1.15 0.36
  203 Y   -5 -5 -6 -7 -6 -5 -5 -7 -1 -5 -4 -5 -4  0 -6 -5 -4 -1 10 -5    0   0   0   0   0   0   0   0   0   0   0   0   0   0   0   0   0   0 100   0  3.03 0.65
  204 S    2 -2 -2 -3 -2 -1 -2 -1 -3 -2 -2 -2  6 -4 -3  4  1 -4 -4 -2   20   1   0   0   0   1   2   3   0   1   0   0  24   0   0  38   8   0   0   1  0.65 0.29
  205 S   -2 -4  1  7 -4 -3 -1 -2 -2 -5 -5 -3 -5 -5 -4  3  1 -6 -5 -5    3   0   4  60   0   0   0   1   0   0   0   0   0   0   0  24   8   0   0   0  1.20 0.36
  206 K   -4  0 -3 -4 -6 -2 -2 -5 -4 -6 -6  8 -4 -6 -4 -3 -4 -6 -5 -5    0   1   0   0   0   0   0   0   0   0   0  99   0   0   0   0   0   0   0   0  2.11 0.54
  207 V    4 -4 -3 -3 -3 -3 -3 -3 -3  2 -2 -3  3 -1 -3 -1  0 -4 -1  2   48   0   0   1   0   0   0   0   0  14   0   0   9   2   0   3   3   0   2  16  0.54 0.24
  208 I    3 -2  2 -1 -3 -1  1  0 -2  0 -3 -2 -3 -4 -3  2  1 -2 -3 -2   31   0  12   1   0   1  11   5   0   6   1   0   0   0   0  21  10   0   0   0  0.37 0.19
  209 R   -5  8 -4 -5 -7 -2 -3 -6 -3 -6 -5 -1 -5 -6 -5 -4 -4 -6 -5 -6    0 100   0   0   0   0   0   0   0   0   0   0   0   0   0   0   0   0   0   0  2.46 0.57
  210 N   -1 -1  3 -2  1 -2 -3 -2 -2  2 -1 -2  0 -3 -3  2  1 -4 -3  2    1   3  20   0   3   0   0   1   0  14   2   0   2   0   0  21  11   0   0  20  0.32 0.18
  211 G   -3 -5 -2 -4 -5 -5 -5  7 -5 -7 -7 -4 -6 -6 -5 -3 -4 -5 -6 -6    0   0   1   0   0   0   0  99   0   0   0   0   0   0   0   0   0   0   0   0  2.26 0.50
  212 I   -4 -5 -6 -6 -4 -5 -6 -6 -6  7  3 -5  0 -2 -5 -5 -3 -5 -4  1    0   0   0   0   0   0   0   0   0  66  28   0   0   0   0   0   0   0   0   5  1.28 0.35
  213 R   -5  8 -3 -5 -7 -2 -3 -6 -3 -6 -5  0 -4 -6 -5 -4 -4 -6 -5 -6    0  99   0   0   0   0   0   0   0   0   0   1   0   0   0   0   0   0   0   0  2.43 0.57
  214 V   -2 -5 -5 -5 -3 -4 -5 -6 -5  4  0 -5  4 -2 -5 -4 -2 -5 -3  6    1   0   0   0   0   0   0   0   0  27   2   0  12   1   0   0   0   0   0  57  1.11 0.34
  215 G    1 -3 -3 -3  7  2 -2  1  4 -1 -3 -3 -1 -4 -4  0 -2 -2 -2 -1   15   0   0   0  27  13   1  13  13   3   0   0   1   0   0   6   0   0   1   5  0.63 0.24
  216 D   -5 -4 -1  8 -6 -3  0 -4  4 -6 -7 -3 -6 -6 -4 -3 -4 -7 -5 -6    0   0   0  86   0   0   4   0  11   0   0   0   0   0   0   0   0   0   0   0  2.07 0.49
  217 L   -4 -5 -6 -6 -4 -5 -5 -6 -5  1  6 -5  2 -2 -5 -5 -4 -4 -3 -1    0   0   0   0   0   0   0   0   0   5  90   0   3   0   0   0   0   0   0   1  1.44 0.39
  218 R   -3  1 -4 -4 -3 -3 -4 -5 -3  1  3 -3  4  3 -4 -4 -2 -2  1  1    0  10   0   0   0   1   0   0   0   5  38   1  12  17   0   0   0   0   5  11  0.54 0.21
  219 H   -4 -3  3  7 -6 -2  1 -3  5 -6 -6 -2 -5 -4 -4 -1 -3 -6 -2 -5    0   0  11  64   0   0   5   0  13   0   0   1   0   1   0   2   0   0   1   0  1.39 0.37
  220 M   -1  0 -2 -1 -4 -1  3 -3  0 -3 -2  2  2  3  3 -2 -2  4 -1 -3    3   5   1   2   0   1  21   0   2   0   2  15   9  16  14   1   1   5   0   0  0.40 0.19
  221 D   -2 -2  1  5 -5  0  4 -1 -2 -5 -5  1 -4 -5 -3  1 -1 -5 -4 -4    2   0   4  32   0   1  35   4   0   0   0   8   0   0   0  10   2   0   0   0  0.77 0.25
  222 T   -1 -1 -2  0 -3 -1  2 -3  0  3  0 -1  0 -3 -3 -1  2 -4 -3  2    2   3   1   4   0   2  18   1   3  22   4   3   1   0   0   2  17   0   0  18  0.23 0.14
  223 L   -5 -6 -6 -6 -5 -6 -6 -6 -4 -2  2 -6 -2  8 -6 -5 -5 -2  0 -3    0   0   0   0   0   0   0   0   0   0  22   0   0  78   0   0   0   0   0   0  1.96 0.47
  224 P    2  3 -2 -2 -3  0  2 -1 -1 -3 -3  1 -3 -4  1  1  0 -4 -2 -2   21  22   0   0   0   1  17   4   1   1   1   9   0   0   6  11   3   0   1   2  0.34 0.16
  225 Q    1  1 -1  2 -4  4  4 -3 -1 -3 -3  2 -3 -4 -3 -1  0 -4 -3 -3   12   5   1   9   0  19  32   0   0   1   2  11   0   0   0   3   5   0   0   1  0.51 0.21
  226 K   -3  3 -2 -3 -6 -1 -2 -4 -3 -4 -3  7 -2 -6 -4 -3 -3 -6 -4 -5    1  15   1   0   0   0   0   0   0   0   3  78   1   0   0   0   1   0   0   0  1.47 0.42
  227 L   -3 -4 -5 -6 -3 -4 -5 -6 -4  1  5 -5  0  4 -5 -4 -3 -3  2  1    0   0   0   0   0   0   0   0   0   5  58   0   0  20   0   0   0   0   6  11  0.90 0.28
  228 D   -1  4  0  1 -5  0  3 -3 -1 -4 -3  3 -1 -4 -3 -1 -1 -4 -2 -3    4  26   4   6   0   2  23   0   1   0   1  24   2   0   0   2   3   0   1   0  0.58 0.22
  229 L    0  2  1 -1 -3  1  0 -1  0 -1 -1  1  0 -2 -2  0  0  1 -1 -1   10  16   7   2   0   6   7   4   3   5   6   9   2   1   0   6   8   2   2   5  0.09 0.06
  230 L    1 -3  4 -2 -3 -1 -3 -3 -3  0  3 -3 -1 -3 -4 -1  0 -4 -3 -1   16   0  30   0   0   2   0   0   0   4  36   0   1   0   0   3   4   0   0   3  0.47 0.23
  231 L    1 -4 -5 -5 -2 -4 -4 -4 -3  2  4 -4  0 -1 -4 -3 -2 -4 -2  3   11   0   0   0   1   0   0   1   0   7  52   0   1   2   0   1   0   0   1  24  0.64 0.23
  232 S    1  1  1  2 -4  1  4 -2  1 -3 -3  1 -1 -4 -2  0 -1 -4 -2 -3   13   8   6  10   0   4  33   1   4   0   0   9   1   0   0   5   3   0   1   1  0.41 0.17
  233 D   -1 -1  0  2 -3  2  2  1  0 -1 -1 -1  0 -1 -2  0  0 -3  0 -1    4   2   3  14   0  13  19  10   3   4   4   1   2   2   1   4   5   0   5   3  0.17 0.10
  234 A    0  2 -2 -3 -3 -1 -2 -3  1 -4 -4  6 -3 -1 -4 -2 -2 -3  3 -3    9   9   1   0   0   0   0   1   4   0   1  56   0   3   0   0   1   0  14   1  0.84 0.31
  235 A    0 -1  7 -2 -5  2 -2 -3 -1 -4 -4  1 -2  1 -4 -2 -2 -4 -2 -4    9   2  58   0   0  10   1   0   1   0   1   9   1   6   0   0   0   0   1   0  0.98 0.33
  236 A    0  3  0  0 -4  3  1 -2  1 -3 -1  3 -1 -2 -1  0 -1 -4 -2 -2    7  18   2   3   0  15   6   1   3   1   6  22   1   1   1   9   2   0   1   2  0.30 0.14
  237 R   -3  4 -3 -4 -3 -1 -2 -5 -2  3  3 -2  4 -2 -4 -3 -2 -4 -1  0    0  28   1   0   0   1   3   0   1  18  27   0  13   0   0   1   1   0   2   5  0.50 0.22
  238 F   -4 -4 -5 -6 -4 -4 -5 -5 -1  1  3 -4 -1  6 -5 -4 -4 -2  5 -1    0   0   0   0   0   0   0   0   1   9  33   0   0  38   0   0   0   0  18   1  1.04 0.30
  239 Q   -1  0 -2 -1 -4  0  3  2 -2 -4 -4  3 -3 -5  3 -1  1 -4 -4 -2    2   2   0   2   0   3  24  16   0   0   0  21   0   0  14   2  12   0   0   3  0.47 0.19
  240 G    0  0  0  1 -3  0  0  0  1 -2 -1  3  0 -3 -2  0  0 -4 -2  0    5   3   4  10   0   2   5   9   4   1   5  29   2   0   0   4   5   0   0   9  0.17 0.11
  241 F   -4 -4 -5 -5 -4 -4 -5 -5 -2  1  2 -4  1  5 -5 -4 -3 -1  6  1    0   0   0   0   0   0   0   0   0   6  24   0   3  28   0   0   0   0  31   8  0.97 0.29
  242 K   -2 -2  3  1 -4  0  3  1  0 -4 -3  1 -3 -1 -3 -2 -1 -2  5 -3    1   0  17   8   0   2  23  10   1   0   1   8   0   1   0   0   3   0  23   1  0.47 0.21
  243 Y   -1  2  0 -2 -3 -2  0  2  2  0 -2 -1 -2  0 -4 -2 -2 -2  5  1    4  12   4   1   0   0   6  16   5   5   1   2   1   2   0   1   1   0  26  14  0.29 0.16
  244 T   -1  2  0  5 -3  0  3 -1 -1 -4 -3  0 -3 -5 -2  0  0 -5 -4 -3    4  11   2  40   1   2  18   4   1   0   2   5   0   0   1   6   5   0   0   1  0.60 0.21
  245 P    2 -1 -2 -2 -2 -1  1  0 -2 -2 -2  0 -2 -3  4  0  1 -3 -2  0   18   2   1   1   0   1   8   7   1   1   1   7   0   1  25   3  12   0   1  10  0.37 0.13
  246 E   -1 -2 -2 -1 -2 -1  2 -1 -1  1  1  0  0  2 -1 -1 -1 -2  0  0    5   1   1   3   0   1  23   4   1  12  17   5   2  12   2   2   2   0   2   6  0.11 0.08
  247 M    0 -1  1  3 -2  0  1 -1 -1 -1  0  0  1 -1 -1  0  0 -2 -1 -1    9   2   6  22   1   2   8   3   1   3   8   6   5   3   1   8   7   0   2   3  0.12 0.05
  248 L   -1 -2 -2 -1 -2 -2 -2 -3 -2  2  1 -2  0  3 -1 -1 -1 -1  2  2    5   1   1   5   0   1   2   1   0  11  14   3   1  16   4   2   3   0   9  20  0.17 0.08
  249 R   -1  0  0  4 -3  0  3 -1 -2 -3 -3  1 -3 -1 -1 -1 -2 -3 -1 -2    4   3   4  31   0   3  26   3   0   1   2  10   0   4   2   2   1   0   2   3  0.46 0.15
  250 E    1 -1 -1  2 -4  1  5  1 -1 -4 -4  1 -3 -4 -1 -1 -1 -4 -3 -3   13   1   1  13   0   3  41  10   1   0   1   7   0   1   2   3   3   0   0   1  0.51 0.19
  251 E   -3 -3 -3 -1 -4  1  5 -5 -3  4 -1 -2  0 -3 -4 -2  0 -5 -3  2    0   0   0   2   0   6  41   0   0  28   3   0   2   0   0   0   6   0   0  12  0.62 0.26
  252 V   -2 -3 -5 -5 -1 -4 -4 -5 -3  3  3 -4  1  2 -4 -3 -1 -3  2  2    1   0   0   0   1   0   0   0   0  24  35   0   1   9   0   0   2   0   8  18  0.57 0.20
  253 E    1 -1  1  2 -4  1  4 -3 -2 -3 -4  2 -3 -4 -3 -1 -1 -5 -3 -1   12   1   5  10   0   6  40   0   0   1   1  16   0   0   0   2   3   0   0   4  0.55 0.22
  254 A   -1  3 -1  0 -5  1  5 -4 -1 -4 -4  3 -2 -4 -2 -1 -1 -4 -1 -4    4  21   1   2   0   5  40   0   1   0   0  16   1   1   1   1   4   0   2   0  0.67 0.24
  255 Y   -4 -5 -5 -6 -3 -4 -5 -6 -2 -3  1 -5 -2  3 -6 -5 -4 -1  9 -3    0   0   0   0   1   0   0   0   0   0  14   0   1   8   0   0   0   0  76   1  2.00 0.49
  256 K   -2  1 -2 -3 -2  0  0 -3 -2 -1  2  3  1 -1 -3 -2 -1 -3  2 -1    1   5   1   0   1   4   7   0   0   2  30  29   3   1   0   2   2   0  11   2  0.32 0.18
  257 R    1  1 -1  1 -3  1  3  2 -2 -3 -3  2 -3 -4 -1  0 -1 -4 -2 -2   13   6   1   8   0   4  25  18   0   1   0  12   0   0   2   5   2   0   1   2  0.31 0.14
  258 Y   -3 -5 -5 -6 -2 -4 -5 -6 -1 -1  1 -5 -2  4 -6 -4 -4 -1  8 -3    1   0   0   0   1   0   0   0   1   2  11   0   1  15   0   0   0   0  67   1  1.73 0.44
  259 A    5  1 -3 -3 -3 -3 -3  3 -4 -3 -4 -2 -1 -4 -3 -1 -2 -5 -3 -2   65   7   0   1   0   0   0  19   0   1   0   2   2   0   0   1   1   0   0   1  0.87 0.31
  260 D   -2 -1 -1  3 -6  3  6 -4 -1 -5 -5  0 -4 -5 -3 -2 -3 -5 -4 -4    2   2   2  14   0  14  58   0   1   0   0   5   0   0   0   1   1   0   0   1  1.07 0.33
  261 R   -2  6 -2 -3 -5  3  0 -4 -2 -1 -2  3 -1 -3 -3 -2 -1 -5 -3 -3    2  46   0   0   0  12   5   0   0   5   2  20   2   1   0   0   2   0   0   1  0.81 0.27
  262 L   -3 -5 -6 -6 -3 -4 -5 -6 -5  4  5 -5  1  0 -5 -4 -3 -4 -3  1    0   0   0   0   0   0   0   0   0  26  63   0   2   2   0   0   0   0   0   7  1.04 0.30
  263 E    0  6 -2 -2 -5  0  1 -1 -2 -4 -3  4 -3 -5 -3 -2 -3 -5 -4 -4    8  45   1   1   0   1   7   4   0   0   1  31   0   0   0   0   0   0   0   0  0.92 0.30
  264 P   -3 -3 -2 -2 -3  0 -2 -3  0 -6 -6  1 -4 -5  8 -2 -3 -6 -5 -5    1   1   1   2   0   4   2   2   2   0   0   8   0   0  75   2   0   0   0   0  1.93 0.44
  265 Y   -4 -1 -4 -6 -5 -4 -5 -5  2 -3 -1 -4  5  5 -5 -4 -4 -1  7 -3    0   3   0   0   0   0   0   0   5   0   5   0  17  21   0   1   0   0  49   0  1.40 0.39
  266 I   -2 -5 -5 -6 -3 -5 -5 -6 -6  4 -1 -5  0 -3 -5 -4 -1 -5 -4  6    1   0   0   0   0   0   0   0   0  23   1   0   2   0   0   0   2   0   0  72  1.32 0.38
  267 T    2  0 -3 -2  3 -1 -2 -2 -3  1 -2  0 -1 -3 -3 -1  3 -4 -3  2   19   6   0   1   8   1   1   1   0  10   0   7   0   0   0   1  25   0   0  19  0.32 0.18
  268 D   -5 -4  1  8 -7 -3  1 -4 -4 -6 -7 -3 -6 -7 -4 -3 -4 -7 -6 -6    0   0   4  90   0   0   6   0   0   0   0   0   0   0   0   0   0   0   0   0  2.15 0.50
  269 T    0 -3 -2 -3 -2 -1 -3  1 -4 -2 -4 -3 -3 -5 -3  2  6 -5 -4 -1    6   0   0   0   1   2   0   9   0   1   0   0   0   0   0  13  63   0   0   3  0.97 0.35
  270 V    0 -2 -1 -3 -3 -2 -1 -3 -3  2 -2 -2 -2 -3 -1  4  1 -5 -3  4    3   2   1   1   0   1   3   1   0  10   0   0   0   0   2  36   6   0   0  34  0.48 0.24
  271 H   -1 -2 -2 -2 -1  0 -1 -3  2  0  2 -1 -1  0  0 -1 -1 -2  3  2    5   1   1   2   1   4   3   0   7   2  21   3   0   2   5   4   3   0  12  24  0.16 0.12
  272 F   -2 -2 -4 -4 -3 -3 -1 -4 -2  2  2 -2  0  4 -4 -3 -2  0  3  2    2   2   0   0   0   0   6   0   0  11  18   1   1  23   0   1   1   1  13  19  0.42 0.17
  273 I   -3 -4 -5 -5 -3 -4 -5 -5 -5  3  4 -4  5 -2 -5 -4 -2 -4 -3  2    1   0   0   0   0   0   0   0   0  17  51   0  16   0   0   0   1   0   0  14  0.89 0.28
  274 N   -2 -3  7  0 -5 -2 -2 -2  5 -5 -5 -2 -4 -1 -4 -2 -3 -1  3 -4    3   0  53   4   0   1   1   2  18   0   0   1   0   2   0   1   0   1  13   0  1.15 0.35
  275 D   -2  0  2  4 -5  3  3 -2 -1 -5 -4  2 -3 -5 -3  0 -1 -5 -3 -4    1   3   8  26   0  12  22   1   1   0   0  17   0   0   0   4   3   0   0   0  0.62 0.21
  276 S    6 -3 -2 -2 -2 -1  0 -1 -3 -3 -2 -2 -2 -2 -3  1 -2 -3 -1 -2   70   1   1   1   0   2   5   1   0   1   2   0   0   1   0   9   0   0   2   1  0.82 0.31
  277 I   -3 -3 -4 -4 -3 -3 -4 -5 -1  5  4 -3  1  0 -5 -4 -3 -2  0  0    1   1   0   0   0   1   0   0   2  36  46   2   2   3   0   0   0   0   3   3  0.73 0.25
  278 S    0  1  0  4 -4  0  1  0 -2 -3 -2  3 -3 -4 -3  0 -1 -5 -4 -3    7   5   2  32   0   4   7   7   1   0   3  22   0   0   0   6   2   0   0   1  0.45 0.18
  279 Q    2  0  1  1 -4  3  3 -2 -2 -4 -4  1 -3 -4  1  0 -1 -4 -3 -3   22   5   6   8   0  14  24   1   0   0   0   5   0   0   6   6   2   0   0   0  0.42 0.18
  280 K   -2 -2  2  1 -5 -2 -2  6 -2 -6 -6  1 -5 -5  1 -1 -3 -5 -5 -5    0   1  12   7   0   1   1  61   1   0   0  10   0   0   6   2   0   0   0   0  1.04 0.30
  281 K   -2  2 -2 -2 -6  0  1 -4 -2 -5 -5  7 -4 -5 -4 -2 -3 -5 -3 -5    2   8   1   2   0   3   6   1   0   0   0  76   0   0   0   0   0   0   1   0  1.33 0.39
  282 K   -3  4  2 -2 -5 -1 -1 -3  1 -3 -3  5 -3 -5 -3 -1  1 -2 -3 -2    0  22  11   0   0   0   1   0   3   1   1  44   0   0   0   3  10   0   0   3  0.72 0.27
  283 V   -3 -5 -6 -6 -3 -5 -5 -6 -6  6  0 -5 -1 -3 -5 -4 -3 -5 -4  6    0   0   0   0   0   0   0   0   0  43   2   0   0   0   0   0   0   0   0  54  1.31 0.37
  284 L   -4 -5 -6 -6 -4 -5 -6 -6 -5  0  6 -5  1 -1 -6 -5 -4 -4 -3 -1    0   0   0   0   0   0   0   0   0   1  94   0   2   1   0   0   0   0   0   1  1.53 0.41
  285 V   -3 -5 -5 -6 -4 -5 -5 -6 -4  1  0 -5  1  7 -5 -4 -3 -3  0  4    1   0   0   0   0   0   0   0   0   5   6   0   4  48   0   0   0   0   0  36  1.16 0.34
  286 E   -4 -3 -3 -1 -7 -1  8 -5 -3 -6 -6 -2 -5 -6 -4 -3 -4 -6 -5 -6    0   0   0   0   0   0 100   0   0   0   0   0   0   0   0   0   0   0   0   0  2.21 0.56
  287 G   -2 -5 -3 -4 -5 -5 -5  7 -5 -7 -7 -4 -6 -6 -5 -3 -4 -5 -6 -6    2   0   0   0   0   0   0  98   0   0   0   0   0   0   0   0   0   0   0   0  2.23 0.49
  288 G    6 -4 -4 -4 -3 -3 -4  3 -4 -4 -4 -3 -4 -5 -3  0 -3 -5 -5 -3   79   0   0   0   0   0   0  18   0   0   0   0   0   0   0   3   0   0   0   0  1.31 0.40
  289 Q   -4 -2  5 -3 -6  8 -1 -4 -2 -6 -6 -2 -4 -6 -4 -3 -3 -5 -5 -5    0   0  31   0   0  69   0   0   0   0   0   0   0   0   0   0   0   0   0   0  1.86 0.52
  290 A    5 -4 -3 -4 -3 -3 -4  4 -4 -4 -5 -3 -4 -5 -4 -1 -3 -5 -5 -3   61   0   0   0   0   0   0  37   0   0   0   0   0   0   0   2   0   0   0   0  1.22 0.37
  291 T    1 -3 -1 -4 -2 -3 -3 -4 -4 -1  1 -3  0 -3 -4 -1  5 -4 -3  2   10   0   3   0   0   0   0   0   0   0  16   0   2   0   0   1  53   0   0  14  0.72 0.29
  292 M   -4 -4 -5 -6 -4 -3 -5 -6 -5 -1  4 -5  9 -1 -6 -5 -4 -4 -3 -2    0   0   0   0   0   0   0   0   0   0  32   0  65   2   0   0   0   0   0   1  1.84 0.49
  293 L   -4 -5 -6 -7 -4 -5 -6 -7 -6 -1  6 -5  0 -2 -6 -5 -4 -4 -4 -2    0   0   0   0   0   0   0   0   0   0 100   0   0   0   0   0   0   0   0   0  1.72 0.45
  294 D   -5 -5 -2  8 -7 -3 -1 -4 -4 -6 -7 -4 -6 -7 -5 -3 -4 -8 -6 -6    0   0   0 100   0   0   0   0   0   0   0   0   0   0   0   0   0   0   0   0  2.53 0.56
  295 I   -3 -5 -6 -6 -3 -5 -5 -6 -6  7  2 -5  0 -2 -5 -5 -3 -5 -4  3    0   0   0   0   0   0   0   0   0  66  19   0   1   0   0   0   0   0   0  14  1.24 0.34
  296 D   -5 -5 -1  8 -7 -3 -1 -4 -4 -6 -7 -4 -6 -7 -5 -3 -4 -8 -6 -6    0   0   1  99   0   0   0   0   0   0   0   0   0   0   0   0   0   0   0   0  2.49 0.56
  297 F   -4 -3 -3 -4 -5  2 -3 -5  7 -4 -2 -4 -2  6 -5 -3 -4 -2  4 -4    0   0   0   0   0  12   0   0  32   0   2   0   0  38   0   1   0   0  14   0  1.37 0.38
  298 G   -3 -5 -3 -4 -6 -5 -5  7 -5 -7 -7 -4 -6 -6 -5 -3 -5 -6 -6 -6    0   0   0   0   0   0   0 100   0   0   0   0   0   0   0   0   0   0   0   0  2.31 0.50
  299 T   -3 -4 -3 -4 -2 -4 -4 -5 -5 -4 -4 -4 -4 -5 -4 -1  8 -6 -5 -3    0   0   0   0   1   0   0   0   0   0   1   0   0   0   0   1  98   0   0   0  2.09 0.56
  300 Y   -5 -5 -6 -7 -6 -5 -5 -7 -1 -5 -4 -5 -4  0 -6 -5 -5  0 10 -5    0   0   0   0   0   0   0   0   0   0   0   0   0   1   0   0   0   0  99   0  3.01 0.65
  301 P   -4 -6 -5 -5 -6 -5 -4 -6 -6 -6 -6 -4 -6 -7  9 -4 -4 -7 -6 -6    0   0   0   0   0   0   0   0   0   0   0   0   0   0 100   0   0   0   0   0  3.17 0.63
  302 F   -5 -5 -6 -6 -5 -5 -6 -6 -2 -3 -3 -5 -2  8 -6 -5 -5 -1  7 -4    0   0   0   0   0   0   0   0   0   0   0   0   0  56   0   0   0   0  43   0  2.12 0.49
  303 V   -3 -6 -6 -6 -4 -5 -5 -6 -6  0 -2 -5 -2 -4 -5 -5 -3 -6 -4  7    0   0   0   0   0   0   0   0   0   0   0   0   0   0   0   0   0   0   0 100  1.94 0.51
  304 T   -3 -4 -3 -4 -4 -4 -4 -5 -5 -4 -4 -4 -4 -5 -4 -2  8 -6 -5 -3    0   0   0   0   0   0   0   0   0   0   0   0   0   0   0   0 100   0   0   0  2.17 0.57
  305 S    0 -4 -2 -3 -4 -3 -3 -3 -4 -5 -5 -3 -4 -5 -4  7 -1 -6 -5 -5    4   0   0   0   0   0   0   0   0   0   0   0   0   0   0  96   0   0   0   0  1.78 0.52
  306 S   -2 -4 -2 -3 -4 -3 -3 -3 -4 -6 -6 -3 -5 -6 -4  7 -1 -6 -5 -5    0   0   0   0   0   0   0   0   0   0   0   0   0   0   0 100   0   0   0   0  1.93 0.55
  307 S   -2 -3  7 -2 -5 -2 -3 -3  4 -6 -6 -3 -4 -5 -4  3 -2 -6 -2 -5    2   0  61   0   0   0   0   0  11   0   0   0   0   0   0  24   0   0   1   0  1.40 0.41
  308 P   -1 -5 -4 -4  6 -4 -4 -5 -5 -5 -5 -4 -4 -6  7 -1  3 -6 -5 -4    3   0   0   0  17   0   0   0   0   0   0   0   0   0  59   2  19   0   0   0  1.77 0.43
  309 S   -1 -3 -2 -3  1 -3 -3  1 -4  2 -2 -3 -2 -4 -3  3  4 -4 -3  1    2   0   0   0   2   0   0   9   0  12   1   0   0   0   0  23  38   0   0  12  0.54 0.25
  310 A    5 -4 -4 -4 -3 -3 -3 -2 -4  3 -1 -3 -2 -3 -3  0 -1 -5 -4  2   55   0   0   0   0   0   0   0   0  18   4   0   0   0   0   7   2   0   0  13  0.69 0.28
  311 G   -1 -5 -3 -4 -3 -5 -5  7 -5 -7 -6 -4 -5 -6 -5 -3 -4 -5 -6 -6    3   0   0   0   0   0   0  96   0   0   0   0   0   0   0   0   0   0   0   0  2.12 0.47
  312 G   -1 -5 -2 -4 -5 -4 -5  7 -5 -6 -6 -4 -5 -6 -5 -2 -4 -5 -5 -5    3   0   1   0   0   0   0  94   0   0   0   0   0   0   0   2   0   0   0   0  2.05 0.46
  313 I    3 -4 -5 -5 -2 -4 -4 -4 -5  2 -2 -4 -1 -1 -4 -2 -2 -5 -3  5   32   0   0   0   1   0   0   0   0   9   0   0   0   2   0   1   0   0   0  55  0.89 0.32
  314 C    0 -5 -5 -5 10 -5 -5 -4 -5 -1  0 -5 -3 -4 -4 -2  2 -5 -3 -1    7   0   0   0  59   0   0   1   0   4   9   0   0   0   0   2  14   0   0   2  1.65 0.41
  315 T   -2 -4 -2 -4 -3 -3 -4 -4 -3  3 -2 -3 -2 -4 -3  0  6 -5 -4  2    2   0   1   0   0   0   0   0   0  19   1   0   0   0   0   3  59   0   0  13  0.95 0.34
  316 G   -3 -5 -3 -4 -5 -5 -5  7 -5 -7 -7 -4 -6 -6 -5 -3 -4 -5 -6 -6    0   0   0   0   0   0   0 100   0   0   0   0   0   0   0   0   0   0   0   0  2.29 0.50
  317 L    2 -3 -3 -4 -2 -3 -3 -2 -4 -1  3 -3 -1 -3 -3  3  1 -4 -3 -1   22   0   0   0   0   0   0   1   0   0  42   0   0   0   0  23  10   0   0   2  0.50 0.24
  318 G   -2 -5 -2 -4 -5 -5 -5  7 -5 -7 -7 -4 -6 -6 -4 -2 -4 -5 -6 -6    1   0   1   0   0   0   0  96   0   0   0   0   0   0   0   1   1   0   0   0  2.13 0.47
  319 I   -3 -5 -5 -5 -3 -5 -5 -6 -5  5  1 -5  1 -2 -5 -4 -3 -5 -3  5    1   0   0   0   0   0   0   0   0  45  11   0   3   0   0   0   0   0   0  41  1.07 0.31
  320 A    1 -4 -2 -3 -4 -4 -4  5 -4 -5 -5 -3 -4 -5  5  0 -3 -5 -5 -4   14   0   1   0   0   0   0  52   0   0   0   0   0   0  27   6   0   0   0   0  1.20 0.33
  321 P   -4 -5 -5 -5 -3 -5 -4 -5 -6 -6 -6 -4 -6 -7  9 -4 -4  1 -6 -6    0   0   0   0   1   0   0   0   0   0   0   0   0   0  98   0   0   2   0   0  3.05 0.61
  322 S   -2  3  2 -2 -2  1 -2 -2 -1 -3 -3  1 -2 -3 -3  2  4 -4 -3 -2    1  18   9   0   0   8   1   1   1   0   1   7   1   1   0  13  35   0   0   2  0.50 0.23
  323 V    0  3  0 -2 -1  0 -1 -3  0 -2 -2  4  2 -2 -3  0  0 -3  0 -1    9  17   5   1   2   1   0   0   2   1   2  33   7   1   0   6   6   0   3   5  0.33 0.17
  324 V   -4 -5 -6 -6 -4 -5 -6 -6 -6  7  1 -5  0 -1 -5 -5 -3 -5 -3  2    0   0   0   0   0   0   0   0   0  77   8   0   1   2   0   0   0   0   1  12  1.43 0.38
  325 G   -2 -1  3  3 -4  0  0  3  0 -4 -4  1 -3 -4 -3  0  1 -5 -4 -3    1   3  15  23   0   3   4  25   2   0   0   8   0   0   0   5  10   0   0   1  0.48 0.18
  326 D   -2  3  2  3 -4  1  2 -1  2 -4 -4  2 -3 -4 -2  0  0 -4 -3 -4    2  20  12  15   0   3  14   3   7   0   0  13   0   0   0   4   5   0   0   0  0.45 0.17
  327 L   -1 -4 -5 -5 -2 -3 -4 -4 -5  3  0 -4 -1 -3 -4 -2 -1 -5 -3  6    4   0   0   0   0   1   0   1   0  16   7   0   0   0   0   3   3   0   0  64  0.92 0.30
  328 I   -3 -5 -5 -5 -3 -4 -5 -6 -4  5  1 -4  0  0 -5 -4 -2 -3  3  4    0   0   0   0   0   0   0   0   0  44   8   0   1   2   0   0   0   0  14  30  0.90 0.28
  329 G   -2 -5 -3 -4 -5 -5 -5  7 -5 -7 -7 -4 -6 -6 -5 -3 -4 -5 -6 -6    2   0   0   0   0   0   0  98   0   0   0   0   0   0   0   0   0   0   0   0  2.23 0.49
  330 V   -3 -5 -6 -6 -2 -5 -5 -6 -6  4 -1 -5 -2 -3 -5 -4 -2 -5 -4  7    0   0   0   0   0   0   0   0   0  22   0   0   0   0   0   0   1   0   0  77  1.45 0.40
  331 V    2 -4 -4 -4  4 -3 -4 -4 -4  1  0 -3  1 -1 -4  0 -1 -4 -3  5   18   0   0   0   9   1   0   0   0   6   5   0   5   1   0   7   2   0   0  47  0.56 0.23
  332 K   -4 -1 -3 -4 -6 -2 -2 -5 -4 -6 -6  8 -4 -6 -4 -3 -4 -6 -5 -5    0   0   0   0   0   0   0   0   0   0   0 100   0   0   0   0   0   0   0   0  2.16 0.55
  333 A    7 -4 -4 -5 -3 -4 -4 -3 -5 -4 -4 -4 -4 -5 -4 -1 -3 -6 -5 -3   99   0   0   0   0   0   0   0   0   0   0   0   0   0   0   1   0   0   0   0  1.76 0.49
  334 Y   -5 -5 -6 -7 -6 -5 -6 -7 -1 -5 -4 -5 -4  0 -6 -5 -5 -1 10 -5    0   0   0   0   0   0   0   0   0   0   0   0   0   0   0   0   0   0 100   0  3.06 0.66
  335 T   -2 -4 -3 -4  1 -4 -4 -4 -5 -1 -2 -4 -3 -5 -4  0  7 -5 -4 -1    1   0   0   0   3   0   0   0   0   3   3   0   0   0   0   3  85   0   0   2  1.55 0.46
  336 T   -3 -4 -3 -4 -4 -3 -4 -4 -5 -4 -4 -4 -4 -5 -4  1  8 -6 -5 -3    0   0   0   0   0   0   0   0   0   0   0   0   0   0   0  10  90   0   0   0  1.84 0.52
  337 R   -5  8 -3 -5 -7 -2 -3 -6 -3 -6 -5  0 -5 -6 -5 -4 -4 -6 -5 -6    0  99   0   0   0   0   0   0   0   0   0   1   0   0   0   0   0   0   0   0  2.44 0.57
  338 V   -3 -6 -6 -6 -4 -5 -5 -6 -6  0 -2 -5 -2 -4 -5 -5 -3 -6 -4  7    0   0   0   0   0   0   0   0   0   0   0   0   0   0   0   0   0   0   0 100  1.94 0.51
  339 G   -3 -5 -3 -4 -6 -5 -5  7 -5 -7 -7 -4 -6 -6 -5 -3 -5 -6 -6 -6    0   0   0   0   0   0   0 100   0   0   0   0   0   0   0   0   0   0   0   0  2.31 0.50
  340 S    2 -2 -1  3 -4 -1  3  0 -2 -1 -4  0 -2 -4 -3  2 -2 -5 -4 -2   17   0   1  18   0   0  26   6   0   6   0   7   1   0   0  18   0   0   0   1  0.42 0.20
  341 G   -3 -5 -3 -4 -6 -5 -5  7 -5 -7 -7 -4 -6 -6 -5 -3 -5 -6 -6 -6    0   0   0   0   0   0   0 100   0   0   0   0   0   0   0   0   0   0   0   0  2.31 0.50
  342 P    0 -5 -5 -4 -3 -4 -4 -4 -5 -5 -6 -4 -5 -7  9 -4 -4 -7 -6 -5    8   0   0   1   0   0   0   1   0   0   0   0   0   0  89   0   0   0   0   0  2.62 0.55
  343 F   -5 -6 -6 -7 -6 -6 -6 -6 -4 -3 -2 -6 -3  9 -7 -6 -5 -2  2 -4    0   0   0   0   0   0   0   0   0   0   0   0   0  96   0   0   0   0   3   0  2.62 0.56
  344 P   -4 -5 -5 -5 -6 -5 -4 -5 -5 -6 -5 -3 -6 -7  9 -4 -4 -7 -6 -3    0   0   0   0   0   0   0   0   0   0   1   1   0   0  97   0   0   0   0   2  2.97 0.60
  345 T   -2 -4 -3 -4 -2 -4 -4 -5 -5 -4 -4 -4 -4 -5 -4  0  8 -6 -5 -3    2   0   0   0   1   0   0   0   0   0   0   0   0   0   0   3  95   0   0   0  1.96 0.54
  346 E   -4 -3 -3 -1 -7 -1  8 -5 -3 -6 -6 -2 -5 -5 -4 -3 -4 -6 -5 -6    0   0   0   0   0   0  99   0   0   0   0   0   0   1   0   0   0   0   0   0  2.21 0.56
  347 N   -3 -3 -3 -3 -3  4 -3 -5 -4  0  5 -3  0 -2 -5 -4 -3 -4 -3 -2    1   0   1   1   0  26   0   0   0   3  66   0   0   0   0   0   0   0   0   0  0.98 0.34
  348 L   -3 -3  1  1 -3 -2 -1 -4  3  0  3 -2  0  4 -4 -2 -1 -3 -1 -2    0   0   8   9   0   0   3   0   9   3  32   3   1  23   0   2   4   0   0   1  0.36 0.18
  349 G   -3 -4  5  6 -2 -3 -1  2 -3 -6 -6 -3 -5 -6 -3 -2 -3 -6 -5 -5    1   0  32  49   1   0   1  15   0   0   0   0   0   0   0   1   0   0   0   0  1.28 0.36
  350 T    0 -2 -1  3 -5  0  6 -3 -2 -5 -5  2 -4 -5 -2 -1 -2 -5 -4 -4    8   1   1  14   0   2  57   1   1   0   0  11   0   0   1   2   2   0   0   0  0.94 0.31
  351 G   -1 -3 -1  0 -3 -1 -1 -2 -3  3  0 -3  1 -1 -3 -1  2  3 -2  2    2   0   3   6   0   2   4   2   0  28   7   0   4   2   0   2  17   5   0  16  0.27 0.15
  352 G   -1 -5 -3 -3 -5 -5 -5  7 -5 -7 -6 -4 -4 -6 -5 -3 -4 -5 -6 -6    3   0   0   0   0   0   0  96   0   0   0   0   0   0   0   0   0   0   0   0  2.13 0.48
  353 D   -2 -2  0  5 -5  0  5 -3  0 -5 -4 -1 -4 -5 -3 -1 -1 -5 -4 -3    1   0   3  35   0   3  45   0   2   0   1   1   0   0   0   2   3   0   0   2  1.00 0.31
  354 L   -1  1 -1 -2 -3  1  0 -3  4 -1  1  2 -1  1 -3 -1  0  4  2 -2    3   7   1   1   0   8   4   0  12   2  18  14   1   5   0   3   5   7   8   0  0.23 0.13
  355 L   -4 -5 -6 -6 -3 -5 -5 -6 -5  4  5 -5  1 -2 -5 -5 -3 -4 -3  0    0   0   0   0   0   0   0   0   0  30  66   0   3   0   0   0   0   0   0   0  1.18 0.34
  356 R   -3  7 -3 -4 -1  5 -2 -3 -3 -5 -4 -1 -4 -6 -4 -3 -4 -5 -4 -4    1  64   0   0   1  31   0   1   0   0   0   0   0   0   0   1   0   0   0   1  1.56 0.44
  357 L   -1  0  0  1 -4  2  4 -3 -2 -3 -3  2 -3 -2 -3  0  2 -4 -3 -2    5   4   3   7   0   7  37   0   0   1   1  13   0   2   0   6  14   0   0   1  0.48 0.20
  358 A    0  2 -1 -3 -2  0 -1 -3 -2  2 -1  1 -1 -3 -3 -1  1 -4 -3  3    9  16   3   0   0   5   2   0   0  12   2  11   0   0   0   3  11   0   0  26  0.24 0.15
  359 G   -2 -5 -3 -4 -5 -5 -5  7 -5 -7 -7 -4 -6 -6 -5 -3 -4 -5 -6 -6    1   0   0   0   0   0   0  99   0   0   0   0   0   0   0   0   0   0   0   0  2.25 0.49
  360 Q    0  2  0 -3 -3  0 -2  2  7 -4 -4  0  0  0 -4 -2 -3 -1  0 -4   10  14   4   0   0   4   0  16  36   0   0   4   4   4   0   1   0   1   1   0  0.70 0.25
  361 E   -4 -3 -3 -1 -7 -1  8 -5 -3 -6 -6 -2 -5 -6 -4 -3 -4 -6 -5 -6    0   0   0   0   0   0 100   0   0   0   0   0   0   0   0   0   0   0   0   0  2.24 0.56
  362 F   -4 -3 -5 -6 -5 -5 -5 -6 -2 -1 -3 -5 -3  6 -6 -5 -4  4  7  1    0   2   0   0   0   0   0   0   0   2   0   0   0  36   0   0   0   5  46  10  1.57 0.40
  363 G   -3 -5 -3 -4 -5 -5 -5  7 -5 -7 -7 -4 -6 -6 -5 -3 -4 -5 -6 -6    0   0   0   0   0   0   0  99   0   0   0   0   0   0   0   1   0   0   0   0  2.28 0.50
  364 T   -1 -4 -3 -4 -3 -4 -4 -4 -5 -1 -2 -4 -2 -4 -4 -1  6 -5 -4  5    4   0   0   0   0   0   0   0   0   0   1   0   0   0   0   1  51   0   0  43  1.10 0.38
  365 T   -3 -4  0 -4 -4 -3 -4 -4 -4 -2 -4 -4 -3 -5 -4 -1  7 -5 -4  1    0   0   5   0   0   0   0   0   0   0   0   0   0   0   0   1  83   0   0  12  1.55 0.47
  366 T   -3 -4 -3 -3 -4 -4 -4 -5 -5 -4 -4 -4 -4 -5 -4 -2  8 -6 -5 -3    0   0   0   1   0   0   0   0   0   0   0   0   0   0   0   0  99   0   0   0  2.14 0.57
  367 G   -2 -4 -3 -4 -5 -4 -5  7 -4 -7 -6  0 -5 -6 -5 -2 -4 -5 -6 -6    0   0   0   0   0   0   0  93   0   0   0   5   0   0   0   1   0   0   0   0  2.00 0.46
  368 R   -5  8 -4 -5 -7 -2 -3 -6 -3 -6 -5 -1 -5 -6 -5 -4 -4 -6 -5 -6    0 100   0   0   0   0   0   0   0   0   0   0   0   0   0   0   0   0   0   0  2.46 0.57
  369 P    0  1 -2 -1 -5 -2 -2 -4 -4 -4 -4  3 -4 -6  7 -1 -2 -6 -5 -4    7   8   1   2   0   0   1   0   0   0   0  23   0   0  53   3   1   0   0   1  1.30 0.34
  370 R   -5  8 -4 -5 -7 -2 -3 -6 -3 -6 -5 -1 -5 -6 -5 -4 -4 -6 -5 -6    0 100   0   0   0   0   0   0   0   0   0   0   0   0   0   0   0   0   0   0  2.46 0.57
  371 R   -5  8 -4 -5 -7 -2 -3 -6 -3 -6 -5 -1 -5 -6 -5 -4 -4 -6 -5 -6    0 100   0   0   0   0   0   0   0   0   0   0   0   0   0   0   0   0   0   0  2.46 0.57
  372 C   -3 -6 -6 -6 11 -6 -6 -6 -6  1 -4 -6 -4 -5 -6 -4  0 -5 -5  2    0   0   0   0  74   0   0   0   0   7   0   0   0   0   0   0   6   0   0  13  2.43 0.52
  373 G   -3 -5 -3 -4 -6 -5 -5  7 -5 -7 -7 -4 -6 -6 -5 -3 -5 -6 -6 -6    0   0   0   0   0   0   0 100   0   0   0   0   0   0   0   0   0   0   0   0  2.31 0.50
  374 W   -6 -6 -7 -8 -6 -6 -7 -6 -6 -6 -5 -7 -5 -3 -7 -7 -6 13 -1 -7    0   0   0   0   0   0   0   0   0   0   0   0   0   0   0   0   0  99   0   0  4.66 0.80
  375 L   -4 -4 -5 -6 -4 -5 -5 -6 -3 -1  5 -5  0  6 -5 -5 -4 -2  2 -2    0   0   0   0   0   0   0   0   0   0  58   0   1  33   0   0   0   0   7   0  1.15 0.33
  376 D   -5 -5 -2  8 -7 -3 -1 -4 -4 -6 -7 -4 -6 -7 -4 -3 -4 -7 -6 -6    0   0   0  99   0   0   0   0   0   0   0   0   0   0   0   0   0   0   0   0  2.48 0.55
  377 I    3 -3 -3 -3 -2 -3 -3 -2 -3  2  3 -3  0 -2 -3  2  0 -4 -3  0   28   0   0   0   0   0   0   2   0  14  30   0   2   0   0  17   4   0   0   3  0.37 0.19
  378 V   -1 -5 -5 -5  0 -4 -5 -5 -5  0 -1 -5  1 -2  1 -3 -2 -5 -4  7    2   0   0   0   2   0   0   0   0   1   2   0   3   1   6   1   1   0   0  81  1.25 0.38
  379 A    1 -4 -4 -5 -3 -2 -4 -4 -5  4  1 -4  2 -2 -4 -2 -2 -4 -3  5   13   0   0   0   0   1   0   0   0  26   8   0   5   0   0   1   0   0   0  45  0.72 0.25
  380 L    1 -4 -2 -4 -1 -3 -4 -1 -4  1  3 -3  3 -2 -4 -2 -1 -4 -3  3   12   0   2   0   1   0   0   5   0   4  38   0  10   0   0   1   1   0   0  26  0.47 0.20
  381 K   -3  6  0 -3 -6 -1 -2 -4 -3 -5 -5  5 -4 -5 -4 -2 -3 -5 -4 -5    1  55   4   1   0   1   0   1   0   0   0  36   0   0   0   1   0   0   0   0  1.36 0.38
  382 F   -4 -4 -4 -5 -5 -3 -4 -6  7 -4 -4 -4 -4  1 -6 -3 -2 -1  9 -4    0   0   0   0   0   1   1   0  23   0   0   0   0   3   0   1   3   0  69   0  2.08 0.50
  383 S    5 -3 -3 -3  3 -3 -3 -2 -4 -4 -4 -3 -3 -4 -3  3  1 -5 -4 -2   56   0   0   0   6   0   0   1   0   0   0   0   0   0   0  28   7   0   0   1  0.91 0.33
  384 C    1  1  0 -3  5 -1 -2 -1  3 -2 -2 -1 -1 -3 -3  1  2 -4 -2  1   16  11   4   0  13   1   0   3   9   1   1   3   1   0   0   9  14   0   0  14  0.27 0.15
  385 Q   -1  6 -3 -2 -4  2 -1 -4 -3 -2  1  0  5 -3 -4 -3 -2 -1 -2 -3    4  48   0   2   0   8   2   0   0   1  12   1  18   0   0   0   1   1   1   0  0.81 0.29
  386 I   -3 -5 -5 -5  0 -5 -5 -6 -5  5  0 -5 -1 -3 -5 -4 -2 -5 -3  5    0   0   0   0   1   0   0   0   0  42   6   0   0   0   0   0   1   0   0  49  1.13 0.33
  387 N   -3 -3  8 -1 -4 -3 -3 -3 -2 -6 -6 -3 -5 -6 -4  3 -2 -6 -5 -5    0   0  73   1   0   0   0   0   0   0   0   0   0   0   0  25   0   0   0   0  1.72 0.47
  388 G   -2 -5 -2 -1 -5 -4 -4  7 -2 -6 -6 -4 -5 -6 -5 -1 -4 -5 -6 -6    0   0   1   3   0   0   0  91   1   0   0   0   0   0   0   3   0   0   0   0  1.92 0.44
  389 F   -3 -4 -5 -5 -4 -4 -5 -5 -3  3  3 -4  0  5 -5 -4 -3 -2  4  0    0   0   0   0   0   0   0   0   0  17  34   0   1  25   0   0   0   0  19   3  0.83 0.26
  390 A   -2 -3 -1  2 -4 -3 -2 -4 -4 -4 -4 -3 -3 -5 -4  2  7 -5 -4 -3    2   0   1  11   0   0   1   0   0   0   0   0   0   0   0  13  71   0   0   0  1.25 0.40
  391 S    1 -2  1  4  1 -2  0  0  2 -4 -4 -1 -3 -3 -3  3 -1 -4  1 -3   13   1   4  26   3   0   3   6   5   0   0   2   0   0   0  29   1   0   5   1  0.44 0.20
  392 L   -3 -4 -5 -6 -3 -4 -5 -6 -4  3  5 -5  2  2 -5 -4 -3 -2  0  0    0   0   0   0   0   0   0   0   0  21  62   0   3   9   0   0   0   0   3   2  0.95 0.29
  393 N    3 -3  4 -2  3 -3 -3 -2 -3 -3 -3 -3 -2  1 -3  2 -1 -4 -3  1   35   0  27   0   7   0   0   0   0   0   0   0   0   7   0  13   1   0   0   9  0.56 0.25
  394 L   -3 -5 -6 -6 -3 -4 -5 -6 -5  4  5 -5  1 -1 -5 -4 -3 -4 -3  2    0   0   0   0   0   0   0   0   0  21  66   0   1   1   0   0   0   0   0  11  1.04 0.30
  395 T   -3 -4  3 -3 -4 -3 -4 -4 -4 -4 -4 -3 -1 -5 -4 -1  7 -6 -5 -3    0   0  16   0   0   0   0   0   0   0   0   0   2   0   0   0  82   0   0   0  1.64 0.48
  396 K   -3  1 -3 -3  1 -1 -2 -4 -1 -5 -3  7 -4 -5 -4  1 -3 -6 -4 -5    0   6   0   0   3   0   0   0   1   0   3  77   0   0   0  10   0   0   0   0  1.35 0.41
  397 L   -3 -5 -6 -6 -4 -5 -5 -6 -5  3  6 -5  0 -2 -5 -5 -3 -4 -3  0    0   0   0   0   0   0   0   0   0  14  82   0   0   0   0   0   0   0   0   3  1.30 0.36
  398 D   -5 -5 -2  8 -7 -3 -1 -4 -4 -6 -7 -4 -6 -7 -5 -3 -4 -8 -6 -6    0   0   0 100   0   0   0   0   0   0   0   0   0   0   0   0   0   0   0   0  2.53 0.56
  399 V   -3 -5 -5 -5 -2 -5 -5 -6 -5  4 -1 -5 -1 -3 -5 -4  1 -5 -4  6    0   0   0   0   0   0   0   0   0  22   0   0   0   0   0   0   9   0   0  69  1.22 0.36
  400 L   -4 -5 -6 -6 -4 -5 -6 -6 -6  0  6 -5  0 -1 -6 -5 -4 -4 -4 -2    0   0   0   0   0   0   0   0   0   1  97   0   1   1   0   0   0   0   0   0  1.62 0.43
  401 S   -1 -3 -1  5 -4 -2 -2 -1 -3 -4 -5 -3 -4 -5 -3  3  4 -5 -4 -4    4   0   0  37   0   0   0   3   0   0   0   0   0   0   0  24  31   0   0   0  0.89 0.32
  402 D   -1 -3  0  2 -2 -2 -1  5 -2 -4 -4 -1 -2 -5 -4 -1  1 -5 -4 -1    2   0   3  11   1   1   4  57   1   0   0   3   1   0   0   1  11   0   0   4  0.80 0.25
  403 L   -4 -4 -5 -6 -4 -4 -5 -6 -3  2  5 -5  1  5 -5 -4 -3  1 -1 -1    0   0   0   0   0   0   0   0   0  10  59   0   2  25   0   0   0   1   1   0  1.00 0.30
  404 N   -2 -2 -1  4 -5 -1  4 -1 -3 -5 -5  2 -4 -5  3 -1 -2 -5 -4 -4    2   0   1  29   0   1  29   3   0   0   0  16   0   0  14   3   2   0   0   0  0.76 0.25
  405 E   -2  0 -2 -1 -5  0  5 -4 -3 -4 -4  2 -4 -5 -2 -1  3 -5 -4 -3    1   5   0   1   0   2  51   0   0   0   0  13   0   0   1   1  25   0   0   2  0.91 0.32
  406 I   -3 -5 -6 -6 -3 -5 -5 -6 -5  6  2 -5 -1 -2 -5 -4 -3 -5 -3  4    0   0   0   0   0   0   0   0   0  59  17   0   0   0   0   0   0   0   0  23  1.18 0.33
  407 Q   -3  0 -2 -3 -6  1 -2 -4 -3 -5 -5  7 -3 -6  3 -3 -3 -4 -5 -5    0   2   1   0   0   5   0   0   0   0   0  74   0   0  16   0   0   0   0   0  1.44 0.42
  408 L   -3 -5 -5 -5 -3 -5 -5 -6 -5  6  1 -5  1 -2 -5 -4 -3 -5 -3  5    0   0   0   0   0   0   0   0   0  46  11   0   3   0   0   0   0   0   0  39  1.09 0.32
  409 G    1 -6 -4 -5 10 -5 -5  4 -5 -5 -5 -5 -4 -5 -5 -3 -4 -5 -5 -4   14   0   0   0  57   0   0  29   0   0   0   0   0   0   0   0   0   0   0   0  1.94 0.45
  410 V   -2 -3 -4 -5 -3 -4 -4 -5 -5  2 -2 -3 -1 -3 -4 -2  4 -5 -3  6    0   1   0   0   0   0   0   0   0   7   0   1   0   0   0   1  27   0   0  62  1.04 0.35
  411 A    5 -3 -2 -2 -3 -3 -3  4 -4 -4 -4 -1 -3 -5 -3  1 -1 -5 -4 -3   56   1   0   1   0   0   0  27   0   0   0   3   0   0   0  10   1   0   0   0  0.87 0.30
  412 Y   -5 -5 -6 -7 -6 -5 -6 -7 -1 -5 -4 -5 -4  0 -6 -5 -5  0 10 -5    0   0   0   0   0   0   0   0   0   0   0   0   0   0   0   0   0   1  99   0  3.03 0.65
  413 K   -2  2  0  2  0  0  3 -2 -2 -3 -3  4 -2 -3 -2  0 -1 -1 -2 -3    1   8   2  13   3   2  18   1   0   2   1  36   1   0   1   5   3   1   1   1  0.45 0.17
  414 R   -1  1 -1 -1 -1 -1 -1 -2  2  0  2  0  0  0 -2 -1  0 -1  3  0    2  11   2   2   1   2   2   3   6   3  28   5   2   3   2   2   8   0  12   4  0.12 0.07
  415 S   -1  0 -1 -1  0  0  0 -1  0  1 -1  0 -1  0  1 -1 -1 -1  2  1    3   5   2   3   2   4   5   6   2  12   3   9   1   4   8   4   2   0  13  15  0.07 0.06
  416 D   -3 -1  4  6 -4 -1  1 -2 -2 -4 -4  0 -3 -4 -3 -1 -2 -4 -3 -4    1   2  26  48   0   1   5   2   1   1   1   6   0   1   1   2   2   0   0   1  0.93 0.25
  417 G   -2 -4 -1 -3 -5 -4 -3  7 -4 -5 -5 -4 -3 -5 -4 -2 -4 -4 -5 -5    0   0   2   1   0   0   1  91   0   0   1   0   1   0   0   1   0   0   0   0  1.86 0.41
  418 T   -2  0 -2 -1 -5  2  4 -4 -2 -3 -4  5 -3 -5 -3 -1  0 -5 -4 -1    0   3   1   1   0   8  31   0   0   0   0  40   0   0   0   1   7   0   0   6  0.75 0.28
  419 P   -1  3 -2 -2 -3 -1  1 -4 -1  2 -1  1  0 -2  1 -2  0 -4 -2  1    2  22   1   1   0   1  13   0   1  15   4   9   1   1   6   1   7   0   1  15  0.22 0.13
  420 V   -3 -4 -4 -5 -2 -4 -4 -5  2  5  3 -4  1  0 -4 -3 -1 -2  1  2    0   0   0   0   1   0   0   0   5  39  31   0   2   2   0   1   3   0   6  10  0.65 0.23
  421 K   -2  0  1  4 -4  1  3 -3  0 -4 -4  1 -3 -4  2  0  0 -4 -1 -4    2   3   6  27   0   4  24   0   2   0   1   8   0   0   9   3   6   0   3   0  0.52 0.19
  422 S   -1 -2  0  1 -4 -1  3  0  4 -4 -3 -2 -3 -2 -3  2 -1 -3  3 -4    3   1   3   5   0   0  27   8  13   0   2   0   0   0   0  21   3   0  13   0  0.46 0.21
  423 F   -4 -5 -5 -6 -5 -5 -5 -6 -3  0 -1 -5  5  7 -6 -5 -4 -2  4  0    0   0   0   0   0   0   0   0   0   4   3   0  14  59   0   0   0   0  15   5  1.49 0.39
  424 P   -4 -5 -5 -5 -6 -5 -4 -5 -6 -6 -6 -4 -6 -7  9 -4 -4 -7 -6 -6    0   0   0   0   0   0   0   0   0   0   0   0   0   0  99   0   0   0   0   0  3.12 0.62
  425 G    5 -3 -3 -3 -2 -1  0  0 -3 -3 -2 -2  2 -3 -1  1 -1 -4 -2 -1   61   0   0   0   0   2   6   5   0   0   2   0   6   0   2   8   3   0   1   2  0.63 0.27
  426 D   -2 -3  4  4 -4 -2 -1 -2 -1 -5 -4 -2 -4 -5 -3  4  1 -5 -3 -4    0   0  18  29   0   1   2   1   1   0   1   0   0   0   0  39   9   0   1   0  0.83 0.30
  427 L   -2 -3 -4 -4 -4  4 -3 -5 -2  0  5 -3  1 -2 -3 -3 -2 -4 -3 -1    2   0   0   1   0  23   0   0   1   4  61   0   3   1   1   0   2   0   0   1  0.80 0.30
  428 R   -1  1  1  2 -3  0  3 -2  0 -3 -3  2 -2 -3 -2  1  1 -2 -3 -3    4   7   5  15   0   2  22   1   2   1   1  17   0   0   0  13   9   1   0   1  0.34 0.15
  429 L   -1 -2 -2  2 -3  0  2 -3 -3  2  0  0  1 -2 -3 -1  0 -4 -2  2    5   1   0  16   0   4  15   1   0  12   9   4   4   1   0   1   6   0   0  23  0.20 0.13
  430 L   -3 -5 -6 -6 -4 -5 -4 -6 -5  0  6 -5  0  4 -5 -4 -4 -3 -2 -1    1   0   0   0   0   0   1   0   0   1  76   0   1  19   0   1   0   0   0   1  1.20 0.35
  431 E    3 -1  0 -1 -2  1  3  0  4 -3 -3  0 -2 -3 -3  1 -1 -4 -1 -3   30   1   3   2   1   4  20   5  13   0   0   6   1   0   0   9   2   0   2   0  0.38 0.18
  432 E   -1  2  1 -1 -5  3  2 -2  4 -4 -4  4 -2 -4 -2 -1 -2 -4 -3 -4    4  11   6   2   0  12  15   2  14   0   1  28   0   0   1   3   0   0   0   0  0.56 0.21
  433 L    2 -5 -5 -5  8 -4 -5 -4 -5  1 -1 -4 -2 -3 -4 -2 -2 -5 -2  4   18   0   0   0  35   0   0   0   0   7   5   0   0   0   0   1   1   0   1  33  1.05 0.32
  434 H   -3 -1 -2  0 -5  1  6 -4 -2 -4 -4  3 -3 -5 -3 -2  0 -5 -4 -1    0   2   0   3   0   5  54   1   0   0   0  23   0   0   0   1   6   0   0   4  0.93 0.31
  435 V   -2 -5 -5 -5 -3 -4 -4 -5 -5 -1 -3 -4 -3 -5  7 -4 -2 -6 -5  4    3   0   0   0   0   0   0   0   0   1   0   0   0   0  56   0   1   0   0  39  1.64 0.42
  436 E   -2 -2 -2 -2 -3  0  2 -5 -3  4 -1  0 -1 -3 -4 -3 -2 -5 -3  4    0   1   2   1   0   4  18   0   0  26   1   5   0   0   0   0   1   0   0  40  0.58 0.25
  437 Y   -5 -5 -6 -7 -6 -5 -5 -7 -1 -4 -4 -5 -4  1 -6 -5 -5 -1 10 -4    0   0   0   0   0   0   0   0   0   0   0   0   0   3   0   0   0   0  97   0  2.91 0.63
  438 E   -2 -2 -3 -1 -5 -1  7 -5 -3 -3 -3  0 -4 -5 -4 -3 -3 -6 -5  0    1   0   0   1   0   1  79   0   0   1   2   6   0   0   0   0   0   0   0   8  1.38 0.42
  439 V   -2 -3 -2 -1 -4 -1  5 -4 -3 -2 -4 -1 -2 -3 -3 -1  5 -5 -1  1    1   0   0   1   0   0  40   0   0   1   0   1   1   0   0   2  41   0   3   9  0.82 0.32
  440 L   -4 -4 -5 -6 -4 -4 -4 -6 -2  0  5 -4  5  4 -5 -4 -3  0 -2  0    0   0   0   0   0   0   0   0   1   1  57   0  16  20   0   0   0   1   0   3  1.01 0.31
  441 P   -3 -4 -4  2 -6 -3  0 -4 -5 -6 -6 -2 -5 -7  8 -3 -4 -7 -6 -5    1   0   0  10   0   0   6   0   0   0   0   2   0   0  80   0   0   0   0   0  2.23 0.49
  442 G   -1 -5 -3 -4 -5 -5 -5  7 -5 -7 -7 -4 -6 -6 -4 -3 -4 -2 -6 -6    3   0   0   0   0   0   0  96   0   0   0   0   0   0   0   0   0   0   0   0  2.13 0.48
  443 W   -6 -7 -8 -8 -6 -6 -7 -6 -6 -7 -6 -7 -5 -2 -8 -6 -6 13 -1 -7    0   0   0   0   0   0   0   0   0   0   0   0   0   1   0   0   0  99   0   0  4.65 0.81
  444 K   -2  0  1  2 -2  3  2 -2  0 -4 -3  3 -2 -3 -2  1  1  0 -3 -3    0   2   7  12   1  14  10   1   2   0   1  26   1   1   1  11   8   2   0   0  0.40 0.18
  445 S   -1 -2 -2  1  1  1  5 -2 -2 -4 -4  0 -4 -5 -3  1  2 -5 -4 -3    2   0   0   5   4   5  49   2   0   0   0   3   0   0   0  12  16   0   0   0  0.75 0.28
  446 D   -4 -4  0  7 -4 -3  0 -3 -4 -6 -6 -2 -5 -6  0  1 -2 -7 -5 -5    0   0   3  74   0   0   2   0   0   0   0   1   0   0   5  13   1   0   0   0  1.54 0.41
  447 I   -3 -5 -5 -5 -4 -5 -5 -6 -5  7  0 -5 -1 -3 -5 -4  3 -5 -4  1    0   0   0   0   0   0   0   0   0  74   5   0   0   0   0   0  17   0   0   4  1.34 0.39
  448 S    0 -2 -2 -2 -3 -2  0 -3 -2 -3 -4 -1 -2 -5 -3  4  5 -5 -3 -3    6   1   0   1   0   1   6   0   0   0   0   2   0   0   0  42  39   0   0   1  0.85 0.32
  449 S    0 -2  2  1 -4  1  0  4  1 -4 -4  1 -3 -4 -3  1 -1 -4 -3 -4    7   0  12   6   0   7   4  36   3   0   1  11   0   0   0  10   2   0   0   0  0.47 0.17
  450 V    3 -4 -4 -5  6 -4 -4 -4 -5  3 -1 -4 -1 -3 -4 -2 -2 -5 -3  4   25   0   0   0  21   0   0   0   0  18   2   0   1   0   0   1   1   0   0  32  0.79 0.27
  451 R   -3  7 -2 -3 -5  0 -2 -4 -1 -5 -5  4 -4 -5 -4 -2  2 -5 -4 -4    0  58   0   0   0   1   1   0   1   0   0  24   0   0   0   2  13   0   0   0  1.24 0.36
  452 N   -1  1  2  0 -2  0  1 -2 -1 -4 -4  2 -3 -4 -3  3  3 -4 -3 -3    1   8  12   5   1   2   7   1   1   0   0  15   0   0   0  26  22   0   0   0  0.44 0.20
  453 Y   -4 -5 -5 -6 -4 -4 -4 -6 -2 -2  1 -5 -1  6 -6 -5 -4  5  6 -3    0   0   0   0   0   0   1   0   0   0  16   0   1  38   0   0   0   8  35   1  1.38 0.36
  454 S   -1 -2  1  5 -5  0  5 -2  0 -5 -5  0 -3 -5 -3  1 -2 -5 -1 -4    6   0   4  31   0   1  38   1   1   0   0   3   0   0   0  10   1   0   2   0  0.78 0.26
  455 D   -2 -3 -1  6 -6  1  4 -4 -3 -6 -6 -1 -5 -6 -4 -2 -3 -6 -5 -5    2   0   1  53   0   6  33   0   0   0   0   3   0   0   0   0   0   0   0   0  1.31 0.36
  456 L   -4 -5 -6 -6 -4 -5 -6 -6 -6 -1  6 -5  1 -1 -6 -5 -4 -4 -4 -2    0   0   0   0   0   0   0   0   0   0  97   0   1   1   0   0   0   0   0   0  1.64 0.43
  457 P   -4 -5 -5 -5 -6 -5 -4 -5 -3 -6 -6 -4 -6 -7  9 -4 -4 -7 -6 -6    0   0   0   0   0   0   0   0   1   0   0   0   0   0  99   0   0   0   0   0  3.11 0.62
  458 K    1 -1 -2  0 -4  2  5 -3 -2 -2 -2  1 -3 -4  1 -1 -1 -4 -3  0   11   2   0   3   0   7  44   1   0   2   3  11   0   0   5   2   1   0   1   8  0.49 0.21
  459 A    1 -2  7 -1 -4  1  0 -3 -2 -5 -5  1 -4 -5 -3 -1  0 -6 -4 -4   15   1  59   0   0   5   5   0   0   0   0   7   0   0   0   1   5   0   0   0  1.06 0.34
  460 A    6 -4 -4 -5  4 -4 -4 -3 -4 -4 -4 -4 -4 -5 -4 -2 -1 -5 -5 -2   87   0   0   0  10   0   0   0   0   0   0   0   0   0   0   0   2   0   0   1  1.51 0.44
  461 Q   -3  5 -2 -3 -6  5 -1 -4 -1 -4 -3  4 -3 -5 -4 -3 -3 -5 -4 -4    0  35   0   0   0  34   0   0   1   0   1  28   0   0   0   0   0   0   0   1  1.19 0.37
  462 Q    1  2  3  1 -4  0  0 -2  2 -2 -2  3 -2 -4 -3  0 -1 -4 -2 -3   12  12  16   9   0   3   3   1   5   2   3  26   0   0   0   5   2   0   1   0  0.34 0.16
  463 Y   -5 -5 -6 -7 -6 -5 -5 -7 -1 -5 -4 -5 -4  0 -6 -5 -5 -1 10 -5    0   0   0   0   0   0   0   0   0   0   0   0   0   1   0   0   0   0  99   0  3.02 0.65
  464 V   -3 -5 -5 -5 -3 -4 -5 -6 -5  4  3 -5 -1 -2 -5 -4 -2 -5 -3  5    0   0   0   0   0   0   0   0   0  27  24   0   0   0   0   0   0   0   0  49  1.00 0.30
  465 E   -1  3  0 -1 -3  1  4 -3  1 -4 -1  3 -3 -4 -3 -1 -2 -4 -3 -4    3  19   3   2   0   4  36   1   3   0   6  19   0   0   0   1   1   0   0   0  0.59 0.23
  466 R   -2  6 -3 -4 -4 -2 -3 -5 -3 -3 -3  1 -3  4 -5 -3 -2 -2  1 -4    4  58   0   0   0   0   0   0   0   1   2   5   0  22   0   0   2   0   5   0  1.11 0.35
  467 I   -3 -5 -6 -6 -3 -5 -5 -6 -5  6  3 -5  1 -2 -5 -4 -3 -5 -3  2    1   0   0   0   0   0   0   0   0  63  21   0   2   0   0   0   0   0   0  13  1.17 0.33
  468 E    0 -3 -3 -1 -3  0  7 -3 -3 -5 -5 -1 -4 -6 -4  2 -2 -5 -5 -4    5   0   0   0   0   2  74   1   0   0   0   1   0   0   0  15   1   0   0   1  1.31 0.40
  469 E   -2 -1  0  2 -4  3  6 -4 -2 -5 -4  1 -3 -5 -3 -1 -2 -5 -4 -5    2   1   4  10   0  11  60   0   0   0   0   7   1   0   0   3   1   0   0   0  1.04 0.33
  470 L   -3 -4 -4 -4 -3 -3 -2 -5  1  0  4 -3  2  3 -5 -4 -3 -3  1  0    1   0   0   1   0   0   3   0   4   3  57   1   4  16   0   0   0   0   5   5  0.70 0.24
  471 V   -1 -3 -3 -3  1 -3 -3 -4 -4  1  2 -3  0 -2 -3  1  3 -4 -3  3    4   0   0   0   3   0   0   0   0   8  18   0   1   0   0  14  23   0   0  29  0.42 0.20
  472 G   -2 -3 -1  0 -5  0  0  7 -3 -6 -6 -2 -5 -6 -4 -2 -4 -5 -5 -5    1   1   3   4   0   4   6  78   0   0   0   1   0   0   0   2   0   0   0   0  1.42 0.36
  473 V    0 -4 -4 -5  4 -4 -4 -5 -5  3 -1 -4 -1 -3 -4 -3  1 -5 -3  5    9   0   0   0  10   0   0   0   0  18   2   0   0   0   0   0   9   0   0  52  0.81 0.28
  474 P   -2  3 -1 -2 -5 -1  0 -3  0 -5 -5  2 -4 -6  7 -2 -3 -6 -4 -5    2  16   2   1   0   2   4   1   3   0   0  16   0   0  53   1   0   0   0   0  1.32 0.34
  475 I   -1 -5 -5 -5  1 -4 -5 -5 -5  6  1 -5  0 -2 -5 -4 -2 -5 -3  4    3   0   0   0   2   0   0   0   0  48  11   0   2   1   0   0   0   0   0  32  0.95 0.29
  476 H    1  0 -1 -1 -1  1  1  0  2 -4 -3  2 -3 -3 -3  3  0 -4 -2 -2    8   4   1   1   1   5   6   6   7   0   1  18   0   1   0  35   4   0   1   2  0.36 0.18
  477 Y    0 -4 -4 -5 -3 -4 -4 -4 -3  3  1 -4  1  0 -5 -2  0  8  4  0    7   0   0   0   0   0   0   0   0  22  10   0   4   3   0   2   7  26  15   5  0.91 0.27
  478 I   -3 -5 -5 -6 -3 -5 -5 -6 -5  6  0 -5 -1  3 -5 -4 -3 -4 -2  4    0   0   0   0   0   0   0   0   0  53   2   0   0  13   0   0   0   0   0  32  1.14 0.33
  479 G    0 -4 -2 -3 -4 -3 -4  6 -4 -6 -6 -3 -5 -5 -4  4 -2 -5 -5 -5    4   0   0   0   0   0   0  61   0   0   0   0   0   0   0  34   1   0   0   0  1.31 0.37
  480 I   -3 -5 -5 -6 -3 -5 -5 -6 -6  1 -1 -5 -2 -3 -5 -4  1 -5 -3  7    0   0   0   0   0   0   0   0   0   3   1   0   0   0   0   0  10   0   0  85  1.44 0.42
  481 G   -3 -5 -3 -4 -5 -5 -5  7 -5 -7 -7 -4 -6 -6 -5 -3 -4 -5 -6 -6    0   0   0   0   0   0   0 100   0   0   0   0   0   0   0   0   0   0   0   0  2.30 0.50
  482 P   -1 -2 -4 -4 -5 -1 -3 -5 -5 -5 -5  1 -4 -6  8 -3 -3 -6 -5 -3    6   2   0   0   0   2   0   0   0   0   0  11   0   0  76   0   1   0   0   2  2.02 0.45
  483 G    1  0  1  3 -4 -1  0  4 -3 -5 -5  0 -4 -5 -3  1 -2 -5 -4 -4    9   4   6  20   0   1   4  35   0   0   0   7   0   0   0  12   0   0   0   0  0.56 0.20
  484 R   -5  8 -3 -5 -7 -2 -3 -6 -3 -6 -5 -1 -4 -6 -5 -4 -4 -6 -5 -6    0 100   0   0   0   0   0   0   0   0   0   0   0   0   0   0   0   0   0   0  2.45 0.57
  485 D   -1 -3  1  5 -5 -1  4 -3 -2 -4 -5 -1 -4 -4 -3  0 -1 -5 -4 -4    4   0   6  38   0   1  37   0   0   0   0   2   0   1   0   7   4   0   0   0  0.90 0.29
  486 A    2 -2 -1  0  0  6  1 -3  2 -5 -4 -1 -3 -5 -3  2 -2 -5 -3 -4   16   0   1   4   2  46   8   0   5   0   0   0   0   0   0  19   0   0   0   0  0.83 0.32
  487 L   -2 -4  0 -4 -3 -3 -4 -4 -4  1  1 -3  6 -3 -4 -1  5 -4 -3  0    1   0   4   0   0   0   0   0   0   9  10   0  22   0   0   1  49   0   0   4  0.85 0.32
  488 I   -3 -5 -6 -6 -2 -5 -6 -6 -6  7  1 -4  0 -2 -5 -5 -3 -5 -4  2    1   0   0   0   0   0   0   0   0  79   8   0   1   0   0   0   0   0   0   9  1.42 0.37
  489 Y   -2 -2 -3 -2 -3 -1  0 -4  2  3 -1 -2  0  0 -4 -2  0 -1  3  3    0   2   0   2   0   2   6   0   6  25   1   2   2   2   0   2   5   1  12  31  0.35 0.16
  490 K   -3  7 -2 -3 -5 -1 -2 -4 -2 -5 -4  5 -3 -5 -4 -2 -3 -5 -4 -4    0  63   0   0   0   0   0   0   0   0   0  37   0   0   0   0   0   0   0   0  1.42 0.32

                      K         Lambda
Standard Ungapped    0.1382     0.3185
Standard Gapped      0.0645     0.2670
PSI Ungapped         0.2104     0.3117
PSI Gapped           0.0645     0.2670
