
Last position-specific scoring matrix computed, weighted observed percentages rounded down, information per position, and relative weight of gapless real matches to pseudocounts
           A  R  N  D  C  Q  E  G  H  I  L  K  M  F  P  S  T  W  Y  V   A   R   N   D   C   Q   E   G   H   I   L   K   M   F   P   S   T   W   Y   V
    1 M   -4 -4 -5 -6 -4 -3 -5 -6 -5 -1  0 -4 10 -3 -5 -4 -4 -4 -4 -2    0   0   0   0   0   0   0   0   0   2   2   0  96   0   0   0   0   0   0   0  2.56 0.62
    2 G    3 -1 -1  2 -3 -2  2  3 -3 -4 -4 -2 -3 -4 -3  0 -2 -4 -4 -3   36   2   2  13   0   0  17  27   0   0   0   0   0   0   0   3   0   0   0   0  0.58 0.24
    3 S    3  0 -1 -1  1 -1  1  0 -2 -2 -3  0 -3 -4 -2  3  1 -4 -3 -2   27   4   1   2   3   0   7   6   0   1   1   6   0   0   1  32  10   0   0   0  0.36 0.20
    4 I    1 -2 -2 -2 -1  0 -1  0 -2  1  1 -1  3 -1 -1  0  0 -3 -2  1   11   0   1   1   1   4   4   8   0  11  11   3  12   3   2  10   5   0   0  14  0.08 0.09
    5 E    0 -1  0  3 -4  1  4  0 -1 -4 -3  0 -2 -3  0 -1 -2 -4 -2 -2    6   1   2  21   0   7  36   8   1   0   2   3   1   1   4   1   1   0   1   2  0.48 0.22
    6 E   -1  0 -1  3 -3  1  4  0  0 -3 -3  0 -2 -2  0 -1 -1 -4 -3 -3    3   6   1  16   1   6  36   9   3   1   2   5   1   2   4   3   2   0   0   1  0.43 0.20
    7 E   -1  1 -2  2 -4  2  4 -1  2 -2 -2 -1  0 -4  0 -1 -1 -4 -3 -2    5   9   0   9   0   7  38   6   5   2   3   1   4   0   4   2   3   0   0   2  0.40 0.21
    8 A    1  2  0  0 -2  2  3 -1  1 -3 -3  1 -2 -3 -2  0  0 -3 -2 -2   11  12   4   3   1   7  27   5   3   1   1   8   0   0   0   6   6   0   0   2  0.29 0.15
    9 R    0  3  0  0 -3  0 -1  0 -1 -2 -2  1 -1 -3  0  2  1 -3 -2 -1    8  22   3   4   0   4   2   8   1   1   2   7   2   1   5  17  10   0   1   4  0.20 0.13
   10 P    0 -2  0 -2 -4 -1  0 -1 -2 -2 -1  1 -3 -4  6  1 -1 -4 -3 -1    9   1   4   1   0   2   5   4   1   2   8   8   0   0  39  10   2   0   1   3  0.65 0.24
   11 L   -1 -2 -2 -1 -3  0 -2 -4 -2  0  4 -1  1 -1 -3 -2  0  2 -2  2    5   2   1   4   0   4   2   0   0   2  46   3   3   2   0   2   5   3   1  14  0.31 0.19
   12 I   -2 -1 -2 -2 -2 -1  0 -3 -3  2  3 -1  2 -1  0 -1 -1 -3 -2  2    1   3   1   1   0   2   6   2   0  10  36   3   6   2   5   6   1   0   0  13  0.23 0.15
   13 E    0  0  0  1 -4  1  5 -3  3 -3 -2  0 -3 -4 -1 -1 -1 -4 -3 -2    7   4   4   7   0   6  43   1   8   1   3   5   0   0   2   4   3   0   0   3  0.53 0.25
   14 E   -1  0  0  4 -4  0  4  0  3 -3 -3 -1 -3 -3  0 -1 -2 -4 -2 -2    5   5   4  22   0   2  29   7   7   1   2   3   0   1   4   2   1   0   1   3  0.42 0.21
   15 G    0 -1  0 -1 -2  1  1  3 -1 -2 -1  1 -1 -3  0  1  0 -3 -2 -2    8   2   3   3   1   5  10  22   1   1   8  10   2   0   4  10   7   0   0   2  0.17 0.10
   16 L    0 -1  0  0 -2  0  0 -1 -1  0  1  0  1 -1  2  0  0 -1 -1  0    7   3   4   4   0   2   7   5   2   4  15   8   7   2  11   4   6   1   1   8  0.07 0.05
   17 I    0  0  0  0 -2  0  1 -1 -1  0  0  0  0  0  2  0  0 -1 -1  0    7   3   3   3   0   3   9   3   2   5  11   7   2   4  12  10   4   1   2   8  0.08 0.04
   18 L    0  1  0  0 -1  2  1 -1 -1 -1  0  1  2 -2  1  0  0 -2 -2  0    7   6   4   3   1  11   9   4   1   3   8   9   9   1   6   8   3   0   1   6  0.08 0.07
   19 Q   -1  0  2  2 -4  2  4 -1 -1 -3 -3  1 -3 -3  0  0 -1 -3 -2 -3    5   4   9   9   0  10  32   4   1   2   1   7   0   1   4   6   2   0   1   1  0.39 0.19
   20 E    0 -1  0  2 -2  2  4  0 -1 -3 -3  0 -1 -4 -2  0 -1 -3 -3 -1    6   1   3  14   1   9  35   7   1   1   2   4   1   0   1   5   2   0   0   6  0.42 0.22
   21 V    0  0  0  1  1  1  2  0  0 -2 -2  1 -1 -2 -1  0  0 -3 -1 -1    8   3   5  10   3   7  16   7   3   2   3   7   2   1   2   6   8   0   2   6  0.11 0.08
   22 K   -1 -1  0  3 -1  1  3 -1  0 -2 -3  1 -1 -3 -1  1 -1 -2 -2 -2    5   2   4  16   2   7  24   3   2   2   1   8   1   1   2  14   3   0   1   3  0.31 0.18
   23 L    0  0  0  1 -2  0  2  0 -2  0 -1  1 -1 -2  0  0  0 -2 -2  1    7   3   4   9   1   4  17   7   0   5   7   8   1   1   5   6   3   0   0  12  0.09 0.08
   24 Y   -2 -3 -3 -2  2 -2 -1 -4  2 -2 -1 -1  0  1 -3 -1  0  5  6 -2    2   1   1   2   5   2   3   1   5   1   7   4   3   5   1   4   7   9  37   3  0.69 0.32
   25 A    1 -1 -2 -2 -3 -3 -2 -3 -3 -1 -2 -2 -3 -4 -3 -1  6 -5 -4  2   10   3   1   2   0   0   2   2   1   2   2   1   0   0   1   3  54   0   0  16  0.81 0.42
   26 E   -1  1  0  0  0  2  1  0  1 -1  0  1 -1 -2 -2  0  0  2 -1  0    2   6   3   5   3  10  13  10   4   3   9   7   1   1   1   7   3   3   2   8  0.07 0.08
   27 D   -3 -4  1  7 -6 -2  3 -3 -3 -5 -5 -3 -5 -6 -2 -3 -3 -6 -5 -6    2   0   6  68   0   1  16   2   0   0   1   0   0   0   2   1   1   0   0   0  1.62 0.58
   28 G   -1 -2 -1  2 -5 -3 -2  6 -4 -4 -5 -3 -4 -5 -2  0 -3 -5 -5 -4    3   2   2  10   0   1   3  66   0   1   1   1   0   0   2   8   1   0   0   1  1.19 0.45
   29 S    2 -3 -2 -3  0 -2 -1 -3 -3 -3 -3  0 -2 -3 -3  4  4 -4  1 -2   15   0   0   1   2   1   2   1   0   0   1   6   1   1   0  38  23   0   6   2  0.62 0.38
   30 V   -2 -4 -4 -6 -4 -3 -4 -5 -6  1  1 -4  0 -3 -5 -4 -1  3 -3  6    2   1   1   0   0   1   1   1   0   5  10   1   1   1   0   0   3   4   1  68  1.18 0.51
   31 D   -5 -5  2  8 -2 -1 -1 -3 -2 -6 -6 -4 -5 -7 -5 -2 -3 -7 -6 -6    1   0   8  81   1   2   2   2   1   0   0   0   0   0   0   2   1   0   0   0  2.05 0.71
   32 F   -3 -2 -3 -4 -2 -3 -2 -4  3  2  1 -3 -1  3 -5 -2 -3  7  5  0    2   3   1   1   1   0   2   1   7  15  12   1   1  13   0   3   1  15  18   5  0.68 0.32
   33 N   -3  5  2  0 -3  0 -1 -4  4 -5 -4  4 -3 -3 -4 -1 -2 -3 -1 -5    1  31   8   4   0   3   1   0  10   0   1  30   0   1   0   4   1   0   2   0  0.82 0.39
   34 G   -3 -3  1 -3 -4 -3 -3  7 -4 -5 -5 -1 -4 -6 -4 -2 -3 -5 -4 -6    1   1   7   1   0   1   1  76   0   0   1   4   0   0   1   2   1   0   1   0  1.58 0.57
   35 N   -2  5  3 -2  0  1  0 -3  2 -4 -3  2 -2 -2 -4 -2 -3 -5 -3 -4    2  40  17   1   2   6   5   1   4   0   2  11   1   2   0   2   1   0   0   1  0.75 0.37
   36 P   -2 -1 -4 -4 -5 -2 -3 -4 -5 -2 -4 -3 -4 -6  8 -2 -3 -6 -6 -1    3   4   0   1   0   1   1   1   0   3   1   1   0   0  73   3   1   0   0   4  1.94 0.67
   37 P    5 -2 -3 -4  1 -2 -2 -3 -4 -1 -2 -2 -3 -3  1  0 -1 -5 -4  2   54   1   1   0   3   1   2   1   0   3   2   2   0   1   6   5   3   0   0  14  0.67 0.38
   38 L   -2  0  0  1 -2 -1 -1 -2 -2  1  2 -1 -1 -2 -2 -1 -1 -3 -1  1    2   6   5  10   1   1   4   2   1  10  30   3   0   0   2   6   3   0   1  13  0.15 0.15
   39 K   -2  6 -3 -2 -4 -1 -2 -4 -2 -5 -4  5 -3 -5 -1 -2 -3 -4 -4 -4    2  40   1   1   0   2   2   1   1   1   2  40   0   0   3   2   1   0   0   1  1.17 0.50
   40 E    1  2  0 -1 -1  0 -1  0  2 -3 -3  2 -3 -3 -2  3  0 -2 -1 -3   12  11   4   2   1   3   3   8   7   1   1  12   0   1   2  29   3   0   2   1  0.32 0.23
   41 K   -2  4  1 -2 -2  0 -1 -3  1 -4 -4  5 -3 -5 -4  2  1 -5 -4 -4    2  19   7   2   1   2   2   1   3   1   1  34   0   0   0  16   8   0   0   0  0.66 0.36
   42 T   -3  1 -2 -4 -3 -2 -3 -4  4 -4 -3  0 -3 -4 -2  2  6 -5  0 -4    1   8   1   0   0   1   0   1  11   0   2   6   0   0   2  13  49   0   3   0  0.89 0.47
   43 G   -3 -2 -4 -4 -6 -4 -5  7 -4 -7 -7 -5 -5 -5 -4 -2 -4 -4 -6 -6    1   3   0   0   0   0   0  89   0   0   0   0   0   1   1   2   1   0   0   0  2.12 0.72
   44 N   -2  1  2 -3 -4 -3 -4  6 -4 -5 -6  0 -5 -6 -5 -1 -1 -6 -5 -3    2   9  11   1   0   1   0  62   0   1   0   5   0   0   0   3   3   0   0   2  1.17 0.49
   45 W   -6 -3 -5 -8 -6 -4 -7 -7 -6 -2 -3 -6  3 -1 -8 -4 -3 12 -2 -3    0   2   1   0   0   1   0   0   0   2   3   0   8   2   0   2   2  75   0   2  3.39 1.01
   46 K   -2  5 -2 -4 -3 -2 -3 -2 -3 -2 -1  5 -2 -2 -2 -2 -1 -1 -4 -1    2  31   1   0   0   0   0   2   0   3   6  37   1   1   2   2   4   1   0   5  0.75 0.40
   47 A    6 -4 -2 -5  0 -4 -4 -1 -5 -4 -4 -4 -4 -5 -2  2  1 -6 -5 -2   65   0   1   0   2   0   0   3   0   0   1   0   0   0   2  14   9   0   0   3  1.11 0.54
   48 C    4 -5 -4 -5  7 -4 -5 -1 -5 -3 -3 -4  4 -4  0  1 -2 -5 -5 -3   37   0   0   0  26   0   0   5   0   0   2   0  12   0   4  10   1   0   0   1  1.08 0.51
   49 P    1 -1 -3 -4 -1 -3 -3 -1 -2  1  0 -2 -1  2  4  2 -1  1  1 -1   14   3   0   0   1   0   0   5   1   8   8   1   1   8  23  15   3   2   4   4  0.35 0.24
   50 F   -4 -6 -6 -5 -5 -6 -6 -6 -4  0  2 -6  2  8 -3 -3 -4 -3  2 -2    1   0   0   0   0   0   0   0   0   4  17   0   5  59   1   2   1   0   6   2  1.51 0.57
   51 I   -4 -6 -6 -5 -3 -6 -6 -7 -7  7  0 -6  0 -4 -6 -6 -3 -6 -5  3    1   0   0   1   0   0   0   0   0  70   7   0   1   0   0   0   1   0   0  19  1.67 0.62
   52 L   -4 -5 -6 -6 -3 -5 -6 -7 -6  4  5 -5  0  2 -6 -5 -4 -4 -1  1    0   0   0   0   0   0   0   0   0  25  56   0   1   7   0   0   0   0   2   8  1.13 0.47
   53 G    2 -5 -4 -5 -2 -5 -5  6 -5 -3 -2 -5 -3 -2 -5 -2 -3 -3 -5  3   16   0   0   0   1   0   0  54   0   0   3   0   0   2   0   1   1   0   0  20  1.07 0.48
   54 N   -1 -4  5 -3 -1 -3 -4 -3 -3  1 -1 -3  0  0 -4 -1  1 -4  2  2    6   0  36   0   2   0   0   2   0   8   4   0   2   4   0   3   8   0   8  18  0.58 0.36
   55 E   -3 -3 -2 -1 -7  3  7 -5 -3 -6 -5 -3 -5 -1 -5 -3 -5 -6 -3 -5    1   0   1   2   0  14  74   1   0   0   1   0   0   3   0   1   0   0   1   1  1.73 0.72
   56 C    1 -4 -4 -5  4 -4 -4  1 -4  1  0 -4  1  3 -4 -2  1 -4 -2  3   11   0   0   0  11   0   0  11   0   8   9   0   3  14   0   1  10   0   0  22  0.43 0.27
   57 C    2 -5 -3 -5  7 -5 -5 -3 -5 -2  2 -5 -1  5 -5  0 -2 -4 -2 -2   17   0   1   0  22   0   0   1   0   1  23   0   1  23   0   8   2   0   0   1  0.86 0.42
   58 E    0 -4 -4  0 -3 -1  7 -3 -4 -5 -6 -3 -4 -7 -5 -4 -4 -7 -2 -3    8   0   0   5   1   2  78   2   0   0   0   0   0   0   0   0   0   0   2   2  1.70 0.72
   59 R   -3  6  2 -4  2 -1 -3 -4 -3 -2 -5  2 -2 -4 -5  0  1 -6 -2 -5    2  52  10   0   5   1   1   1   0   2   0   9   1   1   0   6  10   0   1   0  1.04 0.49
   60 L   -4 -5 -6 -7 -3 -5 -6 -6 -5  1  5 -5  6  4 -6 -5 -2 -4 -3  0    0   0   0   0   0   0   0   0   0   6  49   0  20  15   0   0   3   0   0   5  1.15 0.50
   61 A    6 -5 -5 -5  2 -4 -4  1 -5 -4 -5 -4 -4 -6 -4  0  0 -6 -5 -3   73   0   0   0   3   0   0   9   0   1   0   0   0   0   0   7   6   0   0   1  1.37 0.62
   62 Y   -3 -5 -3 -6 -5 -5 -5 -5 -2 -1 -3 -5 -3  6 -6 -1  2 -2  7  0    2   0   1   0   0   0   0   0   1   3   0   0   0  33   0   4  16   0  34   5  1.32 0.56
   63 Y   -1 -5  0 -5 -3 -4 -5 -5 -2  1  1 -5  2  5 -5 -2 -2 -2  6 -1    6   0   4   0   1   0   0   0   0   7  12   0   5  26   0   3   2   0  29   4  0.86 0.41
   64 G    2 -5 -4 -5 -3 -5 -6  7 -6 -7 -7 -5 -5 -7 -6 -1 -5 -6 -7 -5   15   1   0   0   1   0   0  79   0   0   0   0   0   0   0   4   0   0   0   1  1.89 0.69
   65 I   -4 -5  0 -5 -3 -5 -5 -6 -5  6  1 -5  2  1 -5 -4  0 -5 -3  3    0   0   5   0   0   0   0   0   0  44  10   0   4   5   0   1   6   0   1  23  0.93 0.43
   66 A    4 -4  0 -4 -3 -1 -2  2 -1 -3 -2 -3 -2 -4 -4  3 -1 -4 -3 -2   35   0   4   0   0   2   2  16   2   1   5   0   1   0   0  27   2   0   1   2  0.59 0.37
   67 G    1 -2 -1 -4 -2 -3 -3 -2 -4 -1 -2  0  0 -3 -4  3  3 -5 -2  3   13   2   3   0   1   0   0   3   0   1   3   5   2   1   0  25  18   0   1  23  0.42 0.32
   68 N   -6 -5  9 -2 -7 -4 -5 -4 -4 -8 -8 -5 -7 -8 -6  0 -4 -8 -7 -7    0   0  93   1   0   0   0   0   0   0   0   0   0   0   0   5   0   0   0   0  2.81 0.96
   69 L   -5 -5 -7 -7 -5 -6 -7 -7 -6 -2  6 -6  4  0 -7 -5 -5 -5 -5 -3    0   1   0   0   0   0   0   0   0   0  88   0   8   3   0   0   0   0   0   0  1.86 0.71
   70 I   -3 -6 -6 -7 -4 -6 -6 -7 -7  5  0 -6  1 -2 -6 -5 -3 -6 -5  6    1   0   0   0   0   0   0   0   0  26   6   0   4   1   0   0   1   0   0  62  1.48 0.59
   71 T   -2 -3  2 -4 -4 -2 -4 -4 -4  1  1 -3  1 -3 -2  1  5 -5 -4  2    2   1   9   0   0   1   0   0   0   7  15   0   3   0   1   8  36   0   0  16  0.56 0.36
   72 Y   -6 -6 -7 -8 -7 -6 -7 -8 -3 -5 -5 -7 -5  4 -8 -6 -6 -2 10 -6    0   0   0   0   0   0   0   0   0   0   0   0   0  15   0   0   0   0  85   0  3.09 1.00
   73 L   -4 -6 -7 -7 -5 -6 -6 -7 -6 -1  6 -6  3  2 -6 -5 -5 -5 -3 -1    1   0   0   0   0   0   0   0   0   1  80   0   7   8   0   0   0   0   0   3  1.58 0.63
   74 T   -3 -1 -2 -4 -4 -3 -2 -3 -4 -1 -3  0  0  0 -5  0  6 -5 -2  0    1   3   1   0   0   1   2   1   0   3   1   6   2   4   0   5  61   0   1   6  1.02 0.53
   75 T   -2  2  1  0 -4  1 -1  3 -1 -3 -3  2 -3 -1 -3  0  3 -4 -1 -2    1  10   8   4   0   6   3  21   1   1   2  12   0   2   0   7  18   0   2   2  0.31 0.23
   76 K   -2  0 -3 -2 -4  2  1 -5 -3  0 -3  1 -2 -1  1 -3  0 -5  0  4    1   6   1   2   0   8  11   0   0   3   0   8   1   2   7   1   7   0   4  38  0.43 0.32
   77 L   -5 -5 -6 -7 -5 -3 -5 -7 -5 -1  5 -6  7  2 -6 -6 -5 -5 -1 -2    0   0   0   0   0   1   0   0   0   2  58   0  28   8   0   0   0   0   2   1  1.51 0.61
   78 H   -5 -1  3 -4 -7  0 -4  2 10 -8 -7 -4 -6 -6 -6 -4 -5 -7 -3 -7    0   3  12   1   0   4   0  16  63   0   0   1   0   0   0   1   0   0   0   0  2.23 0.80
   79 Q   -4 -1 -4 -3 -5  5  3 -1 -3 -2  1 -2  4  2 -5 -3 -4 -4 -1 -3    0   2   0   0   0  33  20   5   0   2  15   1  10   8   0   0   0   0   2   1  0.74 0.45
   80 G   -2 -2 -1  2 -5 -2  0  3 -2 -5 -6 -1 -5 -6  3  4  0 -6 -5 -5    1   1   3  12   0   1   4  20   1   0   0   4   0   0  14  35   4   0   0   0  0.70 0.40
   81 N   -3 -3  5 -3 -4 -1 -3 -3 -2  0  1 -2  0 -2  0  1  3 -5 -4 -2    0   1  30   0   0   2   0   1   0   4  17   2   2   2   4  13  18   0   0   2  0.51 0.35
   82 V    4 -4 -4 -4 -3 -3 -3 -2 -4  0 -1  0 -3 -4  0  1  0 -5 -4  4   37   0   0   0   0   0   1   1   0   5   4   5   0   0   4  10   5   0   0  28  0.56 0.36
   83 S    1 -1  0  2 -4  0  1 -3 -2 -3 -4  2 -1 -3 -3  2  3 -5 -3 -1   12   1   3  13   0   3  10   1   0   0   0  12   2   1   1  16  20   0   0   4  0.35 0.26
   84 A    6 -5 -2 -5 -4 -4 -4 -3 -5 -5 -6 -4 -5 -6 -5  4 -3 -6 -6 -4   70   0   1   0   0   0   0   0   0   0   0   0   0   0   0  28   0   0   0   0  1.61 0.71
   85 A    6 -5 -5 -5 -4 -4 -4 -4 -5 -3 -5 -4 -4 -6 -4  2  0 -6 -5 -1   76   0   0   0   0   0   0   0   0   1   0   0   0   0   1  13   4   0   0   5  1.49 0.66
   86 T   -1  2  6 -2 -5 -1 -1 -4 -3 -5 -5  1 -3 -6 -5  0  2 -6 -5 -3    6  11  46   0   0   2   3   0   0   0   0   9   0   0   0   6  14   0   0   2  0.99 0.49
   87 N   -1 -4  6 -1 -4 -2 -3 -3  1  1 -1 -3  0 -3 -4  1  2 -6 -4 -1    5   0  41   3   0   1   0   1   4  10   6   0   2   1   0   8  12   0   0   4  0.68 0.39
   88 V   -2 -6 -4 -7 -4 -5 -6 -7 -6  2  1 -5 -2 -1 -6 -4 -3 -6 -3  7    2   0   1   0   0   0   0   0   0   8  13   0   0   2   0   0   1   0   1  72  1.46 0.60
   89 T   -2 -4  5 -2 -5 -4 -4 -4 -4 -5 -5 -4 -3 -6 -5  3  5 -3 -5 -5    3   0  30   1   0   0   0   0   0   0   0   0   1   0   0  22  43   0   0   0  1.30 0.62
   90 T   -1 -2  6  0 -4 -3 -3 -3 -3  1 -2  0 -1 -3 -5 -1  2 -5  0 -1    5   1  44   5   0   0   0   1   0   8   3   7   1   1   0   2  16   0   3   4  0.75 0.42
   91 W   -7 -7 -8 -9 -7 -7 -8 -8 -6 -6 -4 -8 -5  6 -8 -7 -7 12  1 -5    0   0   0   0   0   0   0   0   0   0   1   0   0  31   0   0   0  63   3   1  3.49 1.04
   92 Q    0 -3  1 -3 -3  1 -2 -1 -2  1  0 -2  5 -1 -4  2  2 -4 -1  1    5   0   7   0   0   7   1   5   1   7   6   1  16   3   0  19  11   0   2   9  0.28 0.25
   93 G   -2 -7 -5 -6 -7 -6 -6  8 -6 -8 -8 -6 -7 -7 -6 -3 -6 -7 -7 -7    2   0   0   0   0   0   0  97   0   0   0   0   0   0   0   1   0   0   0   0  2.60 0.86
   94 T    0 -5 -4 -5 -5 -5 -5 -5 -6 -1 -4 -5 -4 -4 -5  0  7 -6 -5  1    7   0   0   0   0   0   0   0   0   3   1   0   0   1   0   4  74   0   0  10  1.64 0.72
   95 C    2 -4 -3 -4  5 -4 -4 -1 -4 -1 -1 -4 -3 -4 -4  3  2 -5 -4  2   20   0   0   0  15   0   0   4   0   3   4   0   0   0   0  25  13   0   0  16  0.63 0.38
   96 Y   -2 -5  2 -4 -3 -2 -5 -5 -3 -4 -4 -4 -1  5 -6  1  0  5  6 -4    4   0  10   0   0   2   0   0   0   0   0   0   1  27   0  12   6   7  29   0  1.07 0.50
   97 L   -2 -5 -6 -6 -4 -5 -6 -6 -5  3  5 -5  4  3 -6 -5 -3 -4 -3  0    3   0   0   0   0   0   0   0   0  18  50   0  12  11   0   0   0   0   0   6  1.07 0.46
   98 T    0 -4 -4 -5  0 -4 -4 -4 -5 -1  3 -4  2  2 -5 -1  4 -4 -3 -1    9   0   0   0   2   0   0   1   0   2  32   0   6  10   0   3  32   0   0   4  0.67 0.40
   99 P    0 -6 -5 -5  3 -5 -5 -3 -6 -6 -6 -5 -6 -7  7  2  1 -7 -6 -5    8   0   0   0   6   0   0   1   0   0   0   0   0   0  58  16   9   0   0   0  1.71 0.68
  100 L   -4 -6 -7 -7 -5 -6 -6 -7 -6  3  6 -6  0 -1 -6 -6 -4 -5 -4  1    0   0   0   0   0   0   0   0   0  15  73   0   1   1   0   0   0   0   0   9  1.46 0.58
  101 I   -2 -5 -6 -6 -4 -5 -6 -6 -6  4  5 -5 -1  2 -4 -5 -4 -5 -3  2    3   0   0   0   0   0   0   0   0  21  52   0   0   8   1   0   0   0   0  15  1.06 0.46
  102 G   -2 -7 -5 -6 -4 -6 -6  8 -6 -4 -8 -6 -5 -7 -6 -4 -6 -3 -7 -4    2   0   0   0   0   0   0  94   0   1   0   0   0   0   0   0   0   0   0   1  2.43 0.83
  103 A    6 -5 -5 -5 -5 -5 -5  4 -6 -6 -6 -5 -5 -6 -5 -2 -3 -6 -6 -4   71   0   0   0   0   0   0  27   0   0   0   0   0   0   0   1   1   0   0   0  1.67 0.70
  104 V   -3 -6 -7 -7 -3 -6 -7 -6 -4  0 -1 -6 -3  8 -7 -4 -4 -3  4  0    3   0   0   0   1   0   0   0   0   5   5   0   0  67   0   1   1   0  11   6  1.85 0.67
  105 L   -2 -5 -6 -6 -3 -5 -6 -6 -6  4  5 -5 -1 -1 -6 -5 -4 -5 -4  3    2   0   0   0   0   0   0   0   0  23  51   0   1   2   0   0   0   0   0  21  1.12 0.48
  106 A    6 -5 -5 -5  1 -4 -4 -2 -5 -5 -5 -4 -5 -6 -5  3 -3 -6 -6 -4   70   0   0   0   2   0   0   2   0   0   0   0   0   0   0  24   0   0   0   0  1.55 0.69
  107 D   -6 -6 -3  9 -8 -5 -2 -6 -6 -8 -8 -5 -8 -8 -6 -5 -6 -9 -8 -8    0   0   0  99   0   0   1   0   0   0   0   0   0   0   0   0   0   0   0   0  3.00 0.99
  108 A    4 -4 -3 -4 -3 -4 -4 -2 -5 -5 -4 -4 -4 -6 -4  5  4 -6 -5 -3   33   0   0   0   0   0   0   1   0   0   1   0   0   0   0  41  22   0   0   1  1.13 0.58
  109 Y   -6 -5 -6 -7  1 -6 -6 -7  2 -4 -4 -3 -5  6 -7 -6 -6  2  9 -4    0   0   0   0   3   0   0   0   4   0   1   2   0  26   0   0   0   2  61   1  2.25 0.79
  110 W   -1 -6 -6 -7 -2 -5 -6 -6 -6  0  5 -6  0  2 -6 -5 -3  8 -3 -1    5   0   0   0   1   0   0   0   0   5  52   0   2   9   0   0   2  23   0   3  1.38 0.55
  111 G   -4 -6 -4 -5 -6 -6 -6  7 -6 -8 -8 -6 -7 -7 -6 -2 -1 -7 -7 -7    0   0   0   0   0   0   0  93   0   0   0   0   0   0   0   3   4   0   0   0  2.39 0.82
  112 R   -5  8  0 -5 -3 -3 -4 -6 -2 -7 -6  0 -6 -7 -5 -2 -1 -7 -6 -7    0  84   4   0   1   0   0   0   1   0   0   4   0   0   0   2   4   0   0   0  2.23 0.82
  113 Y   -6 -5 -7 -8 -5 -6 -7 -8 -1 -4 -5 -7 -5  6 -8 -6 -6 -2  9 -5    0   0   0   0   0   0   0   0   1   1   0   0   0  28   0   0   0   0  69   0  2.68 0.90
  114 W   -3  4  0 -5 -3 -2 -4 -5  0 -3  1  3 -2 -4 -5 -2 -2  9 -1 -3    2  20   4   0   1   1   0   0   2   1  13  18   1   0   0   3   3  29   1   1  1.13 0.50
  115 T   -1 -5 -4 -5 -5 -5 -5 -6 -6 -1 -5 -5 -1 -6 -5 -2  8 -7 -6 -3    4   0   0   0   0   0   0   0   0   4   0   0   1   0   0   1  88   0   0   1  2.16 0.87
  116 I   -3 -6 -6 -6  5 -6 -6 -6 -6  6  0 -6  2  2 -6 -4 -3 -5  0  2    1   0   0   0  11   0   0   0   0  51   7   0   5   9   0   1   1   0   3  11  1.16 0.49
  117 A    3 -4 -4 -5 -3 -4 -4 -1 -5  2  2 -4 -1 -2 -4 -2  1 -5 -4  3   30   0   0   0   0   0   0   5   0  12  21   0   1   1   0   2   8   0   0  20  0.52 0.33
  118 C    0 -5 -5 -6 -2 -5 -5 -4 -5  6  1 -5  0  2 -5 -2 -2 -4  0  3    8   0   0   0   1   0   0   1   0  44  10   0   1   9   0   2   2   0   2  19  0.83 0.39
  119 F    3 -5 -4 -5 -1 -4 -5  0 -5 -4 -4 -5 -3  6 -5  4 -3 -4 -2 -4   22   0   0   0   1   1   0   7   0   0   0   0   0  40   0  28   1   0   0   0  1.14 0.56
  120 S    1 -4 -3 -4  2  2 -3  0 -4 -2  0 -3 -1 -1 -4  5  1 -5 -4 -3   13   0   0   0   4   9   0   6   0   2  12   0   1   2   0  42   8   0   0   1  0.58 0.41
  121 G    1 -4 -4 -4  2 -4 -4 -2 -4  2  2 -3  0  2 -2  0  1 -3 -2  2   13   0   0   0   5   0   0   2   0  14  19   0   1   9   2   8   9   0   0  17  0.33 0.23
  122 I   -1 -6 -6 -6 -1 -5 -6 -5 -6  6  1 -5  0  1 -6 -3 -2 -5 -4  4    5   0   0   0   1   0   0   1   0  50  10   0   2   5   0   2   1   0   0  23  1.09 0.47
  123 Y   -3 -5 -4 -5 -3  1  2 -4 -1 -4 -4 -4 -3  3 -6  0 -3 -2  8 -5    2   0   0   0   1   7  12   1   1   1   1   0   0  10   0   8   2   0  53   0  1.42 0.63
  124 F    0 -4 -4 -5 -2 -1 -3 -4 -4  3  3 -4 -1  4 -5 -3 -1 -4 -2  2   10   0   1   0   1   4   2   1   0  14  28   0   0  17   0   1   4   0   0  17  0.50 0.30
  125 I   -1 -5 -5 -5 -2 -4 -5 -5 -5  3  4 -4  4 -1 -4 -1  0 -4 -4  2    6   0   0   0   1   0   0   0   0  15  43   0  10   2   0   5   6   0   0  11  0.69 0.36
  126 G   -2 -7 -5 -5 -7 -6 -6  8 -6 -8 -8 -6 -7 -7 -6 -4 -6 -7 -7 -7    3   0   0   0   0   0   0  96   0   0   0   0   0   0   0   1   0   0   0   0  2.57 0.87
  127 M   -4 -5 -6 -7 -3 -5 -6 -7 -6 -1  4 -6  8  0 -6 -5 -2 -5 -1  0    0   0   0   0   0   0   0   0   0   1  41   0  41   3   0   0   3   0   3   6  1.55 0.64
  128 S    0 -4 -4 -4  2 -4 -4  1 -4  3  1 -4  1 -1 -4  0  1 -4 -3  3    9   0   0   0   4   0   0  13   0  16  15   0   4   2   0   8   9   0   0  21  0.35 0.25
  129 A   -1 -4 -5 -5 -1 -4 -4 -2 -5  2  4 -4  3  1 -5 -2  0 -4 -3  2    4   0   0   0   1   0   1   3   0  11  47   0   6   4   0   4   5   0   0  13  0.64 0.34
  130 L   -4 -5 -7 -7 -5 -6 -6 -7 -6  2  6 -6  1 -3 -6 -5 -4 -5 -5  0    1   0   0   0   0   0   0   0   0   8  81   0   3   0   0   0   1   0   0   6  1.58 0.63
  131 T    0 -5 -4 -4 -2 -3 -5 -4 -5 -4 -4 -4 -1 -5 -4  2  7 -6 -5 -2    8   0   0   1   1   1   0   1   0   1   1   0   1   0   0  13  70   0   0   2  1.54 0.70
  132 L   -2 -5 -6 -6 -4 -5 -5 -6 -5  3  5 -5  3  1 -5 -4 -2 -3 -3  3    3   0   0   0   0   0   0   0   0  13  49   0   7   4   0   1   1   0   0  20  0.93 0.42
  133 S    1 -4 -3 -3 -1  3 -3 -3 -4 -4 -5 -4 -5 -6 -4  6  2 -6 -5 -4   10   0   0   1   1  12   0   1   0   1   1   0   0   0   0  59  13   0   0   1  1.19 0.62
  134 A    6 -4 -4 -5 -2 -1 -4 -3 -5 -4 -4 -4 -4 -5 -4  1  2 -1 -5  2   58   0   0   0   0   2   0   1   0   0   0   0   0   0   0  11  14   1   0  12  1.06 0.55
  135 S    1  0 -2 -3 -2 -2 -3 -2  3  0 -1 -2  0  1 -3  3  1  3  1  0   10   4   0   0   1   1   0   2   9   5   7   1   2   6   0  26   9   5   4   8  0.25 0.23
  136 V   -1 -3 -5 -5 -4 -4 -5 -5 -5  3  4 -4  1  1 -3 -2 -3 -4 -1  3    5   1   0   0   0   0   0   0   0  18  39   0   2   7   1   3   1   0   2  21  0.67 0.34
  137 P   -3 -3 -3 -1 -6 -2 -4 -4  0 -3 -3  0 -5  1  7  0 -4 -4 -2 -4    2   2   1   3   0   1   0   1   2   2   3   6   0   6  61   7   1   0   2   1  1.50 0.61
  138 A    1 -2 -1 -3 -2  1 -1  0 -1 -2  0  0 -1 -2 -2  4  0 -2 -1 -2   11   1   2   0   1   8   2   8   1   1  13   5   2   2   1  32   5   1   2   2  0.26 0.24
  139 L   -2 -4 -4 -4 -3 -4 -4 -4  0  1  5 -5  2  2 -2 -3 -3 -4 -3 -1    2   0   1   1   0   1   1   1   2   6  66   0   5   7   2   1   1   0   0   2  0.96 0.44
  140 K   -2  5 -1 -3 -1  0 -1 -3  4 -3 -3  4  0 -3 -3 -1 -2 -5 -3 -3    3  30   3   1   1   3   2   2  12   2   2  27   3   1   1   4   2   0   0   2  0.71 0.36
  141 P   -1 -4 -4 -4 -5 -3 -4 -3 -3 -4 -3 -3 -4 -4  8 -2 -2 -5 -4 -4    5   1   1   1   0   1   1   2   1   1   3   1   0   1  75   2   2   0   1   1  2.06 0.68
  142 A    1 -2 -1 -2 -1 -2 -2 -2 -1 -2 -3 -1 -3 -2  6  2  0 -4 -4 -2   10   2   2   2   2   1   2   3   2   2   3   3   0   2  41  14   5   0   0   3  0.78 0.34
  143 E    0 -1 -1  0  0  0  1  1  1 -2 -2  1 -2 -2  4  1  0 -2 -1 -2    7   2   2   5   3   5   8  12   4   2   4   8   1   2  19  11   4   1   2   2  0.25 0.14
  144 C   -3 -5 -3 -4 11 -3 -3 -3 -2 -4 -4 -5 -3 -3 -3 -3 -3 -5 -1 -3    2   1   1   1  74   1   2   3   1   1   1   1   1   1   1   2   1   0   3   2  2.60 0.76
  145 I    1 -1  1  1 -2  1  0  2  1 -2 -2  0 -2 -2  0  1  1 -3 -2 -1   11   2   9   9   0   6   4  15   4   2   3   6   1   1   4   9   8   0   0   5  0.14 0.11
  146 G    0 -1  2  2 -3  0  0  3 -1 -3 -2  0 -1 -3 -1  1  1 -1 -3 -2    6   2  12  12   0   3   4  23   2   1   3   5   1   1   2  10   9   1   0   2  0.27 0.17
  147 D    0 -1  1  1 -3  1  2  2  0 -3 -3  0 -2 -3  0  1  0 -4 -2 -2    7   2   7   9   0   5  16  14   3   2   2   4   1   1   4  14   6   0   1   2  0.22 0.15
  148 F    0 -1  1  0 -2  0  0 -1  2  0 -1 -1  0 -2  2  1  1 -2 -1  1    5   2   6   4   0   5   5   4   6   5   7   4   2   1   9  11  12   0   2  12  0.09 0.09
  149 C   -2 -4 -2 -4 11 -5 -5 -5 -4 -2 -3 -5 -4 -3 -4 -1 -2 -1 -4 -3    3   1   2   1  73   0   1   1   0   2   2   1   0   1   1   4   2   1   1   2  2.58 0.78
  150 P    0 -1  0  0  1  2  2  0  0 -1 -1  1 -1 -3  2  0  0 -3 -2  0    5   2   5   4   3  10  13   6   2   5   5   9   1   0  10   8   5   0   1   6  0.13 0.10
  151 S   -1  1 -1 -1 -2  1  2  0  0 -4 -4  2 -3 -4  4  1 -1 -4 -3 -3    5   8   2   2   1   7  14   7   2   0   1  12   0   0  21  14   2   0   0   2  0.42 0.25
  152 A    4 -3 -3 -4 -1 -3 -3 -2  2 -2 -3 -3 -1 -4  4  0 -2 -5 -3  0   44   1   1   1   1   1   0   2   6   1   2   1   1   0  21   7   2   0   1   7  0.73 0.38
  153 T   -1  0  2  0 -3 -2 -2 -1  0 -4 -3  0 -4 -4 -1  5  3 -5 -4 -3    2   5   8   4   0   0   1   3   2   1   2   4   0   1   3  42  20   0   0   2  0.63 0.38
  154 P    0  0 -1 -1 -3  0 -1  3 -1 -3 -2  0 -2 -3  2  2  1 -3 -3 -3    7   4   2   2   0   4   2  28   1   1   3   5   1   1  10  17  10   0   0   1  0.35 0.22
  155 A    0 -2 -2 -3 -3 -2 -2  1 -1  0  1 -1  0  1 -1  1  0  3  1  0   10   1   1   1   0   1   1  15   1   5  17   3   3   8   3  11   5   5   4   7  0.12 0.12
  156 Q   -4  0 -1 -3 -6  8  1 -1  4 -6 -4  1 -4 -6 -5 -2 -4 -6 -5 -4    1   3   2   1   0  63   6   4   9   0   1   7   0   0   0   2   0   0   0   1  1.54 0.67
  157 Y    0  0 -1 -2 -3 -1  0 -3 -2  1  2 -1  3 -1 -2 -1  0 -2  0  1    9   5   4   1   0   1   8   0   0   9  24   4   9   2   1   4   6   0   4  11  0.15 0.15
  158 A    4 -4 -3 -4 -2 -3 -4  2 -4  0 -1 -3  0 -1 -4  0  1  0 -3  1   38   0   0   0   0   0   0  17   0   6   7   0   2   2   0   6   9   1   0  10  0.45 0.31
  159 M   -1 -4 -5 -5 -3 -4 -5 -5 -3  3  2 -5  3  4 -4 -3 -1 -4 -1  4    6   0   0   0   0   0   0   0   1  18  15   0   7  16   0   1   3   0   2  30  0.68 0.34
  160 F   -3 -6 -6 -7 -2 -6 -6 -6 -5 -2  4 -6 -2  7 -6 -5 -4 -3  1 -1    2   0   0   0   1   0   0   0   0   0  41   0   0  46   0   1   1   0   3   5  1.45 0.58
  161 F   -5 -6 -6 -7 -6 -6 -6 -7 -3 -4 -1 -6 -3  7 -7 -4 -6 -2  8 -4    0   0   0   0   0   0   0   0   0   1   5   0   0  45   0   1   0   0  46   1  2.19 0.77
  162 G    0 -4 -4 -5  1 -4 -4 -1 -4  2  3 -4  1  2 -4 -1  0 -4 -2  2   10   0   0   0   3   0   0   6   0  13  30   0   2  11   0   4   7   0   0  13  0.39 0.25
  163 G    4 -4 -4 -4 -1 -4 -4  4 -5 -5 -6 -4 -5 -6 -4  4 -3 -6 -5 -3   34   0   0   0   1   0   0  34   0   0   0   0   0   0   0  29   0   0   0   1  1.13 0.54
  164 L   -5 -6 -7 -7 -5 -6 -6 -7 -6  2  6 -6  0  1 -6 -6 -4 -5 -4 -1    0   0   0   0   0   0   0   0   0  11  79   0   1   6   0   0   1   0   0   1  1.57 0.62
  165 Y   -2 -6 -6 -7 -3 -6 -6 -1 -3 -5 -1 -6 -5  0 -7 -5 -5 -2 10 -4    4   0   0   0   1   0   0   5   0   0   5   0   0   2   0   0   0   0  82   1  2.57 0.91
  166 L   -3 -5 -6 -6  0 -4 -5 -6 -4  1  5 -5  4  1 -6 -4  1 -4 -4 -1    1   0   0   0   2   1   0   0   0   8  61   0   9   7   0   1   8   0   0   3  1.03 0.47
  167 I   -2 -5 -4 -5 -2 -4 -5 -4 -5  5  2 -4  2 -2 -5 -3  2 -5 -4  4    3   0   0   0   0   0   0   1   0  30  15   1   4   1   0   1  14   0   0  31  0.79 0.39
  168 A    6 -5 -5 -4 -4 -4 -5 -2 -5 -2 -5 -4 -4 -6 -5  1 -2 -6 -5 -1   79   0   0   0   0   0   0   2   0   2   0   0   0   0   0  11   1   0   0   5  1.53 0.68
  169 L   -2 -5 -6 -6 -4 -5 -6 -6 -6  4  5 -5 -1  3 -6 -5 -4 -4 -3  2    2   0   0   0   0   0   0   0   0  20  49   0   0  12   0   0   0   0   0  15  1.04 0.45
  170 G   -1 -6 -5 -5 -7 -6 -6  8 -6 -8 -8 -6 -7 -7 -6 -4 -6 -7 -7 -7    5   0   0   0   0   0   0  95   0   0   0   0   0   0   0   0   0   0   0   0  2.50 0.84
  171 T    1 -3  2 -2 -1  1 -1 -1 -2 -1 -2 -3 -2 -4 -3  2  4 -4  1  0   13   0   8   1   1   8   3   3   1   3   3   0   0   0   0  17  29   0   4   5  0.39 0.30
  172 G    0 -6 -4 -5 -6 -6 -6  7 -6 -7 -7 -5 -6 -7 -6 -1 -5 -6 -7 -7    7   0   0   0   0   0   0  88   0   0   0   0   0   0   0   4   0   0   0   0  2.22 0.77
  173 G   -1 -6 -4 -5  2 -6 -6  7 -6 -7 -7 -5 -6 -6 -6 -3 -5 -6 -7 -4    5   0   0   0   4   0   0  89   0   0   0   0   0   0   0   1   0   0   0   1  2.24 0.78
  174 I   -3 -5 -4 -5 -4 -2 -5 -6  5  5  1 -4  0 -1 -4 -4  1 -4  2  2    1   0   0   0   0   1   0   0  16  37  13   0   2   1   1   0   9   0   8  10  0.82 0.41
  175 K   -5  4 -4 -4 -5  3 -2 -5 -4 -6 -6  7 -5 -7 -5 -4 -4 -1 -5 -6    0  21   0   0   0  10   1   0   0   0   0  64   0   0   0   0   1   1   0   0  1.68 0.68
  176 P    0 -6 -5 -5 -5 -5 -5 -1 -6 -7 -7 -5 -6 -7  8  2 -3 -7 -7 -5    7   0   0   0   0   0   0   4   0   0   0   0   0   0  73  14   1   0   0   1  2.18 0.79
  177 C    1 -6  4 -5 10 -5 -5 -5 -5 -4 -5 -5 -5 -6 -6  2 -1 -6 -6 -3    9   0  20   0  49   0   0   0   0   0   0   0   0   0   0  17   3   0   0   1  1.86 0.70
  178 V   -2 -5  0 -5 -4 -4 -5 -5 -5  4  2 -5  1 -2 -5 -1 -1 -5 -4  5    2   0   6   0   0   0   0   0   0  20  23   0   4   1   0   4   3   0   0  38  0.76 0.38
  179 S    1 -3 -3 -3 -3  2 -1 -3 -4  0  0 -2  1 -4  2  4 -1 -4 -4  0   11   0   0   0   0  12   3   0   0   5  10   0   4   0  11  35   3   0   0   5  0.45 0.34
  180 S    3 -4 -3 -4 -4 -4 -4  1 -4 -4 -5 -4 -3 -5  3  3  4 -6 -5 -3   30   0   0   0   0   0   0   9   0   0   0   0   0   0  12  24  24   0   0   1  0.82 0.46
  181 F   -6 -6 -6 -7 -6 -6 -7 -7  4 -1  0 -6  1  9 -7 -6 -6 -3  0 -4    0   0   0   0   0   0   0   0   9   4  10   0   3  73   0   0   0   0   1   0  2.15 0.75
  182 G   -1 -6 -4 -5 -2 -6 -6  7 -6 -7 -6 -5 -7 -7 -6 -3 -5 -7 -7 -7    5   0   0   0   1   0   0  92   0   0   0   0   0   0   0   1   0   0   0   0  2.35 0.80
  183 A    7 -5 -5 -5 -3 -4 -5 -2 -5 -5 -5 -4 -5 -6 -4  1 -1 -6 -6 -2   83   0   0   0   0   0   0   3   0   0   0   0   0   0   0   7   3   0   0   3  1.65 0.71
  184 D   -6 -6 -2  8 -8 -4  1 -5 -4 -7 -8 -5 -7 -6 -6 -4 -5 -8 -7 -6    0   0   0  90   0   0   7   1   0   0   0   0   0   0   0   0   0   0   0   0  2.59 0.89
  185 Q   -5 -3 -5 -5 -7  9 -3 -6 -3 -7 -7 -3 -5 -8 -6 -5 -5 -7 -6 -7    0   0   0   0   0  98   0   0   0   0   0   0   0   0   0   0   0   0   0   0  3.12 1.11
  186 F   -7 -7 -7 -8 -7 -6 -8 -8 -6 -4 -2 -7 -4  9 -8 -7 -7 -3  0 -5    0   0   0   0   0   0   0   0   0   0   3   0   0  95   0   0   0   0   2   0  3.10 0.97
  187 D   -5 -4  2  8 -7 -3 -1 -5 -4 -7 -8 -4 -7 -6 -5 -4 -5 -8 -7 -7    0   1   7  87   0   0   2   0   0   0   0   0   0   0   0   1   0   0   0   0  2.41 0.84
  188 D   -1 -3 -1  4 -6  0  5  1 -2 -4 -5 -2 -1 -5  1 -1 -3 -6 -4 -3    4   1   2  26   0   3  37   9   1   1   0   2   2   0   8   3   1   0   0   1  0.78 0.41
  189 T    0  0  2  1 -4  0  1  0  1 -3 -3  1 -3  1 -3  1  2 -4 -2 -3    7   6  11   8   0   4  11   6   3   0   1   8   0   7   0  13  14   0   1   0  0.23 0.19
  190 D   -4 -3  3  6 -6 -2  0 -3  4 -5 -6 -2 -5 -6 -4  0  2 -6 -3 -4    1   1  12  50   0   1   4   1   9   1   0   2   0   0   0   5  13   0   1   1  1.14 0.51
  191 S    0 -3 -3  0 -5 -2  2 -3 -2 -4 -3  0 -4 -5  7 -1 -2 -6 -4 -3    7   1   1   5   0   1  12   2   1   1   3   4   0   0  52   5   2   0   1   2  1.16 0.50
  192 R    0  2 -1 -1 -4  1  2 -1 -1 -3 -3  4 -2 -4 -2  1 -1 -5 -4  0    8   9   3   3   0   6  16   5   1   0   1  27   1   0   1   9   2   0   0   7  0.36 0.25
  193 E   -3 -3 -3  0 -7  1  7  2 -3 -6 -6 -3 -5 -6 -4 -3 -4 -6 -2 -3    1   1   1   3   0   5  70  14   0   0   0   0   0   0   0   1   0   0   1   2  1.52 0.66
  194 R    0  5 -2 -4  1 -1 -1 -2 -3 -3 -2  4 -1 -4 -3  0 -2 -5 -4 -3    8  36   1   0   3   2   3   3   0   1   4  25   1   0   1   8   1   0   0   1  0.70 0.39
  195 V    0  3  0 -2 -4  0  0 -2  1 -1 -2  4 -2 -3 -1  0  0 -5 -3  0    8  14   3   1   0   3   5   2   4   4   3  32   1   0   2   6   4   0   1   7  0.34 0.25
  196 R    1  2 -1 -2 -4  3 -1  1  2 -3 -2  2 -1 -4 -3  2 -1 -5 -2 -3   12  10   2   1   0  18   1  10   6   1   3  15   2   0   0  15   2   0   1   0  0.38 0.28
  197 K   -4  2 -4 -5 -6 -2 -3 -5 -4  1  0  6  5 -5 -5 -3 -3 -6 -5 -3    0  11   0   0   0   1   0   0   0   8   7  56  13   0   0   1   1   0   0   1  1.21 0.58
  198 A    1 -2  1 -2 -3 -1 -2  1 -3 -1  0 -2  2 -2 -3  3  0  3 -2  0   10   2   6   2   0   2   1  11   0   3   8   1   6   1   0  29   5   4   1   7  0.24 0.23
  199 S    1  0  0 -4 -4 -3 -4 -3 -1 -5 -4 -2 -5 -2 -4  6  1 -6 -1 -3    9   4   4   0   0   0   0   1   1   0   2   2   0   2   0  65   6   0   2   1  1.08 0.58
  200 F   -7 -7 -8 -8 -4 -8 -8 -8 -5 -4 -3 -8 -4  9 -8 -7 -7 -3  4 -5    0   0   0   0   0   0   0   0   0   0   1   0   0  88   0   0   0   0  11   0  2.96 0.96
  201 F   -7 -8 -8 -8 -7 -8 -8 -8 -6 -5 -3 -8 -5 10 -6 -7 -7 -4  1 -5    0   0   0   0   0   0   0   0   0   0   1   0   0  95   0   0   0   0   3   0  3.18 1.01
  202 N   -5 -5  9 -2 -2 -4 -5 -3 -3 -7 -8 -4 -5 -7 -6  2 -4 -8 -6 -7    0   0  83   1   1   0   0   1   0   0   0   0   0   0   0  13   0   0   0   0  2.42 0.90
  203 W   -4  0 -7 -8 -3 -6 -7 -5 -5 -5 -2 -6 -5 -1 -8 -5 -5 12  5 -5    2   5   0   0   1   0   0   1   0   0   4   0   0   2   0   1   1  68  15   1  3.19 1.00
  204 F   -3 -5 -7 -7 -5 -6 -6 -6 -3 -4 -2 -6 -4  7 -7 -4 -5  9  6 -5    3   0   0   0   0   0   0   0   0   0   4   0   0  39   0   1   0  27  24   0  2.11 0.74
  205 Y   -5 -5 -1 -6 -2 -5 -6 -6 -3 -2 -1 -5  3  4 -6 -4 -4 -1  8  0    0   0   3   0   1   0   0   0   0   1   5   0   7  18   0   1   1   0  55   6  1.68 0.66
  206 F   -4 -6 -6 -7  1 -5 -6 -5 -5 -1  2 -6  0  8 -7 -5 -4  0 -1 -1    1   0   0   0   3   0   0   1   0   3  18   0   2  64   0   1   1   1   1   4  1.69 0.63
  207 S    3 -4 -2 -4  5 -3 -4  1 -4 -3 -3 -4 -1  1 -4  3  2 -5 -3 -2   22   0   1   0  12   0   0   9   0   1   2   0   2   7   0  28  13   0   1   2  0.59 0.37
  208 I   -3 -4 -2 -5 -4 -3 -5 -5 -5  5  2 -4  4  2 -5 -2 -1 -4 -2  2    1   0   2   0   0   1   0   1   0  34  22   0   9  10   0   3   4   0   1  11  0.69 0.35
  209 N   -2 -4  5 -2  5 -3 -3 -1 -2 -2 -4 -3 -3  1 -4  2  2 -5 -2 -2    2   0  28   2  14   0   1   4   1   2   1   0   0   8   0  18  15   0   1   3  0.69 0.40
  210 I    0 -4 -4 -5  3 -4 -4 -2 -4  3  2 -4  1  3 -4 -1 -1 -4 -2  2    9   0   0   0   7   0   0   3   0  20  20   0   4  14   0   5   3   0   0  15  0.46 0.27
  211 G    1 -6 -4 -5 -4 -5 -6  7 -6 -7 -7 -5 -6 -7 -6 -1 -5 -6 -6 -3   13   0   0   0   0   0   0  80   0   0   0   0   0   0   0   3   0   0   0   2  1.94 0.71
  212 A    2 -3 -2 -3 -1 -1 -1  0 -3  1 -1 -2  2 -3 -2  3  2 -4 -4  0   21   0   1   0   1   2   3   7   0   8   5   1   6   1   1  25  13   0   0   5  0.32 0.26
  213 L   -2 -5 -5 -6 -2 -5 -5 -5 -5  2  5 -5  3  1 -5 -2 -2 -4 -4  0    4   0   0   0   0   0   0   0   0  10  62   0   7   5   0   4   3   0   0   4  0.99 0.45
  214 V   -2 -5 -5 -6 -2 -5 -5 -4 -5  4  2 -5  0  4 -5 -3  0 -4 -2  3    3   0   0   0   0   0   0   1   0  20  20   0   1  21   0   1   5   0   0  25  0.75 0.36
  215 S    5 -4 -3 -4 -3 -4 -4  0 -5 -5 -5 -4 -5 -6 -4  5  1 -6 -4 -4   43   0   0   0   0   0   0   8   0   0   0   0   0   0   0  39   8   0   0   0  1.12 0.57
  216 S    0 -3  2 -3 -3 -2 -2  0 -3  1  1 -3  0 -1 -4  1  0 -4 -2  3    5   1  11   0   0   1   1   9   0   5  15   0   2   2   0  13   7   0   1  27  0.26 0.23
  217 S   -4 -5 -4 -5 -5 -5 -5 -5 -5 -1  0 -5 -4 -3 -4  1  7 -3 -5 -2    0   0   0   0   0   0   0   0   0   3  10   0   0   1   0  10  72   0   0   2  1.56 0.71
  218 L    0 -5 -6 -6 -2 -5 -5 -3 -5  3  1 -5 -1  3 -5 -4 -3 -5 -3  5    7   0   0   0   1   0   0   3   0  16  14   0   1  13   0   0   0   0   0  45  0.88 0.42
  219 L   -3 -5 -5 -6 -4 -5 -6 -6 -6  3  5 -5  0 -1 -5 -4 -3 -5 -4  3    1   0   1   0   0   0   0   0   0  17  55   0   1   2   0   1   0   0   0  22  1.12 0.48
  220 V   -2 -6 -1 -4 -4 -5 -6 -3 -6  1 -3 -5 -3 -5 -6 -1 -2 -6 -5  7    2   0   4   1   0   0   0   3   0   7   1   0   0   0   0   6   2   0   0  76  1.50 0.64
  221 W   -7 -7 -5 -8 -7 -6 -7 -7 -4 -6 -6 -7 -6 -1 -8 -7 -6 10  9 -6    0   0   0   0   0   0   0   0   0   0   0   0   0   1   0   0   0  31  67   0  3.23 1.04
  222 I   -3 -6 -6 -6 -4 -6 -6 -7 -6  6  1 -6  0  1 -6 -5 -3 -5 -1  5    1   0   0   0   0   0   0   0   0  46   9   0   1   5   0   0   1   0   2  35  1.28 0.53
  223 Q   -5 -3 -4 -4 -7  9  3 -5 -4 -7 -7 -3 -4 -7 -6 -3 -5 -6 -6 -6    0   0   0   0   0  79  17   1   0   0   0   0   0   0   0   1   0   0   0   0  2.39 0.94
  224 E   -3 -4 -1  7 -6  0  2 -4 -4 -4 -6 -4 -1 -6 -5  0  0 -7 -6 -3    1   0   1  59   0   3  14   1   0   1   0   0   2   0   0   8   6   0   0   2  1.34 0.58
  225 N   -4 -1  7 -1 -6 -1  0 -3  4 -6 -6  1 -3 -3 -5  0 -1 -6 -2 -5    1   3  58   3   0   2   5   1   8   0   0   7   1   1   0   5   3   0   1   0  1.29 0.57
  226 R   -2 -3 -3 -4 -1 -2 -3  1 -1  2  1  0 -1 -1 -4 -2 -2 -2 -1  5    2   1   1   0   1   2   1  10   2   9  10   7   1   2   0   3   1   0   2  44  0.48 0.31
  227 G   -2 -2  1 -4 -5 -3 -4  6 -3 -5 -5 -2 -1 -5 -5  3 -3 -3 -5 -5    1   2   7   0   0   1   1  57   1   0   1   2   2   0   0  24   0   0   0   0  1.23 0.54
  228 W   -7  1 -8 -9 -7 -6 -7 -7 -7 -7 -6 -7  0 -1 -7 -7 -7 13 -1 -7    0   9   0   0   0   0   0   0   0   0   0   0   3   2   0   0   0  84   1   0  4.19 1.23
  229 G    2 -2 -2  1 -3  0 -1  4 -4 -3 -4 -2 -4 -5 -2  1  1 -2 -3 -1   17   2   0   7   0   4   3  35   0   1   1   2   0   0   2  10   8   1   1   6  0.48 0.29
  230 L   -2 -5 -6 -6 -2 -5 -5 -6 -6  2  4 -4  0  0 -5 -5 -4  9 -2  2    4   0   0   0   1   0   0   0   0  10  36   1   1   2   0   1   0  30   0  13  1.35 0.54
  231 G    1 -6 -4 -5 -6 -6 -6  7 -6 -7 -7 -5 -6 -7 -6 -2 -5 -6 -7 -7    9   0   0   0   0   0   0  87   0   0   0   0   0   0   0   3   0   0   0   0  2.20 0.78
  232 F   -5 -6 -6 -4 -2 -6 -6 -6 -4 -3  1 -6 -4  8 -6 -5 -4 -1  6 -4    0   0   0   1   1   0   0   0   0   1  12   0   0  57   0   0   1   0  25   0  1.91 0.70
  233 G    1 -6 -4 -5 -5 -5 -5  6 -5 -3 -3 -5 -4 -4 -5 -3 -2  5 -5 -3   13   0   0   0   0   0   0  68   0   2   3   0   0   0   0   1   2   7   0   2  1.50 0.60
  234 I    0 -6 -6 -6 -4 -6 -6 -5 -6  7  0 -6 -1 -3 -6 -4 -2 -6 -5  3    7   0   0   0   0   0   0   1   0  64   7   0   1   0   0   1   2   0   0  18  1.41 0.57
  235 P   -1 -5 -5 -5  5 -4 -5 -4 -4 -4  0 -4 -4 -5  7  3 -3 -6 -6 -4    5   0   0   0  10   0   0   1   0   0   8   0   0   0  50  23   0   0   0   0  1.46 0.63
  236 T    4 -4 -4 -5  4 -4 -4 -4 -5 -4 -2 -4  0 -5 -4  0  6 -4 -5 -2   34   0   0   0   9   0   0   0   0   0   3   0   2   0   0   5  44   0   0   2  1.13 0.57
  237 V    2 -4 -4 -5  1 -4 -4  1 -5  3  1 -4  0 -1 -4 -2 -1 -4 -3  3   23   0   0   0   3   0   0  11   0  20  14   0   2   3   0   1   2   0   0  20  0.46 0.29
  238 F    3 -4 -4 -4  3 -4 -4  1 -4 -1  1 -4 -1  2 -4  1 -1 -4 -3  1   30   0   0   0   7   0   0  11   0   1  13   0   1   9   0  12   3   0   0  13  0.41 0.29
  239 M    0 -5 -6 -6 -5 -5 -6 -4 -5  3  2 -5  9 -1 -6 -2 -3 -5 -5  0    9   0   0   0   0   0   0   1   0  15  14   0  51   2   0   3   1   0   0   5  1.48 0.63
  240 G    3 -4 -4 -5 -3 -4 -4  1 -4  1  2 -4 -1  3 -4 -2 -2 -4 -3  2   33   0   0   0   0   0   0  11   0   7  19   0   1  12   0   1   2   0   0  14  0.50 0.32
  241 L    0 -5 -5 -5  1 -4 -5 -3 -5  4  3 -4  1  1 -5 -3 -1 -4 -3  3   10   0   0   0   3   0   0   1   0  21  34   0   3   6   0   1   2   0   0  19  0.63 0.32
  242 A    5 -5 -4 -4 -2 -4 -4  2 -5 -5 -5 -4 -5 -5 -4  4 -2 -6 -4 -4   45   0   0   0   1   0   0  17   0   0   0   0   0   0   0  35   1   0   0   0  1.15 0.57
  243 I   -3 -5 -2 -6  3 -5 -5 -5 -5  4  4 -5  0  1 -5 -3 -1 -4 -3  2    1   0   2   0   6   0   0   0   0  25  39   0   1   4   0   2   4   0   1  14  0.78 0.37
  244 A    2 -4 -4 -5 -2 -4 -4 -2 -5  3  1 -4  0  0  0 -1 -1 -4 -3  3   20   0   0   0   1   0   0   4   0  19  14   0   2   4   4   4   2   0   0  27  0.47 0.29
  245 S    0 -4 -4 -5  1 -4 -4 -2 -5  3  2 -4  1  0 -4  1 -1 -4 -3  3    8   0   0   0   2   0   0   3   0  18  22   0   3   3   0  11   3   0   0  26  0.48 0.29
  246 F   -6 -7 -7 -8 -6 -7 -7 -7 -5 -3  1 -7 -4  9 -8 -7 -6 -3  1 -4    0   0   0   0   0   0   0   0   0   1  11   0   0  85   0   0   0   0   2   0  2.64 0.87
  247 F   -2 -5 -6 -6  0 -5 -5 -6 -5  1  4 -5  0  4 -5 -4 -2 -4  1  2    4   0   0   0   2   0   0   0   0   6  47   0   1  20   0   1   1   0   4  15  0.87 0.41
  248 F    3 -4 -4 -4  1 -3 -4 -1 -4  1  2 -4  3  0 -4  1 -2 -3 -2  1   26   0   0   0   3   0   0   3   0   9  21   0   8   4   0  13   1   0   0   9  0.39 0.28
  249 G   -1 -5 -4 -5 -2 -4 -6  7 -6 -8 -7 -5 -7 -7 -5 -3 -4 -7 -7 -7    4   0   0   0   1   0   0  92   0   0   0   0   0   0   0   1   1   0   0   0  2.35 0.81
  250 T   -2  1 -3 -4 -4 -4 -4 -4 -4 -1 -2 -1  0 -3 -4  3  6 -2  0 -2    2   6   0   0   0   0   0   0   0   4   3   3   2   1   0  19  52   0   4   2  0.94 0.52
  251 P   -2  4 -2 -4 -3 -2 -3 -4 -2 -4 -3  2 -4 -4  6  0 -2 -3 -4 -5    3  24   2   0   1   1   0   1   1   1   3  14   0   1  39   6   2   0   0   0  1.05 0.49
  252 L   -2  3 -2 -4 -2 -2 -3 -3 -3  1  2  0  2  3 -4 -2  1 -1  1  0    1  16   1   0   1   1   0   1   0   8  24   6   5  12   0   3  12   1   4   6  0.30 0.23
  253 Y   -7 -7 -7 -8 -4 -6 -7 -8 -3 -6 -6 -6 -6  0 -8 -7 -7 -3 10 -6    0   0   0   0   0   0   0   0   0   0   0   0   0   2   0   0   0   0  97   0  3.56 1.15
  254 R   -5  8 -4 -6 -7 -2 -4 -6 -5 -5 -6  0 -5 -7 -6 -5 -5 -7 -6  1    0  84   0   0   0   1   0   0   0   0   0   4   0   0   0   0   0   0   0  10  2.27 0.85
  255 F   -4  1  2 -5 -4 -2 -4 -5  7 -1 -3  0 -4  4 -6 -4 -3 -3  6 -3    0   8   9   0   0   1   0   0  24   4   1   6   0  17   0   1   2   0  25   2  1.07 0.50
  256 Q   -2  3 -1 -3 -4  4 -2 -4  0 -2 -2  4 -1  1 -3 -1 -3 -5 -1  1    1  14   3   1   0  18   1   0   2   1   4  30   1   7   0   3   0   0   1  11  0.55 0.35
  257 K   -2  2 -2 -3 -4  0 -1 -2 -3  0  0  4  0 -4  2 -2 -1 -5 -3  1    2  13   1   1   0   2   4   3   0   6   7  34   3   0   9   1   4   0   0  10  0.40 0.28
  258 P   -2 -4 -4 -1 -4 -3 -3 -4 -5 -5  0 -2 -4 -6  8 -2 -1 -7 -5 -2    3   1   1   4   0   1   1   1   0   0   8   3   0   0  66   3   4   0   0   3  1.65 0.66
  259 G    0  1 -1 -1  1  2  2  3 -1 -3 -3  0 -1 -4 -2  2  1 -4 -3 -1    6   6   1   2   3   8  13  22   1   0   1   5   2   0   1  14   9   0   0   5  0.26 0.21
  260 G   -3 -1 -3 -4 -4 -3 -2  7 -3 -6 -6  0 -6 -5 -5 -3 -4 -6 -6 -5    1   3   1   1   0   1   3  79   0   0   0   6   0   1   0   1   1   0   0   1  1.74 0.67
  261 S   -3 -5  4 -4 -5 -4 -4 -4 -3 -7 -7 -4 -6 -7 -5  7 -1 -7 -6 -6    0   0  16   0   0   0   0   0   0   0   0   0   0   0   0  79   2   0   0   0  1.85 0.81
  262 P    0 -6 -6 -6 -5 -5 -5 -5 -3 -1 -5 -5 -4 -7  8 -3 -3 -8 -7 -4    7   0   0   0   0   0   0   0   1   4   1   0   0   0  83   1   1   0   0   1  2.52 0.89
  263 I   -2 -5 -6 -7 -5 -5 -6 -6 -5  2  5 -6  0  6 -5 -5 -4 -3 -2  0    3   0   0   0   0   0   0   0   0  12  49   0   2  29   0   1   0   0   0   4  1.18 0.50
  264 T    0 -1 -3 -4 -4 -4 -4 -3 -4 -1 -1  1  0 -5 -2  0  6 -6 -5  1    6   3   0   0   0   0   0   1   0   3   6   7   2   0   2   6  53   0   0   9  0.84 0.48
  265 R   -3  6 -3 -2 -6  1 -1 -2  0 -5 -5  0 -3 -6  1  2  1 -6 -5 -4    1  51   1   2   0   7   3   3   2   0   0   2   1   0   6  13   7   0   0   1  0.98 0.49
  266 I   -2 -6 -6 -6 -4 -5 -6 -6 -6  6  1 -5  4  2 -6 -5 -3 -5 -3  3    2   0   0   0   0   0   0   0   0  45  12   0   9   9   0   0   1   0   0  21  1.13 0.48
  267 S    3 -3 -4 -5  5 -4 -4  1 -4  0  0 -4 -2  1 -4  0 -2  0 -3  1   32   1   0   0  14   0   0  13   0   6  11   0   0   6   0   6   1   1   0   8  0.49 0.31
  268 Q   -3  3 -2 -4 -5  8 -2 -5 -1 -7 -6  2 -2 -7 -5 -3 -3 -1 -5 -5    2  13   1   0   0  66   1   1   1   0   0  10   1   0   0   1   2   1   0   1  1.74 0.75
  269 V   -3 -7 -7 -7 -5 -6 -7 -7 -7 -1 -3 -6 -1 -5 -7 -6 -4 -7 -5  8    1   0   0   0   0   0   0   0   0   0   0   0   1   0   0   0   0   0   0  97  2.41 0.88
  270 V   -2 -5 -5 -6 -3 -5 -5 -5 -5  3  3 -5  0  5 -2 -4 -2 -3  1  2    4   0   0   0   0   0   0   0   0  16  27   0   2  25   2   1   2   0   3  17  0.74 0.36
  271 V    0 -5 -6 -6 -2 -5 -6 -5 -5  2 -1 -6 -2 -1 -6 -4 -3 -2 -4  7    7   0   0   0   1   0   0   0   0   7   3   0   1   3   0   1   1   1   0  75  1.50 0.62
  272 A    7 -5 -4 -6 -4 -5 -3 -3 -5 -4 -4 -4 -4 -6 -5 -1 -2 -6 -6  0   85   0   1   0   0   0   1   0   0   0   1   0   0   0   0   3   1   0   0   6  1.70 0.73
  273 S    7 -5 -5 -5 -2 -5 -4 -4 -5 -5 -5 -5 -5 -5 -5  2 -2 -6 -5 -3   82   0   0   0   1   0   0   0   0   0   0   0   0   0   0  13   2   0   0   1  1.70 0.73
  274 F    1 -4 -5 -5  1 -4 -5 -4 -4  3  0 -4  0  4 -5 -2  0  5  1  2   12   0   0   0   3   0   0   0   0  17   6   0   2  19   0   3   7   7   5  17  0.54 0.30
  275 R   -3  7 -3 -5 -2 -2 -3 -5  0 -6 -3  4 -3 -4 -5 -2 -2  0 -4 -4    2  62   1   0   1   1   0   0   2   0   3  21   0   1   0   2   2   1   0   1  1.52 0.64
  276 K   -4 -2  6 -4 -7 -3 -4 -5 -4 -7 -7  7 -6 -7 -5 -3 -4 -7 -6 -7    1   1  31   0   0   0   0   0   0   0   0  67   0   0   0   0   0   0   0   0  2.00 0.80
  277 S   -4  6 -5 -6  2 -1 -4 -4  0 -3 -3 -2 -2  0 -6 -2 -4  8 -1 -3    1  50   0   0   4   2   0   1   3   2   2   1   1   3   0   4   1  23   1   2  1.53 0.64
  278 S   -2  4  4 -1 -2  0 -2 -1  4 -5 -5  4 -3 -4 -4  0 -2 -6 -3 -5    2  24  17   3   1   2   0   5   9   0   0  26   0   0   0   6   1   0   1   0  0.76 0.40
  279 V    0 -4 -4 -4 -2 -1 -3 -4 -2  1  4 -3  1 -1 -4 -2  0 -4 -3  3    8   0   0   0   1   3   1   1   1   5  40   1   4   2   0   2   5   0   0  25  0.53 0.31
  280 K   -1  0  0  0 -1  2  2 -2  0 -2 -3  2 -3 -4  3  0  1 -4 -3 -1    5   5   3   4   1  11  13   2   2   2   2  15   0   0  15   7   8   0   0   6  0.30 0.21
  281 V   -1 -2 -2 -4  1 -1 -3 -4 -2  1  3 -3  2 -1  0 -2 -1 -3 -1  3    6   2   1   1   3   2   1   1   1   5  34   1   5   2   5   3   3   0   2  22  0.34 0.22
  282 P   -3 -4 -3 -5 -6 -3 -3 -4 -4 -5 -5 -4 -5 -6  8 -1 -1 -6 -6 -2    2   1   1   0   0   1   2   1   0   0   1   0   0   0  76   5   5   0   0   3  2.14 0.75
  283 E    1 -1  0  2 -1  0  2 -1  1 -3 -2 -1 -2 -3  0  3  0 -4 -2 -1   13   3   5  10   1   2  13   3   4   1   4   3   0   1   4  24   6   0   1   4  0.23 0.19
  284 D   -2 -2  3  6 -5  0  0 -1  0 -4 -5 -2 -4 -5 -3  0 -2 -5 -4 -4    2   1  16  51   0   3   5   3   2   1   1   2   0   0   1   7   2   0   0   1  1.04 0.45
  285 A    1 -3 -1 -1 -1 -1  0  1 -2 -2 -3  0 -2 -3  5  2  0 -4 -3 -1   13   1   2   2   1   1   5   9   1   2   2   5   1   1  26  20   4   0   0   3  0.47 0.27
  286 T    1 -1  0  1 -2 -1  1  0 -1 -2 -2  1 -2 -2 -2  3  0  0 -2 -2   11   2   3   9   1   2   9   6   2   2   4   8   0   2   1  30   4   2   1   3  0.23 0.20
  287 L   -1 -2 -2  1 -3  0  2 -1 -1  0  3 -1  2  0 -2 -1 -1 -3 -2  0    5   2   1   8   0   4  18   4   2   3  30   2   6   4   1   3   2   0   1   5  0.19 0.18
  288 L   -2 -5 -4 -3 -2 -3 -5 -4 -4 -1  6 -4  0 -1 -4 -3 -3 -3 -3 -1    3   0   1   1   1   1   1   1   0   1  78   0   1   2   1   2   2   0   1   3  1.23 0.52
  289 Y   -4 -3 -1 -3 -2 -2 -3 -5  6 -4 -2 -4 -2  2 -5 -3 -3 -1  8 -3    1   1   3   1   1   1   1   1  20   1   4   1   1   8   1   1   2   0  51   2  1.57 0.60
  290 E   -3 -1  0  2 -4  1  6 -2  0 -5 -5 -2 -3 -1 -3 -2 -3 -5 -2 -4    1   2   4  10   0   6  60   4   2   0   1   1   1   3   1   2   1   0   1   1  1.09 0.50
  291 T   -1 -2  0  0 -1 -2 -1 -1 -2  1  1 -2  1  0  0 -1  0 -3  0  2    4   2   6   7   1   1   3   5   1   9  16   1   4   3   5   3   8   0   3  19  0.08 0.10
  292 Q   -1  0  0  3 -3  1  1 -2  2 -2 -2  0 -2 -3  3  1 -1 -3 -1 -3    4   5   3  20   0   6  11   2   6   3   3   5   1   1  14  11   3   0   2   1  0.32 0.20
  293 D   -1 -1  0  3 -3  0  2  1  0 -2 -1 -1 -1 -3  1  0  0 -4 -3 -2    3   3   4  21   0   3  12  13   2   2   7   3   2   1   8   8   6   0   0   2  0.22 0.15
  294 K    0  0  0  1 -2  1  2  0  0 -2 -1  2 -2 -2  1  0  0 -1 -1 -2    8   5   2   8   0   5  13   5   3   2   7  18   1   1   6   7   4   1   2   2  0.15 0.12
  295 N   -1 -1  1  3 -4  0  3  0  2 -3 -3  1 -2 -3 -2  1 -1 -3 -1 -1    5   2   5  14   0   4  26   6   6   1   2   8   1   0   2   9   3   0   2   4  0.31 0.20
  296 S    1 -2  0  0  0 -1  0  0  0 -3 -3 -1 -3 -2  0  3  0 -3  3 -2   11   1   4   5   2   2   7   6   1   1   3   3   0   1   4  31   4   0  10   1  0.29 0.22
  297 A    3 -2 -1 -1 -1  0 -1  0 -1  0 -1 -1 -1 -3  1  2  1 -3 -2  0   26   1   3   3   1   4   3   7   1   5   7   2   1   1   7  14   7   0   1   5  0.17 0.14
  298 I    0 -1 -1 -1 -1  0 -1 -2  0  3  0  0  1 -1  0  0  0 -1 -2  1    7   3   3   4   1   4   4   3   2  26   4   8   3   2   4   7   7   1   0   8  0.09 0.11
  299 A    0  1  1 -1 -1  1  2 -1  0 -2 -2  2 -2 -2  0  1  0 -3 -2 -1    6   5   8   2   2   5  13   3   2   2   3  18   1   1   5  13   4   0   1   5  0.17 0.13
  300 G    0 -1 -1 -1 -1 -1  0  4  0 -2 -2  0 -1 -2 -1  0 -1 -2 -3 -1    6   3   3   3   1   3   6  40   2   2   4   5   1   1   3   8   4   1   1   4  0.37 0.19
  301 S    0  1  2  0 -2  0  0  0  1 -1 -3  2 -2 -2 -2  2  1 -3 -1 -1    6   7   9   4   0   3   3   8   3   5   1  12   0   1   1  21   9   0   2   4  0.16 0.14
  302 R   -2  5 -1 -2 -2  1  1  0  1 -3 -2  0 -2  1 -1  0 -1 -2  0 -3    2  34   2   1   1   8   8   8   3   1   5   3   1   6   4   7   3   0   2   2  0.37 0.24
  303 K   -3  4 -1 -3 -4  1 -1 -4 -1 -2 -1  5 -3 -2 -1 -2 -2 -5 -2 -4    1  23   3   0   0   4   2   0   1   3   6  44   0   2   4   2   2   0   1   1  0.81 0.41
  304 I   -3 -4 -5 -5 -3 -1 -4 -5 -1  4  4 -4  2 -2 -4 -4 -2 -4 -3  0    1   0   0   0   0   3   1   0   2  27  49   0   5   1   1   1   2   0   1   5  0.89 0.40
  305 E    1 -2 -2  1  1  2  1 -3  1 -2  1 -1 -1 -2  4 -1 -1 -4 -1 -1   11   2   1   8   3   9  10   1   4   1  15   2   1   1  19   4   2   0   2   3  0.25 0.19
  306 H   -4  1 -3 -4 -4 -3 -4 -2 10 -6 -4 -3 -5 -4 -1 -1 -5 -4  2 -5    1   6   1   0   0   1   0   4  68   0   2   1   0   0   4   4   0   0   5   1  2.19 0.77
  307 T   -3 -2 -4 -3 -5 -4 -4 -4 -5 -4 -5 -4 -4 -5 -4  3  7 -6 -5 -4    1   2   0   1   0   0   1   1   0   0   0   0   0   0   0  20  72   0   0   0  1.70 0.74
  308 D   -2 -2  4  4 -4  1  1 -2  2 -5 -4  2 -4 -4  1  0 -1 -5 -2 -4    1   1  18  26   0   6   8   1   5   0   1  11   0   0   8   8   3   0   2   0  0.56 0.31
  309 D   -3  1 -1  1 -5  6  2  1  0 -3 -5  0 -3 -4 -3  0 -1 -5 -4 -3    1   5   2   7   0  41  11  10   2   2   0   6   0   0   1   7   3   0   0   1  0.74 0.42
  310 C   -5 -6 -6 -5 -1 -6 -6 -6 -3 -1  3 -6  1  8 -6 -6 -5 -3  2 -3    0   0   0   1   2   0   0   0   0   2  30   0   3  55   0   0   0   0   5   0  1.64 0.62
  311 Q   -3  7 -3 -4 -6 -1 -1 -3 -2 -5 -4  3 -3 -6 -3  1 -1 -4 -5 -4    2  57   1   0   0   1   3   2   1   0   1  17   1   0   1   9   3   0   0   1  1.25 0.55
  312 Y   -5 -6 -7 -7  5 -7 -7 -7 -5 -3 -2 -5 -3  9 -7 -5 -6  4  0 -3    1   0   0   0  12   0   0   0   0   1   3   1   0  73   0   1   0   5   1   2  2.29 0.78
  313 L   -5 -6 -7 -7 -5 -6 -6 -7 -6 -2  6 -6 -1  2 -6 -6 -5 -5 -4 -2    0   0   0   0   0   0   0   0   0   1  88   0   1   8   0   0   0   0   0   1  1.83 0.70
  314 D   -3 -5  3  8 -7 -4 -2 -4 -5 -7 -7 -4 -7 -7 -5 -3 -4 -8 -7 -7    2   0  14  80   0   0   1   1   0   0   0   0   0   0   0   1   0   0   0   0  2.24 0.80
  315 K   -4  4 -3 -3 -7 -2 -3 -5 -1 -6 -6  7 -5 -7 -5 -4 -4 -7 -5 -6    0  18   1   1   0   0   0   1   1   0   0  76   0   0   0   0   0   0   0   0  1.96 0.76
  316 A    7 -5 -5 -6 -4 -5 -5 -3 -6 -5 -5 -5 -5 -6 -5 -2 -3 -6 -6 -4   95   0   0   0   0   0   0   1   0   0   0   0   0   0   0   1   1   0   0   0  2.12 0.83
  317 A    7 -5 -5 -4  2 -4 -4 -4 -5 -4 -1 -4 -1 -5 -3 -2 -2 -6 -5 -3   79   0   0   1   4   0   0   0   0   0   7   0   2   0   1   1   2   0   0   1  1.47 0.65
  318 V   -3 -5 -5 -5 -3 -4 -5 -6 -5  6  1 -5  1 -2 -4 -3  0 -5 -3  4    1   0   0   0   0   1   1   0   0  45   9   0   3   1   0   1   7   0   1  30  1.03 0.44
  319 I   -1  0 -3 -3 -3 -1 -1 -4 -2  3  0  2  1 -2 -2 -1 -1 -3 -3  4    6   4   1   1   0   2   4   0   1  19   6  13   4   0   2   3   2   0   0  30  0.34 0.23
  320 S    0 -1 -1  1 -3 -1  0 -2 -2 -1 -1 -1  0 -3  1  2  4 -4 -3  0    8   4   2   8   0   2   6   1   0   3   6   2   2   0   6  14  29   0   0   5  0.29 0.22
  321 E    0 -1  1  4 -2  0  3 -1 -1 -3 -3  0 -2 -4  2  0 -1 -3 -2 -3    6   2   5  23   1   4  20   3   1   1   2   5   1   1  12   6   4   0   1   2  0.41 0.22
  322 E    0 -1  0  1 -2  0  2  1 -1 -2 -2  0 -1 -3  1  1  0 -3 -1 -2    5   3   4   9   1   4  17  14   1   2   4   5   2   1   8  11   5   0   2   2  0.18 0.12
  323 E   -2 -2  0  5 -3  0  3  0 -1 -3 -2 -2 -1 -3 -1  1 -1 -4 -3 -3    3   1   4  37   0   4  16   6   1   1   3   1   2   1   3  11   2   0   1   2  0.58 0.29
  324 S    1  0  1  0  0  0  0  0  0 -1 -1  1  0 -1 -1  1  0 -2 -1 -1   11   2   9   6   2   4   6   8   2   4   7  10   2   2   2  11   5   0   2   4  0.05 0.05
  325 K    0  0  1  0 -2  1  3  0 -1 -1 -2  2 -1 -3  0  0  0 -3 -2 -1    6   3   6   5   0   4  21   7   1   3   4  13   1   1   5   8   4   0   1   6  0.16 0.12
  326 S    0 -1  1  3 -2  0  1  1  0 -2 -2  0 -2 -3  0  1  1 -3 -2 -2    8   2   6  16   1   2   8  11   2   2   3   7   1   1   4  14   8   0   1   2  0.17 0.12
  327 G    0 -1 -1  0  0  0  0  3 -2 -1 -2  0 -2 -2  1  1  0 -3 -2 -1    9   2   2   5   3   3   7  27   0   4   4   5   1   2   7  10   5   0   1   3  0.20 0.13
  328 D    0  0  2  1 -2  0  1  1 -1 -2 -2  1 -2 -3  0  1  0 -3 -3 -1    9   3   9   8   1   4  11  12   1   1   3   9   1   1   4  14   7   0   0   3  0.17 0.12
  329 Y    2  0  0 -1  0  0  0 -1  0  0 -1  0  0 -1  2  0  1 -2 -1 -1   20   4   3   2   3   5   4   2   2   5   4   7   2   3  12   7   9   0   2   4  0.13 0.10
  330 S    1  1  0 -2 -1  0 -1 -1  1 -1 -2  0  0 -2  3  1  1 -2 -1  0   10   9   4   1   1   5   3   4   3   2   3   6   2   1  16  12   9   0   1   7  0.19 0.12
  331 N   -2 -1  6  2 -4 -2 -2 -1  0 -3 -4 -1 -3 -4 -1  3 -1 -4 -2 -3    2   2  37  12   0   1   1   5   2   2   2   2   0   1   2  24   2   0   1   1  0.72 0.35
  332 S   -2  0 -2 -3 -4 -1 -2 -3 -2 -4 -2  1 -3 -4  7  0 -2 -4 -4 -4    3   5   1   1   0   3   2   2   1   1   5   7   0   1  56   8   1   0   0   1  1.29 0.48
  333 W   -3 -4 -5 -5 -5 -3 -5 -5 -4 -4 -4 -5 -3 -3 -5 -4 -4 13 -2 -4    2   1   1   1   0   1   1   1   0   1   2   1   1   1   1   2   1  82   0   1  3.75 1.00
  334 R   -2  6 -1 -3 -3 -1 -2 -3 -1 -2 -2  3  1 -4 -3  0 -1 -4 -2 -3    2  47   3   1   1   2   2   1   1   2   4  17   4   1   1   6   3   0   1   1  0.83 0.38
  335 L   -3 -4 -5 -5 -2 -1 -3 -5 -5  1  6 -4 -1 -3 -2 -4 -3 -4 -4  0    2   1   1   0   1   3   1   1   0   5  74   1   0   0   2   1   1   0   0   6  1.16 0.49
  336 C   -1 -6 -4 -7 11 -6 -7 -6 -7 -5 -5 -6 -6 -4 -6  1 -4 -6 -4 -4    6   0   1   0  78   0   0   0   0   0   1   0   0   1   0  11   1   0   1   1  3.07 0.95
  337 T   -3 -1 -1 -4 -5 -4 -4 -5 -5 -4 -5 -3 -5 -6  0  3  7 -6 -5 -3    1   3   2   0   0   0   0   0   0   0   0   1   0   0   4  19  68   0   0   1  1.55 0.71
  338 V   -3 -4 -6 -4 -4 -5 -6 -5 -6  2  0 -5  0 -3 -4 -4 -3 -6 -5  7    1   1   0   1   0   0   0   1   0   9   8   0   2   1   1   1   1   0   0  74  1.47 0.61
  339 T   -2 -2 -1 -3 -5  3 -3 -3  2 -5 -5 -2 -3 -5 -5  1  7 -6 -4 -4    2   2   3   1   0  12   1   1   5   0   0   2   0   0   0   9  61   0   0   0  1.24 0.61
  340 Q   -5  2 -3  1 -7  8  2 -4 -1 -7 -6 -1 -5 -7 -5 -4 -4 -6 -5 -6    0   8   0   8   0  67  10   1   1   0   0   3   0   0   0   0   0   0   0   0  1.78 0.75
  341 V   -4 -7 -7 -7 -5 -6 -7 -7 -7  0 -3 -6 -3 -4 -6 -6 -4 -7 -5  8    0   0   0   0   0   0   0   0   0   4   1   0   0   0   0   0   0   0   0  94  2.30 0.84
  342 E   -5 -4 -4 -2 -8 -1  8 -6 -4 -7 -7 -2 -6 -7 -5 -4 -5 -7 -6 -7    0   0   0   1   0   1  95   0   0   0   0   1   0   0   0   0   0   0   0   0  2.53 0.94
  343 E   -5 -3 -2  0 -8  1  8 -3 -3 -7 -7 -3 -6 -7 -5 -4 -4 -7 -6 -6    0   1   2   4   0   4  85   2   0   0   0   0   0   0   0   0   0   0   0   0  2.10 0.83
  344 L    2 -5 -4 -5 -4 -5 -5 -4 -5 -1  3 -5  0 -1 -5 -3  2 -5 -4  5   17   0   1   0   0   0   0   1   0   0  24   0   1   2   0   0  12   0   0  41  0.80 0.44
  345 K   -3 -2 -5 -5 -7 -3 -4 -6 -5 -7 -7  8 -4 -8 -5 -5 -4 -7 -6 -7    2   0   0   0   0   0   0   0   0   0   0  97   0   0   0   0   1   0   0   0  2.60 0.95
  346 I    0 -3 -4 -5  6  1 -4 -4 -5  4  1 -4  3 -3 -5  1 -1 -5 -4 -1    9   1   0   0  19   8   0   1   0  23  14   0   9   0   0  11   3   0   0   2  0.65 0.37
  347 L   -4 -5 -6 -6 -4 -5 -6 -6 -6  4  4 -5  3 -1 -6 -5 -4 -4 -4  4    0   0   0   0   0   0   0   0   0  21  35   0   8   2   0   0   0   0   0  34  1.08 0.47
  348 I   -1 -4 -6 -6 -4 -4 -5 -6 -6  4  4 -5  1 -1 -5 -5 -3 -5 -4  3    6   1   0   0   0   0   0   0   0  22  48   0   3   2   0   0   1   0   0  16  0.94 0.43
  349 R   -3  7 -1 -5 -3 -2 -4 -1 -3 -6 -5  3 -3 -6 -5 -1 -4 -6 -5 -6    2  68   3   0   1   0   0   5   0   0   1  14   1   0   0   5   0   0   0   0  1.64 0.67
  350 M   -4 -5 -6 -7 -5 -5 -6 -7 -6  2  4 -5  8 -3 -6 -5 -2 -5 -4  2    0   0   0   0   0   0   0   0   0  10  38   0  37   0   0   0   3   0   0  11  1.42 0.59
  351 F   -3 -5 -6 -6 -2 -5 -6 -3 -5  4  4 -5  1  3 -6 -3 -3 -4 -3  2    1   0   0   0   1   0   0   2   0  20  46   0   3  13   0   1   1   0   0  13  0.88 0.41
  352 P   -4 -7 -7 -6 -7 -5 -6 -5 -6 -7 -6 -6 -4 -6  9 -4 -5 -8 -8 -6    1   0   0   0   0   0   0   1   0   0   1   0   1   0  94   1   0   0   0   0  3.15 1.04
  353 I   -4 -6 -7 -7 -5 -6 -6 -7 -7  7 -1 -6 -1 -4 -6 -5 -1 -6 -5  4    0   0   0   0   0   0   0   0   0  69   4   0   1   0   0   1   3   0   0  22  1.75 0.66
  354 W   -6 -7 -8 -8 -2 -7 -7 -6 -7 -3 -1 -7 -2  3 -4 -5 -6 12 -3 -6    0   0   0   0   1   0   0   1   0   2   6   0   1  11   1   1   0  75   0   0  3.56 1.08
  355 A    4 -4 -4 -5  1 -4 -4 -3 -4  1  2 -4  0  0 -3  1 -1 -3 -4  1   45   0   0   0   2   0   0   1   0   6  21   0   2   4   0   8   2   0   0   7  0.60 0.37
  356 S    1 -5 -4 -5  7 -4 -4 -4 -5 -3 -3 -3 -4 -4 -4  3  5 -6 -5 -2   12   0   0   0  20   0   0   0   0   1   1   1   0   1   0  24  37   0   0   2  1.13 0.55
  357 G   -1 -5 -2 -4  5 -4 -4  3 -5 -2 -2 -4  1 -2 -4  1  5 -5 -4 -2    4   0   1   0  12   0   0  19   0   2   3   0   3   2   0  10  42   0   0   1  0.86 0.46
  358 I   -3 -6 -6 -6 -2 -6 -6 -7 -6  7  3 -6 -1  1 -6 -5 -4 -5 -4  2    2   0   0   0   1   0   0   0   0  58  21   0   1   5   0   0   0   0   0  11  1.35 0.54
  359 I   -1 -5 -5 -6 -3 -5 -5 -4 -5  4  2 -5  4  1 -1 -4 -2 -2 -3  3    4   0   0   0   0   0   0   1   0  28  18   0  13   7   3   0   1   0   0  24  0.78 0.38
  360 F   -4 -5 -5 -6 -2 -5 -6 -6 -3 -2  1 -5  2  7  2 -2 -4 -3  5 -2    1   0   0   0   1   0   0   0   0   1  12   0   6  41   9   3   0   0  22   3  1.24 0.53
  361 S    2 -3  2 -3  0 -2 -3  0  0 -1 -3 -3 -3  2 -4  3  0  5  2 -2   15   1  12   0   2   1   0   6   2   3   1   0   0   8   0  27   5  10   7   2  0.48 0.33
  362 A    2 -4 -3 -5  2 -4 -4 -4 -3  2 -1 -4  1 -4 -4 -1  5 -5 -4  3   17   0   1   0   4   0   0   0   1  13   3   0   3   0   0   3  34   0   0  21  0.71 0.41
  363 V    2 -5 -5 -5  5 -4 -4 -3 -5  2 -1 -4  1 -3 -1 -1 -1 -5 -4  5   18   0   0   0  11   0   1   1   0   9   4   0   4   1   3   5   3   0   0  41  0.71 0.39
  364 Y   -2 -4 -2 -4 -2 -2 -3 -4  0  1  2 -4  1  4 -3 -1 -1  3  5  0    3   0   1   0   1   2   1   1   3   7  21   0   3  17   1   5   5   3  22   5  0.51 0.29
  365 A    5 -4 -3 -4 -3 -3 -3 -1 -5 -2 -4 -4 -3 -5 -4  2  2 -6 -5  0   55   0   1   0   0   1   0   3   0   2   1   0   0   0   0  17  13   0   0   6  0.94 0.50
  366 Q   -5 -4 -3 -5 -5  9 -1 -6  2 -7 -6 -3 -5 -5 -6 -5 -5 -6 -6 -5    0   0   1   0   0  90   2   0   4   0   1   0   0   0   0   0   0   0   0   1  2.71 1.02
  367 M   -2 -4 -1 -4 -3  2 -3 -4 -4  0  2 -4  7  0 -4  0  0 -1 -1  1    2   0   3   0   0   9   1   1   0   5  18   0  32   3   0   7   7   1   2   8  0.65 0.39
  368 S    1 -3  2 -3 -4  2 -2  0  2 -2 -2 -2 -2 -2 -1  3  2 -5 -2 -3   10   0  10   0   0  11   0   8   5   3   4   0   1   2   3  30  11   0   1   1  0.37 0.30
  369 T   -4 -5 -2 -5 -5 -4 -5 -5 -5 -5 -5 -5 -5 -6 -3  3  7 -6 -6 -4    0   0   2   0   0   0   0   0   0   0   0   0   0   0   1  20  76   0   0   0  1.94 0.81
  370 M   -4 -5 -6 -6 -5 -5 -6 -6 -4 -2  3 -5  2  7 -6 -4  2 -3  3 -2    0   0   0   0   0   0   0   0   0   1  26   0   4  45   0   0  13   0   7   3  1.27 0.54
  371 F   -2 -5 -4 -6 -5 -5 -5 -5 -5 -3 -2 -5 -2  8 -6  3  0 -3 -1 -1    3   0   1   0   0   0   0   0   0   1   3   0   1  57   0  23   6   0   1   4  1.46 0.62
  372 V   -4 -6 -6 -6 -4 -5 -6 -6 -6  4  0 -5 -2 -4 -5 -4  2 -6 -5  6    0   0   0   0   0   0   0   0   0  25   6   0   0   0   0   0  12   0   0  56  1.32 0.56
  373 Q   -3 -1 -2 -3 -5  4  4 -4 -2 -4 -1  4 -3  0 -4  0 -3 -5 -3 -2    1   2   1   0   0  21  27   0   0   0   7  25   0   4   0   6   0   0   0   3  0.73 0.43
  374 Q   -6 -4 -5 -5 -8  9 -3 -7 -4 -8 -7 -3 -5 -8 -6 -3 -5 -7 -6 -6    0   0   0   0   0  98   0   0   0   0   0   0   0   0   0   1   0   0   0   0  3.11 1.13
  375 G    4 -6 -4 -5 -5 -5 -5  6 -5 -6 -6 -5 -6 -6 -5 -1 -4 -6 -6 -5   34   0   0   0   0   0   0  61   0   0   0   0   0   0   0   3   1   0   0   0  1.64 0.66
  376 R    2  0  0  0 -3 -1 -2 -2 -3 -1  0 -1  3 -2 -3  1  3 -3 -1  0   19   6   4   5   0   2   2   1   0   2   8   2  10   1   0  13  18   0   2   5  0.22 0.22
  377 A    2 -3 -3 -4 -3  1 -3 -4 -4 -2 -3 -1 -1 -3 -4  0  6 -6 -4  1   17   1   0   0   0   7   0   0   0   2   2   3   1   1   0   5  52   0   0   9  0.91 0.51
  378 M   -5 -6 -6 -7 -6 -5 -6 -7 -6 -3  2 -6 10 -4 -7 -1 -2 -6 -5 -3    0   0   0   0   0   0   0   0   0   0  17   0  74   0   0   5   2   0   0   1  2.53 0.92
  379 N   -5 -2  4  7 -7 -3  0 -4 -3 -4 -7 -1 -6 -7 -5 -4 -4 -8 -6 -5    0   2  20  66   0   0   5   0   0   1   0   4   0   0   0   0   0   0   0   1  1.80 0.70
  380 C   -3  7  1 -4 -1 -1 -4 -3 -3 -5 -3 -1 -2 -6 -3 -2  3 -6 -5 -4    2  55   7   0   1   1   0   1   0   0   3   2   1   0   1   1  22   0   0   0  1.24 0.58
  381 K   -2  4  1 -3 -4 -1 -2 -3  6 -5 -5  2 -4 -5 -4  2  1 -2 -1 -4    2  25   7   1   0   2   0   1  21   0   0  14   0   0   0  15   9   0   1   0  0.78 0.42
  382 I   -4 -5 -6 -6 -4 -5 -5 -7 -6  5  3 -5  3  0 -5 -5 -3 -5 -4  3    0   0   0   0   0   0   0   0   0  39  27   0   7   3   0   0   0   0   0  22  1.13 0.48
  383 G   -2 -4 -2 -4 -4 -4 -4  6 -3 -5 -3 -4 -3 -4 -2  1  1 -2 -3 -5    3   1   2   0   0   0   1  66   1   0   3   0   1   1   3  11   8   1   1   0  1.26 0.54
  384 S   -2  0  3 -2 -5 -2 -3  2  4 -6 -5  1 -4 -5 -1  4 -1 -6 -4 -5    2   5  15   1   0   1   0  16  10   0   1   7   0   0   2  37   2   0   0   0  0.72 0.42
  385 F   -6 -7 -7 -8 -6 -7 -7 -8 -6 -3  1 -7 -3  9 -8 -7 -6 -3 -1 -1    0   0   0   0   0   0   0   0   0   1  13   0   0  81   0   0   0   0   1   4  2.50 0.85
  386 Q   -1  1  0  0 -5  3  3 -4  4 -3 -3  3 -3 -5 -2  0  0 -3 -2 -2    3   5   3   5   0  17  17   0   9   1   3  21   0   0   1   5   6   0   1   2  0.46 0.30
  387 L   -4 -6 -7 -7 -5 -6 -7 -7 -7  7  0 -6  0 -1 -6 -6 -3 -6 -5  4    0   0   0   0   0   0   0   0   0  64   8   0   1   2   0   0   1   0   0  23  1.65 0.63
  388 P   -5 -7 -7 -6 -8 -5 -5 -7 -7 -8 -7 -6 -7 -9  9 -3 -5 -9 -8 -7    0   0   0   0   0   0   0   0   0   0   0   0   0   0  97   2   0   0   0   0  3.32 1.09
  389 P    4 -5 -5 -5 -5 -3 -4 -2 -6 -5 -6 -5 -5 -7  7 -1 -4 -7 -6 -2   38   0   0   0   0   1   0   2   0   0   0   0   0   0  51   5   0   0   0   3  1.68 0.69
  390 A    7 -5 -5 -6 -4 -4 -5  2 -6 -5 -6 -5 -5 -6 -2 -1 -2 -6 -6 -4   82   0   0   0   0   0   0  12   0   0   0   0   0   0   2   2   1   0   0   0  1.70 0.73
  391 A   -1 -5 -3 -5  1 -4 -4 -4 -5 -6 -6 -4 -5 -7 -5  7  1 -7 -6 -5    3   0   0   0   3   0   0   1   0   0   0   0   0   0   0  86   6   0   0   0  1.94 0.84
  392 L   -5 -5 -6 -7 -5 -5 -6 -7 -5  1  5 -5  6  1 -6 -4 -4 -4  0 -1    0   0   0   0   0   0   0   0   0   6  58   0  22   6   0   1   0   0   3   3  1.31 0.56
  393 G    0 -3 -1 -2 -4  3 -2  0 -3 -1 -2 -3 -3 -1  3  3  2 -1 -1 -2    6   0   2   1   0  16   0   5   0   3   3   0   0   2  13  27  14   1   2   3  0.44 0.33
  394 T    2 -4 -3 -4  0 -4 -4 -2 -4  2 -1 -4 -1 -2 -4  3  1 -5 -4  4   15   0   1   0   2   0   0   3   0  13   4   0   1   1   0  22   9   0   0  28  0.51 0.34
  395 F   -4 -7 -6 -7 -4 -7 -7 -7 -6  2  0 -7 -3  9 -7 -5 -6 -3 -1 -1    1   0   0   0   0   0   0   0   0  13   6   0   0  75   0   1   0   0   0   4  2.18 0.77
  396 D   -1 -3  0  3 -2 -1  0 -2 -2  1 -1 -3 -2  1  3  1  0 -4 -2  1    4   0   3  20   0   2   6   3   1  11   5   0   0   6  14  10   5   0   1  10  0.26 0.21
  397 T    0 -4 -1 -4  0 -3 -3 -1 -2  3  0 -3  3  0 -2  0  2 -4  0  3    6   0   2   0   2   1   0   6   1  15   6   0   8   3   1   5  17   0   3  24  0.32 0.24
  398 A   -1 -5 -5 -6 -1 -5 -5 -1 -5  4  4 -5  0  0 -5 -3 -2 -5 -4  2    5   0   0   0   1   0   0   6   0  26  41   0   1   3   0   1   2   0   0  13  0.74 0.37
  399 S    2 -4 -2 -4  1 -4 -4 -1 -4 -2 -4 -4  0  3 -4  4  3 -5 -3 -3   14   0   2   0   3   0   0   5   0   2   0   0   2  12   0  38  21   0   0   1  0.71 0.44
  400 V   -2 -5 -6 -6 -4 -3 -5 -5 -6  5  1 -5  6 -3 -5 -4 -1 -5 -4  4    2   0   0   0   0   1   0   0   0  31  13   0  19   1   0   0   4   0   0  29  1.07 0.48
  401 I    0 -5 -5 -5 -1 -4 -5 -4 -5  3  4 -5  3  0 -5 -3  1 -4 -3  2    6   0   0   0   1   0   0   1   0  20  40   0   7   4   0   1   8   0   0  11  0.68 0.35
  402 I    0 -5 -5 -5 -2 -5 -5 -5 -5  4  3 -5  0  2 -5 -3  0 -4 -3  3    9   0   0   0   1   0   0   0   0  29  28   0   1   9   0   1   5   0   0  17  0.70 0.35
  403 W   -1 -5 -4 -5  3 -5 -5 -3 -5  0  1 -5 -2  4 -5  1  2  8 -2 -2    4   0   0   0   6   0   0   2   0   4  16   0   1  20   0  11  13  20   0   2  0.88 0.44
  404 V    0 -5 -6 -6 -3 -5 -5 -6 -6  4  2 -5  0 -3 -5 -4  0 -6 -4  5    6   0   0   0   0   0   0   0   0  27  16   0   2   0   0   0   6   0   0  42  1.00 0.46
  405 P    0 -6 -6 -5 -6 -5 -5 -2 -6 -2 -2 -5 -3  1  7 -2 -2 -6 -5  0    9   0   0   0   0   0   0   3   0   3   4   0   1   7  62   3   2   0   0   8  1.58 0.64
  406 L   -2 -5 -6 -6 -3 -5 -6 -6 -6  5  3 -5  1  2 -6 -4 -2 -5 -3  3    4   0   0   0   0   0   0   0   0  38  28   0   3   9   0   0   2   0   0  16  0.96 0.43
  407 Y   -7 -6 -2 -8 -6 -4 -7 -8 -2 -6 -6 -7 -4 -1 -8 -5 -6 -3 10 -5    0   0   2   0   0   1   0   0   1   0   0   0   0   1   0   0   0   0  94   1  3.32 1.10
  408 D   -5  1  0  7 -7 -3  3 -4 -3 -7 -7 -4 -6 -7 -5 -3 -5 -7 -2 -7    0   8   3  70   0   0  15   1   0   0   0   0   0   0   0   1   0   0   2   0  1.83 0.71
  409 R   -2  7 -3 -5  0  0 -3 -5  2 -3 -4  2 -5 -2 -5 -1 -2 -2 -3 -4    3  63   0   0   2   4   0   0   5   1   1  10   0   2   0   3   3   1   1   1  1.35 0.59
  410 F    0 -5 -5 -6 -1 -4 -5 -5 -4  4  2 -4  0  2 -5 -4 -2 -2  0  4    8   0   0   0   1   0   0   0   0  26  20   0   1   9   0   0   2   1   4  28  0.71 0.35
  411 I   -4 -6 -6 -6 -2 -6 -6 -6 -5  4  4 -6  0  6 -6 -4 -4 -4 -2  1    1   0   0   0   1   0   0   0   0  23  34   0   1  31   0   1   1   0   0   9  1.13 0.48
  412 V   -2 -6 -6 -2  0 -6 -5 -7 -6  2 -1 -6  2 -4 -6 -5 -3 -6 -5  7    2   0   0   3   2   0   1   0   0  10   2   0   5   0   0   0   1   0   0  74  1.55 0.64
  413 P   -5 -2 -6 -6 -7 -6 -6 -6 -7 -7 -7 -1 -7 -8  9 -5 -5 -8 -7 -7    0   2   0   0   0   0   0   0   0   0   0   3   0   0  93   0   0   0   0   0  3.12 1.03
  414 L    1 -3 -4 -5 -3 -4 -5 -5 -4  3  3 -4  1  4 -5 -2 -2  0  0  2   11   1   0   0   0   0   0   0   0  20  27   0   2  19   0   3   2   1   2  11  0.57 0.30
  415 A    5 -5 -4 -5  0 -4 -4 -3 -5 -1  2 -4  3 -2 -4 -2 -1  0 -2  1   49   0   0   0   2   0   0   1   0   3  18   0   7   1   0   2   3   1   1  11  0.74 0.43
  416 R   -1  8 -4 -5 -5  0 -4 -2 -3 -6 -5  0 -5 -6 -6 -2 -3 -7 -6 -5    5  78   0   0   0   3   0   3   0   0   0   4   0   0   0   3   1   0   0   1  1.90 0.74
  417 K   -1  6 -2 -4 -5 -2 -3 -3 -1 -5 -4  5 -4 -6 -4 -1 -2 -4 -5 -4    4  46   1   0   0   1   0   2   1   1   1  34   0   0   0   5   2   0   0   1  1.28 0.57
  418 F   -1 -2 -4 -5 -1 -4 -5 -5 -1  3  2 -3 -1  5 -5 -4 -3  1  2  2    5   3   0   0   1   0   0   0   1  17  23   2   0  25   0   1   1   2   7  12  0.60 0.31
  419 T   -4 -3 -2 -5 -5 -5 -5 -6 -6 -3 -3 -2 -3 -2 -5  1  8 -5 -5 -4    0   1   1   0   0   0   0   0   0   1   2   3   1   2   0   7  81   0   0   0  1.87 0.80
  420 G   -2  1 -1 -4 -6 -3 -4  6 -1 -6 -5  3 -5 -6 -4 -3 -4 -6 -6 -6    2   7   3   0   0   1   0  62   2   0   1  20   0   0   0   1   1   0   0   0  1.36 0.57
  421 V   -3  2  5 -1 -5 -1 -1 -2  5 -1 -2  3 -3 -5 -4 -1 -1 -5 -3 -2    1  11  29   3   0   2   2   2  14   4   4  17   0   0   0   4   4   0   0   2  0.63 0.36
  422 D   -2 -1 -2  1 -6 -1  4 -3  0 -5 -6 -1 -5 -6  6  0 -3 -6 -5 -4    3   3   1   8   0   3  24   2   3   0   0   3   0   0  43   5   1   0   0   1  1.14 0.51
  423 K   -1  5  0 -3 -2  1 -2  0  2 -4 -4  1  1 -4 -4  2  0 -5 -3 -3    5  33   4   1   1   7   2   8   4   0   0   8   4   1   0  16   5   0   0   1  0.54 0.32
  424 G   -3 -6 -4 -5 -6 -6 -2  8 -6 -7 -6 -5 -7 -7 -5 -4 -6 -6 -7 -7    1   0   0   0   0   0   3  94   0   0   1   0   0   0   1   0   0   0   0   0  2.43 0.83
  425 F   -3 -6 -6 -6 -5 -6 -6 -7 -6  6  2 -6  0  3  0 -5 -4 -5 -3  0    2   0   0   0   0   0   0   0   0  56  19   0   1  14   5   0   0   0   0   3  1.28 0.54
  426 T   -4 -2 -2 -5 -5 -4 -5 -5 -5 -5 -5 -3 -5 -6 -3  4  7 -7 -6 -4    0   2   1   0   0   0   0   0   0   0   0   1   0   0   1  25  69   0   0   0  1.76 0.78
  427 E   -3 -3 -1 -2 -1  3  2 -4  3  0  1 -2  4 -1  2 -1 -1 -4  0 -1    0   0   2   1   1  15  14   1   9   6  14   0  11   2   9   5   3   0   3   4  0.31 0.26
  428 I   -4 -6 -7 -8 -3 -6 -7 -8 -7 -2  7 -6 -2 -2 -5 -6 -4 -3 -5 -3    1   0   0   0   0   0   0   0   0   1  95   0   0   1   1   0   1   0   0   0  1.99 0.76
  429 Q   -4 -2 -5 -5 -8  9 -2 -6  1 -7 -5 -1 -4 -8 -6 -4 -4 -7 -6 -6    1   2   0   0   0  89   1   0   3   0   1   2   0   0   0   1   1   0   0   0  2.61 1.01
  430 R   -5  9 -5 -6 -8 -3 -5 -7 -4 -8 -6 -1 -6 -8 -7 -5 -6 -7 -6 -7    0  96   0   0   0   0   0   0   0   0   0   2   0   0   0   0   0   0   0   0  2.86 0.99
  431 M   -4 -6 -6 -6 -4 -2 -6 -7 -6  6  0 -6  7 -3 -6 -4 -3 -6 -5  1    0   0   0   0   0   2   0   0   0  50   6   0  32   0   0   1   1   0   0   7  1.66 0.66
  432 G   -1 -6 -4 -5 -6 -6 -6  7 -6 -8 -8 -6 -7 -3 -6 -2 -5 -5 -7 -7    4   0   0   0   0   0   0  92   0   0   0   0   0   1   0   2   0   0   0   0  2.36 0.82
  433 I    0 -5 -5 -6 -4 -5 -5 -5 -6  6 -1 -5 -2  0 -5 -3  2 -5 -4  4    7   0   0   0   0   0   0   1   0  46   3   0   0   3   0   1  12   0   0  26  1.06 0.49
  434 G   -4 -7 -5 -6 -7 -6 -6  8 -6 -8 -8 -6 -7 -8 -7 -5 -6 -7 -7 -8    0   0   0   0   0   0   0  99   0   0   0   0   0   0   0   0   0   0   0   0  2.73 0.91
  435 L   -4 -1 -4 -6 -3 -2 -6 -6 -3  2  5 -5  5  2 -6 -5 -4 -5 -3 -2    0   4   1   0   0   2   0   0   1  10  60   0  14   7   0   0   0   0   0   1  1.13 0.51
  436 F    2 -5 -5 -6 -2 -5 -5 -4 -5  2  0 -5 -2  5 -5 -2 -2 -4 -2  4   18   0   0   0   1   0   0   1   0   9   8   0   0  24   0   2   2   0   0  35  0.80 0.41
  437 V   -4 -6 -6 -6 -3 -5 -6 -7 -6  5  5 -6  0  3 -6 -5 -3 -4 -3  1    0   0   0   0   0   0   0   0   0  29  48   0   2  12   0   0   1   0   0   8  1.12 0.48
  438 S    2 -4 -1 -4 -3  0 -4 -1  2 -5 -4 -4  0 -5 -3  6 -1 -6 -2 -2   13   0   2   0   0   5   0   5   5   0   2   0   3   0   1  60   2   0   2   2  0.98 0.55
  439 V    1 -5 -5 -5  0 -5 -5 -5 -5  5 -1 -5  2 -3 -3 -2  2 -5 -4  3   12   0   0   0   2   0   0   0   0  40   2   0   6   0   1   2  12   0   0  22  0.85 0.43
  440 L    0 -5 -5 -6 -3 -5 -5 -5 -5  3  3 -5  2  3 -4 -4 -3 -4 -3  3    7   0   0   0   0   0   0   0   0  18  33   0   4  13   1   1   1   0   0  21  0.73 0.36
  441 C    5 -4 -2 -4  1 -4 -3  0 -4 -1 -4 -4 -2 -5 -4  4  1 -6 -5 -1   43   0   1   0   2   0   0   7   0   4   0   0   1   0   0  28  10   0   0   3  0.82 0.47
  442 M   -4 -6 -4 -7 -6 -5 -6 -7 -6 -1  0 -6 11 -5 -7 -4 -1 -6 -6 -1    1   0   1   0   0   0   0   0   0   3   5   0  81   0   0   1   3   0   0   4  2.79 0.98
  443 A    3 -5 -5 -5 -2 -4 -5 -2 -5  2  1 -4  0 -3 -4 -2 -1 -5 -4  4   31   0   0   0   1   0   0   3   0  13  10   0   2   0   0   2   3   0   0  36  0.74 0.40
  444 A    2 -5 -4 -5 -1 -4 -4 -4 -5  2 -2 -4 -1 -2 -4  0  0  0  1  5   21   0   0   0   1   0   0   0   0  13   2   0   1   1   0   8   6   2   5  40  0.66 0.38
  445 A    7 -5 -5 -5 -2 -5 -5 -3 -5 -5 -5 -5 -3 -6 -4  2 -2 -6 -6 -4   83   0   0   0   0   0   0   1   0   0   0   0   1   0   0  13   1   0   0   0  1.76 0.75
  446 A    6 -5 -5 -5  0 -4 -5  3 -5 -5 -5 -4 -5 -4 -5  0 -3 -5 -1 -3   67   0   0   0   2   0   0  21   0   0   0   0   0   1   0   6   0   0   2   1  1.34 0.62
  447 I    0 -4 -5 -5 -3 -4 -5 -4 -4  2  5 -4  1  2 -4 -3 -1 -4 -3  2    8   0   0   0   0   1   0   1   0  11  51   0   2   7   0   1   3   0   0  14  0.74 0.37
  448 V   -2 -6 -6 -6 -2 -5 -6 -6 -6  1  1 -5  1 -2 -6 -4  1 -6 -4  6    3   0   0   0   1   0   0   0   0   6   9   0   2   2   0   0   9   0   0  67  1.30 0.57
  449 E   -5 -5 -5 -3 -8 -2  8 -7 -5 -8 -7 -4 -6 -8 -6 -5 -5 -7 -6 -7    0   0   0   0   0   0  98   0   0   0   0   0   0   0   0   0   0   0   0   0  2.71 0.99
  450 I    0  2 -1 -2 -1  0 -1 -3  0  1  0  1  4 -2 -3 -1  1 -2 -3  1    6  15   2   2   1   3   3   2   3  11   5   9  12   1   0   4  11   1   0  11  0.19 0.19
  451 I   -2  3 -2 -4 -5  1 -1 -4  2 -4 -4  6  0 -1 -4 -3 -3 -1  1 -1    3  17   1   0   0   5   3   1   6   1   1  45   2   3   0   1   0   1   5   4  0.81 0.42
  452 R   -6  9 -5 -6 -7 -3 -4 -6 -4 -7 -6 -2 -6 -7 -6 -5 -5 -7 -6 -6    0  97   0   0   0   0   0   0   0   0   0   0   0   0   0   0   0   0   0   0  2.87 0.97
  453 L   -3  4 -5 -5 -5 -3 -4 -6 -4 -1  5  2  1 -3 -5 -4 -4 -5 -4 -1    1  21   0   0   0   1   0   0   0   1  55  13   4   0   0   0   0   0   0   2  0.97 0.48
  454 H    0  3  1  1 -3  1  1 -1  2 -4 -4  3 -3 -4 -3  1 -1 -4 -3 -4   10  19   7   9   0   6   7   4   5   1   1  17   0   0   0  10   4   0   0   0  0.37 0.23
  455 M    1 -1 -2 -3 -3 -2 -3 -3 -1  2  0 -2  1  0 -3  0  1 -2  1  4   10   4   1   0   0   1   1   1   2  11   8   1   3   3   0   6  10   0   6  32  0.29 0.21
  456 A    6 -4 -4 -5 -3 -4 -4 -3 -4  0 -4 -3 -1 -4 -3 -1 -3 -5 -4  1   72   1   0   0   0   0   1   1   0   6   1   1   1   0   1   2   1   0   0  11  1.26 0.56
  457 N    1  4  0 -2 -3  1  0 -2  1  0 -1  1 -1 -2 -3  0  0 -3 -2 -1   12  25   3   1   0   8   6   3   3   6   5  10   1   1   1   5   6   0   0   4  0.23 0.17
  458 D    1  1  0  2 -3  1  3 -1  0 -2 -2  1 -2 -3 -1  1  0 -4 -3 -2   13   8   4  12   0   4  21   3   2   3   2   7   1   0   2   8   6   0   1   1  0.25 0.17
  459 L    0 -1  2 -1 -3  0  0  0  7 -3 -1 -1 -2 -1 -2  0 -1 -3  1 -2    7   3  11   2   1   3   5   6  30   1   6   4   0   2   1   8   3   0   5   2  0.49 0.25
  460 G   -1 -2  3  0 -3 -2 -1  5  2 -3 -3 -1 -1 -4  1 -1 -2 -4 -3 -3    4   2  13   5   1   1   3  42   6   1   3   3   1   1   7   3   2   0   1   2  0.58 0.26
  461 L   -1 -1 -3 -3  0 -2 -2 -2 -3  1  3 -2  3 -1 -2 -1  0 -2  0  0    5   3   1   1   2   2   2   3   0   8  40   3   8   2   2   4   5   0   4   5  0.27 0.17
  462 V    0 -1 -1 -2 -2 -1 -1 -2 -1  1  2 -1  1  0 -1 -1  1 -2  0  2    8   3   2   2   1   2   4   3   1   8  20   2   3   2   3   4   8   0   4  19  0.10 0.09
  463 E   -1 -1  0  5 -3 -1  1  1  2 -3 -3 -2 -3 -3  0  0 -1 -3 -3 -3    5   4   4  40   1   2   6  12   6   1   2   2   0   1   4   5   3   0   1   2  0.55 0.25
  464 S    0  0  0  0  0  0  0  0 -1 -2 -2  0 -2 -3  4  2  0 -3 -2 -2    9   5   4   4   3   4   4   6   2   2   4   5   1   1  22  17   4   0   1   2  0.31 0.16
  465 G    0  0  2  0 -2  0  1  2  1 -2 -1  2 -2 -2  1  0  1 -3 -2 -2    8   3  10   5   0   3   7  16   4   2   5  14   1   1   5   5   9   0   1   2  0.15 0.10
  466 A    2 -1 -1  1 -2  1  1  1 -2 -2 -2  0 -2 -3 -2  1  0 -3 -3  1   23   2   1   7   0   6  11  13   1   1   2   5   1   1   1   8   6   0   0  12  0.18 0.15
  467 P    0 -2 -2 -2 -3  0 -1 -1  0  2 -1 -1  0 -3  4  0  3 -2 -2  0    8   2   1   1   0   4   3   4   2  12   3   3   3   1  18   6  21   0   1   7  0.29 0.19
  468 V   -1 -2 -3 -3 -3 -2 -2 -3 -3  2  2 -2  0 -2 -2  2 -1 -3 -3  3    5   2   1   1   0   1   3   1   0  12  20   1   2   1   2  16   3   0   0  28  0.34 0.22
  469 P   -1 -2 -2 -3 -4 -3 -3 -4 -4 -5 -5 -2 -4 -5  7  2 -1 -3 -5 -4    4   2   1   1   0   1   1   1   0   1   1   3   0   0  62  15   4   0   0   1  1.60 0.58
  470 I   -4 -5 -6 -6 -4 -4 -5 -6 -5  3  3 -5  8 -2 -4 -5 -2 -4 -4  0    0   0   0   0   0   0   0   0   0  18  30   0  43   1   1   0   2   0   0   3  1.48 0.60
  471 S   -2 -3 -1 -4 -3 -4 -4 -3 -1 -6 -6 -2 -5 -6 -4  7  3 -6 -5 -5    1   1   2   0   0   0   0   1   1   0   0   2   0   0   1  74  14   0   0   0  1.56 0.71
  472 V    0 -5 -5 -6 -1 -5 -5 -2 -6  6 -1 -5 -2  1 -5 -3 -2 -4 -4  4    7   0   0   0   1   0   0   3   0  46   3   0   0   5   0   1   1   0   0  30  1.04 0.46
  473 L   -2 -6 -6 -7 -2 -6 -6 -6 -5 -3  2 -6  2  7 -6 -4 -5  6  1 -2    4   0   0   0   1   0   0   0   0   1  19   0   5  52   0   1   0  11   3   2  1.51 0.58
  474 W   -6 -6 -8 -8 -4 -7 -7 -7 -7 -1 -2 -7 -2 -4 -8 -7 -5 13 -1 -3    0   0   0   0   0   0   0   0   0   4   4   0   1   0   0   0   1  86   1   2  4.14 1.20
  475 Q   -4 -4 -5 -5 -5  5 -4 -6 -5  1  5 -4  1 -2 -5 -5 -4 -5 -4 -1    0   0   0   0   0  30   0   0   0   7  55   0   3   1   0   0   0   0   0   2  1.24 0.58
  476 I    2 -4 -5 -5 -3 -4 -4 -2 -5  3  2 -4  0 -1 -4 -2  0 -5 -3  4   16   0   0   0   0   0   0   3   0  18  21   0   2   2   0   2   5   0   0  30  0.57 0.32
  477 P   -5 -6 -6 -6 -7 -6 -5 -6 -6 -2 -4 -5 -6  0  9 -5 -5 -7 -5 -6    0   0   0   0   0   0   0   0   0   3   2   0   0   5  88   0   0   0   0   0  2.79 0.94
  478 Q   -3 -4 -5 -5 -2  9 -3 -6 -3 -7 -7 -3 -4 -7 -5 -3 -5 -6 -6 -6    2   0   0   0   1  93   0   0   0   0   0   0   0   0   0   2   0   0   0   0  2.82 1.05
  479 Y   -6 -6 -4 -7 -6 -3 -6 -6 -1 -4  0 -6 -3  6 -7 -6 -5 -2  9 -5    0   0   1   0   0   1   0   0   1   0   8   0   0  27   0   0   0   0  60   0  2.18 0.78
  480 F    1 -4 -5 -5  2 -4 -4 -3 -4  2  2 -4  2  4 -4 -1 -2 -3 -2  3   14   0   0   0   4   0   0   1   0   9  17   0   6  21   0   4   2   0   0  22  0.53 0.30
  481 I   -3 -5 -6 -6 -3 -5 -6 -6 -6  3  5 -5  0  2 -6 -5 -3 -4 -3  2    1   0   0   0   0   0   0   0   0  17  60   0   1   8   0   0   1   0   0  10  1.14 0.48
  482 L   -1 -4 -4 -5 -1 -3 -4 -5  2  3  2 -4  4  3 -5 -3 -1 -4 -2  3    6   0   0   0   1   1   0   0   6  16  21   0  11  14   0   1   2   0   1  19  0.53 0.29
  483 G   -1 -6 -4 -5 -6 -6 -6  8 -6 -7 -7 -5 -6 -7 -6 -4 -5 -6 -7 -7    5   0   0   0   0   0   0  94   0   0   0   0   0   0   0   0   0   0   0   0  2.45 0.83
  484 A    3 -4 -4 -4  1 -4 -4 -1 -4  3  2 -4  1 -1 -4  0 -1 -4 -3  3   25   0   0   0   3   0   0   4   0  17  16   0   3   2   0   7   2   0   0  20  0.44 0.28
  485 A    5 -4 -4 -4  1 -4 -4  3 -5 -4 -5 -4 -4 -6 -4  4 -2 -6 -5 -4   49   0   0   0   2   0   0  17   0   1   0   0   0   0   0  28   2   0   0   0  1.09 0.54
  486 E   -4 -4 -2  5 -7 -1  6 -3 -4 -7 -6 -2 -4 -5 -5 -3 -4 -7 -6 -5    1   0   2  34   0   1  56   2   0   0   1   1   0   0   0   0   0   0   0   1  1.64 0.68
  487 V    3 -5 -4 -5 -1 -4 -5 -1 -5  0  0 -4  3 -4 -5 -2 -1 -5 -4  5   29   0   1   0   1   0   0   4   0   3   6   0   7   0   0   2   2   0   0  45  0.84 0.45
  488 F   -7 -7 -7 -8 -7 -7 -8 -8 -3 -4 -1 -7 -1  9 -8 -6 -6 -4 -1 -5    0   0   0   0   0   0   0   0   0   0   5   0   2  92   0   0   0   0   0   0  2.95 0.95
  489 Y    1 -4  1 -4  2 -4 -4 -3 -4 -1 -1 -4  4 -3 -4  0  5 -5 -3  0   12   0   7   0   4   0   0   2   0   3   6   0  13   1   0   5  41   0   1   5  0.70 0.43
  490 F    0 -3 -2 -3 -1 -2 -1 -3 -2  1  1 -4  3  2 -4  0 -1 -1  5  0    8   0   2   1   1   1   4   2   0   7  13   0   7   8   0   9   3   0  27   5  0.42 0.28
  491 I   -1 -6 -6 -6 -4 -6 -6 -5 -6  5 -2 -6  0 -4 -6 -4 -1 -6 -5  6    5   0   0   0   0   0   0   0   0  33   0   0   1   0   0   1   4   0   0  54  1.43 0.59
  492 G    1 -6 -4 -5 -6 -5 -6  7 -6 -7 -7 -5 -6 -7 -5 -2 -3 -6 -7 -6   11   0   0   0   0   0   0  84   0   0   0   0   0   0   0   3   2   0   0   0  2.08 0.75
  493 Q   -4 -2 -4 -5 -5  6 -2 -6  1 -2  3  0  3 -3 -5 -4 -3 -5 -4 -3    1   1   0   0   0  44   1   0   4   2  32   5   7   1   0   0   1   0   0   1  1.10 0.57
  494 L   -4 -4 -3 -5 -4  3 -4 -6 -4  2  5 -4  3 -2 -5 -3 -1 -3 -4  0    1   0   1   0   0  17   0   0   0  13  52   0   8   1   0   1   3   0   0   4  0.91 0.46
  495 E   -4 -4 -3  2 -8 -1  8 -6 -4 -7 -7 -3 -6 -8 -5 -4 -5 -7 -6 -7    1   0   1   9   0   1  87   0   0   0   0   0   0   0   0   0   0   0   0   0  2.28 0.88
  496 F   -6 -7 -8 -8 -7 -8 -8 -8 -6 -4 -2 -8 -3  9 -8 -7 -7 -3  2 -5    0   0   0   0   0   0   0   0   0   0   3   0   0  91   0   0   0   0   4   0  2.98 0.96
  497 F   -5 -7 -7 -8 -1 -7 -7 -7 -5 -4 -1 -7 -2  9 -8 -7 -6 -3  3 -5    1   0   0   0   2   0   0   0   0   0   5   0   1  85   0   0   0   0   7   0  2.69 0.89
  498 Y   -5 -6  2 -6 -7 -6 -6 -7  0  0 -1 -6 -5  2 -7 -5 -4 -3  9 -5    0   0  11   0   0   0   0   0   2   5   5   0   0   5   0   0   1   0  71   0  2.23 0.83
  499 D   -1  1 -1  6 -5 -2  1  0 -2 -6 -6  1 -4 -6 -4  1  0 -6 -5 -5    4   8   2  44   0   1   7   8   0   0   0  10   0   0   0  10   5   0   0   0  0.83 0.42
  500 Q   -5 -2 -4 -3 -8  8  4 -6 -3 -7 -7 -3 -5 -8 -6 -4 -5 -7 -6 -7    0   1   0   1   0  70  28   0   0   0   0   0   0   0   0   0   0   0   0   0  2.26 0.91
  501 S    5 -4 -4 -5  2 -4 -4 -4 -5 -1 -3 -4  1  2 -4  3 -1 -5 -4  2   43   0   0   0   4   0   0   0   0   2   1   0   4   8   0  22   2   0   0  13  0.76 0.45
  502 P   -4 -6 -6 -6 -7 -6 -6 -7 -7 -7 -4 -5 -7 -8  9 -3 -2 -8 -7 -6    1   0   0   0   0   0   0   0   0   0   2   0   0   0  92   2   2   0   0   0  3.01 1.01
  503 D   -1 -3  0  5 -6 -1  4 -3 -3 -5 -4  1 -4 -5 -1 -1 -1 -5 -3 -3    6   1   3  36   0   1  30   1   0   0   1   9   0   0   2   4   3   0   1   1  0.86 0.43
  504 A    2 -1  1 -1 -4 -2  1  4  1 -5 -5 -2 -4 -5 -4  3  0 -5 -4 -4   16   3   6   3   0   1   9  28   3   0   0   1   0   0   0  24   5   0   0   0  0.58 0.34
  505 M   -5 -6 -7 -7 -6 -5 -6 -7 -6 -1  3 -6 10 -3 -7 -6 -3 -6 -5 -2    0   0   0   0   0   0   0   0   0   3  20   0  72   1   0   0   2   0   0   2  2.52 0.91
  506 R   -5  7 -4 -5 -7  1 -3 -6 -3 -7 -5  6 -5 -7 -5 -4 -4 -7 -5 -6    0  52   0   0   0   5   0   0   0   0   0  41   0   0   0   0   0   0   0   0  1.83 0.72
  507 S   -2 -5 -3 -4 -4 -4 -4 -3 -5 -6 -6 -4 -5 -6 -5  7  2 -7 -6 -4    2   0   0   0   0   0   0   1   0   0   0   0   0   0   0  86   9   0   0   1  1.94 0.84
  508 L   -3 -5 -5 -6 -3 -5 -5 -6 -5  2  4 -5  5  2 -5 -3  0 -4 -3  2    0   0   0   0   0   0   0   0   0  12  42   0  15  10   0   1   6   0   0  13  0.88 0.41
  509 C    2 -4 -4 -5  6 -5 -5  5 -5 -5 -2 -4 -4 -5 -5  2 -3 -6 -5 -5   17   0   0   0  15   0   0  47   0   0   4   0   0   0   0  15   0   0   0   0  1.17 0.52
  510 S    0 -4 -1 -4 -4 -2 -4  0 -4  0  0 -4  1 -4 -4  3  5 -5 -4 -2    8   0   3   0   0   1   0   7   0   5   9   0   4   0   0  23  39   0   0   1  0.67 0.42
  511 A    6 -5 -4 -5  0 -4 -4  1 -5 -5 -5 -4 -5 -6 -4  3 -1 -6 -5 -4   59   0   0   0   2   0   0  11   0   0   0   0   0   0   0  24   2   0   0   0  1.23 0.59
  512 L   -3 -5 -6 -7 -1 -5 -6 -6 -5  0  5 -6  2  4 -6 -5 -4 -2  2 -1    2   0   0   0   1   0   0   0   0   4  64   0   4  16   0   0   0   0   6   2  1.21 0.52
  513 A    1 -4 -2 -5  4 -2 -4 -2 -2 -3 -1 -4 -3  5 -5  3 -1 -2  5 -3   13   0   1   0   9   1   0   3   0   0   5   0   0  23   0  22   4   0  18   1  0.71 0.40
  514 L   -3 -4 -4 -6 -2 -1 -5 -5 -2 -1  4 -5  4  2 -4 -2  0  6  1 -2    2   0   0   0   1   4   0   0   1   3  41   0  12   9   1   3   6  13   4   1  0.81 0.41
  515 L    1 -4 -3 -4  5 -4 -4 -4 -4 -1  2 -4  0 -3 -4  4  3 -5 -4 -1   11   0   0   0  12   0   0   0   0   2  20   0   2   0   0  31  17   0   0   4  0.64 0.40
  516 T    2 -4 -1 -3 -2 -3 -2  0 -4  1 -3 -3 -2 -4 -4  4  4 -5 -3  0   15   0   3   0   0   0   2   7   0   9   0   0   1   0   0  29  25   0   0   6  0.57 0.37
  517 N   -2 -4 -3 -5 -1 -4 -5 -3 -4  4  2 -4  3  3 -5 -2  0 -3  1  2    2   0   1   0   1   0   0   3   0  25  23   0   9  11   0   2   5   0   5  12  0.52 0.28
  518 A    4 -5 -4 -4 -4 -4 -4  4 -5 -5 -5 -4 -5 -5 -4  4 -2 -6 -5 -4   40   0   0   0   0   0   0  30   0   0   0   0   0   0   0  28   1   0   0   0  1.15 0.55
  519 L    0 -4 -5 -5 -3 -4 -5 -1 -5  2  4 -4  3  1 -4 -3 -2 -4 -3  3   10   0   0   0   0   0   0   5   0  11  40   0   6   6   0   2   1   0   0  19  0.61 0.33
  520 G    0 -6 -4 -5 -6 -5 -6  7 -6 -7 -7 -5 -6 -7 -6 -1 -5 -6 -7 -7    7   0   0   0   0   0   0  87   0   0   0   0   0   0   0   5   0   0   0   0  2.16 0.76
  521 N   -3 -4  6 -2  0 -3 -4 -3 -1 -5 -5 -3 -4  3 -5  4 -3 -4  3 -5    1   0  35   1   2   0   0   1   1   0   0   1   0  13   0  32   0   0  11   0  1.04 0.53
  522 Y   -6 -6 -6 -7 -6 -6 -6 -7 -3 -4 -3 -6 -4  7 -7 -6 -6  1  8 -4    0   0   0   0   0   0   0   0   0   0   2   0   0  40   0   0   0   1  54   1  2.41 0.82
  523 L   -1 -5 -6 -6 -3 -5 -5 -5 -5  1  5 -5  1  2 -5 -3 -2 -4 -3  2    5   0   0   0   0   0   0   1   0   6  59   0   3   8   0   1   2   0   0  15  0.94 0.43
  524 S   -1 -5  3 -4 -1 -4 -4 -1 -4 -6 -6 -4 -5 -6 -5  7 -2 -6 -5 -4    3   0  11   0   1   0   0   4   0   0   0   0   0   0   0  78   0   0   0   1  1.65 0.74
  525 S   -2 -5 -1 -2 -5 -4 -4  0 -5 -5 -5 -4 -3 -6 -5  6  3 -6 -5 -5    2   0   2   1   0   0   0   6   0   0   0   0   1   0   0  69  19   0   0   0  1.47 0.70
  526 L    1 -5 -5 -6 -4 -4 -5 -2 -5  2  3 -5  1  5 -5 -4 -3 -3 -2  2   13   0   0   0   0   1   0   3   0  10  31   0   3  27   0   0   1   0   0  12  0.72 0.37
  527 I   -4 -5 -6 -6 -4 -5 -6 -7 -6  4  5 -6  3 -2 -6 -5 -4 -5 -4  1    1   0   0   0   0   0   0   0   0  22  61   0   7   1   0   0   0   0   0   9  1.27 0.52
  528 L   -3 -6 -3 -6 -4 -5 -6 -6 -6  4  2 -6 -2 -2 -6 -5 -2 -6 -1  6    0   0   2   0   0   0   0   0   0  19  17   0   0   1   0   0   2   0   2  57  1.24 0.53
  529 T    0 -3  0 -3 -4 -2 -2 -2 -3 -3 -4  0 -2 -3 -4  4  5 -5 -2 -2    7   1   4   1   0   1   2   2   0   1   1   5   1   1   0  38  33   0   2   2  0.79 0.46
  530 L    1 -5 -5 -5 -1 -4 -5 -3 -5  4  2 -4  3 -2 -5 -3  0 -5 -4  4   15   0   0   0   1   0   0   1   0  29  15   0   6   0   0   1   6   0   0  25  0.67 0.35
  531 V   -3 -6 -7 -7 -5 -6 -6 -7 -7  4 -2 -6 -2 -4 -6 -5 -3 -7 -5  7    1   0   0   0   0   0   0   0   0  19   1   0   0   0   0   0   1   0   0  77  1.88 0.72
  532 T    1 -2  3  2 -4  0  1 -3  5 -4 -4 -1  2 -4 -3  0  1 -5 -3 -2   10   1  15  14   0   4   9   1  16   0   0   4   7   0   1   7   9   0   0   3  0.46 0.30
  533 Y    0  3  0 -1 -4 -1 -1 -1  3 -4 -3  4 -2 -4 -4  1 -2  1  0 -2    9  16   4   4   0   1   3   5   6   0   1  31   1   0   0   9   1   2   3   3  0.44 0.29
  534 F    3 -4 -4 -5 -2 -4 -4 -4 -4  3  0 -4 -1  2 -4 -2  0 -1 -1  4   24   1   0   0   0   0   0   1   0  20   8   0   1   8   0   1   5   1   2  28  0.56 0.33
  535 T   -3 -5 -4 -5 -5 -5 -5 -5 -6 -5 -5 -5 -5 -6 -5  2  8 -7 -6 -4    1   0   0   0   0   0   0   0   0   0   0   0   0   0   0  14  83   0   0   1  2.10 0.85
  536 T    2  1 -1 -2 -2 -1 -1  3 -3 -3 -4  1 -3 -4 -3  2  3 -4 -4 -2   15   8   1   1   1   2   4  25   0   1   1   9   0   0   0  13  18   0   0   1  0.42 0.26
  537 R   -1  4  0 -1 -3  0  0  2  1 -3 -3  3 -3 -4 -2  0  1 -2 -2 -2    4  23   4   2   0   3   4  14   4   1   1  16   0   0   1   8   8   1   1   2  0.34 0.21
  538 N   -1  0  2  2 -3 -1 -1  3  2 -3 -3 -1 -2 -2 -1  1 -1  0 -2 -3    5   6   8  14   0   1   2  27   7   2   1   3   1   1   2  12   4   2   1   1  0.34 0.20
  539 G   -1 -2  0  1 -4 -1 -1  5  0 -4 -4 -1 -3 -4 -3  0 -2 -2 -4 -3    5   2   3   9   0   2   4  53   2   1   1   3   0   0   1   8   2   0   0   2  0.79 0.34
  540 Q   -1  3  1 -1 -3  1  0  2  4 -3 -3  1  0 -4 -3  1 -1 -4 -2 -3    5  16   5   3   0   7   5  16  11   1   1  10   3   0   1  11   4   0   0   1  0.32 0.20
  541 E    0  0  0  0 -3  1  0  1  1 -3 -2  2 -2 -3  4  0  0 -3 -2 -2    5   5   4   4   0   5   4  13   4   1   3  13   1   1  24   4   5   0   1   2  0.36 0.19
  542 G   -2 -4  2  0 -4 -3 -4  6 -3 -5 -5 -3 -4 -5  2  2 -3 -5 -4 -5    2   1   8   4   0   0   0  53   0   0   1   1   0   0   9  18   0   0   0   0  1.04 0.45
  543 W   -8 -8 -9-10 -8 -7 -8 -8 -5 -8 -7 -8 -7 -4 -9 -8 -8 13 -3 -8    0   0   0   0   0   0   0   0   0   0   0   0   0   0   0   0   0  99   0   0  5.21 1.44
  544 I   -5 -6 -7 -7 -5 -6 -6 -6 -6  6  4 -6 -2  3 -6 -6 -4 -5 -3  0    0   0   0   0   0   0   0   0   0  41  42   0   0  13   0   0   0   0   0   3  1.32 0.54
  545 S    2 -1  0 -2 -4 -1 -3  2 -4 -4 -2 -3 -4 -5  5  1  0 -6 -5 -3   19   3   4   1   0   3   1  13   0   0   4   1   0   0  34  10   5   0   0   2  0.72 0.37
  546 D   -2 -3  5  6 -6  1  1 -1 -2 -6 -6  0 -5 -6 -2  0 -2 -7 -5 -5    3   0  24  41   0   5   9   4   0   0   0   5   0   0   2   5   1   0   0   0  1.00 0.47
  547 N   -6 -4  8  5 -7 -4 -3 -4 -3 -7 -7 -2 -6 -7 -6 -3 -3 -8 -6 -7    0   0  68  27   0   0   0   0   0   0   0   2   0   0   0   1   1   0   0   0  2.14 0.80
  548 L   -5 -6 -7 -7 -5 -6 -7 -7 -7  3  6 -6 -1 -2 -6 -6 -4 -5 -5 -1    0   0   0   0   0   0   0   0   0  15  82   0   0   1   0   0   0   0   0   2  1.70 0.66
  549 N   -6 -5  9  1 -7 -4 -4 -5 -4 -8 -8 -5 -7 -8 -6 -3 -4 -8 -7 -7    0   0  92   7   0   0   0   0   0   0   0   0   0   0   0   1   0   0   0   0  2.80 0.97
  550 S   -1  4 -1  1 -5  2  2 -4  2 -4 -3  3 -2 -4 -4 -1 -1 -5 -1 -2    5  26   1   8   0   8  12   0   5   1   2  20   1   0   0   4   3   0   2   3  0.51 0.30
  551 G    1 -5 -1  0 -1 -4 -4  6 -3 -6 -6 -4 -5 -5 -5  2 -4 -5  0 -5   13   0   3   5   2   0   0  57   1   0   0   0   0   0   0  16   0   0   4   0  1.17 0.52
  552 H   -6  5 -2 -5 -7 -2 -4 -6 10 -7 -7  2 -6 -6 -6 -4 -5 -7 -3 -7    0  30   2   0   0   1   0   0  57   0   0  10   0   0   0   0   0   0   0   0  2.32 0.82
  553 L   -5 -6 -7 -8 -5 -6 -7 -8 -7  0  6 -6  1 -1 -7 -6 -5 -5 -5 -1    0   0   0   0   0   0   0   0   0   3  89   0   3   2   0   0   0   0   0   4  1.82 0.69
  554 D   -6 -5  1  8 -8 -4  1 -5  0 -7 -8 -5 -5 -7 -6 -3 -5 -8 -1 -7    0   0   5  82   0   0   7   0   2   0   0   0   0   0   0   1   0   0   3   0  2.24 0.81
  555 Y   -5  3  1 -3  0 -4 -5 -6 -1 -5  0 -1 -4 -1 -5 -4 -5  1  8 -5    0  16   6   2   2   0   0   0   1   0  11   4   0   1   0   0   0   1  54   0  1.46 0.63
  556 F   -7 -7 -7 -8 -7 -7 -7 -8 -5 -5 -3 -7 -4  9 -8 -7 -6 -3  5 -5    0   0   0   0   0   0   0   0   0   0   1   0   0  81   0   0   0   0  18   0  2.81 0.91
  557 F   -6 -6 -7 -8 -7 -6 -7 -8 -3 -5 -5 -7 -5  6 -8 -6 -6 -2  9 -6    0   0   0   0   0   0   0   0   0   0   0   0   0  25   0   0   0   0  74   0  2.89 0.95
  558 W    0 -7 -7 -7 -6 -6 -7 -2 -6 -5 -1 -7 -4  3 -8 -5 -6 12  2 -5    7   0   0   0   0   0   0   3   0   0   5   0   0  10   0   1   0  65   6   1  2.95 0.93
  559 L   -4 -5 -6 -7 -1 -5 -6 -7 -6  0  5 -6  4  3 -6 -5 -2 -4 -3  1    0   0   0   0   1   0   0   0   0   3  66   0  11  10   0   0   2   0   0   7  1.27 0.53
  560 L   -4 -5 -6 -6 -4 -5 -6 -6 -6  2  5 -5  5 -1 -6 -4 -3  0 -3  1    0   0   0   0   0   0   0   0   0  12  61   0  15   2   0   1   1   1   0   7  1.21 0.51
  561 A    6 -5 -5 -5  2 -4 -4 -3 -5 -4 -3 -4 -4 -3 -4  0  2 -6 -5 -1   71   0   0   0   4   0   0   1   0   0   2   0   0   1   0   6  12   0   0   3  1.29 0.61
  562 G    3 -5 -4 -5  1 -4 -4  3 -5  2 -1 -4 -1 -2 -4 -2 -1 -5 -4  3   25   0   0   0   3   0   0  25   0  11   5   0   1   1   0   1   2   0   0  26  0.60 0.35
  563 L   -5 -6 -7 -7 -4 -6 -6 -7 -6  3  6 -6  3 -2 -6 -6 -4 -5 -4  0    0   0   0   0   0   0   0   0   0  17  72   0   6   1   0   0   0   0   0   4  1.48 0.58
  564 S    0 -4  1 -3  1  0 -2  2 -2 -4 -5 -3 -2 -5 -4  5  1 -6 -5 -3    5   0   6   0   3   4   2  13   1   0   1   0   1   0   0  54   9   0   0   1  0.88 0.49
  565 L    3 -4 -4 -4  1 -4 -4  0 -4  0  1 -4 -1  2 -4 -1  0 -4 -3  3   28   0   0   0   3   0   0   6   0   4  10   0   1  10   0   4   7   0   0  26  0.43 0.30
  566 V    1 -5 -6 -6 -2 -5 -5 -4 -5  3  4 -5  0  1 -5 -4 -3 -5 -3  4   11   0   0   0   0   0   0   1   0  18  39   0   2   4   0   0   0   0   0  25  0.80 0.38
  567 N   -4 -5  8  2 -7 -2 -2 -1 -4 -7 -8 -4 -6 -6 -6 -3 -4 -5 -6 -7    1   0  79  10   0   1   2   5   0   0   0   0   0   0   0   1   0   0   0   0  2.16 0.80
  568 M   -5 -6 -7 -7 -3 -6 -7 -7 -5 -1  5 -6  1  7 -7 -6 -5 -2 -1 -2    0   0   0   0   1   0   0   0   0   2  48   0   3  44   0   0   0   0   1   1  1.57 0.60
  569 A    1 -4 -4 -5  3 -4 -4  1 -4  2  2 -4  0  2 -4 -2 -2 -4 -3  3   14   0   0   0   6   0   0  13   0   9  21   0   2  10   0   2   0   0   0  22  0.41 0.27
  570 V    1 -4 -1 -5 -1 -1 -4 -3  1  1  0 -4 -1  3 -4 -2 -2 -1  4  3   16   0   3   0   1   3   0   1   4   7   8   0   1  12   0   1   2   0  14  28  0.44 0.29
  571 Y   -6 -6 -7 -8 -7 -6 -7 -7 -3 -5 -4 -7 -5  7 -8 -6 -6 -2  8 -5    0   0   0   0   0   0   0   0   0   0   0   0   0  46   0   0   0   0  53   0  2.61 0.87
  572 F   -2 -5 -6 -6 -4 -5 -5 -4 -5  2  5 -5  2  0 -4 -3 -2 -1 -4  3    3   0   0   0   0   0   0   1   0  10  51   0   4   3   0   2   2   1   0  23  0.87 0.41
  573 F    0 -4 -4 -5  0 -4 -4 -3  1  2  1 -4 -1  4 -3 -2 -3  5  4  2    9   0   0   0   2   0   0   1   4  10  11   0   1  18   1   2   1   8  13  19  0.55 0.30
  574 S   -1 -6 -5 -6  8 -5 -6 -4 -5  1  0 -6 -2  4 -6 -2 -3  5  0  2    4   0   0   0  35   0   0   1   0   8   7   0   1  17   0   3   0   7   2  14  1.21 0.49
  575 A    6 -5 -5 -5 -1 -3 -4 -3 -5 -4 -5 -4 -5 -3 -4  3 -2 -6 -5 -3   74   0   0   0   1   1   0   0   0   1   0   0   0   1   0  20   1   0   0   1  1.50 0.67
  576 A   -2  4 -1 -4 -2 -1 -2 -3  1 -2 -3  5  2 -4 -4  1  0  1 -2 -2    2  26   3   0   1   2   0   1   3   3   2  34   6   0   0  10   5   2   1   2  0.66 0.38
  577 R   -4  5 -1 -5 -1 -2 -4 -1 -4 -4 -2  0  0  1 -6  0 -2  9  0 -4    1  29   3   0   2   1   0   6   0   1   3   5   3   6   0   8   2  29   2   1  1.18 0.51
  578 Y   -6 -6 -7 -8 -2 -5 -7 -8  2 -6 -5 -6 -5  3 -8 -6 -6 -2 10 -6    0   0   0   0   1   0   0   0   4   0   0   0   0   8   0   0   0   0  87   0  3.04 0.99
  579 K   -3  3 -3 -4 -5  0 -2 -4 -3  1 -3  5 -3 -4 -3  0  2 -5 -4  2    0  13   0   0   0   3   2   0   0   8   1  37   0   0   0   5  14   0   0  15  0.64 0.38
  580 Q   -5 -4 -5 -6  1 -3 -4 -2 -1 -5 -2 -4 -3  1 -2 -1 -4 -2  9 -3    0   1   0   0   3   1   1   4   1   0   3   1   1   5   3   5   0   0  71   1  1.92 0.72
  581 K   -4  3  2 -2 -6 -2 -3 -5 -4 -1 -5  7 -4 -6 -5 -3 -3 -6 -5 -4    0  17  10   1   0   0   0   0   0   5   0  63   0   0   0   1   1   0   0   1  1.38 0.59
  582 K    0  2  2 -1 -4  0 -1 -1 -2 -4 -3  4 -3 -5  1  0  1 -5 -4 -2    6  12  10   1   0   3   2   5   0   0   1  35   0   0   6   8   8   0   0   2  0.47 0.28
  583 A    2 -2 -2 -2 -3 -1  1  0 -1 -1 -1 -2 -1 -3 -1  1  2 -4 -3  3   16   1   1   1   0   2  12   7   1   2   3   1   0   0   3   9  14   0   0  25  0.21 0.20
  584 S    1 -2  2 -1 -3 -1  1  0 -1 -2 -1 -2 -2 -4 -2  3  2 -4 -3  0   15   0  12   1   0   1   8   7   1   1   5   1   0   0   1  28  12   0   0   7  0.29 0.20
  585 S    1 -3  1 -3 -3 -2 -3 -3 -3 -4 -4 -3 -3 -5 -3  5  5 -5 -4 -3    8   0   6   0   0   0   0   0   0   0   0   0   0   0   0  52  34   0   0   0  1.01 0.40

                      K         Lambda
Standard Ungapped    0.1380     0.3234
Standard Gapped      0.0561     0.2670
PSI Ungapped         0.1832     0.3152
PSI Gapped           0.0561     0.2670
