
Last position-specific scoring matrix computed, weighted observed percentages rounded down, information per position, and relative weight of gapless real matches to pseudocounts
           A  R  N  D  C  Q  E  G  H  I  L  K  M  F  P  S  T  W  Y  V   A   R   N   D   C   Q   E   G   H   I   L   K   M   F   P   S   T   W   Y   V
    1 M   -1 -1 -2 -3 -2  0 -2 -3 -2  1  2 -1  6  0 -3 -2 -1 -2 -1  1    0   0   0   0   0   0   0   0   0   0   0   0 100   0   0   0   0   0   0   0  0.33 0.00
    2 L   -2 -2 -4 -4 -1 -2 -3 -4 -3  2  4 -3  2  0 -3 -3 -1 -2 -1  1    0   0   0   0   0   0   0   0   0   0 100   0   0   0   0   0   0   0   0   0  0.47 0.01
    3 R   -2  4 -1 -2 -3  0 -1 -3  1 -2 -2  1 -1  1 -3 -1 -1  1  5 -2    0  53   0   0   0   0   0   0   0   0   0   0   0   0   0   0   0   0  47   0  0.51 0.01
    4 S    0  1  0 -1 -2  1  0 -1 -1 -3 -3  3 -2 -3 -1  3  1 -3 -2 -2    0   0   0   0   0   0   0   0   0   0   0  47   0   0   0  53   0   0   0   0  0.35 0.00
    5 S    2 -1  0 -1 -1  0  0  0 -1 -2 -2  0 -2 -3 -1  4  1 -3 -2 -1   19   0   0   0   0   0   0   0   0   0   0   0   0   0   0  81   0   0   0   0  0.42 0.01
    6 S    1 -1  0 -1 -1  0  0 -1 -1 -3 -3  0 -2 -3  3  4  1 -3 -2 -2    0   0   0   0   0   0   0   0   0   0   0   0   0   0  18  82   0   0   0   0  0.52 0.01
    7 P   -1 -2 -2 -2 -3 -2 -1 -2 -2 -3 -3 -1 -3 -4  8 -1 -1 -4 -3 -3    0   0   0   0   0   0   0   0   0   0   0   0   0   0 100   0   0   0   0   0  2.09 0.02
    8 H   -2 -2 -1 -3 -2 -1 -2 -3  5  0  2 -2  0  4 -3 -2 -2 -1  2 -1    0   0   0   0   0   0   0   0  36   0  34   0   0  30   0   0   0   0   0   0  0.34 0.01
    9 I    0 -2 -1 -2 -1 -1 -2 -2 -2  2  1 -1  0 -1 -2  2  2 -3 -2  1    0   0   0   0   0   0   0   0   0  24  15   0   0   0   0  32  16   0   0  12  0.15 0.01
   10 N    0  2  3  0 -2  0 -1 -1 -1 -2 -1  0 -1 -2  3  2  0 -3 -2 -2    0  17  24   0   0   0   0   0   0   0  12   0   0   0  16  30   0   0   0   0  0.28 0.01
   11 H   -1 -1  2 -1 -2 -1 -1 -2  4 -1  1 -1  0  0 -2  1 -1 -1  2 -1    0   0  15   0   0   0   0   0  24   0  32   0   0   0   0  16   0   0  12   0  0.17 0.01
   12 H   -1  0  0 -1 -3  2  0 -2  7 -3 -3 -1 -2 -2  2  0 -1 -3  1 -3    0   0   0   0   0  13   0   0  63   0   0   0   0   0  14  11   0   0   0   0  0.63 0.02
   13 S    0  0 -1 -1 -2  0  2 -2 -1  1  0  2  1 -2 -2  1  0 -3 -2  0    0   0   0   0   0   0  20   0   0  23   0  20  12   0   0  25   0   0   0   0  0.13 0.02
   14 F    0 -1 -1 -1 -2  1 -1 -2 -1 -1  0 -1 -1  3  2  2  0 -1  0 -1    0   0   0   0   0  11   0   0   0   0  10   0   0  28  10  41   0   0   0   0  0.21 0.02
   15 L   -1 -3 -3 -3 -2 -3 -3 -3 -2  2  2 -3  1  4 -3  0 -1 -1  1  0    0   0   0   0   0   0   0   0   0  20  26   0   0  41   0  12   0   0   0   0  0.30 0.02
   16 L   -1 -2 -2 -2 -2 -2 -2 -3 -1  1  2 -2  1  3 -2  1  1 -1  2  0    0   0   0   0   0   0   0   0   0  11  31   0   0  18   0  20   9   0  11   0  0.17 0.02
   17 P   -1 -2 -2 -2 -3 -1 -1 -2 -2 -3 -3 -1 -3 -4  7  0  1 -4 -3 -2    0   0   0   0   0   0   0   0   0   0   0   0   0   0  81   9  11   0   0   0  1.61 0.05
   18 S    1 -1  0 -1 -2  0 -1 -1  4 -1 -2  1 -1 -2  1  2  0 -3 -1 -1   18   0   0   0   0   0   0   0  20   8   0  10   0   0   8  37   0   0   0   0  0.24 0.03
   19 F   -2 -2 -2 -3 -3  2 -1 -3  0 -1 -1 -2 -1  5 -3 -1 -2  1  4 -1    0   0   0   0   0  18   0   0   0   0   0   0   0  56   0   8   0   0  18   0  0.49 0.04
   20 V    1 -2 -2 -3 -1 -2 -2 -3 -3  2  1 -2  3 -1 -2  0  0 -3 -1  3   10   0   0   0   0   0   0   0   0   8   8   0  18   0   0  10   0   0   0  46  0.21 0.02
   21 S    0 -1  0 -1 -2  2  0  1  3 -3 -3  0 -2 -3 -1  4  0 -3 -1 -2    0   0   0   0   0  17   0   8  15   0   0   0   0   0   0  61   0   0   0   0  0.38 0.04
   22 S    0 -1  0 -1 -1 -1 -1  1 -1 -1  0 -1  1 -2  1  3  1 -2 -2 -1    1   0   0   0   0   0   1   8   0   0  10   1   9   0   8  51   8   0   0   1  0.22 0.03
   23 K    0  3  1 -1 -2  1  0 -1 -1 -2 -2  1 -1  1  1  2  1 -2 -1 -2    1  23   7   0   0   6   1   1   0   0   1   6   0   9   7  29   7   0   0   1  0.21 0.02
   24 F   -1 -1 -1 -2 -2 -1 -1 -2 -1  0  0  0  0  4 -2  0  2 -1  1  0    1   1   1   1   0   1   1   1   0   7   8   7   0  35   1   7  26   0   0   1  0.17 0.02
   25 K   -1  0  1  2 -2  1  0 -1 -1 -1 -1  1 -1  0  1  0  0 -2 -1  0    2   1   9  18   0   8   1   2   0   1   2  13   0   7   8   8   7   0   1  10  0.12 0.01
   26 H   -1 -1 -1 -1 -2  1  1  0  3 -1  0 -1  0  2  1 -1 -1 -1  0 -1    2   1   1   1   0   7  18  11  12   1  16   1   0  16   7   2   1   0   1   1  0.09 0.01
   27 H   -1 -1  1  2 -2 -1  0 -1  3  1  0 -1  0 -1 -1  0 -1 -2 -1  0    2   1   7  18   1   1   2   2  15  21  11   2   1   1   1   8   2   0   1   2  0.07 0.01
   28 T   -1  1 -1 -1 -2  0  1  0 -1 -1  0  1 -1  0  1  0  1 -2 -1 -1    1  14   1   1   0   1  17   9   0   1  16  10   0   7   8   1  12   0   0   1  0.10 0.01
   29 L   -1 -1 -1 -2 -2  2 -1 -2 -1  0  2  0  0  2 -2  1 -1 -1  2 -1    0   0   0   0   0  16   0   0   0   0  32   6   0  14   0  17   0   0  13   0  0.15 0.02
   30 S    0 -1  4  0 -2  0 -1 -1  2 -3 -3 -1 -2 -2  3  2  1 -3  1 -2    0   0  32   0   0   0   0   0   6   0   0   0   0   0  15  33   6   0   7   0  0.40 0.03
   31 P   -1 -2 -2 -2 -3 -2 -2 -3 -3 -1  0 -2 -1 -3  7  0 -1 -4 -3 -1    0   0   0   0   0   0   0   0   0   6  13   0   0   0  74   7   0   0   0   0  1.37 0.05
   32 P   -1 -2 -2 -2 -2 -2 -2 -3  1  2 -1 -2 -1  1  5  0  0 -3 -1  0    0   0   0   0   0   0   0   0   6  29   0   0   0   9  40   7   9   0   0   0  0.56 0.03
   33 P   -1 -1  0 -1 -2 -1 -1 -2 -2 -2 -1  1 -2 -3  6  1  1 -4 -3 -2    0   0   7   0   0   0   0   0   0   0   8  12   0   0  50  14   9   0   0   0  0.81 0.04
   34 S   -1 -2 -1  1 -2 -2 -1 -2  1  1  0 -2  0  4 -2  0 -1 -1  1  1    0   0   0  15   0   0   0   0   7   9   1   0   0  35   0  13   0   0   0  17  0.15 0.02
   35 P   -1  0 -1 -1 -2  2  2 -2  2 -1  1  1  0 -2  1  1 -1 -2 -1 -1    0   0   0   0   0  12  17   0   9   0  23  16   0   0   6  14   0   0   0   0  0.15 0.02
   36 P   -1 -1  1 -1 -2 -1 -1 -2  2 -2 -2 -1 -2  1  5  1 -1 -2  1 -2    1   1   9   1   0   1   1   1   9   1   1   1   0   8  41  17   1   0   7   1  0.61 0.03
   37 P   -1 -1  2 -1 -2 -1 -1 -1  2 -1  0  0 -1  0  3  1  0 -2 -1  0    1   1  17   1   0   1   1   1   9   1  10   8   0   6  19  15   1   0   0   9  0.20 0.01
   38 P    0  2 -1 -1 -2  1 -1 -2 -1  0 -1  0 -1 -2  2  2  2 -2 -2  0    1  17   1   1   0   7   1   1   0  16   1   1   0   0  12  23  17   0   0   1  0.18 0.02
   39 P    0 -1 -1 -1 -2  0 -1  2 -2 -1  0 -1  0 -2  4  1  0 -2 -2 -1    1   1   1   1   0   7   1  18   0   1  21   1   0   1  21  16   8   0   0   1  0.25 0.01
   40 P    0 -1  2 -1 -2 -1 -1 -1 -1 -2 -2 -1  1 -3  5  1  1 -3 -2 -2    1   0  17   0   0   0   1   1   0   0   1   1   9   0  40  19   8   0   0   1  0.63 0.03
   41 M   -1 -3 -3 -4 -2 -2 -3 -1 -3  1  1 -2  8 -1 -3 -2 -2 -3 -2  0    4   0   0   0   0   0   0   6   0   7   5   0  75   0   0   0   0   0   0   0  0.85 0.18
   42 A    5  0 -2 -3  2 -1 -2 -1 -2 -2 -2  0 -2 -3 -2  0 -1 -3 -3 -1   83   4   0   0   6   0   0   0   0   0   0   4   0   0   0   0   0   0   0   0  0.64 0.14
   43 A    4 -2 -2 -2  2 -1 -1 -1  2 -2 -2  0 -2 -3  1  0  2 -3 -2 -1   60   0   0   0   5   0   0   0   6   0   0   6   0   0   5   0  15   0   0   0  0.39 0.10
   44 C   -2 -4 -4 -4 10 -4 -4 -1 -4 -2 -1 -4 -2 -3 -4 -2 -2 -3 -3 -1    0   0   0   0  82   0   0   5   0   0   6   0   0   0   0   0   0   0   0   5  1.75 0.22
   45 I   -1 -3 -3 -3 -2 -2 -3 -3 -3  4  1 -3  0 -1 -3  1 -1 -3 -2  3    0   0   0   0   0   0   0   0   0  36  10   0   0   0   0  16   0   0   0  35  0.37 0.09
   46 D   -3 -2  0  6 -4 -1  0 -2  5 -4 -4 -2 -3 -4  1 -1 -2 -4 -2 -4    0   0   0  66   0   0   0   0  25   0   0   0   0   0   6   0   0   0   0   0  1.05 0.16
   47 T    0 -1  1 -1 -1  0  0  0 -1 -1 -2  1 -1 -2 -1  1  3 -2 -2  0    8   1   9   1   0   1   5   6   0   1   2  10   0   1   1  13  35   0   1   6  0.20 0.05
   48 C    0 -2 -1 -1  4 -1 -1 -1 -2 -1  0 -1 -1 -2  1  3  1  2 -2 -1    6   1   1   1  14   1   1   2   0   1  14   1   0   1   6  36   6   4   1   1  0.23 0.06
   49 R    0  5 -1 -1 -2  1  0 -2 -1 -2  0  2 -1 -2  0 -1 -1  2 -1 -2    6  47   1   1   0   4   4   2   1   1   9   8   1   1   4   2   1   3   1   2  0.37 0.07
   50 T    1 -1 -1 -1 -1 -1 -1 -1 -2 -1 -1 -1 -1 -2  1  1  4 -2 -2  1   11   1   1   1   1   1   2   2   1   1   2   2   1   1   8  13  38   0   1  12  0.25 0.06
   51 G    1 -1  1  1 -2  0  1  2 -1 -2 -2  0 -2 -2  0  1  0 -2  0 -2   11   1   7  10   0   1  10  15   1   1   2   8   1   1   4  18   1   0   4   2  0.16 0.03
   52 K    0 -1  1  0 -1  0  0 -1  1 -1  0  0 -1 -1  0  1  2 -2  0 -1    5   1   5   4   0   4   3   2   4   1  15   9   0   1   3  14  22   0   3   1  0.10 0.04
   53 P    0 -2 -2 -2 -3 -1  1 -2 -2 -3 -3 -1 -3 -3  7  0  0 -3 -3 -2    6   1   1   1   0   1  11   1   0   1   2   1   0   1  62   5   5   0   1   1  1.24 0.16
   54 Q    1  0 -1 -2  0  3  0 -2  1 -1 -1  2  0 -3  2  0  2 -3 -2 -1   12   0   0   0   2  17   3   0   5   5   3  19   2   0   9   0  16   0   0   3  0.20 0.08
   55 I    1 -1 -1 -1 -2 -1 -1 -1 -2  1  1 -1  1  0  2 -1  0  5 -1  0   14   3   2   3   0   2   3   4   0  13  14   2   5   5  11   1   4  10   0   3  0.15 0.05
   56 S    1  0  1  0 -2  1  0 -1  1 -1 -1  0 -1 -2  0  3  0 -3 -2  0   11   3   9   3   0   5   3   1   4   3   8   2   0   0   4  34   3   0   0   6  0.17 0.07
   57 P    0  0  0 -2 -3  0 -1  0  0 -3 -3 -1 -2 -3  6  2 -1 -3 -3 -3    7   5   3   1   0   5   1   8   3   1   1   1   0   0  41  22   1   0   0   1  0.73 0.14
   58 R    0  4  0  1 -1  2  1 -2 -1 -3 -3  2 -2 -3  1  0  0 -3 -2 -2    9  33   2   7   2  10   5   1   0   0   1  13   0   0   5   5   5   0   0   1  0.35 0.09
   59 D    0  0  2  1 -2  1  0 -1  1 -2 -2  1 -2 -1  3  0  0 -2  0 -1    7   3  17  11   0   5   2   3   5   3   1  11   0   3  14   2   3   0   5   4  0.20 0.05
   60 S    0 -1  1  0 -2  1  1 -2  0 -1 -1 -1 -1  0  3  1 -1 -2  0 -1    3   1   9   3   0   6  13   1   2   5   6   1   0   5  18  19   1   0   4   3  0.21 0.06
   61 S    1 -1  2  1 -2  1 -1  0 -1 -2 -1  0 -1 -3 -1  2  1 -3 -2 -2   17   0  17   9   0   7   0   5   0   2   8   3   0   0   2  21   6   0   0   1  0.19 0.07
   62 K    0  2  0  0  2  0  1  1  1 -2 -1  1 -1 -1 -1  0 -1 -2 -1 -2    6  16   5   5   8   3  10  13   6   2   6  10   0   4   2   3   1   0   0   1  0.11 0.04
   63 H   -1  1  0 -1 -2 -1  0 -2  4 -2 -2 -1 -2  0  1  3 -1 -3 -1 -2    1  11   4   1   0   0   6   1  18   3   3   1   0   4   8  36   1   0   0   1  0.32 0.11
   64 H    1  0  0  0 -3  2  0  0  4 -3 -1  0 -2 -2  1  1 -1 -3  0 -2   12   5   3   6   0  16   0   8  18   0   6   2   0   0   6  15   0   0   2   0  0.23 0.09
   65 D    0 -2  3  3 -2  0  0 -1  1  0 -1 -1 -1 -1 -2  1  0 -3 -2 -1    7   0  16  25   0   3   5   3   3   9   7   0   0   3   0  12   2   0   0   3  0.20 0.07
   66 D   -1 -2  0  5 -4 -1  1  0  1 -4 -4  1 -3 -4  2  0 -2 -4 -3 -4    3   0   2  51   0   0   4   7   5   0   1   8   0   0  13   5   0   0   0   0  0.67 0.15
   67 E   -1  0  1  3 -3  2  2 -2  0 -2 -1  0  0 -3 -2  1  0 -3 -1 -1    2   4   8  23   0  12  11   0   2   0   7   4   4   0   0  11   4   0   2   4  0.23 0.08
   68 S    0  0  0 -1  0 -1 -1 -2  4 -2 -2  0 -1 -3  3  2  0  1 -1  0    6   5   4   2   2   0   0   0  16   2   0   7   2   0  13  24   5   2   0   8  0.26 0.10
   69 G    0  0 -1 -1 -2  1  0  1 -2  0  0 -1  0  0  1  2  0 -2 -2  0    5   4   2   0   0   7   4  11   0   8  12   2   1   4   6  22   3   0   0   7  0.07 0.05
   70 F    0 -2 -2 -3 -3 -2 -1 -1  1 -1  0 -2 -1  4 -3  1 -2  3  5 -2    7   0   0   0   0   0   3   4   2   3   8   0   0  20   0  16   0   4  29   0  0.43 0.13
   71 R   -1  4  2  0  2  0 -1 -1 -1 -2 -2  1 -2  0  1  0 -1 -3 -2 -1    2  32  11   6   7   2   0   5   0   0   1   9   0   6   7   5   0   0   0   5  0.26 0.10
   72 Y   -2 -2 -1 -1  3 -2 -2 -2 -1 -1  0 -2  0  4 -3  1  0  3  4 -1    1   0   3   4   8   0   0   2   0   2   9   0   2  21   0  13   4   3  23   3  0.32 0.11
   73 M    0 -2  0 -1 -2  0  1 -1 -2  0  1 -1  3 -1  2  0 -1 -3 -2  0    5   0   4   0   0   5  13   3   0   5  15   0  16   2  11   8   2   0   0   9  0.14 0.07
   74 N   -2  0  3  0 -3  2  0 -2 -1 -3 -1  3 -2 -3  3  0  0 -4 -3 -3    0   3  21   4   0   8   2   0   0   0   7  31   0   0  14   5   4   0   0   0  0.40 0.12
   75 Y   -1 -1 -1  0 -2 -2 -2  0 -1 -1  0 -2 -1  3 -1  0  0  3  3  0    3   4   3   6   0   0   0   9   0   2  12   0   0  15   3   8   4   5  16   9  0.15 0.07
   76 F   -1 -1 -3 -2  6 -3 -3 -3  0  1 -1 -3 -1  4 -2 -1  0  2  3 -1    3   4   0   2  26   0   0   0   2  13   0   0   1  20   2   4   6   3  12   0  0.51 0.16
   77 R    0  4  0 -2 -1  0 -1  0  0 -3 -3  0 -2 -2  3 -1  0 -3 -3 -3    9  38   3   0   1   3   2   9   2   0   1   2   0   2  19   2   6   0   0   1  0.48 0.14
   78 Y   -1  0  0  0 -2 -1 -2 -2  1  1  0 -1  0  3  1 -1 -1 -2  1  1    5   5   4   6   0   0   1   1   5   8   6   5   1  21   8   4   3   0   4  13  0.10 0.06
   79 P    0  0  1 -2 -1 -1 -1 -1 -2 -2 -3 -1 -1 -2  5  1  0 -3  2  0    5   6   7   0   1   0   3   5   0   0   1   2   2   0  34  10   6   0   9   8  0.49 0.13
   80 D    0  0  1  3  1 -1  1 -1 -1 -2 -1  1 -2 -1 -2  1  0 -3 -2 -1   10   3   5  19   5   0   9   2   1   1   8  10   0   3   0  16   6   0   0   2  0.15 0.07
   81 R   -1  3 -1 -1  1  2  1 -3  1 -2 -1  0  0 -1  1  0  1 -3  0 -2    2  24   0   0   4  11  12   1   4   0   6   3   4   2   6   5   9   0   3   1  0.22 0.10
   82 S    0  0  1 -1 -2  1  0  0 -2 -1 -1 -1 -1 -2  2  1  2 -3 -1  0    8   7   6   2   0  11   3   7   0   0   4   1   0   1   9  12  15   0   1  11  0.14 0.07
   83 S    1 -2  0 -1 -2  2 -1  1 -1 -2 -2 -1 -2 -1  4  1  0 -3 -1  0   11   0   3   2   0  11   0   9   1   0   3   3   0   4  23  12   6   0   2   7  0.30 0.10
   84 F    0 -2 -2 -2  0 -1 -1 -2 -2  1  2 -2  2  2  0  0  0 -2 -1  1   11   0   0   0   3   1   3   2   0   9  21   0   6  14   5  11   6   0   0   7  0.12 0.07
   85 N    0 -1  3  2 -1  0  0 -1  1 -1 -1  0 -1 -3  1  1  0 -3 -2 -2    7   3  19  11   1   3   4   4   4   4   6   4   2   0   7  16   5   0   0   0  0.18 0.07
   86 G    0  1  0  0  0  0  0  1  1 -2 -1  0  0 -3  3  1  0 -3 -2 -1    8   8   3   5   2   3   3  14   5   0   5   3   3   0  14  17   3   0   0   3  0.19 0.07
   87 T    0 -2  1  0 -2 -1 -2 -2  0  1  0 -1  1 -2  4  0  1 -3  0  0    4   1  10   4   0   3   0   1   2  11   7   1   4   0  23   9   9   0   5   4  0.26 0.09
   88 Q    0  2  0 -1  2  0  0  0  1 -1 -1  0 -2 -1  3  1  0 -3 -2 -1    5  15   5   2   6   4   6   5   4   3   4   4   0   4  14  12   4   0   0   3  0.15 0.06
   89 T    0  1  0  0 -2  0  1 -1 -1 -1 -1  1  1 -1  3  0  1 -3 -1 -1   10   7   4   6   0   4   8   2   0   3   2   7   7   3  14   8   8   0   1   5  0.14 0.05
   90 K    1  2  1  0 -1  0 -1  1 -1 -2 -1  2 -1 -3  2  0 -1 -3 -1 -2   12  16  11   4   1   2   1  10   0   0   6  15   2   0  10   5   2   0   2   1  0.18 0.08
   91 T    1  0  1  1 -2 -1  1 -1 -2  0  0  0 -1 -2  1  1  2 -3 -2 -1   12   6   7   6   0   0   8   4   0   6   9   4   0   2   5  14  17   0   0   0  0.12 0.07
   92 L    0  0 -1 -1 -1  0 -1 -1 -1  1  1 -1  2 -2  1  0  0 -3 -2  1    9   4   2   3   1   3   3   3   2   4  21   3   8   0   8   6   3   0   0  17  0.08 0.06
   93 H    1  0  0  1 -3  0  0  0  4 -1 -2  0 -2 -1  1  0  0 -3  1 -1   15   5   3   7   0   2   6   5  18   3   1   5   0   1   7   7   4   0   5   5  0.16 0.08
   94 T    1  0  0 -2  0  0  0 -2 -1 -1 -1  0 -1 -3  2  1  2 -3 -2  0   17   4   3   0   2   3   7   1   1   4   3   7   0   0   9  11  21   0   0   6  0.18 0.09
   95 R    0  3 -1  0 -3  1  1  0  0 -3 -2  1 -2 -2  1  2 -1 -3 -2 -1   10  24   0   5   0   6   8   5   2   0   2   7   0   1   7  17   2   0   0   5  0.25 0.11
   96 P    0  1  0 -1 -1 -1  0 -1 -2 -3 -2  0  0 -4  6  0  1 -4 -3 -2   10  11   5   2   1   1   4   3   0   0   3   3   2   0  38   5   8   0   0   3  0.62 0.17
   97 L    1 -1 -1 -1  2  0 -1 -1 -1  0  1 -1  3 -2  1  0  0 -3 -2  0   12   4   2   4   5   4   3   4   1   3  14   2  14   1   7   7   6   0   0   8  0.07 0.07
   98 L    1 -3 -1 -2 -2 -2 -2 -2 -2  0  2 -2  2  1 -1  0 -1 -1  0  2   16   0   2   2   0   0   1   1   1   3  22   0   8   6   2  10   1   1   3  20  0.17 0.11
   99 E    0  1  1  2 -3  1  3 -2  1 -2 -2  0 -2 -3  2  0  0 -3 -2 -2    9  10   5  10   0   4  22   2   3   2   4   4   0   0  11   6   5   0   1   2  0.25 0.11
  100 D    0 -1  0  3 -2  1  1 -1  1 -2 -3  0 -3 -4  3  0  2 -4 -2 -2    6   1   3  22   1   7   9   3   3   2   0   6   0   0  14   7  14   0   1   1  0.34 0.14
  101 L    0  1 -1 -2  1  0  0 -1 -1  0  1  0  0  0  2  0  1 -1  1  0    6  12   2   1   3   2   4   3   0   4  15   5   2   4   9   3  14   1   5   5  0.07 0.06
  102 D    0  0  0  2 -2  1  3  0  0 -2 -2  0 -1 -3  0  1  1 -3 -3 -1    5   3   3  14   0   5  21   8   2   1   4   4   2   0   4  11   9   0   0   3  0.21 0.10
  103 R    1  3  0 -1 -3  0 -1 -2  0 -3 -3  2 -2 -4  2  3  1 -4 -3 -2   12  17   3   1   0   2   3   2   2   0   1  16   0   0   8  25   6   0   0   2  0.34 0.17
  104 D   -1  0  0  2 -1  0  1 -1  0 -1  0 -1 -1 -2  1  1  0 -3 -2  0    3   5   5  16   1   1  13   4   3   3  11   2   0   1   7  14   4   0   0   8  0.13 0.09
  105 A    2  0 -1  1  1  0  1  0  0  0 -1  0 -1 -3 -1  1  1 -3 -2  0   21   3   1   8   5   3   9   6   2   7   4   5   1   0   2   9   7   0   0   6  0.09 0.07
  106 E    0 -1 -1  3 -3  1  3 -1 -1 -2 -2  0 -2 -2  0  1  0 -4 -3 -1    8   1   1  15   0   7  26   3   1   2   3   6   0   2   4  12   5   0   0   3  0.30 0.17
  107 V    0 -1 -1 -2 -2 -1  0 -1 -2  2  2 -2  1 -2 -3 -2 -1 -3 -1  3    6   3   2   1   1   3   8   5   1   9  19   2   4   0   1   2   2   0   1  29  0.19 0.14
  108 D   -1 -2  2  7 -5 -1  2 -3 -2 -5 -5 -2 -5 -6 -4  0 -1 -6 -5 -4    4   2   7  57   0   2  12   2   1   0   0   1   0   0   0   8   3   0   0   1  1.15 0.42
  109 D    0 -1  0  2 -3  0  1  0 -3 -2 -2 -1 -2 -4  5 -1 -2  4 -2 -3    8   2   4  12   0   3  10   7   0   3   4   3   1   0  30   4   2   6   1   1  0.54 0.25
  110 V   -3 -5 -6 -6 -4 -5 -6 -6 -6  5  3 -5  1  0 -5 -5 -3 -5 -3  5    0   0   0   0   0   0   0   0   0  30  27   0   2   4   0   0   0   0   0  36  1.08 0.41
  111 W   -8 -8 -9-10 -8 -7 -8 -8 -8 -8 -5 -8 -7 -1 -9 -8 -8 13 -2 -8    0   0   0   0   0   0   0   0   0   0   1   0   0   2   0   0   0  97   0   0  5.02 1.22
  112 A    1  0  1  2 -4  3  1 -2  1 -3 -1  0  0 -3 -2  1  0 -4 -2 -2   11   5   8  12   0  17  10   2   3   0   5   3   3   1   1   9   6   0   1   1  0.24 0.17
  113 K    1  3  0 -1 -2  3  1 -3  0 -2 -2  1 -2 -3 -3  0  0 -2 -3 -1   11  20   4   3   1  16  10   1   2   2   3   9   1   1   0   8   6   0   0   5  0.30 0.20
  114 I   -4 -6 -6 -6 -4 -5 -6 -7 -6  6  4 -6  4 -2 -6 -5 -4 -5 -4  1    1   0   0   0   0   0   0   0   0  48  32   0  11   1   0   0   0   0   0   8  1.31 0.47
  115 R   -4  6 -2 -4  2  2 -3 -5 -2 -2 -2  3 -4 -4 -5 -3 -2 -6 -4 -1    0  52   1   0   4   9   0   0   1   2   4  17   0   0   0   1   2   0   0   4  1.09 0.46
  116 E    2  0  0  1 -2  2  2 -2  0 -3 -2  0 -2 -3 -3  1  0 -3 -2 -2   22   6   4   9   1  10  18   2   2   1   2   6   0   1   0   9   4   0   1   2  0.28 0.19
  117 E   -4 -3 -4 -1 -4  2  7 -3 -3 -7 -5 -3 -6 -7 -4 -3 -3 -7 -6 -5    1   0   0   3   0   7  83   2   0   0   1   0   0   0   0   0   1   0   0   1  1.95 0.69
  118 A    7 -5 -5 -5 -3 -5 -5 -3 -5 -3 -5 -4 -4 -6 -5 -2 -1 -6 -5  0   88   0   0   0   0   0   0   1   0   1   0   0   0   0   0   1   4   0   0   5  1.77 0.66
  119 K    0  4 -2 -2  0  3  3 -4  0 -4 -3  3 -2 -5 -4 -1 -2 -4 -2 -3    6  26   1   0   2  12  23   1   2   0   3  15   1   0   0   4   2   0   1   2  0.61 0.31
  120 S    1  2 -1  1 -1  1  2 -2  0 -1  0  0 -1 -2 -3  1  0 -3 -2 -1   14  11   2   8   1   8  16   1   2   5   9   2   1   1   0  12   4   0   1   2  0.17 0.15
  121 D    2 -1 -2  2 -3 -1  1 -2 -1  0  1 -2  1 -2 -3 -1 -2 -4 -2  1   26   3   1  16   0   3   9   2   1   4  19   1   3   1   0   2   1   0   1   8  0.22 0.19
  122 I    4 -3 -4 -4  0 -3 -3 -1 -4  2  0 -2  1 -3 -3  0 -2 -5 -3  3   42   1   0   0   1   0   0   3   0  10   8   1   3   0   0   7   1   0   0  19  0.53 0.30
  123 A    2  2  0  3  1  1  3 -2 -2 -3 -3  1 -3 -4 -3 -1 -1 -5 -3 -2   17  11   3  19   3   6  23   1   1   1   1   6   0   0   0   2   2   0   0   2  0.44 0.25
  124 K    1  3  1  0  2  1  1  0  1 -3 -3  2 -2 -4 -3  1  0 -4 -3 -3   13  18   6   4   4   8   8   6   3   0   1  11   0   0   0  12   4   0   0   1  0.28 0.18
  125 E   -3 -4  0  3 -7  0  7 -5 -4 -7 -7 -3 -6 -4 -5 -3 -4 -7 -6 -6    1   0   3  14   0   2  77   0   0   0   0   0   0   1   0   1   0   0   0   0  1.83 0.65
  126 P   -3 -4 -6 -6 -7 -4 -4 -5 -4 -7 -6 -5 -6 -8  9 -4 -4 -8 -7 -6    2   1   0   0   0   0   1   1   0   0   1   0   0   0  92   1   1   0   0   0  2.97 0.84
  127 I    2 -3 -3 -2 -2 -2 -1 -3 -3  2  2 -3  4 -1 -4 -2  0 -2 -2  1   19   1   0   2   0   1   5   0   0  15  25   0  11   2   0   1   5   1   0   9  0.33 0.21
  128 V   -4 -5 -7 -7 -5 -5 -6 -7 -6  0  6 -6  3  0 -6 -4 -4 -5 -1 -1    1   0   0   0   0   0   0   0   0   4  82   0   6   3   0   1   0   0   2   2  1.52 0.53
  129 S    5  0 -2 -4 -4 -1 -2  2 -4 -4 -4 -1 -2 -5 -4  2 -1 -5 -3 -3   52   5   1   0   0   2   1  15   0   0   1   3   1   0   0  15   2   0   1   1  0.76 0.37
  130 A    0  0  0  0 -4 -2 -2  2 -3 -4 -4 -1 -1 -4  1  5  0 -5 -4 -3    5   5   3   5   0   1   1  15   0   1   1   4   1   0   6  47   3   0   0   1  0.61 0.34
  131 Y   -2 -5 -4 -6 -5 -4 -5 -5  0 -2  1 -5 -1  7 -5 -3 -3  0  5 -1    3   0   0   0   0   0   0   1   2   2  14   0   1  50   0   2   1   1  18   3  1.30 0.46
  132 Y   -3 -5 -6 -6 -4 -5 -5 -5 -4  2  4 -5  1  3 -5 -4 -4 -3  4  1    2   0   0   0   0   0   0   1   0   9  48   0   2  13   0   0   0   0  14  11  0.90 0.36
  133 H   -1  0  1 -1 -4  1 -1 -4  6 -3 -3 -2 -3  0 -5 -2 -1 -2  6 -2    5   5   7   3   0   7   4   1  24   1   1   1   0   4   0   2   3   0  29   3  0.82 0.36
  134 A    4 -1 -1  0 -3  0  0 -1 -2 -3 -3 -1  0 -4 -2  3  1 -5 -4 -3   38   4   3   5   0   4   5   3   1   1   1   2   2   0   1  24   7   0   0   1  0.49 0.29
  135 S    1 -2 -1 -3  2 -1 -2 -2  1 -2 -1 -2 -3 -2 -3  2  5 -5 -1 -1   12   1   3   0   5   3   1   2   4   1   5   1   0   1   0  19  38   0   2   2  0.55 0.32
  136 I   -4 -6 -6 -6 -3 -6 -6 -5 -6  6  1 -6 -2 -2 -6 -5 -4 -6 -4  5    0   0   0   0   0   0   0   1   0  52  10   0   0   1   0   0   0   0   0  36  1.44 0.49
  137 V   -3 -4 -6 -4 -4 -4 -6 -5 -3  1  6 -5 -1 -2 -6 -5 -2 -5 -4 -2    1   1   0   1   0   0   0   1   1   6  84   0   0   1   0   0   2   0   0   1  1.45 0.52
  138 S    1  1  3  1 -1  1  0 -1  3 -4 -3  1 -2 -4 -2  3 -1 -4 -2 -3   11   7  18   8   1   5   3   2   7   0   2  10   0   0   1  22   1   0   1   2  0.35 0.22
  139 Q   -3  0 -3 -5 -1  3 -3 -5 10 -6 -6 -3 -5 -1 -2 -3 -3  0  0 -6    2   6   1   0   1  11   0   0  67   0   0   1   0   2   2   1   1   1   3   0  2.12 0.66
  140 R    0  1  0  4 -4  0  2 -1  1 -4 -4  1 -4 -5  2  1 -1 -5 -3 -3    7   9   4  25   0   3  11   3   3   1   0   8   0   0  12   9   3   0   0   1  0.43 0.21
  141 S   -1 -1  2  2  3 -2 -2 -1 -1 -5 -5 -2 -4 -5 -2  4  2 -5 -4 -4    2   3  11  13   8   1   1   3   1   0   0   1   0   0   1  39  15   0   0   0  0.70 0.35
  142 L   -4 -5 -3 -4 -4 -5 -5 -6 -5  1  5 -5  1  5 -4 -5 -4 -3 -1 -2    0   0   1   1   0   0   0   0   0   6  58   0   2  28   1   0   0   0   1   1  1.21 0.43
  143 E    1 -2 -2  1 -2 -1  5  2 -2 -4 -4 -1 -4 -5 -2  0 -2 -3 -4 -3   14   1   1   5   1   1  46  15   0   1   1   2   0   0   1   6   2   0   0   2  0.70 0.34
  144 A    1  2  0  3  0  1  1  0 -1 -4 -4  0 -1 -4 -3  3  0 -2 -4 -3   13  13   3  16   2   7   8   6   1   0   0   3   1   0   0  23   3   0   0   0  0.36 0.21
  145 A    6 -4 -4 -4  0 -4 -4 -2 -5 -2 -4 -4 -1 -5 -4  2 -2 -5 -5  1   67   0   0   0   2   0   0   2   0   2   1   0   2   0   0  14   1   0   0   9  1.11 0.47
  146 L   -4 -5 -6 -6 -4 -5 -6 -6 -6  1  6 -5  0 -1 -4 -5 -4 -5 -4  2    1   0   0   0   0   0   0   0   0   5  79   0   1   1   1   0   0   0   0  12  1.40 0.48
  147 A    4 -4 -3 -4  1 -3 -3 -1 -4 -1 -4 -3 -3 -3 -4  4 -1 -5 -4 -1   43   0   1   0   2   0   0   4   0   5   0   0   0   1   0  37   2   0   0   4  0.86 0.40
  148 N   -1  0  0 -2 -3 -1 -3 -3  4 -3 -3 -4 -1  6 -4 -1 -3 -2  5 -3    5   5   5   2   1   3   1   2  11   0   1   0   1  31   1   5   1   0  24   1  0.83 0.35
  149 T   -3  4 -1 -4 -4  1 -3 -5  5  2  1 -1  1 -3 -4 -2 -2 -4 -2  2    1  24   2   0   0   5   0   0  17  16  11   2   3   0   0   1   2   0   1  15  0.54 0.28
  150 L   -3 -5 -6 -6 -3 -5 -6 -7 -6  3  5 -5  0 -2 -6 -5 -3 -5 -4  1    1   0   0   0   0   0   0   0   0  18  69   0   0   1   0   0   1   0   0  10  1.28 0.45
  151 S    5 -4 -3 -4  1 -4 -4  1 -4 -5 -5 -4 -4 -4 -4  3 -1 -6 -5 -3   60   0   1   0   3   0   0  11   0   0   0   0   0   0   0  23   2   0   0   1  1.13 0.47
  152 V    0  1  5  0 -1  1  1 -2  1 -2 -2 -1 -1 -4 -3  1 -1 -5 -2 -1   10   9  32   4   1   5   8   1   4   2   3   1   2   0   1  10   2   0   1   4  0.39 0.23
  153 K   -2  5 -2 -2 -6  1 -2 -5 -2 -6 -5  6 -4 -6 -4 -3 -2 -6 -3 -4    3  27   1   2   0   7   1   0   1   0   1  54   0   0   0   1   2   0   1   1  1.27 0.47
  154 L   -4 -5 -6 -7 -5 -5 -6 -7 -6  0  6 -5  1 -2 -6 -5 -4 -5 -4 -2    0   0   0   0   0   0   0   0   0   2  91   1   3   1   0   1   0   0   0   1  1.72 0.56
  155 S    3 -1 -1  1  3  0  0  2 -1 -4 -4 -1 -3 -3 -3  2 -1 -3 -3 -3   25   4   2  10   7   5   4  17   2   0   0   2   0   1   0  19   2   0   0   1  0.38 0.22
  156 N   -1 -1  4  3  1 -2 -1 -2  4 -3 -4 -2 -4 -4 -3  3  0 -5 -3 -2    3   3  22  17   3   1   2   3  10   1   1   1   0   0   0  26   6   0   0   2  0.60 0.29
  157 L    1 -1  1  1 -3 -1 -1  0  0 -3 -3  0 -3 -4  4  2  0 -2 -3 -2   15   3   7   6   0   2   3   6   3   0   3   5   0   0  22  18   5   0   0   2  0.39 0.20
  158 N    1 -2 -1  2 -3  0  1 -2  0  0 -2 -2 -1 -3 -2  1  2 -2 -1  1   12   1   1  11   0   4  11   1   2   7   1   0   1   0   1  11  18   1   2  14  0.20 0.16
  159 L   -1 -4 -5 -4 -3 -3 -2 -3 -4  2  3 -4  6  0 -4 -3 -2 -4 -2  2    6   0   0   0   0   0   3   1   0  11  33   0  23   4   1   0   1   0   1  16  0.69 0.30
  160 P   -1 -2 -2  1 -2  0  0 -1 -3 -3  1 -2 -2 -4  5  3 -2 -5 -4 -3    4   1   1   7   1   5   5   4   0   0  17   1   1   0  28  25   1   0   0   0  0.58 0.29
  161 S    3  1  0  0 -3  0  0  0 -1 -2 -3 -1  0 -4  0  2  0 -4 -2 -2   35   7   3   5   0   4   7   4   2   1   1   1   3   0   5  15   4   0   1   2  0.30 0.20
  162 N    0 -1  0  1 -3  0  0 -1  0  1  0 -1  2 -1 -1  0  2 -3 -1  0    6   3   2  11   0   5   4   4   3  11   6   3   8   3   3   8  16   0   1   4  0.08 0.09
  163 T    1  0 -2  0 -3  3  0 -3 -2  0  1 -1  0 -1 -3  0  2 -3  0  0   17   5   1   5   0  16   4   0   0   5  17   1   3   1   0   4  13   0   3   6  0.17 0.16
  164 L   -3 -5 -6 -6 -4 -5 -5 -6 -5  3  5 -5  0  1 -5 -4 -3  3 -1  1    1   0   0   0   0   0   0   0   0  18  60   0   1   4   0   0   0   4   1   9  1.00 0.36
  165 F    0  5 -1 -3 -3  0  0 -3  0 -1  0  0  1  2 -4 -1  0 -3  2 -2    7  34   2   0   0   4   4   1   2   4   7   4   4   8   0   3   5   0   8   1  0.36 0.21
  166 D    0 -1  0  4 -5  2  4 -2  0 -5 -5 -1 -3 -5 -2  0 -1 -5 -3 -4    7   3   3  25   0  10  34   3   2   0   0   3   0   0   1   5   3   0   1   0  0.70 0.30
  167 L   -1 -2 -4 -4 -2 -3 -2 -4  0  3  3 -3  1  1 -4 -2  0  1 -2  2    5   2   0   0   0   0   2   0   2  21  34   1   3   4   0   1   7   2   0  14  0.43 0.21
  168 F   -1 -5 -5 -6  1 -5 -5 -5 -4  3  1 -5  0  6 -5 -3 -3 -1  2  1    6   0   0   0   3   0   0   0   0  19   9   0   2  45   0   2   0   0   5   9  0.96 0.34
  169 S    0  1  1  2 -1  0  2 -2 -1 -1  0  0  1 -2 -3  1 -1 -3 -1 -1    8   8   8  12   2   3  16   1   1   2  14   4   5   1   0  10   2   0   1   3  0.13 0.10
  170 G    0 -1  1  3 -4  2  4  1 -1 -4 -4  0 -3 -4 -3  1 -1 -2 -3 -3    7   3   5  19   0   9  27   9   1   0   0   5   0   0   0  12   2   1   0   1  0.47 0.22
  171 V    4 -2 -3 -4 -1  0 -3 -2 -4  1 -1 -3  1 -2 -3 -1  0 -4 -3  3   48   2   0   0   1   4   0   1   0   6   3   0   5   2   0   2   6   0   0  20  0.55 0.29
  172 L   -3 -3 -5 -5 -4 -3 -3 -5  1  0  3 -4  3  5 -4 -4 -3 -1  5 -1    1   1   0   0   0   1   2   0   3   5  28   0   7  23   0   0   0   0  26   2  0.86 0.32
  173 Q    1  2  0  0 -2  1  1 -1  0 -1 -1  1  1 -3 -2  1  0 -3 -2 -1   16  13   3   5   0   7  12   2   2   4   4   8   4   0   0   9   5   0   1   4  0.14 0.10
  174 G    2  0  1  2 -3  0  1  0  1 -3 -2  1 -2 -4 -2  1  0 -4 -3 -3   24   5   7  15   0   4  10   5   3   0   3   7   0   0   0  13   3   0   0   0  0.28 0.16
  175 N   -1 -1  2  5  3 -1  1 -3  2 -4 -4 -1 -3 -3 -3  0 -1  2  1 -3    4   3   9  42   7   2   6   0   5   0   0   2   0   0   0   5   3   3   5   1  0.65 0.27
  176 P   -1 -1 -2  0 -2 -1  0 -3 -3 -4 -5  0 -1 -5  7 -2 -2 -5 -3 -2    5   4   1   6   1   3   5   1   1   0   0   6   2   0  58   2   2   0   1   2  1.26 0.38
  177 D    0  0  1  3 -1  1  3  1  0 -3 -3  0 -2 -3 -2  1  0 -3 -3 -3    5   3   5  17   1   6  22  10   2   1   2   4   0   1   1  14   5   0   0   1  0.32 0.16
  178 I   -2 -4 -5 -5 -3 -3 -5 -5 -5  5  3 -4  5  0 -5 -3 -3  2 -2  0    2   0   0   0   0   1   0   0   0  42  25   0  19   3   0   1   0   3   1   3  0.92 0.33
  179 V    0  1 -2 -2 -1 -1 -2  1 -3  2  1 -2  0  1 -3  0 -1 -2 -1  1    8  10   0   1   1   3   1  14   0  15  13   0   2   9   1   7   2   0   0  14  0.11 0.10
  180 E    1  2  0  1 -2  1  3 -1 -1 -2 -2  1 -2 -3 -2  1  0 -4 -2 -2   12  10   4   7   1   7  20   2   1   2   2  11   1   1   1  11   4   0   1   3  0.23 0.13
  181 S    3  0 -1 -1  1 -1 -2 -2 -1 -1 -2 -1  1 -2 -2  2  1 -3  1 -1   36   6   2   2   3   2   1   1   2   4   1   2   4   1   1  17   9   0   6   3  0.28 0.19
  182 V    3 -4 -4 -4  2 -3 -4 -3 -4  3  1 -3  1  0 -3 -2 -1 -4 -3  2   38   0   0   0   4   0   0   1   0  16  16   0   3   5   0   0   2   0   0  15  0.46 0.23
  183 K    2  4 -2 -3 -1  0  0 -2 -2  0 -1  2 -1 -3 -3 -1 -1 -1 -3  0   20  34   0   0   1   2   6   2   0   6   6  11   1   0   0   2   1   1   0   7  0.37 0.20
  184 L    3  1 -2 -1  2  1  1 -2  0 -2 -1  0 -2 -3 -3  0 -1 -2 -1 -1   39   9   1   3   6   7  10   0   2   1   5   4   0   0   0   3   3   0   2   4  0.28 0.19
  185 D   -5 -5 -2  8 -7 -3  0 -4 -4 -5 -7 -4 -6 -7 -5 -3 -4 -7 -6 -6    0   0   0  95   0   0   4   0   0   1   0   0   0   0   0   0   0   0   0   0  2.37 0.60
  186 L   -1 -4 -5 -5 -3 -4 -5 -5 -5  5  4 -4  3  1 -5 -4 -3 -4 -2  1    4   0   0   0   0   0   0   0   0  38  40   0   8   6   0   0   0   0   0   3  0.84 0.29
  187 L   -1  2  0 -1  0  4  0 -2  0  0  0  2  0 -2 -2 -1 -1 -4 -2  0    4  14   3   3   3  25   4   1   2   5  10  11   2   1   1   1   2   0   1   8  0.23 0.15
  188 A    6 -4 -4 -4  0 -3 -3 -2 -1  1 -3 -3 -2 -3 -3 -1 -2 -5 -4  1   76   0   0   0   1   0   0   1   2   7   0   0   0   1   0   0   1   0   0   9  1.04 0.39
  189 V    0 -4 -4 -4  0 -3 -4 -4 -2  4  0 -4 -1  0 -4 -3  0 -3 -1  5    5   0   0   0   1   1   0   0   1  28   4   0   0   4   0   1   5   0   2  46  0.68 0.27
  190 K   -2  3 -2 -3 -1 -1 -2 -4 -1 -1  0  1  0  4 -4 -2 -2 -2  3  1    2  18   1   1   2   1   2   0   1   2   8  12   2  24   0   1   1   0  13  10  0.37 0.19
  191 E   -1 -1  0  4 -5  1  5 -3 -1 -3 -2 -1 -2 -4 -3  0 -1 -5 -3 -3    3   1   3  26   0   4  43   0   1   2   3   1   1   0   0   5   4   0   0   1  0.71 0.27
  192 R   -4  8 -2 -4 -4 -1 -2 -3  0 -5 -4  0 -4 -5 -5 -3 -4 -5 -4 -3    0  87   1   0   0   1   1   2   2   0   1   1   0   0   0   1   0   0   0   2  1.88 0.51
  193 D   -4 -4  0  8 -6 -3 -1 -4 -4 -6 -6 -3 -6 -6 -4 -3 -4 -6 -6 -6    0   0   3  93   0   0   0   0   0   0   0   0   0   0   0   0   0   0   0   0  2.25 0.56
  194 P   -1 -5 -5 -4 -5 -4 -4 -5 -5 -5 -5 -4 -5 -6  8 -2 -4 -6 -5 -5    5   0   0   0   0   0   0   0   0   0   0   0   0   0  89   3   0   0   0   0  2.60 0.58
  195 A    6 -4 -4 -4 -3 -3 -3 -2 -4 -4 -4 -3 -3 -4 -3  0 -2 -5 -4 -2   89   0   0   0   0   0   0   1   0   0   0   0   0   0   0   4   1   0   0   1  1.45 0.46
  196 C    2 -4 -3 -4  9 -4 -4 -4 -4  1 -3 -4 -2 -2 -4 -1  0 -4 -2  1   22   0   1   0  44   0   0   0   0   7   0   0   0   1   0   3   6   0   1  12  1.11 0.34
  197 I   -1  2  0  2 -2  0  0 -1  2 -1 -1  1 -2 -3  0  0  1 -4 -2 -1    5  14   3  17   0   1   6   2   7   3   5  11   0   1   5   5   9   0   0   5  0.16 0.10
  198 S   -1  3  2  1 -2  0  0  1  0 -3 -3  1 -1 -3 -3  3  0 -4 -1 -3    2  20  10   7   1   2   3   9   2   0   2   6   2   1   0  26   6   0   2   0  0.30 0.16
  199 Y   -2 -2 -1 -4 -2 -3 -4 -4  1 -1  1 -3  1  3 -2 -3 -2  5  6 -1    4   1   3   0   1   0   0   0   3   3  16   1   3  14   2   1   2   8  35   4  0.71 0.26
  200 V   -1 -3 -3 -4  0 -3 -3 -4 -3  1  4 -3  2  0 -3  1 -1  1 -1  2    2   0   0   0   2   0   0   0   0   7  44   0   4   3   0  16   3   2   2  13  0.41 0.20
  201 H   -2 -2 -1  0  1  2  4 -4  4 -2 -2 -2  0 -3 -1 -1  3 -2 -2 -2    2   0   1   4   4  10  31   0  15   2   2   0   3   0   3   2  20   1   0   1  0.49 0.24
  202 C    1 -4 -4 -4  4 -4 -4 -4 -5 -1 -3 -4 -3 -4  6 -3 -1 -5 -4  3   12   0   0   0  11   0   0   0   0   3   0   0   0   0  43   0   2   0   0  28  1.14 0.36
  203 F   -3 -4 -5 -5 -3 -4 -5 -5 -4  2  4 -4  1  5 -5 -4 -3 -3 -1  1    1   0   0   0   0   0   0   0   0  10  49   0   2  25   0   0   0   0   1  11  0.84 0.28
  204 L   -4 -4 -6 -6 -1 -4 -5 -6 -5  0  6 -5  1  1 -5 -4 -3 -4 -3 -1    0   0   0   0   1   0   0   0   0   1  88   0   1   5   0   0   1   0   0   1  1.35 0.41
  205 H   -3 -4  2 -3  5 -3 -4 -4  3 -3 -2 -4 -3  5 -4 -2 -1 -1  6 -3    0   0  11   1  13   0   0   1   6   0   1   0   0  23   0   2   4   0  36   1  1.02 0.33
  206 F   -3 -4 -4 -5 -4 -3 -5 -5 -1 -2  1 -4 -1  6 -5 -1 -4 -1  6 -3    1   0   0   0   0   1   0   0   1   0  15   0   1  44   0   6   0   0  31   0  1.26 0.38
  207 K   -3  0 -3 -3 -5 -2 -2 -3 -3 -5 -5  7 -4 -6  3 -1 -3 -6 -4 -5    1   3   0   0   0   0   0   1   0   0   0  75   0   0  17   3   0   0   0   0  1.46 0.46
  208 G   -2 -5 -3 -4 -5 -5 -5  7 -5 -6 -6 -4 -5 -6 -5 -1 -3 -5 -6 -5    1   0   0   0   0   0   0  95   0   0   0   0   0   0   0   3   1   0   0   1  2.12 0.53
  209 F   -5 -5 -6 -6 -3 -5 -6 -6 -3 -1  1 -5 -2  8 -5 -5 -4  1  5 -3    0   0   0   0   0   0   0   0   0   2  12   0   0  68   0   0   0   1  16   1  1.74 0.46
  210 L   -3 -1 -3 -4 -5  4 -2 -5  9 -3  1 -1 -3 -4 -5 -3 -4 -3 -2 -2    2   1   0   0   0  24   0   0  50   1  15   3   0   0   0   1   0   0   0   3  1.37 0.45
  211 A    6 -4 -4 -4 -3 -3 -4  0 -4 -4 -4 -3 -4 -5 -4  0 -3 -5 -5 -2   89   0   0   0   0   0   0   4   0   0   0   0   0   0   0   5   0   0   0   2  1.48 0.49
  212 C   -3 -4 -5 -5  3 -4 -5 -6 -5  4  4 -4  0 -2 -5 -4 -2 -4 -3  1    0   0   0   0   6   0   0   0   0  31  53   0   1   0   0   0   1   0   0   8  0.93 0.30
  213 Q   -2 -2 -3 -3 -2  8  0 -5 -3 -2  0 -2 -1 -5 -4 -3 -3  3 -4 -2    2   0   0   0   1  74   3   0   0   2   8   0   1   0   0   0   1   5   0   3  1.45 0.47
  214 A    4 -2 -2 -3  1 -2 -3 -1 -1 -1  0 -2  0  1 -3  1  2 -2 -2 -1   48   1   0   0   3   0   0   3   1   2   7   0   2   6   0   9  14   1   0   3  0.43 0.22
  215 H   -4 -3 -3 -5 -6  0 -3 -5  9 -5 -5 -4 -4 -1 -5 -3 -4  2  6 -5    0   0   0   0   0   4   0   0  58   0   0   0   0   1   0   1   0   2  33   0  2.12 0.53
  216 R   -1  8 -3 -5 -6 -2 -3 -5 -3 -6 -5  0 -4 -6 -5 -4 -4 -6 -5 -5    5  94   0   0   0   0   0   0   0   0   0   1   0   0   0   0   0   0   0   0  2.19 0.56
  217 I   -1 -4 -5 -5  3 -4 -4 -5 -5  4  2 -4  0  1 -4 -3 -2 -4 -3  4    4   0   0   0   6   0   0   0   0  30  21   0   1   5   0   0   0   0   0  34  0.70 0.24
  218 A    6 -4 -2 -4 -2 -2 -3  1 -4 -3 -4 -3 -3 -5 -3  2 -1 -5 -4 -3   72   0   2   0   1   1   0   7   0   0   0   0   0   0   0  15   3   0   0   0  1.01 0.36
  219 H   -4 -2  3 -4 -6 -3 -3 -5 10 -6 -2 -4 -4 -4 -5 -3 -4 -5 -1 -6    1   1  11   0   0   0   0   0  80   0   5   0   0   0   0   1   0   0   1   0  2.42 0.58
  220 E    0  0 -3 -2  1 -2 -2 -3  1 -3 -3  0 -2  1 -4 -2 -3 10  2 -1    9   5   1   2   4   1   2   1   4   1   2   6   0   5   0   2   1  44   7   4  1.31 0.33
  221 L   -3 -5 -6 -6 -2 -5 -5 -6 -4 -1  6 -5  0  1 -5 -5 -4 -2 -2 -1    1   0   0   0   1   0   0   0   0   0  90   0   1   5   0   0   0   0   1   0  1.37 0.40
  222 W   -6 -4 -6 -7 -6 -3 -6 -6  1 -5 -3 -5 -2 -1 -7 -6 -6 12  4 -6    0   1   0   0   0   1   0   0   3   0   1   0   1   1   0   0   0  76  15   0  3.38 0.67
  223 T   -1  2  2 -1  1  1  0 -1  2 -2  0  2 -1 -3 -3  0  0 -4 -2 -2    3  14  16   0   4   7   2   5   7   1  12  15   0   0   0   5   7   0   1   1  0.20 0.13
  224 Q   -1  3  1  0 -4  4  1 -2  3 -2 -2  2 -1 -4 -3 -1 -1 -4 -2 -3    6  17   8   3   0  25   9   1  10   2   2  10   1   0   0   3   2   0   0   1  0.44 0.19
  225 D   -1  0  2  1 -3 -1  0  5 -2 -5 -4  1 -3 -4 -3 -1 -3 -4 -4 -4    1   5   9   9   0   2   7  53   1   0   0   8   0   0   0   2   0   0   0   0  0.76 0.24
  226 R   -3  6 -2 -1 -4  0 -1 -3  1 -1 -1  1 -1 -1 -3 -2 -3  0 -2 -2    0  60   1   3   0   3   2   1   4   3   7   4   1   3   0   1   0   2   1   2  0.83 0.28
  227 K   -1  3 -1 -2 -4  1  0 -3  2 -2 -2  3 -2  0  2 -1  0 -2  1 -1    2  22   1   1   0   5   4   1   5   2   1  25   0   4   9   3   4   0   5   4  0.34 0.16
  228 I    0 -2 -1  3 -3 -1  0 -2  0 -1  0 -2 -1  2  1  0  1 -3 -1  0    9   1   0  20   0   2   7   1   3   3   9   0   1  12   6   8   8   0   1   8  0.13 0.09
  229 L   -2 -4 -5 -5 -3 -4 -4 -5 -4  2  4 -4  3  3 -3 -2 -2 -1 -1  0    2   0   0   0   0   0   0   0   0  14  57   0   7  12   1   2   1   0   1   2  0.72 0.26
  230 A    6 -4 -4 -4 -3 -3 -3 -2 -4 -4 -4 -3 -4 -5  2  0 -3 -5 -4 -3   86   0   0   0   0   0   0   1   0   0   0   0   0   0  10   3   0   0   0   0  1.42 0.45
  231 L   -2  4 -2 -4 -1 -1 -3 -4 -1  0  3 -1  1  1 -4 -2 -2 -3  2  0    1  28   1   0   1   2   0   0   2   3  37   1   3   5   0   3   2   0  10   4  0.44 0.21
  232 L    0 -3 -4 -4 -3 -3 -3 -3  2 -1  2 -3  1  4 -4 -3 -2  4  5 -1    9   1   0   0   0   0   0   1   5   1  20   1   4  23   0   1   1   6  25   2  0.64 0.22
  233 I   -3 -4 -4 -5 -1 -4 -4 -5 -4  4  4 -4  1  2 -4 -4 -2 -3 -1  1    0   0   0   0   1   0   0   0   0  30  46   0   2  10   0   0   0   0   1   6  0.74 0.24
  234 Q   -2 -2 -2 -3 -4  7 -1 -4  1 -5 -4 -1 -2 -5 -3  3 -2 -4 -2 -4    2   0   0   0   0  69   0   0   3   0   0   0   1   0   0  21   0   0   1   0  1.45 0.46
  235 N    0 -2  4 -2 -3  2 -2 -2  3 -4 -3 -2  1 -3 -3  4 -1 -4 -2 -3    4   0  25   0   0  11   0   2   8   0   1   0   5   1   0  41   1   0   0   0  0.66 0.28
  236 R   -3  6 -2 -3 -1  2  0 -4 -1  0  0  0 -1  0 -4 -2 -2  0 -3 -2    1  56   0   0   1  10   4   0   1   6   8   1   1   5   0   1   1   2   0   2  0.77 0.28
  237 V    2 -3  0 -3  1 -2 -3 -1 -3  3 -1 -2  1 -2 -3  2  0 -4 -3  2   20   0   4   0   4   0   0   4   0  24   0   0   4   0   0  20   3   0   0  15  0.29 0.17
  238 S    0  4  0 -3 -1 -2 -2 -3 -3 -5 -5 -2 -4 -5 -3  6 -1 -5 -4 -2    6  22   2   0   1   0   0   0   0   0   0   0   0   0   0  65   0   0   0   2  1.03 0.39
  239 E   -1  0  0  0  0  0  4 -3 -2 -2 -2 -1 -1  2 -3  1 -1  1 -2  0    5   4   4   4   3   2  36   0   0   1   3   2   1  13   0  10   3   2   0   8  0.30 0.18
  240 A    0 -2 -3 -4 -2 -2 -2 -4 -4  2  2 -1  0  0 -4 -1  0 -4 -2  4    9   2   1   0   0   0   2   0   0   6  19   4   1   4   0   3   5   0   0  43  0.38 0.19
  241 F   -4 -4 -4 -5 -1 -4 -5 -5 -3 -2  0 -4 -2  7 -5 -1  3  1  2 -3    0   0   0   0   2   0   0   0   0   0   9   0   0  59   0   5  20   2   3   0  1.19 0.37
  242 A    2 -3 -1 -1 -3  3 -2  5  0 -4 -4 -2 -3 -5 -3  0 -2 -4 -4 -1   16   0   1   3   0  18   0  47   2   0   0   0   0   0   0   6   0   0   0   5  0.74 0.27
  243 V    0 -4 -4 -5  0 -4 -4 -5 -5  4 -1 -4  1 -3 -2 -3  1 -5 -3  5    6   0   0   0   2   0   0   0   0  26   1   0   4   0   2   0   8   0   0  51  0.81 0.29
  244 D   -4 -4 -1  7 -6 -2  4 -4 -3 -6 -6 -3 -5 -6 -4 -1 -3 -7 -5 -6    0   0   0  73   0   0  25   0   0   0   0   0   0   0   0   3   0   0   0   0  1.76 0.46
  245 F   -3 -6 -6 -6 -4 -5 -6 -6 -6  7 -1 -5 -1 -2 -5 -1 -3 -5 -4  1    0   0   0   0   0   0   0   0   0  89   2   0   0   1   0   5   0   0   0   3  1.67 0.46
  246 H   -5 -3  2 -4 -6 -3 -3 -5 11 -7 -6 -4 -5 -5 -6 -4 -5 -6 -2 -7    0   0   7   0   0   0   0   0  93   0   0   0   0   0   0   0   0   0   0   0  3.09 0.68
  247 P   -4 -5 -5 -4 -5 -4 -4 -5 -5 -5 -5 -4 -5 -6  9 -4 -4 -6 -5 -5    0   0   0   0   0   0   0   0   0   0   0   0   0   0  95   0   0   0   0   0  2.88 0.58
  248 G    5 -3 -2 -3 -1 -2 -3  3 -3 -4 -4 -3 -3 -4 -3  0 -2 -4 -4 -3   64   0   1   0   1   1   1  27   0   0   0   0   0   0   0   3   0   0   0   0  0.98 0.33
  249 A    6 -4 -4 -4  1 -3 -3 -2 -4 -3 -4 -3 -3 -4 -3  0 -2 -5 -4 -1   86   0   0   0   2   0   0   0   0   0   0   0   0   0   0   4   1   0   0   3  1.31 0.41
  250 K   -2  5 -1 -2 -3  1  0 -3 -1 -3 -3  4 -1 -3 -1 -1  1 -3 -2 -1    1  35   1   0   0   7   2   1   1   1   1  28   2   0   3   4   8   0   1   4  0.58 0.22
  251 I   -4 -5 -6 -6 -4 -5 -5 -6 -5  7  1 -5  2  2 -5 -5 -3 -4 -3  1    0   0   0   0   0   0   0   0   0  73   9   0   4   8   0   0   0   0   0   6  1.30 0.38
  252 G   -2  0 -3 -4 -5 -4 -5  7 -5 -6 -6 -4 -5 -6 -5 -3 -4 -5 -6 -6    1   5   0   0   0   0   0  93   0   0   0   0   0   0   0   1   0   0   0   0  2.01 0.48
  253 T   -1  3 -1 -2  2  2  0  0  2 -4 -4  3 -2 -4 -3  1 -1 -3 -2 -3    3  22   1   1   6   8   6   8   5   0   0  25   0   0   0   9   4   0   1   1  0.42 0.19
  254 G   -1  0 -3 -4 -3 -4 -4  7 -4 -6 -6 -3 -5 -6 -5  0 -4 -5 -5 -5    3   5   0   0   0   0   0  85   0   0   0   1   0   0   0   5   0   0   0   0  1.71 0.43
  255 I   -3 -5 -5 -5  0 -4 -5 -5 -5  5  2 -4  2  1 -5 -4 -2 -4 -3  4    0   0   0   0   2   0   0   0   0  47  13   0   5   5   0   0   0   0   0  26  0.88 0.28
  256 L   -4 -4 -5 -6 -4 -4 -5 -5 -4 -1  2 -5  7  6 -5 -4 -3 -3  0 -1    0   0   0   0   0   0   0   0   0   0  18   0  38  39   0   1   0   0   2   2  1.36 0.41
  257 L   -3 -4 -5 -5 -3 -4 -5 -5 -5  5  4 -4  3  3 -5 -4 -3 -3 -2  1    0   0   0   0   0   0   0   0   0  37  39   0   8  13   0   0   0   0   0   4  0.88 0.28
  258 D   -5 -5 -2  8 -7 -3 -1 -4 -4 -6 -7 -4 -6 -7 -5 -3 -4 -7 -6 -6    0   0   0 100   0   0   0   0   0   0   0   0   0   0   0   0   0   0   0   0  2.52 0.59
  259 H   -5 -4 -1 -4 -7 -3 -3 -5 11 -7 -6 -4 -5 -5 -6 -4 -5 -6 -2 -7    0   0   2   0   0   0   0   0  98   0   0   0   0   0   0   0   0   0   0   0  3.35 0.71
  260 A    5 -4 -3 -4 -3 -3 -4  4 -4 -4 -4 -3 -4 -5 -4 -1 -3 -5 -5 -3   62   0   0   0   0   0   0  37   0   0   0   0   0   0   0   1   0   0   0   0  1.24 0.39
  261 T   -1 -4 -2 -4 -2 -3 -3 -4  2 -1 -2 -3  4 -4 -4  1  6 -5 -4 -2    2   0   1   0   0   0   0   0   5   3   1   0  14   0   0   6  67   0   0   1  1.14 0.41
  262 A   -2 -4 -2 -4 -5 -4 -5  7 -5 -6 -6 -4 -5 -6 -5  0 -4 -5 -6 -6    1   0   1   0   0   0   0  91   0   0   0   0   0   0   0   7   0   0   0   0  1.95 0.47
  263 I   -3 -5 -5 -5 -2 -4 -5 -6 -5  5  2 -5 -1  0 -5 -4 -2 -4 -3  5    0   0   0   0   1   0   0   0   0  39  13   0   0   4   0   0   0   0   0  43  0.98 0.31
  264 V   -3 -5 -6 -6 -4 -5 -5 -6 -6  1 -2 -5 -2 -4 -5 -4 -1 -6 -4  7    0   0   0   0   0   0   0   0   0   2   0   0   0   0   0   0   2   0   0  96  1.76 0.50
  265 I   -2 -5 -6 -6 -2 -5 -4 -6 -6  7 -1 -5 -1 -2 -5 -5 -3 -5 -4  3    2   0   0   0   1   0   1   0   0  75   0   0   0   1   0   0   0   0   0  22  1.46 0.42
  266 G   -3 -5 -3 -4 -5 -5 -5  7 -5 -7 -7 -4 -6 -6 -5 -3 -4 -5 -6 -6    0   0   0   0   0   0   0 100   0   0   0   0   0   0   0   0   0   0   0   0  2.31 0.53
  267 E   -1 -2 -3 -1 -6  0  7 -4 -3 -6 -6 -2 -3 -5 -4 -2 -4 -6 -5 -5    4   1   0   0   0   2  91   1   0   0   0   0   0   0   0   1   0   0   0   0  1.84 0.52
  268 T   -3 -4 -1 -3 -4 -3 -3 -3  0 -3 -4 -3 -3 -3 -4 -1  7 -5 -3 -3    0   0   1   1   0   0   0   1   2   0   0   0   0   1   0   1  92   0   0   0  1.70 0.50
  269 A    6 -2 -3 -4  2 -3 -3 -2 -4 -3 -3 -3 -3 -4 -3  1  0 -5 -4  0   74   2   0   0   4   0   0   0   0   0   0   0   0   0   0   9   6   0   0   5  0.98 0.34
  270 V   -1 -3 -2 -2 -3 -3  1 -4 -3  2 -1 -3 -1 -3 -4 -2 -1 -5 -3  5    4   1   2   1   0   0  12   0   0  12   0   1   0   0   0   1   3   0   0  62  0.70 0.28
  271 V   -2 -2 -5 -5 -3 -4 -5 -5 -5  5  0 -4 -1 -2 -5 -4 -2 -5 -3  5    0   3   0   0   0   0   0   0   0  46   3   0   0   0   0   0   0   0   0  46  1.09 0.33
  272 G   -1 -3 -2  0 -5 -2  4  6 -3 -6 -5 -1 -4 -5 -4 -2 -3 -5 -5 -4    2   0   0   3   0   0  32  59   0   0   0   2   0   0   0   0   0   0   0   0  1.17 0.34
  273 N   -4 -2  4  7 -6  0  1 -3 -1 -5 -6 -2 -5 -6 -3 -2 -3 -6 -4 -5    0   1  25  63   0   3   5   0   1   0   0   1   0   0   0   1   0   0   0   0  1.41 0.38
  274 N   -3 -1  6  5  1 -2  0 -2  0 -5 -5 -2 -4 -4 -4 -1 -2 -2  1 -5    0   2  42  33   3   0   5   2   1   0   0   1   0   0   0   3   0   0   6   0  0.93 0.30
  275 V   -1 -5 -5 -5  3 -4 -5 -5 -5  1 -2 -5 -2 -3 -5 -3 -1 -5 -4  7    3   0   0   0   7   0   0   0   0   2   0   0   0   0   0   1   2   0   0  84  1.33 0.40
  276 S   -1 -3 -2 -1 -2 -2 -2 -3 -3 -4 -1 -3 -3 -4 -3  6  3 -5 -4 -3    1   0   0   3   0   0   0   0   0   0   8   0   0   0   0  69  19   0   0   0  1.00 0.37
  277 I   -3 -5 -5 -5 -3 -4 -5 -6 -5  6  2 -4  3 -1 -1 -4 -3 -4 -3  1    0   0   0   0   0   0   0   0   0  66  18   0   8   2   3   0   0   0   0   4  1.07 0.32
  278 L   -2 -4 -5 -5 -3 -4 -5 -5 -3 -1  5 -4  2  2 -5 -4 -3  1  4 -1    3   0   0   0   0   0   0   0   0   0  64   0   6   7   0   0   0   1  18   0  0.94 0.31
  279 H   -3 -2 -2 -3 -5  7 -1 -4  8 -5 -5 -2 -3 -5 -4 -1 -3 -4 -2 -5    0   0   0   0   0  56   0   0  39   0   0   0   0   0   0   3   0   0   0   0  1.77 0.47
  280 N   -1 -3  2  0 -4 -1 -1  5  1 -5 -5 -2 -4 -5 -1  2 -2 -4 -4 -4    3   0  13   4   0   3   4  50   5   0   0   0   0   0   3  16   0   0   0   0  0.75 0.24
  281 V   -1 -5 -5 -6  0 -5 -5 -6 -6  0 -2 -5 -2 -3 -5 -4 -2 -5 -4  7    4   0   0   0   2   0   0   0   0   0   0   0   0   0   0   0   0   0   0  94  1.60 0.46
  282 T   -3 -4 -2 -4 -4 -3 -3 -4 -4 -3 -2 -3 -3 -5 -4  0  7 -5 -4 -3    0   0   0   0   0   0   0   0   0   0   2   0   0   0   0   4  93   0   0   0  1.76 0.50
  283 L   -4 -5 -6 -6 -4 -5 -5 -6 -5  1  6 -5  0 -1 -5 -5 -3 -4 -3 -1    0   0   0   0   0   0   0   0   0   4  95   0   0   1   0   0   0   0   0   0  1.49 0.41
  284 G   -2 -5 -3 -4 -5 -4 -5  7 -5 -7 -6 -4 -5 -6 -5 -3 -4 -5 -6 -6    0   0   0   0   0   0   0 100   0   0   0   0   0   0   0   0   0   0   0   0  2.24 0.49
  285 G   -2 -1 -3 -4 -5 -4 -4  7 -4 -6 -6 -3 -5 -5 -4  0 -4 -5 -5 -5    0   3   0   0   0   0   0  90   0   0   0   0   0   0   0   5   0   0   0   0  1.81 0.42
  286 T   -1 -1 -1 -3 -3 -2 -3 -4 -4 -3 -3 -2 -3 -5 -4  1  7 -5 -4 -2    3   4   1   0   0   1   0   0   0   0   0   1   0   0   0   6  82   0   0   1  1.39 0.43
  287 G   -2 -5 -2 -2 -5 -4 -4  7 -4 -6 -4 -4 -5 -2 -5 -2 -4 -5 -5 -5    0   0   1   2   0   0   0  91   0   0   2   0   0   2   0   1   0   0   0   0  1.84 0.43
  288 K   -1  0  1 -3 -3 -1 -1 -4 -2 -5 -4  7 -3 -4 -3 -1  0 -2 -3 -4    4   0   5   0   0   0   0   0   0   0   1  77   0   1   0   3   7   0   0   0  1.19 0.38
  289 Q   -1 -2  0  0 -4  1  5 -2 -1 -1 -2 -1 -2 -4 -3 -1 -1 -5 -3  0    5   1   5   4   0   5  57   2   1   4   4   2   0   0   0   1   3   0   0   6  0.65 0.26
  290 C    0  1  0  0  2  0  0  1  1 -2 -2  1 -2 -2 -1  2  1 -3 -2 -1    4   7   2   5   5   4   4  11   3   2   3  13   0   1   3  19  11   0   1   4  0.13 0.08
  291 G   -1 -4 -3 -2 -3 -3 -1  7 -4 -6 -6 -3 -4 -5 -1 -1 -3 -5 -5 -4    1   0   0   1   0   1   4  84   0   0   0   0   0   0   3   3   1   0   0   1  1.58 0.40
  292 D   -2 -2  0  7 -5 -2 -1 -3 -3 -4 -5  3 -4 -5 -3 -2 -2 -6 -5 -2    3   0   2  67   0   0   0   1   0   0   0  20   0   0   0   0   1   0   0   4  1.24 0.36
  293 R   -4  8 -3 -4 -6  0 -3 -5 -2 -6 -5 -1 -4 -6 -5 -4 -4 -6 -5 -5    0  96   0   0   0   3   0   0   1   0   0   0   0   0   0   0   0   0   0   0  2.24 0.54
  294 H   -3 -3 -2 -4  1 -3 -3 -4 11 -6 -6 -4 -5 -4 -5 -1 -5 -6 -1 -6    2   0   0   0   3   0   0   1  91   0   0   0   0   0   0   4   0   0   0   0  2.84 0.62
  295 P   -4 -5 -5 -4 -6 -4 -4 -5 -5 -6 -6 -4 -5 -7  9 -4 -4 -7 -6 -5    0   0   0   0   0   0   0   0   0   0   0   0   0   0 100   0   0   0   0   0  3.06 0.58
  296 K   -3  1 -1 -3 -5 -1 -2 -4 -2 -3 -4  6 -3 -5 -3 -2  3 -5 -4 -3    0   6   1   0   0   0   0   0   1   2   0  70   0   0   0   0  20   0   0   0  1.14 0.36
  297 I   -3 -5 -5 -5 -3 -5 -5 -6 -5  6  1 -5 -1 -2 -5 -4 -3 -5 -3  3    0   0   0   0   0   0   0   0   0  68  10   0   0   0   0   0   0   0   0  21  1.21 0.33
  298 G   -1  4  0 -3 -3  0 -1  5 -1 -5 -5  0 -4 -5 -4 -1 -3 -4 -4 -5    2  31   3   0   0   3   2  53   1   0   0   3   0   0   0   2   0   0   0   0  0.98 0.28
  299 D   -2  3  2  4 -2  1  2 -3  2 -4 -4  1 -3 -4 -2  0 -2 -5 -3 -4    2  16  12  29   1   4  16   0   5   0   0   9   0   0   0   4   1   0   0   0  0.56 0.19
  300 G   -2 -1  3 -2 -4 -3 -3  6  0 -6 -6 -3 -5 -5 -4 -2 -3 -5 -4 -5    0   3  17   1   0   0   0  75   2   0   0   0   0   0   0   1   0   0   0   0  1.42 0.35
  301 V    0 -5 -5 -5 -1 -4 -5 -5 -5  1 -1 -4 -2 -3 -4 -3 -2 -5 -4  7    9   0   0   0   1   0   0   0   0   1   0   0   0   0   0   0   1   0   0  88  1.36 0.40
  302 L   -3 -4 -4 -5 -3 -3 -4 -5 -4  1  4 -4  5  0 -4 -3 -2 -3 -1  2    0   0   0   0   0   0   0   0   0   4  49   0  21   3   0   1   1   0   2  17  0.75 0.25
  303 I   -3 -5 -5 -5 -3 -5 -5 -6 -5  7  1 -5 -1 -2 -5 -4 -3 -5 -3  3    0   0   0   0   0   0   0   0   0  77  11   0   0   0   0   0   0   0   0  13  1.33 0.36
  304 G   -1 -4 -2 -3 -1 -4 -4  6 -4 -5 -5 -3 -5 -3 -4  1 -3 -5 -3 -5    3   0   0   0   2   0   0  80   0   0   0   0   0   1   0  13   0   0   1   0  1.49 0.36
  305 A    6 -4 -3 -4 -2 -3 -3 -1 -4 -3 -4 -3 -3 -4 -3  1  0 -5 -4 -1   83   0   0   0   0   0   0   1   0   0   0   0   0   0   0   9   3   0   0   2  1.17 0.37
  306 G   -2 -3  2 -3 -2 -3 -4  7  1 -6 -6 -3 -5 -5 -4 -1 -3 -5 -5 -5    1   1   8   0   1   0   0  82   4   0   0   0   0   0   0   2   0   0   0   0  1.55 0.37
  307 T    6 -4 -3 -4 -3 -3 -3 -2 -4 -3 -3 -3 -3 -4 -2  1  0 -5 -4  0   83   0   0   0   0   0   0   0   0   0   0   0   0   0   1   6   4   0   0   7  1.14 0.37
  308 C   -1  0 -1 -3  0 -1 -2 -3 -3 -2 -4  6 -2 -5 -3  0  3 -5 -4 -2    3   1   1   0   3   1   0   0   0   2   0  57   0   0   0   6  25   0   0   1  0.81 0.30
  309 I   -3 -5 -5 -5 -3 -5 -5 -6 -5  6  0 -5 -1 -2 -5 -4 -2 -5 -3  5    0   0   0   0   0   0   0   0   0  56   2   0   0   0   0   1   0   0   0  41  1.21 0.34
  310 L   -4 -4 -6 -6 -4 -4 -5 -6 -5  0  6 -5  0 -1 -5 -5 -3 -4 -3 -1    0   0   0   0   0   0   0   0   0   2  97   0   0   1   0   0   0   0   0   0  1.47 0.39
  311 G   -2 -5 -3 -4 -5 -4 -5  7 -5 -6 -6 -4 -5 -6 -5 -3 -4 -5 -6 -6    0   0   0   0   0   0   0 100   0   0   0   0   0   0   0   0   0   0   0   0  2.20 0.46
  312 N   -2 -2  8  1 -5 -2 -2 -2 -2 -6 -6 -2 -5 -5  1  1 -2 -6 -5 -5    2   1  76   6   0   0   0   1   0   0   0   0   0   0   7   7   0   0   0   0  1.52 0.41
  313 I   -3 -5 -5 -5 -3 -5 -5 -6 -5  7  0 -5 -1  1 -5 -4 -3 -4 -3  3    0   0   0   0   0   0   0   0   0  75   3   0   0   6   0   0   0   0   0  16  1.30 0.35
  314 T   -2  2  0 -1 -2  1  4 -3  2 -2 -3  2 -2 -4 -3  0  2 -4 -3 -1    1  12   2   1   1   4  34   0   5   1   1  14   1   0   0   3  15   0   0   6  0.42 0.18
  315 I   -3 -5 -5 -5 -3 -5 -5 -6 -5  6  0 -5 -1 -2 -5 -4 -2 -5 -3  5    0   0   0   0   0   0   0   0   0  58   1   0   0   0   0   0   0   0   0  41  1.28 0.35
  316 G   -2 -5 -2 -4 -5 -4 -4  7 -4 -6 -6 -4 -5 -6 -5 -3 -4 -3 -6 -6    0   0   1   0   0   0   1  97   0   0   0   0   0   0   0   0   0   0   0   0  2.08 0.45
  317 E    0  0  1  3 -1  0  4 -3  3 -3 -4  0 -3 -3 -2  0 -1 -4 -2 -3   11   5   5  22   1   1  31   0   8   0   0   5   0   1   1   6   1   0   1   1  0.45 0.17
  318 G   -2 -1  3  0  5 -2 -2  4  0 -4 -4 -1 -3  0 -4 -1 -2 -2  1 -4    0   3  18   5  16   0   1  38   2   0   1   3   0   6   0   1   0   0   5   0  0.63 0.22
  319 A    5 -3 -3 -3  1 -3 -3 -2 -3 -3 -3 -3 -3 -4 -3  3  0 -5 -4  1   55   0   0   0   3   0   0   0   0   0   0   0   0   0   0  27   5   0   0  11  0.76 0.29
  320 K   -3  4 -2 -3 -5  0 -1 -4 -2 -2 -4  6  1 -5 -3 -2 -2 -5 -3 -4    0  24   0   0   0   2   0   0   0   3   0  63   4   0   0   0   1   0   0   0  1.15 0.34
  321 I   -3 -5 -5 -5 -3 -5 -5 -6 -6  7 -1 -5 -1 -2 -5 -4 -3 -5 -3  4    0   0   0   0   0   0   0   0   0  72   0   0   0   0   0   0   0   0   0  28  1.42 0.38
  322 G    3 -4 -3 -3 -4 -1 -4  6 -4 -5 -5 -3 -3 -5 -4 -1 -3 -5 -5 -4   29   0   0   0   0   2   0  67   0   0   0   0   0   0   0   1   0   0   0   0  1.31 0.34
  323 A    6 -4 -4 -4 -1 -3 -3 -1 -4 -4 -4 -3 -3 -5 -3  1 -2 -5 -4 -3   92   0   0   0   1   0   0   2   0   0   0   0   0   0   0   6   0   0   0   0  1.42 0.42
  324 G   -1 -4  0 -2  2 -3 -4  7 -4 -6 -5 -4 -5 -5 -4 -1 -3 -5 -5 -5    2   0   4   2   5   1   0  83   0   0   0   0   0   0   0   3   0   0   0   0  1.57 0.37
  325 S    2 -3 -2 -3 -3 -2 -3 -3 -3 -4 -5 -3 -4 -5 -3  6  1 -5 -4 -4   13   0   0   0   0   0   0   0   0   0   0   0   0   0   0  81   6   0   0   0  1.28 0.41
  326 V   -2 -5 -5 -5 -3 -4 -5 -5 -5  2  1 -4 -1 -2 -5 -3 -2 -5 -3  6    1   0   0   0   0   0   0   0   0   5  10   0   1   0   0   0   0   0   0  83  1.26 0.37
  327 V   -2 -5 -5 -6 -3 -5 -5 -6 -6  1 -1 -5 -2 -3 -5 -4 -2 -5 -4  7    0   0   0   0   0   0   0   0   0   1   2   0   0   0   0   0   0   0   0  97  1.67 0.45
  328 L   -3 -4 -4 -5 -3 -4 -5 -5 -5  0  5 -4  1 -2 -5 -4  0 -4 -3  1    0   0   0   0   0   0   0   0   0   2  81   0   1   0   0   0   7   0   0   8  1.06 0.32
  329 K   -1  2  0  0 -2  2  1 -2  2 -1 -3  4 -2 -4 -3  0 -1 -4 -2 -3    5  13   3   6   1   9   8   0   7   5   0  32   1   0   0   8   1   0   0   0  0.38 0.16
  330 D    0 -3  1  5 -3 -2  2 -3 -2 -5 -5 -2 -4 -5  3  1 -2 -5 -4 -4    8   0   7  46   0   0  10   0   1   0   0   0   0   0  16  12   1   0   0   0  0.86 0.26
  331 V   -2 -5 -5 -6 -3 -5 -5 -6 -6  2  0 -5 -1 -3 -5 -4 -2 -5 -4  7    0   0   0   0   0   0   0   0   0   6   3   0   0   0   0   0   0   0   0  89  1.46 0.40
  332 P    0 -3 -4 -2 -5 -3 -1 -4 -4 -5 -5 -2 -4 -6  8 -3 -3 -6 -5 -5    6   1   0   1   0   1   4   0   0   0   1   2   0   0  84   0   0   0   0   0  2.26 0.46
  333 P    2 -3 -2  0  0 -2  0 -2  0 -4 -4 -2 -3 -4  6  0 -2 -5 -4 -3   22   0   1   5   2   1   5   1   2   0   0   1   0   0  50   8   1   0   0   0  1.11 0.29
  334 R   -2  1  4  1  1 -1 -2  2  6 -4 -4 -1 -3 -1 -4 -1 -2 -3  2 -4    1  10  23   7   4   1   1  15  27   0   0   2   1   2   0   1   0   0   7   0  0.62 0.23
  335 T    0 -3 -2 -3  6 -2 -3 -3 -3 -2 -3  0 -1 -3 -3  3  4 -4 -2  0    6   0   0   0  21   0   0   1   0   1   0   5   1   0   0  23  35   0   1   5  0.70 0.26
  336 T   -2 -3 -3 -4 -3 -3 -3 -4 -4  0 -3 -3  0 -4 -4 -1  7 -5 -4  0    0   0   0   0   0   0   0   0   0   4   1   0   3   0   0   1  84   0   0   6  1.41 0.43
  337 A    3 -4 -5 -5 -3 -4 -4 -4 -5  0 -2 -4 -2 -3 -4 -2 -2 -5 -3  6   28   1   0   0   0   0   0   0   0   0   0   0   0   0   0   0   0   0   1  70  1.05 0.35
  338 V    4 -4 -4 -4 -2 -3 -3 -3 -4  0 -2 -3 -2 -3 -3 -2  0 -5 -3  5   41   0   0   0   0   0   0   1   0   2   0   0   0   0   0   1   3   0   0  51  0.83 0.30
  339 G   -2 -5 -3 -4 -5 -4 -4  7 -4 -6 -6 -4 -5 -6 -5 -1 -4 -5 -5 -6    0   0   0   0   0   0   0  97   0   0   0   0   0   0   0   3   0   0   0   0  2.05 0.44
  340 N   -2 -3  3 -3 -3 -3 -4 -4 -1  3 -1 -2 -1 -3 -3 -2  0 -5 -3  5    1   0  16   0   0   0   0   0   2  17   0   1   0   0   0   1   5   0   0  56  0.69 0.26
  341 P   -3 -5 -5 -4 -6 -4 -4 -5 -5 -4 -3 -2 -5 -6  8 -3 -4 -6 -6 -5    0   0   0   0   0   0   0   0   0   1   3   2   0   0  93   0   0   0   0   0  2.69 0.52
  342 A    6 -4 -3 -4 -3 -3 -3  3 -4 -4 -4 -3 -3 -4 -3 -1 -2 -5 -4 -3   80   0   0   0   0   0   1  18   0   0   0   0   0   0   0   0   0   0   0   0  1.18 0.36
  343 R   -3  6 -2 -3 -5  0 -1 -4 -2 -3 -4  5 -3 -5 -4 -2 -2 -4 -4 -3    1  53   0   0   0   3   1   0   1   2   0  37   0   0   0   0   1   0   0   1  1.18 0.33
  344 L   -1 -4 -4 -4 -2 -2 -2 -5 -4  4  2 -3  0 -2  0 -3 -2 -4 -3  4    3   0   0   0   0   2   3   0   0  33  17   0   0   0   4   0   0   0   0  36  0.58 0.21
  345 L   -2 -4 -5 -5 -3 -4 -4 -5 -5  4  0 -4 -1 -3 -4 -3  0 -5 -3  6    0   0   0   0   0   0   1   0   0  25   4   0   0   0   0   0   5   0   0  65  1.03 0.31
  346 G   -1 -1  2 -2 -4 -2 -3  6 -3 -4 -4 -1 -4 -4 -3  1 -2 -4 -4 -3    2   3  11   1   0   1   1  64   0   1   1   3   0   0   1   9   2   0   0   2  0.94 0.25
  347 G    0  2  0  0  2  0  1  1  0 -1 -2  1 -1 -1 -1  0  0 -1 -1 -1    4  17   2   3   7   3  10  11   2   2   2  12   1   4   1   2   6   1   2   7  0.11 0.06
  348 K    1  1 -1  0 -1  0 -1 -1 -1 -2 -2  2 -1 -2  4  0 -1 -3 -2 -1   16  10   2   4   1   2   2   3   1   2   4  21   1   1  20   6   3   0   1   3  0.29 0.10
  349 D    0  0  1  1 -2  1  1  2  0 -2 -2  0 -2 -2  0  0  0 -2 -2 -1    6   4   8   8   1   5  13  21   2   2   2   4   0   1   3   8   4   0   1   8  0.15 0.05
  350 N    0  0  1  0  5  1  0 -1  0 -1 -2  1 -1 -2  0  1  0 -2 -1 -1    5   4   9   4  19   6   5   3   2   2   2   9   1   1   4   9   7   0   1   5  0.19 0.07
  351 P    0 -1 -1  2 -1  0  0 -1 -2 -1 -2  0 -1 -2  4  0 -1 -2 -2 -1   10   3   1  17   1   5   4   3   1   3   3   5   1   1  27   7   3   0   1   4  0.37 0.09
  352 K   -1  1 -1 -1 -2  2  1 -2  1  0  1  2  0 -2 -1  0  0 -2 -1 -1    3   9   2   1   0  13  11   2   3   4  17  15   1   1   2   6   4   0   1   4  0.12 0.06
  353 T    0  1  0  1 -1  1  1 -1 -1 -1 -1  1 -1 -2  1  1  0 -1 -1 -1    7   9   4   6   1   4  12   4   1   3   5  12   1   2   7   9   6   1   2   6  0.10 0.02
  354 H    0  0  0  0 -1  0  0 -1  5 -1 -1  0 -1 -1  0  0 -1 -1  0 -1    9   4   4   3   1   5   5   5  25   3   8   5   1   2   4   7   3   1   1   4  0.18 0.06
  355 D    0 -1  0  2  0  0  2  2  0 -1 -2  0 -1 -1 -1  1  0 -2 -1 -1    5   2   4  13   2   2  15  15   2   3   4   5   1   2   3  11   4   0   1   4  0.13 0.04
  356 K    0  1  1  2 -1  1  2  0  0 -2 -1  1 -1 -2 -1  0 -1 -2 -1 -1   11   6   5  12   1   7  15   5   2   2   5  12   1   2   2   6   2   0   1   3  0.13 0.04
  357 I    0 -1  0  0  0  0  0 -2 -1  1  1  0  1  0 -1 -1  0 -2 -1  1    6   3   4   6   3   3   6   2   1   9  22   4   7   2   2   3   6   0   2   9  0.03 0.03
  358 P   -3 -5 -4 -4 -6 -4 -3 -5 -5 -5 -5 -4 -5 -6  9 -3 -3 -7 -6 -5    0   0   1   0   0   0   1   0   0   1   0   0   0   0  95   1   0   0   0   0  2.83 0.55
  359 G    3 -1 -1  3  0 -2 -2  1 -3 -4 -4 -1 -3 -4 -3  3 -1 -5 -4 -3   31   2   0  17   2   1   0  12   0   0   0   2   0   0   0  33   0   0   0   0  0.56 0.23
  360 L   -1  1 -2 -1 -2  0  1 -3 -2  0  2  0  1  1  1 -1 -1 -3 -1  0    3  12   1   1   0   3  13   0   0   4  27   3   3   7   8   4   1   0   1   8  0.14 0.10
  361 T    0 -2  0  3 -3 -1  2 -2 -2 -1 -3 -2 -2 -3 -2  2  3 -4 -3  0    4   1   3  20   0   1  14   1   0   3   1   0   0   0   0  20  23   0   0   6  0.39 0.18
  362 M    0 -4 -3 -6 -4 -3 -4 -4 -3 -2  0 -4 10 -2 -5 -4 -3 -4 -4 -1    7   0   1   0   0   0   1   1   0   0   4   0  82   0   0   0   0   0   0   2  2.07 0.53
  363 D   -3 -1  3  7 -4 -1  1 -3 -2 -5 -6 -1 -5 -6 -4 -2 -3 -6 -5 -5    0   2  14  68   0   2   8   0   0   0   0   3   0   0   0   1   0   0   0   0  1.39 0.35
  364 Q   -2 -1 -2 -3 -5  7 -1 -4  7 -5 -4 -1  0 -5 -4 -3 -2 -5 -3 -2    1   2   0   0   0  63   1   0  26   0   0   1   2   0   0   0   1   0   0   3  1.54 0.44
  365 T   -1 -1  2 -1 -1 -2 -2 -3 -1  2  0 -2  1 -1 -2  1  3 -3 -1  1    2   2  15   2   1   0   0   0   1  15   7   0   4   2   1  12  26   0   2   7  0.21 0.12
  366 S    0  0  0 -1 -1 -1 -1 -2 -1  0  2  0  0  3 -3  1 -1 -2  0  0    5   7   4   2   1   0   3   1   1   5  25   4   0  17   0  20   1   0   1   4  0.13 0.09
  367 H    1  0  1 -1  0  0  0  0  2 -2 -1 -1 -1  2  1  0 -1 -1  2 -2   14   4  11   3   2   4   6   5   8   0   4   2   0  15   6   3   2   0   9   1  0.12 0.07
  368 I   -1 -1 -1  0  0 -1  0  0 -1  2  1 -1  2  1 -1 -1 -1 -2 -1  0    1   2   1   5   2   1  10   8   1  21  18   1   8   6   2   3   3   0   1   2  0.06 0.06
  369 S    0  0  0  1 -1  1  1 -1 -1 -1  0  0  0  1  0  2  0 -2 -1  0    3   3   2   7   1   9  10   4   0   3   7   2   3   8   4  21   4   0   1   8  0.08 0.05
  370 E   -1  1 -1  3 -3  2  4 -1 -1 -2 -2  0 -2 -3  0 -1 -1 -3 -3 -1    3   8   0  17   0  10  37   3   0   2   2   3   1   0   3   2   2   0   0   5  0.42 0.13
  371 W   -3  2 -2 -3 -3  0 -1 -2  0 -1 -2 -1 -2  1  0 -2 -2  8  5 -2    1  13   2   0   0   4   4   3   2   3   3   2   0   6   5   1   1  28  22   1  0.81 0.18
  372 S    0 -2 -1 -1 -2  0 -1  1 -2  2  0 -2  0 -1 -2  2  1 -3 -1  0    5   0   0   3   0   5   2  10   0  23   5   0   2   2   0  29   6   0   2   5  0.15 0.10
  373 D   -3 -3 -1  7 -5 -2  2 -3 -3 -5 -5 -2 -5 -5 -3 -1 -3 -6 -5 -5    1   0   0  85   0   0  10   0   0   0   1   0   0   0   0   3   0   0   0   0  1.59 0.30
  374 Y   -3 -4 -4 -5 -4 -2 -4  1  0 -3 -3 -4 -3  4 -5 -3 -3  0  8 -3    0   0   0   0   0   1   0  11   1   0   0   0   0  13   0   0   0   0  74   0  1.50 0.28
  375 V   -1 -3 -3 -4  0 -2 -2 -4 -3  3  1 -3  1  1 -3 -1  1 -3  0  3    0   0   0   0   2   1   1   0   0  28   9   0   2   5   0   2  10   0   4  35  0.36 0.11
  376 I   -3 -4 -5 -5 -2 -4 -5 -5 -5  7  0 -4  1 -1 -4 -4 -2 -4 -3  2    0   0   0   0   0   0   0   0   0  94   0   0   2   0   0   0   0   0   0   5  1.09 0.21

                      K         Lambda
Standard Ungapped    0.1357     0.3183
Standard Gapped      0.0494     0.2670
PSI Ungapped         0.1600     0.3106
PSI Gapped           0.0494     0.2670
