
Last position-specific scoring matrix computed, weighted observed percentages rounded down, information per position, and relative weight of gapless real matches to pseudocounts
           A  R  N  D  C  Q  E  G  H  I  L  K  M  F  P  S  T  W  Y  V   A   R   N   D   C   Q   E   G   H   I   L   K   M   F   P   S   T   W   Y   V
    1 M   -1 -1 -2 -3 -2  0 -2 -3 -2  1  2 -1  6  0 -3 -2 -1 -2 -1  1    0   0   0   0   0   0   0   0   0   0   0   0 100   0   0   0   0   0   0   0  0.33 0.00
    2 T    0 -1  0 -1 -1 -1 -1 -2 -2 -1 -1 -1 -1 -2 -1  1  5 -3 -2  0    0   0   0   0   0   0   0   0   0   0   0   0   0   0   0   0 100   0   0   0  0.46 0.00
    3 R   -1  6  0 -2 -4  1  0 -2  0 -3 -2  2 -1 -3 -2 -1 -1 -3 -2 -3    0 100   0   0   0   0   0   0   0   0   0   0   0   0   0   0   0   0   0   0  0.74 0.00
    4 R   -1  5  0 -2 -3  1 -1  2 -1 -3 -3  2 -2 -3 -2 -1 -1 -3 -2 -3    0  74   0   0   0   0   0  26   0   0   0   0   0   0   0   0   0   0   0   0  0.54 0.00
    5 A    4 -1 -2 -2  0 -1 -1  0 -2 -1 -2 -1 -1 -2 -1  1  0 -3 -2  0  100   0   0   0   0   0   0   0   0   0   0   0   0   0   0   0   0   0   0   0  0.40 0.00
    6 E   -1  0  0  1 -4  4  4 -2  0 -3 -3  1 -1 -3 -1  0 -1 -3 -2 -3    0   0   0   0   0  37  63   0   0   0   0   0   0   0   0   0   0   0   0   0  0.62 0.00
    7 F   -1 -3 -3 -4 -2 -3 -3 -3 -2  1  1 -3  0  5 -3 -2 -1  0  2  2    0   0   0   0   0   0   0   0   0   0   0   0   0  63   0   0   0   0   0  37  0.42 0.00
    8 E    2 -1 -1  1 -2  1  4 -1 -1 -3 -2  0 -2 -3 -1  0 -1 -3 -2 -1   37   0   0   0   0   0  63   0   0   0   0   0   0   0   0   0   0   0   0   0  0.42 0.00
    9 M   -1 -2 -3 -3 -1 -1 -2 -3 -3  2  1 -2  4 -1 -3 -2  0 -2 -1  3    0   0   0   0   0   0   0   0   0   0   0   0  40   0   0   0   0   0   0  60  0.29 0.01
   10 G    2 -2 -1 -1 -2 -1 -2  5 -2 -3 -3 -1 -2 -3 -2  1 -1 -3 -3 -2   26   0   0   0   0   0   0  61   0   0   0   0   0   0   0  13   0   0   0   0  0.60 0.01
   11 L   -1 -2 -3 -4 -1 -2 -3 -4 -3  2  4 -3  2  2 -3 -2 -1 -1  0  1    0   0   0   0   0   0   0   0   0   0  77   0   0  11   0   0   0   0   0  13  0.38 0.01
   12 F   -2  1 -2 -2 -2  2 -1 -3 -1  0  2  0  1  3 -3 -2 -1 -1  1 -1    0  13   0   0   0  26   0   0   0   0  31   0   0  30   0   0   0   0   0   0  0.20 0.01
   13 V    0 -2 -1 -2 -1 -1 -2 -2 -2  1  0 -1  0 -2 -2  1  4 -3 -2  2    0   0   0   0   0   0   0   0   0   0   0   0   0   0   0   0  62   0   0  38  0.30 0.01
   14 I   -1 -3 -3 -4 -1 -3 -3 -4 -3  3  3 -3  1  0 -3 -2 -1 -2 -1  2    0   0   0   0   0   0   0   0   0  38  41   0   0   0   0   0   0   0   0  21  0.35 0.01
   15 L   -1 -2 -3 -4 -1 -2 -3 -4 -2  2  3 -3  1  2 -3 -2 -1 -1  2  2    0   0   0   0   0   0   0   0   0   0  54   0   0   9   0   0   0   0   9  28  0.30 0.01
   16 Q   -1  0  0  1 -3  4  4 -2  0 -3 -3  1 -1 -3 -1  1 -1 -3 -2 -2    0   0   0   0   0  42  47   0   0   0   0   0   0   0   0  11   0   0   0   0  0.56 0.02
   17 S    0 -1  0 -1 -2  2  0 -1  0 -2 -2  0 -1 -1  3  2  1 -1  2 -2    0   0   0   0   0  16   0   0   0   0   0   0   0   0  17  43  10   0  14   0  0.35 0.01
   18 M    0 -1  1 -1 -2  0 -1 -1 -1  0  0 -1  4 -1 -2  2  0 -2  1 -1    0   0   9   0   0   0   0   0   0   0   0   0  43   0   0  40   0   0   8   0  0.17 0.02
   19 F    0 -2 -1 -2 -2 -1 -2 -2  5 -2 -1 -2 -1  5 -3  0 -2 -1  2 -2   10   0   0   0   0   0   0   0  36   0   0   0   0  47   0   8   0   0   0   0  0.45 0.04
   20 L    1 -2 -2 -2 -1 -1  0  0 -2  1  1 -2  0 -1 -2 -1  0 -3 -2  2   16   0   0   0   0   0  10   9   0   6  22   0   0   0   0   0   8   0   0  30  0.10 0.01
   21 I    0 -2 -1 -2 -2 -1 -2  0 -1  0  0 -1  0  2  0  2  0 -1  3 -1    0   0   0   0   0   0   0   5   0  12   6   0   4  10   5  42   0   0  15   0  0.16 0.04
   22 S    1 -1  0 -1 -2  0  1  0 -1 -1 -3 -1 -2 -3  0  4  0 -3 -2 -2    8   0   0   0   0   0  11   6   0   4   0   0   0   0   4  67   0   0   0   0  0.40 0.07
   23 L   -1 -3 -3 -4 -2 -2 -3 -4 -3  1  3 -3  2  1 -3 -2  1 -2 -1  2    0   0   0   0   0   0   0   0   0   3  58   0   3   7   0   0  12   0   0  16  0.37 0.06
   24 C    0 -2  0 -1  3 -1  1 -2 -2  0  1 -1  0 -2  2  2  0 -3 -2 -1    8   0   4   0  10   0  11   0   0   5  23   0   0   0  11  23   6   0   0   0  0.16 0.04
   25 S    0 -1  1  0 -2  1  2 -1 -1  0 -1 -1  2 -2 -2  2  1 -3 -2 -1    0   0   7   3   0   3  24   3   0   6   0   0  12   0   0  29  10   0   0   3  0.21 0.05
   26 S   -1 -2  0  3 -2 -1  1 -2 -2 -1  0 -1 -1 -2  1  1  1 -3 -2 -1    0   0   3  28   0   0  12   0   0   3  17   0   0   0   7  18   8   0   0   4  0.22 0.04
   27 Q    1  2  0 -1 -3  1  0  1 -1 -2 -2  1 -2 -3  4  0  0 -3 -2 -2   14  15   3   2   0   7   5  10   0   4   0   9   0   0  26   0   6   0   0   0  0.38 0.04
   28 K   -1  1  1  2 -3  1  1 -2 -1 -3 -3  3 -2 -3  3  1  1 -4 -2 -3    0   8   7  12   0   5   5   0   0   0   0  31   0   0  16   8   8   0   0   0  0.39 0.05
   29 P    0 -1 -1 -1 -2 -1  0  0 -2  1 -1 -1  0 -2  4  2  1 -3 -2  0    3   3   0   0   0   0   9   5   0  13   3   0   3   0  21  24   6   0   0  10  0.26 0.04
   30 E    0 -2  0  4 -3 -1  2  2 -2 -3 -3 -1 -3 -4  2  0 -1 -4 -3 -2    8   0   0  36   0   0  15  23   0   0   0   0   0   0  10   5   0   0   0   3  0.47 0.06
   31 E    1 -2  0  0 -2 -1  0  1 -2  0  1 -1  0  0 -2  0  1 -2 -2  0   14   0   3   5   0   0   8  12   0   3  26   0   0   3   0   7  13   0   0   5  0.07 0.02
   32 F   -2 -3 -4 -4 -3 -3 -4 -4 -2  0  2 -3  3  6 -4 -3 -2  0  2 -1    0   0   0   0   0   0   0   0   0   3  22   0  13  62   0   0   0   0   0   0  0.73 0.10
   33 L   -1 -2 -1  3 -2  0  1  0 -2 -1  1 -1  2  0  1 -1 -1 -2 -1 -1    6   0   0  25   0   3   7   7   0   0  26   0  12   3   7   0   0   0   3   0  0.15 0.04
   34 P   -2 -3 -3 -2 -4 -2 -2 -3 -3 -3 -2 -2 -3 -4  8 -1 -2 -5 -4 -3    0   0   0   0   0   0   0   0   0   0   4   0   0   0  93   3   0   0   0   0  2.17 0.16
   35 E   -1 -1 -1  2 -4  2  5 -3 -1 -3 -3  0  0 -4 -2 -1 -1 -3 -3 -3    4   0   0   8   0  11  71   0   0   0   0   2   4   0   0   0   0   0   0   0  0.76 0.11
   36 I   -2 -3 -4 -4 -2 -3 -4 -4 -4  5  2 -3  1 -1 -1 -3  0 -3 -2  2    0   0   0   0   0   0   0   0   0  77  12   0   0   0   2   0   4   0   0   5  0.59 0.10
   37 S    1 -2  0 -1 -2 -1 -1 -1 -2 -3 -2 -1 -2 -3  1  5  0 -4 -3 -2    2   0   0   0   0   0   0   0   0   0   3   0   0   0   7  87   0   0   0   0  0.71 0.14
   38 P   -2 -3 -3 -2 -4 -2 -2 -3 -3 -4 -4 -2 -4 -5  8  0 -2 -5 -4 -3    0   0   0   0   0   0   0   0   0   0   0   0   0   0  95   5   0   0   0   0  2.27 0.18
   39 D    2 -2  0  2 -2 -1 -1 -1 -2 -2 -2 -1 -2 -3 -1  3  2 -3 -2 -1   24   0   2  14   0   0   0   0   0   0   2   0   0   0   0  39  19   0   0   0  0.36 0.07
   40 T    1 -3 -2 -3 -2 -2 -2  2 -3  1  0 -2  0 -2 -2 -1  1 -3 -2  3   10   0   0   0   0   0   0  20   0   5   0   0   3   0   0   2  13   0   0  47  0.25 0.07
   41 S    1 -2  1 -2 -2  0 -1 -1 -2  1  1 -1  0  1 -2  2  1 -2 -1  0   10   0   8   0   0   6   0   2   0  20  17   0   0   8   0  23   6   0   0   0  0.09 0.04
   42 P   -2 -3 -3 -3 -4 -2 -2 -3 -3 -4 -4 -2 -4 -5  8 -2 -2 -5 -4 -3    0   0   0   0   0   0   0   0   0   0   0   0   0   0 100   0   0   0   0   0  2.47 0.19
   43 Q   -2  1  0 -1 -4  5  0 -2  6 -4 -3  3 -2 -3 -2 -1 -1 -3 -1 -3    0   4   3   0   0  40   0   0  29   0   0  21   0   0   0   0   3   0   0   0  0.65 0.11
   44 P   -1 -2  1 -2 -3 -2 -2 -3 -1 -3 -2 -2 -2  1  6 -1 -2 -1  4 -2    5   0  12   0   0   0   0   0   0   0   4   0   0   5  50   0   0   0  24   0  0.97 0.11
   45 F    0 -3 -3 -3 -3 -2 -3 -3 -2 -1  0 -2  1  5  4 -1  0 -1  1 -1    9   0   0   0   0   0   0   0   0   0   8   0   5  42  28   0   8   0   0   0  0.58 0.09
   46 L   -1 -2  2 -1 -2 -2 -2 -3 -1  1  2 -2  0  1 -3  0 -1 -1  2  1    0   0  15   4   0   0   0   0   0   6  38   0   0   6   0   9   0   0  11  11  0.16 0.05
   47 P   -2 -3 -3 -3 -4 -2 -2 -3  0 -4 -4 -2 -4 -5  8 -2 -2 -5 -4 -3    0   0   0   0   0   0   0   0   3   0   0   0   0   0  97   0   0   0   0   0  2.35 0.18
   48 F    0 -2 -1 -1 -2 -2 -2  0 -2  0  2 -2  0  3 -3 -1  0 -1  0  1   10   0   2   4   0   0   0   8   0   2  30   0   0  21   0   2   9   0   0  10  0.12 0.04
   49 I   -2  0 -2  0 -3  1  3 -3 -2  1  3  0  0 -1 -2 -2 -1 -3 -2 -1    0   3   0   3   0   5  35   0   0   8  45   3   0   0   0   0   0   0   0   0  0.28 0.07
   50 A    4 -2 -1 -1 -2 -1 -1 -1 -2 -2 -3 -1 -2 -3  4  2 -1 -4 -3 -2   55   0   2   3   0   0   0   0   0   0   0   0   0   0  24  16   0   0   0   0  0.61 0.09
   51 P   -2 -3 -3 -3 -3 -2 -2 -3 -3 -1  1 -2  0  1  6 -2 -2  4 -1 -1    0   0   0   0   0   0   0   0   0   0  21   0   3   8  58   0   0   8   0   2  1.11 0.11
   52 S    1 -2 -1 -1 -2 -1 -1 -1 -2 -3 -3 -1 -2 -3  5  4  1 -4 -3 -2   14   0   0   0   0   0   0   0   0   0   0   0   0   0  28  54   4   0   0   0  0.71 0.10
   53 P   -2 -3 -3 -3 -4 -2 -2 -3 -3 -4 -4 -2 -4 -5  8 -2 -2 -5 -4 -3    0   0   0   0   0   0   0   0   0   0   0   0   0   0 100   0   0   0   0   0  2.47 0.19
   54 M   -2 -3 -3 -4 -2 -2 -3 -4 -3  1  3 -3  6  1 -4 -3 -2  2 -1  0    0   0   0   0   0   0   0   0   0   0  40   0  53   4   0   0   0   3   0   0  0.67 0.12
   55 V    2 -2 -2 -3 -2 -1 -2 -2  0  0 -1 -2  1  1 -3 -1  0  0  6  1   24   0   0   0   0   2   0   0   0   6   0   0   4   0   0   0   8   0  45  10  0.41 0.08
   56 P   -1 -3 -3 -3 -4 -2 -2 -3 -3 -4 -4 -2 -4 -5  8 -2 -2 -5 -4 -3    2   0   0   0   0   0   0   0   0   0   0   0   0   0  98   0   0   0   0   0  2.40 0.20
   57 Y   -2 -3  1 -3 -3 -3 -3 -3 -1 -1 -1 -3 -1  6 -4  0  0  0  3 -2    0   0  11   0   0   0   0   0   0   0   0   0   0  66   0   8   9   0   7   0  0.73 0.13
   58 I   -1 -2 -2 -3 -2 -2 -2 -3 -1  0 -1 -2 -1  4  2  0  3 -1  3 -1    0   0   0   0   0   0   0   0   0   7   0   0   0  29  12   8  30   0  14   0  0.40 0.09
   59 N   -2 -2  5 -1 -3 -1 -1 -2 -1 -3 -3 -1 -2  1  4  0  2 -3  0 -2    0   0  42   0   0   0   0   0   0   0   0   0   0   7  24   0  22   0   4   0  0.63 0.11
   60 S    0  1  2  1 -2  0 -1 -1 -1 -2 -3  1 -2 -3 -2  3  2 -3 -1 -2    3  12  10   6   0   0   0   2   0   2   0   6   0   0   0  42  16   0   2   0  0.31 0.08
   61 T    0 -2 -1 -2 -2 -1 -2 -2 -1 -2 -2  0 -2 -1  1  2  4 -1  4 -1    7   0   0   0   0   0   0   0   0   0   0   4   0   0   8  16  43   0  22   0  0.41 0.10
   62 M    0 -2  1  1 -2 -1  1 -2 -1  1  0 -1  2  0 -1  0  0 -1  3  1    8   0   7  12   0   0  10   0   0  10   2   0  10   0   3   3   6   0  16  12  0.09 0.04
   63 P    0 -3 -3 -3 -4 -2 -2 -3 -3 -3 -3 -2 -3 -4  8 -2 -2 -5 -4 -3    8   0   0   0   0   0   0   0   0   0   3   0   0   0  89   0   0   0   0   0  2.08 0.19
   64 K    0  1  1 -2 -2  0 -1 -2 -2  0 -1  4 -1 -3 -2 -1  1 -4 -2  2    7   3   7   0   0   0   0   0   0   2   0  43   0   0   0   0  10   0   0  28  0.25 0.08
   65 L    1 -3 -4 -4 -2 -3 -3 -3 -3  1  5 -3  1 -1 -3 -2 -2 -3 -2  0   15   0   0   0   0   0   0   0   0   0  83   0   0   0   0   0   0   0   0   2  0.60 0.12
   66 S    0 -2 -1 -2 -2 -1 -1 -2 -2 -2 -2 -1 -2 -3 -2  4  4 -3 -2  0    0   0   0   0   0   0   0   0   0   0   0   0   0   0   0  44  49   0   0   7  0.59 0.13
   67 G   -1 -3 -1 -2 -4 -3 -3  7 -3 -5 -5 -3 -4 -4 -3 -1 -3 -4 -4 -4    0   0   0   0   0   0   0 100   0   0   0   0   0   0   0   0   0   0   0   0  1.57 0.19
   68 L   -2  1  0  1 -3  1  0 -1  3 -2  1  3 -1  0 -2 -1 -2 -3 -1 -2    0   6   2   9   0   6   0   5  10   0  22  35   0   4   0   0   0   0   0   0  0.20 0.07
   69 C   -2 -5 -4 -5 11 -5 -5 -4 -5 -3 -3 -5 -3 -4 -4 -2 -2 -4 -4 -2    0   0   0   0 100   0   0   0   0   0   0   0   0   0   0   0   0   0   0   0  2.59 0.30
   70 S   -1 -2 -2 -2 -3 -1 -2 -2  2 -3 -2  0 -2 -3  6  2  2 -4 -2 -2    3   0   0   0   0   0   0   0   9   0   3   4   0   0  49  18  14   0   0   0  0.94 0.14
   71 L   -2 -3 -4 -4 -2 -3 -3 -4 -3  2  3 -3  1  1 -3 -3  0 -2 -1  3    0   0   0   0   0   0   0   0   0   9  52   0   0   6   0   0   4   0   0  30  0.47 0.10
   72 N   -3 -2  7  3 -4 -1 -1 -2 -1 -4 -5 -1 -3 -4 -3 -1 -1 -5 -3 -4    0   0  78  20   0   0   0   0   0   0   0   2   0   0   0   0   0   0   0   0  1.19 0.20
   73 F   -4 -4 -4 -5 -4 -5 -5 -5 -3 -1 -1 -4 -1  8 -5 -4 -3  0  2 -2    0   0   0   0   0   0   0   0   0   0   0   0   0 100   0   0   0   0   0   0  1.69 0.25
   74 S    0 -2  0  0 -2  0 -1 -2 -2 -3 -3 -1 -2 -3 -2  5  3 -4 -3 -2    0   0   0   4   0   4   0   0   0   0   0   0   0   0   0  71  21   0   0   0  0.69 0.17
   75 A    4 -2 -2 -2 -2 -2 -1 -1  1 -2 -2 -2 -2 -1 -2  0  0  5  2  0   55   0   0   1   0   0   3   0   3   0   0   0   0   0   0   0   7  12   9   9  0.44 0.12
   76 S    2 -2 -3 -3 -1 -2 -2 -1 -3  2  1 -2  1 -1 -2  0  0 -3 -2  2   26   0   0   0   0   0   0   2   0  22  18   0   4   0   0   7   2   0   0  19  0.21 0.07
   77 E   -1 -1  2  1 -3  1  3  0 -1 -3 -3  0 -2 -4 -2  3  0 -4 -3 -3    0   0  14   6   0   6  29   5   0   0   0   2   0   0   0  33   4   0   0   0  0.43 0.10
   78 S   -1 -1  1  1 -2 -1 -1  0  1 -2 -2 -1 -2  2  0  3  1 -2  1 -2    0   2   5   8   0   0   0   7   3   0   0   2   0  15   4  38  10   0   4   0  0.23 0.08
   79 L   -1 -3 -3 -3 -2 -2 -3 -3 -3  3  2 -3  2  1 -3 -2  1 -2 -1  2    4   0   0   0   0   0   0   0   0  27  25   0   9   9   0   0  16   0   0  10  0.29 0.07
   80 I   -2 -3 -3 -4 -2 -2 -3 -4 -3  3  3 -3  5  0  1 -2  0 -3 -2  0    0   0   0   0   0   0   0   0   0  22  26   0  37   2   9   0   4   0   0   0  0.49 0.13
   81 Q    1  0  0  3 -2  1  1 -1 -1 -1 -2 -1 -2 -2 -2  1  1  4 -2 -2   15   4   3  22   0   6   9   3   0   4   0   0   0   0   0  13  14   9   0   0  0.27 0.06
   82 T    0  2  1 -1 -2  0 -1 -2 -1 -2 -2  3  0 -3 -2  1  2 -3 -2  0    4   9   9   0   0   2   0   0   0   0   0  30   5   0   0   9  25   0   0   7  0.27 0.08
   83 T    2 -2 -1 -2 -2 -2 -2 -2 -3 -2 -2 -2 -2 -3 -2  0  6 -4 -3 -1   18   0   0   0   0   0   0   0   0   0   0   0   0   0   0   0  82   0   0   0  0.87 0.19
   84 S    5 -2 -2 -2 -1 -2 -2 -1 -2 -2 -3 -1 -2 -3 -2  3  0 -4 -3 -1   75   0   0   0   0   0   0   0   0   0   0   0   0   0   0  25   0   0   0   0  0.71 0.16
   85 H    0 -1 -1 -1 -1  0 -1  0  1  1 -1 -1 -1 -2 -1  3  2 -2  0  0    1   1   1   1   0   4   1   5   6  13   1   1   0   1   1  40  12   0   3   9  0.18 0.07
   86 N   -2 -2  2  6 -3 -1  1 -1 -1 -3 -3 -1 -3 -3 -2 -1 -1 -3 -3 -3    2   1   7  73   0   1   1   2   0   1   2   1   1   1   1   2   1   0   1   1  0.87 0.12
   87 C   -2 -5 -4 -5 11 -5 -5 -4 -5 -3 -3 -5 -3 -4 -4 -2 -2 -4 -4 -2    0   0   0   0 100   0   0   0   0   0   0   0   0   0   0   0   0   0   0   0  2.56 0.30
   88 W   -1 -2 -1 -2 -2 -2 -2 -2 -2 -2 -1 -2 -2  1  0  3  2  8  0 -1    0   0   0   0   0   0   0   0   0   0   5   0   0   7   4  40  15  26   0   3  0.67 0.14
   89 T    1 -1  1  2 -2  1  0  0 -1 -1 -1 -1 -1 -3 -2  1  1 -3 -2  0   22   2   9  13   0  13   2   5   0   4   6   0   0   0   0   7  12   0   0   4  0.14 0.05
   90 V   -1 -3 -2 -2 -3 -2 -2 -3 -3 -1 -3 -2 -2 -2  7  1  0 -4 -3  1    0   0   0   0   0   0   0   0   0   1   0   0   0   2  63  17   2   0   0  14  1.26 0.16
   91 F   -2 -2 -2 -3 -2 -2 -2 -3 -2  0  3 -2  1  5 -2 -2 -2 -1  1  0    2   1   1   1   0   1   1   2   0   1  40   1   2  39   1   2   1   0   1   1  0.40 0.08
   92 A    5 -2 -2 -2 -1 -1 -1  0 -2 -2 -2 -1 -1 -2 -1  1  0 -2 -2 -1   75   1   1   1   0   1   1   2   0   1   2   1   1   1   1   6   1   0   1   1  0.49 0.10
   93 P    1 -1 -1 -1 -2 -1  0 -1 -2 -2  0 -1  0 -2  5  0  0 -2 -2 -1   19   1   1   1   0   1   4   2   0   1   9   3   3   1  40   6   3   0   1   1  0.59 0.07
   94 L   -1 -2 -2 -2 -2 -1 -2 -2 -1  1  3 -2  1  2 -2 -2 -1  0  3  1    2   1   1   1   0   3   1   2   0   4  43   1   1   8   1   2   1   0  18   9  0.24 0.05
   95 L   -1 -3 -3 -3 -2 -3 -3 -4 -3  2  3 -3  1 -1 -3 -1  1 -3 -2  3    0   0   0   0   0   0   0   0   0  10  35   0   2   0   0   5   9   0   0  39  0.38 0.09
   96 A    3 -2  1 -2 -2  2 -1  3 -2 -3 -3 -1 -2 -3 -2  0 -1 -3 -3 -2   46   0   9   0   0  13   0  32   0   0   0   0   0   0   0   0   0   0   0   0  0.51 0.12
   97 N   -2  2  6  2 -4  0  0 -2 -1 -4 -4  1 -3 -4 -3  0 -1 -4 -3 -4    0  13  60  10   0   0   4   0   0   0   0   9   0   0   0   4   0   0   0   0  0.76 0.14
   98 V    1 -3 -3 -4 -2  1 -2 -3 -3  1  0 -2  0 -2 -3 -2 -1 -4 -2  5   13   0   0   0   0   9   0   0   0   0   0   0   0   0   0   0   0   0   0  78  0.58 0.16
   99 M    1 -3 -4 -4 -2 -3 -3 -3 -4  5  0 -3  2 -1  1 -2 -1 -3 -2  2   13   0   0   0   0   0   0   0   0  60   0   0   7   0   9   0   0   0   0  10  0.48 0.13
  100 C   -2 -5 -4 -5 11 -5 -5 -4 -5 -3 -3 -5 -3 -4 -4 -2 -2 -4 -4 -2    0   0   0   0 100   0   0   0   0   0   0   0   0   0   0   0   0   0   0   0  2.56 0.30
  101 C   -2 -5 -4 -5 11 -5 -5 -4 -5 -3 -3 -5 -3 -4 -4 -2 -2 -4 -4 -2    0   0   0   0 100   0   0   0   0   0   0   0   0   0   0   0   0   0   0   0  2.56 0.30
  102 P   -2  1 -3 -3 -4 -2 -2 -3 -3  0 -3 -2 -3 -4  7 -2 -2 -5 -4 -3    0  12   0   0   0   0   0   0   0   9   0   0   0   0  79   0   0   0   0   0  1.77 0.21
  103 Q    0 -1 -1 -2 -4  7  0 -3 -1 -4 -3  0 -2 -2 -1 -1 -2 -2  3 -3    9   0   0   0   0  77   0   0   0   0   0   0   0   0   1   0   0   0  12   0  0.98 0.22
  104 L   -2 -3 -4 -4 -2 -3 -4 -4 -3  2  3 -3  1  4 -4 -3 -2 -1  0  1    0   0   0   0   0   0   0   0   0  12  49   0   0  29   0   0   0   0   0   9  0.55 0.11
  105 D   -1 -1  4  2 -3  2  2 -1 -1 -3 -3  0 -2 -4 -2  2 -1 -4 -3 -2    0   0  33  14   0  12  16   2   0   0   0   2   0   0   0  17   0   0   0   3  0.47 0.10
  106 A    4 -2 -1 -2 -1 -1 -1 -1 -2 -2 -3 -1 -2 -3 -2  3  2 -3 -3 -1   47   0   0   0   0   0   0   0   0   0   0   0   0   0   0  38  15   0   0   0  0.55 0.14
  107 T   -2 -3 -2 -3 -2 -2 -3 -3 -3  1  3 -2  2  2 -3 -1  2 -2 -1  0    0   0   0   0   0   0   0   0   0   9  43   0   7  12   0   3  27   0   0   0  0.34 0.10
  108 L   -2 -3 -4 -4 -2 -3 -3 -4 -3  2  3 -3  3  3 -4 -3 -2 -2  0  2    0   0   0   0   0   0   0   0   0  11  48   0  11  17   0   0   0   0   0  12  0.48 0.10
  109 T    1  1  1 -2 -2  0 -1 -2  5 -2 -2 -1 -2 -3 -2  0  2 -3 -1  0   18  11   9   0   0   4   0   0  29   0   0   0   0   0   0   0  19   0   0  10  0.34 0.11
  110 I   -2 -4 -4 -4 -2 -4 -4 -5 -4  6  1 -3  0 -1 -4 -3  0 -4 -2  2    0   0   0   0   0   0   0   0   0  81   4   0   0   0   0   0   8   0   0   7  0.78 0.17
  111 I   -1 -3 -2 -3 -2 -3 -3  0 -2  0  2 -3  0  4 -3  1 -1 -1  0 -1    4   0   0   0   0   0   0   9   0   5  31   0   0  35   0  16   0   0   0   0  0.31 0.10
  112 L   -2  0 -2 -3 -3  4 -1 -4 -2  3  2 -1  2 -2 -3 -2 -1 -3 -2  1    0   3   0   0   0  36   0   0   0  33  18   0   6   0   0   0   0   0   0   4  0.38 0.12
  113 G    2 -3 -1 -2 -3 -2 -3  5 -3 -4 -4 -2 -3 -4 -3 -1  0 -3 -4 -3   22   0   0   0   0   0   0  69   0   0   0   0   0   0   0   0   9   0   0   0  0.93 0.15
  114 K    0  2 -1 -2 -3  5  0 -3  2 -2 -1  1 -1  1 -2 -1 -1 -2  2 -2    7  12   0   0   0  45   0   0   6   0   7   5   0   7   0   0   2   0   8   0  0.41 0.12
  115 A    0 -2 -1 -1 -3 -1 -2 -2  4 -3 -2 -2 -2  2 -3  2 -1  0  6 -2    8   0   0   3   0   0   0   0  16   0   0   0   0   5   0  28   0   0  40   0  0.59 0.15
  116 S    1 -2  0 -1 -2 -1 -1  1 -2 -3 -1 -1 -2 -3 -2  4  0 -4 -3 -2   12   0   3   0   0   0   0  11   0   0   9   0   0   0   0  65   0   0   0   0  0.49 0.14
  117 K   -1  0  3 -1 -3  0 -1  0 -1 -2 -1  4  0  0 -2  0  0 -3 -2 -1    2   0  22   0   0   0   0   6   0   0   5  42   4   5   0   6   4   0   0   4  0.27 0.10
  118 E    0  0  1  1 -3  2  2  1  1 -3 -3  1 -2 -1 -2  0  0 -2  1 -2   12   2  10   9   0  11  18   9   3   0   0   8   0   1   0   1   6   0   9   0  0.21 0.05
  119 T    0 -2  2 -1 -2 -1 -1 -2 -2 -2 -3 -1 -2 -3  0  4  4 -4 -3 -2    0   0   9   0   0   0   0   0   0   0   0   0   0   0   3  42  46   0   0   0  0.62 0.16
  120 G   -1  0  3  3 -3  0 -1  4 -2 -4 -4 -1 -3 -4 -2  1 -1 -4 -3 -3    2   4  19  22   0   3   0  40   0   0   0   0   0   0   0  10   0   0   0   0  0.58 0.11
  121 L   -1  2  0 -2 -2  0 -1 -2  1 -1  1  2  1 -2 -2  1  1 -3 -2  0    1  17   4   0   0   1   0   0   4   0  15  17   7   0   0  11  14   0   0  10  0.14 0.06
  122 L   -2 -3 -4 -5 -2 -3 -4 -5 -4  1  5 -4  1  2 -4 -3 -2 -2 -1  0    0   0   0   0   0   0   0   0   0   0  91   0   0   9   0   0   0   0   0   0  0.84 0.17
  123 A    3 -2 -2 -2 -2  1 -2  2 -2  0 -1 -2 -1 -3 -2  0  0 -3 -2  2   37   0   0   0   0   9   0  16   0   0   0   0   0   0   0   2   4   0   0  32  0.28 0.10
  124 L   -2 -3 -4 -5 -2 -3 -4 -5 -4  1  5 -3  1  1 -4 -3 -2 -2 -2  2    0   0   0   0   0   0   0   0   0   0  83   0   0   4   0   0   0   0   0  12  0.73 0.15
  125 N   -2 -1  5  2 -4  3 -1 -1 -1 -4 -4 -1 -3 -4  3 -1 -1 -4 -3 -4    0   0  53  10   0  17   0   2   0   0   0   0   0   0  19   0   0   0   0   0  0.82 0.16
  126 R   -1  1  2  1 -3  1  1  0 -1 -2 -3  0 -2 -3  4  0  0 -4 -3 -1    0   9  16   6   0   9  14   9   0   2   0   0   0   0  20   2   5   0   0   8  0.34 0.07
  127 T    3 -2  1 -2 -2 -1 -2  0 -2 -2 -2 -1 -2 -3 -2  1  4 -3 -3 -1   36   0   9   0   0   0   0   3   0   0   0   0   0   0   0   8  44   0   0   0  0.47 0.13
  128 Q   -1 -1 -2 -1 -2  0  0 -3  2  0  0 -1  0  2 -2  0  1 -2  0  2    2   2   0   2   0   5   8   0   9   0   8   0   3  12   0   9   9   0   0  31  0.11 0.06
  129 S    5 -2 -2 -2 -1 -2 -2 -1 -2 -3 -3 -1 -2 -3 -2  3  0 -4 -3 -1   72   0   0   0   0   0   0   0   0   0   0   0   0   0   0  28   0   0   0   0  0.70 0.17
  130 K   -1  0  3  2 -3  0  2  0  0 -3 -3  2 -2 -4 -2  1  0 -4 -3 -3    0   3  27  11   0   0  12   4   2   0   0  22   0   0   0  15   5   0   0   0  0.38 0.09
  131 H    0 -2  0  2 -3 -1 -1 -3  6  1 -2 -2 -2 -1 -3 -1  0 -2  4 -1    9   0   2  18   0   0   0   0  28  12   0   0   0   0   0   0   9   0  21   0  0.40 0.12
  132 C   -2 -5 -4 -5 11 -5 -5 -4 -5 -3 -3 -5 -3 -4 -4 -2 -2 -4 -4 -2    0   0   0   0 100   0   0   0   0   0   0   0   0   0   0   0   0   0   0   0  2.59 0.31
  133 L   -3 -3 -4 -5 -3 -4 -4 -4 -3  0  4 -4  1  5 -4 -3 -2 -1  1 -1    0   0   0   0   0   0   0   0   0   0  56   0   0  44   0   0   0   0   0   0  0.80 0.16
  134 S    0 -1  0 -1 -2 -1 -1 -1 -2 -3 -3 -1 -3 -4 -2  6  1 -4 -3 -3    2   2   0   0   0   0   0   0   0   0   0   1   0   0   0  88   7   0   0   0  0.86 0.20
  135 D   -2 -3  0  7 -4 -1  0 -2 -2 -4 -5 -2 -4 -5 -3  1 -2 -5 -4 -4    0   0   0  88   0   0   0   0   0   0   0   0   0   0   0  12   0   0   0   0  1.34 0.21
  136 L   -2 -3 -4 -4 -2 -3 -4 -4 -4  4  1 -3  0  2 -3 -3  0 -3 -1  4    0   0   0   0   0   0   0   0   0  43   5   0   0  12   0   0   4   0   0  36  0.51 0.12
  137 E   -1 -1 -1 -1 -3  3  2 -3  0  2 -1  0  2 -2 -2  1  0 -3 -2  0    0   0   0   0   0  28  16   0   2  20   0   4   8   0   0  17   2   0   0   5  0.25 0.10
  138 Q   -1  0  2  1 -3  3  2 -2 -1 -3 -3  1 -2 -4 -2  3  1 -3 -2 -3    0   0   9   4   0  26  10   0   0   0   0   8   0   0   0  33   9   0   0   0  0.43 0.11
  139 I   -2 -2 -3 -3 -2 -3 -3 -4 -3  5  2  0  0 -1 -3 -2  0 -3 -2  2    0   0   0   0   0   0   0   0   0  60  18   9   0   0   0   0   8   0   0   5  0.46 0.13
  140 L   -2 -3 -4 -5 -2 -3 -4 -5 -3  1  5 -3  2  3 -4 -3 -2 -2 -1  0    0   0   0   0   0   0   0   0   0   0  84   0   4  12   0   0   0   0   0   0  0.77 0.16
  141 V    2  0 -2 -2 -2 -1  0 -2 -2  0  0  2  1 -2 -2 -1  0 -3 -2  2   32   4   0   0   0   0   6   0   0   0   5  18   5   0   0   0   2   0   0  27  0.18 0.08
  142 G    1 -2 -1 -2 -2 -1 -1  2 -2 -2  0 -1 -2 -3 -2  4  0 -3 -3 -2   10   0   0   0   0   0   0  14   0   0  12   0   0   0   0  64   0   0   0   0  0.46 0.14
  143 K   -2  4 -1 -2 -4  4  0 -3 -1 -2  0  3 -1 -3 -2 -1 -2 -3 -2 -2    0  36   0   0   0  30   0   0   0   0  14  20   0   0   0   0   0   0   0   0  0.56 0.13
  144 G   -1 -1 -1 -2 -3 -2 -3  6 -3 -5 -4 -2 -3 -4 -3  1 -2 -4 -4 -4    0   4   0   0   0   0   0  86   0   0   0   0   0   0   0  10   0   0   0   0  1.22 0.17
  145 A    5 -3 -3 -3 -2 -2 -2 -1 -3  2 -1 -2 -1 -3 -2  0 -1 -4 -3  0   77   0   0   0   0   0   0   0   0  23   0   0   0   0   0   0   0   0   0   0  0.63 0.17
  146 S    0 -2  5  2 -3 -1 -1 -1 -1 -4 -4 -1 -3 -4  2  2  0 -4 -3 -3    7   0  48   9   0   0   1   0   0   0   0   0   0   0   9  21   3   0   0   0  0.60 0.13
  147 G   -1  0  0  2 -2  0  1  0 -2 -1 -1  0 -1 -3 -2  2  3 -3 -2 -1    2   3   2  19   0   1   6   5   0   1   9   3   2   0   0  17  30   0   0   0  0.23 0.08
  148 Q   -1 -1  3  3 -3  1  1 -2 -1 -3 -3  0 -2 -3 -2  2  3 -4 -3 -2    0   2  19  21   0   5   5   0   0   0   0   2   0   0   0  17  28   0   0   0  0.43 0.10
  149 L    1 -3 -4 -4 -2 -3 -3 -3 -3  3  3 -3  1 -1 -3 -2 -1 -3 -2  2   14   0   0   0   0   0   0   0   0  33  46   0   0   0   0   0   0   0   0   7  0.44 0.11
  150 N    0 -1  1  2 -3  1 -1 -1  3 -2 -2  0 -2 -3  4  0 -1 -4 -2  0    8   2  10  14   0   6   0   4  11   0   3   4   0   0  24   5   0   0   0   9  0.35 0.07
  151 K    0  0  0  0 -2  1  2 -1  0 -1 -2  1 -1 -3  2  1  1 -3 -2  0    3   2   4   4   0   7  15   2   3   0   0  15   0   0   9  10  12   0   0  14  0.19 0.05
  152 I   -2 -3 -4 -4 -2 -3 -4 -4 -3  4  3 -3  1  4 -4 -3 -2 -2  0  1    0   0   0   0   0   0   0   0   0  42  33   0   2  23   0   0   0   0   0   0  0.57 0.12
  153 C   -2 -5 -4 -5 11 -5 -5 -4 -5 -3 -3 -5 -3 -4 -4 -2 -2 -4 -4 -2    0   0   0   0 100   0   0   0   0   0   0   0   0   0   0   0   0   0   0   0  2.61 0.32
  154 S    0 -2 -1 -2 -2 -1 -1  2 -2 -3 -3 -1 -2  1 -2  4  2 -3 -2 -2    4   0   0   0   0   0   0  14   0   0   0   0   0   9   0  63  10   0   0   0  0.51 0.15
  155 I   -1 -3 -4 -4 -2 -3 -3 -4 -4  3  3 -3  1 -1  1 -2 -1 -3 -2  3    4   0   0   0   0   0   0   0   0  24  31   0   0   0   9   0   0   0   0  31  0.41 0.10
  156 H   -2  2  2  0 -4  1  0  1  6 -4 -4  2 -2 -3 -2 -1 -1 -3 -1 -3    0  10  13   3   0   5   5  14  31   0   0  17   0   0   0   0   2   0   0   0  0.47 0.11
  157 S   -1 -3 -2 -2 -3 -2 -2 -2 -3 -3  0 -2 -2 -4  6  3 -1 -4 -3 -3    0   0   0   0   0   0   0   0   0   0  10   0   0   0  56  33   0   0   0   0  1.18 0.18
  158 S    1 -1 -1 -1 -2 -1  0 -1 -2 -3 -2  2 -2 -3 -2  4  1 -4 -3 -2    7   0   0   0   0   0   5   0   0   0   3  18   0   0   0  62   5   0   0   2  0.49 0.14
  159 N   -2 -1  6  0 -3  1 -1 -2 -1  1 -3 -1 -2 -3 -3  0 -1 -4 -3 -2    0   0  68   1   0   9   0   0   0  14   0   0   0   0   0   6   2   0   0   0  0.77 0.17
  160 L   -1  1 -3 -4 -2 -2 -3 -4 -3  0  4 -2  1  2 -3 -3 -2 -2 -1  0    4  14   0   0   0   0   0   0   0   0  64   0   0  13   0   0   0   0   0   6  0.45 0.12
  161 T   -1 -2 -2 -3 -2 -2 -2 -3 -3 -1 -2 -2 -1 -3 -2  0  6 -4 -3  2    0   0   0   0   0   0   0   0   0   0   0   0   0   0   0   0  77   0   0  23  0.81 0.20
  162 S    0 -2  0  2 -3  0  3  3 -2 -3 -3 -1 -3 -3 -2  2  1 -3 -2 -3    2   0   0  10   0   0  28  27   0   0   0   0   0   0   0  23   9   0   1   0  0.42 0.10
  163 S    1 -2  1 -2 -3 -2 -2  5 -1 -3 -3 -2 -3 -2 -3  1 -1 -2  2 -2   16   0   9   0   0   0   0  51   0   0   0   0   0   0   0   8   0   0  14   2  0.58 0.12
  164 S    0 -1 -1 -1 -2  3 -1 -2 -2 -3 -1 -1 -2 -3 -2  5  0 -4 -3 -3    2   0   0   0   0  18   0   0   0   0   6   0   0   0   0  74   0   0   0   0  0.66 0.18
  165 C   -2 -5 -4 -5 11 -5 -5 -4 -5 -3 -3 -5 -3 -4 -4 -2 -2 -4 -4 -2    0   0   0   0 100   0   0   0   0   0   0   0   0   0   0   0   0   0   0   0  2.61 0.32
  166 P    2 -3 -3 -3 -3 -2 -2 -3 -3 -4 -4 -2 -3 -4  7 -1 -2 -5 -4 -3   23   0   0   0   0   0   0   0   0   0   0   0   0   0  77   0   0   0   0   0  1.80 0.22
  167 V   -1 -1 -3 -4 -2 -3 -3  0 -4  3  0 -3  0 -2 -3 -2 -1 -4 -2  5    2   5   0   0   0   0   0   9   0  13   0   0   0   0   0   0   0   0   0  71  0.53 0.15
  168 I   -1  2 -1 -2 -3  0 -1 -2 -2  2 -1  3  0 -2 -2  1  1 -3  0  0    2  11   2   0   0   0   0   0   0  21   0  36   2   0   0  14   8   0   3   2  0.22 0.09
  169 N   -2 -2  2  5 -3 -1  2 -2 -2 -3 -3  0 -3 -1 -2  0  2 -4 -3 -3    0   0   7  52   0   0  10   1   0   0   0   4   0   3   0   1  22   0   0   0  0.64 0.13
  170 V   -1 -3 -3 -1 -2 -3 -3 -4 -4  3  0 -3  0 -2 -3 -2  1 -4 -2  5    0   0   0   3   0   0   0   0   0  13   0   0   0   0   0   0  13   0   0  71  0.59 0.15
  171 D   -1 -1  2  3 -2  1  0 -1  0 -1  0  0 -1 -2 -2  2  0 -3 -2 -1    1   0  12  22   0   9   0   2   3   1  14   3   0   0   0  23   5   0   0   4  0.20 0.07
  172 E    0 -1  0  2 -3  1  4 -2 -1 -3 -3  0 -2 -4 -2  1  2 -4 -3 -2    9   0   3  11   0   4  41   0   0   0   0   0   0   0   0  10  22   0   0   0  0.46 0.11
  173 F   -3 -3 -4 -4 -3 -3 -4 -4 -2  0  1 -3  4  6 -4 -3 -2  5  1 -1    0   0   0   0   0   0   0   0   0   5   7   0  19  59   0   0   0  10   0   0  0.83 0.15
  174 E   -2 -1 -1  1 -4  1  5 -3 -1 -2 -1  0  2 -2 -2 -1 -2 -3  0 -2    0   0   0   3   0   0  71   0   0   0   7   2  12   0   0   0   0   0   5   0  0.65 0.15
  175 S    0  1  1  0 -3  4  1 -1 -1 -3 -3  2 -2 -3 -2  2  0 -3 -2 -3    3   6   5   3   0  29   4   2   0   0   0  22   0   0   0  23   2   0   0   0  0.38 0.09
  176 T    0 -1 -1 -2 -1 -1 -1 -2 -2  2  0  0  1 -2 -2  2  2 -3 -2  1    4   0   0   0   0   0   0   0   0  17   4  10   7   0   0  24  21   0   0  13  0.17 0.07
  177 V    0 -3 -3 -3 -2 -3 -3 -3 -3  2  0 -3  0 -2  3 -2 -1 -4 -2  4    7   0   0   0   0   0   0   0   0   6   5   0   0   0  19   0   0   0   0  63  0.51 0.12
  178 D   -2 -2  5  5 -4 -1  0  0 -1 -4 -4 -1 -3 -4 -3  0 -1 -5 -3 -4    0   0  50  43   0   0   0   7   0   0   0   0   0   0   0   0   0   0   0   0  0.90 0.15
  179 T    0  0 -1 -2 -2 -1 -2 -2 -2 -1 -1 -1 -1  3 -2  2  3 -2 -1  0    2   7   0   0   0   0   0   0   0   3   0   0   0  19   0  28  36   0   0   4  0.29 0.10
  180 A    1 -2  3 -1 -2 -1 -1 -1 -1 -2 -3 -1 -2 -3 -2  4  1 -4 -2  0    4   0  19   0   0   0   0   0   0   0   0   0   0   0   0  59   7   0   0  10  0.46 0.13
  181 K   -1  3  0  2 -3  0  0 -1 -1 -3 -3  4 -2 -4 -2  0  0 -4 -3 -3    0  16   0  19   0   0   0   3   0   0   0  47   0   0   0   8   7   0   0   0  0.46 0.10
  182 L   -2 -3 -4 -4 -2 -3 -4 -4 -4  1  5 -3  1  0 -4 -3 -2 -3 -2  2    0   0   0   0   0   0   0   0   0   0  81   0   0   0   0   0   0   0   0  19  0.66 0.14
  183 L   -2 -2 -3 -3 -2 -1 -3 -3 -3  2  4 -2  1  0 -3 -2 -1 -2 -1  1    1   0   0   1   0   4   1   1   0  13  67   1   0   0   1   1   1   0   0   9  0.42 0.09
  184 L    1 -1  0  2 -1  0  2  2 -1 -2 -1 -1 -2 -3 -1  0  1 -3 -2 -2   15   0   0  16   2   0  19  22   0   0   5   1   0   0   1   3  12   0   0   1  0.23 0.05
  185 A    4 -2 -1 -2 -1 -1 -1 -1 -2 -2 -2 -1 -2 -3 -1  3  0 -3 -2 -1   57   0   0   1   0   0   1   1   0   0   1   1   0   0   1  34   1   0   0   1  0.48 0.11
  186 C   -2 -4 -3 -4 10 -4 -4 -3 -4 -2 -2 -4 -3 -3 -3 -2 -2 -3 -3 -2    1   1   0   1  90   0   1   1   0   1   1   1   0   0   1   1   1   0   0   1  2.21 0.29
  187 E   -1  3  0  0 -2  1  1  0  2 -3 -2  1 -1 -3 -2  2  0 -3 -2 -2    1  24   2   2   0   5  12   8   7   1   1   4   2   0   1  24   5   0   0   1  0.26 0.07
  188 K    0  0  0 -1 -2  0 -1  2 -1 -2 -3  3 -2 -3 -2  1  2 -3 -2 -2    4   1   4   2   0   3   1  17   0   1   1  33   0   0   1  11  21   0   0   1  0.29 0.09
  189 I   -1 -3 -3 -3 -2 -3 -3 -3 -3  4  0 -3  0 -1  2 -2 -1 -3 -2  4    1   1   0   1   0   0   1   1   0  34   1   1   0   0  14   1   1   0   0  44  0.50 0.13
  190 D   -3 -3  0  6 -4 -2  0  1 -2 -3  0 -2 -3 -3 -3 -2 -2 -4 -2 -3    0   0   0  75   0   0   0  10   0   0  13   0   0   0   0   0   0   0   2   0  0.99 0.21
  191 P   -2 -3 -3 -3 -4 -1 -2 -3 -3 -3 -1 -2 -3 -4  7  2 -2 -5 -4 -3    0   0   0   0   0   2   0   0   0   0   8   0   0   0  72  18   0   0   0   0  1.60 0.23
  192 V   -2 -3 -4 -4 -2 -3 -4 -4 -4  1  4 -3  1 -1 -4 -3  0 -3 -2  3    0   0   0   0   0   0   0   0   0   0  62   0   0   0   0   0   4   0   0  33  0.63 0.16
  193 K   -2  1  3  2 -4  0  0 -2 -1 -1 -3  5 -2 -2 -2 -1 -2 -3  2 -3    0   1  17  13   0   0   0   0   0   4   0  54   0   0   0   0   0   0  10   0  0.54 0.16
  194 E   -2 -2 -2  0 -4  0  6 -3 -2  1 -3 -1 -2 -4 -2  1 -2 -4 -3 -2    0   0   0   0   0   0  76   0   0  13   0   0   0   0   0  10   0   0   0   0  0.89 0.22
  195 C   -2 -4 -4 -5 10 -4 -4 -4 -3 -3 -3 -4 -3 -3 -4 -2  1 -3  2 -2    0   0   0   0  76   0   0   0   0   0   0   0   0   0   0   0  13   0  10   0  1.83 0.29
  196 C   -2 -5 -4 -5 11 -5 -5 -4 -5 -3 -3 -5 -3 -4 -4 -2 -1 -4 -4 -2    0   0   0   0  96   0   0   0   0   0   0   0   0   0   0   0   4   0   0   0  2.56 0.35
  197 E   -1  4  2  1 -4  1  2 -2 -1 -4 -3  3 -2 -3 -2  0 -1 -4 -1 -3    2  31  10   7   0   2  11   0   0   0   0  27   0   0   0   7   2   0   1   0  0.47 0.11
  198 E   -1  0 -1 -1 -3  4  2 -2 -1 -3 -3  0 -2 -3  5 -1 -1 -3 -3 -3    3   4   1   1   0  26  19   1   0   1   1   1   0   1  39   1   1   0   0   1  0.85 0.14
  199 A    0 -3 -2 -3 -2 -2 -2 -3 -3  3 -1 -2 -1 -1 -2  1  3 -3 -2  3    5   0   0   0   0   0   0   0   0  21   0   0   0   1   0  10  31   0   0  31  0.36 0.13
  200 C   -2 -5 -5 -5 11 -5 -6 -4 -5 -3 -3 -5 -3 -4 -5 -3 -3 -4 -4 -3    0   0   0   0 100   0   0   0   0   0   0   0   0   0   0   0   0   0   0   0  2.77 0.37
  201 Q   -2  0 -2 -2 -4  7  0 -2 -1 -3  0  0 -1 -4 -3 -2 -2 -3 -3 -3    0   2   0   0   0  83   0   2   0   0  13   0   0   0   0   0   0   0   0   0  1.14 0.27
  202 N   -2 -2  6 -1 -4 -1 -2 -2  0 -4 -3 -1 -3 -4  4  1 -1 -5 -3 -4    0   0  58   0   0   0   0   0   2   0   2   0   0   0  26  10   2   0   0   0  0.98 0.20
  203 A    5 -3 -2 -3  4  0 -2  2 -3 -3 -3 -2 -2 -3 -2  0 -1 -4 -3 -2   71   0   0   0  10   4   0  13   0   0   0   0   0   0   0   2   0   0   0   0  0.67 0.18
  204 I   -3 -4 -5 -5 -2 -4 -5 -5 -5  7  1 -4  0 -1 -4 -4 -2 -4 -3  2    0   0   0   0   0   0   0   0   0  93   3   0   0   0   0   0   0   0   0   4  1.11 0.24
  205 L    0 -2  1 -2 -2 -1 -1 -2 -1  1  1 -1  3 -1 -2  1  0 -2 -2  2    3   1   9   1   0   0   4   1   2   2  17   1  20   0   1  13   6   0   0  19  0.14 0.07
  206 D    1 -2 -1  4 -4  0  4 -2 -1 -3 -3 -1 -3 -2 -2 -1 -2 -2  3 -3   15   0   0  29   0   0  40   0   0   0   0   0   0   0   0   0   0   0  16   0  0.62 0.16
  207 A    5 -2 -2 -3 -2 -2 -2 -1 -3 -1  0 -2 -1 -3 -2  1  0 -3 -3  0   71   0   0   0   0   0   0   0   0   0  13   0   0   0   0  10   2   0   0   4  0.55 0.17
  208 A    5 -1 -2 -3 -2 -2 -2 -1  2 -3 -3 -2 -2 -4 -2  2 -1 -4 -3 -1   74   4   0   0   0   0   0   0   6   0   0   0   0   0   0  14   0   0   0   2  0.78 0.26
  209 T   -2  3 -2 -3 -3  1  0 -3 -2  0  2  0  0  1 -3 -1  2 -3 -1  0    0  21   0   0   0   7   4   0   0   2  27   4   0   9   0   0  18   0   0   8  0.22 0.12
  210 N   -2  1  1 -2 -4  4  0 -3  2 -1  0  4 -1 -3 -3 -1 -1 -4 -2 -1    1   4   6   0   0  26   2   0   8   3  11  34   0   0   0   0   2   0   0   4  0.41 0.17
  211 I   -3 -4 -5 -5 -3 -4 -4 -5 -4  6  2 -4  2 -1 -4 -4 -2 -4 -3  2    0   0   0   0   0   0   0   0   0  66  18   0   7   0   0   0   0   0   0   9  0.91 0.25
  212 S    4 -2 -1 -2 -2 -2 -2  1 -3 -3 -3 -2 -3 -4 -2  4  1 -4 -3 -2   39   0   0   0   0   0   0   9   0   0   0   0   0   0   0  46   6   0   0   0  0.68 0.24
  213 L    0 -2 -2 -2 -2 -2 -2  1 -2  0  1 -2  1  2 -3  2  0 -2 -1  0    2   0   0   0   0   0   0  15   0   5  18   0   4  15   0  30   4   0   0   6  0.21 0.13
  214 K   -2  3  3  1 -3  0  0  1 -1 -3 -3  4 -2 -4 -1 -1 -1 -3 -3 -3    1  16  19   9   0   0   3  11   0   0   1  34   0   0   2   1   1   0   0   1  0.45 0.15
  215 A    1 -2  1  3 -3  1  1  3  2 -2 -3 -1 -2 -3 -2  0 -1 -3 -2 -2   15   0   7  18   0   6   7  30   6   3   1   0   0   0   0   3   1   0   0   1  0.34 0.11
  216 S    0 -1  4 -1 -3  1 -1  0 -1 -1 -2  0  0 -1  2  2 -1 -3 -1 -1    7   0  28   0   0   9   0   7   0   4   2   4   3   2   9  18   0   0   2   5  0.24 0.12
  217 E   -1 -1  1  0 -3  0  1 -1  4  0  1  0  1  0 -3 -1 -1 -3 -1  1    1   0   9   3   0   2  12   3  15   0  20   5   3   4   0   4   2   0   0  16  0.11 0.09
  218 T    0 -2  1 -2  0  0  0  2 -2  0 -1 -2  2 -2 -2  0  2 -3 -2  1    8   0   7   0   2   3   6  16   0   6   1   0   8   0   0   5  24   0   0  13  0.17 0.10
  219 L   -1 -3 -1 -2 -2 -2 -2 -2 -3  0  3 -2  1  3 -3  1  0 -2 -1  0    2   0   3   2   0   0   1   3   0   0  44   0   1  15   0  18   4   0   0   6  0.27 0.14
  220 T   -1 -2  1 -2 -2 -2 -1  0 -2 -2 -2 -2 -2 -2  4  2  3 -3  1  1    0   0   7   0   0   0   2   7   0   0   0   0   0   0  21  16  25   0   7  15  0.40 0.16
  221 D    0 -1  3  2 -3  0  1  1  0 -2 -3  0 -2 -3 -2  2  0  0 -2  0    4   2  22  14   0   2   8   9   2   0   0   4   0   0   0  19   5   2   0   9  0.27 0.11
  222 N   -1  0  2 -1 -3  3  1  1  5 -3 -3  0 -2 -2 -1  1 -1 -3  0 -2    3   3  11   0   0  18   7   9  26   0   1   2   0   0   2   9   2   0   3   3  0.38 0.14
  223 S    0 -2  2 -1 -2  0 -1  0 -2  0 -1 -1 -1 -3 -2  3  2 -3 -2  1    4   0  13   0   0   3   1   5   0   6   2   1   0   0   0  33  19   0   0  10  0.27 0.13
  224 D    1 -1  2  3 -2  0  0  0 -2 -3 -3  0 -2 -3  1  1  2 -3 -3 -2   13   0  12  28   0   4   1   4   0   0   1   7   0   0   8   6  15   0   0   1  0.33 0.11
  225 R    0  3 -1 -2 -2 -1 -1 -2  1 -1 -1  2 -1 -2  0  1  1 -2  1  1    3  20   0   0   0   0   1   1   4   0   6  13   0   0   5  16  10   0   6  14  0.16 0.09
  226 I   -1 -3 -3 -3 -2 -3 -3 -3 -3  3  2 -3  0 -1 -3 -2  0 -3 -2  4    1   0   0   0   0   0   1   2   0  23  22   1   0   0   0   1   4   0   0  43  0.49 0.16
  227 N   -2  0  5  3 -3 -1  0 -2 -1 -3 -3  1 -2 -3 -2  1  0 -4 -3 -1    1   2  38  17   0   0   4   1   0   0   1  11   0   0   0  15   2   0   0   5  0.49 0.16
  228 D   -2 -2  0  7 -4 -1  2 -1 -2 -4 -4 -2 -4 -4 -2  1 -2 -4 -4 -4    1   0   0  72   0   0   9   3   0   0   1   1   0   0   0  10   1   0   0   1  1.16 0.26
  229 C   -3 -6 -5 -6 11 -5 -6 -5 -5 -4 -4 -5 -4 -5 -5 -3 -3 -5 -5 -3    0   0   0   0 100   0   0   0   0   0   0   0   0   0   0   0   0   0   0   0  3.20 0.53
  230 K   -3  4 -2 -3 -5  0 -1 -3 -2 -4 -4  6 -3  1 -3 -2 -2 -4 -2 -4    0  20   0   0   0   0   0   0   0   0   0  72   0   9   0   0   0   0   0   0  1.09 0.31
  231 N   -1  0  5  0 -3 -1 -2  3  0 -4 -4 -1 -3 -4 -3  2  0 -4 -3 -4    0   4  41   4   0   1   0  24   2   0   0   0   0   0   0  20   4   0   0   0  0.68 0.21
  232 V    0 -4 -4 -4 -2 -3 -4 -4 -4  4  0 -3  1  2 -4 -3 -2 -3 -2  5    9   0   0   0   0   0   0   0   0  27   0   0   3   9   0   0   0   0   0  52  0.66 0.22
  233 V    0 -4 -4 -5 -2 -4 -4 -4 -5  2 -1 -4 -1 -3 -4 -3 -2 -5 -3  6    9   0   0   0   0   0   0   0   0   4   0   0   0   0   0   0   0   0   0  87  1.10 0.32
  234 N   -2 -3 -1 -3 -3 -1 -3 -4  3 -1  3 -3  0  3 -4  0 -2 -1  3 -1    0   0   3   0   0   2   0   0   8   0  41   0   0  18   0  12   0   0  15   0  0.44 0.18
  235 R    0  5 -2 -2 -3 -1 -2 -3 -2 -2  0  0 -2 -3 -3  3  0 -4 -3  0    9  40   0   0   0   0   0   0   0   0   9   0   0   0   0  31   3   0   0   9  0.48 0.20
  236 W   -4 -4 -5 -6 -4 -4 -4 -5 -2 -4 -3 -4 -3  0 -5 -4  0 11  6 -4    0   0   0   0   0   0   0   0   0   0   0   0   0   0   0   0   9  57  35   0  2.43 0.44
  237 L    0 -3 -4 -5 -2 -3 -4 -4 -4  1  5 -4  2 -1 -4 -3 -2 -3 -2  0    9   0   0   0   0   0   0   0   0   7  77   0   4   0   0   0   0   0   0   4  0.80 0.24
  238 A    5 -3 -2 -3 -2 -2 -2 -1 -3 -3 -3 -2 -3 -4 -2  4 -1 -4 -3 -2   60   0   0   0   0   0   0   0   0   0   0   0   0   0   0  40   0   0   0   0  0.89 0.29
  239 T    1  3  0 -2 -2 -1 -1  0 -2 -3 -3  1  1 -3 -2  3  2 -4 -3 -2    9  22   3   0   0   0   0   8   0   0   0   6   6   0   0  33  12   0   0   2  0.35 0.16
  240 K   -2  2  0 -2 -4  3  0 -3 -2 -3 -3  6 -2 -4 -3 -2 -2 -4 -3  0    0   9   3   0   0  13   2   0   0   0   0  65   0   0   0   0   0   0   0   9  0.84 0.26
  241 L   -3 -4 -5 -5 -3 -4 -4 -5 -4  0  5 -4  1  1 -4 -4 -3 -3 -2  1    0   0   0   0   0   0   0   0   0   0  86   0   0   6   0   0   0   0   0   9  1.00 0.27
  242 D   -1 -1  3  3 -3  0  1  0  0 -4 -3 -1 -3 -4  0  3 -1 -4 -3 -3    0   2  17  23   0   2   8   5   2   0   2   0   0   0   5  34   0   0   0   0  0.49 0.17
  243 P    0 -3 -3 -3 -3 -3 -2 -3 -3 -3 -2 -2 -3  1  6  2 -1 -3  2 -3    7   0   0   0   0   0   0   0   0   0   4   0   0   9  53  17   2   0   8   0  1.10 0.25
  244 S    0  0  0  4 -3  2  2 -1 -2 -4 -4 -1 -3 -4 -2  3  0 -4 -3 -3    6   3   1  31   0   9  14   2   0   0   0   0   0   0   0  29   4   0   0   0  0.52 0.17
  245 R    2  1  0  1 -2 -1  1  1  1 -2 -3  0 -2 -3 -2  2  0 -3 -2 -1   23  10   2  11   0   0   7  12   4   0   0   3   0   0   0  17   5   0   0   5  0.21 0.09
  246 V    5 -3 -3 -3 -2 -2 -3 -2 -3  1 -2 -2 -2 -3 -2  1 -1 -4 -3  1   78   0   0   0   0   0   0   0   0   8   0   0   0   0   0   6   0   0   0   8  0.83 0.27
  247 K   -2 -1  6 -1 -4 -1 -1 -2 -1 -4 -1  3 -3 -4 -3  1  0 -5 -3 -3    0   0  55   0   0   0   0   0   0   0   8  25   0   0   0   9   4   0   0   0  0.81 0.26
  248 E    0  0  0  1 -3  0  2 -1  0 -3 -3  1 -2 -3 -2  2  3 -4 -3 -2    7   4   2  10   0   3  16   2   2   0   0   8   0   0   0  13  33   0   0   0  0.35 0.14
  249 T    4 -3 -3 -3  3 -2 -3 -2 -3  1 -1 -2  3 -2 -3 -1  1 -4 -3  2   44   0   0   0   8   0   0   0   0   6   2   0  12   0   0   0   7   0   0  21  0.44 0.19
  250 L   -3 -4 -4 -5 -3 -4 -4 -5 -3  1  3 -4  0  6 -5 -4 -3 -1  1 -1    0   0   0   0   0   0   0   0   0   6  41   0   0  54   0   0   0   0   0   0  0.95 0.21
  251 R   -3  7 -2 -3 -5 -1 -2 -4 -2 -4 -3  0 -3  2 -4 -2 -3 -4 -2 -4    0  89   0   0   0   0   0   0   0   0   0   0   0  11   0   0   0   0   0   0  1.43 0.29
  252 G   -1 -2  1 -2 -3  1 -2  4 -2  2 -1 -2 -1 -3 -3 -1  0 -3 -3  1    0   0   8   0   0  10   0  40   0  19   3   0   0   0   0   0   4   0   0  15  0.36 0.12
  253 L   -2 -3 -4 -5 -2 -3 -4 -5 -4  2  5 -4  1 -1 -4 -3 -2 -3 -2  2    0   0   0   0   0   0   0   0   0  10  76   0   0   0   0   0   0   0   0  14  0.79 0.18
  254 A    0 -2 -1 -2 -2  2 -1 -2 -2 -1 -3 -1 -2  0 -2  5  0 -3 -1 -3    4   0   0   0   0  11   0   0   0   4   0   0   0   4   0  74   0   0   2   0  0.71 0.23
  255 N    2 -2  5 -1 -3 -1 -2  2 -1 -4 -4 -1 -3 -4 -2  3 -1 -4 -3 -3   17   0  39   0   0   0   0  19   0   0   0   0   0   0   0  25   0   0   0   0  0.61 0.17
  256 C   -2 -5 -5 -5 10 -5 -6 -5 -5  1 -3 -5 -3 -4 -5 -3 -3 -4 -4 -2    0   0   0   0  89   0   0   0   0  11   0   0   0   0   0   0   0   0   0   0  2.42 0.36
  257 K   -2  1  4  1 -4  0 -1 -2 -2 -4 -4  5 -3 -4 -2 -1  1 -4 -3 -3    0   4  24   6   0   0   0   0   0   0   0  55   0   0   0   0  11   0   0   0  0.70 0.19
  258 I   -1 -3 -1 -3 -2 -1 -3 -3 -3  3  1 -2  0 -1 -3 -2 -1 -3 -2  5    1   1   4   1   0   3   1   1   0  14   7   1   0   0   1   1   1   0   0  64  0.51 0.14
  259 N   -2 -1  7  0 -3 -1 -1 -2 -1 -4 -4  0 -3 -4 -3 -1 -1 -4 -3 -4    1   1  86   1   0   0   1   1   0   1   1   3   0   0   1   1   1   0   0   1  1.33 0.25
  260 R   -1  2  0 -1 -3  0  0  1 -2 -3 -3  5 -2 -3 -2 -1 -2 -3 -3 -3    1   7   2   1   0   0   4  11   0   1   1  69   0   0   1   1   1   0   0   1  0.70 0.17
  261 V    1 -3 -3 -3 -2 -2 -1 -3 -3  1 -1 -2 -1 -2 -2  0 -1 -3 -2  5   12   1   1   1   0   0   4   1   0   1   1   1   0   0   1   6   1   0   0  69  0.49 0.16
  262 C   -2 -4 -3 -4 10 -3 -4 -3 -4 -2 -2 -4 -2 -3 -3 -2 -2 -3 -3 -2    1   1   1   1  88   1   1   1   0   1   1   1   0   0   1   1   1   0   0   1  2.15 0.27
  263 P   -2 -3 -3 -2 -3 -2 -2 -3 -3 -3 -3 -2 -3 -4  8 -2 -2 -4 -3 -3    1   1   1   1   0   1   1   1   0   1   1   1   0   0  88   1   1   0   0   1  2.13 0.24
  264 L   -2 -3 -3 -4 -2 -3 -3 -4 -3  1  5 -3  1 -1 -3 -3 -2 -2 -2  0    1   1   1   1   0   1   1   1   0   1  89   1   0   0   1   1   1   0   0   1  0.76 0.16
  265 V   -1 -2  1  1 -2 -1  2 -3 -2  0 -1 -1 -1 -3 -2  1  2 -4 -2  3    0   0  10   9   0   0  18   0   0   0   0   0   0   0   0  10  15   0   0  39  0.26 0.11
  266 F   -4 -4 -5 -5 -4 -5 -5 -5 -3 -1  0 -5 -1  8 -5 -4 -4 -1  2 -2    0   0   0   0   0   0   0   0   0   0   5   0   0  95   0   0   0   0   0   0  1.70 0.28
  267 P   -2  0 -2  1 -4 -1 -1 -3 -3 -4 -4  2 -3 -4  7  0  0 -4 -4 -3    0   4   0   7   0   0   2   0   0   0   0  16   0   0  57   7   6   0   0   0  1.17 0.18
  268 H   -2  0  3  4 -4  3  2  1  2 -4 -4 -1 -3 -4 -2 -1 -2 -4 -3 -4    0   3  18  34   0  17  11  12   5   0   0   0   0   0   0   0   0   0   0   0  0.57 0.13
  269 M   -2 -3 -3 -3 -3 -2 -3 -3 -3  0 -1 -2  4 -3  6 -2  1 -4 -3  1    0   0   0   0   0   0   0   0   0   7   0   0  19   0  52   0  12   0   0  10  1.06 0.19
  270 K    0  1 -1 -2 -2 -1 -1 -2 -2 -2 -1  2  0 -3 -2  3  3 -3 -2 -2    0   6   0   0   0   0   0   0   0   0   8  18   4   0   0  43  22   0   0   0  0.38 0.14
  271 H    0  0  1  1 -3  0  3 -2  4 -4 -3  1 -2 -3  0  2 -1 -3  0 -3    4   3   9   4   0   1  25   0  16   0   0   7   0   0   4  26   0   0   2   0  0.38 0.11
  272 I   -1 -4 -4 -4 -2 -4 -4 -5 -4  3  0 -4  0 -2 -4 -3 -1 -4 -2  6    0   0   0   0   0   0   0   0   0  14   2   0   0   0   0   0   0   0   0  83  0.91 0.21
  273 G    2 -3 -2 -3 -2 -2 -2  0 -3  3 -1 -2 -1 -2 -2  0  2 -3 -2  2   26   0   0   0   0   0   0   5   0  26   0   0   0   0   0   5  16   0   0  22  0.27 0.10
  274 G   -1  1  1  1 -4  0  0  0 -2 -3 -3  5 -1 -4 -2 -1 -1 -4 -3 -3    1   0   8   6   0   0   2   6   0   0   2  73   2   0   0   0   0   0   0   0  0.63 0.13
  275 N    3 -2  1  1 -2  0  3  1 -2 -3 -3 -1 -2 -3 -2  0 -1 -3 -3 -2   51   0   6   6   0   0  25  12   0   0   0   0   0   0   0   0   0   0   0   0  0.41 0.10
  276 C   -2 -5 -4 -5 10 -4 -5 -4 -5 -3 -3 -5 -3 -4 -4 -2 -2 -4 -4 -2    0   0   0   0 100   0   0   0   0   0   0   0   0   0   0   0   0   0   0   0  2.48 0.26
  277 S    0  4 -1 -2 -3 -1 -2  4  1 -4 -3  0 -3 -3 -3  1 -2  0 -3 -2    3  33   0   0   0   0   0  46   4   0   0   0   0   0   0  10   0   1   0   2  0.58 0.10
  278 N   -2 -1  6  2  1 -1  0  1 -1 -4 -4  1 -3 -4 -3  0 -1 -4 -3 -4    0   0  63   8   4   0   4  11   0   0   0   8   0   0   0   2   0   0   0   0  0.73 0.13
  279 E    0 -2 -2 -1 -2  0  1  1 -2  1  1 -1  0 -2 -2  0  0 -3 -2  2    8   0   0   0   0   5  15  13   0   4  13   0   2   0   0   4   7   0   0  26  0.09 0.04
  280 L    3 -2 -2 -2 -1 -2 -2 -2 -2  2  0 -2  2 -2 -2  1  1 -3 -2  1   38   0   0   0   0   0   0   0   0  22   6   0   8   0   0  14   7   0   0   5  0.23 0.07
  281 S    3  1  1 -1 -2 -1 -1 -1 -2 -2 -3  0 -2 -3  0  3  1 -3 -2 -2   35   7   9   0   0   0   0   0   0   0   0   4   0   0   4  32  10   0   0   0  0.34 0.08
  282 N   -2 -2  5 -1 -3 -1 -1 -2 -1 -4 -4 -1 -3 -4  5  1 -1 -5 -3 -3    0   0  46   0   0   0   0   0   0   0   0   0   0   0  40  13   0   0   0   0  1.06 0.15
  283 Q    0  1  1 -1 -2  4  0  0  0 -3 -3  1 -2 -3 -2  3  1 -3 -2 -3    0   4   6   0   0  31   1   5   2   0   0   6   0   0   0  39   6   0   0   0  0.42 0.10
  284 T    0 -2 -2 -2 -2 -2 -2 -2 -3 -2 -2 -2 -2 -3  6  0  4 -4 -3 -1    9   0   0   0   0   0   0   0   0   0   2   0   0   0  42   0  43   0   0   4  0.91 0.13
  285 G    2 -1 -1 -1 -2 -1  0  1 -2 -3 -3 -1 -2 -3 -2  4  1 -3 -3 -2   24   2   0   0   0   0   3   8   0   0   0   0   0   0   0  55   8   0   0   0  0.47 0.11
  286 C   -2 -5 -4 -5 10 -4 -5 -4 -5 -3 -3 -5 -3 -4 -4 -2 -2 -4 -4 -2    0   0   0   0 100   0   0   0   0   0   0   0   0   0   0   0   0   0   0   0  2.48 0.26
  287 C   -2 -5 -4 -5 10 -4 -5 -4 -5 -3 -3 -5 -3 -4 -4 -2 -2 -4 -4 -2    0   0   0   0 100   0   0   0   0   0   0   0   0   0   0   0   0   0   0   0  2.48 0.26
  288 R    0  2  1  0 -2  0 -1 -1 -1 -3 -2  2 -2 -3 -2  3  1 -3 -2 -2    6  12   8   2   0   0   0   1   0   0   2  19   0   0   0  44   5   0   0   0  0.35 0.09
  289 A    4 -2 -1 -2 -1 -1 -1 -1 -2 -2 -3 -1 -2 -3 -2  3  1 -3 -3 -1   50   0   0   0   0   0   0   0   0   0   0   0   0   0   0  41   8   0   0   0  0.55 0.12
  290 M   -2 -3 -3 -4 -2 -2 -3 -4 -3  2  4 -3  5 -1 -3 -3  0 -2 -2  1    0   0   0   0   0   0   0   0   0  11  52   0  30   0   0   0   4   0   0   4  0.56 0.11
  291 E   -2 -1  4  2 -4  1  3 -2  3 -3 -2  1 -2 -3 -2 -1 -1 -4 -2 -3    0   0  39  14   0   3  22   0  10   0   4   9   0   0   0   0   0   0   0   0  0.53 0.10
  292 S    1  1  0 -1 -2 -1 -1  1 -2 -3 -3 -1 -2 -3 -2  4  3 -3 -2 -2    8   9   2   0   0   0   0   8   0   0   0   0   0   0   0  46  27   0   0   0  0.43 0.10
  293 Y   -3 -3 -3 -5 -4 -3 -3 -4  1 -3 -2 -3 -2  2 -4 -3 -3  1  9 -3    0   0   0   0   0   0   0   0   0   0   0   0   0   0   0   0   0   0 100   0  1.85 0.24
  294 V   -1 -3 -4 -4 -2 -3 -4 -4 -4  4  1 -3  1 -1 -3 -3 -1 -3 -2  4    0   0   0   0   0   0   0   0   0  45   8   0   3   0   0   0   0   0   0  44  0.60 0.11
  295 S    3 -2 -1 -2 -2 -1 -1  0 -2 -2 -2 -1 -2 -3  0  4  1 -3 -2 -2   27   0   0   0   0   0   0   3   0   0   4   0   0   0   2  58   5   0   0   0  0.48 0.12
  296 H   -1  0 -1 -2 -3  0  0  3  6 -4 -3 -1 -2 -2 -3 -1  0 -2  2 -3    0   4   0   0   0   3   8  35  32   0   0   0   0   0   0   0   9   0   9   0  0.54 0.10
  297 L   -2  0 -4 -4 -2 -2 -3 -4 -3  3  3 -2  2 -1 -3 -3 -2 -3 -2  1    0   9   0   0   0   0   0   0   0  35  48   0   4   0   0   0   0   0   0   4  0.45 0.09
  298 Q   -2  0 -1 -2 -4  8  1 -3 -1 -4 -3  0 -2 -5 -3 -1 -2 -3 -3 -4    0   0   0   0   0 100   0   0   0   0   0   0   0   0   0   0   0   0   0   0  1.48 0.24
  299 K   -2  2  1 -1 -4  3  1 -1 -1 -4 -3  5 -2 -4 -2 -1 -1 -4 -3 -3    0   4   8   0   0  14   8   2   0   0   0  64   0   0   0   0   0   0   0   0  0.66 0.12
  300 Q   -2  0 -1 -2 -4  8  1 -3 -1 -4 -3  0 -2 -5 -3 -1 -2 -3 -3 -4    0   0   0   0   0 100   0   0   0   0   0   0   0   0   0   0   0   0   0   0  1.48 0.24
  301 T   -1 -2 -1 -2 -2 -1 -2 -2 -2  1  0  0  6 -2 -2  3  1 -3 -2 -1    0   0   0   0   0   0   0   0   0   8   1   4  39   0   0  41   8   0   0   0  0.42 0.13
  302 L   -3 -3 -4 -5 -3 -3 -4 -4 -3  0  4 -4  1  5 -4 -3 -2 -1  1 -1    0   0   0   0   0   0   0   0   0   0  58   0   0  42   0   0   0   0   0   0  0.75 0.13
  303 I   -2 -4 -4 -4 -2 -4 -4 -5 -4  5  1 -3  0 -1 -4 -3 -1 -4 -2  3    0   0   0   0   0   0   0   0   0  74   3   0   0   0   0   0   0   0   0  23  0.77 0.14
  304 T   -1 -2 -1 -2 -2 -2 -2 -3 -3 -2 -2 -2 -2 -3 -2  0  7 -4 -3 -1    0   0   0   0   0   0   0   0   0   0   0   0   0   0   0   0 100   0   0   0  1.15 0.21
  305 N   -3 -2  8  0 -4 -1 -1 -2 -1 -5 -5 -1 -3 -4 -3 -1 -1 -5 -3 -4    0   0 100   0   0   0   0   0   0   0   0   0   0   0   0   0   0   0   0   0  1.51 0.22
  306 L   -2  1 -3 -3 -3 -1 -2 -4 -3  0  4  2  1 -1 -3 -2 -2 -3 -2 -1    0  10   0   0   0   0   0   0   0   0  65  25   0   0   0   0   0   0   0   0  0.43 0.11
  307 Q   -2  0 -1 -2 -4  8  1 -3 -1 -4 -3  0 -2 -5 -3 -1 -2 -3 -3 -4    0   0   0   0   0 100   0   0   0   0   0   0   0   0   0   0   0   0   0   0  1.48 0.24
  308 A    6 -2 -3 -3 -1 -2 -2 -1 -3 -2 -3 -2 -2 -3 -2  0 -1 -4 -3 -1  100   0   0   0   0   0   0   0   0   0   0   0   0   0   0   0   0   0   0   0  0.93 0.18
  309 L   -2 -3 -4 -4 -2 -3 -4 -5 -4  4  4 -3  2  0 -4 -3 -2 -3 -2  1    0   0   0   0   0   0   0   0   0  44  54   0   2   0   0   0   0   0   0   0  0.64 0.12
  310 D   -2  0  3  3 -3 -1  0 -1 -1  2 -1  0  0 -2 -2 -1 -1 -4 -2  0    0   4  21  25   0   0   4   2   0  26   0   9   4   0   0   0   0   0   0   5  0.24 0.07
  311 C   -1 -4 -3 -4 10 -4 -4 -3 -4 -2 -2 -4 -2 -3 -3 -2 -2 -3 -3 -2    1   0   0   0  92   0   0   1   0   0   1   0   0   0   0   1   0   0   0   1  2.10 0.22
  312 A    5 -2 -2 -2 -1 -2 -2 -1 -2 -1 -2 -2 -1 -3 -2  0 -1 -3 -2  1   83   0   0   0   0   0   0   1   0   0   1   0   0   0   0   1   0   0   0  10  0.61 0.13
  313 T    1 -1  0 -1 -1  0  0 -1 -1 -1 -1 -1 -1 -2 -1  1  4 -2 -2  0   13   1   1   1   0   4   5   2   0   1   2   1   0   1   1   8  52   0   1   4  0.30 0.07
  314 S    0 -1 -1 -2 -1 -1 -1 -2 -1  0  1 -1  2  1 -1  1  1 -1  0  0    5   1   1   1   0   1   1   2   0   1  23   3  10  10   1  22   9   0   1   8  0.08 0.03
  315 L   -1 -2 -2 -3 -1 -2 -2 -3 -2  1  3 -2  1  3 -2 -1  1 -1  0  0    1   1   1   1   0   1   1   1   0   3  53   1   0  18   1   1  12   0   1   1  0.26 0.06
  316 G    2 -2 -1 -1 -2 -1 -1  5 -2 -3 -3 -1 -2 -3 -2  0 -1 -2 -2 -2   20   1   1   1   0   1   3  63   0   1   2   1   0   1   1   1   1   0   1   1  0.64 0.08
  317 T    0 -1  0  0 -1  0  0  1 -1 -1 -1  0  2 -1 -1  3  1 -2 -1 -1    4   1   1   3   0   1   2  12   0   2   4   6  12   2   1  38   5   0   1   3  0.14 0.05
  318 K   -1  2 -1 -1 -2  0  0 -2 -1 -1 -1  3  3 -2  2 -1 -1 -2 -2 -1    1  14   1   1   0   1   3   1   0   1   3  34  22   1  12   1   1   0   1   1  0.28 0.07
  319 L   -1 -2 -2 -2 -1 -2 -2 -2 -2  1  4 -2  2  0 -2  0 -1 -2 -1  0    1   1   1   1   0   1   1   1   0   1  70   1   3   1   1  12   1   0   1   1  0.32 0.08
  320 Q   -1  2 -1 -1 -3  4  2 -2  0  0 -1  1 -1 -2 -1 -1 -1 -2 -2 -1    1  16   1   1   0  40  14   1   0  12   2   4   0   1   1   1   1   0   1   1  0.34 0.07
  321 K   -1  1  0 -1 -3  2  1 -1 -1 -2 -2  3 -1 -3  3  0 -1 -2 -2 -2    1   6   3   1   0  15   5   4   0   1   2  40   0   1  14   1   1   0   1   2  0.37 0.06
  322 L    1 -1 -1 -1 -1 -1 -1  2 -1 -1  1 -1  1 -1 -1  2  0 -2 -2 -1   19   3   1   2   0   1   2  15   0   1  17   1   8   1   1  24   1   0   1   1  0.12 0.04
  323 N   -1 -1  4  0 -2 -1 -1  3  3 -3 -3 -1 -2 -2 -2  1  0 -2 -1 -2    1   1  33   1   0   1   1  24  11   1   2   1   0   1   1  17   1   0   1   1  0.37 0.07
  324 I    1 -2 -2 -2 -1 -2 -2  1 -2  2  0 -2  0 -1 -2 -1 -1 -2 -1  3   15   1   1   1   0   1   1  12   0  19   2   1   0   1   1   1   1   0   1  41  0.17 0.05
  325 T    0 -1 -1 -1 -1  1 -1 -1 -1 -1 -1 -1  3 -1 -1  1  3 -2 -1  0    1   1   1   1   0  12   1   4   0   1   2   1  16   3   1  15  36   0   1   3  0.20 0.07
  326 K    0  1  1  0 -2  0  0 -1  3 -2 -2  3  0 -2 -1  0  1 -2 -1 -1    7   4   6   4   0   1   2   1  11   1   2  30   5   1   1   6  16   0   1   1  0.17 0.04
  327 N   -1 -1  4  3 -2  0  0 -1 -1 -2 -1 -1  2 -2 -2  0  1 -3 -2 -2    1   1  42  18   0   1   1   1   0   1   2   1  14   1   1   1  12   0   1   1  0.36 0.08
  328 I   -1 -2 -3 -3 -1 -2 -2 -3 -3  3  2 -2  1 -1 -2 -2 -1 -2 -1  3    1   1   1   1   0   1   1   1   0  32  15   1   0   1   1   1   1   0   1  39  0.29 0.06
  329 F   -2  2 -2 -2 -2 -1 -2 -3  0 -1 -1 -1 -1  4 -2 -2 -2  1  6 -2    1  14   1   1   0   1   1   1   0   1   2   1   0  18   1   1   1   0  52   1  0.61 0.10
  330 S    0  0  1  1 -2  2  2  1 -1 -2 -2  0 -1 -2 -1  1  1 -2 -1 -2    1   1   7   6   0  15  18  10   0   1   2   2   0   1   1  18  12   0   2   1  0.22 0.04
  331 V   -1 -2 -2 -3 -1 -2 -2 -3 -2  3  3 -2  1  0 -2 -1 -1 -2 -1  1    1   1   1   1   0   1   1   1   0  27  48   1   0   1   1   6   1   0   1   6  0.26 0.06
  332 C   -1 -3 -2 -2  9 -2 -2 -2 -2 -2 -2 -2 -2 -2 -2  1 -1 -2 -2 -1    1   1   1   1  69   1   1   1   0   1   2   1   0   1   1  15   1   0   1   1  1.12 0.14
  333 H   -1  0  2  3 -3  1  0  0  6 -3 -3 -1 -2 -2 -2 -1 -1 -2  0 -3    1   6  14  22   0   5   1   6  34   1   2   1   0   1   1   1   1   0   1   1  0.42 0.08
  334 I   -1 -2 -3 -3  4 -2 -2 -3 -3  4  1 -2  0 -1 -2 -2 -1 -2 -1  3    1   1   1   1  14   1   1   1   0  44   2   1   0   1   1   1   1   0   1  26  0.32 0.07
  335 S    1 -1  3  3 -2  0  0 -1 -1 -2 -2 -1 -2 -2 -1  2  1 -2 -1 -2   12   1  18  24   0   1   1   1   0   1   2   1   0   1   1  21  10   0   2   1  0.27 0.05
  336 L   -1 -2 -3 -3 -1 -2 -2 -3 -2  1  4 -2  1  0 -2 -2 -1 -2 -1  2    1   1   1   1   0   1   1   1   0   1  70   1   0   1   1   1   1   0   1  14  0.38 0.08
  337 K   -1  1  2 -1 -2  0  0 -1 -1 -2 -2  4 -2 -3 -1  0  1 -3 -2 -2    1   1  14   1   0   1   1   1   0   1   2  59   0   1   1   1  12   0   1   1  0.39 0.09
  338 D   -1 -2  0  5 -3 -1  0  1 -1 -3 -3 -1 -2 -3 -1  1 -1 -3 -3 -3    1   1   1  59   0   1   1  15   0   1   2   1   0   1   1  12   1   0   1   1  0.58 0.09
  339 F   -1 -1 -2 -2 -2 -1 -1 -2 -1  0  0 -2  0  6 -1 -1 -1  0  2 -1    3   2   2   2   1   2   3   3   1   2   4   2   1  59   2   3   2   1   1   3  0.40 0.06
  340 S    0 -1  0  0 -1  0  0  0 -1 -1 -1  0 -1 -2  0  4  1 -1 -1 -1    3   2   2   2   1   2   3   3   1   2   4   2   1   2   2  61   2   1   1   3  0.28 0.05
  341 L   -1 -1 -2 -2 -1 -1 -1 -2 -2  2  3 -1  1  0 -1 -1 -1 -1 -1  1    3   2   2   2   1   2   3   3   1  12  47   2   1   2   2   3   2   1   1   8  0.13 0.03
  342 Q   -1  0  0  0 -1  5  1 -1  0 -1 -1  1  0 -2  0  0  0 -1 -1 -1    4   3   2   3   1  52   3   4   1   3   5   3   1   2   3   4   3   1   2   3  0.32 0.05
  343 V    1 -1 -1 -1 -1 -1 -1  0 -1  1  0 -1  0 -1 -1  0  0 -2 -1  3   20   2   2   4   1   2   2   7   1   2   4   2   1   2   2   3   2   1   1  40  0.09 0.03
  344 G    0 -1 -1 -1  0 -1 -1  3 -1 -1 -1 -1 -1  1 -1  0  0  0  2 -1    6   2   2   2   2   2   3  34   1   2   6   2   1   7   2   3   4   1  14   4  0.17 0.02
  345 N    0 -1  1 -1 -1 -1 -1  3 -1 -2 -1 -1 -1 -1  0  2  0 -2 -1 -2    3   2  10   2   1   1   2  31   1   2   7   2   1   3   4  23   2   0   1   2  0.22 0.03
  346 Q   -1  0 -1 -1 -2  5  1 -2  0 -2 -2  0  1 -2  2 -1  0 -2 -2 -2    2   1   1   1   0  56   6   2   0   1   2   1   5   1  13   2   4   0   1   1  0.51 0.10
  347 E    0  0 -1  0 -2  3  4 -2  2 -2 -2  1 -1 -2 -1  0 -1 -2 -1  0    4   1   1   1   0  22  42   2   5   1   2   3   0   1   1   1   1   0   1  10  0.34 0.05
  348 S    1 -1  0  0 -1  0  0  0 -1 -1 -1  0 -1  0  0  3  1 -1  0 -1    9   2   2   2   1   5   5   3   1   2   3   2   1   4   2  44   6   1   3   2  0.17 0.02
  349 G    0 -2 -1 -2 -3 -2 -2  6 -2 -4 -3 -2 -3 -3 -2 -1 -2  2 -3 -3    1   2   0   1   0   0   1  85   0   1   1   1   0   0   1   1   1   4   0   1  1.01 0.09
  350 C   -1 -4 -3 -4 10 -3 -4 -3 -3 -2 -2 -3 -2 -3 -3 -1 -1 -3 -3 -1    1   1   0   1  90   0   1   1   0   1   1   1   0   0   1   1   1   0   0   1  1.69 0.14
  351 L   -2 -2 -3 -3 -2 -2 -3 -3 -3  1  5 -3  1  0 -3 -3 -1 -2 -1  0    1   1   0   1   0   0   1   1   0   1  91   1   0   0   1   1   1   0   0   1  0.57 0.08
  352 L   -2 -2 -3 -3 -2 -2 -3 -3 -3  1  4 -3  1  1 -3 -3 -2 -2 -1  0    1   1   0   1   0   0   1   1   0   1  88   1   0   4   1   1   1   0   0   1  0.53 0.08
  353 P   -1  3  0 -1 -3  0 -1 -2 -1 -3 -3  0 -2 -3  6  0 -1 -3 -2 -2    1  32   5   1   0   0   1   1   0   1   1   2   0   0  43   8   3   0   0   1  0.81 0.07
  354 S    1 -1  0 -1 -1 -1 -1 -1 -1 -3 -3 -1 -2 -3 -1  5  1 -3 -2 -2    1   1   0   1   0   0   1   1   0   1   1   1   0   0   1  91   1   0   0   1  0.64 0.10
  355 L   -2 -2 -3 -3 -2 -2 -3 -3 -2  1  4 -2  3  0 -3 -2 -1  1  1  0    1   1   0   1   0   0   1   1   0   1  75   1   8   0   1   1   1   2   6   1  0.44 0.07
  356 P   -1 -2 -2 -2 -3 -2 -2 -2 -3 -3 -3 -2 -3 -4  8 -1 -2 -4 -3 -3    1   1   0   1   0   0   1   1   0   1   1   1   0   0  91   1   1   0   0   1  2.00 0.12
  357 S    2 -1  0 -1 -1 -1 -1  0 -1 -2 -2 -1 -2 -2  0  4  2 -3 -2 -1   17   1   0   1   0   0   1   4   0   1   1   1   0   0   3  57  13   0   0   1  0.38 0.06
  358 D   -2 -2  1  6 -3 -1  1 -2 -1 -3 -4 -1 -3 -4 -2 -1 -1 -4 -3 -3    1   1   5  86   0   0   1   1   0   1   1   1   0   0   1   1   1   0   0   1  1.04 0.10
  359 A    3 -2 -2 -2 -1 -1 -2 -1 -2  1  1 -1  0 -1 -1  0  0 -2 -1  2   45   1   1   1   0   1   1   1   0   7  11   1   2   1   1   1   1   0   0  23  0.18 0.04
  360 I   -1 -2 -1 -1 -1 -2 -2 -2 -2  3  0 -2  1 -1 -2  0  2 -3 -2  2    1   1   0   4   0   0   1   1   0  34   1   1   6   0   1  12  17   0   0  21  0.17 0.04
  361 F   -2 -3 -3 -3 -2 -3 -3 -3 -1  0  1 -3  1  6 -3 -2 -2  0  3 -1    1   1   0   1   0   0   1   1   0   5  12   1   5  63   1   1   1   0   7   1  0.60 0.07
  362 D   -2 -2  1  6 -3 -1  1 -2 -1 -3 -3 -1 -3 -3 -2  0  0 -3 -1 -3    1   1   0  77   0   0   3   1   0   1   1   1   0   0   1   6   5   0   2   1  0.82 0.09
  363 K   -1  1  4  0 -2  1  0  0  1 -3 -3  1 -2 -3  2  1  0 -3 -2 -2    1   6  39   1   0   7   1   5   3   1   1  13   0   1  10   8   1   0   0   1  0.34 0.04
  364 D    1 -1  0  0 -1 -1 -1 -1 -1 -1 -2 -1 -1 -2 -1  3  3 -2 -1  0    6   1   0   5   0   0   1   1   0   3   1   1   0   0   1  46  23   0   2   9  0.27 0.05
  365 T    0 -1  0 -1 -1 -1 -1 -1 -2 -2 -2 -1 -1 -2 -1  4  4 -3 -2 -1    1   1   0   1   0   0   1   1   0   1   1   1   0   0   1  51  38   0   0   3  0.44 0.07
  366 G    0 -3 -1 -2 -3 -3 -3  6 -3 -5 -4 -2 -3 -4 -3 -1 -2 -3 -4 -4    0   0   0   0   0   0   0 100   0   0   0   0   0   0   0   0   0   0   0   0  1.38 0.12
  367 I   -2 -3 -4 -4 -2 -3 -4 -4 -3  4  1 -3  0  4 -4 -3 -2 -1  2  2    0   0   0   0   0   0   0   0   0  59   0   0   0  30   0   0   0   0   5   6  0.51 0.08
  368 S    0 -2  0  0 -2 -1 -1  1 -2 -3 -3 -1 -2 -3 -2  5  1 -3 -3 -2    0   0   0   5   0   0   0  12   0   0   0   0   0   0   0  78   5   0   0   0  0.57 0.10
  369 F   -3 -4 -4 -4 -3 -4 -4 -4 -2 -1  0 -4 -1  8 -5 -3 -3  0  2 -2    0   0   0   0   0   0   0   0   0   0   0   0   0 100   0   0   0   0   0   0  1.31 0.14
  370 T   -1 -2 -1 -2 -1 -2 -2 -3 -3  2  0 -2  0 -2 -2  0  4 -3 -2  1    0   0   0   0   0   0   0   0   0  24   6   0   0   0   0   2  61   0   0   7  0.41 0.08
  371 C   -1 -4 -4 -5 10 -4 -5 -4 -4 -2 -2 -4 -2 -3 -4 -2 -2 -3 -3 -2    0   0   0   0 100   0   0   0   0   0   0   0   0   0   0   0   0   0   0   0  2.08 0.18
  372 D   -3 -2  1  7 -4 -1  1 -2 -2 -4 -5 -1 -4 -4 -2 -1 -2 -5 -4 -4    0   0   0 100   0   0   0   0   0   0   0   0   0   0   0   0   0   0   0   0  1.37 0.14
  373 L   -2 -3 -4 -4 -2 -3 -4 -4 -3  1  5 -3  2  0 -4 -3 -2 -2 -2  0    0   0   0   0   0   0   0   0   0   0 100   0   0   0   0   0   0   0   0   0  0.75 0.10
  374 N   -1 -1  6  0 -3 -1 -1 -1  0 -3 -4 -1 -3 -4 -2  2  1 -4 -3 -3    0   0  73   0   0   0   0   0   0   0   0   0   0   0   0  19   8   0   0   0  0.79 0.11
  375 D   -3 -2  1  7 -4 -1  1 -2 -2 -4 -5 -1 -4 -4 -2 -1 -2 -5 -4 -4    0   0   0 100   0   0   0   0   0   0   0   0   0   0   0   0   0   0   0   0  1.37 0.14
  376 N   -2 -1  7  1 -4 -1 -1 -1  1 -4 -4 -1 -3 -4 -3  0 -1 -5 -3 -4    0   0  97   0   0   0   0   0   3   0   0   0   0   0   0   0   0   0   0   0  1.18 0.14
  377 I   -2 -4 -4 -4 -2 -3 -4 -4 -4  6  1 -3  1 -1 -3 -3 -1 -3 -2  2    0   0   0   0   0   0   0   0   0  94   0   0   0   0   0   0   0   0   0   6  0.74 0.12
  378 P    4 -2 -2 -2 -1 -2 -2 -1 -2 -1 -2 -1 -2 -3  4  0 -1 -3 -3  0   66   0   0   0   0   0   0   0   0   0   0   0   0   0  25   0   0   0   0   9  0.61 0.09
  379 A    5 -2 -2 -2 -1 -1 -2  0 -2 -2 -2 -1 -2 -3 -1  1 -1 -3 -2 -1  100   0   0   0   0   0   0   0   0   0   0   0   0   0   0   0   0   0   0   0  0.73 0.12
  380 P   -2 -3 -3 -2 -4 -2 -2 -3 -3 -4 -4 -2 -3 -5  8 -2 -2 -5 -4 -3    0   0   0   0   0   0   0   0   0   0   0   0   0   0 100   0   0   0   0   0  2.38 0.16
  381 W   -4 -4 -5 -5 -3 -3 -4 -4 -4 -4 -3 -4 -3  0 -5 -4 -4 12  1 -4    0   0   0   0   0   0   0   0   0   0   0   0   0   0   0   0   0 100   0   0  3.20 0.21
  382 P   -1 -3 -2 -2 -3 -2 -2 -3 -3 -3 -3 -2 -3 -4  8  0 -1 -4 -3 -1    0   0   0   0   0   0   0   0   0   0   0   0   0   0  84   8   3   0   0   5  1.82 0.13
  383 S    0 -1  0 -1 -2  1 -1 -1 -2 -3 -2 -1  0 -3  0  5  2 -3 -2 -2    0   0   0   0   0   5   0   0   0   0   0   0   5   0   2  78  11   0   0   0  0.54 0.10
  384 S    0 -1  0 -1 -1 -1 -1 -1 -2 -2 -2  0  0 -3 -1  4  3 -3 -2 -2    0   0   0   0   0   0   0   0   0   0   2   2   2   0   0  70  23   0   0   0  0.52 0.10
  385 S    0 -1  0 -1 -2 -1 -1 -1 -1 -2 -1 -1  0 -1 -2  4  2 -3  0 -2    0   0   0   0   0   0   0   0   0   0   4   0   4   2   0  77   9   0   3   0  0.47 0.10
  386 L   -1 -1 -1  0 -2  3  0 -3  0  2  0 -1  1  0 -2  0 -1 -2  2  1    2   0   0   5   0  28   0   0   2  21   9   0   5   3   0  10   0   0   9   6  0.12 0.04
  387 S    2 -1  0 -1 -1  1  0  0 -1 -1  0 -1  0 -2  0  3  1 -3 -2 -1   22   0   3   0   0   7   2   4   0   0  13   0   3   0   2  40   4   0   0   0  0.21 0.05
  388 S    1 -2 -1 -1 -1 -1 -1 -1 -2 -2  0 -1 -1 -2  2  3  2 -3 -2 -1    9   0   0   0   0   0   0   0   0   0  14   0   0   0  10  50  17   0   0   0  0.34 0.07
  389 A    2 -2 -2 -3  1 -1 -2 -1 -2  0  2 -2  1  0  1  0 -1 -2  0  0   25   0   0   0   5   3   0   2   0   0  32   0   5   2   9   8   0   0   5   7  0.14 0.03
  390 S    0 -1  0 -1 -2 -1 -1 -1 -2 -3 -3 -1 -2 -3 -1  5  1 -3 -2 -2    0   0   0   0   0   0   0   0   0   0   0   0   0   0   0  95   2   0   0   0  0.74 0.12
  391 T    0 -2 -1 -2 -1 -1 -2 -1 -2  0  2 -2  0 -1  0  2  1 -3 -2  0    1   0   0   0   0   0   0   5   0   0  43   0   0   0   5  27  13   0   0   5  0.18 0.05
  392 C   -1 -4 -3 -4 10 -4 -4 -1 -4 -2 -2 -4 -2 -3 -4 -1 -2 -3 -3 -2    0   0   0   0  93   0   0   5   0   0   0   0   0   0   0   2   0   0   0   0  1.82 0.16
  393 K    3 -1  4 -1 -2 -1 -1  1 -1 -3 -3  0 -2 -3  0  1  0 -3 -2 -2   40   0  34   0   0   0   0   8   0   0   0   7   0   0   2   9   0   0   0   0  0.36 0.06
  394 K   -1  2 -1 -2 -4  0 -1 -3 -2 -3 -3  3 -2 -4  6 -1 -1 -4 -3 -3    0  16   0   0   0   0   0   0   0   0   0  38   0   0  45   0   0   0   0   0  0.98 0.09
  395 P   -1 -1  0  0 -2  1  3 -1 -1 -3 -3  0 -2 -3  2  2  2 -3 -2 -2    0   0   2   0   0   1  41   3   0   0   0   0   0   0  12  17  22   0   0   0  0.41 0.06
  396 V    0 -2 -2 -3 -2 -1 -2 -3 -2  2  1 -2  5 -1 -3 -1  1 -2 -2  2    6   0   0   0   0   0   0   0   0   7   6   0  46   0   0   0  12   0   0  22  0.33 0.07
  397 R    0  1  1 -1 -2  0  0 -1 -1 -3 -3  2 -2 -3  0  3  1 -3 -2 -2    4   7   6   0   0   0   0   0   0   0   0  25   0   0   3  47   5   0   0   0  0.33 0.05
  398 I   -2 -3 -2 -3 -2 -2 -3 -4 -3  3  3 -3  1  0 -3 -2 -1 -2 -1  1    0   0   2   0   0   0   0   0   0  40  54   0   0   0   0   0   0   0   0   0  0.40 0.05
  399 P   -1 -3 -2 -2 -3 -2 -2 -3 -3 -3 -3 -2 -3 -4  8 -1 -2 -4 -3 -3    0   0   0   0   0   0   0   0   0   0   0   0   0   0  95   0   0   0   0   0  2.12 0.11
  400 A    4 -1 -1 -1 -1  0  1  0 -2 -2 -2 -1 -1 -3 -1  1  0 -3 -2 -1   70   0   0   0   0   0  15   0   0   0   0   0   0   0   0  11   0   0   0   0  0.39 0.06
  401 L   -2  1 -3 -3 -2 -2 -3 -4 -3  1  4 -2  1  0 -3 -2 -1 -2 -1  1    0  11   0   0   0   0   0   0   0   0  82   0   0   0   0   0   0   0   0   3  0.42 0.06
  402 P   -1 -2 -2 -2 -3 -2 -2 -3 -3 -3 -3 -1 -3 -4  8 -1 -2 -4 -3 -3    0   0   0   0   0   0   0   0   0   0   1   0   0   0  94   0   0   0   0   0  2.06 0.10
  403 A    2 -1 -1 -2 -1 -1 -1 -1 -2 -1 -1  0 -1 -2 -1  1  3 -3 -2  0   37   0   0   0   0   0   0   0   0   0   1   8   0   0   0   0  42   0   0   8  0.27 0.05
  404 A    3 -1 -1 -1 -1 -1 -1  0 -2 -1 -2 -1 -1 -2 -1  3  0 -3 -2  0   49   0   0   0   0   0   0   0   0   0   1   0   0   0   0  40   0   0   0   6  0.35 0.05
  405 A    2 -1 -1 -1 -2  3  1 -1 -1 -2 -2  0 -1 -3  1  1  2 -2 -2 -1   27   0   0   0   0  22  10   1   0   0   1   0   0   0   6   3  27   0   0   1  0.27 0.05
  406 S    0 -1  0 -1 -1  0 -1 -1 -1  1 -1 -1 -1 -2 -1  3  2 -3 -2  0    1   0   3   0   0   2   1   1   0  16   5   2   0   0   0  51  16   0   0   1  0.23 0.05
  407 S    2  0 -1 -1 -1  0 -1  1 -1 -1 -1  1 -1 -1 -1  2  0 -2 -2 -1   26   4   0   0   0   0   1   9   0   4   4  14   0   2   0  31   3   0   0   1  0.18 0.03
  408 Q   -1  0  2  0  0  4  1  0  0 -3 -3  1 -1 -3 -2  0 -1 -3 -2 -3    1   2  18   0   3  47   7   9   0   0   1   8   0   0   0   2   0   0   0   1  0.41 0.06
  409 P   -1 -1  3  0 -2 -1 -1 -1 -1 -1 -2  0 -2 -3  4  2  0 -3 -2 -2    1   0  30   0   0   0   0   3   0   4   3   5   0   0  23  26   3   0   0   0  0.43 0.05
  410 R    0  0 -1 -1  0 -1 -1  5  0 -3 -3 -1 -2 -3  0  1 -1 -3 -3 -3    0   7   0   0   2   0   3  60   4   0   2   0   0   0   4  16   0   0   0   0  0.56 0.06
  411 L   -1 -2 -2 -3  3 -2 -3  2 -2  1  2 -2  0  0 -3 -1 -1 -2  0  1    0   2   0   0  10   0   0  21   0   5  34   0   0   4   0   5   0   0   3  13  0.15 0.03
  412 H   -1  1  2 -1  2  0 -1  0  2 -2 -2 -1 -1  2 -2  0  0  0  4 -2    0  10  16   0   8   3   0   6   7   0   1   0   0  11   0   4   4   0  28   0  0.25 0.05
  413 D    0  0  2  1  0  1  0  1  2 -1 -2  0  0 -1 -2  1  0 -3 -1 -1    3   7  14   9   2   7   0  12   7   9   0   3   5   3   0  17   0   0   0   0  0.11 0.03
  414 E    0 -1  3  2 -3  0  2  1  0 -2 -1  0 -2 -3 -2  0 -1 -3 -2 -2    6   0  30  11   0   0  17  13   2   2   8   7   0   0   0   3   0   0   0   0  0.26 0.04
  415 G   -1  2  1  2 -3 -1  0  3 -2 -2 -1  0 -2 -3 -2  0  0 -3 -3 -1    0  18   6  18   0   0   2  31   0   0   6   0   0   0   0   9   3   0   0   6  0.26 0.05
  416 V   -1 -1 -3 -3 -2 -2 -3  0 -3  2  2 -2  2  0 -3 -2 -1 -2 -1  2    0   4   0   0   0   0   0  11   0  19  29   0   6   3   0   0   0   0   0  28  0.24 0.05
  417 T   -1 -2 -2 -2 -2  0  1 -1 -2  1  1 -1  1 -1 -2  0  0  2  0  2    0   0   0   0   0   3  17   4   0   0  14   0   8   0   0  11   6   4   3  32  0.11 0.05
  418 R   -2  2 -2 -1 -3  0 -1 -3  2  0  1  0  0  2  1 -1 -1  2  1 -1    0  17   0   3   0   3   0   0   8   3  26   7   0  12   9   4   0   3   5   0  0.15 0.04
  419 L   -1 -1 -2 -2 -2 -2 -2 -3 -2  0  2 -2  0  1  2  1  1 -1  2  1    0   2   0   0   0   0   0   0   0   3  28   0   0   7  11  19   9   0  11  10  0.17 0.05
  420 V   -1 -2 -3 -3 -2 -2 -3  0 -3  2  3 -2  1  0  0 -2 -1 -2 -1  2    0   3   0   0   0   0   0   9   0  12  50   0   0   3   6   0   0   0   0  17  0.28 0.06
  421 I   -1 -3 -4 -4 -2 -3 -3 -4 -3  2  3 -3  2  1  1 -2 -1 -2 -1  2    3   0   0   0   0   0   0   0   0  19  50   0   3   7   6   0   0   0   0  12  0.37 0.06
  422 F   -1 -3 -3 -3 -2 -3 -3  0 -2  2  1 -3  0  4 -1  0 -1  2  1  1    0   0   0   0   0   0   0   9   0  25   9   0   0  34   3   8   3   3   0   6  0.25 0.06
  423 V    2 -2 -2 -3  1 -2 -2 -2 -2  2  0 -2  0  1 -2  0  1  2  1  2   29   0   0   0   4   0   0   0   0  20   3   0   0   8   0   0  14   3   5  14  0.17 0.05
  424 L    0 -2 -2 -2 -2 -2 -2 -2 -2  0  2 -2  0  3 -2  2  0 -2  0  0    9   0   0   0   0   0   0   0   0   5  25   0   0  23   0  31   3   0   0   4  0.21 0.07
  425 S    0 -2 -1 -2 -2 -2 -2  1 -2  1  1 -2  0  1 -2  2  1 -2 -1 -1    6   0   0   0   0   0   0  11   0  10  23   0   0   9   0  36   6   0   0   0  0.16 0.06
  426 M    0 -2 -3 -3 -2 -2 -3 -3 -2  1  1 -2  3  3  2 -1  0 -2  0  1   12   0   0   0   0   0   0   0   0   6  10   0  19  24   9   0   8   0   0  13  0.24 0.06
  427 L    0 -3 -3 -3 -2 -2 -3 -3 -3  2  3 -3  1  2 -3 -2  0 -2  1  2    7   0   0   0   0   0   0   0   0  18  35   0   0  14   0   0   7   0   3  15  0.27 0.05
  428 L   -1 -3 -3 -3  0 -3 -3 -2 -3  2  2 -3  1  2  1 -2  0 -2  0  2    0   0   0   0   2   0   0   3   0   8  29   0   2  16   6   0   6   0   0  27  0.23 0.05
  429 V    0 -1 -2 -2 -2  0 -1 -3 -2  1  2  0  3  0 -2  0  0 -2 -1  1    4   0   0   0   0   6   0   0   0  10  20  11  19   3   0  12   3   0   0  14  0.13 0.04
  430 M    0  1 -2 -3 -2 -1 -2 -3 -2  1  1 -1  3  1 -2  0  2 -2 -1  1    6  11   0   0   0   0   0   0   0   4  12   0  20   9   0   6  24   0   0   8  0.15 0.05
  431 L   -2 -3 -3 -3 -2 -2 -3 -4 -3  2  3 -3  1  2 -3 -2  1 -2 -1  1    0   0   0   0   0   0   0   0   0  12  58   0   0   9   0   0  17   0   0   4  0.36 0.06
  432 L   -2 -3 -3 -4 -2 -2 -3 -4 -3  1  4 -3  3  0 -3 -2  0  4  1  0    0   0   0   0   0   0   0   0   0   7  67   0   8   0   0   0   6   7   5   0  0.46 0.07
  433 S    0 -1  0 -1 -1 -1 -1 -1 -2 -1 -2 -1 -1 -2 -1  3  4 -3 -2 -1    0   0   0   0   0   0   0   0   0   0   0   0   0   0   0  32  68   0   0   0  0.41 0.01

                      K         Lambda
Standard Ungapped    0.1316     0.3188
Standard Gapped      0.0427     0.2670
PSI Ungapped         0.1391     0.3109
PSI Gapped           0.0427     0.2670
