
Last position-specific scoring matrix computed, weighted observed percentages rounded down, information per position, and relative weight of gapless real matches to pseudocounts
           A  R  N  D  C  Q  E  G  H  I  L  K  M  F  P  S  T  W  Y  V   A   R   N   D   C   Q   E   G   H   I   L   K   M   F   P   S   T   W   Y   V
    1 M   -4 -4 -5 -6 -4 -3 -5 -6 -5 -1  2 -4 10 -3 -5 -4 -4 -4 -4 -2    0   0   0   0   0   0   0   0   0   0  20   0  80   0   0   0   0   0   0   0  2.20 0.70
    2 A    5 -4  1 -3 -3 -3 -3  0 -3 -4 -4 -3 -1 -4  1  2 -1 -5  0 -2   55   0   7   0   0   0   0   6   0   0   0   0   2   0   7  16   2   0   4   2  0.75 0.45
    3 S    2 -2  2 -2 -4 -2 -2 -1 -3 -3 -4 -3 -4 -1  1  4  1 -5 -1 -4   20   1   8   1   0   1   1   4   0   1   0   0   0   3   8  42   7   0   3   0  0.62 0.44
    4 S    2 -3 -2  2 -4 -3 -3  1 -4 -2 -3 -1 -3 -2  2  4  1 -5 -4 -3   21   1   1  10   0   0   0  11   0   2   2   2   0   2   8  30   8   0   0   1  0.49 0.39
    5 S    0 -1  1  2 -3  2  0 -1  2 -3 -3 -2 -3 -5  3  2  0 -5 -4 -2    9   2   6  11   0  12   4   4   5   1   3   1   0   0  13  20   6   0   0   2  0.36 0.31
    6 D   -3 -6 -1  8 -8  1 -1 -3 -6 -8 -8 -4 -7 -8 -6 -2 -2 -9 -7 -7    3   0   2  80   0   5   3   2   0   0   0   1   0   0   0   3   3   0   0   0  2.19 1.01
    7 S    0 -3 -4 -5 -6  0 -4 -3 -1 -5 -2 -2 -5 -3  7  2  0 -6 -2 -2    9   2   0   0   0   5   1   2   1   0   4   2   0   1  48  15   5   0   1   3  1.14 0.66
    8 W   -7 -8 -8 -9 -7 -7 -8 -8 -7 -7 -6 -8 -6  7 -8 -8 -7 11  2 -7    0   0   0   0   0   0   0   0   0   0   0   0   0  35   0   0   0  58   5   0  3.54 1.36
    9 M   -1 -2 -1  0 -4 -1 -2 -3 -1  1  3 -2  3  2 -3 -2 -1 -3  2  0    6   2   3   6   0   2   2   1   2   8  31   1   7   8   1   2   3   0   9   5  0.28 0.26
   10 R   -1  2  0  3 -4  2  2 -4 -2  0 -1  1 -3 -4 -4  0  0 -5 -3  0    4  12   3  17   0   8  11   0   1   7   6   9   0   0   0   9   4   0   0   9  0.28 0.27
   11 A   -1 -2 -2  1  0 -1  4 -4 -3 -1  1 -2  1 -2 -3 -2 -1 -5 -3  3    5   2   1   9   2   1  28   0   0   1  12   2   3   1   1   1   4   0   0  24  0.43 0.38
   12 Y   -5  1 -4 -6 -2  1 -3 -6  5 -2 -1  2 -3  3 -6 -4 -5 -3  7 -2    0   6   0   0   1   5   1   0  14   2   6  11   0  12   0   1   0   0  36   3  1.15 0.67
   13 N    0  3  2  4 -6  1  2 -1  1 -5 -5  0 -4 -6 -4  0 -2 -6 -3 -4    7  15   8  26   0   6  14   5   4   0   1   4   0   0   0   5   2   0   1   1  0.58 0.42
   14 E    1  0  0  4 -6  0  5 -2 -3 -6 -6 -1 -4 -6 -4  1 -2 -6 -3 -2   12   4   3  20   0   3  37   2   0   0   0   3   0   0   1   9   1   0   1   2  0.80 0.55
   15 A    2 -5 -5 -6  5 -5 -5 -5 -5  2  2 -4  2 -1 -5 -3  1 -2 -2  3   18   0   0   0  11   0   0   0   0  10  19   1   5   2   0   1   9   1   1  22  0.65 0.45
   16 L   -2 -1 -2 -1  3  4  3 -3 -3 -2 -2  3 -2 -5 -4  0 -2 -3 -1 -1    3   2   1   3   6  16  23   1   0   2   4  21   1   0   1   6   2   0   2   5  0.52 0.44
   17 K    1  2  0  0 -5  3  1 -2  0 -4 -3  3 -3 -5 -4  1  0 -5 -3 -3   11  12   5   5   0  12  10   2   3   0   2  17   0   0   0  12   6   0   1   2  0.39 0.35
   18 L    0  0 -1 -1 -2  1 -1 -3  0  1  4 -2  0 -3 -4  1  0 -5 -3  0    8   5   2   4   1   6   3   1   3   7  37   1   1   0   0   9   5   0   0   6  0.31 0.31
   19 S    2 -1 -5 -5 -4 -3 -4 -2 -2  3  3 -4  0  0 -5 -2 -3 -4  1  2   19   4   0   0   0   1   1   3   1  14  28   0   2   4   0   3   1   0   4  15  0.45 0.36
   20 E   -2  3  3  3 -6  4  2 -3  4 -4 -5  0 -5 -5 -5 -2 -2 -6 -4 -4    3  15  13  16   0  17  10   1  10   1   0   5   0   0   0   3   3   0   0   1  0.70 0.49
   21 E   -2 -1  0  4 -6  3  4 -3  0 -5 -4  1 -5 -5 -3  0  0 -6 -4 -4    3   3   3  22   0  11  26   2   2   0   1   9   0   0   1   8   6   0   0   1  0.65 0.47
   22 I    3 -5 -6 -6  0 -4 -5 -5 -6  5  2 -5 -1 -2 -5 -3  0 -2 -4  1   24   0   0   0   2   0   0   0   0  32  20   0   1   1   0   1   7   1   0   9  0.83 0.54
   23 N    0  4  0 -1 -5  2  1 -3 -2 -2  0  2  2 -3 -4 -1 -2 -2 -3 -2    9  24   4   3   0  11  10   1   1   2   9  11   5   1   0   3   2   1   0   2  0.40 0.36
   24 G    1 -1 -1  0 -4  2  3  1  0 -3 -1  0 -3 -4 -3  2  0 -2 -2 -2   12   4   2   4   0   8  19  10   2   1   8   4   0   0   1  16   6   1   1   3  0.23 0.27
   25 M    0  1 -1  0 -1  2 -1 -2  2  0  1  1  2 -1 -3  0  0 -1  0 -2    7   6   3   7   2  11   2   2   5   5  18   9   6   1   0   6   4   1   4   1  0.12 0.17
   26 I   -2 -5 -4 -5  0 -3 -3 -5 -2  4  4 -3  1  3 -4 -4 -2 -4  1  1    3   0   1   0   2   1   2   0   1  27  34   2   3  10   1   1   2   0   4   6  0.73 0.43
   27 S    1  0  3  0 -2  3 -1 -1  2 -4 -1  0 -3 -2 -4  2  2 -4 -3 -2   12   4  13   4   1  12   3   3   5   0   5   5   0   1   0  16  11   0   1   2  0.29 0.30
   28 E   -1  3 -1  0 -5  3  4 -3 -3 -2 -3  2 -2 -4 -3 -1 -2 -5 -3 -3    5  19   3   4   0  11  28   2   0   3   2  10   1   1   1   5   2   0   1   2  0.57 0.43
   29 R   -2  7 -3 -3 -6  0 -3 -5  0 -3 -2  1 -2 -1 -4 -3 -1  5  0 -2    3  51   1   1   0   3   1   0   2   2   4   6   1   3   1   2   4   9   3   3  1.14 0.66
   30 S    0 -1  3  3 -1  2  2 -1  0 -3 -3 -1 -4 -5 -1  1  0 -1 -3 -4    7   2  16  17   1   8  13   5   2   2   3   2   0   0   3  11   5   1   1   1  0.38 0.32
   31 S    1  3 -1 -2 -4  2  0  0 -1 -3 -2  1 -2 -4 -3  3 -1 -1 -2 -2   10  17   2   2   0  11   5   6   1   1   4   8   1   0   1  21   3   1   1   3  0.32 0.30
   32 S    1 -2 -2 -1  0  0  0 -1  1  1  2  0  0  0 -3  0  0 -2  0 -1   12   1   1   3   3   5   5   3   4   7  26   5   2   4   0   6   6   1   3   3  0.10 0.15
   33 A    1  0  0 -2 -2  2  1 -1  0 -1 -1 -1 -1 -2  3  1  0 -2 -3 -2   10   4   5   1   1  11   8   5   2   3   8   3   2   2  14  12   5   1   0   3  0.19 0.21
   34 V    0  2  1  1 -3  1  1 -2 -1 -3 -3  2 -1 -3  1  1  0 -2 -3 -2    9  11   6   8   0   7   8   3   1   1   2  12   1   1   8  12   7   1   0   3  0.22 0.22
   35 T    0  1  3  0 -4 -1 -1 -1 -1 -2 -1  0 -1 -3 -1  2  2 -4 -2 -2    6   7  16   4   0   2   3   5   1   2   8   5   1   1   3  18  15   0   1   1  0.25 0.26
   36 G    0  0  3 -1 -4 -2 -2  3  0 -2 -2 -2 -2 -5 -2  3  1 -5 -3 -3    9   5  12   3   0   1   2  25   2   2   4   2   1   0   2  22   7   0   1   1  0.44 0.36
   37 P    1 -1  0  0 -4  2  1  0 -1 -2 -2  0 -1 -4  4  1  0 -5 -3 -2   10   2   4   5   0   8  11   6   1   2   4   5   1   0  21  11   5   0   1   3  0.33 0.28
   38 D    0 -2  2  0 -3  2  4 -2 -2 -1 -3  0 -3 -4  0  1 -1 -5 -2 -1    9   1   9   5   1  10  26   3   1   4   2   6   0   0   4  11   4   0   1   4  0.34 0.32
   39 A    1  0 -2 -2 -3  1 -2 -3  0 -1  0  0 -1 -1  1  0  1 -3  2  0   16   6   1   1   0   6   2   1   2   3  12   5   1   3   6   7  12   0   8   8  0.13 0.19
   40 Q    2  0  0 -1 -3  3  0 -1 -1 -1 -2 -1 -1 -3  0  1  0 -4 -3  1   17   5   3   3   0  14   5   5   2   4   3   2   2   1   3  12   7   0   1  12  0.18 0.24
   41 R    1  3 -1  0 -1  2  0 -2  3 -2 -2  2 -1 -4 -3  2  0  1 -2 -2   11  16   2   5   1   8   7   2   6   2   4  12   1   0   1  14   4   2   1   2  0.28 0.27
   42 R    1  0  0 -1 -3  0  0 -2  3  2  2  0  1 -1 -3 -1 -1 -2  0 -1   11   4   4   3   0   5   8   3   9  13  19   5   3   2   1   3   3   0   3   3  0.12 0.17
   43 A    1  0  2  0  0  0  0 -2 -1 -1 -2 -1 -2 -2 -3  2  2 -4 -2 -2   13   6  12   5   2   3   6   3   1   4   4   3   0   1   0  16  16   0   1   3  0.24 0.26
   44 S    3 -1  2  0 -3 -1  0 -1 -1 -3 -2 -1 -1 -2 -1  3  0 -5 -2 -1   26   2   9   5   0   2   5   4   1   1   3   3   2   2   2  20   6   0   1   4  0.28 0.29
   45 A    2 -2  2  1 -5  1  4 -2  0 -2 -3 -1 -4 -4 -3  1  1 -5 -3 -2   17   1   8   8   0   7  27   3   2   3   3   2   0   1   1   9   7   0   1   2  0.40 0.37
   46 I    1 -3 -4 -5 -2 -3 -4 -4 -5  5  3 -5  0 -1 -5 -3 -2 -5 -3  2   13   1   1   1   1   1   1   1   0  37  24   0   2   3   0   2   2   0   1  11  0.76 0.47
   47 R   -3  6 -1 -1 -6  2  2 -5 -1 -3 -3  3 -2 -4 -4 -1 -2 -6 -3 -3    2  41   3   3   0   7  12   0   1   1   3  17   1   1   1   4   2   0   1   2  0.90 0.58
   48 R    0  3  1  0 -4 -1  1  0 -3 -2 -2  1 -1 -4 -3  1  1 -1 -3 -3    9  21   6   4   0   2  11   7   0   2   4   9   2   0   1  12   8   1   1   1  0.28 0.27
   49 K    1  0  1 -1  0  0  0  0 -1 -1  0  2 -1 -2 -2  1  1 -4 -3 -2   10   5   8   2   2   4   4   7   1   3   9  16   2   1   1  12  11   0   0   2  0.14 0.18
   50 I   -2 -2 -3 -4  2 -3 -4 -5 -5  3  5  0  2 -2 -5 -3 -3 -5 -2  0    3   2   1   1   4   1   1   1   0  13  49   7   5   1   0   2   1   0   1   6  0.72 0.46
   51 T    1  1 -1 -1 -4  2  2 -1  0 -1 -2  2 -1 -3 -3  0  1 -1 -2  0   13   8   2   3   0   8  12   3   2   3   2  14   2   1   1   7  11   1   1   8  0.20 0.23
   52 I   -1  2  1  1 -4  3  0 -2  0  1 -1  1 -1 -2 -2  1  0 -4 -2 -1    5  10   5   9   0  14   6   2   2   9   4   7   1   1   2  12   7   0   1   3  0.17 0.20
   53 F    0 -3 -5 -6 -2 -2 -5 -4 -2  2  5 -5  0  1 -5 -3 -3 -4  0  1    9   2   0   0   1   2   0   1   1  12  50   0   2   6   0   2   1   0   4   8  0.75 0.47
   54 G    0  2  1  0 -2  1  2  2 -1 -2 -2  1 -1 -3 -3  0  0 -4 -2 -2    6  10   5   5   1   5  14  17   1   2   5   8   1   1   0   8   6   0   1   2  0.21 0.21
   55 N    0  0  1  1 -4  1  3 -2 -2 -3 -3  1 -3 -2 -1  1  2  4 -2 -2    6   5   6   9   0   5  17   2   1   1   3   7   0   2   2  12  12   7   1   2  0.30 0.29
   56 K   -1  2  0  3 -2  1  2  0 -2 -1  0  0  0 -3 -2  0  0 -4 -2 -1    4  12   4  16   1   7  12   6   1   3  11   5   2   1   1   5   4   0   1   3  0.17 0.19
   57 L   -3 -2 -3 -2 -4 -3 -4 -6 -1  4  4 -3  0 -1 -5 -4 -3 -5  0  3    2   3   1   2   0   1   1   0   2  20  41   2   1   2   0   1   1   0   3  17  0.72 0.45
   58 D    0  1  1  3 -4  1  2  0 -2 -3 -2  1 -2 -3  1  0 -1 -4 -2 -1    7   8   5  17   0   7  14   7   1   1   4   7   1   1   6   5   3   0   1   4  0.23 0.23
   59 S    1  0  0  3 -4  1  1 -2  1 -2 -2  1 -1 -2 -3  1 -1 -5 -3 -1   11   5   4  18   0   7   9   2   3   2   5  11   1   2   1  11   4   0   0   4  0.22 0.23
   60 L   -2 -3 -7 -7 -5 -6 -5 -7 -6 -1  6 -4  2 -2 -4 -4 -3 -6 -5 -1    3   1   0   0   0   0   1   0   0   3  77   1   4   1   1   1   1   0   0   3  1.51 0.80
   61 Q   -2  0 -1  2 -5  3  4 -3 -2 -3 -3  2 -2 -5 -4  0 -1 -5 -3 -2    3   4   2  13   0  14  29   2   1   2   3  12   1   0   0   6   3   0   1   4  0.56 0.43
   62 S   -1  2  0  1 -2  1  3 -1 -1 -3 -3  2 -2 -5 -4  2  0 -1 -3 -1    5  10   5   9   1   6  18   4   1   1   2  13   1   0   0  14   5   1   1   5  0.30 0.29
   63 L    0  0 -1 -1 -1  1 -1  1 -2 -1  1  0  0 -3 -2  2  1  0 -3  0    9   5   2   3   1   6   2  11   1   2  17   5   3   0   1  16  10   1   0   5  0.12 0.18
   64 L   -1 -2 -1 -3 -4 -2 -2 -3 -4  2  4 -3  1  0 -3 -2 -2 -4  0  2    5   2   3   1   0   2   3   2   0  12  42   2   3   3   1   3   2   0   3  13  0.47 0.35
   65 A    0  3  1  1 -4  1  1  0 -1 -3 -2  1 -2 -3 -2  1  0 -4 -2 -2    9  15   6   9   0   6   8   7   1   1   4   9   1   1   2  12   6   0   1   2  0.20 0.21
   66 E    1  1  1  1 -3  0  0 -1  1  0 -2  2 -1 -3 -2  0 -1 -4 -1  1   12  10   8   8   0   3   5   4   3   7   3  13   1   0   1   5   3   0   3  10  0.13 0.17
   67 I    1 -2 -1 -1 -3 -1 -1 -2 -3  2  1 -1  1 -1  1  0 -1  1 -1  2   10   2   3   4   0   2   3   3   0  12  15   4   3   1   6   7   3   2   1  17  0.13 0.15
   68 H    0  0  0  0 -4  1  2  1  0  0 -2  1 -1 -2  1  1  0 -4 -1 -2    7   5   4   4   0   8  15   9   2   6   3  10   2   2   6  11   5   0   2   2  0.15 0.18
   69 G    0  1  1  1 -3  0  0  0  0 -2 -2  0  0 -1 -1  1  1  1 -1 -1    7   7   7   7   0   4   4   8   2   2   4   7   3   3   3  11  11   2   2   4  0.08 0.11
   70 K   -2  0  1  0  1  0  1  0  1 -2 -2  2  2  2 -1  0 -1  3  1 -1    4   5   7   5   3   4   8   6   4   3   3  11   6   7   3   7   4   3   4   4  0.12 0.11
   71 P   -1  1  1  0 -6  2  1  1  2 -1 -2  0  1 -6  2  0  0 -7 -6 -2    4   9   7   4   0   8   8  12   4   3   4   6   3   0  10   8   5   0   0   4  0.22 0.20
   72 I   -1 -3 -1 -1  1  0 -1 -4  2  2  2 -1  2  0 -1 -1  0 -3  0  0    4   0   3   3   3   4   4   0   6  13  28   3   5   3   3   4   5   0   3   5  0.17 0.20
   73 S    0  0  0  0  2  0  0  0 -1  0 -1  0  1  0  1  0  0 -2  1  0    6   6   5   6   5   5   6   6   0   6   6   6   5   5   6   6   6   0   5   6  0.03 0.06
   74 E    1  0 -1  2 -5  2  3 -2 -2 -2 -2  0 -4 -4  1  0 -1 -5 -4 -2   13   6   3  11   0   8  21   3   1   2   4   5   0   1   8   8   4   0   0   3  0.32 0.31
   75 K    1  0  1 -1 -4 -1  2  2 -1 -3 -2  2 -2 -5 -2  0  0 -5 -3 -1   10   4   6   3   0   2  16  16   2   1   4  15   1   0   2   7   5   0   1   5  0.25 0.25
   76 E   -4 -6 -3  2 -8  1  7 -5 -2 -3 -6 -5 -2 -8 -2 -2 -5 -8 -7 -6    2   0   1  10   0   5  71   1   1   2   1   0   1   0   2   3   1   0   0   1  1.84 1.02
   77 M    0  0 -4 -5 -2 -3 -2 -1 -3  3  3 -1  2  0 -4 -3 -2 -2  1  2    8   5   0   0   1   1   2   4   1  14  31   4   4   4   1   1   2   1   4  12  0.37 0.29
   78 N    0  2  1  0 -3  3  2 -1  0 -2 -2 -1 -1 -3 -2  1  0  0 -3 -2    9  11   6   6   0  13  16   4   2   2   3   2   2   1   2  11   6   1   1   2  0.26 0.27
   79 R   -1  6  0 -1 -6  1  1 -4 -3 -3 -5  2 -5 -6 -2 -1 -1 -6 -3 -2    6  44   4   4   0   5   8   1   0   2   1  11   0   0   2   4   5   0   1   3  0.89 0.58
   80 R   -4  8 -6 -7 -4 -2 -6 -5 -6 -3 -2 -1  1 -7 -7 -5 -3 -2 -2 -4    1  77   0   0   1   1   0   1   0   2   5   2   3   0   0   1   2   1   2   1  2.19 1.11
   81 K   -1  5 -1 -3 -3  3  0 -3 -2 -2 -4  4 -3 -6 -3 -2 -2 -1 -5 -4    6  28   3   1   1  13   6   2   1   3   1  27   1   0   1   3   3   1   0   1  0.80 0.55
   82 D    0  2  2  4 -5  1  1 -1 -1 -2 -4  1 -3 -4 -1  0 -1 -6 -3 -3    8  10  10  26   0   5   8   4   1   3   2   7   1   0   3   6   4   0   1   2  0.41 0.33
   83 M   -2 -2 -3 -2 -5  1 -3 -5 -5  0  3 -1  4  3 -4 -2 -2  5  0 -1    3   2   1   3   0   8   1   1   0   4  31   4  11  12   1   3   2   7   2   4  0.57 0.42
   84 V   -3 -5 -6 -7 -5 -3 -6 -5 -4  3  3 -6 -1  0 -2 -3  0 -1 -1  5    2   1   0   0   0   1   0   1   1  14  28   0   1   3   2   2   6   1   2  34  0.85 0.53
   85 G    1  0  0  2 -1  0  2  1  0 -3 -2  0 -1 -4 -1  2  0 -5 -3 -1   12   6   3  13   1   4  11   9   3   1   4   4   1   0   2  15   4   0   0   4  0.20 0.21
   86 N    1  2  2  2 -5  2  2 -1 -1 -2 -4 -1 -3 -5 -3  2  0 -6 -3 -3   12  10   9  13   0   8  12   5   1   3   1   3   1   0   1  13   7   0   1   1  0.35 0.33
   87 L    1 -3 -4 -5 -2 -3 -4 -5 -6  0  5 -4  2  0 -3 -2  1  0 -2  1   12   2   1   1   1   1   1   1   0   4  47   1   4   3   1   2   7   1   1   9  0.65 0.46
   88 R   -2  5 -2 -2 -2  2  1 -1  0 -2 -2  3 -3 -4 -1 -1 -1 -6 -3 -2    3  27   2   2   1   8  10   5   2   2   3  20   1   1   3   4   3   0   1   3  0.52 0.41
   89 S    0  1  1  1 -1  0  1 -1 -1 -3 -3  1 -1 -2 -2  2  1 -5 -2 -1    8   7   8   9   1   4   8   4   2   1   1   8   2   2   1  19   9   0   1   4  0.21 0.23
   90 K   -2  3 -2  2 -2  3  3 -4 -4 -3 -3  3  0 -6 -3 -1 -1 -6 -5 -2    3  17   1  12   1  12  20   1   0   1   2  14   2   0   1   4   3   0   0   3  0.58 0.44
   91 A    0  0 -2 -1  2 -2  0 -3 -1  2  1  0  1  0 -1 -1 -2 -4 -1  2    6   5   1   3   4   1   6   2   2  14  13   6   3   5   2   4   1   0   2  19  0.15 0.17
   92 N   -1  2  2  2 -5  1  2 -1 -1 -2 -3  2 -2 -3 -2  0 -1 -5 -2 -2    5  11  10  14   0   7  16   4   1   3   2  10   1   1   1   6   3   0   1   3  0.30 0.28
   93 Q    0  0  0  2 -2  4  2  0  0 -3 -3  0 -4 -2 -1  0 -1 -1 -3 -3    8   5   5  12   1  18  14   8   2   2   3   6   0   2   2   8   3   1   1   1  0.32 0.31
   94 M   -1 -2 -3 -3 -2 -2 -6 -4 -6  2  4 -3  6 -1 -3 -2 -3 -6 -5  1    4   2   1   2   1   2   0   1   0  12  38   1  18   3   2   3   1   0   0   8  0.80 0.52
   95 A    0  2 -1  0 -1  2  1 -1  0 -2 -1  2  0 -2  1  0 -1 -5 -2 -2    9  12   3   4   1  11   9   4   2   2   5  12   2   2   6   7   3   0   1   3  0.17 0.20
   96 N    0  0  2  3 -5  0  1 -2  1 -1 -3  1 -1 -2 -1  2  0 -5 -2 -3    7   6   8  17   0   4   9   3   3   3   3   8   1   2   4  14   4   0   1   2  0.24 0.25
   97 A    1 -1  0 -1  0  1  1  1  1  0  0  0  0 -1  0  1  0 -3 -1 -1   11   3   3   3   2   6   8  10   4   6   8   5   2   2   4  11   6   0   2   3  0.05 0.08
   98 L   -1 -1  0 -1  1  0 -2 -2  0  0  1 -1  2  1 -1  0  0  3  0  1    5   4   4   3   3   4   3   3   3   5  14   4   6   6   4   8   6   3   4   9  0.08 0.07
   99 N   -1  0  0  0 -3  0  0 -1  2  0 -1  0  1  0  0  0  0  3  1  0    5   5   5   5   0   5   5   5   5   5   5   5   5   5   5   5   5   5   5   5  0.06 0.08
  100 M    0  0  1  0 -3  0  0 -1  1 -1 -1  0  1 -1  1  1  0 -3  0 -1    7   5   9   6   0   5   6   4   3   4   4   7   6   3   7  10   7   0   3   4  0.08 0.10
  101 S    0  0  0  0 -2  1  0  0  1  0 -1  0  1  0  1  0  0 -2  1  0    6   6   5   6   0   5   6   6   5   6   6   6   5   5   6   6   6   0   5   6  0.03 0.06
  102 N    1  1  2 -1 -4  0  0 -1  1 -3 -2  0 -3 -3  0  3  1 -3 -2 -1   12   6   9   3   0   3   7   5   3   1   4   7   1   1   5  20   9   0   2   4  0.21 0.25
  103 F    1  0  0  0 -3  0  0  0  0 -1 -2  0  0  1  0  1  0  0  0  0   14   6   4   5   0   3   6   6   2   3   3   6   2   6   4  12   6   1   3   6  0.06 0.10
  104 A    2  0  0 -2 -3  1 -1  0 -2 -3 -3  2  0 -4  1  3  0 -6 -2 -3   18   4   4   2   0   6   4   6   1   1   2  11   2   0   8  23   4   0   2   2  0.33 0.34
  105 N    0  1  5  2 -5  1  0 -1 -1 -4 -3  0 -3 -5  0  1  0 -2 -1 -4    7   6  24  11   0   6   5   4   1   1   2   5   1   0   5  11   6   1   2   1  0.44 0.37
  106 R   -2  6 -2 -2 -6  0 -1  0  0 -4 -4  2 -5 -2 -1  0 -1 -6 -5 -3    4  43   2   2   0   3   3   6   2   1   2  11   0   2   4   8   4   0   0   2  0.84 0.57
  107 D    1  0  2  2 -5  2  2  1 -2 -3 -3  0 -4 -4 -2  1 -1 -5 -4 -2   11   4  10  12   0   9  13  10   1   2   2   5   0   1   2  11   4   0   0   3  0.28 0.27
  108 S    2  1  1  1 -4  0  0  0 -1 -2 -2  0 -1 -3 -1  2  1 -2 -3 -2   16   6   8   7   0   4   7   5   1   3   4   4   2   1   3  15  10   1   1   3  0.17 0.21
  109 L    0 -1 -2 -3 -4 -2 -3 -2 -3 -1  4 -3  2 -1  0 -1  1 -1 -3  0    9   3   2   2   0   2   2   3   1   3  41   1   4   2   4   4   8   1   1   7  0.42 0.35
  110 L    0  0 -1  0 -2 -2 -2 -2 -2 -1  2 -2  3  3 -1  0  0 -2 -2 -1    7   6   3   5   1   1   3   4   1   2  21   2   9  12   3   9   5   1   1   4  0.19 0.22
  111 G    0  0  1  0 -5 -1 -1  4  1 -4 -3 -2  2 -3 -1  0 -2 -2 -3 -2    7   6   6   6   0   3   4  35   4   1   3   2   5   1   4   7   2   1   1   3  0.45 0.36
  112 P    0 -1  0  1 -3  1  0  1 -1 -2 -3 -1 -2 -4  4  1  0 -3  0 -2    7   3   5   7   0   7   6   9   2   2   3   3   1   1  23  11   5   0   3   3  0.36 0.32
  113 D    1  1  1  2 -5 -1  1  1  0 -3 -4 -1 -3 -4  0  2  0  1 -1 -3   10   9   6  12   0   2   9  11   2   1   2   3   0   1   5  17   6   2   2   1  0.26 0.28
  114 I    1  0  0  1 -3 -1 -1  1 -1  0 -1  0  0 -2  1  1  0 -2 -1  0   13   4   4   8   0   3   3  10   1   7   5   4   2   1   7  12   6   1   2   6  0.08 0.12
  115 K    0  1 -1  1 -2  1  0  0  1 -3 -2  2 -1  1  1  1 -1 -1  0 -2    8   9   3   7   1   6   4   7   3   1   4  13   1   6   6  12   2   1   3   2  0.13 0.17
  116 P    0  0  0  1 -5  1  0 -1 -1 -2 -3  0 -2  1  5 -1 -1 -1 -3 -2   10   5   5   8   0   7   7   4   1   2   2   4   1   6  25   4   4   1   1   2  0.39 0.33
  117 D    0 -1  1  3 -3 -1  0  0 -2 -1 -2  0 -2 -3  0  1  0 -5 -1 -1    9   3   7  20   1   2   7   7   1   4   3   6   1   1   5  13   6   0   2   4  0.21 0.22
  118 D    0 -1  1  3 -5  0  1  0 -1 -3 -3 -1 -2 -3  3  1 -1  0 -1 -3    7   3   5  19   0   4   9   7   1   1   2   3   1   1  14  11   4   1   2   2  0.33 0.30
  119 S    0  0  1  1 -4  0  3  0 -2 -2 -2 -1 -1 -3  1  2  0 -5 -2 -2    7   5   5   8   0   4  19   7   1   2   4   2   2   1   7  14   5   0   1   3  0.21 0.24
  120 M   -1 -1  0  0 -4 -1  1  0  0 -2 -1 -1  2 -1  1  1  2 -2  2 -1    5   4   4   5   0   2   9   6   2   2   5   3   7   3   8  12  13   0   7   5  0.12 0.18
  121 S   -1  0  2  3 -5 -1  2 -1 -2 -2 -3 -2 -2  1  0  2  1 -2 -2 -2    6   4   8  14   0   2  14   5   1   2   3   1   1   6   5  16   7   1   1   3  0.24 0.26
  122 R   -1  3  1  2 -1  2  2 -1  0 -4 -4 -1 -1 -3  0  1 -1 -1 -2 -3    6  17   5  12   1   9  13   5   3   1   1   3   1   1   5  10   3   1   2   2  0.33 0.31
  123 V    0 -2  1  1 -2  0  1  0  1 -1 -2 -2 -1 -1 -1  0  2  0  1 -1    9   1   7   6   1   4  11   9   3   3   4   1   1   3   3   7  17   1   5   5  0.13 0.19
  124 T    1  2  1  0 -2  0  1 -1  0 -1 -1 -1  0 -2  0  1  1 -2 -2 -1   10  12   8   5   1   4   9   5   2   2   6   2   2   1   5  11   9   1   1   4  0.11 0.15
  125 G    0 -1  1  2 -5  0  2  3 -1 -3 -3 -2 -3 -2  1  1 -2 -5  0 -3    7   3   6  14   0   4  12  21   2   2   2   2   1   2   7   9   1   0   4   1  0.32 0.29
  126 M   -1  1 -1  0 -4  0  1 -2 -1  0  2 -2  3  1 -2 -2 -1  0  1  0    5   7   2   5   0   5  11   2   2   3  25   1   7   5   2   3   3   1   4   6  0.17 0.20
  127 D   -1 -2  1  5 -5 -1  0 -1 -1 -3 -4 -1 -2  0 -2  2  0 -5  0 -3    4   2   6  34   0   2   6   5   1   2   2   3   1   4   2  16   6   0   3   1  0.56 0.44
  128 N   -2 -2  5  2 -5  0  1 -1  0 -1 -3 -1 -2 -1 -1  1 -1 -5 -2 -1    4   2  31   9   0   4   8   5   2   3   3   3   1   3   3   9   4   0   2   4  0.45 0.37
  129 Q   -1  1  1  2 -5  4  2 -1  2 -3 -3 -1 -2 -2 -2  0 -1 -1  0 -2    5   6   7  13   0  17  12   6   6   2   2   3   1   2   2   6   4   1   4   3  0.29 0.29
  130 G    0 -1 -1  2 -4  2  2  2  0 -1 -2 -2  0  1 -1 -1 -1 -1  0 -2    8   3   2  13   0  11  14  14   2   4   4   1   3   7   2   3   3   1   3   2  0.20 0.22
  131 I    0 -1 -2 -2 -3  0 -1 -3 -1  2  2 -1  1  3 -2 -1 -1  1  0  1    7   4   2   2   0   4   5   2   1  11  19   2   4  12   1   5   4   2   3   9  0.14 0.16
  132 V    0  0  0 -2 -3  2 -1 -1  2  1  1  0  1  1 -2 -1 -1  0  1  0    6   6   5   1   0  12   4   5   6   8  13   4   4   5   1   3   3   1   4   8  0.08 0.13
  133 G    1 -1 -1  1 -5  4  2 -1 -1 -2 -2  0 -1 -2 -1  0 -1 -5 -1 -2   11   3   2   8   0  23  16   5   1   2   4   4   1   2   3   8   4   0   2   2  0.35 0.34
  134 Y   -1  0  0  0  0  1  1 -1  1  0 -1  0  1  1 -3  1  0 -2  2 -1    4   5   5   4   3   7   9   3   3   6   5   5   4   6   0  13   5   0  10   4  0.09 0.14
  135 Q   -2  0  0 -1 -5  5  1 -4  4 -1 -2  0  0  0 -4 -1 -1  2  1 -2    3   3   4   3   0  33   8   0  10   3   3   4   3   4   0   4   3   3   4   3  0.56 0.46
  136 R    0  2  0  0 -4  4  1 -3  0 -2 -3  2  2 -4 -4  0 -1 -4 -2 -2    6  13   4   4   0  25   9   1   2   3   2  13   5   0   0   6   4   0   1   2  0.43 0.37
  137 Q   -2  1 -1  1 -1  5  2 -3  0 -2  0  0  0 -2 -3 -2 -1 -4 -1 -2    2   9   3   9   1  32  11   1   2   2   8   4   3   1   1   2   4   0   2   3  0.47 0.40
  138 V   -1  0 -2 -1 -3  2  0 -3  1  2  1 -1  3  0 -3 -1  0 -3  0  0    4   6   0   3   0  10   4   0   4  17  15   3  11   3   0   3   6   0   3   6  0.15 0.19
  139 M   -1  0 -1 -3 -3  0 -1 -4  1  1  2 -1  6  0 -4 -3 -1  2  0  0    4   5   3   0   0   4   4   0   4   9  17   4  25   4   0   0   4   3   3   4  0.36 0.32
  140 R    0  1  0  1 -3  3  2 -1  1 -1 -2  2  1 -3 -3  0  0 -3  0 -1    6   8   4   7   0  17  14   3   4   4   4  12   4   0   0   4   4   0   3   4  0.21 0.20
  141 E   -1  0  0  1 -4  4  4 -2  0 -2 -2  0 -1 -4 -3 -1 -1 -4 -3 -2    6   4   4   9   0  19  33   2   2   3   5   5   1   0   0   3   3   0   0   2  0.47 0.29
  142 Q   -4 -2 -3 -1 -5  8  0 -4  2 -2 -1 -2 -3 -5 -1 -2 -3 -5 -4 -2    1   0   0   3   0  70   3   1   4   3   7   0   0   0   2   3   0   0   0   3  1.49 0.68
  143 D    0 -1  1  1 -2  2  1 -2 -1 -2 -1  1  2  1 -2  1 -1 -2 -1 -2   11   1  10  11   0  10  11   1   0   1   1  11  10  10   1  11   1   0   0   1  0.15 0.10
  144 E    0  0 -1  1 -4  3  4 -2 -1 -3 -2  1  1 -3 -3 -1  0 -4 -2 -2    8   5   2   9   0  17  28   2   1   1   3   8   3   1   0   4   5   0   1   3  0.43 0.29
  145 G   -1 -1 -1  1  1  4  2  1  2 -2 -2  0 -1 -4 -3  0  0 -4 -2 -2    4   3   2   7   3  23  11  13   7   2   4   4   2   0   0   6   6   0   1   2  0.30 0.24
  146 L   -2 -5 -5 -6 -4 -5 -5 -5  0  1  6 -5  2  0 -5 -5 -4 -4 -4  1    3   0   0   0   0   0   0   1   2   5  69   0   4   4   0   0   0   0   0   9  1.19 0.52
  147 E   -2 -2  0  6 -1 -1  3 -1  0 -5 -3 -2 -2 -5 -4  0 -2 -5 -2 -3    3   2   3  46   1   2  20   4   2   0   2   2   1   0   0   5   2   0   1   2  0.90 0.49
  148 Q    0  1  0  0 -3  2  2  0  0 -1 -1  0  1 -1 -3  0 -1 -3 -1  0    9   8   4   6   0  12  12   7   2   3   5   4   4   3   0   7   3   0   2   8  0.10 0.13
  149 L   -3 -4 -5 -5  3 -4 -5 -5 -5  2  4 -4  2  1 -5 -4  0 -4 -3  2    1   0   0   0   6   0   0   1   0  13  46   0   6   6   0   1   5   0   0  13  0.80 0.39
  150 E    0  1  1 -1  0  0  0  0  2  0  0 -1  0  1 -3  2  0 -3  0 -2    7   8   6   3   2   3   5   7   7   6   8   3   2   6   0  20   5   0   3   0  0.09 0.13
  151 G    0  1  0  2 -3  1  2  0  1 -2 -2  2  0 -1  0  0  0 -3 -1 -2    6   6   4  13   0   6  13   7   3   2   3  13   2   2   5   5   6   0   2   3  0.16 0.13
  152 T   -1 -3  0 -2 -3  0 -2  1 -2  2 -2 -2 -1 -3 -3  3  3 -4 -3  0    4   0   3   1   0   4   1  10   1  14   3   2   1   0   0  23  25   0   0   7  0.34 0.28
  153 V   -1 -4 -4 -5 -3 -4 -4 -5 -4  4  2 -4  3 -2 -4 -3 -1 -4 -3  4    5   0   0   0   0   0   1   1   0  28  19   0   6   0   0   1   3   0   0  34  0.78 0.37
  154 M   -1  2  0  0 -3  2  0  2  1 -2 -2  0  1 -3 -3  1  0 -2 -2 -1    4  12   4   6   0  13   3  16   5   2   3   4   5   1   0  13   6   1   1   3  0.18 0.16
  155 S   -1  5  3 -2 -4  0 -1 -3 -1 -3 -3  0 -2 -3 -3  0  1 -4 -3  0    3  40  13   1   0   2   3   1   1   1   1   4   1   1   0   8   9   0   0   8  0.59 0.34
  156 T   -2 -3 -2 -4 -4  5 -2 -3 -3  1  4 -3  0 -2 -4 -2  1 -4 -3 -1    1   0   1   0   0  30   1   2   0   9  38   0   1   2   0   1   8   0   0   4  0.66 0.40
  157 K   -2  3  0 -2 -5  0 -2  0  4 -4 -3  6 -2 -3 -3 -3 -2 -4 -2 -4    2  16   4   1   0   2   1   7  11   0   2  47   1   1   0   1   2   0   1   1  0.88 0.44
  158 H   -1  0  2  1 -4  3  2  0  4 -3 -2 -1  0 -2 -3  0  0 -3  0 -2    3   5  12   6   0  13  18   6  11   1   5   1   2   1   0   4   5   0   3   2  0.29 0.22
  159 I   -2 -3 -2 -4 -3  3 -1 -3 -2  3  2 -3  6 -2 -4 -2 -1 -4 -2  1    2   0   1   0   0  14   3   2   1  17  20   0  23   0   0   2   4   0   1   8  0.55 0.34
  160 A    4 -3 -1 -3 -1 -3 -3  4 -4 -3 -3 -3 -3 -4 -3  3 -1 -4 -4 -2   35   0   2   0   1   0   1  30   0   1   2   0   0   0   0  21   3   0   0   2  0.75 0.40
  161 L   -1  0 -1  0 -3  2  1 -1  0  1  1  0  1 -1 -3 -1  0 -3 -1  0    3   6   2   4   0  16   7   6   3   8  20   4   3   1   0   4   5   0   2   7  0.10 0.13
  162 A    1  0  2  2 -3  2  1 -2  0 -2 -1 -1  0 -3 -2  0  2 -4 -3 -1   16   6   9  12   0  13   8   2   2   2   5   1   2   0   0   3  13   0   0   3  0.22 0.19
  163 V   -4 -5 -5 -5 -4 -4 -5 -5 -5  6  0 -4  6  0 -5 -4 -3 -4 -3  2    1   0   0   0   0   0   1   1   0  56   4   0  21   4   0   1   0   0   0   9  1.36 0.55
  164 S   -1 -1  5 -1 -2 -1 -2  4  3 -5 -5 -2 -4 -4 -4  0 -2 -2 -2 -3    4   3  32   2   1   2   1  35   8   0   1   1   0   0   0   5   1   1   1   2  0.82 0.40
  165 E   -1  1  3  3 -4  2  3 -1  0 -3 -3 -1 -1 -4 -3  0  0 -4 -3 -2    4   6  13  19   0   9  23   3   2   1   2   2   1   0   0   6   5   0   0   3  0.42 0.26
  166 E   -4 -2 -3 -2 -6  0  7 -5 -3 -5 -5 -3 -5 -5 -4 -2 -2 -5 -5 -5    1   2   0   0   0   2  85   1   0   0   1   1   0   0   0   2   3   0   0   1  1.96 0.71
  167 L   -2 -4 -5 -5 -3 -4 -4 -5 -4  3  5 -4  0 -1 -4 -4 -2 -4 -3  3    3   0   0   0   0   0   1   1   0  13  55   1   1   1   0   1   2   0   0  20  0.89 0.37
  168 D   -1 -1  1  5 -4  0  3 -1 -1 -3 -2 -1 -3 -3 -3 -1  0 -2 -3 -2    5   3   5  34   0   4  20   5   1   1   4   4   0   1   0   4   4   1   1   3  0.50 0.27
  169 L    1  0  0  0 -2  2  1 -1  1 -1  0  0  0  0 -2  0  0 -2  0  0   14   5   3   5   0  14   9   5   3   4   8   4   3   3   1   5   4   0   3   5  0.08 0.07
  170 Q   -4 -3 -3  2 -5  6 -2 -4  7 -4 -4 -3 -4 -4 -4 -3  2 -4 -3 -4    1   1   1  11   0  43   1   1  25   1   1   1   0   0   1   1  11   0   0   1  1.39 0.47
  171 T   -1 -1  4  0  0  0  0  0  1 -1 -1 -2  0 -1 -3  0  2 -3 -2  1    5   3  25   4   2   3   6   5   4   4   4   1   3   2   1   4  14   0   0  10  0.23 0.18
  172 R   -1  1  0  1 -3  1  3  0  0 -1 -2  1 -1 -2  0 -1 -1 -3 -1 -1    6   8   3   9   0   5  26   7   2   5   2   7   2   2   5   2   2   0   2   5  0.22 0.17
  173 L   -2 -2 -4 -2 -4 -1 -2 -5 -4  3  4 -2  6 -1 -4 -4 -3 -4 -3  0    2   2   0   2   0   2   2   1   0  15  36   2  26   2   0   1   1   0   0   3  0.83 0.40
  174 I   -4 -4 -5 -5 -4 -4 -4 -5 -5  3  5 -4  3 -2 -4 -4 -3 -4 -3  0    1   1   0   1   0   0   1   1   0  17  63   1   7   0   1   1   1   0   0   5  1.14 0.41
  175 D   -3 -2  1  7 -5 -1  1  0 -1 -5 -5 -2 -5 -5 -4 -1 -2 -6 -2 -3    2   2   5  59   0   2  10   7   1   0   0   2   0   0   0   4   2   0   1   2  1.17 0.47
  176 D   -1  0  0  5 -5  0  4 -1  0 -3 -3 -1  0 -4 -3 -1 -1 -5 -3 -2    5   5   3  32   0   2  26   3   2   1   3   3   2   0   0   4   3   0   1   3  0.58 0.31
  177 L   -1 -4 -4 -5 -3 -4 -4 -5 -4  2  4 -4  3  2 -4 -2 -1 -3 -2  2    4   0   0   0   0   0   0   0   0  10  44   0   9  10   0   2   4   0   0  14  0.65 0.31
  178 D    0 -2  2  5 -4 -1  3  0 -1 -4 -4 -2 -4 -5 -3  0 -1 -5 -4 -3   10   1  10  37   0   2  18   6   1   0   1   0   0   0   0   6   4   0   0   1  0.70 0.34
  179 Y   -1  0  3  2 -3  1  2  0  2 -2 -2 -1 -1 -3 -3  0  1 -4 -1 -2    3   5  14  12   0   6  18   6   6   2   2   1   2   0   0   6  11   0   1   3  0.27 0.19
  180 H    0 -1  0  4 -4  0  2  0  2 -2  0  0 -1 -3 -3 -1 -1 -4 -2 -1    6   2   2  24   0   3  17   9   6   1  11   7   1   0   0   2   2   0   1   4  0.28 0.19
  181 V    1 -4 -4 -5 -3 -4 -3 -4 -4  2  0 -4  5 -1 -4 -3  0 -4 -3  5   10   0   0   0   0   0   1   0   0   8   7   0  19   2   0   0   5   0   0  45  0.84 0.40
  182 D   -2 -4  0  7 -5 -1  3 -3 -2 -4 -5 -3 -5 -5 -4 -2 -2 -6 -3 -4    3   0   3  61   0   2  20   2   1   1   1   0   0   0   0   2   2   0   1   1  1.40 0.56
  183 V   -1  5  2 -2 -4  0 -1 -1  2 -2 -3  1 -2 -3 -3  1  0 -4 -2 -2    4  33  12   2   0   2   2   5   6   2   2   9   1   1   0  10   6   0   1   4  0.44 0.27
  184 T    0 -3 -1 -4 -3 -2 -3 -3  2 -2 -2 -3 -2 -4 -3  0  5 -4 -3  3    9   0   3   0   0   1   1   1   6   1   3   0   1   0   1   6  43   0   1  22  0.68 0.41
  185 D    0 -1  1  2 -3  3  1  2  1 -3 -3 -1 -2 -4 -3  1  0 -4 -3 -3    8   2   8  14   0  16   6  16   3   1   2   2   1   0   0  12   7   0   0   1  0.33 0.23
  186 S    1  0  2  0 -3  0  1  2 -1 -3 -3  0 -1 -3 -3  2  0 -4 -2 -2   10   6  11   4   0   4   9  17   1   1   2   3   1   1   0  22   5   0   1   1  0.27 0.20
  187 R   -2  5  0  0 -5  0 -1 -2 -1 -5 -3  4 -2 -4 -4 -1 -2 -5 -4 -4    2  37   3   6   0   3   2   3   1   0   2  32   1   1   0   3   2   0   0   1  0.87 0.43
  188 L   -4 -4 -5 -5 -4 -4 -5 -5 -5  2  5 -5  4  0 -5 -5 -4 -4 -3  1    0   0   0   0   0   0   0   0   0   9  67   0   9   2   0   0   0   0   0   7  1.19 0.50
  189 R   -1  3  1  3 -4  2  0  0  0 -2 -3  2 -1 -4 -3  0 -1 -4 -2 -2    3  16   8  19   0  11   5   6   2   3   2  11   1   0   0   5   4   0   1   2  0.32 0.22
  190 R   -1  4  2 -2 -3  0 -1  0 -1 -1 -2  1 -1  0 -3  0  1 -4 -2  0    3  24  14   1   0   3   1   6   1   4   2   7   1   5   0   7  10   0   1   8  0.25 0.21
  191 V    4 -3  0 -2 -3  0  0  1 -3 -2 -2 -2 -2 -4 -3 -1  1 -4 -3  2   37   1   4   1   0   4   6  13   0   1   3   2   1   0   0   1  10   0   0  16  0.39 0.29
  192 Q   -2  3  3 -2 -4  2 -1 -3 -1 -3 -1  3  3 -3 -4 -1  2 -5 -4 -2    2  15  16   1   0   9   1   1   1   1   5  17  11   1   0   2  16   0   0   2  0.47 0.35
  193 K   -2  5  1 -2 -5  1 -1 -1 -1 -4 -3  4 -2 -5 -4 -1 -2 -5 -4 -1    3  34   6   2   0   5   3   5   1   1   2  28   1   0   0   3   2   0   0   4  0.72 0.41
  194 S   -3  6 -1 -3 -6  2 -2 -3  2 -3 -4  4 -2 -5 -4 -1 -3 -6 -4 -1    2  40   3   1   0  10   1   1   4   1   1  25   1   0   0   3   1   0   0   6  0.91 0.48
  195 L    1 -5 -5 -5 -2 -3 -5 -5 -5  3  4 -4  4 -1 -5 -4 -1 -4 -3  3   12   0   0   0   1   1   0   0   0  14  37   0  12   2   0   0   3   0   0  19  0.72 0.39
  196 A    1  1  1  1 -4  1  1  1 -1 -3 -3  3  2 -4 -3 -1 -1 -4 -2 -2   12   9   8  10   0   5  10  12   1   1   0  18   6   0   0   3   3   0   1   2  0.27 0.22
  197 V   -2  3  0 -1 -4  1 -1 -3  1  0 -2  4  0 -3 -4 -1 -1  2  0  0    1  17   4   4   0   5   3   2   4   6   2  27   3   1   0   2   4   3   3   9  0.33 0.26
  198 M   -3 -4 -4 -5 -4 -3 -4 -5 -5  3  3 -3  3  4 -5 -4 -1 -4 -1  4    1   0   0   0   0   1   1   0   0  17  24   1   7  16   0   0   4   0   1  27  0.70 0.37
  199 N    0  1  2  0 -3 -1 -1 -2 -1  1  0  0  1 -1 -3  1  1 -3 -1  0    6   9  12   5   0   0   4   1   1  10  12   7   4   1   0  10   9   0   3   6  0.09 0.13
  200 K   -2  4  2 -1 -5  1  2 -3 -1 -3 -4  4 -3 -3 -3  0  0 -5 -3 -3    2  22   9   3   0   4  11   1   1   1   1  28   0   1   1   8   5   0   1   1  0.55 0.33
  201 N    0  2  1  1 -4  1  0  0 -1 -3 -3  4 -1 -3 -3  0  0 -4 -3 -3    8  11   7   9   0   6   5   6   1   1   2  29   2   1   0   7   6   0   0   1  0.35 0.25
  202 M    2  0  2  1 -1 -1 -1 -1 -2 -1 -1 -1  2 -2 -3  2  1 -4 -3 -2   23   7  11   7   1   1   3   2   0   2   5   2   7   1   0  16   8   0   0   2  0.22 0.22
  203 R   -1  4  0 -1 -4 -1  1  1 -2 -4 -1  3 -3 -4 -3  2 -2 -5 -4 -4    5  28   4   3   0   1   8  10   1   0   6  16   0   0   0  16   1   0   0   0  0.48 0.32
  204 S   -1  0  1  2 -2  2  2 -1 -2 -2 -3  2 -2 -4 -2  2  1 -4 -4 -3    3   5   6  13   1   8  17   4   0   2   1  12   1   0   1  15  10   0   0   1  0.33 0.24
  205 G   -2  2  3 -2  3 -2 -2  2 -1 -5 -4  1 -4 -2 -4  2  1  6 -2 -4    2  10  14   1   6   1   1  16   1   0   1   7   0   1   0  20   8  10   1   0  0.52 0.35
  206 C   -1  2 -2 -3  5  2 -3  3 -1 -3 -2 -1 -1 -3 -2  0 -2  4  0 -3    4  10   1   0  14  10   0  27   1   1   3   4   2   1   2   8   2   6   3   1  0.51 0.34
  207 S   -1 -2  2 -2  0  1 -2 -3 -1  0  0  0  1 -2 -1  3 -1  2  2 -2    3   1  12   1   2   6   1   1   1   6   8   5   5   1   3  30   2   3   9   1  0.29 0.29
  208 C   -3 -4 -2 -1  7 -4 -5 -1 -2  1  0 -5  3  2 -5  0 -2  6 -1 -2    1   1   2   3  26   0   0   6   1   8   7   0  10   8   0   8   3  13   1   2  0.86 0.44
  209 M   -2 -2 -5 -5  7 -3 -4 -1 -5  1  1 -4  6  1 -5 -3 -2  4 -1  1    2   2   0   0  25   1   1   6   0   8  10   1  20   5   0   2   2   6   2   9  0.86 0.44
  210 S   -1 -5 -5 -5  6 -3 -5 -3 -5  4  0 -4  3 -2 -5 -2  2  0  0  1    4   0   0   0  21   1   0   2   0  26   7   0   9   1   0   3  13   1   3  10  0.76 0.41
  211 M    0 -5 -5  1  0 -4 -4 -3 -5  6  1 -5  3  0 -5 -3 -3 -2  0  0    7   0   0   8   2   0   0   1   0  47  13   0   9   4   0   1   1   1   3   2  0.78 0.43
  212 L   -1 -4 -4 -5  2 -4 -5 -1 -4  3  2 -4  2  3 -5 -2 -1 -1 -1  3    5   0   0   0   5   0   0   6   0  20  19   0   5  14   0   2   3   1   1  19  0.46 0.28
  213 L    0 -4 -5 -5  2 -4 -5 -2 -5  3  3 -4  1  1 -5 -3 -2 -4 -1  3    7   0   0   0   4   0   0   4   0  18  36   0   3   6   0   1   1   0   2  19  0.56 0.31
  214 S   -1 -4 -4 -5  0 -4 -3 -4 -4  2  4 -4  1 -1 -4  0  0 -4 -3  2    5   0   0   0   2   0   1   1   0  13  45   0   2   1   0  10   6   0   0  14  0.54 0.32
  215 V   -1 -4 -5 -5  0 -4 -5 -4 -5  4  2 -4  0  2 -5 -3 -1 -4 -2  4    5   0   0   0   2   0   0   1   0  22  21   0   1  11   0   2   3   0   1  32  0.63 0.33
  216 L   -1 -5 -5 -5  3 -4 -5 -4 -5  4  3 -4  1  2 -5 -3 -2 -4 -2  3    4   0   0   0   7   0   0   1   0  25  32   0   2   9   0   1   2   0   0  19  0.66 0.33
  217 G    2 -4 -4 -4  0 -3 -2 -1 -4  3  1 -3 -1  3 -3 -1 -1 -3 -1  2   18   0   0   0   2   0   2   5   0  17  16   0   1  13   1   4   3   0   1  17  0.28 0.21
  218 I   -2 -3 -4 -5 -4 -5 -5 -5 -5  5  3 -5  1  2 -5 -4 -3 -4 -3  2    2   1   1   0   0   0   0   0   0  41  31   0   3   8   0   1   0   0   0  13  0.88 0.40
  219 V   -2 -5 -5 -5 -1 -4 -5 -5 -5  5  2 -4  1 -1 -5 -4 -1 -4 -3  4    2   0   0   0   1   0   0   0   0  34  19   0   2   2   0   0   3   0   0  35  0.87 0.39
  220 G    0 -4 -4 -4 -3 -4 -4  1 -4  3  3 -4  1  1 -4 -3 -1 -3 -2  2    9   0   0   0   0   0   0  14   0  19  29   0   3   6   0   0   4   0   0  15  0.40 0.25
  221 L   -2 -4 -5 -5  0 -4 -5 -5 -4  3  4 -4  1  3 -5 -4 -1 -3 -2  2    2   0   0   0   2   0   0   0   0  22  38   0   2  14   0   0   3   0   0  16  0.70 0.33
  222 A    2 -4 -4 -4 -3 -3 -4 -1 -4  2  1 -3  0  3 -4 -1 -1 -3  0  3   24   0   0   0   0   0   0   3   0  14  10   0   2  17   0   4   1   0   2  22  0.41 0.27
  223 V    1 -4 -4 -4 -2 -3 -4 -4 -4  2  3 -4  2  2 -4 -1 -2 -3 -1  3   12   0   0   0   1   0   0   0   0  11  30   0   6  11   0   4   1   0   1  23  0.47 0.27
  224 V    0 -4 -3 -5 -3 -4 -4 -5 -4  3  1 -4 -1  1 -5 -4 -3 -3  3  4    8   0   2   0   0   0   0   0   0  17  14   0   1   5   0   0   0   0  12  42  0.70 0.35
  225 I   -2 -4 -5 -5 -3 -4 -5 -3 -4  4  3 -4  0  4 -5 -4 -2 -3 -1  2    3   0   0   0   0   0   0   2   0  24  32   0   1  21   0   0   2   0   0  15  0.68 0.30
  226 W   -2 -4 -5 -5 -4 -4 -5 -4 -2  1  2 -4 -1  5 -5 -4 -2  7  5  0    2   0   0   0   0   0   0   1   0   9  19   0   0  25   0   0   1  15  23   4  0.96 0.34
  227 M    1 -2  2 -3 -2 -1 -2 -3 -2  1  3 -1  2  1 -3 -1  0 -3 -2  0   13   0  15   0   0   2   0   0   0   6  37   4   7   8   0   2   4   0   0   4  0.23 0.16
  228 L   -1 -3 -4 -4 -2 -3 -4 -3 -4  2  4 -3  2  0 -4 -2  1 -3 -2  2    2   0   0   0   0   0   0   1   0  12  46   0   4   3   0   1  14   0   0  18  0.47 0.20
  229 V   -2 -3 -3 -4  1 -3 -3 -4 -3  3  2 -1  2  2 -3 -2  0 -2  0  2    0   0   0   0   4   0   0   0   0  25  24   4   4   9   0   2   3   0   4  21  0.31 0.12
  230 K   -2  3 -1 -2 -4  2  1 -3 -2 -4 -3  6 -1 -1 -1 -1 -2 -4 -2 -3    0  12   0   0   0   7   5   0   0   0   0  66   2   5   3   1   0   0   0   0  0.76 0.23
  231 Y   -1 -3 -3 -4 -3 -3 -3 -4  0 -1  1 -3 -1  5 -4 -3 -3  0  6 -2    7   0   0   0   0   0   0   0   1   0  14   0   0  34   0   0   0   0  44   0  0.87 0.19
  232 M   -2 -3 -4 -4 -2 -3 -4 -4 -3  1  3 -3  3  5 -4 -3 -2 -1  1  0    0   0   0   0   0   0   0   0   0   0  47   0  16  37   0   0   0   0   0   0  0.57 0.10

                      K         Lambda
Standard Ungapped    0.1291     0.3161
Standard Gapped      0.0437     0.2670
PSI Ungapped         0.1442     0.3131
PSI Gapped           0.0437     0.2670
