
Last position-specific scoring matrix computed, weighted observed percentages rounded down, information per position, and relative weight of gapless real matches to pseudocounts
           A  R  N  D  C  Q  E  G  H  I  L  K  M  F  P  S  T  W  Y  V   A   R   N   D   C   Q   E   G   H   I   L   K   M   F   P   S   T   W   Y   V
    1 M   -2 -2 -3 -4 -2 -2 -3 -4 -3  2  3 -2  4  1 -3 -2 -1 -2 -1  1    0   0   0   0   0   0   0   0   0   7  53   0  32   4   0   0   0   0   0   4  0.44 0.04
    2 L   -1 -1 -3 -4 -2 -2 -3 -3 -2  1  2 -2  1  4 -3 -2 -1  0  3  1    1   3   0   0   0   0   0   0   0   8  24   1   2  31   0   1   0   0  12  16  0.32 0.04
    3 S    2 -1  2 -1 -2  1 -1  0 -1 -2 -2  0 -2 -3  0  2  1 -3 -1 -1   33   1  12   0   0   7   0   2   0   0   0   4   0   0   3  27   8   0   2   1  0.27 0.05
    4 S    2  2  0 -1 -2  0 -1  0 -1 -2 -2  1 -1 -2  0  2  1 -3 -2 -1   27  15   3   1   0   1   0   6   1   0   2   6   0   1   4  22  11   0   0   2  0.21 0.04
    5 V    2 -1 -1 -2 -1 -1 -1 -1 -2  0  0 -1  0  0  0  1  1 -2 -1  1   26   0   0   0   0   3   0   3   0   3  14   2   2   5   4  14  13   0   1   9  0.10 0.03
    6 R    1  2 -1 -1 -1  1  0 -1 -1 -1 -1  1 -1 -2  1  1  0 -3 -2  0   18  16   1   0   1   4   2   2   0   2   7  13   0   0   5  20   4   0   0   5  0.15 0.03
    7 L    1  3 -1 -2 -2  0 -1 -2  0 -1  0  1 -1 -1  2  0  0 -3 -1 -1   15  26   1   0   0   2   1   1   2   0   9  10   1   2   9   8   8   0   1   2  0.18 0.04
    8 A    2  0  0 -1 -2  1 -1  0 -2 -1 -2  0 -1 -3  2  2  1 -3 -1 -1   34   3   2   0   0   7   1   3   0   2   2   4   0   0  11  18   8   0   1   3  0.24 0.04
    9 A    2  0  0 -1 -1  1 -1  0 -1 -1 -1  0  0 -1  0  1  0 -3 -2  0   37   3   5   1   1   9   1   3   1   1   3   5   3   3   4  11   5   0   0   5  0.14 0.04
   10 L    0 -1 -1 -2 -1  0 -1 -1 -2  0  2 -1  1  1 -1  0  0  0  0  0    9   3   1   0   1   3   3   2   0   3  31   3   3   8   2  13   5   1   1   8  0.06 0.02
   11 R    0  3  0 -1 -2  1  0 -1 -1 -2 -1  1 -1 -1  1  1  0 -3 -1 -1   10  29   2   0   0   6   2   4   1   0   8  10   0   3   6  12   3   0   0   3  0.18 0.04
   12 A    2  0 -1 -1 -1  0 -1 -1 -2 -1  0  1 -1 -2  2  1  0 -3 -2 -1   37   6   2   0   0   3   0   2   0   1   9   8   0   0   9  15   3   0   0   4  0.19 0.04
   13 G    2  1 -1 -1 -2  0 -1  0 -2 -1 -1  0 -1 -1  1  1  0 -2 -2 -1   33  13   2   1   0   3   0   6   0   3   3   5   1   3   8  11   4   1   0   3  0.16 0.04
   14 K    1  2 -1 -2  0  1 -1 -1 -1 -1  0  1 -1  0  1  1  0  0 -1 -1   14  15   2   0   2   6   1   2   0   1   9  10   1   5   8  11   7   1   0   4  0.10 0.02
   15 T    1  2  0 -1 -1  1 -1 -1 -1 -1 -1  1  0 -2  1  1  0 -3 -1  0   18  16   3   1   1   6   0   3   1   4   7  10   2   0   5  11   6   0   2   5  0.10 0.02
   16 N    1  1  1 -1 -1  0  0 -1 -1 -2 -1  0 -1 -2  3  1  0 -3 -2 -1   18  11  10   2   1   3   3   3   0   1   4   5   0   1  19  11   5   0   0   3  0.25 0.03
   17 S    2  0  0 -2  0 -1 -1 -1 -1 -1 -1  0 -1 -1  2  1  1 -3 -2  0   26   5   2   0   1   2   1   2   1   1   5   2   1   3  10  16  15   0   0   7  0.16 0.03
   18 V    1 -1 -1 -1 -2  0 -1  0 -1  0  0  0  0 -1  2  0  0 -2 -1  1   23   3   2   1   0   5   1   5   0   2  10   8   1   3   9   6   5   0   1  15  0.08 0.02
   19 F    0  0  0 -2 -2 -1 -1 -1 -1  0  0  0  0  2  2  0  0 -2  0  0   10   8   4   0   0   1   0   4   1   3  14   5   0  16  11   7   6   0   3   6  0.08 0.02
   20 Q    1  1  1 -1 -1  1  0  0  1 -2 -2  0 -1 -1  2  1  1 -3 -1 -1   12   6  10   1   1  12   3   5   6   0   3   5   0   2   9  11  10   0   1   3  0.14 0.02
   21 A    2 -1 -1 -1 -1  0 -1  1 -1 -1 -1 -1 -1 -1  3  1  1 -3 -2 -1   24   1   1   1   0   3   2   9   1   2   4   2   0   4  18  19   7   0   0   3  0.25 0.03
   22 V    2  0 -1 -1 -1  0 -1 -1 -2  0  0  1  0 -1  0  1  0 -3 -2  1   26   7   2   2   0   3   2   2   0   4   7  10   1   2   3  12   6   0   0  13  0.08 0.02
   23 R    0  4 -1 -2 -2  1 -1 -1 -1 -2 -2  2 -2 -3  1  0  0 -3 -2 -2   10  46   1   0   0   4   0   2   0   1   2  11   0   0   7   6   5   0   1   3  0.37 0.06
   24 A    1  1  1  0 -1  0  0  1  0 -2 -2  0 -1 -2  0  1  1 -1 -1 -1   20   9   6   4   0   2   2  12   3   1   3   5   0   1   3  18   8   1   1   1  0.13 0.02
   25 F    0 -1 -1 -2 -1 -1 -1  0  0  0  0 -1  1  2 -1  0  0  2  3  0   12   2   2   1   0   1   1   6   3   6  11   3   6   9   2   8   4   3  17   3  0.07 0.02
   26 A    3 -1 -1 -2 -1  0 -1  0 -1 -1 -1  0  0 -1 -1  2  1 -3 -1 -1   51   2   1   0   0   3   0   4   1   1   3   3   2   2   1  17   6   0   1   2  0.26 0.06
   27 A    2  0 -1 -1 -1  0 -1  0 -1 -1 -2  0 -1 -1  0  1  2 -3 -2  0   32   3   1   2   1   4   1   5   1   3   1   3   0   2   3  12  23   0   0   3  0.18 0.04
   28 E    1  2  0  0 -2  1  1 -1 -1 -2 -2  1 -1 -2 -1  1  1 -3 -1 -1   16  17   3   2   0   6  14   2   0   1   0  10   1   0   1  11  12   0   1   2  0.20 0.03
   29 P    2 -1 -1  0 -2  0  0  0 -1 -1 -1  0 -1  1  3  0  1 -1  0 -1   25   1   1   4   0   4   3   5   0   1   3   7   1   9  14   6   9   1   3   2  0.16 0.03
   30 A    3 -1 -1 -1 -1  0  0 -1 -2 -2 -1  0 -1 -2  1  1  1 -2 -1 -1   37   1   1   2   0   2   7   2   0   0   3   6   0   1   7  13  13   0   1   3  0.20 0.04
   31 A    2 -1  0 -1 -2  0  0 -1 -1 -2 -2  1 -1 -2  2  2  1 -3 -1 -1   26   1   2   2   0   2   4   2   0   1   3   9   0   1   9  22  12   0   1   3  0.20 0.04
   32 A    2  0  0  0 -2  0  0 -1 -2 -2 -2  1 -1 -3  0  1  2 -3 -2 -1   30   2   2   4   0   4   2   2   0   0   1  11   0   0   3  13  23   0   1   1  0.22 0.05
   33 A    2 -1 -1  0 -1  1  1  1 -1 -2 -2  0 -1 -3  0  1  1 -3 -2 -1   35   0   1   4   0   5   8  12   1   1   1   5   1   0   4  11  10   0   0   1  0.22 0.05
   34 T    2  0  0 -1 -2  0  0  1 -1 -2 -2  2 -1 -3 -1  2  1 -3 -2 -1   24   2   5   1   0   1   4   8   1   1   1  17   0   0   2  18  11   0   0   4  0.19 0.05
   35 T    1 -1  2 -1 -2  1  0  2 -1 -1 -2  0 -1 -2  0  0  1 -2 -2  0   16   1  14   2   0   7   2  20   1   1   2   7   1   0   4   4   9   0   0   8  0.16 0.04
   36 D    2  0  3  0 -2  0  0  0  0 -2 -2  0 -2 -3  0  1  0 -3 -2 -1   22   4  27   1   0   5   1   5   1   2   2   6   0   0   4  12   5   0   0   2  0.23 0.06
   37 A    0 -1 -1 -1 -2  0 -1 -2 -2  2  0  1  0 -1 -1  0  1 -3 -2  2    3   1   2   3   0   2   3   1   1  19   2  16   0   1   1   3  14   0   0  27  0.12 0.05
   38 G   -1 -4 -2 -3 -4 -3 -3  7 -3 -5 -5 -3 -4 -4 -3 -1 -3 -4 -4 -4    0   0   0   0   0   0   0 100   0   0   0   0   0   0   0   0   0   0   0   0  1.65 0.20
   39 F   -1  3 -1 -2 -4  2  0 -2  1 -3 -3  4 -2 -2 -2  0  0 -3  0 -2    1  21   0   0   0   7   3   1   4   1   0  48   0   1   0   3   4   0   5   1  0.48 0.10
   40 V   -2 -4 -4 -4 -2 -4 -4 -4 -4  5  1 -3  0 -1 -4 -3 -1 -4 -2  4    0   0   0   0   0   0   0   0   0  59   1   0   0   0   0   0   0   0   0  40  0.77 0.14
   41 S    0  0 -1 -2  2  0 -1 -2  2  0 -1  0 -1 -2 -2  1  2 -3 -1  2    4   6   0   0   5   3   0   0   7   5   1   6   0   0   0  11  25   0   1  25  0.16 0.07
   42 Q    1  0 -1 -2 -3  7  0 -2 -1 -4 -3  0 -2 -4 -2  0  0 -3 -3 -3   17   0   0   0   0  75   0   0   0   0   0   1   0   0   0   2   4   0   0   0  0.97 0.19
   43 V   -1 -4 -4 -4 -2 -3 -4 -4 -4  3  0 -3  0 -2 -4 -3 -1 -4 -2  6    0   0   0   0   0   0   0   0   0  15   0   0   0   0   0   0   0   0   1  84  0.86 0.17
   44 I   -2 -3 -3 -4 -2 -4 -4 -5 -4  6  1 -3  1 -1 -4 -3 -1 -4 -2  2    0   1   1   0   0   0   0   0   0  86   4   1   4   0   0   0   2   0   0   2  0.87 0.17
   45 G   -1 -3 -2 -2 -4 -2 -3  7 -3 -5 -5 -3 -4 -4 -3 -1 -3 -4 -4 -4    1   0   0   0   0   1   0  97   0   0   0   0   0   0   0   2   0   0   0   0  1.55 0.19
   46 P    5 -3 -3 -3 -2 -2 -2 -1 -3 -3 -3 -2 -2 -4  4  0 -1 -4 -3 -2   75   0   0   0   0   0   0   0   0   0   0   0   0   0  25   0   0   0   0   0  0.91 0.17
   47 V   -1 -4 -4 -4 -2 -3 -4 -4 -4  2  0 -3  0 -2 -3 -3 -1 -4 -2  6    1   0   0   0   0   0   0   0   0   3   0   0   0   0   1   0   0   0   0  96  0.98 0.19
   48 V   -1 -4 -4 -4 -2 -3 -4 -4 -4  2  0 -3  0 -2 -4 -3 -1 -4 -2  6    0   0   0   0   0   0   0   0   0   6   3   0   0   0   0   0   0   0   0  91  0.90 0.18
   49 D   -3 -3  0  7 -5 -2  0 -3 -2 -5 -5 -2 -4 -5 -3 -2 -2 -6 -4 -5    0   0   0 100   0   0   0   0   0   0   0   0   0   0   0   0   0   0   0   0  1.70 0.22
   50 V   -1 -4 -4 -4 -1 -3 -4 -4 -4  2  0 -3  0 -2 -4 -3 -1 -4 -2  6    0   0   0   0   0   0   0   0   0   7   1   0   0   0   0   0   0   0   0  91  0.92 0.18
   51 R   -1  2 -1 -1 -4  4  2 -3  2 -3 -3  2 -2 -3 -2 -1 -1 -3 -1 -2    2  11   0   1   0  36  18   0   5   0   1  19   0   0   0   1   1   0   2   2  0.51 0.11
   52 F   -4 -4 -4 -5 -4 -5 -5 -5 -3 -2 -1 -5 -1  8 -5 -4 -4  0  2 -2    0   0   0   0   0   0   0   0   0   0   0   0   0 100   0   0   0   0   0   0  1.77 0.24
   53 D   -2 -2  0  5 -4  0  4 -2 -2 -4 -4  0 -3 -4  2 -1 -1 -4 -3 -3    1   0   1  43   0   0  36   0   0   0   0   2   0   0  12   2   2   0   0   0  0.80 0.13
   54 G   -1 -2  0  3 -3 -1  2  4 -1 -4 -4 -1 -3 -4 -2  0 -1 -4 -3 -3    1   0   2  21   0   0  19  47   1   0   0   1   0   0   0   3   4   0   0   0  0.63 0.10
   55 E    0  0  2  1 -3  1  3  1  2 -3 -3  1 -2 -3 -1  0  0 -3 -1 -2    5   1  10   6   0   7  24  14   8   1   0  11   0   0   2   4   4   0   1   1  0.28 0.06
   56 L   -2 -3 -4 -5 -2 -3 -4 -5 -4  1  5 -3  2 -1 -2 -3 -2 -3 -2  0    0   1   0   0   0   0   0   0   0   1  92   0   2   0   2   0   0   0   0   2  0.86 0.16
   57 P   -2 -4 -4 -3 -4 -3 -3 -4 -4 -4 -4 -3 -4 -5  8 -2 -3 -5 -5 -4    0   0   0   0   0   0   0   0   0   0   0   0   0   0 100   0   0   0   0   0  2.64 0.26
   58 S    2 -1  1  0 -3  0  1 -2 -1 -3 -3  0 -3 -3  5  0 -1 -4 -3 -2   22   1   7   4   0   3  13   1   1   0   0   3   0   0  39   5   1   0   0   0  0.70 0.10
   59 I   -2 -4 -4 -4 -2 -4 -4 -5 -4  6  1 -4  1 -1 -4 -4 -2 -4 -2  2    0   0   0   0   0   0   0   0   0  90   4   0   1   1   0   0   0   0   0   4  1.02 0.19
   60 L   -2 -3 -2 -4 -2 -2 -3 -4 -2  0  4 -3  2  1 -4 -3 -2 -2  3  0    0   0   3   0   0   1   0   0   0   0  76   0   4   3   0   0   0   0  13   0  0.65 0.14
   61 S   -2 -2  7  0 -4 -1 -1 -1  0 -4 -4 -1 -3 -4 -3  1  1 -5 -3 -4    0   0  80   1   0   0   2   1   1   0   0   0   0   0   0   6  11   0   0   0  1.13 0.19
   62 A    6 -3 -3 -3 -2 -2 -2 -1 -3 -3 -3 -2 -2 -3 -2  1 -1 -4 -3 -1   94   0   0   0   0   0   0   0   0   0   0   0   0   0   0   6   0   0   0   0  0.93 0.19
   63 L   -2 -3 -4 -5 -2 -3 -4 -5 -4  2  5 -3  1 -1 -4 -3 -2 -3 -2  1    0   0   0   0   0   0   0   0   0  10  86   0   1   0   0   0   0   0   0   3  0.82 0.15
   64 E   -2  0 -1  1 -4  1  5 -2  1 -3 -3  1 -2 -3 -2 -1  0 -1 -2 -2    0   3   1   2   0   3  65   1   4   1   1   8   0   0   0   1   8   1   1   1  0.66 0.13
   65 V   -1 -3 -3 -3  0 -3 -3 -4 -3  3  0 -3  0 -2 -3 -1  3 -3 -2  4    1   0   0   0   2   0   0   0   0  19   5   0   0   0   0   0  27   0   0  46  0.45 0.11
   66 Q   -1  0  0  2 -3  3  2 -2 -1 -2 -2  2 -1 -3 -1  0  1 -3 -2 -2    1   2   2  13   0  23  16   0   0   2   4  15   1   0   1   3  13   0   1   2  0.29 0.07
   67 G   -1 -1  5  2 -3 -1 -1  3  0 -3 -3 -1 -2 -3 -2  0  0 -4 -2 -2    0   2  44  14   0   0   0  24   2   1   2   1   1   1   1   1   3   0   1   2  0.51 0.11
   68 H   -1  2  2  0 -3  1  0  1  2 -3 -2  1 -2 -2  2  0  0 -3 -2 -2    4  18  15   5   0   6   4  12   9   0   2   7   1   2   9   1   4   0   0   2  0.22 0.04
   69 N   -1 -1  1  2 -3  0  2  3 -1 -4 -4  0 -3 -4  0  0  0 -3 -3 -3    1   0   8  15   0   4  17  36   0   0   0   4   0   0   3   7   4   0   0   0  0.43 0.07
   70 V   -1  0  2  0 -2  2  0  0  0  0 -2  1 -1 -3  2  0  1 -2 -2 -1    2   3  17   2   1  13   2   7   3  11   1   9   0   0  11   6  11   0   0   3  0.16 0.04
   71 R   -2  5  1  0 -4  0  1 -3 -1 -3 -3  3 -2 -4 -2 -1  0 -4 -3 -3    0  52   8   3   0   1   5   0   0   0   0  21   0   0   0   2   6   0   0   1  0.63 0.11
   72 L   -2 -3 -4 -5 -2 -3 -4 -5 -4  2  5 -3  1  0 -3 -3 -2 -3 -2  1    0   0   0   0   0   0   0   0   0   7  87   0   0   1   0   0   0   0   0   4  0.80 0.14
   73 V   -1 -3 -3 -4 -2 -3 -3 -4 -4  3  0 -3  0 -2 -3 -2  1 -4 -2  5    0   0   0   0   0   0   0   0   0  14   0   0   0   0   0   1   9   0   0  75  0.65 0.14
   74 L   -1 -3 -4 -4  2 -3 -4 -4 -4  1  5 -3  1  0 -4 -3 -2 -3 -2  1    2   0   0   0   5   0   0   0   0   2  81   0   0   1   0   0   0   0   0   7  0.67 0.13
   75 E   -2 -1 -1  0 -5  1  7 -3 -1 -5 -4  0 -3 -5 -2 -1 -2 -4 -3 -4    0   0   0   0   0   0 100   0   0   0   0   0   0   0   0   0   0   0   0   0  1.40 0.21
   76 V   -1 -4 -4 -4 -2 -3 -4 -4 -4  2  0 -3  0 -2 -4 -3 -1 -4 -2  6    1   0   0   0   0   0   0   0   0   2   0   0   0   0   0   0   0   0   0  97  0.95 0.18
   77 A    5 -2 -2 -3 -1  0 -1 -1 -2 -2 -2 -2  0 -2 -2  1 -1 -3 -2 -1   82   0   0   0   0   3   2   0   0   1   0   0   3   2   0   5   0   0   0   1  0.64 0.14
   78 Q   -1  0 -1 -2 -4  7  1 -3  1 -4 -3  0 -1 -4 -2 -1 -2 -3 -3 -3    2   0   0   0   0  92   0   0   2   0   0   0   1   0   1   2   0   0   0   0  1.31 0.22
   79 H   -3 -2 -1 -2 -4 -1 -1 -3 10 -4 -3 -2 -3 -3 -3 -2 -3 -4  0 -4    0   0   0   0   0   1   1   0  93   0   2   0   0   0   0   1   0   0   0   0  1.88 0.24
   80 M   -2 -3 -4 -5 -2 -3 -4 -5 -4  2  5 -3  2  0 -4 -3 -2 -3 -2  0    0   0   0   0   0   0   0   0   0   7  88   0   2   1   0   0   1   0   0   1  0.80 0.14
   81 G   -1 -3 -2 -2 -4 -3 -3  7 -3 -5 -5 -3 -4 -4 -3 -1 -3 -4 -4 -4    0   0   0   0   0   0   0 100   0   0   0   0   0   0   0   0   0   0   0   0  1.60 0.19
   82 D   -2  0  1  3 -4  1  5 -2 -1 -4 -4  0 -3 -4 -2 -1 -2 -4 -3 -4    0   2   8  18   0   2  68   1   0   0   0   0   0   0   0   0   0   0   0   0  0.90 0.15
   83 N   -2 -1  6  1 -3 -1 -1  0  0 -4 -4  0 -3 -4 -3  1 -1 -5 -3 -4    0   2  70   6   0   0   0   6   1   0   0   3   0   0   0  11   0   0   0   0  0.89 0.15
   84 T   -1  0 -1 -2 -1 -1 -1 -3 -2  0 -1 -1  1 -2 -2  0  4 -3 -2  2    1   5   0   0   1   2   1   0   0   4   0   1   5   0   0   4  54   0   0  21  0.39 0.11
   85 V   -1 -4 -4 -4  0 -3 -3 -4 -4  2  0 -3  0 -2 -3 -3 -1 -4 -2  6    3   0   0   0   2   0   0   0   0   1   0   0   0   0   0   0   1   0   0  93  0.85 0.17
   86 R   -3  7 -2 -3 -5  0 -1 -4 -1 -4 -3  1 -3 -4 -3 -2 -2 -4 -3 -4    0 100   0   0   0   0   0   0   0   0   0   0   0   0   0   0   0   0   0   0  1.53 0.21
   87 C    0 -3 -2 -3  6 -2 -2 -2 -3 -2 -2 -2 -2 -3 -2  0  5 -3 -3 -1    8   0   0   0  27   0   0   0   0   0   0   0   0   0   0   2  63   0   0   0  0.86 0.16
   88 V   -2 -4 -4 -4 -2 -4 -4 -5 -4  6  1 -4  0 -1 -4 -3 -2 -4 -2  3    0   0   0   0   0   0   0   0   0  86   0   0   0   0   0   0   0   0   0  14  0.93 0.16
   89 A    6 -2 -2 -3 -1 -2 -2 -1 -3 -2 -3 -2 -2 -3 -2  1 -1 -4 -3 -1   95   0   0   0   0   0   0   0   0   0   0   0   0   0   0   4   0   0   0   0  0.90 0.17
   90 M   -2 -3 -4 -5 -3 -2 -4 -4 -3  0  1 -3  9 -1 -4 -3 -2 -3 -2 -1    0   0   0   0   0   0   0   0   0   0   1   0  99   0   0   0   0   0   0   0  1.65 0.27
   91 D   -2 -2  0  7 -4 -1  1 -1 -2 -4 -4 -2 -4 -4 -2  1 -1 -5 -4 -4    1   0   0  81   0   0   2   3   0   0   0   0   0   0   0  10   1   0   0   0  1.16 0.16
   92 S    2 -2 -1 -2 -2 -1 -1  4 -2 -3 -3 -1 -1 -3 -2  3  1 -3 -3 -2   17   0   0   0   0   0   0  38   0   0   0   0   2   0   1  29  11   0   0   1  0.48 0.09
   93 T   -1 -2 -1 -2 -2 -2 -2 -3 -3 -2 -2 -2 -2 -3 -2  1  7 -4 -3 -1    0   0   0   0   0   0   0   0   0   0   0   0   0   0   0   2  98   0   0   0  1.17 0.21
   94 D   -2 -1 -1  4 -5  0  5 -3 -1 -4 -4 -1 -3 -4 -2 -1 -2 -4 -3 -4    0   0   0  33   0   0  67   0   0   0   0   0   0   0   0   0   0   0   0   0  1.07 0.16
   95 G   -1 -3 -1 -2 -4 -3 -3  7 -3 -5 -5 -3 -4 -4 -3 -1 -3 -4 -4 -4    0   1   0   0   0   0   0  99   0   0   0   0   0   0   0   0   0   0   0   0  1.57 0.18
   96 L   -2 -3 -4 -5 -2 -3 -4 -5 -4  1  5 -3  2 -1 -3 -3 -2 -3 -2  0    0   0   0   0   0   0   0   0   0   0  95   0   2   0   0   0   0   0   0   2  0.89 0.15
   97 V   -1 -2 -3 -3 -2 -1 -3 -3 -3  2  0 -1  1 -2 -3 -1  1 -4 -2  5    1   2   0   0   0   3   0   1   0   5   0   3   2   0   0   2   9   0   0  72  0.49 0.12
   98 R   -3  7 -2 -3 -5  0 -1 -4 -1 -4 -3  1 -3 -4 -3 -2 -2 -4 -3 -4    0 100   0   0   0   0   0   0   0   0   0   0   0   0   0   0   0   0   0   0  1.53 0.21
   99 G   -1 -3 -1 -2 -4 -3 -3  7 -3 -5 -5 -3 -4 -4 -3 -1 -3 -4 -4 -4    0   0   0   0   0   0   0  99   0   0   0   0   0   0   0   0   0   0   0   0  1.59 0.18
  100 Q    0  0  0 -1 -2  5  1 -3  0 -2 -1  0  4 -3 -2 -1 -1  0 -2 -2    6   1   2   2   1  56   2   0   2   1   2   0  18   0   0   2   3   2   0   1  0.54 0.14
  101 K    0  1 -1  1 -2  1  3 -2 -1 -2 -3  3 -2 -3  2  0 -1 -3 -2 -1    7   6   1   4   0   3  30   1   0   0   1  25   0   0  10   4   2   0   0   5  0.34 0.07
  102 V    1 -3 -3 -4  4 -3 -3 -3 -4  1 -1 -3 -1 -2 -3 -2 -1 -4 -2  5   18   0   0   0  12   0   0   1   0   0   0   0   0   1   0   0   0   0   0  69  0.56 0.13
  103 V   -1  0 -1 -2 -2 -1 -1 -3 -2  2  1  0  0  0 -2  0  1 -1 -1  2    2   5   1   0   0   1   3   0   1  12  18   7   1   3   0   5  15   0   1  25  0.11 0.04
  104 N   -2 -3  2  7 -4 -1  0 -2 -2 -4 -5 -2 -4 -5 -3 -1 -2 -5 -4 -4    3   0  11  86   0   0   0   0   0   0   0   0   0   0   0   0   0   0   0   0  1.32 0.18
  105 T   -1 -2 -1 -2 -1 -1 -2 -3 -3 -1 -1 -2 -1 -3 -2  1  6 -4 -3 -1    0   0   0   0   1   1   0   0   0   1   3   0   1   0   0   9  83   0   0   2  0.85 0.17
  106 G   -1 -3 -1 -2 -3 -3 -3  6 -3 -5 -5 -2 -4 -4 -3 -1 -3 -4 -4 -4    0   0   0   1   0   0   0  96   0   0   0   1   0   0   0   0   0   0   0   0  1.49 0.18
  107 S    3 -1  1  0 -2  0  0  1 -1 -2 -2  0 -1 -1 -2  2  0 -3 -1 -2   37   1   6   5   0   2   3  10   1   0   1   4   1   2   0  20   5   0   3   0  0.22 0.06
  108 P    0 -3 -3 -2 -4  1 -2 -3 -3 -4 -4 -2 -3 -5  8 -1 -2 -5 -3 -3    6   0   0   0   0   8   0   0   0   0   0   0   0   0  80   4   1   0   0   0  1.83 0.18
  109 I   -2 -4 -4 -4 -2 -4 -4 -5 -4  7  1 -4  0 -1 -4 -4 -2 -4 -2  2    0   0   0   0   0   0   0   0   0 100   0   0   0   0   0   0   0   0   0   0  1.12 0.19
  110 K    0  2 -1 -2  1  1  0 -2 -1 -2 -2  1  2 -3 -2  2  2 -3 -2 -1    2  15   0   0   3   6   1   0   0   0   1  11   9   0   0  26  23   0   0   0  0.27 0.08
  111 V   -1 -4 -4 -4 -2 -3 -4 -4 -4  4  0 -3  1 -1 -3 -3 -1 -4 -2  5    2   0   0   0   0   0   0   0   0  33   0   0   2   0   0   0   1   0   0  63  0.68 0.13
  112 P   -2 -4 -3 -3 -4 -3 -2 -3 -4 -4 -4 -2 -4 -5  8 -2 -2 -5 -4 -4    1   0   0   0   0   0   0   0   0   0   0   0   0   0  99   0   0   0   0   0  2.54 0.23
  113 V   -1 -4 -4 -4 -1 -3 -4 -4 -4  2  0 -3  0 -2 -4 -3 -1 -4 -2  6    0   0   0   0   1   0   0   0   0   0   0   0   0   0   0   0   0   0   0  99  0.97 0.18
  114 G   -1 -3 -2 -2 -4 -3 -3  7 -3 -5 -5 -3 -4 -4 -3 -1 -3 -4 -4 -4    0   0   0   0   0   0   0 100   0   0   0   0   0   0   0   0   0   0   0   0  1.61 0.19
  115 R    0  2  0  0 -3  0  1 -2 -1 -3 -3  2 -2 -4  5 -1  0 -4 -3 -2    5  16   3   6   0   2   9   0   1   1   0  13   0   0  38   1   4   0   0   1  0.68 0.09
  116 G    2 -1 -1  0 -2  0  3  2 -2 -3 -3  0 -2 -3  0  0 -1 -3 -3 -2   30   0   2   0   0   2  32  20   0   0   0   4   0   0   4   3   0   0   0   0  0.38 0.08
  117 T    0 -2 -1 -2  0 -2 -2 -3 -3 -1 -2 -2 -1 -3 -2  0  6 -4 -3  1    3   0   1   0   2   0   0   0   0   0   1   0   1   0   0   1  80   0   0  11  0.78 0.16
  118 L   -2 -3 -4 -5 -2 -3 -4 -5 -4  1  5 -3  1 -1 -2 -3 -2 -3 -2  0    0   0   0   0   0   0   0   0   0   0  98   0   0   0   1   0   0   0   0   0  0.92 0.16
  119 G   -1 -3 -2 -2 -4 -3 -3  7 -3 -5 -5 -3 -4 -4 -3 -1 -3  0 -4 -4    1   0   0   0   0   0   0  97   0   0   0   0   0   0   0   0   0   1   0   0  1.53 0.18
  120 R   -2  7 -2 -3 -5  0 -1 -4 -1 -4 -3  1 -3 -4 -3 -2 -2 -4 -3 -4    1  98   0   0   0   0   0   0   0   0   0   0   0   0   0   1   0   0   0   0  1.45 0.21
  121 I   -2 -4 -4 -4 -2 -4 -4 -5 -4  6  1 -4  1 -1 -4 -3 -2 -4 -1  2    0   0   0   0   0   0   0   0   0  92   2   0   2   0   0   0   0   0   1   2  0.97 0.17
  122 M   -2 -3 -4 -4 -2 -2 -3 -4 -1  3  2 -3  6  2 -4 -3 -2 -2 -1  1    0   0   0   0   0   0   0   0   1  22  15   0  47  11   0   0   0   0   0   3  0.62 0.13
  123 N   -3 -2  7  0 -4 -1 -1 -2 -1 -5 -5 -1 -3 -4 -3  0 -1 -5 -3 -4    0   0  97   1   0   0   1   0   0   0   0   0   0   0   0   1   0   0   0   0  1.49 0.22
  124 V   -1 -4 -4 -4 -2 -3 -4 -4 -4  2  0 -3  0 -2 -4 -3 -1 -4 -2  6    0   0   0   0   0   0   0   0   0   0   1   0   0   0   0   0   0   0   0  98  0.97 0.18
  125 I   -2 -3 -3 -4 -2 -3 -3 -4 -4  5  2 -3  0 -1 -3 -2  1 -3 -2  3    0   0   0   0   0   0   0   0   0  59  12   0   0   0   0   0  12   0   0  18  0.54 0.11
  126 G   -1 -3 -2 -2 -4 -3 -3  7 -3 -5 -5 -3 -4 -4 -3 -1 -3 -4 -4 -4    0   0   0   0   0   0   0 100   0   0   0   0   0   0   0   0   0   0   0   0  1.61 0.19
  127 E   -2  0 -1  3 -4  1  5 -3  0 -4 -4  0 -3 -4 -2 -1 -2 -4 -3 -3    1   4   0  18   0   3  70   0   1   0   0   1   0   0   0   0   0   0   0   0  0.91 0.14
  128 P    0 -3 -3 -3 -4 -2 -2 -3 -3 -4 -3 -2 -3 -5  8 -1 -1 -5 -4 -3    6   0   0   0   0   0   0   0   0   0   1   0   0   0  86   2   4   0   0   0  2.01 0.19
  129 V   -2 -4 -4 -4 -2 -3 -4 -4 -4  5  1 -3  0 -1 -3 -3 -1 -4 -2  4    0   0   0   0   0   0   0   0   0  62   1   0   1   0   0   0   0   0   0  35  0.74 0.13
  130 D   -3 -3  0  7 -5 -1  0 -3 -2 -4 -5 -2 -4 -5 -3 -1 -2 -6 -4 -4    0   0   0  99   0   0   0   0   0   0   0   0   0   0   0   0   0   0   0   0  1.64 0.21
  131 E   -2 -1  1  1 -4  1  6  0  1 -4 -4  0 -2 -4 -2 -1 -2 -4 -3 -4    0   0   7   4   0   2  78   6   3   0   0   1   0   0   0   0   0   0   0   0  0.90 0.15
  132 Q    0  5 -1 -1  0  1 -1 -1 -1 -2 -1  2  0 -2 -2 -1 -1 -3 -2 -2   10  46   1   2   3   7   0   3   0   0   4  14   4   1   0   1   0   0   0   2  0.39 0.09
  133 G    0 -3 -1 -2 -3 -3 -2  6 -3 -5 -5 -2 -4 -4 -1 -1 -2 -4 -4 -4    3   0   0   0   0   0   2  90   0   0   0   1   0   0   3   0   0   0   0   0  1.32 0.16
  134 P   -1 -3 -3  0 -4 -1  1 -3 -3 -4 -4 -2 -3 -5  7 -2 -2 -5 -4 -3    4   0   0   4   0   1  11   0   0   0   0   1   0   0  78   0   0   0   0   0  1.79 0.18
  135 I   -2 -4 -4 -4 -2 -3 -4 -4 -4  5  1 -3  0 -1 -2 -3 -1 -3 -2  3    0   0   0   0   0   0   0   0   0  61   5   0   0   0   2   0   0   0   0  30  0.66 0.13
  136 E    0  0  2  1 -3  1  2  0 -1 -2 -2  3 -2 -3  1  0  0 -3 -2 -1    5   0  14   5   0   3  13   5   0   1   2  34   0   0   6   2   4   0   1   4  0.24 0.06
  137 C    2 -2  0 -1  0 -1 -1  0  0 -2 -2 -1 -2 -2 -2  2  4 -3 -2 -1   28   0   2   1   2   1   1   4   3   0   0   0   0   1   0  18  38   0   0   1  0.36 0.09
  138 S    0  0  1  3 -3  0  2 -2 -1 -2 -3  2 -2 -3 -1  1  1 -4 -3 -1    6   0   4  24   0   1  18   1   0   0   0  23   0   0   0   7  12   0   0   3  0.34 0.07
  139 E    0  1  0  0 -3  2  2 -2  2 -2 -2  3  0 -2 -2  0  0 -3 -1 -1    4   3   2   4   0   9  16   1   9   3   2  29   3   2   0   3   6   0   1   2  0.21 0.05
  140 V   -1  2 -1 -2 -3  0 -1 -3  1 -1 -1  1  0  3 -3  0  1 -1  3 -1    1  20   1   0   0   2   1   0   4   1   4  10   4  15   0   5  13   0  18   2  0.22 0.06
  141 W    1  2 -1 -2 -2 -1 -1 -2 -1 -1  1  0  0  0 -2  0 -1  5  2 -1   19  19   3   0   0   0   1   0   0   0  22   2   3   1   0  10   0  11   8   0  0.22 0.07
  142 S    1 -3 -2 -2 -3 -2 -2  0 -3 -3 -3 -2 -3 -2  7  1 -1 -4 -3 -3   14   0   1   0   0   0   1   5   0   0   0   0   0   2  64  13   1   0   0   0  1.31 0.14
  143 I   -2 -4 -4 -4 -2 -4 -4 -5 -4  7  1 -4  1 -1 -4 -4 -2 -4 -2  2    0   0   0   0   0   0   0   0   0  99   1   0   1   0   0   0   0   0   0   0  1.09 0.19
  144 H   -3 -2 -1 -3 -5 -1 -2 -4 10 -5 -4 -2 -3 -3 -3 -2 -3 -4  1 -5    0   0   0   0   0   0   0   0  99   0   0   0   0   0   0   0   0   0   1   0  2.13 0.26
  145 R    2  5  0 -2 -3  3  0 -2 -1 -3 -3  1 -2 -4 -2 -1 -1 -3 -2 -2   29  44   2   0   0  19   0   1   0   0   0   3   0   0   0   0   1   0   0   0  0.53 0.11
  146 E   -1 -1 -1  3 -4  0  4 -2 -1 -4 -3  0 -3 -4  4  0 -1 -4 -3 -3    4   0   1  19   0   1  42   1   0   0   1   3   0   0  23   4   0   0   0   0  0.67 0.10
  147 A    5 -2 -3 -3 -2 -2 -2 -1 -3 -2 -3 -2 -2 -3  3  0 -1 -4 -3 -1   82   0   0   0   0   0   0   1   0   0   0   0   0   0  14   1   1   0   0   0  0.78 0.15
  148 P   -2 -3 -3 -3 -4 -3 -2 -4 -4 -4 -4 -2 -4 -5  8 -2 -2 -5 -4 -4    0   0   0   0   0   0   0   0   0   0   0   0   0   0  99   1   0   0   0   0  2.53 0.23
  149 E    1 -1  0  1 -2  0  3 -2 -1 -2 -2  0 -2 -3  1  2  1 -3 -2 -2   19   1   1   4   0   0  28   0   0   0   4   5   0   0   8  20   8   0   0   1  0.29 0.06
  150 F   -3 -4 -4 -5 -3 -4 -4 -4 -2 -1  1 -4 -1  7 -5 -3 -3  0  4 -2    0   0   0   0   0   0   0   0   0   0  10   0   0  77   0   0   0   0  13   0  1.22 0.17
  151 T    0 -2 -2  0 -2 -1  1 -3 -2  2 -1 -1  1 -2 -2  0  2 -3 -2  3    8   0   0   6   0   1  14   0   0  10   0   0   3   0   0   2  18   0   0  38  0.20 0.07
  152 E   -2 -1  0  5 -5  1  5 -3 -1 -4 -4 -1 -3 -4 -2 -1 -2 -4 -3 -4    1   0   1  36   0   2  60   0   0   0   0   0   0   0   0   0   0   0   0   0  0.99 0.15
  153 Q   -2 -1 -2 -2 -4  7  0 -3 -1 -2  0  0  4 -3 -3 -2 -1 -3 -2 -2    0   0   0   0   0  74   0   0   0   0   7   0  18   0   0   0   1   0   0   0  0.95 0.19
  154 S    1 -1  1  0 -2 -1  1  0 -2 -3 -3  0 -2 -3 -2  4  0 -4 -3 -2   14   1   4   4   0   0   8   5   0   0   0   2   0   0   0  59   2   0   0   0  0.46 0.11
  155 T    0 -2 -1 -2 -2 -2 -2 -2 -3  0 -2 -1 -1 -3  0  1  5 -4 -2  2    3   0   1   0   0   0   0   2   0   1   0   1   0   0   4   3  67   0   0  19  0.58 0.14
  156 E    1  0  0  1 -3  1  4 -1 -1 -3 -3  1 -2 -3 -2  1  1 -3 -2 -2   10   2   2   6   0   3  40   3   0   1   0   9   0   0   0  17   7   0   0   2  0.37 0.07
  157 Q    2 -1 -1 -1 -2  3  0 -1 -1 -1 -2 -1 -1 -3  1  1  1 -3 -2  0   30   1   1   2   0  25   3   0   0   2   0   0   1   0   6  12  11   0   0   6  0.27 0.07
  158 E   -1 -1  0  0 -3  3  5 -3 -1 -4 -4  0 -3 -4 -2  0 -1 -4 -3 -3    4   1   2   1   0  13  71   0   1   0   0   0   0   0   0   6   1   0   0   0  0.84 0.14
  159 I   -2 -3 -4 -4 -2 -2 -4 -4 -4  5  1 -3  1 -1 -3 -3 -1 -3 -2  3    1   0   0   0   0   2   0   0   0  67   5   0   3   1   1   1   0   0   0  20  0.63 0.12
  160 L   -2 -3 -4 -5 -2 -3 -4 -5 -4  1  5 -3  1  2 -4 -3 -2 -2 -1  0    0   0   0   0   0   0   0   0   0   1  91   0   0   8   0   0   0   0   0   0  0.84 0.15
  161 V   -1 -2 -2 -1 -2  0  4 -3 -2  1 -1 -1 -1 -2 -2 -1  0 -4 -2  4    2   0   0   0   0   1  38   0   0   5   0   0   0   0   1   0   3   0   0  50  0.42 0.12
  162 T   -1 -2 -1 -2 -2 -2 -2 -3 -3 -2 -2 -2 -2 -3 -2  0  7 -4 -3 -1    0   0   0   0   0   0   0   0   0   0   0   0   0   0   0   0 100   0   0   0  1.22 0.22
  163 G   -1 -3 -2 -2 -4 -3 -3  7 -3 -5 -5 -3 -4 -4 -3 -1 -3 -4 -4 -4    0   0   0   0   0   0   0 100   0   0   0   0   0   0   0   0   0   0   0   0  1.61 0.19
  164 I   -2 -4 -4 -4 -2 -4 -4 -5 -4  6  1 -4  0 -1 -4 -4 -2 -4 -2  2    0   0   0   0   0   0   0   0   0  98   1   0   0   0   0   0   0   0   0   1  1.09 0.19
  165 K   -2  1 -1 -2 -4  0  0 -3 -2 -4 -4  7 -3 -4 -2 -1 -2 -4 -3 -4    0   0   0   0   0   0   0   0   0   0   0 100   0   0   0   0   0   0   0   0  1.22 0.20
  166 V   -1 -4 -4 -4 -2 -3 -4 -4 -4  2  0 -3  0 -2 -4 -3 -1 -3 -2  6    0   0   0   0   0   0   0   0   0   1   0   0   0   0   0   0   0   0   0  99  0.99 0.19
  167 V   -1 -4 -4 -4 -2 -3 -4 -4 -4  4  0 -3  0 -2 -3 -3 -1 -4 -2  5    0   0   0   0   0   0   0   0   0  28   1   0   0   0   0   0   0   0   0  71  0.76 0.14
  168 D   -3 -3  0  7 -5 -2  0 -3 -2 -4 -5 -2 -4 -5 -3 -1 -2 -6 -4 -4    0   0   0 100   0   0   0   0   0   0   0   0   0   0   0   0   0   0   0   0  1.66 0.21
  169 L   -2 -3 -4 -5 -2 -3 -4 -5 -4  1  5 -4  1 -1 -4 -4 -2 -3 -2  0    0   0   0   0   0   0   0   0   0   0  99   0   1   0   0   0   0   0   0   0  0.96 0.16
  170 L   -2 -3 -4 -5 -2 -3 -4 -5 -4  2  5 -3  2  0 -4 -3 -2 -3 -2  0    0   0   0   0   0   0   0   0   0  11  88   0   1   0   0   0   0   0   0   0  0.81 0.14
  171 A    5 -2 -2 -3  2 -2 -1 -1 -3 -1 -2 -2 -2 -3 -2  0  0 -4 -3  0   83   0   0   0   5   0   2   1   0   3   0   0   0   0   0   2   2   0   0   3  0.67 0.14
  172 P   -2 -4 -3 -3 -4 -3 -2 -4 -4 -4 -4 -2 -4 -5  8 -2 -2 -5 -4 -4    1   0   0   0   0   0   0   0   0   0   0   0   0   0  99   0   0   0   0   0  2.55 0.23
  173 Y   -3 -3 -4 -5 -4 -3 -3 -4  0 -3 -2 -3 -2  3 -4 -3 -3  1  8 -3    0   0   0   0   0   0   0   0   0   0   0   0   0   6   0   0   0   0  94   0  1.80 0.23
  174 Q    4 -1 -2 -2 -1  1 -1 -1 -2 -1 -1 -1 -1 -3  1  1  1 -3 -2  0   55   2   0   0   1   9   0   0   0   1   6   0   0   0   6   9   6   0   0   5  0.32 0.09
  175 R   -2  4 -1 -2 -4  0  0 -3 -2 -4 -3  5 -2 -4 -2 -1 -2 -4 -3 -3    0  31   0   0   0   0   0   0   0   0   0  69   0   0   0   0   0   0   0   0  0.96 0.16
  176 G   -1 -3 -2 -2 -4 -3 -3  7 -3 -5 -5 -3 -4 -4 -3 -1 -3 -4 -4 -4    0   0   0   0   0   0   0 100   0   0   0   0   0   0   0   0   0   0   0   0  1.61 0.19
  177 G   -1 -3 -2 -2 -4 -3 -3  7 -3 -5 -5 -3 -4 -4 -3 -1 -3 -4 -4 -4    0   0   0   0   0   0   0 100   0   0   0   0   0   0   0   0   0   0   0   0  1.61 0.19
  178 K   -2  1 -1 -2 -4  0  0 -3 -2 -4 -4  7 -3 -4 -2 -1 -2 -4 -3 -4    0   0   1   0   0   0   0   0   0   0   0  99   0   0   0   0   0   0   0   0  1.20 0.20
  179 I   -2 -4 -4 -4 -2 -4 -4 -5 -4  6  1 -4  2 -1 -4 -3  0 -4 -2  2    0   0   0   0   0   0   0   0   0  86   0   0   5   0   0   0   4   0   0   5  0.86 0.16
  180 G   -1 -3 -2 -2 -4 -3 -3  7 -3 -5 -5 -3 -4 -4 -3 -1 -3 -4 -4 -4    1   0   0   0   0   0   0  99   0   0   0   0   0   0   0   0   0   0   0   0  1.59 0.18
  181 L   -2 -3 -4 -5 -2 -3 -4 -5 -4  1  5 -3  1 -1 -4 -3 -2 -3 -2  0    0   0   0   0   0   0   0   0   0   0  98   0   1   0   0   0   0   0   0   0  0.94 0.16
  182 F   -4 -4 -4 -5 -4 -5 -5 -4 -3 -1 -1 -4 -1  8 -5 -4 -3  0  2 -2    0   0   0   0   0   0   0   0   0   0   0   0   0 100   0   0   0   0   0   0  1.68 0.22
  183 G   -1 -3 -2 -2 -4 -3 -3  7 -3 -5 -5 -3 -4 -4 -3 -1 -3 -4 -4 -4    0   0   0   0   0   0   0 100   0   0   0   0   0   0   0   0   0   0   0   0  1.61 0.19
  184 G   -1 -3 -2 -2 -4 -3 -3  7 -3 -5 -5 -3 -4 -4 -3 -1 -3 -4 -4 -4    0   0   0   0   0   0   0 100   0   0   0   0   0   0   0   0   0   0   0   0  1.61 0.19
  185 A    6 -3 -3 -2 -2 -2 -2 -1 -3 -2 -3 -2 -2 -3 -2  0 -1 -4 -3 -1   99   0   0   1   0   0   0   0   0   0   0   0   0   0   0   0   0   0   0   0  0.96 0.18
  186 G   -1 -3 -2 -2 -4 -3 -3  7 -3 -5 -5 -3 -4 -4 -3 -1 -3 -1 -4 -4    0   0   0   0   0   0   0  99   0   0   0   0   0   0   0   0   0   1   0   0  1.58 0.18
  187 V   -1 -4 -4 -4 -1 -3 -4 -4 -4  2  0 -3  0 -2 -4 -3 -1 -4 -2  6    0   0   0   0   1   0   0   0   0   0   0   0   0   0   0   0   0   0   0  99  0.98 0.18
  188 G   -1 -3 -2 -2 -4 -3 -3  7 -3 -5 -5 -3 -4 -4 -3 -1 -3 -4 -4 -4    0   0   0   0   0   0   0 100   0   0   0   0   0   0   0   0   0   0   0   0  1.61 0.19
  189 K   -2  1 -1 -2 -4  0  0 -3 -2 -4 -4  7 -3 -4 -2 -1 -2 -4 -3 -4    0   0   1   0   0   0   0   0   0   0   0  99   0   0   0   0   0   0   0   0  1.19 0.20
  190 T   -1 -2 -1 -2 -2 -2 -2 -3 -3 -2 -2 -2 -2 -3 -2  0  7 -4 -3 -1    0   0   0   0   0   0   0   0   0   0   0   0   0   0   0   0 100   0   0   0  1.22 0.22
  191 V   -1 -4 -4 -4 -2 -3 -4 -4 -4  2  0 -3  0 -2 -4 -3 -1 -4 -2  6    0   0   0   0   0   0   0   0   0   0   0   0   1   0   0   0   0   0   0  99  0.99 0.19
  192 L   -2 -3 -4 -4 -2 -3 -4 -4 -3  2  4 -3  1  2 -4 -3 -1 -2 -1  1    0   0   0   0   0   0   0   0   0   9  71   0   0  12   0   0   3   0   0   5  0.59 0.11
  193 I   -2 -4 -4 -4 -2 -4 -4 -5 -4  6  1 -4  2 -1 -4 -3 -2 -4 -2  2    0   0   0   0   0   0   0   0   0  89   6   0   4   0   0   0   0   0   0   1  0.93 0.17
  194 M   -2 -2 -3 -3 -3  4 -1 -4 -2 -1  0 -2  8 -2 -3 -2 -2 -3 -2 -1    0   0   0   0   0  29   0   0   0   0   0   0  70   0   0   0   0   0   0   0  1.06 0.21
  195 E   -2 -1 -1  0 -5  1  7 -3 -1 -5 -4  0 -3 -5 -2 -1 -2 -4 -3 -4    0   0   0   0   0   0 100   0   0   0   0   0   0   0   0   0   0   0   0   0  1.39 0.21
  196 L   -2 -3 -4 -5 -2 -3 -4 -5 -4  1  5 -3  2 -1 -4 -3 -2 -3 -2  0    0   0   0   0   0   0   0   0   0   0  96   0   4   0   0   0   0   0   0   0  0.92 0.16
  197 I   -2 -4 -4 -4 -2 -4 -4 -5 -4  6  1 -4  0 -1 -4 -4 -2 -4 -2  2    0   0   0   0   0   0   0   0   0  98   0   0   0   0   0   0   0   0   0   2  1.09 0.19
  198 N   -3  0  7  0 -4 -1 -1 -2  2 -5 -5 -1 -3 -4 -3 -1 -1 -5 -3 -4    0   4  91   0   0   0   0   0   5   0   0   0   0   0   0   0   0   0   0   0  1.34 0.20
  199 N   -3 -2  8  0 -4 -1 -2 -2 -1 -5 -5 -1 -4 -4 -3 -1 -1 -5 -3 -4    0   0 100   0   0   0   0   0   0   0   0   0   0   0   0   0   0   0   0   0  1.58 0.23
  200 V   -2 -4 -4 -4 -2 -3 -4 -4 -4  5  0 -3  0 -1 -4 -3 -1 -4 -2  4    0   0   0   0   0   0   0   0   0  54   0   0   0   0   0   0   0   0   0  46  0.75 0.14
  201 A    6 -3 -3 -3 -1 -2 -2 -1 -3 -2 -3 -2 -2 -3 -2  0 -1 -4 -3 -1   99   0   0   0   0   0   0   1   0   0   0   0   0   0   0   0   0   0   0   0  0.97 0.18
  202 K   -2  1  0 -2 -4  0  0 -3 -1 -3 -3  6  0 -3 -2 -1  0 -4 -2 -3    0   1   2   0   0   1   0   0   0   0   1  81   4   1   0   1   6   0   1   1  0.78 0.16
  203 A    4 -1 -1 -2 -2  1  1  1  0 -2 -2  0 -2 -3 -2  0 -1 -3 -2  0   58   1   2   0   0   8   8   7   2   0   1   5   0   0   0   2   1   0   0   5  0.34 0.09
  204 H   -3 -1 -1 -3 -5 -1 -2 -4 10 -5 -4 -2 -3 -2 -4 -2 -3 -4  1 -5    0   1   0   0   0   0   0   0  96   0   0   0   0   1   0   0   0   0   2   0  2.01 0.25
  205 G   -1 -3 -1 -2 -3 -3 -3  6 -3 -5 -5 -2 -4 -4 -3  0 -2 -4 -4 -4    0   0   0   0   0   0   0  92   0   0   0   1   0   0   0   7   0   0   0   0  1.38 0.17
  206 G   -1 -3 -1 -2 -4 -3 -3  7 -3 -5 -5 -3 -4 -4 -3 -1 -3 -4 -4 -4    0   0   0   0   0   0   0  99   0   0   0   0   0   0   0   0   0   0   0   0  1.58 0.18
  207 F   -3 -3 -3 -4 -2 -3 -3 -4  0  0  0 -3 -1  4 -4 -3 -2  1  7  0    0   0   0   0   0   0   0   0   0   6   5   1   0  23   0   0   1   0  56   6  0.92 0.14
  208 S    0 -2 -1 -1 -2 -1 -1 -1 -2 -4 -4 -1 -3 -4 -2  6  0 -4 -3 -3    1   0   0   0   0   0   0   0   0   0   0   0   0   0   0  98   1   0   0   0  1.04 0.20
  209 V   -1 -4 -4 -4 -1 -3 -4 -4 -4  2  0 -3  0 -2 -4 -3 -1 -4 -2  6    0   0   0   0   0   0   0   0   0   4   0   0   0   0   0   0   0   0   0  96  0.94 0.18
  210 F   -4 -4 -4 -5 -4 -5 -5 -4 -3 -1  0 -4 -1  8 -5 -4 -3  0  2 -2    0   0   0   0   0   0   0   0   0   0   2   0   0  98   0   0   0   0   0   0  1.64 0.22
  211 A    5 -2 -2 -3  2 -2 -2 -1 -3 -2 -2 -2 -2 -3 -2  1  2 -3 -3 -1   75   0   0   0   6   0   0   1   0   0   0   0   0   0   0   3  13   0   0   2  0.61 0.14
  212 G   -1 -3 -2 -2 -4 -3 -3  7 -3 -5 -5 -3 -4 -4 -3 -1 -3 -4 -4 -4    0   0   0   0   0   0   0 100   0   0   0   0   0   0   0   0   0   0   0   0  1.61 0.19
  213 V   -1 -4 -4 -4 -2 -3 -4 -4 -4  2  0 -3  0 -2 -3 -3 -1 -4 -2  6    2   0   0   0   0   0   0   0   0   0   0   0   0   0   0   0   0   0   0  98  0.96 0.18
  214 G   -1 -3 -2 -2 -4 -3 -3  7 -3 -5 -5 -3 -4 -4 -3 -1 -3 -4 -4 -4    0   0   0   0   0   0   0 100   0   0   0   0   0   0   0   0   0   0   0   0  1.61 0.19
  215 E   -2 -1 -1  0 -5  1  7 -3 -1 -4 -4  0 -3 -4 -2 -1 -2 -4 -3 -4    0   0   0   0   0   0  99   0   0   0   0   0   0   0   0   0   0   0   0   0  1.37 0.21
  216 R   -3  7 -2 -3 -5  0 -1 -4 -1 -4 -3  1 -3 -4 -3 -2 -2 -4 -3 -4    0  99   0   0   0   0   0   0   0   0   0   0   0   0   0   0   0   0   0   0  1.50 0.21
  217 T   -1 -2 -1 -2 -2 -2 -2 -3 -3 -2 -2 -2 -2 -3 -2  0  7 -4 -3 -1    1   0   0   0   0   0   0   0   0   0   0   0   0   0   0   0  98   0   0   0  1.16 0.21
  218 R   -3  7 -2 -3 -5  0 -1 -4 -1 -4 -3  1 -3 -4 -3 -2 -2 -4 -3 -4    0  99   0   0   0   0   0   0   0   0   0   0   0   0   1   0   0   0   0   0  1.48 0.21
  219 E   -2 -1 -1  0 -5  1  7 -3 -1 -4 -4  0 -3 -4 -2 -1 -2 -4 -3 -4    0   0   0   0   0   0  99   0   0   0   0   0   0   0   0   0   0   0   0   0  1.37 0.21
  220 G   -1 -3 -1 -2 -4 -3 -3  7 -3 -5 -5 -3 -4 -4 -3 -1 -3 -4 -4 -4    0   0   0   0   0   0   0  99   0   0   0   0   0   0   0   1   0   0   0   0  1.57 0.18
  221 N   -3 -1  8  0 -4 -1 -2 -2 -1 -5 -5 -1 -3 -4 -3 -1 -1 -5 -3 -4    0   1  99   0   0   0   0   0   0   0   0   0   0   0   0   0   0   0   0   0  1.54 0.22
  222 D   -3 -3  0  7 -5 -1  1 -3 -2 -4 -5 -2 -4 -5 -3 -1 -2 -6 -4 -4    0   0   0  98   0   0   2   0   0   0   0   0   0   0   0   0   0   0   0   0  1.61 0.21
  223 L   -3 -3 -5 -5 -2 -3 -4 -5 -4  1  5 -4  1 -1 -4 -4 -2 -3 -2  0    0   0   0   0   0   0   0   0   0   0 100   0   0   0   0   0   0   0   0   0  0.97 0.16
  224 Y   -3 -3 -4 -5 -4 -3 -3 -4  0 -3 -2 -3 -2  2 -4 -3 -3  5  8 -3    0   0   0   0   0   0   0   0   0   0   1   0   0   0   0   0   0   7  92   0  1.77 0.23
  225 R   -3  1  1 -2 -4 -1 -1 -2  8 -4 -3 -1 -2 -1 -2 -2 -2  1  2 -4    0  10   8   0   0   0   2   1  63   0   2   2   1   1   1   1   0   2   6   0  0.99 0.16
  226 E   -2 -1 -1  0 -5  1  7 -3 -1 -4 -4  0 -3 -4 -2 -1 -2 -4 -3 -4    0   0   0   0   0   1  98   0   0   0   0   0   0   0   0   0   0   0   0   0  1.35 0.21
  227 M   -2 -3 -3 -5 -3 -2 -4 -4 -3  0  1 -3  9  1 -4 -3 -2 -3 -2 -1    0   0   1   0   0   0   0   0   0   0   0   0  93   5   0   0   0   0   0   0  1.47 0.25
  228 I   -2 -1 -2 -2 -2  1 -2 -4 -2  4  1  1  2 -1 -3 -2  0 -3 -2  1    0   1   0   1   0   9   0   0   0  59   3  15   5   0   0   0   3   0   0   2  0.35 0.11
  229 E   -1 -1 -1  2 -4  1  6 -3 -1 -3 -4  0 -2 -4 -2 -1  0 -4 -3 -3    3   0   0  10   0   1  75   0   0   1   0   0   1   0   0   0   8   0   0   1  0.87 0.15
  230 S    1 -2 -1 -1 -2 -1 -1  1 -2 -2 -3 -1 -2 -3 -2  4  3 -4 -3 -2   10   0   0   0   0   0   0   7   0   1   0   0   0   0   0  62  21   0   0   0  0.57 0.13
  231 G   -1 -1  1 -1 -3 -2 -2  6 -2 -4 -4  1 -3 -4 -3 -1 -2 -4 -4 -4    0   3   6   1   0   0   1  76   0   0   1  10   0   0   0   2   0   0   0   0  0.97 0.13
  232 V   -1 -4 -4 -4 -2 -3 -4 -4 -4  2  0 -3  0 -2 -4 -3 -1 -4 -2  6    0   0   0   0   0   0   0   0   0   1   0   0   0   0   0   0   0   0   0  98  0.98 0.18
  233 I   -2 -3  1 -3 -2 -3 -4 -4 -3  5  1 -3  0 -1 -4 -3 -2 -4 -2  2    0   0  11   0   0   0   0   0   0  76  11   0   0   0   0   0   0   0   0   2  0.66 0.14
  234 K   -1  0  3  2 -3  1  1 -1 -1 -3 -3  3 -2 -3 -2  1  0 -3 -2 -2    3   1  20  16   0   7   6   1   0   0   1  28   0   0   0  12   1   0   0   2  0.35 0.07
  235 L   -1 -1  0 -1 -1 -1 -1 -2 -1  1  3  0  1 -1 -1 -1  0 -2 -1  0    3   2   8   3   0   1   3   2   2   6  49   5   1   1   2   2   4   0   1   4  0.13 0.04
  236 G    0  0  1  1 -2  0  1  1 -1 -2 -2  2 -1 -2  2  0  0 -2 -1 -1    4   2  10   8   1   2   6  15   1   2   3  22   1   1   9   3   5   1   1   3  0.15 0.02
  237 D    0 -1  1  3 -1  0  1  2 -1 -2 -2  0 -2 -2 -1  0 -1 -1 -2 -2    6   2   4  31   1   2  10  17   1   2   4   6   1   1   2   3   2   1   1   2  0.23 0.03
  238 K    0  0  2  3 -2  0  1  0  0 -2 -2  1 -1 -2  0  1  0 -2 -1 -2    4   2  12  22   1   3   5   7   2   2   4  13   1   1   4  10   3   1   1   2  0.17 0.02
  239 R    0  0  0  1 -1  1  1  0  0 -1  0  0 -1 -1  0  0  0 -1 -1 -1    6   3   3   9   1   8  15   6   1   2  11   4   1   3   4   6   9   1   1   3  0.08 0.01
  240 G    1 -1  0  0 -1  0  1  3 -1 -2 -2  0 -1 -2  1  1  0 -2 -1 -1   10   2   4   4   1   2  11  28   1   2   4   3   1   1   6  10   6   1   1   4  0.17 0.02
  241 E    0 -1  1  1 -2  0  2  2 -1 -2 -2  1 -2 -2 -1  1  1 -2 -2 -2    2   1   4  10   0   1  20  21   1   1   2   8   1   1   1   8  15   0   1   2  0.21 0.03
  242 S    0 -1  0 -1 -2 -1 -1 -1 -2 -3 -3 -1 -2 -3 -1  5  0 -3 -2 -2    2   1   1   1   0   1   1   2   0   1   1   1   0   1   2  84   1   0   0   1  0.70 0.14
  243 K   -2  2 -1 -2 -4  1  0 -3 -2 -4 -4  6 -2 -4 -2 -1 -2 -4 -3 -3    0   4   1   0   0   3   0   0   0   0   0  92   0   0   0   0   0   0   0   0  1.07 0.18
  244 C    2 -3 -3 -3  5 -3 -3 -3 -3  1 -1 -3  0 -2 -3 -1  1 -3 -2  4   19   0   0   0  20   0   0   0   0   3   0   0   1   0   0   0  11   0   0  46  0.45 0.11
  245 T    5 -2 -2 -3 -1 -2 -2 -1 -3 -2 -2 -2 -2 -3 -2  1  0 -4 -3  0   81   0   0   0   0   0   0   0   0   1   0   0   0   0   0  11   3   0   0   4  0.67 0.14
  246 L   -2 -3 -4 -5 -2 -3 -4 -5 -4  1  5 -3  2  0 -4 -3 -2 -3 -2  0    0   0   0   0   0   0   0   0   0   0  96   0   3   1   0   0   0   0   0   0  0.92 0.16
  247 V   -1 -4 -4 -4  0 -3 -4 -4 -4  2  0 -3  0 -2 -3 -3 -1 -4 -2  6    0   0   0   0   1   0   0   0   0   5   0   0   0   0   0   0   0   0   0  94  0.90 0.17
  248 Y   -3 -3 -4 -4 -4 -3 -4 -4  0 -2 -2 -3 -2  5 -4 -3 -3  1  8 -2    0   0   0   0   0   0   0   0   0   0   0   0   0  24   0   0   0   0  76   0  1.51 0.20
  249 G   -1 -3 -2 -2 -4 -3 -3  7 -3 -5 -5 -3 -4 -4 -3 -1 -3 -4 -4 -4    0   0   0   0   0   0   0 100   0   0   0   0   0   0   0   0   0   0   0   0  1.61 0.19
  250 Q   -2  0 -1 -2 -4  8  1 -3 -1 -4 -4  0 -2 -5 -3 -1 -2 -3 -3 -4    0   0   0   0   0 100   0   0   0   0   0   0   0   0   0   0   0   0   0   0  1.55 0.25
  251 M   -2 -3 -4 -5 -3 -2 -4 -4 -3  0  1 -3  9 -1 -4 -3 -2 -3 -2 -1    0   0   0   0   0   0   0   0   0   0   0   0 100   0   0   0   0   0   0   0  1.68 0.27
  252 N   -3 -2  8  0 -4 -1 -2 -2 -1 -5 -5 -1 -3 -4 -3 -1 -1 -5 -3 -4    0   0  98   0   0   0   0   0   0   0   0   0   0   0   0   0   2   0   0   0  1.52 0.22
  253 E   -2 -1 -1  0 -5  1  7 -2 -1 -5 -4  0 -3 -5 -2 -1 -2 -4 -3 -4    0   0   0   0   0   0  99   1   0   0   0   0   0   0   0   0   0   0   0   0  1.35 0.21
  254 P   -2 -3 -3 -3 -4 -3 -2 -4 -4 -4 -4 -2 -4 -5  8 -2 -2 -5 -4 -4    0   0   0   0   0   0   0   0   0   0   0   0   0   0  99   1   0   0   0   0  2.55 0.23
  255 P   -2 -4 -3 -3 -4 -3 -2 -4 -4 -4 -4 -2 -4 -5  8 -2 -2 -5 -4 -4    0   0   0   0   0   0   0   0   0   0   0   0   0   0 100   0   0   0   0   0  2.58 0.24
  256 G   -1 -3 -2 -2 -4 -3 -3  7 -3 -5 -5 -3 -4 -4 -3 -1 -3 -4 -4 -4    0   0   0   0   0   0   0 100   0   0   0   0   0   0   0   0   0   0   0   0  1.61 0.19
  257 A    6 -3 -3 -3 -1 -2 -2 -1 -3 -2 -3 -2 -2 -3 -2  0 -1 -4 -3 -1   98   0   0   0   1   0   0   0   0   0   0   0   0   0   0   1   0   0   0   0  0.94 0.18
  258 R   -3  7 -2 -3 -5  0 -1 -4 -1 -4 -3  1 -3 -4 -3 -2 -2 -4 -3 -4    0 100   0   0   0   0   0   0   0   0   0   0   0   0   0   0   0   0   0   0  1.53 0.21
  259 A    5 -2 -2 -3 -1 -1 -2 -1 -2 -2 -1 -2  3 -3 -2  1 -1 -3 -3 -1   77   0   1   0   0   0   0   0   0   0   4   0  13   0   0   5   0   0   0   0  0.60 0.14
  260 R   -3  7 -2 -3 -2  0 -1 -4 -1 -4 -3  1 -3 -4 -3 -2 -2 -4 -3 -4    0  99   0   0   1   0   0   0   0   0   0   0   0   0   0   0   0   0   0   0  1.49 0.21
  261 V   -1 -4 -4 -4 -2 -3 -4 -4 -4  2  0 -3  0 -2 -4 -3 -1 -4 -2  6    0   0   0   0   0   0   0   0   0   4   0   0   0   0   0   0   0   0   0  96  0.94 0.18
  262 A    5 -3 -2 -3  0 -2 -2  2 -3 -2 -3 -2 -2 -3 -2  0 -1 -4 -3 -1   77   0   0   0   2   0   0  19   0   0   0   0   0   0   0   0   0   0   0   2  0.70 0.14
  263 L   -3 -3 -5 -5 -2 -3 -4 -5 -4  1  5 -4  1 -1 -4 -4 -2 -3 -2  0    0   0   0   0   0   0   0   0   0   0 100   0   0   0   0   0   0   0   0   0  0.97 0.16
  264 T   -1 -2 -1 -2 -2 -2 -2 -2 -3 -2 -2 -2 -2 -3 -2  2  6 -4 -3 -1    1   0   0   0   0   0   0   0   0   0   0   0   0   0   0  17  82   0   0   0  0.93 0.18
  265 G    1 -3 -2 -2 -3 -3 -3  6 -3 -5 -5 -3 -4 -4 -3 -1 -2 -4 -4 -4    8   0   0   0   0   0   0  92   0   0   0   0   0   0   0   0   0   0   0   0  1.41 0.17
  266 L   -2 -3 -4 -5 -2 -3 -4 -5 -4  1  5 -4  1 -1 -4 -4 -2 -3 -2  0    0   0   0   0   0   0   0   0   0   0  99   0   0   0   0   0   0   0   0   1  0.95 0.16
  267 T    0 -2 -1 -2 -1 -2 -2 -3 -3 -2 -2 -2 -2 -3 -2  1  6 -4 -3 -1    6   0   0   0   1   0   0   0   0   0   0   0   0   0   0   3  90   0   0   0  0.99 0.19
  268 V   -1 -3 -3 -4  0 -1 -3 -4 -3  3  1 -3  3 -1 -3 -2 -1 -3 -2  4    2   0   0   0   2   3   0   0   0  22   6   0  16   0   0   0   0   0   0  49  0.47 0.10
  269 A    6 -3 -3 -3 -1 -2 -2 -1 -3 -2 -3 -2 -2 -3 -2  0 -1 -4 -3 -1   99   0   0   0   0   0   0   0   0   0   0   0   0   0   0   0   0   0   0   0  0.97 0.18
  270 E   -2 -1 -1  0 -5  1  7 -3 -1 -4 -4  0 -3 -5 -2 -1 -2 -4 -3 -4    0   0   0   0   0   0 100   0   0   0   0   0   0   0   0   0   0   0   0   0  1.38 0.21
  271 Y   -3 -2 -1 -2 -4  0 -2 -4  4 -3 -2 -2 -2  2 -4 -1 -2  1  8 -3    0   0   2   2   0   5   0   0  11   0   0   0   0   1   0   4   0   0  74   0  1.18 0.18
  272 F   -3 -4 -4 -5 -4 -4 -4 -4 -2 -1 -1 -4 -1  8 -5 -4 -3  0  2 -2    0   0   0   0   0   0   0   0   0   0   0   0   0  98   0   0   0   0   1   0  1.63 0.21
  273 R   -3  7 -2 -3 -4  0 -1 -4 -1 -4 -3  1 -3 -4 -3 -2 -2 -4 -3 -4    0  99   0   0   0   0   0   0   0   0   0   0   0   0   0   0   0   0   0   0  1.48 0.21
  274 D   -3 -3  0  7 -5 -1  0 -2 -2 -4 -5 -2 -4 -5 -3 -1 -2 -5 -4 -4    0   0   1  98   0   0   0   0   0   0   0   0   0   0   0   0   0   0   0   0  1.58 0.20
  275 V    0  0 -1  0 -3  3  3 -2  0 -1 -2  0  0 -2 -2 -1 -1 -3 -2  0    8   1   0   3   0  25  35   0   1   2   1   3   2   1   0   1   1   0   1  13  0.34 0.08
  276 E   -1 -1  0  1 -4  2  5 -2 -1 -3 -3  1 -1 -4 -2  0 -1 -3 -3 -3    1   1   2   3   0   5  72   1   0   0   1   4   2   0   0   5   2   0   0   0  0.77 0.13
  277 G   -1 -3  1 -2 -4 -2 -3  6  0 -5 -5 -1 -4 -4 -3 -1 -2 -4 -4 -4    0   0   6   0   0   0   0  88   2   0   0   3   0   0   0   0   0   0   0   0  1.27 0.16
  278 Q   -2  0 -1 -1 -4  7  1 -3 -1 -4 -2  1 -1 -4 -2 -1 -1 -3 -3 -3    1   2   0   0   0  83   2   0   0   0   2   5   0   0   0   1   3   0   0   0  1.09 0.19
  279 D   -3 -3  0  7 -5 -1  0 -3 -2 -4 -5 -2 -4 -5 -3 -1 -2 -5 -3 -4    0   0   0  98   0   0   0   0   0   0   0   0   0   0   0   0   0   0   1   0  1.58 0.20
  280 V   -1 -4 -4 -4 -2 -3 -4 -4 -4  2  0 -3  0 -2 -3 -3 -1 -4 -2  6    0   0   0   0   0   0   0   0   0   0   0   0   1   0   0   0   0   0   0  98  0.96 0.18
  281 L   -2 -3 -4 -5 -2 -3 -4 -5 -4  1  5 -3  1 -1 -4 -3 -2 -3 -2  0    0   0   0   0   0   0   0   0   0   0  99   0   1   0   0   0   0   0   0   0  0.94 0.16
  282 L   -2 -3 -4 -4 -2 -3 -4 -4 -3  0  4 -3  1  4 -4 -3 -2 -1  0  0    0   0   0   0   0   0   0   0   0   0  71   0   1  27   0   0   0   0   0   0  0.72 0.13
  283 F   -3 -4 -4 -5 -4 -4 -4 -4 -2 -1 -1 -4 -1  8 -5 -4 -3  0  2 -2    0   0   0   0   0   0   0   0   0   0   1   0   0  98   0   0   0   0   0   0  1.63 0.21
  284 V   -2 -4 -4 -4 -2 -3 -4 -4 -4  5  1 -3  0 -1 -3 -3 -1 -4 -2  4    0   0   0   0   0   0   0   0   0  56   1   0   0   0   0   0   0   0   0  42  0.72 0.13
  285 D   -3 -3  0  7 -5 -1  0 -2 -2 -4 -5 -2 -4 -5 -3 -1 -2 -5 -4 -4    0   0   0  98   0   0   0   0   0   1   0   0   0   0   0   0   0   0   0   0  1.59 0.20
  286 N   -3 -2  8  0 -4 -1 -1 -2 -1 -4 -5 -1 -3 -4 -3 -1 -1 -5 -3 -4    0   0  98   0   0   0   0   0   0   0   0   1   0   0   0   0   0   0   0   0  1.50 0.22
  287 I   -2 -3 -4 -4 -2 -4 -4 -5 -4  6  1 -4  0 -1 -4 -3 -2 -4 -2  2    0   1   0   0   0   0   0   0   0  97   0   0   0   0   0   0   0   0   0   0  1.03 0.18
  288 F   -3 -4 -4 -5 -4 -4 -4 -4 -2 -1 -1 -4 -1  8 -5 -4 -3  0  2 -2    0   0   0   0   0   0   0   0   0   0   0   0   0  96   0   0   0   0   2   0  1.59 0.21
  289 R   -3  7 -2 -3 -5  0 -1 -3 -1 -4 -3  1 -3 -4 -3 -2 -2 -4 -3 -4    0  97   0   0   0   0   0   0   0   0   0   0   0   0   0   1   0   0   0   0  1.44 0.20
  290 F   -3 -4 -4 -5 -4 -4 -5 -4 -2 -1 -1 -4 -1  8 -5 -4 -3  0  2 -2    0   0   0   0   0   0   0   0   0   0   0   0   0  99   0   0   0   0   0   1  1.64 0.22
  291 T   -1 -2 -1 -2 -2 -2 -2 -3 -3 -1 -2 -2 -2 -3 -2  0  6 -4 -3  0    0   0   0   0   0   0   0   0   0   3   0   0   0   0   0   1  92   0   0   3  1.02 0.19
  292 Q   -2  0 -1 -2 -4  8  1 -3 -1 -4 -4  0 -2 -5 -3 -1 -2 -3 -3 -4    0   0   0   0   0 100   0   0   0   0   0   0   0   0   0   0   0   0   0   0  1.55 0.25
  293 A    6 -3 -3 -3 -1 -2 -2 -1 -3 -2 -3 -2 -2 -3 -2  0 -1 -4 -3 -1   99   0   0   0   0   0   0   0   0   0   0   0   0   0   0   1   0   0   0   0  0.98 0.18
  294 N   -1 -3  1 -2  0 -3 -3  6 -3 -5 -5 -2 -4 -4 -3 -1 -2 -4 -4 -4    0   0   9   0   3   0   0  89   0   0   0   0   0   0   0   0   0   0   0   0  1.32 0.16
  295 S    1 -2 -1 -1 -2 -1 -1 -1 -2 -3 -3 -1 -2 -3 -2  6  0 -4 -3 -3   10   0   0   0   0   0   0   0   0   0   0   0   0   0   0  88   1   0   0   0  0.88 0.18
  296 E   -2 -1 -1  0 -5  1  7 -3 -1 -5 -4  0 -3 -5 -2 -1 -2 -4 -3 -4    0   0   0   0   0   0 100   0   0   0   0   0   0   0   0   0   0   0   0   0  1.39 0.21
  297 V   -1 -4 -4 -4 -2 -3 -4 -4 -4  2  0 -3  1 -2 -3 -3 -1 -4 -2  6    0   0   0   0   0   0   0   0   0   2   0   0   2   0   0   0   1   0   0  94  0.90 0.17
  298 S    0 -2 -1 -1 -2 -1 -1 -1 -2 -4 -4 -1 -3 -4 -2  6  0 -4 -3 -3    0   0   0   0   0   0   0   0   0   0   0   0   0   0   0 100   0   0   0   0  1.07 0.21
  299 A    6 -2 -3 -3 -2 -2 -2 -1 -3 -2 -3 -2 -2 -3 -2  0 -1 -4 -3 -1   98   1   0   0   0   0   0   0   0   0   0   0   0   0   0   0   0   0   0   1  0.94 0.18
  300 L   -3 -3 -5 -5 -2 -3 -4 -5 -4  1  5 -4  1 -1 -4 -4 -2 -3 -2  0    0   0   0   0   0   0   0   0   0   0 100   0   0   0   0   0   0   0   0   0  0.97 0.16
  301 L   -3 -3 -5 -5 -2 -3 -4 -5 -4  1  5 -4  1 -1 -4 -4 -2 -3 -2  0    0   0   0   0   0   0   0   0   0   0 100   0   0   0   0   0   0   0   0   0  0.97 0.16
  302 G   -1 -3 -2 -2 -4 -3 -3  7 -3 -5 -5 -3 -4 -4 -3 -1 -3 -4 -4 -4    0   0   0   0   0   0   0 100   0   0   0   0   0   0   0   0   0   0   0   0  1.61 0.19
  303 R   -3  7 -2 -3 -5  0 -1 -4 -1 -4 -3  1 -3 -4 -3 -2 -2 -4 -3 -4    0 100   0   0   0   0   0   0   0   0   0   0   0   0   0   0   0   0   0   0  1.52 0.21
  304 I   -2 -4 -4 -4 -2 -3 -4 -5 -4  6  1 -4  4 -1 -4 -3 -2 -3 -2  1    0   0   0   0   0   0   0   0   0  83   0   0  17   0   0   0   0   0   0   0  0.91 0.17
  305 P   -2 -4 -3 -3 -4 -3 -2 -4 -4 -4 -4 -2 -4 -5  8 -2 -2 -5 -4 -4    0   0   0   0   0   0   0   0   0   0   0   0   0   0 100   0   0   0   0   0  2.58 0.24
  306 S    0 -2 -1 -1 -2 -1 -1 -1 -2 -4 -4 -1 -3 -4 -2  6  0 -4 -3 -3    0   0   0   0   0   0   0   0   0   0   0   0   0   0   0 100   0   0   0   0  1.07 0.21
  307 A    6 -3 -3 -3 -1 -2 -2 -1 -3 -2 -3 -2 -2 -3 -2  0 -1 -4 -3 -1  100   0   0   0   0   0   0   0   0   0   0   0   0   0   0   0   0   0   0   0  0.98 0.19
  308 V   -1 -4 -4 -4 -2 -3 -4 -4 -4  2  0 -3  0 -2 -4 -3 -1 -4 -2  6    0   0   0   0   0   0   0   0   0   0   0   0   0   0   0   0   0   0   0 100  1.00 0.19
  309 G   -1 -3 -2 -2 -4 -3 -3  7 -3 -5 -5 -3 -4 -4 -3 -1 -3 -4 -4 -4    0   0   0   0   0   0   0 100   0   0   0   0   0   0   0   0   0   0   0   0  1.61 0.19
  310 Y   -3 -3 -4 -5 -4 -3 -3 -5  0 -3 -2 -3 -2  2 -4 -3 -3  1  9 -3    0   0   0   0   0   0   0   0   0   0   0   0   0   0   0   0   0   0 100   0  1.94 0.25
  311 Q   -2  0 -1 -2 -4  8  1 -3 -1 -4 -4  0 -2 -5 -3 -1 -2 -3 -3 -4    0   0   0   0   0 100   0   0   0   0   0   0   0   0   0   0   0   0   0   0  1.55 0.25
  312 P   -2 -3 -3 -3 -4 -3 -2 -3 -4 -4 -4 -2 -4 -5  8 -1 -2 -5 -4 -4    0   0   0   0   0   0   0   0   0   0   0   0   0   0  98   2   0   0   0   0  2.51 0.23
  313 T   -1 -2 -1 -2 -2 -2 -2 -3 -3 -2 -2 -2 -2 -3 -2  0  7 -4 -3 -1    0   0   1   0   0   0   0   0   0   0   0   0   0   0   0   0  99   0   0   0  1.19 0.21
  314 L   -3 -3 -5 -5 -2 -3 -4 -5 -4  1  5 -4  1 -1 -4 -4 -2 -3 -2  0    0   0   0   0   0   0   0   0   0   0 100   0   0   0   0   0   0   0   0   0  0.97 0.16
  315 A    5 -2 -2 -2 -1 -2 -2  1 -3 -3 -3 -2 -2 -3 -1  1 -1 -4 -3 -1   80   0   0   0   0   0   0  10   0   0   0   0   0   0   1   9   1   0   0   0  0.69 0.14
  316 T   -1 -2 -1 -2 -2 -2 -2 -3 -3 -1 -2 -2 -2 -3 -2  0  6 -4 -3  0    1   0   1   0   0   0   0   0   0   2   0   0   0   0   0   2  91   0   0   4  0.99 0.19
  317 D   -3 -2  0  7 -5 -1  3 -3 -1 -4 -5 -1 -4 -5 -2 -1 -2 -5 -4 -4    0   0   0  80   0   0  20   0   1   0   0   0   0   0   0   0   0   0   0   0  1.28 0.17
  318 L   -2 -3 -4 -4 -3 -2 -3 -4 -3  0  2 -3  8 -1 -4 -3 -2 -3 -2  0    0   0   0   0   0   0   0   0   0   0  19   0  77   0   0   0   0   0   0   4  1.13 0.21
  319 G   -1 -3 -2 -2 -4 -3 -3  7 -3 -5 -5 -3 -4 -4 -3 -1 -3 -4 -4 -4    0   0   0   0   0   0   0 100   0   0   0   0   0   0   0   0   0   0   0   0  1.60 0.18
  320 G    2 -1  0 -1 -1  1  0  2 -2 -2 -1 -1 -1 -3 -2  1  2 -3 -2 -1   34   1   3   0   0   8   7  17   0   0   4   1   0   0   0   6  17   0   0   1  0.24 0.06
  321 L   -2 -3 -4 -4 -2 -2 -4 -4 -3  1  4 -3  6  0 -4 -3 -2 -3 -2  0    0   0   0   0   0   0   0   0   0   0  63   0  37   1   0   0   0   0   0   0  0.82 0.15
  322 Q   -2  0 -1 -2 -4  8  1 -3 -1 -4 -3  0 -1 -5 -3 -1 -2 -3 -3 -4    0   0   0   0   0  99   0   0   0   0   0   0   1   0   0   0   0   0   0   0  1.52 0.24
  323 E   -2 -1 -1  0 -5  1  7 -3 -1 -5 -4  0 -3 -5 -2 -1 -2 -4 -3 -4    0   0   0   0   0   1  99   0   0   0   0   0   0   0   0   0   0   0   0   0  1.38 0.21
  324 R   -3  7 -2 -3 -5  0 -1 -4 -1 -4 -3  1 -3 -4 -3 -2 -2 -4 -3 -4    0 100   0   0   0   0   0   0   0   0   0   0   0   0   0   0   0   0   0   0  1.52 0.21
  325 I   -2 -4 -4 -4 -2 -4 -4 -5 -4  7  0 -4  0 -1 -4 -4 -2 -4 -2  2    0   0   0   0   0   0   0   0   0 100   0   0   0   0   0   0   0   0   0   0  1.11 0.19
  326 T   -1 -2 -1 -2 -2 -2 -2 -3 -3 -2 -2 -2 -2 -3 -2  0  7 -4 -3 -1    2   0   0   0   0   0   0   0   0   0   0   0   0   0   0   1  98   0   0   0  1.16 0.21
  327 T    0 -2 -1 -2 -2 -1 -1 -2 -2 -2 -3 -1 -2 -3 -2  4  5 -4 -3 -2    0   0   0   0   0   0   0   0   0   0   0   0   0   0   0  45  55   0   0   0  0.76 0.16
  328 T   -1 -2 -1 -2 -2 -2 -2 -3 -3 -2 -2 -2 -2 -3 -1  0  7 -4 -3 -1    0   0   0   0   0   0   0   0   0   0   0   0   0   0   1   0  98   0   0   0  1.17 0.21
  329 T   -1  2  2 -1 -3  1  0 -2 -1 -3 -2  5 -1 -3 -2  0  1 -4 -3 -2    0   5  10   1   0   4   0   0   1   0   2  60   2   0   0   1  14   0   0   0  0.52 0.12
  330 K   -1  1  1 -1 -4  0  0 -2 -1 -3 -3  6 -2 -4 -2  0  0 -4 -3 -3    2   0   7   0   0   0   3   0   1   0   0  79   0   0   0   3   4   0   0   0  0.77 0.15
  331 G   -1 -3 -2 -2 -4 -3 -3  7 -3 -5 -5 -3 -4 -4 -3 -1 -3 -4 -4 -4    0   0   0   0   0   0   0 100   0   0   0   0   0   0   0   0   0   0   0   0  1.61 0.19
  332 S    0 -2 -1 -1 -2 -1 -1 -1 -2 -4 -4 -1 -3 -4 -2  6  0 -4 -3 -3    1   0   0   0   0   0   0   0   0   0   0   0   0   0   0  99   0   0   0   0  1.06 0.20
  333 I   -2 -4 -4 -4 -2 -4 -4 -5 -4  6  1 -4  0 -1 -4 -3 -2 -4 -2  2    0   0   0   0   0   0   0   0   0  95   0   0   0   0   0   0   0   0   0   5  1.05 0.18
  334 T   -1 -2 -1 -2 -2 -2 -2 -3 -3 -2 -2 -2 -2 -3 -2  0  7 -4 -3 -1    0   0   0   0   0   0   0   0   0   0   0   0   0   0   0   0 100   0   0   0  1.22 0.22
  335 S    0 -2 -1 -1 -2 -1 -1 -1 -2 -4 -4 -1 -3 -4 -1  6  0 -4 -3 -3    1   0   0   0   0   0   0   0   0   0   0   0   0   0   1  97   0   0   0   0  1.01 0.20
  336 V   -1 -4 -4 -4 -2 -3 -4 -3 -4  2  0 -3  0 -2 -3 -3 -1 -4 -2  6    0   0   0   0   0   0   0   1   0   4   0   0   0   0   0   0   0   0   0  94  0.90 0.17
  337 Q   -2  0 -1 -2 -4  8  1 -3 -1 -4 -4  0 -2 -5 -3 -1 -2 -3 -3 -4    0   0   0   0   0 100   0   0   0   0   0   0   0   0   0   0   0   0   0   0  1.55 0.25
  338 A    6 -3 -3 -3  0 -2 -2 -1 -3 -2 -3 -2 -2 -3 -2  0 -1 -4 -3 -1   99   0   0   0   1   0   0   0   0   0   0   0   0   0   0   0   0   0   0   0  0.96 0.18
  339 V   -2 -4 -4 -4 -2 -3 -4 -4 -4  5  0 -3  0 -1 -4 -3 -1 -4 -2  4    0   0   0   0   0   0   0   0   0  55   0   0   0   0   0   0   0   0   0  45  0.75 0.14
  340 Y   -3 -3 -4 -5 -4 -3 -3 -5  0 -3 -2 -3 -2  2 -4 -3 -3  1  9 -3    0   0   0   0   0   0   0   0   0   0   0   0   0   1   0   0   0   0  99   0  1.90 0.25
  341 V   -1 -4 -4 -4 -2 -3 -4 -4 -4  2  0 -3  0 -2 -4 -3 -1 -4 -2  6    0   0   0   0   0   0   0   0   0   0   0   0   0   0   0   0   0   0   0 100  1.00 0.19
  342 P   -2 -4 -3 -3 -4 -3 -2 -4 -4 -4 -4 -2 -4 -5  8 -2 -2 -5 -4 -4    0   0   0   0   0   0   0   0   0   0   0   0   0   0 100   0   0   0   0   0  2.58 0.24
  343 A    6 -3 -3 -3 -1 -2 -2 -1 -3 -2 -3 -2 -2 -3 -2  0 -1 -4 -3 -1  100   0   0   0   0   0   0   0   0   0   0   0   0   0   0   0   0   0   0   0  0.99 0.19
  344 D   -3 -3  0  7 -5 -2  0 -3 -2 -4 -5 -2 -4 -5 -3 -1 -2 -6 -4 -4    0   0   0 100   0   0   0   0   0   0   0   0   0   0   0   0   0   0   0   0  1.66 0.21
  345 D   -3 -3  0  7 -5 -2  0 -3 -2 -4 -5 -2 -4 -5 -3 -1 -2 -6 -4 -4    0   0   0 100   0   0   0   0   0   0   0   0   0   0   0   0   0   0   0   0  1.66 0.21
  346 L   -2 -3 -4 -5 -2 -3 -4 -5 -4  1  5 -3  1  0 -3 -3 -2 -3 -2  0    0   0   0   0   0   0   0   0   0   2  97   0   0   0   0   0   0   0   1   0  0.90 0.16
  347 T   -1 -2 -1 -2 -2 -2 -2 -3 -3 -2 -2 -2 -2 -3 -2  1  7 -4 -3 -1    0   0   0   0   0   0   0   0   0   0   0   0   0   0   0   2  98   0   0   0  1.18 0.21
  348 D   -3 -3  0  7 -5 -2  0 -3 -2 -4 -5 -2 -4 -5 -3 -1 -2 -6 -4 -4    0   0   0 100   0   0   0   0   0   0   0   0   0   0   0   0   0   0   0   0  1.66 0.21
  349 P   -2 -4 -3 -3 -4 -3 -2 -4 -4 -4 -3 -2 -4 -5  8 -2 -2 -5 -4 -4    0   0   0   0   0   0   0   0   0   0   1   0   0   0  99   0   0   0   0   0  2.52 0.23
  350 A    6 -3 -3 -3 -1 -2 -2 -1 -3 -2 -3 -2 -2 -3 -2  0 -1 -4 -3 -1   98   0   0   0   0   0   0   0   0   0   0   0   0   0   0   2   0   0   0   0  0.95 0.18
  351 P   -2 -4 -3 -3 -4 -3 -2 -4 -4 -4 -4 -2 -4 -5  8 -2 -2 -5 -4 -4    0   0   0   0   0   0   0   0   0   0   0   0   0   0  99   1   0   0   0   0  2.56 0.23
  352 A    6 -3 -3 -3 -1 -2 -2 -1 -3 -2 -3 -2 -2 -3 -2  0 -1 -4 -3 -1   99   0   0   0   0   0   0   0   0   0   0   0   0   0   0   1   0   0   0   0  0.96 0.18
  353 T    1 -2 -1 -2 -2 -2 -2 -2 -3 -2 -2 -2 -2 -3 -2  1  6 -4 -3 -1    9   0   0   0   0   0   0   0   0   0   0   0   0   0   0   1  88   0   0   0  0.96 0.19
  354 T    0 -2 -1 -2 -2 -2 -2 -2 -3 -2 -2 -2 -2 -3 -2  3  6 -4 -3 -1    3   0   0   0   0   0   0   0   0   0   0   0   0   0   0  22  74   0   0   1  0.81 0.16
  355 F   -4 -4 -4 -5 -4 -5 -5 -5 -3 -1 -1 -4 -1  8 -5 -4 -3  0  2 -2    0   0   0   0   0   0   0   0   0   0   0   0   0 100   0   0   0   0   0   0  1.69 0.22
  356 A    5 -2 -2 -2 -1 -2 -2 -1 -3 -2 -3 -2 -2 -3 -2  2  0 -4 -3 -1   84   0   0   0   0   0   0   0   0   0   0   0   0   0   0  11   4   0   0   0  0.75 0.15
  357 H   -3 -2 -1 -3 -5 -1 -2 -4 10 -5 -4 -2 -3 -2 -4 -2 -3 -4  0 -5    0   0   0   0   0   0   0   0 100   0   0   0   0   0   0   0   0   0   0   0  2.16 0.27
  358 L   -2 -3 -5 -5 -2 -3 -4 -5 -4  1  5 -4  1 -1 -4 -4 -2 -3 -2  0    0   0   0   0   0   0   0   0   0   0 100   0   0   0   0   0   0   0   0   0  0.96 0.16
  359 D   -3 -3  0  7 -5 -2  0 -3 -2 -4 -5 -2 -4 -5 -3 -1 -2 -6 -4 -4    0   0   0 100   0   0   0   0   0   0   0   0   0   0   0   0   0   0   0   0  1.66 0.21
  360 A    5 -3 -3 -3 -2 -2 -2  1 -3 -2 -3 -2 -2 -3 -2  0 -1 -4 -3 -1   94   0   0   0   0   0   0   6   0   0   0   0   0   0   0   0   0   0   0   0  0.89 0.17
  361 T   -1 -2 -1 -2 -2 -2 -2 -3 -3 -2 -2 -1 -2 -3 -2  0  6 -4 -3 -1    0   0   1   0   0   0   0   0   0   0   0   1   0   0   0   0  96   0   0   1  1.11 0.20
  362 T   -1 -2 -1 -2 -2 -2 -2 -3 -3 -1 -1 -2 -2 -3 -2  0  6 -4 -3 -1    0   0   0   0   0   0   0   0   0   1   3   0   0   0   0   0  94   0   0   2  1.06 0.20
  363 V   -1 -4 -3 -4 -2 -3 -3 -4 -4  2  0 -3  0 -2 -3 -2  0 -4 -2  6    0   0   1   0   0   0   0   0   0   0   0   0   0   0   0   0   3   0   0  95  0.89 0.18
  364 L   -3 -3 -5 -5 -2 -3 -4 -5 -4  1  5 -4  1 -1 -4 -4 -2 -3 -2  0    0   0   0   0   0   0   0   0   0   0 100   0   0   0   0   0   0   0   0   0  0.97 0.16
  365 S    0 -2  2  0 -2 -1 -1 -1 -2 -4 -4 -1 -3 -4 -2  5  0 -4 -3 -3    0   0  13   2   0   0   0   0   0   0   0   0   0   0   0  85   0   0   0   0  0.85 0.17
  366 R   -3  7 -2 -3 -5  0 -1 -4 -1 -4 -3  1 -3 -4 -3 -2 -2 -4 -3 -4    0 100   0   0   0   0   0   0   0   0   0   0   0   0   0   0   0   0   0   0  1.53 0.21
  367 S    2 -1 -1 -1 -2  3  0  2 -1 -3 -3  0 -2 -3  0  2  0 -3 -3 -2   24   0   1   2   0  25   1  22   0   0   0   3   0   0   2  19   1   0   0   0  0.36 0.08
  368 I   -2 -4 -4 -4 -2 -4 -4 -5 -4  6  1 -4  0 -1 -4 -3 -2 -4 -2  2    0   0   0   0   0   0   0   0   0  93   6   0   0   0   0   0   0   0   0   0  1.00 0.18
  369 A    4 -2 -1 -2 -1 -1 -1 -1 -2 -2 -3 -1 -2 -3 -2  3  0 -4 -3 -1   63   0   0   0   0   0   0   0   0   0   0   0   0   0   0  33   3   0   0   1  0.62 0.13
  370 E   -1 -1 -1  0 -5  1  6 -3 -1 -4 -4  0 -3 -4 -2  0 -2 -4 -3 -4    3   0   0   0   0   0  93   0   0   0   0   0   0   0   0   4   0   0   0   0  1.21 0.19
  371 L   -2 -1 -3 -4 -2 -1 -2 -4 -3  1  4  1  2  0 -3 -3 -2 -3 -2  0    0   0   0   0   0   3   0   0   0   2  73  17   4   1   0   0   0   0   0   0  0.51 0.12
  372 G    0 -3 -2 -2 -4 -3 -3  7 -3 -5 -5 -3 -4 -4 -3 -1 -3 -4 -4 -4    3   0   0   0   0   0   0  97   0   0   0   0   0   0   0   0   0   0   0   0  1.54 0.18
  373 I   -2 -4 -4 -4 -2 -4 -4 -5 -4  7  1 -4  0 -1 -4 -4 -2 -4 -2  2    0   0   0   0   0   0   0   0   0  99   0   0   0   1   0   0   0   0   0   0  1.10 0.19
  374 Y   -3 -3 -4 -5 -4 -3 -3 -5  1 -3 -2 -3 -2  2 -4 -3 -3  1  9 -3    0   0   0   0   0   0   0   0   0   0   0   0   0   3   0   0   0   0  96   0  1.84 0.24
  375 P   -2 -4 -3 -3 -4 -3 -2 -4 -4 -4 -4 -2 -4 -5  8 -2 -2 -5 -4 -4    0   0   0   0   0   0   0   0   0   0   0   0   0   0 100   0   0   0   0   0  2.58 0.24
  376 A    6 -3 -3 -3 -1 -2 -2 -1 -3 -2 -3 -2 -2 -3 -2  0 -1 -4 -3 -1   98   0   0   0   0   0   0   0   0   0   0   0   0   0   0   0   0   0   0   1  0.95 0.18
  377 V   -1 -4 -4 -4 -2 -3 -3 -4 -4  2  0 -3  0 -2 -3 -3 -1 -4 -2  6    0   0   0   0   0   0   0   0   0   1   0   0   0   0   0   0   0   0   0  97  0.93 0.18
  378 D   -3 -3  0  7 -5 -1  0 -2 -2 -4 -5 -2 -4 -5 -3 -1 -2 -5 -4 -4    0   0   0  98   0   0   0   0   0   0   0   0   0   0   0   0   0   0   0   0  1.58 0.20
  379 P   -2 -3 -3 -3 -4 -3 -2 -3 -3 -4 -4 -2 -4 -5  8 -2 -2 -5 -4 -4    0   0   0   0   0   0   0   0   0   0   0   0   0   0  98   0   0   0   0   0  2.49 0.23
  380 L   -2 -3 -4 -4 -2 -3 -4 -5 -4  1  5 -3  1  0 -4 -3 -2 -3 -2  0    0   0   0   0   0   0   0   0   0   0  98   0   0   0   0   0   0   0   0   0  0.92 0.16
  381 D   -2 -3  0  7 -4 -1  1 -1 -2 -4 -5 -2 -4 -5 -3 -1 -2 -5 -4 -4    1   0   1  92   0   0   3   2   0   0   0   0   0   0   0   0   0   0   0   0  1.42 0.18
  382 S    0 -2  0 -1 -2 -1 -1 -1 -2 -3 -4 -1 -3 -4 -2  6  0 -4 -3 -3    0   0   0   0   0   0   0   0   0   0   0   0   0   0   0  98   0   0   0   0  1.02 0.20
  383 T   -1 -1  1 -2 -2 -1 -1 -2 -2 -2 -2  1 -2 -2 -2  1  5 -3 -2 -1    2   0   7   0   0   1   0   0   0   1   0  12   0   2   0   8  66   0   0   0  0.57 0.13
  384 S    0 -2  0 -1 -2 -1 -1 -1 -2 -3 -4 -1 -3 -4 -2  6  0 -4 -3 -3    0   0   0   0   0   0   0   0   0   0   0   0   0   0   0  98   0   0   0   0  1.02 0.20
  385 R   -2  7 -1 -3 -4  1 -1 -3 -1 -4 -3  1 -2 -4 -3 -1 -1 -4 -3 -3    0  91   1   0   0   2   0   0   0   0   0   1   0   0   0   1   2   0   0   0  1.27 0.19
  386 M   -1 -3 -3 -4 -2 -2 -3 -4 -3  4  2 -3  6 -1 -3 -2 -1 -3 -2  2    2   0   0   0   0   0   0   0   0  43   9   0  37   0   0   2   0   0   0   6  0.57 0.12
  387 L   -2 -3 -4 -4 -2 -3 -4 -4 -3  1  5 -3  4  0 -4 -3 -2 -2 -2  0    0   0   0   0   0   0   0   0   0   0  81   0  17   0   0   0   0   0   0   0  0.78 0.14
  388 N   -2 -2  1  6 -4  0  1 -2 -2 -4 -4 -1 -3 -4 -2  1  0 -5 -3 -3    0   0   1  72   0   2   5   0   0   0   0   0   0   0   0  14   4   0   0   0  0.96 0.14
  389 P    0 -3 -3 -3 -4 -2 -2 -3 -3 -3 -4 -2 -3 -4  8 -2 -2 -5 -4 -3    9   1   0   0   0   0   0   0   0   1   0   0   0   0  86   1   0   0   0   1  2.01 0.19
  390 N    0  2  3  1 -3  1  0 -1  2 -2  0  0  0 -2 -2  0 -1 -3 -2 -2    8  20  25   6   0   4   6   1   7   0  11   1   3   0   0   5   1   0   0   1  0.21 0.06
  391 I   -1 -3 -4 -4 -2 -3 -4 -4 -4  5  0 -3  0 -1 -3 -3 -1 -3 -2  4    1   0   0   0   0   0   0   0   0  57   0   0   0   0   0   0   2   0   0  38  0.66 0.12
  392 I   -1 -3 -4 -4 -2 -3 -3 -4 -4  3  1 -3  0 -1 -3 -2 -1 -3 -2  5    0   0   0   0   0   0   0   0   0  17  13   0   0   0   0   1   0   0   0  67  0.60 0.12
  393 G   -1 -3 -1 -2 -4 -3 -3  7 -3 -5 -5 -3 -4 -4 -3 -1 -3 -4 -4 -4    0   0   0   1   0   0   0  97   0   0   0   0   0   0   0   1   0   0   0   0  1.50 0.17
  394 A   -1  0  0  2 -4  3  4 -2  0 -3 -3  1 -2 -4 -1  0 -1 -3 -2 -2    4   1   2  10   0  17  51   1   1   1   0   5   1   0   1   2   1   0   1   1  0.57 0.10
  395 E   -1  0 -1  2 -4  1  6 -3 -1 -4 -4  0 -3 -4 -2 -1 -2 -4 -3 -3    2   4   1  11   0   1  78   0   0   0   0   2   0   0   0   0   0   0   0   1  0.95 0.15
  396 H   -3 -2 -1 -2 -4  0 -1 -3 10 -5 -4 -2 -3 -3 -3 -2 -3 -4  1 -4    0   0   0   0   0   2   0   0  95   0   0   0   0   0   0   0   0   0   1   0  1.99 0.25
  397 Y   -3 -3 -3 -4 -4 -3 -3 -4  1 -3 -2 -3 -2  2 -4 -3 -3  1  9 -3    0   0   0   0   0   0   0   0   0   0   0   0   0   0   0   0   0   0  98   0  1.84 0.24
  398 N    0  0  3  3 -3  2  2  0  0 -3 -3  1 -2 -3 -2  1  0 -3 -1 -3    7   2  20  18   0  13  15   5   1   0   1   6   0   0   0   7   4   0   1   0  0.32 0.05
  399 I   -1 -3 -3 -3  0 -3 -3 -3 -3  2  0 -3  0 -2 -3 -1  3 -3 -2  4    1   0   0   0   2   0   0   0   0   9   1   0   0   0   0   1  23   0   0  62  0.50 0.12
  400 A    6 -2 -3 -3 -1 -1 -2 -1 -3 -2 -2 -2 -2 -3 -2  0 -1 -4 -3 -1   97   0   0   0   0   1   0   0   0   0   0   0   0   0   0   0   1   0   0   0  0.91 0.17
  401 R   -2  6 -1 -2 -1  0 -1 -3 -1 -3 -3  1 -2 -4 -3  0  1 -4 -3 -3    1  76   0   0   2   1   1   1   0   0   0   1   0   0   0   4  12   0   0   0  0.90 0.15
  402 G    1  1  0  1 -3  1  1  3 -1 -3 -3  1 -2 -3 -2  0 -1 -3 -3 -3   12  11   2  10   0  10   8  31   0   0   1   7   0   0   0   6   1   0   0   0  0.32 0.05
  403 V   -1 -3 -4 -4 -2 -3 -3 -4 -4  2  0 -3  0 -2 -3 -2  0 -4 -2  6    0   0   0   0   0   0   0   0   0   1   0   0   0   0   0   0   4   0   0  93  0.85 0.17
  404 Q   -2  0 -1 -2 -4  7  1 -3 -1 -4 -3  1 -2 -4 -3 -1 -2 -3 -3 -3    0   0   0   0   0  96   0   0   0   0   0   2   0   0   0   0   0   0   0   0  1.43 0.23
  405 K    0  1  0 -1 -3  3  2 -1 -1 -3 -3  4 -1 -3 -2  0  0 -3 -2 -2    5   6   1   0   0  18  14   3   0   0   0  38   2   0   0   7   3   0   1   1  0.38 0.08
  406 V   -1 -3 -3 -3 -2 -3 -3 -4 -3  4  1 -3  1 -1 -3 -2  2 -3 -2  3    1   0   0   0   0   0   0   0   0  46   7   0   4   0   0   0  16   0   0  26  0.43 0.09
  407 L   -2 -3 -4 -4 -2 -3 -4 -5 -4  1  5 -3  1  0 -4 -3 -2 -3 -2  0    0   0   0   0   0   0   0   0   0   0  98   0   0   0   0   0   0   0   0   0  0.92 0.16
  408 Q   -2  0 -1 -2 -4  8  1 -3 -1 -4 -3  0 -2 -4 -3 -1 -2 -3 -3 -4    0   0   0   0   0  98   0   0   0   0   0   0   0   0   0   0   0   0   0   0  1.48 0.23
  409 D   -1  3  1  3 -3  1  1 -2 -1 -3 -3  2 -2 -4 -2  0  0 -4 -3 -3    4  27   8  29   0   3   7   1   0   0   0  14   0   0   0   1   6   0   0   0  0.45 0.08
  410 Y   -3 -3 -2 -4 -4 -3 -3 -4  2 -3 -2 -3 -2  2 -4 -3 -3  1  8 -3    0   0   2   0   0   0   0   0   2   0   0   0   0   0   0   0   0   0  94   0  1.74 0.23
  411 K   -2  2 -1 -2 -4  0  0 -3 -2 -4 -4  6 -2 -4 -2 -1 -2 -4 -3 -3    0   5   1   0   0   0   0   0   0   0   0  93   0   0   0   0   1   0   0   0  1.09 0.19
  412 N    1 -2  2  1 -2  0  2  0 -1 -3 -3 -1 -2 -3 -2  4  0 -4 -3 -3    6   0   8   9   0   0  15   3   0   0   0   0   0   0   0  59   1   0   0   0  0.51 0.11
  413 L   -3 -3 -5 -5 -2 -3 -4 -5 -4  1  5 -4  1 -1 -4 -4 -2 -3 -2  0    0   0   0   0   0   0   0   0   0   0 100   0   0   0   0   0   0   0   0   0  0.97 0.16
  414 Q   -2  0 -1 -2 -4  8  1 -3 -1 -4 -4  0 -2 -5 -3 -1 -2 -3 -3 -4    0   0   0   0   0  98   0   0   0   0   0   2   0   0   0   0   0   0   0   0  1.51 0.24
  415 D   -3 -3  0  7 -5 -2  0 -2 -2 -4 -5 -2 -4 -5 -3 -1 -2 -6 -4 -4    0   0   0  98   0   0   0   2   0   0   0   0   0   0   0   0   0   0   0   0  1.60 0.21
  416 I   -2 -4 -4 -4 -2 -4 -4 -5 -5  7  1 -4  0 -1 -4 -4 -2 -4 -3  2    0   0   0   0   0   0   0   0   0 100   0   0   0   0   0   0   0   0   0   0  1.12 0.19
  417 I   -2 -4 -4 -4 -2 -4 -4 -5 -5  7  1 -4  0 -1 -4 -4 -2 -4 -3  2    0   0   0   0   0   0   0   0   0 100   0   0   0   0   0   0   0   0   0   0  1.12 0.19
  418 A    6 -3 -3 -3 -1 -2 -2 -1 -3 -2 -3 -2 -2 -3 -2  0 -1 -4 -3 -1   99   0   0   0   0   0   0   0   0   0   0   1   0   0   0   0   0   0   0   0  0.97 0.18
  419 I   -2 -4 -4 -4 -2 -4 -4 -5 -5  7  1 -4  0 -1 -4 -4 -2 -4 -3  2    0   0   0   0   0   0   0   0   0 100   0   0   0   0   0   0   0   0   0   0  1.12 0.19
  420 L   -2 -3 -4 -5 -2 -3 -4 -5 -4  1  5 -4  1 -1 -4 -4 -2 -3 -2  0    0   0   0   0   0   0   0   0   0   0  99   0   1   0   0   0   0   0   0   0  0.96 0.16
  421 G   -1 -3 -2 -2 -4 -3 -3  7 -3 -5 -5 -3 -4 -4 -3 -1 -3 -4 -4 -4    0   0   0   0   0   0   0 100   0   0   0   0   0   0   0   0   0   0   0   0  1.61 0.19
  422 M   -2 -3 -4 -5 -3 -2 -4 -4 -3  0  1 -3  9 -1 -4 -3 -2 -3 -2  0    0   0   0   0   0   0   0   0   0   2   2   0  95   0   0   0   0   0   0   0  1.54 0.25
  423 D   -3 -3  0  7 -5 -1  1 -2 -2 -4 -5 -2 -4 -5 -3 -1 -2 -5 -4 -4    0   0   0  94   0   0   5   1   0   0   0   0   0   0   0   0   0   0   0   0  1.51 0.20
  424 E   -2 -1 -1  1 -5  1  7 -3 -1 -5 -4  0 -3 -5 -2 -1 -2 -4 -3 -4    0   0   0   1   0   0  99   0   0   0   0   0   0   0   0   0   0   0   0   0  1.38 0.21
  425 L   -3 -3 -5 -5 -2 -3 -4 -5 -4  1  5 -4  1 -1 -4 -4 -2 -3 -2  0    0   0   0   0   0   0   0   0   0   0 100   0   0   0   0   0   0   0   0   0  0.97 0.16
  426 S    0 -2  0 -1 -2 -1 -1 -1 -2 -4 -4 -1 -3 -4 -2  6  1 -4 -3 -3    0   0   1   0   0   0   0   0   0   0   0   0   0   0   0  97   1   0   0   0  1.01 0.20
  427 E   -2 -1 -1  2 -5  1  6 -3 -1 -4 -4  0 -3 -4 -2 -1 -2 -4 -3 -4    0   0   0  11   0   1  87   0   0   0   0   0   0   0   0   0   0   0   0   0  1.18 0.18
  428 E    0 -1 -1  4 -4  2  5 -2 -1 -4 -4  0 -3 -4 -2 -1 -2 -4 -3 -3    7   0   0  26   0   5  62   0   0   0   0   0   0   0   0   0   0   0   0   0  0.85 0.14
  429 D   -3 -3  0  7 -5 -1  1 -3 -2 -4 -5 -2 -4 -5 -3 -1 -2 -6 -4 -4    0   0   0  98   0   0   2   0   0   0   0   0   0   0   0   0   0   0   0   0  1.61 0.21
  430 K   -2  2 -1 -2 -4  1  0 -3 -2 -4 -4  6 -2 -4 -2 -1 -2 -4 -3 -3    0   4   0   0   0   1   0   0   0   0   0  94   0   0   0   1   0   0   0   0  1.11 0.19
  431 L   -2 -2 -3 -4 -2 -2 -3 -4 -3  1  5 -3  2  0 -4 -3 -2 -3 -2  0    1   1   1   0   0   2   0   0   0   4  82   1   4   1   0   1   1   0   0   1  0.64 0.12
  432 T   -1 -2 -1 -2 -2 -2 -2 -3 -3  1 -1 -2 -1 -3 -2  0  5 -3 -2  1    2   0   0   0   0   0   0   0   0   9   3   0   0   0   0   0  74   0   0  12  0.68 0.15
  433 V   -1 -4 -4 -4 -2 -3 -4 -4 -4  2  0 -3  0 -2 -4 -3 -1 -4 -2  6    0   0   0   0   0   0   0   0   0   0   0   0   0   0   0   0   0   0   0 100  1.00 0.19
  434 A    4 -2 -1 -1 -2 -1  1  0 -2 -2 -3 -1 -2 -3 -2  2  0 -3 -1 -1   55   0   1   1   0   0  14   3   0   1   0   0   0   0   0  20   3   0   2   0  0.41 0.10
  435 R   -3  7 -2 -3 -5  0 -1 -4 -1 -4 -3  1 -3 -4 -3 -2 -2 -4 -3 -4    0 100   0   0   0   0   0   0   0   0   0   0   0   0   0   0   0   0   0   0  1.53 0.21
  436 A    6 -3 -3 -3 -1 -2 -2 -1 -3 -2 -3 -2 -2 -3 -2  0 -1 -4 -3 -1  100   0   0   0   0   0   0   0   0   0   0   0   0   0   0   0   0   0   0   0  0.98 0.19
  437 R   -3  7 -2 -3 -5  0 -1 -4 -1 -4 -3  1 -3 -4 -3 -2 -2 -4 -3 -4    0  99   0   0   0   0   0   0   0   0   0   0   0   0   0   1   0   0   0   0  1.50 0.21
  438 K   -2  2 -1 -2 -4  0  0 -3 -2 -4 -4  6 -3 -4 -2 -1 -2 -4 -3 -3    0   5   1   0   0   0   0   0   0   0   0  94   0   0   0   0   0   0   0   0  1.12 0.19
  439 I   -2 -4 -4 -4 -2 -3 -4 -5 -4  6  1 -4  2 -1 -4 -3 -2 -3 -2  2    0   0   0   0   0   0   0   0   0  79   4   0   5   0   0   0   0   0   0  11  0.81 0.15
  440 Q   -2  0 -1 -1 -4  7  3 -3 -1 -4 -3  0 -1 -4 -2 -1 -2 -3 -3 -3    0   0   0   0   0  79  19   0   0   0   0   0   1   0   0   1   0   0   0   0  1.18 0.20
  441 R   -2  7 -1 -3 -5  0 -1 -3 -1 -4 -3  2 -3 -4 -3 -1 -2 -4 -3 -4    0  88   0   0   0   0   0   0   0   0   0  11   0   0   0   1   0   0   0   0  1.29 0.19
  442 F   -4 -4 -4 -5 -4 -5 -5 -4 -3 -1 -1 -4 -1  8 -5 -4 -3  0  2 -2    0   0   0   0   0   0   0   0   0   0   0   0   0 100   0   0   0   0   0   0  1.68 0.22
  443 L   -2 -3 -4 -5 -2 -3 -4 -5 -4  1  5 -3  3  0 -4 -3 -2 -2 -2  0    0   0   0   0   0   0   0   0   0   0  89   0   9   2   0   0   0   0   0   0  0.84 0.15
  444 S    0 -2 -1 -1 -2 -1 -1 -1 -2 -4 -4 -1 -3 -4 -2  6  0 -4 -3 -3    0   0   0   0   0   0   0   0   0   0   0   0   0   0   0 100   0   0   0   0  1.07 0.21
  445 Q   -2  0 -1 -2 -4  8  1 -3 -1 -4 -4  0 -2 -5 -3 -1 -2 -3 -3 -4    0   0   0   0   0 100   0   0   0   0   0   0   0   0   0   0   0   0   0   0  1.55 0.25
  446 P   -2 -4 -3 -3 -4 -3 -2 -4 -4 -4 -4 -2 -4 -5  8 -2 -2 -5 -4 -4    0   0   0   0   0   0   0   0   0   0   0   0   0   0 100   0   0   0   0   0  2.57 0.24
  447 F   -4 -4 -4 -5 -4 -5 -5 -4 -3 -1 -1 -4 -1  8 -5 -4 -3  0  2 -2    0   0   0   0   0   0   0   0   0   0   1   0   0  99   0   0   0   0   0   0  1.67 0.22
  448 Q    0 -1 -1  0 -3  3  0 -2  6 -3 -2 -1 -2  3 -3  0  0 -2  0 -2    9   0   0   6   0  23   0   0  34   0   0   0   0  17   0   3   7   0   0   0  0.47 0.11
  449 V   -1 -4 -4 -4 -2 -3 -4 -4 -4  2  0 -3  1 -2 -3 -3 -1 -4 -2  6    0   0   0   0   0   0   0   0   0   0   0   0   3   0   0   0   1   0   0  95  0.91 0.18
  450 A    6 -2 -3 -3 -1 -2 -2 -1 -3 -2 -3 -2 -2 -3 -2  0 -1 -4 -3 -1   97   0   0   0   0   0   0   1   0   0   0   0   0   0   0   2   0   0   0   0  0.92 0.18
  451 E   -2 -1 -1  0 -5  3  6 -3 -1 -4 -4  1 -3 -4 -2 -1 -2 -4 -3 -3    1   0   0   0   0  10  84   0   0   0   0   5   0   0   0   0   0   0   0   0  1.09 0.17
  452 V    0 -3 -3 -3 -2  1 -2 -3 -3  2  0 -2  0 -2 -3 -2  0 -4 -2  5    5   0   0   0   0  11   0   0   0   7   0   0   0   0   0   1   3   0   0  71  0.51 0.13
  453 F   -4 -4 -4 -5 -4 -5 -5 -4 -3 -1 -1 -4 -1  8 -5 -4 -3  0  2 -2    0   0   0   0   0   0   0   0   0   0   0   0   0  99   0   0   0   0   0   0  1.70 0.23
  454 T   -1 -2 -1 -2 -2 -2 -2 -3 -3 -1 -2 -2 -2 -3 -2  0  7 -4 -3 -1    0   0   0   0   0   0   0   0   0   2   0   0   0   0   0   2  96   0   0   0  1.15 0.21
  455 G   -1 -3 -1 -2 -4 -3 -3  7 -3 -5 -5 -3 -4 -4 -3 -1 -3 -4 -4 -4    0   0   2   0   0   0   0  97   0   0   0   0   0   0   0   0   0   0   0   0  1.56 0.19
  456 T    1  0  0 -2 -2  0 -1 -1  2  1 -1  0  1  0 -2  2  1 -2  0  0   10   4   1   0   0   2   0   1   9  13   2   7   6   4   0  27  12   0   2   1  0.12 0.05
  457 P    0 -2 -2  0 -3  0  2 -3 -2 -3 -3  0  0 -4  6 -1 -2 -4 -3 -3    7   0   0   5   0   2  19   0   0   0   1   3   3   0  57   2   0   0   0   0  1.13 0.14
  458 G   -1 -3 -2 -2 -4 -3 -3  7 -3 -5 -5 -3 -4 -4 -3 -1 -3 -4 -4 -4    0   0   0   0   0   0   0  99   0   0   0   0   0   0   0   0   0   0   0   0  1.61 0.19
  459 K   -1  3 -1 -2 -3  1  0 -3 -2 -2 -3  5 -2 -4 -2 -1 -1 -4 -3  0    2  12   1   0   0   2   0   0   0   1   0  70   0   0   0   0   0   0   0   9  0.68 0.14
  460 Y   -2 -3 -3 -4 -3  0 -3 -4 -1  0  3 -3  0  4 -4 -3 -2  0  5 -1    0   0   0   0   0   6   0   0   0   0  39   0   1  20   0   1   0   0  33   0  0.60 0.12
  461 V   -1 -4 -4 -4 -1 -3 -4 -4 -4  2  0 -3  0 -2 -4 -3 -1 -4 -2  6    0   0   0   0   1   0   0   0   0   1   1   0   0   0   0   0   0   0   0  97  0.97 0.19
  462 D    0  0  0  2 -3  0  1 -2 -1 -3 -3  1 -3 -4  5  1 -1 -4 -3 -3    5   4   1  14   0   4   9   0   0   0   0   8   0   0  35  16   2   0   0   0  0.65 0.09
  463 L   -2 -3 -4 -4 -2 -3 -4 -5 -4  2  5 -3  1 -1 -3 -3 -2 -3 -2  1    0   0   0   0   0   0   0   0   0   6  85   0   1   0   0   0   0   0   0   6  0.76 0.14
  464 K    0  0  0  0 -4  1  4 -2 -1 -3 -3  4 -2 -4 -1  0 -1 -4 -3 -3    9   0   3   1   0   4  36   0   0   0   0  41   0   0   2   3   0   0   0   1  0.54 0.11
  465 D   -2 -2  0  6 -4  0  4 -2 -2 -4 -4  0 -3 -4 -2 -1 -2 -5 -4 -4    0   0   1  57   0   2  35   0   0   0   0   3   0   0   0   0   1   0   0   0  0.99 0.15
  466 T   -1 -2  0 -2  0 -2 -2 -2 -3 -2 -3 -2 -2 -3 -2  1  6 -4 -3 -1    0   0   3   0   2   0   0   0   0   0   0   0   0   0   0   7  88   0   0   0  0.99 0.20
  467 I   -2 -4 -4 -4 -2 -4 -4 -5 -4  6  1 -4  0 -1 -4 -3 -1 -4 -2  3    0   0   0   0   0   0   0   0   0  79   1   0   1   0   0   0   0   0   0  19  0.88 0.16
  468 S    0  3  0  0 -3  1  1 -2 -1 -3 -3  4 -2 -3 -2  1  0 -3 -2 -2   10  25   3   3   0   2   5   0   0   1   0  36   0   0   0  11   3   0   0   0  0.40 0.08
  469 A    0 -3 -1 -2 -3 -2 -2  5 -3 -4 -4 -2 -3 -4 -2  3 -1 -4 -3 -3    5   0   0   1   0   0   0  62   0   0   0   0   0   0   0  33   0   0   0   0  0.89 0.14
  470 F   -3 -4 -4 -5 -2 -5 -5 -4 -3 -1 -1 -4 -1  8 -5 -4 -3  0  2 -2    1   0   0   0   1   0   0   0   0   0   0   0   0  97   0   0   0   0   0   0  1.63 0.23
  471 T   -2  2  0 -1 -4  3  1 -2 -1 -4 -3  5 -2 -4 -2 -1 -1 -4 -3 -3    1   7   2   0   0  13   5   0   0   0   0  68   0   0   0   2   1   0   0   0  0.74 0.14
  472 G    1  0 -1  0 -3  1  3  3 -1 -3 -2  0  0 -3 -2  0 -1 -3 -3 -2   19   4   0   3   0   7  26  26   0   0   0   5   6   0   0   4   0   0   0   0  0.32 0.07
  473 I   -2 -4 -4 -4 -2 -3 -4 -5 -4  5  2 -3  1 -1 -4 -3 -1 -3 -2  3    0   0   0   0   0   0   0   0   0  62  20   0   0   0   0   0   0   0   0  17  0.69 0.13
  474 L   -1 -3 -4 -4  2 -3 -4 -4 -4  2  4 -3  1 -1 -3 -3 -1 -3 -2  2    2   0   0   0   7   0   0   0   0  12  57   0   2   0   0   0   0   0   0  20  0.51 0.10
  475 Q    1 -1  2  3 -3  0  3 -1 -1 -3 -3  0 -2 -4 -2  1 -1 -4 -3 -3   19   2  16  20   0   2  26   1   0   0   0   5   0   0   0   8   1   0   0   0  0.40 0.08
  476 G   -1 -4 -2 -3 -4 -3 -3  7 -3 -5 -5 -3 -4 -4 -3 -1 -3 -4 -4 -4    0   0   0   0   0   0   0 100   0   0   0   0   0   0   0   0   0   0   0   0  1.65 0.20
  477 K   -1  0  0  2 -4  1  4 -2 -1 -4 -4  4 -2 -4 -2  0 -1 -4 -3 -3    1   0   2  10   0   3  43   0   1   0   0  36   1   0   0   2   1   0   0   0  0.64 0.12
  478 Y   -2 -2 -2 -4  1 -2 -3  0  5 -2  0 -3  0  1 -4 -2 -2  0  7 -2    0   0   0   0   4   0   0   7  20   0  10   0   3   1   0   0   0   0  53   1  0.80 0.15
  479 D   -3 -3  0  7 -5 -2  0 -3 -2 -5 -5 -2 -4 -5 -3 -2 -2 -6 -5 -5    0   0   0 100   0   0   0   0   0   0   0   0   0   0   0   0   0   0   0   0  1.71 0.23
  480 D   -2 -2  1  5 -4  0  1 -2  7 -4 -4 -2 -3 -3 -3  0 -2 -4 -1 -4    2   0   3  43   0   1   4   0  42   0   0   0   0   0   0   4   0   0   0   0  0.95 0.16
  481 L   -2 -3 -4 -4 -2 -3 -4 -5 -3  2  5 -3  2  0 -4 -3 -2 -2  0  1    0   0   0   0   0   0   0   0   0  13  79   0   2   1   0   0   0   0   3   2  0.70 0.13
  482 P   -2 -3 -3 -3 -4 -3 -2 -3 -4 -4 -4 -2 -4 -5  8 -1 -2 -5 -4 -4    1   0   0   0   0   0   0   0   0   0   0   0   0   0  94   4   0   0   0   0  2.39 0.24
  483 E   -2 -1 -2  0 -5  1  7 -3 -1 -5 -4  0 -3 -5 -2 -1 -2 -4 -3 -4    0   0   0   0   0   0  99   0   0   0   0   0   0   0   0   0   0   0   0   0  1.42 0.23
  484 M    2 -1  1 -1 -2  3  0  1 -1 -1 -2 -1  0 -3  0  1  0 -3 -2 -1   28   0   8   0   0  22   1  12   0   4   1   0   4   0   3  11   1   0   0   3  0.22 0.07
  485 A    5 -2 -2 -2  0 -2 -2 -1 -3 -2 -3 -2 -2 -3 -2  1 -1 -4 -3 -1   91   0   0   1   2   0   0   0   0   0   0   0   0   0   0   6   0   0   0   0  0.84 0.17
  486 F   -4 -4 -4 -5 -4 -5 -5 -5 -3 -1 -1 -5 -1  8 -5 -4 -4  0  2 -2    0   0   0   0   0   0   0   0   0   0   0   0   0 100   0   0   0   0   0   0  1.73 0.23
  487 Y   -3 -3 -4 -5 -4 -3 -3 -5  1 -2 -1 -3 -2  2 -4 -3 -3  1  8 -2    0   0   0   0   0   0   0   0   1   0   5   0   0   3   0   0   0   0  92   0  1.71 0.23
  488 M   -2 -3 -4 -5 -3 -2 -4 -4 -3  0  1 -3  9  0 -4 -3 -2 -3 -1 -1    0   0   0   0   0   0   0   0   0   0   2   0  94   3   0   0   0   0   1   0  1.53 0.26
  489 V   -1 -3 -4 -4  0 -2 -3 -4 -4  2  0 -2  0 -2 -3 -2 -1 -4 -2  6    2   0   0   0   2   2   0   0   0   1   1   1   0   0   0   0   2   0   0  89  0.76 0.16
  490 G   -1 -4 -2 -2 -4 -3 -3  7 -3 -5 -5 -3 -4 -4 -3 -1 -3 -4 -4 -4    0   0   0   0   0   0   0  99   0   0   0   0   0   0   0   0   0   0   0   0  1.61 0.19
  491 G    0 -2  1  2 -2 -1 -1  3 -2 -3 -3 -1 -2 -3  1  1  2 -4 -3 -2    3   0   8  16   0   0   0  28   0   0   0   0   0   0   8  13  23   0   0   0  0.41 0.08
  492 I   -2 -4 -4 -4 -2 -4 -4 -5 -4  6  1 -4  1  1 -4 -3 -2 -3 -2  2    1   0   0   0   0   0   0   0   0  85   5   0   2   5   0   0   0   0   0   1  0.86 0.16
  493 H   -1 -1  1  4 -4  1  5 -2 -1 -4 -4  0 -3 -4 -2 -1 -2 -4 -3 -3    4   0   3  36   0   2  51   1   0   0   0   2   0   0   0   1   0   0   0   0  0.82 0.13
  494 E   -2 -1 -1  3 -4  1  6 -3 -1 -4 -4  0 -2 -4 -2  0 -2 -4 -3 -3    1   0   0  20   0   1  71   0   0   0   0   0   1   0   0   5   0   0   0   0  0.94 0.16
  495 V    4 -3 -3 -3 -1 -2 -2 -2 -3  0 -1 -2 -1 -2 -2 -1 -1 -4 -2  4   56   0   0   0   0   0   0   0   0   0   0   0   0   0   0   0   0   0   0  43  0.54 0.14
  496 V   -1  0 -3 -3 -2 -1 -2 -3 -2  3  1  1  0 -1 -3 -2 -1 -3  0  3    0   6   0   0   0   4   0   0   0  24  10  11   1   1   0   0   1   0   2  39  0.25 0.07
  497 E    3 -1 -1  0 -3  1  4 -2 -1 -3 -3  0 -2 -3 -2  0  0 -3 -3 -2   39   1   0   1   0   4  43   0   0   0   1   4   0   0   0   2   3   0   0   2  0.48 0.11
  498 K   -1  1  0 -1 -4  0  0 -3 -1 -4 -4  6 -3 -4 -2 -1 -2 -4 -3 -3    1   1   3   0   0   0   1   0   1   0   0  91   0   0   0   0   0   0   0   0  1.04 0.19
  499 A    5 -2 -2 -3 -2 -2 -2  2 -1 -3 -3 -2 -2 -3 -2  0 -1 -2 -1 -1   81   0   0   0   0   0   0  14   1   0   0   0   0   0   0   1   0   0   2   0  0.71 0.15
  500 D   -1  1  0  1 -4  2  4 -2 -1 -3 -3  3 -2 -4 -2 -1 -1 -4 -3 -2    3   6   4   8   0   6  43   0   0   0   1  25   0   0   0   0   1   0   0   1  0.51 0.10
  501 K   -1  3 -1  0 -4  2  1 -2 -1 -3 -3  5 -2 -4 -2  0  0 -4 -3 -3    1  12   0   3   0  11   8   0   0   0   0  55   0   0   0   3   6   0   0   0  0.56 0.11
  502 L   -2 -2 -4 -4 -2 -2 -3 -4 -3  3  4 -3  4  0 -3 -3 -2 -3 -2  1    1   1   0   0   0   0   1   0   0  17  57   0  20   0   0   1   0   0   0   2  0.56 0.11
  503 A    4 -1 -2 -2 -1 -1 -1 -1 -2  0  0  1  0 -2 -2  0  0 -3 -2 -1   65   0   0   0   0   1   1   1   0   4   9  10   2   0   0   3   1   0   0   1  0.37 0.10
  504 K    3  0 -1 -1 -2  1  2  0 -2 -3 -2  3 -2 -3 -2  1 -1 -3 -2 -2   44   2   0   1   0   4  14   3   0   0   1  26   0   0   0   5   1   0   0   0  0.35 0.08
  505 D   -1 -1  0  3 -4  2  5 -1 -1 -4 -4  0 -3 -4 -2  1 -1 -4 -3 -3    3   0   1  18   0   8  59   2   0   0   0   0   0   0   0   9   1   0   0   0  0.70 0.11
  506 V    3 -2 -1 -2 -1 -1 -1 -1  1  0  1 -1  2 -2 -2  1  0 -3 -2  0   40   0   1   0   0   1   2   0   5   2  13   0  10   0   0  13   5   0   0   8  0.18 0.05
  507 A    4 -2 -1 -2 -1 -1  0  1 -2 -2 -2 -1 -2 -3 -1  2  0 -2 -2 -1   61   0   0   0   0   0   7  11   0   0   1   0   0   0   0  19   0   1   0   0  0.43 0.07
  508 A    2  0  0  0 -2  0  1  1 -1 -3 -3  1 -1 -3  0  2  0 -3 -2 -2   23   3   4   3   0   0  10  13   0   0   0  11   1   0   4  25   3   0   0   0  0.23 0.02
  509 R    0  1  0  1 -2  2  1  1 -1 -3 -2  2 -2 -3 -1  2  0 -3 -2 -2    0   8   1  11   0   9   8   9   0   0   2  22   0   0   0  25   4   0   0   0  0.26 0.02
  510 K   -1  0  2  2 -2  1  1  0  1 -2 -2  1  0 -3  0  1  1 -3 -2 -2    0   0  10  16   0   7   4   7   6   0   0  17   6   0   3  14   8   0   0   0  0.20 0.01
  511 D    0 -1  0  2 -2  1  1  0 -1 -2 -2  0 -2 -3  3  1  0 -3 -2 -1    7   0   0  13   0   5  11   5   0   0   1   7   0   0  20  20   0   0   0   8  0.30 0.01
  512 E    1 -1  0  1  2  0  1 -1 -1 -2 -1  0 -1 -2  1  2  0 -3 -2 -1   23   0   0  12   9   0  10   0   0   0   7   6   0   0   6  21   5   0   0   0  0.17 0.01
  513 S    0  1  0  3 -2  1  1  0 -1 -2 -1  1 -1 -3  1  1  0 -3 -2 -2    5   8   0  23   0  11   5   5   0   0   8   7   0   0   5  18   5   0   0   0  0.20 0.01
  514 K   -1  0  1  1 -3  0  1  2 -1 -3 -2  3 -2 -3  2  0 -1 -3 -2 -2    0   0   6   9   0   0   8  20   0   0   7  41   0   0  10   0   0   0   0   0  0.28 0.01
  515 K    1  1  1  1 -2  0  1  0 -1 -3 -3  2 -2 -3  2  1  0 -3 -2 -2   11   9   9   8   0   0   5   5   0   0   0  24   0   0  11  12   5   0   0   0  0.26 0.00
  516 A    3 -2 -1 -1  3 -1  0  2 -2 -2 -2 -1 -1 -2  1  1  1 -3 -2 -1   44   0   0   0   9   0   6  16   0   0   1   0   0   0   5   7   9   0   0   0  0.25 0.01
  517 K   -1  2  0 -1 -3  2  1 -2 -1 -3 -3  5 -1 -3 -1  0  1 -3 -2 -2    0   0   0   0   0   6   0   0   0   0   0  85   0   0   0   0   9   0   0   0  0.50 0.02
  518 S    0 -1 -1  2 -2 -1  0 -2 -2 -1 -1  1  0 -2  4  1  0 -3 -2  0    0   0   0  15   0   0   0   0   0   0   0  12   8   0  25  23   0   0   0  17  0.32 0.01
  519 S    2 -1  0  3 -2  0  1 -1 -1 -3 -3  0 -2 -3  1  1  0 -3 -2 -2   28   0   0  35   0   0   7   0   0   0   0   7   0   0   7  15   0   0   0   0  0.34 0.01
  520 E    0  0  0  2 -3  1  4 -2 -1 -3 -3  2 -2 -3 -1  1  0 -3 -2 -2    0   0   0   8   0   0  53   0   0   0   0  19   0   0   0  20   0   0   0   0  0.46 0.01
  521 A    3 -2 -1 -1 -2 -1  0  4 -2 -3 -3 -1 -2 -3 -1  0 -1 -3 -2 -1   46   0   0   0   0   0   9  45   0   0   0   0   0   0   0   0   0   0   0   0  0.46 0.01
  522 L    0  1 -1  1 -2  0  0 -2 -1 -1  1  3  0 -2  1 -1 -1 -3 -2 -1   12   0   0   9   0   0   0   0   0   0  26  46   0   0   8   0   0   0   0   0  0.16 0.01
  523 K   -1  2  0  2 -3  1  1 -2 -1 -3 -3  4 -2 -3 -1  0 -1 -3 -2 -3    0   0   0  17   0   0   0   0   0   0   0  83   0   0   0   0   0   0   0   0  0.48 0.01
  524 D   -1 -1  1  5 -3  0  1 -2 -1 -1 -3  0 -2 -3 -2  0 -1 -4 -3 -1    0   0   0  77   0   0   0   0   0   0   0  10   0   0   0   0   0   0   0  14  0.59 0.01
  525 V    1 -2 -1 -1 -1 -1  1  1 -2  1 -1 -1  0 -2 -2  1  1 -3 -2  1   13   0   0   0   0   0  12  12   0  12   0   0   0   0   0  16  12   0   0  23  0.10 0.00
  526 P    0 -2 -1  1 -3 -1  1  1 -2 -3 -3 -1 -2 -3  6  0 -1 -3 -3 -2   13   0   0  12   0   0  12  16   0   0   0   0   0   0  47   0   0   0   0   0  0.81 0.00
  527 S    0  1  0  0 -2  1  2 -1 -1 -3 -3  3 -2 -3 -1  2  0 -3 -2 -2    0   0   0   0   0   0  15   0   0   0   0  46   0   0   0  39   0   0   0   0  0.34 0.00
  528 L   -1  1  0  3 -2 -1  0 -2 -2  0  2  0  0 -1 -2 -1  1 -3 -2 -1    0  17   0  29   0   0   0   0   0   0  39   0   0   0   0   0  15   0   0   0  0.16 0.00
  529 E   -1  0  0  4 -4  1  4 -2 -1 -3 -3  1 -2 -3 -1  0 -1 -4 -3 -3    0   0   0  40   0   0  45   0   0   0   0  15   0   0   0   0   0   0   0   0  0.59 0.00
  530 K   -1  1 -1 -1 -3  1  0  1 -1 -2  0  4 -1 -2 -2 -1 -1 -3 -2 -2    0   0   0   0   0   0   0  15   0   0  17  68   0   0   0   0   0   0   0   0  0.26 0.00
  531 M   -1  0 -1 -1 -2  0  2 -2 -1  0  1  1  2 -1 -2  0  1 -2 -2  0    0   0   0   0   0   0  28   0   0   0  26  15  13   0   0   0  17   0   0   0  0.15 0.00
  532 A    1 -2 -2 -2 -2 -2 -2  1 -3  0  1 -2  0 -2  4 -1 -1 -3 -2  1   13   0   0   0   0   0   0  15   0   0  17   0   0   0  29   0   0   0   0  26  0.36 0.00
  533 G    0  2  0  2 -2  0  2  1 -1 -3 -3  0 -2 -3 -1  2  0 -3 -2 -3    0  18   0  19   0   0  18  15   0   0   0   0   0   0   0  30   0   0   0   0  0.31 0.00
  534 E    1  0 -1  1 -3  2  5 -2  0 -3 -3  1 -2 -3 -1  0 -1 -3 -2 -2   19   0   0   0   0   0  81   0   0   0   0   0   0   0   0   0   0   0   0   0  0.55 0.01
  535 I   -1 -2 -2 -2 -1 -2 -2 -3 -2  3  1 -2  0  2 -2  0  2 -2  0  1    0   0   0   0   0   0   0   0   0  45   0   0   0  19   0   0  36   0   0   0  0.20 0.00
  536 K   -1  2  2  0 -3  1  1 -1  0 -3 -3  4 -2 -3 -1  0 -1 -3 -2 -3    0   0  19   0   0   0   0   0   0   0   0  81   0   0   0   0   0   0   0   0  0.46 0.01
  537 D   -1 -1  1  5 -4  0  3  2 -1 -3 -4  0 -3 -4 -2  0 -1 -4 -3 -3    0   0   0  52   0   0  30  18   0   0   0   0   0   0   0   0   0   0   0   0  0.59 0.00
  538 E    1 -1  0  3 -2  1  4 -2 -1 -1 -2  0 -1 -3 -1  0 -1 -3 -2  0   18   0   0  18   0   0  49   0   0   0   0   0   0   0   0   0   0   0   0  15  0.32 0.00
  539 V    0 -2 -1  2 -1 -1 -1 -2 -2  1  1 -2  0 -1 -2  1  0 -3 -2  2    0   0   0  18   0   0   0   0   0   0  19   0   0   0   0  18   0   0   0  45  0.12 0.00
  540 I    0  0 -1 -2 -2  0 -1 -2 -2  2  0  2  0 -2 -2  1  0 -3 -2  1    0   0   0   0   0   0   0   0   0  30   0  37   0   0   0  18   0   0   0  15  0.11 0.00
  541 D   -1  0  2  3 -3  1  4 -2  0 -3 -3  2 -2 -3 -1  0 -1 -3 -2 -3    0   0  18  15   0   0  49   0   0   0   0  18   0   0   0   0   0   0   0   0  0.49 0.00
  542 A    3 -1 -1 -1 -1  0  1  2 -2 -2 -2 -1 -1 -3 -1  1  0 -3 -2 -1   65   0   0   0   0   0  15  19   0   0   0   0   0   0   0   0   0   0   0   0  0.33 0.00
  543 D   -2  2  1  5 -4  0  2 -2 -1 -3 -3  0 -3 -3 -2  0 -1 -4 -3 -3    0  18   0  64   0   0  18   0   0   0   0   0   0   0   0   0   0   0   0   0  0.64 0.01
  544 D   -1 -2  0  4 -3 -1  0  2 -1 -2 -2 -1 -2  2 -2 -1 -1 -2  0 -3    0   0   0  53   0   0   0  24   0   0   0   0   0  23   0   0   0   0   0   0  0.41 0.00
  545 S    0 -1  0  3 -3  0  2  3 -1 -3 -3  0 -2 -3 -2  1 -1 -3 -3 -3    0   0   0  24   0   0  23  35   0   0   0   0   0   0   0  17   0   0   0   0  0.44 0.00
  546 L   -2 -2 -1  2 -2 -2 -1 -3 -2  1  3 -2  1  0 -3 -2 -1 -2 -2  0    0   0   0  24   0   0   0   0   0   0  76   0   0   0   0   0   0   0   0   0  0.28 0.00
  547 E   -1  0  0  2 -4  2  5 -2  0 -3 -3  1 -2 -3 -1  0 -1 -3 -2 -3    0   0   0   0   0   0 100   0   0   0   0   0   0   0   0   0   0   0   0   0  0.75 0.01
  548 E   -1  1  0  1 -4  2  5 -2  0 -3 -3  2 -2 -3 -1  0 -1 -3 -2 -3    0   0   0   0   0   0  77   0   0   0   0  23   0   0   0   0   0   0   0   0  0.61 0.00
  549 D    0 -1  1  4 -2  0  1 -1 -1 -2 -3 -1 -2 -3 -1  2  2 -4 -2 -2    0   0   0  53   0   0   0   0   0   0   0   0   0   0   0  23  24   0   0   0  0.47 0.00
  550 F   -2 -1 -2 -3 -3 -1 -2 -3 -1 -1  0  1  0  6 -3 -2 -2  0  2 -1    0   0   0   0   0   0   0   0   0   0   0  24   0  76   0   0   0   0   0   0  0.44 0.01
  551 K   -1  3  0 -1 -3  1  0  2 -1 -3 -3  3 -2 -3 -2  0 -1 -3 -2 -3    0  23   0   0   0   0   0  24   0   0   0  53   0   0   0   0   0   0   0   0  0.41 0.00
  552 A    3 -1  2 -1 -1 -1 -1 -1 -1  0 -1 -1 -1 -2 -1  1  0 -3 -2  1   53   0  24   0   0   0   0   0   0   0   0   0   0   0   0   0   0   0   0  23  0.19 0.00
  553 E   -1 -1  0  3 -3  1  4 -2 -1 -2 -2  0 -2  2 -2 -1 -1 -2  0 -2    0   0   0  24   0   0  53   0   0   0   0   0   0  23   0   0   0   0   0   0  0.41 0.00
  554 A    4  0 -1 -2 -1  0  0  0 -1 -2 -2  2 -1 -3 -1  1  0 -3 -2 -1   76   0   0   0   0   0   0   0   0   0   0  24   0   0   0   0   0   0   0   0  0.30 0.00
  555 I   -1 -2 -2 -1 -2 -1  1 -3 -2  3  2 -1  1 -1 -2 -2 -1 -3 -1  2    0   0   0   0   0   0  23   0   0  35  18   0   0   0   0   0   0   0   0  24  0.18 0.00
  556 S    0 -1  0  0 -2  0  2 -1  0 -2 -2  0 -2  0 -1  3  0 -1  3 -2    0   0   0   0   0   0  24   0   0   0   0   0   0   0   0  53   0   0  23   0  0.29 0.00
  557 S    0  2  0 -1 -1  0  0 -1 -1 -2 -2  0 -1 -3 -1  3  2 -3 -2 -1    0  24   0   0   0   0   0   0   0   0   0   0   0   0   0  53  23   0   0   0  0.33 0.00
  558 E   -1  1  0  1 -4  2  4 -2  0 -3 -3  3 -2 -3 -1  0 -1 -3 -2 -3    0   0   0   0   0   0  53   0   0   0   0  47   0   0   0   0   0   0   0   0  0.51 0.00
  559 N    1 -1  5  0 -2  0 -1  0  0 -2 -2  0 -2 -3 -2  1  2 -3 -2 -1   24   0  58   0   0   0   0   0   0   0   0   0   0   0   0   0  18   0   0   0  0.38 0.00
  560 M    0 -1 -2 -2 -1 -1 -2 -2 -2  2  1 -1  3  0 -1 -1  0 -2 -1  2    2   1   1   1   0   1   2   2   1   1   2   1  35   1   1   2   1   0   1  42  0.14 0.00
  561 V    2 -2 -2 -2 -1 -1 -1 -1 -2  1  0 -1  0 -1 -1  0  0 -2 -1  3   25   1   1   1   0   1   2   2   1   1   2   1   1   1   1   2   1   0   1  54  0.12 0.00
  562 L   -1 -2 -2 -2 -1 -2 -2 -2 -2  2  3 -2  1  0 -2 -2 -1 -1 -1  1    2   1   1   1   0   1   2   2   1  24  55   1   1   1   1   2   1   0   1   2  0.20 0.00
  563 N   -1  0  5  1 -2  0  0  0  0 -2 -2  0 -1 -2 -1  0  0 -2 -1 -2    2   2  70   2   1   1   2   2   1   2   3   2   1   1   2   2   2   0   1   2  0.39 0.00
  564 E   -1  0  0  2 -4  2  5 -2  0 -3 -3  1 -2 -3 -1  0 -1 -3 -2 -3    0   0   0   0   0   0 100   0   0   0   0   0   0   0   0   0   0   0   0   0  0.74 0.00
  565 K   -1  2  0  0 -3  1  3 -2 -1 -3 -3  4 -2 -3 -1  0 -1 -3 -2 -2    0   0   0   0   0   0  23   0   0   0   0  77   0   0   0   0   0   0   0   0  0.48 0.00
  566 G    0 -2  0 -1 -3 -2 -2  6 -2 -4 -4 -2 -3 -3 -2  0 -2 -3 -3 -3    0   0   0   0   0   0   0 100   0   0   0   0   0   0   0   0   0   0   0   0  1.04 0.00
  567 E   -1  1  0  3 -3  1  3 -2 -1 -3 -3  3 -2 -3 -1  0 -1 -3 -2 -3    0   0   0  23   0   0  23   0   0   0   0  55   0   0   0   0   0   0   0   0  0.44 0.00
  568 K    0  2  0 -1 -3  1  1 -1 -1 -3 -3  4 -1 -3 -1  1  0 -3 -2 -2    0   0   0   0   0   0   0   0   0   0   0  77   0   0   0  23   0   0   0   0  0.40 0.00
  569 V    0 -3 -3 -3 -1 -2 -3 -3 -3  3  1 -2  1 -1 -2 -2  0 -3 -1  4    0   0   0   0   0   0   0   0   0   0   0   0   0   0   0   0   0   0   0 100  0.34 0.01
  570 P   -1 -2 -2 -2 -3 -1 -1 -2 -2 -3 -3 -1 -3 -4  8 -1 -1 -4 -3 -2    0   0   0   0   0   0   0   0   0   0   0   0   0   0 100   0   0   0   0   0  2.04 0.00
  571 L   -2 -2 -4 -4 -1 -2 -3 -4 -3  2  4 -3  2  0 -3 -3 -1 -2 -1  1    0   0   0   0   0   0   0   0   0   0 100   0   0   0   0   0   0   0   0   0  0.45 0.01
  572 P   -1 -2 -2 -2 -3 -1 -1 -2 -2 -3 -3 -1 -3 -4  8 -1 -1 -4 -3 -2    0   0   0   0   0   0   0   0   0   0   0   0   0   0 100   0   0   0   0   0  2.04 0.00
  573 K   -1  2  0 -1 -3  1  1 -2 -1 -3 -3  5 -1 -3 -1  0 -1 -3 -2 -2    0   0   0   0   0   0   0   0   0   0   0 100   0   0   0   0   0   0   0   0  0.51 0.00
  574 K   -1  2  0 -1 -3  1  1 -2 -1 -3 -3  5 -1 -3 -1  0 -1 -3 -2 -2    0   0   0   0   0   0   0   0   0   0   0 100   0   0   0   0   0   0   0   0  0.51 0.00

                      K         Lambda
Standard Ungapped    0.1339     0.3154
Standard Gapped      0.0521     0.2670
PSI Ungapped         0.1689     0.3078
PSI Gapped           0.0521     0.2670
