
Last position-specific scoring matrix computed, weighted observed percentages rounded down, information per position, and relative weight of gapless real matches to pseudocounts
           A  R  N  D  C  Q  E  G  H  I  L  K  M  F  P  S  T  W  Y  V   A   R   N   D   C   Q   E   G   H   I   L   K   M   F   P   S   T   W   Y   V
    1 M   -2 -3 -4 -5 -3 -2 -4 -4 -3  0  1 -3  9 -1 -4 -3 -2 -3 -2 -1    0   0   0   0   0   0   0   0   0   0   0   0 100   0   0   0   0   0   0   0  1.57 0.26
    2 A    3 -3 -3 -3 -2 -2 -3 -2 -3  0  3 -2  2 -1 -3 -1 -1 -3 -2  0   48   0   0   0   0   0   0   0   0   0  46   0   6   0   0   0   0   0   0   0  0.45 0.13
    3 L   -2 -3 -4 -4 -2 -3 -3 -4 -1  0  5 -3  2  0 -4  0 -2 -3 -2  0    0   0   0   0   0   0   0   0   2   0  77   0   6   2   0  12   0   0   0   2  0.67 0.18
    4 S    2  0 -1 -2 -2 -1 -1 -1 -2 -3 -3  3 -2 -4  1  3  0 -4 -3 -2   24   3   0   0   0   0   0   2   0   0   0  26   0   0   5  36   3   0   0   0  0.43 0.15
    5 C    2 -3 -2 -3  6 -2 -2 -1 -3 -2 -1 -2 -2 -1  2  1  0 -3 -2  0   28   0   0   0  24   0   0   2   0   0   3   0   0   3  12  15   4   0   0   8  0.45 0.14
    6 S    2  0 -2 -2 -2 -2 -2 -2 -2 -2 -1 -1 -2  3 -1  3 -1 -2 -1 -1   25   5   0   0   0   0   0   0   0   0   4   1   0  20   2  40   0   0   0   2  0.37 0.16
    7 K    0  2  0 -2 -3 -1 -1 -1 -2 -3 -2  2 -2 -3  4  1  1 -4 -3 -2    7  15   4   0   0   0   0   3   0   0   4  18   0   0  22  14  11   0   0   0  0.41 0.11
    8 V    2 -3 -3 -4 -2 -3 -3 -2 -3  0  2 -3  0  1 -3 -1  0 -3 -2  3   26   0   0   0   0   0   0   1   0   0  25   0   1   6   0   3   4   0   0  35  0.33 0.14
    9 L   -1 -2 -1 -3 -2 -2 -2 -3 -3  0  2  0 -1  3 -1  3 -1 -3 -1  0    1   0   1   0   0   0   0   0   0   4  27   7   0  17   3  35   0   0   0   4  0.27 0.15
   10 S    2 -2 -1 -2 -2 -2 -2  1 -2 -1 -2 -2 -2 -1 -1  4  2 -4 -3 -1   21   0   1   0   0   0   0   8   0   5   3   0   0   2   2  41  15   0   0   1  0.38 0.15
   11 F   -1  2 -3 -3 -1 -2 -3 -4 -2 -1  3  0  0  4 -2 -1 -2 -2  1 -1    3  17   0   0   1   0   0   0   0   0  34   7   0  27   1   5   0   0   2   3  0.33 0.14
   12 Y    1  1  0 -2 -2 -1 -1 -2  4 -2  0 -1 -1 -2  1  3  0 -3 -1 -2   10   8   4   0   0   0   0   0  15   0  15   0   0   0   7  35   2   0   2   0  0.30 0.14
   13 L   -1 -3  1 -2  1 -2  0 -2 -2  2  2 -2  0  1  1  0 -1 -3 -2  1    1   0  11   0   4   0   7   2   0  22  26   0   0   6   6   7   1   0   0   8  0.15 0.09
   14 S    0 -2  0 -2 -1 -2 -2 -1 -2 -3 -2 -1 -3 -1 -2  5  2 -4 -3 -2    5   0   3   0   1   0   0   2   0   0   2   2   0   3   1  63  14   0   0   1  0.62 0.23
   15 P    0 -3  0  1 -3 -2 -1  0 -1 -3 -3 -2 -3 -4  6  1  1 -4 -3 -3    5   0   4   7   0   0   1   7   1   0   2   1   0   0  45  14  12   0   0   0  0.87 0.20
   16 V    1  1  0  0 -1  0 -1 -1 -2  0  0  1 -1 -1  0  2  0 -3 -1  0    9   7   5   3   1   2   0   3   0   6   8   9   0   2   3  31   1   0   1   9  0.12 0.08
   17 V   -1 -2  0 -2 -2  0 -1 -3  0  1  2 -1  0  0  3 -1 -1 -3 -2  1    3   1   6   0   0   4   2   0   3   5  32   3   0   4  15   2   2   0   0  16  0.21 0.10
   18 G    1 -2  0 -2 -1 -1 -2  4  0 -2 -2 -2 -2 -3 -2  2  1 -4 -3  0   15   1   2   1   1   2   0  35   3   1   3   0   0   0   1  20   9   0   0   7  0.38 0.14
   19 G    1 -1  0  1 -2 -1  0  1  2 -2 -2 -1 -2  0  2  2  0 -3  0 -1   12   2   3   7   0   2   3   9   8   0   4   0   0   4   9  22   6   0   3   6  0.15 0.08
   20 G    0  0  0 -1 -2 -1 -1  2 -1  0  2 -1  0  0 -1  0 -1 -3 -2  0    7   5   5   3   0   2   5  21   1   1  27   1   0   4   3   6   0   0   0   9  0.09 0.07
   21 D    0  3  1  1 -3  0 -1  1  0 -2 -1  0 -2  0 -1  1 -1 -3 -2 -2    5  25   9   8   0   1   2  10   2   2   6   2   0   5   2  17   1   0   0   2  0.17 0.09
   22 V    1  0  0 -1  0 -1 -1  1 -2 -1 -1 -1 -1  0  1  2  1 -2 -1  0   12   5   5   1   2   0   2   9   0   3   6   3   0   6   7  21   8   0   0   7  0.10 0.06
   23 P    1  0 -1 -1 -2  0 -1  0 -2 -1 -1  0 -2 -2  4  2 -1 -3 -3 -1   13   7   1   2   0   4   0   5   0   2   8   3   0   1  27  20   2   0   0   4  0.39 0.13
   24 K    0  1 -1 -1 -2  0 -1 -1  3 -1 -1  1 -1 -1  3  0  0 -3  0  0    8  10   0   4   1   1   0   5  10   0   7   9   0   2  15  10   6   0   3   9  0.15 0.07
   25 K    0  2  1  1  2  0 -1  1  0 -2 -2  0 -1 -2  2  1 -1 -3 -2 -2    7  18  10   7   6   2   0  12   3   0   3   5   1   1   9   9   2   0   0   3  0.17 0.08
   26 L   -1  2 -1  0  0 -1 -1  0 -1 -1  0 -1  0  1  2  1  0 -2  0 -1    1  19   2   4   3   1   1   7   1   1  12   1   4   8  10  15   3   0   3   5  0.10 0.08
   27 T    1  0  0 -2  4  0 -1 -1 -2 -1 -2 -1 -1 -2  1  2  2 -3 -2 -1    8   5   5   0  14   4   3   3   0   2   1   3   1   1   8  23  14   0   0   4  0.24 0.12
   28 F    0 -3 -1 -3  1 -2 -3 -1 -1  0  1 -2  0  4  1  1  0  0  0  0    6   0   2   0   4   0   0   4   1   2  15   1   1  29   8  14   5   1   0   6  0.23 0.13
   29 S    1  0  0 -2 -2 -2 -2  1 -2 -2 -1 -1 -2 -3 -2  4  0 -4 -3 -2   11   5   4   0   1   0   0  12   0   1   5   2   0   1   0  54   1   0   0   3  0.48 0.22
   30 S    0  0 -1 -2  3 -1 -2  1  0 -1  0  0 -1 -2  1  2  1 -2 -2  0    2   4   2   0   8   2   0  10   4   3  12   4   1   0   5  28   7   0   0   8  0.14 0.11
   31 F    0  0 -1 -2 -2 -1 -2  0 -1  0 -1 -1 -1  2  3  1 -1  2 -1  0    8   5   1   2   0   2   1   6   1   7   4   1   0  16  19  16   1   3   0   7  0.22 0.10
   32 L   -1 -2 -3 -3 -2 -3 -3 -2 -3  0  3 -3  1  0  3 -1 -1  3 -2  1    4   2   1   0   0   0   0   3   0   1  46   0   2   4  15   5   2   5   0   8  0.38 0.16
   33 G    0  2 -1 -2 -1 -1 -2  1  0 -2 -1  0 -2  1  2  1 -1  1 -1 -2    7  17   3   0   1   1   0  14   3   0   6   4   0  11  12  13   2   3   0   2  0.18 0.10
   34 L    0 -1 -3 -2 -2 -1 -2  0 -1  0  2 -2  0  2 -2  0 -1  5  0  0    9   3   0   2   0   1   2   6   1   4  28   0   0  13   1   7   3  11   0   8  0.20 0.11
   35 S    1  0  0 -2 -2  0 -2 -1 -2 -2 -1 -2  0 -3  3  4  1 -4 -3 -1   12   4   4   0   0   4   0   2   0   0   5   0   3   0  13  39  10   0   0   4  0.39 0.20
   36 K   -1  3 -1 -2 -4  1  0 -1  0 -3 -2  2 -2 -2  4  1 -1  2 -2 -3    2  21   2   0   0   4   7   3   2   0   5  14   1   2  20  10   1   4   0   1  0.38 0.16
   37 G    1  1  1 -1  1 -1 -1  2  3 -3 -3  1 -2 -3  2  1  0  2 -2 -2   15   9  10   1   4   0   1  14   9   0   1   8   0   0   9   8   4   3   1   3  0.21 0.11
   38 V   -1  2 -1 -2 -2 -1 -1 -1 -2  1  0  0 -1  0  1  0  0  0 -1  1    4  18   1   0   0   2   1   5   0   9  11   7   0   4   7   9   7   1   1  13  0.09 0.08
   39 G    0  0  1 -1  0  0  0  3  0 -2 -2  0 -2 -1  1  1 -1 -3 -2 -1    5   4   9   1   2   3   5  27   2   0   3   4   0   3   7  16   1   0   0   8  0.21 0.11
   40 G    1  2  1 -2  0 -1  0  2 -2 -3 -2  0 -2 -3  3  1  0 -4 -3 -2   11  15   6   0   2   1   6  18   0   1   3   2   0   0  16  13   5   0   0   1  0.31 0.13
   41 S    1  1  1  0 -1 -1 -1  1  0 -2 -2  0 -2 -2  0  2  0  1 -2 -1   15   9   9   4   1   0   1  12   2   1   5   4   0   2   5  21   6   2   0   2  0.15 0.09
   42 R    1  4 -2 -3 -3 -1 -2  0 -2 -1  0  1 -2 -3  1  0  0 -1 -3 -2   11  36   1   0   0   1   0   5   0   3  12   7   0   0   6   9   4   1   0   2  0.32 0.17
   43 S    1  0  1  0  0 -1  0  0 -1 -1 -1 -1  0  0  2  2  0  0 -1  0   12   6   7   3   2   0   4   5   1   0   3   1   2   5   9  22   4   2   1  11  0.11 0.09
   44 S    0  1 -1 -1  1 -1 -2  0 -1  0  1 -1  0  1  1  0  0 -3 -1  1    7  10   1   2   4   3   0   6   1   1  18   1   1   8   7  10   3   0   0  17  0.06 0.07
   45 R    0  3 -1 -1  0  0 -1 -2  0 -1 -1  0 -1 -2  1  0  0 -3 -1  1   10  27   1   3   2   2   2   1   2   3   6   4   1   1   7   6   5   0   3  15  0.15 0.10
   46 V    1  2 -2 -1  0  0 -1  0 -1  0 -1  0 -1 -2  2  0  0 -3 -2  2   15  15   0   3   3   3   1   5   1   2   6   3   0   1  10   7   3   0   1  22  0.12 0.09
   47 C    1  2 -2 -2  3 -1 -2 -1 -1  0  0 -1  0 -2  2  1  0  0 -2  0   17  16   0   0   8   1   0   2   2   4   7   1   2   1  10  14   4   1   0  10  0.16 0.10
   48 A    3  0 -2 -1  1 -1 -1  0  0 -2 -2 -1 -1 -2  2  1  0 -3 -2  0   40   4   0   4   3   2   2   5   3   1   2   2   1   2   9  11   3   0   0   6  0.25 0.14
   49 A    2  1 -1 -2  1  0  0  1 -2 -2 -1  1 -1 -3  1  1  0 -3 -2 -1   27   7   0   0   3   2   3  11   0   0   7  10   0   0   5  15   3   0   0   4  0.17 0.10
   50 S    1  0 -1 -1  1 -1  0  0  1 -2 -3  1 -2 -2  3  2  1  1 -2 -2   14   4   1   2   3   1   4   7   5   1   1  10   0   2  16  17   8   3   0   1  0.25 0.10
   51 N    1  1  1  1 -2  0  0  1  0 -2 -2  0 -1 -2 -1  2  1 -3 -2 -2    9   9   4  11   0   1   4  11   3   1   2   6   1   1   1  26   7   0   0   1  0.20 0.10
   52 A    2  1  1 -1 -1  1  0  0 -1 -2 -2  1 -2  0  1  1  0 -3 -2 -2   25   7   9   2   1   5   6   5   0   0   1   7   0   7   8   8   7   0   0   1  0.17 0.09
   53 P    0 -2  0 -1 -3  0  0  0 -1 -3 -3  0 -2 -3  5  1  2 -2 -3 -2    9   1   5   1   0   3   5   7   1   0   2   5   0   1  29  13  17   1   0   1  0.49 0.16
   54 A    2  1  0 -1 -2  1  1  0 -2 -1 -1  1 -1 -3  0  1  0 -2 -2  0   23   8   5   2   0   5   8   5   0   0   6   7   1   0   3  14   3   1   0   9  0.12 0.08
   55 P    0 -2 -2 -1  1  1  0 -1 -3 -2 -3 -1 -2 -4  6  0  0 -4 -3  1    9   0   0   3   4   7   5   3   0   0   1   2   0   0  40   7   7   0   0  12  0.68 0.20
   56 L    0  1 -2 -2 -2 -1 -2 -3 -2  1  3 -1  1  0  1 -1  0 -3 -2  0    9   9   0   2   0   3   0   1   0   5  37   2   4   5   8   1   8   0   0   5  0.18 0.11
   57 A    2  1 -1 -1  0 -1 -1 -1  0 -2 -2 -1 -2 -3  0  2  4 -1 -2 -1   17   8   1   3   2   0   1   2   2   1   3   0   0   0   5  16  35   1   0   3  0.32 0.17
   58 G    0  0 -1 -1 -3 -2 -2  5  2 -3 -2 -2 -3 -2 -1 -1 -1  1 -2 -2    5   7   0   2   0   0   2  56   8   0   3   0   0   2   3   4   2   2   0   2  0.63 0.19
   59 V    1  1 -3 -3  1 -2 -3 -3 -3  2  0 -2  2 -1 -2 -1  0 -3 -2  4   12   9   0   1   3   0   0   0   0   8   6   0   6   2   1   3   5   0   0  42  0.27 0.14
   60 I    0 -2 -2 -1 -2 -2 -2 -3 -2  2  1 -2  1  0  0  0  0  2 -1  3    5   1   1   5   0   0   1   1   1  13   9   0   3   3   4   9   3   4   0  37  0.21 0.12
   61 F   -2  0 -3 -3 -3  1 -3  0 -2 -2 -1 -2 -2  7  0 -1 -2  0  1 -2    3   6   0   0   0   7   1   8   0   0   1   0   0  58   5   4   2   1   0   2  0.70 0.24
   62 E    0  1 -1  0 -3  4  3 -2 -1 -2 -1  1 -2 -3  1  0 -1 -3 -1 -1    5   8   0   3   0  23  23   2   0   0   5   8   0   0   7   5   3   0   2   4  0.31 0.13
   63 P    0 -1 -3 -3 -4 -3 -3 -3 -2 -3 -4 -2 -4 -5  8 -2 -2 -5 -4 -3    8   3   0   0   0   0   0   1   1   2   1   0   0   0  79   2   1   0   0   0  1.94 0.38
   64 F   -2 -2 -3 -2 -2 -1 -3 -3 -2  0  1 -3  0  6 -3 -2 -1  3  1 -1    3   2   1   3   1   4   1   1   0   3  12   1   2  55   1   3   3   3   0   1  0.66 0.20
   65 Q    1  0 -1  0 -3  1  4  1 -1 -2 -2  0 -2 -1  0  0 -1  3 -2 -1   12   5   1   2   0   3  35  11   0   1   2   2   0   3   4   7   2   6   0   4  0.27 0.12
   66 E    0  0  0  1 -3  1  5 -2 -1 -3 -2 -1 -2 -3  3  0 -2 -3 -3 -3    7   4   3   4   0   3  49   1   0   1   3   1   0   1  15   5   1   0   0   1  0.59 0.19
   67 L    0 -2 -2 -3 -2 -2 -1 -2 -3  1  2 -2  0 -1 -2  0  0 -1 -2  3    7   2   1   1   0   1   4   3   0   6  22   1   1   0   1   9   4   1   0  37  0.21 0.11
   68 K    0  0 -1 -2 -3  2  0 -2  1 -3 -2  4 -2 -3  3 -1 -1 -3 -2 -1    9   2   1   1   0  12   2   1   5   1   3  41   0   0  13   2   3   0   0   4  0.42 0.16
   69 K    1  1  0 -1 -2  0  0  0 -1 -3 -2  3 -2 -3  3  0  1 -3 -2 -2   11   7   4   1   0   1   4   7   1   0   4  26   0   0  15   6   8   0   1   1  0.27 0.11
   70 D    1  0 -1  2 -2  0  4 -1 -2 -3 -3 -1 -3 -4  3  1 -1 -3 -3 -2   11   6   0  12   1   2  32   4   0   0   1   0   0   0  15  11   2   0   0   1  0.43 0.15
   71 Y    0  0 -2 -1 -2 -1 -1 -2 -2  1  2 -1  1  2  0 -1  0 -2  0  0    9   8   0   3   0   0   4   2   0   5  35   1   4   9   5   4   5   0   2   5  0.11 0.08
   72 L    1 -1  0  0 -2  0 -1 -1 -1 -1  1 -1  2  0 -2  1  0 -2 -1  0   19   2   5   4   0   2   3   2   1   1  18   2   9   5   1  16   5   0   1   5  0.08 0.07
   73 A    2 -1 -1 -2 -2 -1 -2 -1 -2  0  2 -1  1 -1  0  1  1  0 -2  0   22   4   2   0   0   1   1   4   0   1  24   3   3   2   5   8  14   2   0   4  0.11 0.09
   74 V    1 -2 -1 -1 -2 -2 -1 -1  0  2  1 -2  1 -2  0 -1  0 -3 -2  3   11   1   4   3   0   1   3   5   2   8  12   0   4   0   5   1   4   0   0  35  0.15 0.10
   75 P   -1 -3 -2 -2  0 -3 -2 -1 -3 -2 -3 -3  1 -4  7 -1 -1 -5 -4 -3    4   1   1   2   3   0   1   3   0   2   1   0   4   0  68   4   4   0   0   1  1.49 0.33
   76 I    2 -1 -1 -1 -2  1 -1 -1 -2  0 -1 -1  1 -3  0  1  3 -3 -3  0   24   2   2   2   0   6   1   2   0   7   4   2   5   0   4   9  25   0   0   4  0.21 0.15
   77 A    2 -2 -1 -1  0 -2 -2 -1 -1 -1 -1 -2  0 -3  2  2  3 -4 -3  0   21   1   2   3   1   0   0   4   1   1   4   0   2   0  11  15  26   0   0   6  0.30 0.17
   78 H    2 -1 -1 -1 -1 -1  0 -1  2 -3 -2 -1 -2 -3  4  1  0 -1 -3 -2   25   2   1   3   1   2   6   4   5   0   3   3   0   0  25  13   5   1   0   1  0.43 0.18
   79 N   -1 -1  1  0 -3  3 -1 -1  1 -3 -2 -1  2 -2  3  2  0 -3 -2 -2    3   2   6   5   0  19   1   2   4   0   1   0   9   2  14  24   5   0   0   2  0.34 0.21
   80 V    0 -1 -2 -2  1  1  0 -3 -1 -1  0 -2  3 -2  4  0  0 -3 -1  1    8   2   0   2   4   7   5   1   1   0   7   1  11   1  25   7   4   0   2  13  0.35 0.18
   81 X   -1 -1 -1 -1 -1 -1 -1 -1 -1 -1 -1 -1 -1 -1 -1 -1 -1 -1 -1 -1    1   0   1   1   2   1   0   0   0   0   4   0   3   1   4  67   2   3   0   0  0.00     0.00
   82 L   -3  0 -3 -4 -5  7 -2 -4 -3 -2  2 -2 -1  0 -1 -3 -3 -4 -1 -2    1   5   0   0   0  57   0   0   0   2  23   0   1   5   3   0   0   0   2   2  1.05 0.50
   83 A    2 -4 -4 -5  3 -4 -4 -3 -5  2 -2 -4  1 -2 -1 -2 -2 -5 -4  5   22   1   0   0   6   0   0   2   0  12   0   0   3   1   4   1   0   0   0  48  0.73 0.37
   84 R   -5  8 -3 -5 -2 -1 -3 -5  2 -6 -3  0 -4 -6 -5 -4 -4 -6 -3 -4    0  86   1   0   1   1   0   0   4   0   3   2   0   0   0   0   0   0   1   1  2.03 0.70
   85 Q   -3 -1 -3 -4 -6  8 -2 -5  3 -6 -4 -2 -3 -6 -3 -2 -3 -1 -2 -3    1   1   0   0   0  80   0   0   6   0   2   0   0   0   1   3   1   1   1   2  1.96 0.76
   86 N   -4 -2  8  0 -6 -3 -3 -2  1 -6 -6  1 -4 -5 -4 -1 -3 -6 -2 -6    1   2  74   3   0   0   0   2   3   0   0   8   0   0   1   3   0   0   2   0  1.69 0.63
   87 Y   -4 -5 -4 -5 -2 -5 -6 -6  1 -4 -2 -6 -4  6 -7 -5 -5  1  8 -4    1   0   1   1   1   0   0   0   2   0   2   0   0  31   0   0   0   1  61   0  2.13 0.70
   88 A    1 -3 -2  1 -2 -1 -2 -4  9 -5 -5 -3 -4 -4 -4  2 -1 -5 -2 -3   10   1   1   8   1   2   1   0  55   0   1   0   0   0   0  13   4   0   0   2  1.46 0.57
   89 D   -1  0  0  2 -2  3  1 -2  0 -3 -2  0 -3 -3  4 -1  1  0 -3 -2    5   4   3  12   1  16  10   1   3   1   3   5   0   1  19   3   8   1   0   3  0.36 0.21
   90 D   -1 -1  0  5 -2  0  5 -4  0 -4 -5 -1 -4 -5 -3  0 -2 -6 -3 -5    5   2   3  34   1   3  39   0   2   1   0   2   0   0   1   6   1   0   1   0  0.94 0.42
   91 S   -2 -5 -3 -5 10 -3 -5 -4 -5 -3 -3 -5 -4 -5 -4  3  0 -4 -4  0    2   0   1   0  58   1   0   0   0   0   2   0   0   0   1  22   4   0   0   8  1.88 0.64
   92 E   -4 -2 -4 -2 -7 -1  8 -6 -4 -4 -6 -1 -5 -7 -5 -3 -4 -6 -6 -4    0   1   0   0   0   0  93   0   0   1   0   2   0   0   0   0   0   0   0   1  2.14 0.77
   93 S    6 -1 -1  1 -3 -2 -1 -1 -2 -3 -3 -1 -3 -5 -3  0 -1 -5 -4 -1   67   2   3   7   0   1   4   2   1   1   1   3   0   0   0   3   2   0   0   2  0.85 0.44
   94 A    6 -3 -3 -3 -3 -2 -3  2 -4 -4 -3 -1 -3 -4 -2  0 -1 -5 -4 -2   68   1   1   1   0   1   0  13   0   0   2   3   0   0   1   4   3   0   0   1  0.96 0.46
   95 I   -3 -5 -6 -6 -4 -5 -5 -6 -6  6  1 -4  0 -2 -5 -4 -2 -5 -4  4    0   0   0   0   0   0   0   0   0  51  11   1   1   0   0   0   1   0   0  34  1.23 0.47
   96 N   -5 -4  9 -2 -6 -2 -4 -4 -1 -7 -7 -3 -6 -7 -6 -1 -3 -7 -6 -7    0   0  93   1   0   1   0   0   1   0   0   0   0   0   0   4   1   0   0   0  2.52 0.82
   97 E   -2  4  1  0  2  0  2 -2  0 -3 -4  3 -3 -5 -2  0 -1 -5 -4 -4    2  28   6   5   4   2  14   2   3   2   0  20   0   0   1   8   3   0   0   0  0.49 0.27
   98 Q   -4 -1 -3 -4 -6  8 -2 -5  4 -3  1 -2  2 -5 -5 -4 -3 -5 -3 -3    0   2   1   0   0  66   0   0  11   1  13   0   4   0   0   0   1   0   0   1  1.52 0.65
   99 I   -1 -6 -6 -6 -4 -6 -6 -6 -6  7 -1 -5 -1 -3 -6 -4 -3 -6 -4  3    6   0   0   0   0   0   0   0   0  75   1   0   1   0   0   0   0   0   0  17  1.61 0.59
  100 N   -3 -2  8 -1 -1  0 -3 -4  0 -5 -6 -3 -5 -6 -5  0 -1 -6 -4 -6    2   1  79   1   2   3   0   0   2   1   0   1   0   0   0   5   3   0   0   0  1.85 0.67
  101 V   -3 -3 -5 -5 -3 -3 -4 -4 -3  1  4 -3  5 -2 -5 -4 -2 -4 -3  3    1   1   0   0   0   1   1   1   1   6  49   2  19   0   0   0   1   0   0  18  0.87 0.39
  102 E   -4 -2 -3 -1 -6  2  7 -5  2 -6 -4 -1 -5 -4 -4 -3 -3 -5 -1 -5    0   1   0   2   0   6  78   0   4   0   2   3   0   1   0   0   1   0   3   0  1.63 0.64
  103 Y   -4 -4 -6 -6 -4 -3 -5 -6 -1 -1  6 -5  1  0 -5 -5 -4 -3  4 -2    0   0   0   0   0   1   0   0   1   1  73   0   3   3   0   0   0   0  16   0  1.28 0.52
  104 N   -3  0  3 -3 -1  1 -3 -4  4 -4 -4 -1 -4  1 -5 -2 -1 -2  7 -4    1   6  16   1   1   6   0   1  12   0   0   3   0   5   0   2   4   0  42   0  1.03 0.46
  105 V    6 -4 -2 -4 -1 -4 -4 -3 -4 -2 -3 -4 -2 -5 -4 -1 -1 -5 -3  1   78   0   2   1   1   0   0   0   0   2   1   0   1   0   0   2   3   0   1   9  1.23 0.55
  106 S   -1 -4 -2 -3  1 -3 -3 -2  0 -5 -5 -3 -1 -3 -4  7 -2 -5 -1 -5    2   0   1   0   3   0   1   2   2   0   0   0   1   1   0  84   0   0   2   0  1.53 0.66
  107 Y   -5 -5 -3 -6  0 -2 -5 -6  2 -5 -3 -5 -4  0 -6 -3 -5 -2  9 -5    0   0   1   0   2   1   0   0   4   0   2   0   0   2   0   2   0   0  85   0  2.55 0.81
  108 V    0 -4 -3 -3 -2  1 -3 -4 -4  1 -1 -3 -1 -3 -3 -2  2 -5 -4  5    7   0   0   1   1   8   1   0   0   5   3   0   1   0   1   2  16   0   0  54  0.74 0.39
  109 Y   -3 -5 -6 -5  1 -5 -6 -7 -1 -5 -5 -6 -5  0 -7 -5 -5 -2 10 -5    2   0   0   1   3   0   0   0   1   0   0   0   0   1   0   1   0   0  91   0  2.93 0.90
  110 H   -3 -3 -4 -5 -4  0 -3 -5  5 -1  5 -4  3 -2 -5 -4 -1 -4 -2 -2    1   1   0   0   0   4   1   0  18   0  59   0   9   1   0   0   4   0   1   1  1.00 0.46
  111 A    3 -3 -2 -4 -2 -3 -3 -3 -4 -5 -4 -3 -4 -4 -3  6 -1 -6 -5 -4   25   1   1   0   1   1   1   1   0   0   1   0   0   1   1  67   1   0   0   0  1.29 0.59
  112 L   -4 -5 -6 -6 -5 -4 -6 -5 -5 -2  3 -5 10 -1 -6 -5 -2 -5 -4 -1    0   0   0   0   0   0   0   1   0   1  23   0  68   2   0   0   2   0   0   2  2.11 0.74
  113 F    4 -4 -2 -4 -3 -3 -3  1 -1 -4 -3 -3 -3  2 -3  2 -2  1  2 -3   44   0   1   0   0   0   0  12   1   0   1   0   0   9   1  19   1   2   7   1  0.65 0.38
  114 A    2 -4 -3 -4  0 -3 -4 -4  1 -2 -3 -4 -1  5 -5 -1 -1 -1  6 -2   22   0   1   0   2   1   0   0   3   1   0   0   1  29   0   5   3   0  29   1  0.94 0.43
  115 Y   -5 -3 -3 -6 -1 -5 -5 -6  5 -5 -5 -5 -5  2 -6 -4 -4  0  9 -5    0   1   1   0   1   0   0   0  14   0   0   0   0   7   0   1   1   1  73   0  2.34 0.76
  116 F   -4 -6 -7 -7 -6 -7 -7 -7 -5 -3 -2 -7 -4  9 -7 -4 -6 -3  1 -4    1   0   0   0   0   0   0   0   0   1   3   0   0  91   0   1   0   0   3   0  2.66 0.81
  117 D   -3 -5  2  8 -6 -2 -1 -1 -2 -6 -7 -3 -6 -6 -5 -1 -4 -7 -5 -6    2   0   7  76   0   1   2   4   1   0   0   1   0   0   0   5   0   0   0   0  1.79 0.64
  118 R   -5  8 -3 -5  1  1 -3 -5  1 -6 -6 -1 -5 -6 -3 -3 -5 -6 -5 -6    0  83   1   0   4   5   0   1   3   0   0   0   0   0   1   1   0   0   0   0  2.07 0.73
  119 D   -2 -5  0  8 -3 -3  0 -3  1 -6 -6 -4 -6 -7 -5 -1 -3 -7 -6 -6    3   0   2  80   1   0   5   1   3   0   1   0   0   0   0   3   1   0   0   0  1.93 0.68
  120 N   -5 -5  4  8 -7 -2 -1 -4 -3 -7 -7 -4 -6 -7 -5 -2 -2 -8 -4 -6    0   0  17  76   0   1   2   0   0   0   0   0   0   0   0   1   2   0   0   0  1.98 0.69
  121 I   -2 -6 -6 -6 -4 -3 -6 -4 -6  2 -2 -4 -1 -4 -6 -4 -3 -6 -5  7    3   0   0   0   0   1   0   1   0   8   1   1   1   0   0   0   0   0   0  82  1.63 0.63
  122 A    7 -5 -3 -4 -2 -4 -4 -1 -3 -5 -5 -4 -4 -6 -4  0 -2 -6 -3 -4   85   0   1   0   0   0   0   4   1   0   0   0   0   0   0   6   1   0   1   0  1.62 0.67
  123 L   -5 -4 -6 -7 -5 -2 -4 -5 -6 -2  6 -5  0 -1 -6 -2 -4 -1 -4 -3    0   1   0   0   0   2   1   1   0   0  90   0   1   2   0   4   0   1   0   0  1.61 0.63
  124 K   -2  0 -1 -2 -4 -1  2 -3  1 -5 -5  5 -3 -6  5 -2 -3 -6 -3 -5    1   3   2   1   0   1  12   2   4   0   0  42   0   0  27   3   1   0   1   0  0.99 0.46
  125 G   -3 -3  5 -2 -6 -3 -4  5  4 -6 -6 -1 -5 -6 -3 -2 -4 -6 -5 -6    0   1  28   1   0   1   0  52  12   0   0   3   0   0   1   1   0   0   0   0  1.38 0.55
  126 L   -3 -6 -6 -6 -5 -6 -6 -6 -3  0  2 -6  1  8 -6 -4 -4 -3  0  1    2   0   0   0   0   0   0   0   1   5  16   0   3  60   0   1   0   0   1  11  1.46 0.55
  127 A    5 -2 -3 -2 -1 -1 -2  0  3 -3 -4 -1 -3  0 -3  2 -1 -4  0 -2   51   1   0   1   1   2   1   5   7   0   0   4   0   4   0  15   2   0   3   1  0.62 0.37
  128 K   -1  3 -2 -2 -2  1  0 -2  4 -5 -5  6 -2 -5 -3 -1 -2 -5 -4 -5    4  13   1   2   1   5   6   2  12   0   0  49   1   0   0   3   1   0   0   0  0.94 0.44
  129 F   -5 -6 -6 -7  1 -6 -6 -6  0 -4 -2 -6 -4  8 -7 -5 -5 -2  6 -4    0   0   0   0   3   0   0   0   2   0   2   0   0  62   0   0   0   0  30   1  2.15 0.71
  130 F   -6 -7 -7 -7 -3 -7 -7 -7 -5 -4 -2 -7 -4  9 -8 -5 -6 -1  0 -5    0   0   0   0   1   0   0   0   0   0   2   0   0  95   0   1   0   1   1   0  2.95 0.89
  131 K   -3  3 -2 -4 -3  0 -2 -5  0 -2  3  4 -1 -4 -4 -3 -3 -5 -3 -3    1  16   2   0   1   3   1   0   3   1  36  34   1   0   0   1   0   0   0   0  0.73 0.40
  132 E   -2  2  0  0 -2  1  4 -3  5 -5 -3  3 -4 -5 -4 -1 -2 -5 -3 -4    2  11   3   3   1   5  31   2  17   0   2  18   0   0   0   3   1   0   0   1  0.71 0.37
  133 S    1  0 -1 -3  1  5  0 -3 -1 -3  1  0 -1 -4 -4  2 -2 -5 -4 -3   15   5   2   0   3  31   3   1   1   0  13   4   2   0   0  19   0   0   0   0  0.51 0.35
  134 S    2 -4 -3 -4 -1 -4 -4 -3 -5 -6 -5 -4 -5 -4 -3  7 -2 -3 -5 -4   13   0   0   0   1   0   0   0   0   0   1   0   0   1   1  82   1   0   0   0  1.65 0.73
  135 E   -2  0 -2  3 -1  1  3 -4  6 -3 -2  0 -2 -4 -1 -2 -3 -3 -2 -3    3   5   0  18   2   4  22   0  26   1   6   6   1   0   3   2   0   0   0   1  0.69 0.37
  136 E   -3 -3 -2  0 -7  0  7 -4 -4 -3 -6  1 -5 -7 -5 -3 -3 -6 -4 -5    1   1   1   3   0   2  80   1   0   2   0   8   0   0   0   1   1   0   0   1  1.74 0.70
  137 E   -4 -2 -4 -2  1 -1  7 -5  2 -6 -6  3 -5 -6 -5 -4 -4 -6 -5 -5    0   1   0   0   3   1  71   1   5   0   0  18   0   0   0   0   0   0   0   0  1.64 0.67
  138 R   -4  7 -2 -5 -5  0 -3 -4  1 -3 -4  1 -1 -5 -5 -3 -1  0 -3 -5    0  74   1   0   0   3   0   1   3   1   2   5   2   0   0   2   4   1   1   0  1.64 0.64
  139 E   -1 -2 -3  0 -5  1  7  0 -3 -6 -6  0 -5 -6 -4 -2 -2 -6 -4 -5    4   1   1   4   0   4  71   7   0   0   0   4   0   0   0   1   2   0   0   0  1.38 0.60
  140 H   -4  0 -3 -3 -2  0 -4  0 10 -7 -6 -3 -5 -2 -5 -2 -4 -6 -2 -7    1   4   0   1   1   4   0   7  75   0   0   1   0   2   0   3   1   0   0   0  2.44 0.82
  141 A    7 -5 -5 -5 -4 -4 -5 -3 -5 -3 -4 -4 -4 -6 -3 -2 -3 -6 -2 -2   92   0   0   0   0   0   0   1   0   1   1   0   0   0   1   1   1   0   1   2  1.84 0.74
  142 E   -4 -1 -2 -1 -5  3  7 -5  1 -3 -6 -1  0 -6 -5 -3 -3 -6 -5 -4    0   2   2   2   0  14  69   0   3   1   0   3   2   0   0   0   1   0   0   1  1.49 0.63
  143 Q   -3  2 -2 -3 -2 -1  1 -4 -2 -4 -2  6  3 -5 -4 -2 -1 -6 -4 -4    1  12   1   1   1   2   7   1   1   0   5  57   7   0   0   2   3   0   0   1  0.99 0.48
  144 L   -5 -5 -7 -7 -5 -5 -6 -7 -6  0  6 -6  1  3 -5 -6 -4  0 -3 -2    0   0   0   0   0   0   0   0   0   4  77   0   2  14   0   0   0   1   0   1  1.47 0.57
  145 I   -3 -4 -6 -7 -5 -3 -5 -7 -2  1  2 -4  9 -4 -6 -5 -4 -5 -5 -1    2   0   0   0   0   1   0   0   1   8  20   1  64   0   0   0   0   0   0   3  1.94 0.73
  146 K   -2  2 -1  0 -4  2  2 -4  1 -5 -5  5 -2 -2 -4  0  0 -1 -4 -4    1  11   1   5   0   7  16   0   3   0   0  41   1   2   0   5   5   1   0   0  0.70 0.37
  147 Y   -5 -5 -6 -6 -3 -3 -5 -6 -1 -2  4 -5  3  3 -6 -5 -3 -2  7 -3    0   0   0   0   0   1   0   0   1   1  36   0   7   9   0   0   1   0  43   1  1.39 0.56
  148 Q   -5 -3 -4 -5 -7  9 -2 -6 -1 -5 -3 -3  1 -7 -6 -4 -5 -6 -5 -4    0   0   0   0   0  90   0   0   1   1   3   0   4   0   0   0   0   0   0   1  2.53 0.94
  149 N   -3 -4  9 -3 -2 -4 -4 -4 -2 -4 -6 -2 -6 -7 -6 -2  0 -8 -6 -5    2   0  87   0   1   0   0   0   1   1   0   1   0   0   0   1   5   0   0   0  2.33 0.83
  150 I   -3  1 -3 -2 -3  5  0 -4 -2 -2 -1  4  1 -5 -3 -2  0 -3 -4 -3    1   6   0   1   1  35   3   0   0   2   7  32   4   0   1   1   5   0   0   1  0.82 0.44
  151 R   -5  8 -4 -6 -3 -2 -4 -5  2 -7 -5 -2 -5 -7 -6 -5 -5 -7 -5 -6    0  91   0   0   1   1   0   1   5   0   1   0   0   0   0   0   0   0   0   0  2.48 0.86
  152 G   -3 -6 -4 -4 -6 -5 -6  7 -6 -7 -7 -5 -2 -7 -6 -2 -5 -6 -7 -5    0   0   0   0   0   0   0  95   0   0   0   0   1   0   0   3   0   0   0   1  2.38 0.78
  153 G   -2 -6 -4 -3 -6 -5 -4  7 -6 -8 -7 -5 -6 -7 -6 -2 -5 -6 -7 -7    1   0   0   1   0   0   1  95   0   0   0   0   0   0   0   2   0   0   0   0  2.37 0.77
  154 R   -4  7 -1 -3  1 -1 -3 -5  2 -6 -3  1 -4 -4 -2 -2 -4 -2 -5 -6    0  71   2   1   4   2   1   0   4   0   3   7   0   1   2   3   1   1   0   0  1.54 0.61
  155 V    0 -5 -4 -6 -4 -5 -5 -6 -6  6  0 -5 -1 -2 -4 -3 -2 -5 -4  5    7   0   1   0   0   0   0   0   0  43   5   0   1   1   1   1   1   0   0  38  1.12 0.47
  156 V   -2  1 -3 -4  4 -1 -2 -4  0  1  0  1 -1  3 -3 -1 -1 -3  0  3    1   7   1   0   9   2   3   0   2   5   9   9   0  15   0   4   2   0   2  29  0.31 0.24
  157 L   -4 -5 -6 -7 -3 -5 -6 -7 -5 -1  6 -6  0  4 -6 -6 -4 -4  1 -2    1   0   0   0   0   0   0   0   0   1  76   0   1  16   0   0   0   0   4   1  1.47 0.58
  158 H   -3  2 -1 -3 -2  6 -1 -3  4 -5 -2  1  0 -2 -1 -1 -2 -5 -4 -5    0   9   2   1   1  48   2   2  10   0   5   6   2   2   3   5   2   0   0   0  0.92 0.48
  159 P   -1 -3  0  7 -4 -2 -1 -3 -1 -6 -6 -4 -5 -6  2  1 -2 -7 -6 -5    5   1   4  60   0   1   1   1   1   0   0   0   0   0  10  13   2   0   0   0  1.29 0.54
  160 I   -4 -6 -6 -6 -4 -6 -6 -7 -6  7  1 -6  0 -3 -6 -5 -3 -6 -4  3    0   0   0   0   0   0   0   0   0  68  10   0   2   0   0   0   1   0   0  19  1.60 0.59
  161 T    0  2 -2 -2 -3  3  0 -2 -1 -3 -1  4  0 -4  1 -1 -1 -3 -4 -1   10  11   1   0   0  12   4   1   1   1   6  33   3   0   6   3   2   0   0   6  0.40 0.27
  162 S    0  1 -1 -3 -2 -1  0 -4 -3 -4 -3  6  2 -5 -1 -1 -1 -5 -4 -3    9   7   2   1   1   1   4   0   0   0   1  57   6   0   3   3   2   0   0   2  0.88 0.45
  163 P   -3 -6 -6 -5 -6 -5 -5 -6 -6 -6 -6 -5 -6 -7  9 -3 -3 -7 -6 -4    1   0   0   0   0   0   0   0   0   0   0   0   0   0  93   1   1   0   0   1  2.98 0.90
  164 P    0 -1  0  1  0  1  1  0 -1 -1  0 -1 -1 -1  2  1  0 -2 -2 -1    9   2   3  11   2   6  12   5   1   3  10   3   2   2  10  11   4   0   1   4  0.11 0.06
  165 S    0  1 -1 -1  1  2  0 -1 -1 -1 -1  0  1 -1  1  1  1 -2 -1 -1    4  11   2   2   4  15   5   3   1   2   7   5   4   3   6  12   9   1   1   4  0.11 0.08
  166 E   -1 -1  0  4  1  2  3 -1  0 -2 -2  0 -2 -2 -1 -1 -1 -2 -2 -2    3   3   3  24   3  11  21   4   2   2   4   4   1   2   2   4   3   1   1   3  0.32 0.12
  167 F    0 -1  0 -1 -1 -1  0  0  0  0  0 -1  0  3 -1  0  0  0  2  0    7   3   4   4   1   3   5   7   2   4   8   4   1  21   3   9   4   1   6   5  0.08 0.04
  168 E   -1 -1  0  5 -2  0  3 -2 -1 -2 -2 -1 -2 -1 -1 -1 -1  3 -2 -2    4   2   3  33   1   3  21   3   2   2   4   3   1   2   2   4   3   5   1   3  0.47 0.17
  169 H   -1  4  1 -1 -2  0 -1  0  5 -2 -2  1 -2 -2 -2  0 -1 -2  0 -2    3  24   6   2   1   3   3   6  20   2   5   9   1   1   2   5   2   0   2   2  0.39 0.16
  170 S    0 -1  1  4 -2  0  0 -1  0 -2 -2 -1 -2 -2  1  1  0 -2 -1 -1    7   2   7  30   1   3   4   3   2   2   4   4   1   1   7   9   5   0   2   6  0.27 0.12
  171 E   -2 -2  0  4 -3  0  5 -2 -1 -4 -4 -1 -3 -4 -3 -1 -1 -4 -3 -4    3   2   4  28   1   3  43   3   1   1   1   2   0   1   1   2   2   0   0   1  0.86 0.35
  172 K   -5 -3 -2 -5 -2 -3 -4 -5 -5 -5 -4  3 -4 -1 -5 -4 -3 12 -2 -5    1   1   2   0   1   1   1   1   0   0   1  19   0   2   0   1   2  65   0   0  2.82 0.81
  173 G   -1 -2 -1 -1 -4 -1  3  5 -2 -3 -4 -1 -4 -3 -3  0 -2 -4 -4 -4    3   2   3   3   0   1  26  45   1   2   2   2   0   1   1   6   1   0   0   1  0.76 0.35
  174 D   -2 -3  3  4  0 -2 -1  0 -3 -4 -5  0 -4 -5 -3  4  1 -5 -4 -3    1   1  16  22   2   0   2   8   0   0   0   6   0   0   0  33   9   0   0   1  0.66 0.36
  175 A    3 -1 -3 -4  0 -3 -4  5 -3 -4 -2 -3 -4 -5  1 -1  1 -5 -4 -2   26   3   0   0   2   0   0  44   0   1   3   1   0   0   6   2   9   0   0   2  0.76 0.37
  176 L   -4 -3 -4 -5 -4  1 -3 -6 -3  0  5 -3  1 -1 -3 -4 -3 -3 -3  0    0   1   1   0   0   6   1   0   1   3  72   1   2   1   2   1   1   0   0   6  1.01 0.46
  177 Y   -1  0  2  3 -5  2  3 -3  2 -4 -3  1 -2 -3 -3 -1 -2 -3  4 -2    3   3  10  18   0   8  18   1   5   0   1  10   1   0   1   3   2   0  15   2  0.45 0.27
  178 A    7 -3 -5 -5 -4 -4 -4 -2 -5 -5 -5 -4 -4 -6 -4 -1 -1 -6 -5 -2   90   1   0   0   0   0   0   1   0   0   0   0   0   0   0   3   3   0   0   2  1.79 0.72
  179 M   -5 -4 -6 -7 -5 -4 -6 -6 -4 -1  2 -3 10  1 -6 -5 -3 -5 -4 -1    0   1   0   0   0   0   0   0   0   3  16   1  70   4   0   0   2   0   0   2  2.14 0.78
  180 E   -3 -2 -2 -1 -4  4  6 -3 -3 -6 -5  1 -3 -5 -4 -2 -2 -1 -5 -5    1   1   1   1   0  16  63   1   0   0   1   7   1   0   0   1   2   1   0   0  1.35 0.59
  181 L    2 -3 -3 -1  7 -3 -2 -3  1 -2  1 -4 -1  0 -4  0  0 -4 -1 -1   17   1   0   5  28   1   3   1   3   1  18   0   1   4   0   6   6   0   2   3  0.59 0.32
  182 A    7 -5 -5 -5 -4 -4 -4 -3 -2 -4 -3 -4 -4 -5 -4  0 -1 -6 -5 -3   86   0   0   0   0   0   0   1   1   1   2   0   0   0   0   5   3   0   0   1  1.62 0.67
  183 L   -4 -5 -6 -6 -4 -5 -6 -6 -4 -1  6 -5  2  2 -5 -4 -4 -4 -3 -1    0   0   0   0   0   0   0   0   0   2  80   0   4   9   0   2   0   0   0   1  1.44 0.57
  184 S    1 -1  1  0 -1  3  0 -2  6 -3 -2  0 -2 -3 -3  2 -1 -4 -1 -2   12   2   7   6   2  14   5   1  22   1   3   5   0   1   0  15   2   0   1   3  0.42 0.28
  185 L   -4 -5 -6 -6 -4 -5 -5 -6 -4  0  6 -5  4 -2 -5 -4 -3 -1 -2 -1    1   0   0   0   0   0   0   0   0   3  79   0   9   1   0   1   1   1   1   3  1.42 0.55
  186 E   -2 -4 -4 -2 -7  0  8 -5 -4 -6 -6 -2 -5 -6 -5 -4 -4 -6 -5 -4    3   0   0   0   0   3  91   1   0   0   0   1   0   0   0   0   0   0   0   1  2.16 0.79
  187 K   -4  1 -2 -4 -6 -1 -2 -5 -3 -5 -2  7  1 -6 -4 -4 -4 -6 -5 -4    0   6   1   0   0   1   1   0   0   0   4  79   4   0   0   0   0   0   0   1  1.67 0.66
  188 L   -1 -1  3  0  1  0  0 -2  1 -2  1  1 -1 -2 -3  2  1 -4 -1 -2    3   2  20   3   4   2   7   1   3   1  16   8   1   1   0  19   7   0   2   1  0.24 0.21
  189 T   -3 -5  0 -5 -4 -4 -4 -5 -5  2  1 -4 -2 -2 -5 -3  1 -5 -3  6    1   0   6   0   0   0   1   0   0  10  11   0   0   1   0   1   8   0   1  60  0.97 0.45
  190 N   -4 -4  8 -2 -6 -2 -4 -4 -1 -5 -6 -3 -5 -1 -5 -2 -2 -2  0 -6    1   0  83   1   0   1   0   0   1   1   1   1   0   3   0   1   2   1   3   0  2.12 0.77
  191 E   -2 -1 -2 -1 -2  7  3 -5 -2 -6 -4  0 -2 -6 -4 -2 -2 -5 -4 -5    3   2   1   3   1  63  17   0   1   0   1   4   1   0   0   1   2   0   0   0  1.48 0.64
  192 K    2 -1 -1 -3 -2 -2 -2 -2  1 -5 -5  3 -3 -5 -2  5 -1 -3 -4 -4   19   2   2   0   1   1   1   2   3   0   0  18   1   0   1  49   1   0   0   0  0.82 0.46
  193 L   -4 -5 -6 -7 -2 -5 -6 -7 -6  0  6 -6  0 -1 -3 -5 -4 -5 -3 -2    1   0   0   0   1   0   0   0   0   3  89   0   1   1   2   0   0   0   1   1  1.64 0.63
  194 L   -4 -3 -6 -6 -2 -2 -4 -6  0 -1  6 -5  0 -2 -5 -5 -4 -5 -2 -1    0   2   0   0   1   2   1   0   2   1  84   0   1   1   0   0   1   0   1   2  1.41 0.58
  195 H   -1 -2  3  6 -5 -1  4 -3  0 -4 -5 -1 -4 -5 -4 -2 -3 -6 -3 -3    6   1  13  41   0   2  24   1   2   1   1   3   0   0   0   2   1   0   1   1  0.92 0.42
  196 V   -3 -4 -6 -7 -2 -5 -6 -6 -6 -1  6 -5  1 -1 -6 -5 -4 -5 -4  1    1   0   0   0   1   0   0   0   0   1  83   0   2   2   0   0   0   0   0   9  1.47 0.58
  197 H   -4 -1 -2 -4 -1 -2 -4 -4 10 -7 -6 -4 -5 -5 -6 -5 -5  0  2 -4    1   4   1   1   2   1   0   1  79   0   0   0   0   0   0   0   0   1   7   1  2.72 0.88
  198 S    2  2  0 -2 -2  3  1  0  1 -4 -4  3 -3 -4 -3  1 -1 -4 -3 -3   17   8   4   1   1  12   7   7   3   0   0  26   0   0   0   9   2   0   0   1  0.39 0.27
  199 V   -2 -3 -5 -5 -3 -4 -5 -4 -5  2  4 -3  1 -2 -4 -4 -1 -4 -3  3    2   1   0   0   0   0   0   1   0  10  50   1   2   0   0   0   4   0   0  26  0.80 0.38
  200 A    7 -5 -5 -3  0 -4 -4  1 -5 -5 -5 -4 -4 -6 -4 -1 -2 -6 -5 -2   84   0   0   1   1   0   0   8   0   0   0   0   0   0   0   2   1   0   0   1  1.56 0.67
  201 E   -1 -2  0  2  0 -1  1  0 -1 -4 -3 -1 -2 -4 -3  3  4 -5 -4 -2    4   1   3  12   2   1   7   7   1   0   1   4   1   0   0  23  30   0   0   2  0.46 0.31
  202 R    0  2  0  4 -3  1  2 -1 -1 -4 -4  2 -3 -4 -3  0  0 -5 -3 -3    8  10   4  23   0   4  16   3   1   0   1  16   0   0   0   7   4   0   1   1  0.43 0.25
  203 N   -2  2  3 -2  2  0  0 -3  6 -4 -5  4 -2 -5 -4 -1 -2 -5 -2 -4    3   9  14   1   5   2   4   1  22   0   0  32   1   0   0   3   1   0   1   0  0.82 0.42
  204 N   -1 -1  6  1 -5 -2 -1  3 -1 -5 -5 -1 -2 -4 -4  1 -1 -5 -4 -3    5   4  40   5   0   1   3  22   1   0   0   4   1   1   0   9   4   0   0   2  0.74 0.38
  205 D   -5 -4 -2  8 -7 -4 -2 -4 -3 -7 -7 -4 -7 -7 -3 -4 -5 -8 -7 -7    0   1   1  94   0   0   1   1   1   0   0   0   0   0   1   0   0   0   0   0  2.57 0.87
  206 P    2 -5 -4 -4 -5 -4 -2 -4 -3 -4 -2 -4 -3 -4  7 -1 -1 -6 -4  0   21   0   0   0   0   0   2   1   1   0   5   0   0   0  56   4   3   0   0   6  1.42 0.58
  207 Q   -3 -1  1 -3 -6  6 -2 -4  9 -4 -6 -3 -5 -5 -4 -3 -4 -6 -2 -6    2   3   7   1   0  33   2   1  49   1   0   0   0   0   1   1   0   0   1   0  1.85 0.72
  208 X   -1 -1 -1 -1 -1 -1 -1 -1 -1 -1 -1 -1 -1 -1 -1 -1 -1 -1 -1 -1    1   2   0   0   0   0   0   0   0   2  72   0  15   6   0   0   1   0   0   1  0.00     0.00
  209 A    0 -2 -4 -6 10  1 -5 -4 -3 -4 -4 -5  0 -5 -4  0  2 -3 -4 -3    8   2   0   0  59   6   0   1   1   0   1   0   3   0   1   6  11   0   1   1  1.85 0.69
  210 D   -4 -5  1  8 -4 -2 -1 -3  3 -6 -7 -3 -6 -6 -3 -2 -4 -7 -2 -6    1   0   5  77   0   1   2   1   7   0   0   1   0   0   1   2   0   0   1   0  1.89 0.72
  211 F   -6 -6 -6 -7 -6 -6 -5 -7 -3 -4 -2 -6 -2  9 -7 -4 -6  1  3 -4    0   0   0   0   0   0   0   0   0   0   2   0   1  85   0   1   0   1   7   0  2.52 0.83
  212 I   -4 -5 -6 -6 -4 -5 -5 -6 -6  5  5 -5  0 -2 -5 -4 -2 -5 -4  1    0   0   0   0   0   0   0   0   0  33  53   0   1   1   0   1   2   0   0   9  1.15 0.49
  213 E   -3 -3 -3 -1 -7 -1  7 -3 -4 -6 -6  0 -5 -3 -5 -4 -3 -6 -5 -6    2   0   0   1   0   1  86   2   0   0   0   4   0   1   0   0   1   0   0   0  1.95 0.77
  214 S    0 -1  1  0 -3  0  0  1 -1 -3 -4 -1 -3 -4 -3  3  4 -2 -4 -3    4   3   6   5   0   4   5  10   1   1   0   2   0   0   1  29  28   0   0   0  0.50 0.33
  215 E   -4 -1  2  0 -4 -1  4 -3  8 -6 -6 -1 -5 -5 -4 -3 -2 -5 -1 -5    1   3  11   5   0   1  28   1  42   0   0   2   0   0   0   0   2   0   1   0  1.35 0.57
  216 F   -5 -5 -6 -6  1 -5 -6 -6  0 -4 -1 -5  1  7 -6 -5 -5 -2  7 -4    0   0   0   0   3   0   0   0   2   0   5   0   3  44   0   1   0   0  41   0  1.86 0.67
  217 L   -5 -5 -7 -7 -5 -5 -6 -7 -4 -1  7 -6  0 -2 -5 -6 -4 -5 -4 -2    0   0   0   0   0   0   0   0   1   0  94   0   2   0   0   0   0   0   0   1  1.83 0.69
  218 Y   -1 -1  3  3 -4  2  2  0  4 -3 -4  0 -3 -4 -3  0  0 -5 -2 -3    4   2  15  22   0  11  11   5  11   1   1   5   0   0   0   4   6   0   1   1  0.46 0.27
  219 E   -4 -3 -2  1 -4  2  7 -5  0 -5 -6  0 -3 -6 -3 -2 -2 -6 -5 -5    0   0   1   8   0   9  70   0   2   0   0   5   1   0   1   1   2   0   0   0  1.45 0.62
  220 Q   -4 -1 -4 -4 -4  8  1 -4 -3 -6 -6 -2 -4 -7 -3 -1 -4 -6 -5 -6    0   2   0   0   0  82   9   1   0   0   0   1   0   0   1   3   0   0   0   0  2.19 0.86
  221 V   -1 -6 -6 -6 -4 -5 -3 -6  0  0 -3 -5 -1 -4 -6 -4 -2 -6 -4  7    4   0   0   0   0   0   2   0   2   1   0   0   1   0   0   1   1   0   0  88  1.75 0.71
  222 K   -3  0 -1  3 -4  2  4 -3  0 -5 -5  5 -4 -6 -4 -2 -2 -6 -5 -5    1   2   1  14   0   7  31   1   2   0   0  38   0   0   0   0   1   0   0   0  0.98 0.48
  223 S    3 -3 -2  0 -3 -3 -3 -1 -3 -1  0 -3 -2  0 -3  3  1 -4 -3 -1   31   0   1   5   0   0   0   4   0   3   8   0   0   5   0  31   8   0   0   4  0.44 0.33
  224 I   -4 -6 -5 -6 -4 -2 -6 -7 -6  7  0 -5  2 -3 -6 -5 -3 -6 -4  1    0   0   1   0   0   2   0   0   0  79   5   0   4   0   0   0   1   0   0   7  1.72 0.65
  225 K   -4  0  1 -4 -7 -1 -1 -5 -3 -6 -6  8 -5 -7 -5 -3 -3 -7 -4 -6    1   3   5   0   0   1   2   0   0   0   0  87   0   0   0   0   1   0   0   0  1.97 0.77
  226 K   -3 -1 -3 -2 -2  2  5 -4 -3 -3 -4  5 -2 -6 -4 -3 -1 -6 -5 -3    1   1   0   0   1   8  44   0   0   1   1  34   1   0   0   0   4   0   0   2  1.05 0.52
  227 I   -2 -5 -5 -6 -4 -4 -5 -6 -3  4  4 -5  4  1 -5 -4 -3 -4 -3  1    3   0   0   0   0   0   0   0   1  26  49   0   9   4   0   1   0   0   0   6  0.95 0.42
  228 A    3 -3 -3 -2 -3 -4 -4  5 -4 -5 -5 -2 -5 -5 -4  3 -2 -5 -5 -4   24   1   0   1   0   0   0  46   0   0   0   1   0   0   0  26   0   0   0   1  1.06 0.49
  229 E   -4 -2  1  6 -2 -2  3  2  0 -5 -6 -1 -5 -6 -4 -2 -3 -6 -5 -4    0   2   5  53   1   0  16  13   2   0   0   3   0   0   0   1   1   0   0   2  1.12 0.49
  230 Y   -5 -3 -2 -5 -6 -3 -4 -6  8 -5 -2 -5  1  0 -6 -4 -5  1  7 -5    0   1   1   0   0   1   0   0  40   0   4   0   4   2   0   0   0   2  44   0  2.00 0.73
  231 V   -3 -5 -5 -6 -4 -3 -5 -4 -2  4  2 -5 -1 -3 -5 -4 -3 -5 -4  5    1   0   0   0   0   1   0   1   1  26  22   0   0   0   0   1   0   0   0  47  1.04 0.46
  232 A    2 -2 -2 -3 -4 -3 -4 -2 -1 -3 -4 -3 -4 -5 -4  2  6 -6 -5 -3   16   2   1   0   0   0   0   3   1   1   0   0   0   0   0  16  60   0   0   0  1.16 0.58
  233 Q   -4 -1  7 -1 -6  5 -2 -4 -3 -5 -6 -1 -4 -6 -5  0 -1 -6 -3 -5    0   2  55   2   0  26   1   0   0   1   0   2   0   0   0   6   3   0   1   0  1.41 0.62
  234 L   -3 -5 -6 -7 -4 -5 -6 -7 -6  1  6 -6  1 -3 -5 -5 -3 -5 -4 -1    2   0   0   0   0   0   0   0   0   5  89   0   2   0   0   0   1   0   0   2  1.59 0.62
  235 R   -3  6 -2 -3 -1  0  0 -3  2 -3 -3  3 -3 -5 -3 -1 -1 -5 -3 -2    1  47   1   1   1   3   5   1   6   1   2  20   0   0   1   4   4   0   0   2  0.87 0.43
  236 L   -3  7 -2 -4 -6  0 -2 -5 -2 -5 -4  4 -2 -6 -5 -2 -3 -6 -5 -5    1  65   1   0   0   4   1   0   0   0   2  22   1   0   0   2   1   0   0   0  1.57 0.62
  237 V    0 -5 -4 -6  2 -4 -5 -5 -5  1  2 -4  7 -3 -4 -4 -2 -5 -4  4    6   0   1   0   4   0   0   0   0   5  17   0  28   0   0   0   1   0   0  38  0.98 0.47
  238 G   -1 -5 -2 -2 -2  0 -2  7 -4 -6 -6 -2 -5 -6 -5 -3 -3 -6 -6 -6    5   0   1   2   1   4   2  80   0   0   0   2   0   0   0   0   2   0   0   0  1.66 0.61
  239 K    2 -1  2  0 -1 -1  0 -2 -3 -4 -4  2 -2 -5  2  2  1 -5 -4 -3   23   1  10   5   1   1   4   1   0   0   0  16   1   0  10  19   8   0   0   0  0.42 0.29
  240 G   -2 -5 -2 -2 -5 -2 -4  7 -5 -6 -6 -3 -5 -4  1 -1 -3 -6 -6 -6    1   0   1   2   0   2   0  78   0   0   0   2   0   1   7   5   1   0   0   0  1.61 0.60
  241 H   -4 -4 -3 -4 -4 -3 -3 -6  5 -1  5 -4  5 -3 -4 -4 -3 -4 -3  0    0   0   1   1   0   0   1   0  17   1  52   0  19   0   1   0   0   0   0   5  1.08 0.50
  242 G    4 -5 -3 -3 -4 -4 -4  6 -5 -5 -5 -4 -5 -6 -4 -2 -2 -6 -5 -4   36   0   1   1   0   0   0  60   0   0   1   0   0   0   0   0   1   0   0   1  1.43 0.58
  243 V   -2 -4 -4 -1 -5 -1  6 -4 -4 -2 -3 -2 -2 -5 -4 -3 -2 -6 -5  3    2   0   0   3   0   1  63   1   0   2   2   1   1   0   0   0   2   0   0  24  1.19 0.57
  244 W   -6 -6 -6 -7 -3 -5 -6 -6  0 -5 -5 -6 -5  2 -7 -6 -5  8  9 -4    0   0   0   0   1   0   0   0   2   0   0   0   0   6   0   0   0  17  73   1  2.62 0.85
  245 H   -3 -4 -4 -2 -4  1 -3 -5  5  1  4 -4  2 -1 -3 -4 -2 -4 -3 -1    1   0   0   2   0   6   1   0  16   6  54   0   5   2   1   0   1   0   0   3  0.79 0.41
  246 F   -6 -6 -6 -7 -6 -6 -7 -7 -4 -2 -2 -6 -3  9 -7 -4 -5  1  2 -3    0   0   0   0   0   0   0   0   0   1   2   0   0  88   0   1   0   1   5   1  2.52 0.80
  247 D   -5 -5  0  8 -5 -3  1 -3 -2 -7 -7 -3 -6 -7 -5 -4 -4 -8 -6 -7    0   0   2  86   0   1   9   2   1   0   0   0   0   0   0   0   0   0   0   0  2.19 0.75
  248 Q   -4  3 -1 -4 -6  4 -2 -5  1 -5 -5  6 -2 -6 -4 -3 -3 -3 -4 -4    0  16   2   0   0  19   0   0   3   0   0  57   1   0   0   0   1   0   0   1  1.29 0.56
  249 K   -2 -2 -3 -2 -4 -1  2 -3  6 -2  3 -1  3 -1 -4 -2 -2 -4  1 -2    2   1   0   1   0   2  17   1  22   0  31   4   8   2   0   2   1   0   4   2  0.55 0.34
  250 L   -2 -4 -3 -4 -4 -4 -3 -5 -3 -1  3 -4  0 -3 -4  0  6 -5 -4 -2    1   0   0   0   0   0   1   0   0   1  31   0   2   1   0   7  53   0   0   1  0.98 0.51
  251 L   -3 -5 -6 -5 -4 -3 -5 -5 -4  0  6 -4  2 -1 -5 -4 -4 -4 -1 -2    1   0   0   0   0   1   0   1   0   2  86   1   3   2   0   1   0   0   1   0  1.36 0.54
  252 H   -1 -1  2  0 -4  0  1  5  2 -5 -5  2 -4 -4 -3  0 -3 -4 -4 -4    2   3   9   3   0   4   9  44   7   0   0  13   0   1   0   5   0   0   0   0  0.66 0.30
  253 D   -2 -1  2  4 -5  0  3  2  4 -5 -5 -1 -4 -5 -3  0 -2 -5 -3 -5    0   2  10  26   0   2  22  17  14   0   0   2   0   0   0   4   0   0   0   0  0.67 0.29
  254 E   -1 -2 -1  3 -3  0  3  1 -1 -3 -4 -1 -3 -4 -3  4 -1 -4 -2 -3    0   0   1  15   0   3  26  10   1   1   1   1   0   0   0  38   1   0   1   0  0.54 0.28
  255 D   -3 -2  3  6 -5 -1  3 -1 -1 -5 -5 -1 -1 -5 -3 -2 -2 -5 -4 -4    0   0  17  58   0   0  16   4   1   0   0   1   3   0   0   0   0   0   0   0  1.04 0.29
  256 H    1 -1  5  1 -3 -1 -1 -1  3 -3 -3 -1 -2 -3 -2  2 -1 -4 -2 -1   14   0  45   7   0   1   0   0   9   0   0   0   0   0   0  18   0   0   0   6  0.47 0.13
  257 V   -1 -3 -3 -4 -1 -2 -3 -4 -3  3  2 -3  1  0 -3 -2 -1 -3 -1  3    0   0   0   0   0   0   0   0   0  10  32   0   0   0   0   0   0   0   0  58  0.33 0.01

                      K         Lambda
Standard Ungapped    0.1337     0.3166
Standard Gapped      0.0500     0.2670
PSI Ungapped         0.1635     0.3134
PSI Gapped           0.0500     0.2670
