
Last position-specific scoring matrix computed, weighted observed percentages rounded down, information per position, and relative weight of gapless real matches to pseudocounts
           A  R  N  D  C  Q  E  G  H  I  L  K  M  F  P  S  T  W  Y  V   A   R   N   D   C   Q   E   G   H   I   L   K   M   F   P   S   T   W   Y   V
    1 M   -2 -2 -3 -4 -2 -2 -3 -4 -2  0  2 -2  7  3 -3 -2 -2 -2  0  0    0   0   0   0   0   0   0   0   0   0  10   0  73  17   0   0   0   0   0   0  0.66 0.10
    2 A    4 -2 -2 -2 -1 -1 -1  0 -2 -2 -2 -1 -2 -3  2  1  1 -3 -2 -1   65   0   0   0   0   0   3   2   0   0   0   0   0   0  10  10   7   0   0   3  0.43 0.07
    3 V   -1 -3 -3 -4 -3 -2 -3 -3 -1  0  0 -3  9 -2 -2 -1 -1 -3 -3  1    5   0   0   0   0   0   1   1   2   1   0   0  73   0   2   5   2   0   0   7  1.05 0.26
    4 T    2 -2 -1 -2 -2 -2 -2 -1 -2 -2 -3 -1 -2 -3  3  3  3 -4 -3 -1   23   0   0   0   0   0   0   2   0   0   0   1   0   0  15  32  24   0   0   3  0.50 0.15
    5 I   -3 -5 -5 -5 -3 -4 -5 -5 -5  7  0 -4  1 -2 -4 -4 -2 -4 -3  2    0   0   0   0   0   0   0   0   0  86   1   0   2   0   0   0   0   0   0  11  1.23 0.27
    6 T   -1  0 -1 -2 -2  3  0 -3 -2 -1  0  2 -1 -3 -2  1  3 -3 -2  0    1   1   1   0   0  16   2   0   0   3  12  22   0   0   0   8  30   0   0   5  0.29 0.13
    7 W    0  1  0 -1 -2  0 -1 -2  0 -3 -3  5 -2 -3 -1  2  0 -2 -2 -3    7   4   2   3   1   2   0   1   1   1   0  49   0   0   1  24   2   0   0   0  0.50 0.17
    8 V   -2 -4 -5 -5 -2 -4 -4 -5 -5  5  1 -4  0 -2 -4 -3 -2 -4 -3  4    1   0   0   0   0   0   0   0   0  53   5   0   0   0   0   0   0   0   0  40  0.89 0.21
    9 K   -2  0 -1 -2 -2  0 -1 -3  7 -2 -2  3 -2  2 -3 -2 -2 -2  1 -1    1   2   2   1   1   2   0   0  43   2   2  25   0  10   0   1   2   0   2   6  0.69 0.20
   10 A    6 -3 -3 -3 -2 -2 -3  0 -3 -3 -3 -2 -3 -4 -3  0 -2 -4 -4 -2   93   0   0   0   0   0   0   5   0   0   0   0   0   0   0   2   0   0   0   0  1.15 0.28
   11 R   -3  8 -2 -4 -3 -1 -2 -4 -2 -5 -4  0 -3 -5 -4 -3 -3 -5 -4 -5    0  99   0   0   1   0   0   0   0   0   0   0   0   0   0   0   0   0   0   0  1.88 0.35
   12 Q   -2 -1 -1 -1 -4  5  4 -3 -1 -4 -4 -1 -1 -3 -2  1 -1 -3  1 -4    0   0   0   1   0  43  35   0   0   0   0   0   1   0   1  11   1   0   7   0  0.82 0.23
   13 I   -3 -4 -5 -5 -3 -4 -5 -5 -5  7  0 -4  0 -2 -4 -4 -2 -4 -3  3    0   0   0   0   0   0   0   0   0  80   0   0   0   0   0   0   0   0   0  19  1.14 0.26
   14 F   -3 -4 -4 -5 -3 -4 -4 -5 -2  1  2 -4 -1  6 -4 -3 -3  0  5 -1    0   0   0   0   0   0   0   0   0   8  25   0   0  41   0   0   0   0  23   1  0.86 0.19
   15 D   -4 -3  0  8 -5 -2  0 -3 -3 -5 -6 -3 -5 -5 -3 -2 -3 -6 -5 -5    0   0   0  98   0   0   1   0   0   0   0   0   0   0   0   0   0   0   0   0  1.92 0.34
   16 S   -1 -3 -1 -2 -3 -2 -2 -2 -3 -4 -4 -2 -3 -4 -3  7  0 -5 -4 -4    0   0   0   0   0   0   0   0   0   0   0   0   0   0   0  99   0   0   0   0  1.37 0.33
   17 R   -3  8 -2 -4 -5 -1 -2 -4 -2 -5 -4  0 -3 -5 -4 -3 -3 -5 -4 -4    0  99   0   0   0   0   0   0   0   0   0   0   0   0   0   0   0   0   0   0  1.86 0.35
   18 G   -2 -4 -2 -3 -4 -4 -4  7 -4 -6 -5 -3 -5 -5 -4 -2 -3 -4 -5 -5    0   0   0   0   0   0   0  99   0   0   0   0   0   0   0   0   0   0   0   0  1.87 0.31
   19 N   -4 -2  8 -1 -5 -2 -2 -2 -1 -5 -5 -2 -4 -5 -4 -1 -2 -6 -3 -5    0   0  97   0   0   0   1   1   0   0   0   0   0   0   0   0   0   0   1   0  1.90 0.36
   20 P   -3 -4 -4 -4 -5 -3 -3 -4 -4 -5 -5 -3 -5 -6  9 -3 -3 -6 -5 -4    0   0   0   0   0   0   0   0   0   0   0   0   0   0  99   0   0   0   0   0  2.79 0.39
   21 T   -2 -3 -2 -3 -3 -3 -3 -4 -4 -3 -3 -3 -3 -4 -3  0  7 -4 -4 -2    0   0   0   0   0   0   0   0   0   0   0   0   0   0   0   1  99   0   0   0  1.57 0.35
   22 V   -2 -4 -5 -5 -3 -4 -4 -5 -5  2 -1 -4 -1 -2 -4 -3 -2 -5 -3  6    0   0   0   0   0   0   0   0   0   6   0   0   0   0   0   0   0   0   0  93  1.25 0.29
   23 E   -3 -2 -2  0 -6  0  7 -4 -2 -5 -5 -1 -4 -5 -3 -2 -3 -5 -4 -4    0   0   0   0   0   0 100   0   0   0   0   0   0   0   0   0   0   0   0   0  1.74 0.36
   24 V    0 -4 -5 -5  0 -4 -4 -5 -5  1 -1 -4 -1 -3 -4 -3 -2 -5 -3  6    7   0   0   0   2   0   0   0   0   0   0   0   0   0   0   0   0   0   0  91  1.15 0.29
   25 D   -3 -3 -1  7 -5 -1  2 -3 -3 -5 -5 -2 -5 -5 -3 -2 -3 -6 -5 -5    0   0   0  87   0   1  13   0   0   0   0   0   0   0   0   0   0   0   0   0  1.68 0.31
   26 V   -2 -4 -5 -5 -2 -4 -4 -5 -4  2  4 -4  1 -1 -4 -4 -2 -3 -2  3    0   0   0   0   0   0   0   0   0   8  63   0   1   0   0   0   0   0   0  28  0.76 0.19
   27 G   -1 -2 -2 -3  1 -2 -2 -3  2  0 -1 -1 -1  1 -3 -1  3  1  3  2    0   1   0   0   4   0   2   1   7   4   2   3   0   6   0   1  31   2  15  20  0.28 0.13
   28 L   -2 -3 -2 -3  0 -3 -3 -4 -4 -2 -1 -3 -2 -4 -3  0  7 -4 -3 -1    1   0   0   0   2   0   0   0   0   0   6   0   0   0   0   0  90   0   0   1  1.28 0.32
   29 S    1 -1  1  3 -3  0  4 -1  1 -4 -4  0 -3 -4 -2  2 -1 -4 -2 -2   13   1   4  19   0   1  34   2   3   0   0   4   0   0   0  15   0   0   1   1  0.44 0.13
   30 D   -1  0  2  2 -3  0  0 -1  0 -2 -1  4 -1 -3 -2 -1  1 -4 -3 -2    2   2   9  15   0   3   1   3   1   1   9  44   1   0   0   1   8   0   0   0  0.37 0.14
   31 G   -1 -4 -2 -2 -4 -3 -4  7 -2 -5 -5 -3 -4 -5 -4 -2 -3 -4 -5 -5    0   0   0   1   0   0   0  94   1   0   0   1   0   0   0   1   1   0   0   0  1.68 0.29
   32 S   -1  0 -3 -3  0 -1 -3 -2 -2  1  3 -1  3 -1 -3 -1  0 -2 -2  1    1   7   0   0   2   2   0   2   1   6  44   2   9   0   0   3   8   0   0  11  0.26 0.10
   33 Y   -4 -4 -4 -5 -3 -3 -4 -5  3 -2  0 -4 -1  8 -5 -3 -3  0  2 -1    0   0   0   0   0   1   0   0   8   0   4   1   1  77   0   1   1   0   3   3  1.35 0.28
   34 A    1  0  0  0 -1  0  0  0  0  0  0  0  0  0  0  0  0  0  1  0   13   4   4   4   2   3   5   6   3   4   7   5   2   7   4   7   7   1   6   7  0.01 0.00
   35 R   -3  8 -2 -3 -5 -1 -2 -4 -2 -5 -4  0 -3 -5 -4 -2 -3 -5 -4 -4    0  97   0   0   0   0   0   0   0   0   0   0   0   0   0   0   0   0   0   0  1.82 0.35
   36 G    6 -3 -3 -3 -2 -2 -2 -1 -3 -3 -3 -2 -3 -4 -2  1 -1 -4 -3 -2   89   0   0   0   0   0   0   1   0   0   0   0   0   0   0   9   1   0   0   0  1.08 0.28
   37 A    5 -3 -2 -3  1 -2 -2 -1 -3  2 -2 -2  0 -3 -2  1 -1 -4 -3 -1   69   0   0   0   2   1   0   1   0  16   0   0   2   0   0   8   0   0   0   0  0.64 0.21
   38 V   -2 -4 -5 -5  2 -4 -4 -5 -5  1 -1 -4 -1 -3 -4 -3 -2 -5 -3  7    0   0   0   0   5   0   0   0   0   0   0   0   0   0   0   0   0   0   0  95  1.26 0.30
   39 P   -3 -4 -4 -4 -5 -3 -3 -4 -4 -5 -5 -3 -5 -6  9 -3 -3 -6 -5 -5    0   0   0   0   0   0   0   0   0   0   0   0   0   0 100   0   0   0   0   0  2.84 0.40
   40 S   -1 -3 -1 -2 -3 -2 -2 -2 -3 -4 -5 -2 -3 -4 -3  7  0 -5 -4 -4    0   0   0   0   0   0   0   0   0   0   0   0   0   0   0 100   0   0   0   0  1.43 0.35
   41 G   -2 -4 -2 -3 -4 -4 -4  7 -4 -6 -6 -3 -5 -5 -4 -2 -3 -4 -5 -5    0   0   0   0   0   0   0 100   0   0   0   0   0   0   0   0   0   0   0   0  1.91 0.32
   42 A    6 -3 -3 -4 -2 -3 -3 -2 -3 -3 -3 -3 -3 -4 -3 -1 -2 -4 -4 -2  100   0   0   0   0   0   0   0   0   0   0   0   0   0   0   0   0   0   0   0  1.33 0.32
   43 S   -1 -3 -1 -2 -3 -2 -2 -2 -3 -4 -5 -2 -3 -4 -3  7  0 -5 -4 -4    0   0   0   0   0   0   0   0   0   0   0   0   0   0   0 100   0   0   0   0  1.44 0.36
   44 T   -2 -3 -2 -3 -3 -3 -3 -4 -4 -3 -3 -3 -3 -4 -3  0  7 -5 -4 -2    0   0   0   0   0   0   0   0   0   0   0   0   0   0   0   0  99   0   0   1  1.60 0.37
   45 G   -2 -4 -2 -3 -4 -4 -4  7 -4 -6 -6 -3 -5 -5 -4 -2 -3 -4 -5 -5    0   0   0   0   0   0   0 100   0   0   0   0   0   0   0   0   0   0   0   0  1.91 0.32
   46 I   -1 -3 -4 -3 -2  0 -2 -4 -4  5  0 -2  0 -2 -4 -2 -1 -4 -3  4    5   0   0   1   0   6   2   0   0  51   0   1   0   0   0   1   2   0   0  32  0.60 0.19
   47 Y   -4 -3 -2 -4 -5 -2 -3 -4  8 -4 -4 -3 -3  1 -5 -3 -4  0  7 -4    0   0   0   0   0   0   0   0  52   0   0   0   0   3   0   0   0   1  44   0  1.75 0.34
   48 E   -3 -2 -2  0 -6  0  7 -4 -2 -5 -5 -1 -4 -5 -3 -2 -3 -5 -4 -5    0   0   0   0   0   0 100   0   0   0   0   0   0   0   0   0   0   0   0   0  1.75 0.36
   49 A    6 -3 -3 -4 -2 -3 -3 -2 -4 -3 -3 -3 -3 -4 -3 -1 -2 -4 -4 -2  100   0   0   0   0   0   0   0   0   0   0   0   0   0   0   0   0   0   0   0  1.33 0.32
   50 L   -2 -3 -3 -5  4 -3 -4 -5 -2  1  5 -3  1 -1 -4 -3 -2 -3 -2  2    0   1   1   0  10   0   0   0   1   1  68   2   0   0   0   0   0   0   0  17  0.70 0.19
   51 E   -3 -2 -2  0 -6  0  7 -3 -2 -5 -5 -1 -4 -5 -3 -2 -3 -5 -4 -5    0   0   0   0   0   0  99   1   0   0   0   0   0   0   0   0   0   0   0   0  1.72 0.36
   52 L   -3 -4 -5 -5 -3 -4 -4 -5 -4  0  6 -4  3 -1 -4 -4 -3 -3 -3 -1    0   0   0   0   0   0   0   0   0   1  93   0   6   0   0   0   0   0   0   0  1.15 0.27
   53 R   -3  8 -2 -4 -6 -1 -2 -4 -2 -5 -4  0 -3 -5 -4 -3 -3 -5 -4 -5    0 100   0   0   0   0   0   0   0   0   0   0   0   0   0   0   0   0   0   0  1.93 0.37
   54 D   -4 -4 -1  8 -6 -2  0 -3 -3 -5 -6 -3 -5 -6 -4 -2 -3 -6 -5 -5    0   0   0 100   0   0   0   0   0   0   0   0   0   0   0   0   0   0   0   0  2.04 0.36
   55 G   -1 -2  4 -1 -4 -2 -2  6 -2 -5 -5  1 -4 -5 -3 -1 -2 -4 -4 -4    1   0  23   1   0   1   1  64   0   0   0   9   0   0   0   1   1   0   0   0  1.04 0.22
   56 G   -3 -2  0  7 -5 -2  0  2 -3 -4 -5  1 -4 -5 -3 -2 -2 -5 -5 -4    0   0   1  71   0   0   1  16   0   0   0  10   0   0   0   0   0   0   0   1  1.16 0.25
   57 S    0  0  0 -1 -3 -1  0 -1 -2 -4 -4  5 -3 -4  0  4  0 -4 -3 -3    3   0   2   1   0   0   2   2   0   0   0  46   0   0   3  39   3   0   0   0  0.63 0.21
   58 D   -1  4  1  2 -3  1  1 -2 -1 -4 -3  3 -2 -4 -2 -1 -1 -4 -3 -2    5  34   5  11   0   4   9   0   1   0   0  24   0   0   0   2   2   0   0   1  0.50 0.14
   59 Y   -4 -4 -4 -5 -4 -4 -4 -5  1 -3 -3 -4 -3  3 -5 -4 -4  7  8 -3    0   0   0   0   0   0   0   0   2   0   1   0   0   8   0   0   0  18  71   1  1.87 0.34
   60 L   -2 -2 -2 -3 -2 -1 -3  1  4  0  3 -2  4 -1 -4 -2 -2 -3 -2  0    2   1   1   0   1   3   0  11  16   0  42   0  18   0   0   1   0   0   0   4  0.41 0.16
   61 G   -2 -4 -2 -3 -3 -4 -4  7 -4 -6 -6 -3 -5 -5 -4 -2 -3 -4 -5 -5    0   0   0   0   0   0   0  99   0   0   0   0   0   0   0   0   0   0   0   0  1.89 0.33
   62 K   -3  0 -2 -3 -5 -1 -1 -4 -3 -5 -4  7 -3 -5 -3 -2 -3 -5 -4 -4    0   0   0   0   0   0   0   0   0   0   1  99   0   0   0   0   0   0   0   0  1.61 0.36
   63 G   -1 -4 -2 -3 -4 -3 -4  7 -4 -6 -5 -3 -4 -5 -4  0 -3 -4 -5 -5    0   0   0   0   0   0   0  94   0   0   0   0   0   0   0   5   0   0   0   0  1.72 0.31
   64 V   -2 -4 -5 -5 -1 -4 -4 -5 -5  1 -1 -4 -1 -3 -4 -3 -1 -5 -3  7    0   0   0   0   1   0   0   0   0   0   0   0   0   0   0   0   1   0   0  98  1.34 0.32
   65 L   -1 -1 -2 -2 -2  1 -2 -3 -1 -1  3 -1  1  0 -3  2  1 -3 -2 -1    0   2   1   0   0   9   1   0   1   0  46   3   3   3   0  21   9   0   0   0  0.28 0.14
   66 K   -2  1  1 -2 -4  2 -1 -3  0 -4 -4  6 -3 -5 -3 -1  1 -5 -3 -4    0   1   7   0   0   6   0   0   2   0   0  73   0   0   0   0  10   0   0   0  0.95 0.26
   67 A    6 -3 -3 -4 -2 -3 -3 -2 -4 -3 -3 -3 -3 -4 -2 -1 -2 -4 -4 -2  100   0   0   0   0   0   0   0   0   0   0   0   0   0   0   0   0   0   0   0  1.34 0.33
   68 V   -2 -4 -5 -5 -3 -4 -4 -5 -5  3 -1 -4 -1 -2 -4 -3 -2 -5 -3  6    0   0   0   0   0   0   0   0   0  14   0   0   0   0   0   0   0   0   0  85  1.16 0.28
   69 S    1  0  2  2 -3  1  3  0 -1 -4 -4  2 -3 -4 -2  1 -1 -4 -3 -3   17   2  10  13   0   3  26   4   0   0   0  16   0   0   0   8   0   0   0   0  0.37 0.12
   70 N   -3 -2  8 -1 -5 -2 -2 -2  4 -4 -5 -2 -4 -4 -4 -1 -2 -5 -1 -5    1   0  84   0   0   0   0   0  12   1   0   0   0   0   0   0   0   0   2   0  1.56 0.34
   71 V   -2 -4 -5 -5 -2 -4 -4 -5 -5  4  0 -4  0 -2 -4 -3 -2 -4 -3  6    0   0   0   0   0   0   0   0   0  31   1   0   1   0   0   0   0   0   0  68  1.01 0.25
   72 N   -3 -2  8 -1 -5 -1 -1 -2  1 -5 -5 -1 -4 -5 -4 -1 -2 -6 -4 -5    0   1  92   0   0   0   2   0   2   0   0   2   0   0   0   0   1   0   0   0  1.71 0.35
   73 N   -1  0  2  3 -3  0  2 -1 -1 -3 -3  3 -3 -4 -2  1  1 -4 -3 -3    2   0  11  18   0   2  17   2   0   1   0  23   0   0   0  13  10   0   0   0  0.39 0.12
   74 I   -2 -3 -3 -3 -2 -2 -2 -4 -3  5  0 -1  0 -1 -3 -2  2 -4 -2  3    0   0   0   1   0   1   3   0   1  46   2   3   0   1   1   1  20   0   0  20  0.47 0.17
   75 I   -3 -5 -5 -5 -3 -4 -5 -6 -5  7  2 -4  0 -2 -5 -4 -2 -4 -3  1    0   0   0   0   0   0   0   0   0  84  15   0   0   0   0   0   0   0   0   1  1.21 0.28
   76 G    5 -2 -2 -3 -1 -2 -2  3 -3 -3 -3 -1 -2 -4 -2  0 -1 -3 -3 -2   64   1   1   0   1   1   0  25   0   0   0   3   0   0   0   1   1   0   0   1  0.72 0.21
   77 P   -2 -3 -3 -2 -5 -3 -3 -4 -4 -5 -5 -2 -5 -6  8 -2 -3 -6 -5 -4    1   0   1   2   0   0   0   0   0   0   0   2   0   0  92   1   0   0   0   0  2.46 0.37
   78 A    5 -2 -2 -2 -2 -1  2 -1  0 -3 -3  1 -2 -4 -2  0 -1 -4 -3 -2   69   0   0   0   0   1  14   2   2   0   0   8   0   0   0   2   0   0   0   1  0.65 0.22
   79 I   -3 -4 -5 -5 -3 -4 -4 -5 -4  2  5 -4  1  0 -4 -4 -2 -3 -2  1    0   0   0   0   0   0   0   0   0   6  82   0   0   2   0   0   0   0   0  10  0.93 0.23
   80 V   -2 -3 -4 -4  0 -3 -4 -5 -4  5  2 -1  0 -1 -4 -3 -1 -4 -2  3    0   0   0   0   2   1   0   0   0  53  14   6   1   0   0   1   1   0   0  22  0.62 0.18
   81 G    0 -1 -1 -2 -4  0  0  5 -2 -4 -4  3 -3 -4 -2  0 -2 -4 -4 -4    6   0   1   0   0   3   4  52   1   0   0  26   0   0   0   7   0   0   0   0  0.73 0.18
   82 K    0  0 -2 -2 -3  1  0 -3 -2  0  1  4  2 -1 -3 -1 -2 -3 -2 -1    7   0   0   0   0   7   5   0   0   4  20  41  10   1   0   1   0   0   0   3  0.31 0.14
   83 D   -2 -2  4  6 -3 -1  1 -2 -2 -4 -4  0 -4 -5 -1  0 -2 -5 -4 -4    1   0  21  57   0   0   4   1   0   0   1   7   0   0   3   3   0   0   0   0  0.94 0.21
   84 P   -1 -4 -4 -4  1 -3 -2 -4 -4  1 -1 -3 -1 -2  4 -3 -1 -4 -3  5    4   0   0   0   3   0   1   0   0   1   2   0   0   0  21   0   1   0   0  65  0.77 0.22
   85 T    0  1 -1 -2  0 -1 -2 -3 -3 -1 -1  1 -2 -3 -3  0  5 -4 -3  1    5   7   2   0   1   0   0   0   0   0   3  11   0   0   0   2  54   0   0  13  0.50 0.19
   86 E   -1 -1  2  4 -4  3  3 -2  0 -4 -4  1 -3 -4 -2  0 -2 -4 -3 -4    3   0  11  34   0  14  24   1   1   0   0   8   0   0   0   2   0   0   0   0  0.65 0.16
   87 Q   -3 -1 -2 -2 -5  8  0 -4 -2 -4 -4 -1 -3 -5 -3 -2 -3 -4 -4 -4    0   0   0   0   0  99   0   0   0   1   0   0   0   0   0   0   0   0   0   0  1.96 0.42
   88 V    1  1 -1  0 -2  1  2 -1  0 -3 -3  3 -2 -3 -2  1  1 -4 -2 -1   13   6   1   1   0   4  20   2   2   0   0  26   0   0   0   7  14   0   1   3  0.29 0.11
   89 E    2  0 -1  1 -3  1  3  0 -1 -4 -3  3 -2 -4 -2  0 -2 -4 -3 -3   22   0   0   7   0   3  29   8   0   0   0  27   0   0   0   2   0   0   0   0  0.44 0.15
   90 I   -2 -4 -5 -5 -2 -4 -4 -5 -4  6  2 -4  0 -1 -4 -3 -2 -4 -2  3    1   0   0   0   0   0   0   0   0  59  16   0   1   2   0   0   0   0   0  21  0.81 0.20
   91 D   -4 -4 -1  8 -6 -2  0 -3 -3 -5 -6 -3 -5 -6 -4 -2 -3 -6 -5 -5    0   0   0 100   0   0   0   0   0   0   0   0   0   0   0   0   0   0   0   0  2.05 0.37
   92 N    0  1  3  3 -4  2  2 -2 -1 -4 -3  3 -1 -4 -2 -1 -1 -4 -3 -3    6   5  20  16   0   8  16   1   1   0   1  24   1   0   0   1   2   0   0   0  0.43 0.12
   93 F   -2 -2 -4 -4 -3 -3 -4 -4 -1  1  2 -1  2  6 -4 -3 -2 -1  2  0    2   1   0   0   0   0   0   0   1   5  26   4   4  49   0   0   0   0   3   3  0.70 0.18
   94 M   -3 -3 -4 -4 -1 -2 -4 -4 -3  0  3 -3  9 -2 -4 -3 -2 -3 -3 -1    1   0   0   0   1   0   0   0   0   2  21   0  71   0   0   0   0   0   0   0  1.34 0.31
   95 V   -2 -4 -4 -4  0 -3 -4 -4 -4  4  3 -3  1 -1 -4 -3 -1 -3 -2  3    0   0   0   0   2   0   0   0   0  34  37   0   1   1   0   0   1   0   0  23  0.59 0.15
   96 Q   -2  0  2  2 -4  3  4 -2  0 -3 -3  3 -2 -4 -2 -1 -1 -3 -3 -3    1   1   9  12   0  13  31   1   1   1   1  25   0   0   1   1   1   0   0   1  0.52 0.13
   97 Q    0  0  0  0 -1  2  2  0  0 -1 -1  1 -1 -1  0  1  0 -1 -1 -1    8   4   3   4   1  12  15   5   1   3   5   7   1   2   3  11   7   1   2   4  0.10 0.02
   98 L   -3 -4 -5 -5 -2 -3 -4 -5 -4  1  5 -4  3 -1 -4 -4 -2 -3 -2  0    0   0   0   0   0   0   0   0   0   4  84   0   9   0   0   0   0   0   0   1  0.99 0.24
   99 D   -4 -4 -1  8 -6 -2  0 -3 -3 -5 -6 -3 -5 -6 -3 -2 -3 -6 -5 -5    0   0   0  99   0   0   0   0   0   0   0   0   0   0   0   0   0   0   0   0  2.01 0.37
  100 G   -1 -4 -2 -3 -3 -4 -4  7 -4 -6 -5 -3 -4 -5 -4 -2 -3 -4 -5 -5    1   0   0   0   0   0   0  97   0   0   0   1   0   0   0   1   0   0   0   0  1.80 0.31
  101 T   -1 -3 -2 -3 -3 -2 -3 -3 -3 -3 -3 -2 -3 -4 -3  1  7 -4 -3 -2    1   0   0   0   0   1   0   0   0   0   0   1   0   0   0   7  90   0   0   0  1.35 0.33
  102 S   -1 -1 -1  1 -4  2  4 -3 -2 -3 -3  2 -3 -3  4 -1 -1 -4 -3 -2    3   0   1   7   0   8  35   0   0   0   1  13   0   1  26   2   1   0   0   3  0.67 0.16
  103 N   -3 -2  8 -1 -4 -2 -2 -2 -1 -5 -5 -2 -4 -5 -4 -1 -1 -5 -4 -5    0   0  96   0   0   0   0   0   0   0   0   0   0   0   0   0   1   0   0   0  1.84 0.36
  104 E    0  0  0  0 -1  1  2  0  0 -1 -1  0 -1 -1  0  0  0 -1  0 -1    6   4   4   5   1   5  24   6   2   4   7   6   2   3   4   6   5   1   2   5  0.09 0.01
  105 W    0  0  0 -1 -1  0  0  0  0 -1 -1  0  0  0  0  0  0  7  1 -1    6   4   3   4   1   3   5   6   2   4   7   4   2   3   4   6   5  20   5   5  0.26 0.02
  106 G    0  0  0  0 -1  0  0  3 -1 -1 -1  0 -1 -1  0  0  0  0 -1 -1    6   4   3   4   1   3   5  29   2   4   7   4   2   3   4   5   4   1   2   5  0.11 0.01
  107 W    0  0 -1 -1 -1  0  0  0  0 -1 -1  0  0  1  0  0  0  7  1 -1    6   4   3   4   1   3   5   7   2   4   7   4   2   5   4   5   4  19   5   5  0.23 0.02
  108 C    0  0  0  0  4  0  0  0 -1 -1 -1  0  0  0  0  0  0  0  0  0    6   4   4   4  17   3   5   6   2   4   7   5   2   5   4  10   6   1   2   5  0.08 0.01
  109 K   -3  0 -2 -3 -5 -1 -1 -3 -3 -5 -4  7 -3 -5 -3 -2 -3 -5 -4 -4    0   0   0   0   0   0   0   0   0   0   0  99   0   0   0   0   0   0   0   0  1.61 0.35
  110 Q    1 -1 -1 -1 -2  1  0  2 -2 -4 -4 -1 -3 -4 -2  4  1 -4 -3 -3    9   1   1   1   0   8   3  18   0   0   0   1   0   0   0  51   7   0   0   0  0.53 0.18
  111 K   -2  1  1 -2 -5  0 -1 -3  0 -4 -4  7 -3 -5 -3 -1 -2 -5 -3 -3    0   2   8   0   0   1   1   0   2   0   0  83   0   0   0   2   1   0   0   1  1.15 0.29
  112 L   -3 -4 -5 -5 -3 -4 -4 -5 -4  0  5 -4  1  4 -5 -4 -3 -2 -1 -1    0   0   0   0   0   0   0   0   0   0  80   0   1  17   0   0   0   0   1   1  0.97 0.24
  113 G   -2 -4 -2 -3 -4 -4 -4  7 -4 -6 -6 -3 -5 -5 -4 -2 -3 -4 -5 -5    0   0   0   0   0   0   0 100   0   0   0   0   0   0   0   0   0   0   0   0  1.92 0.33
  114 A    6 -3 -3 -4 -2 -3 -3 -2 -4 -3 -3 -3 -3 -4 -3 -1 -2 -4 -4 -2  100   0   0   0   0   0   0   0   0   0   0   0   0   0   0   0   0   0   0   0  1.35 0.33
  115 N   -4 -3  8 -1 -5 -2 -2 -2 -1 -5 -6 -2 -4 -5 -4 -1 -2 -6 -4 -5    0   0 100   0   0   0   0   0   0   0   0   0   0   0   0   0   0   0   0   0  2.04 0.40
  116 A    6 -3 -3 -4 -2 -3 -3 -2 -3 -3 -3 -3 -3 -4 -3  0 -1 -4 -4 -2   98   0   0   0   0   0   0   0   0   0   0   0   0   0   0   2   1   0   0   0  1.28 0.32
  117 I   -3 -5 -5 -5 -3 -5 -5 -6 -5  7  0 -5 -1 -2 -5 -4 -1 -4 -3  1    0   0   0   0   0   0   0   0   0  94   2   0   0   0   0   0   2   0   0   2  1.39 0.31
  118 L   -3 -4 -5 -5 -3 -4 -5 -5 -5  0  6 -4  1 -1 -5 -4 -2 -3 -3 -1    0   0   0   0   0   0   0   0   0   0  98   0   0   0   0   0   2   0   0   0  1.24 0.29
  119 A    2 -4 -2 -3 -3 -3 -3  6 -4 -4 -4 -3 -4 -4 -3 -1 -3 -4 -4 -3   24   0   0   0   0   0   0  74   0   0   0   0   0   0   0   1   0   0   0   1  1.24 0.25
  120 V   -2 -4 -5 -5  0 -4 -4 -5 -5  2 -1 -4 -1 -3 -4 -3 -1 -5 -3  6    0   0   0   0   2   0   0   0   0   4   0   0   0   0   0   0   1   0   0  93  1.22 0.30
  121 S   -1 -3 -1 -2 -3 -2 -2 -2 -3 -4 -5 -2 -4 -4 -3  7  0 -5 -4 -4    0   0   0   0   0   0   0   0   0   0   0   0   0   0   0 100   0   0   0   0  1.45 0.36
  122 L   -3 -3 -5 -5 -3 -3 -4 -5 -4  1  5 -4  5  0 -4 -4 -2 -3 -2  0    0   0   0   0   0   0   0   0   0   6  68   0  22   2   0   0   2   0   0   0  0.90 0.23
  123 A    6 -3 -3 -3  0 -2 -3 -1 -3 -3 -3 -2 -3 -4 -3  1 -1 -4 -4 -2   92   0   0   0   2   0   0   1   0   0   0   0   0   0   0   5   0   0   0   0  1.14 0.30
  124 V    1 -4 -4 -4  1 -3 -4 -4 -4  2  0 -3 -1 -2 -4 -2 -1 -4 -3  5   12   0   0   0   4   0   0   0   0  11   6   0   0   0   0   0   1   0   0  67  0.71 0.21
  125 C    4 -4 -4 -4  9 -3 -4 -3 -4 -3 -3 -3 -3 -4 -3  0 -2 -4 -4 -2   45   0   0   0  49   0   0   0   0   0   1   0   0   0   0   4   1   0   0   0  1.37 0.29
  126 K   -2  4 -1 -2 -5  0  0 -3 -2 -4 -4  6 -2 -4 -3 -2 -2 -4 -3 -3    0  25   2   0   0   0   3   0   0   0   0  67   1   0   0   0   0   0   1   1  1.05 0.26
  127 A    6 -3 -3 -4 -2 -3 -3 -1 -4 -3 -3 -3 -3 -4 -3  0 -2 -4 -4 -2   99   0   0   0   0   0   0   0   0   0   0   0   0   0   0   1   0   0   0   0  1.32 0.33
  128 G    2 -4 -2 -3 -4 -3 -4  6 -4 -5 -5 -3 -4 -5 -4 -2 -3 -4 -5 -4   18   0   0   0   0   0   0  82   0   0   0   0   0   0   0   0   0   0   0   0  1.43 0.27
  129 A    6 -3 -3 -4 -2 -3 -3 -1 -3 -3 -3 -3 -3 -4 -3  0 -2 -4 -4 -2   98   0   0   0   0   0   0   1   0   0   0   0   0   0   0   0   0   0   0   0  1.30 0.32
  130 M    5 -3 -3 -3 -1 -2 -2  1 -2 -2 -2 -2 -1 -3 -2  0 -1 -4 -3  0   78   0   0   0   1   0   1   7   1   1   1   0   1   0   0   4   0   0   0   4  0.78 0.23
  131 V    2 -1 -1  0 -3  1  4 -2  2 -3 -3  1 -2 -2 -2  0 -1 -4 -2  0   21   0   0   2   0   4  42   0   8   0   0  11   0   1   0   2   1   0   1   7  0.43 0.16
  132 K   -2  2 -1 -2 -5  0  0 -3 -2 -4 -2  6 -2 -5 -3 -1 -2 -5 -3 -3    1   6   2   0   0   1   1   0   0   0   3  81   1   0   0   3   1   0   0   1  1.07 0.27
  133 K   -1 -1  2 -1 -1 -1 -1  5 -2 -5 -5  2 -4 -4 -3 -1 -2 -4 -4 -4    1   2  10   3   1   2   2  62   0   0   0  15   0   0   0   2   0   0   0   0  0.85 0.19
  134 I   -2 -4 -4 -4 -2 -3 -3 -5 -4  3  2 -3  2 -2 -4 -3 -1 -4 -2  5    0   0   0   0   0   0   0   0   0  20  13   1   5   0   0   0   1   0   0  59  0.71 0.20
  135 P   -3 -4 -4 -4 -5 -3 -3 -4 -4 -5 -5 -3 -5 -6  8 -1 -3 -6 -5 -5    0   0   0   0   0   0   0   0   0   0   0   0   0   0  96   3   0   0   0   0  2.68 0.40
  136 L   -3 -4 -5 -5 -3 -4 -5 -5 -5  0  6 -4  1 -1 -5 -4 -3 -3 -3  0    0   0   0   0   0   0   0   0   0   0  99   0   0   0   0   0   0   0   0   1  1.26 0.29
  137 Y   -4 -4 -4 -5 -5 -4 -4 -5  0 -4 -3 -4 -3  2 -5 -3 -4  2  9 -3    0   0   0   0   0   0   0   0   0   0   0   0   0   2   0   1   0   2  96   0  2.30 0.42
  138 Q    0  4 -1 -2 -4  4  0 -3 -1 -3 -3  4 -2 -4 -2 -1 -2 -4 -3 -2   10  27   0   0   0  21   2   0   1   0   0  34   0   0   0   0   0   0   0   3  0.63 0.18
  139 H   -4 -2 -2 -3 -5 -2 -2 -4 10 -5 -4 -3 -3 -2 -4 -3 -4  0  5 -5    0   0   0   0   0   0   0   0  75   0   0   0   0   0   0   0   0   1  23   0  2.02 0.37
  140 I   -3 -4 -4 -5 -3 -4 -4 -5 -4  5  3 -4  0  1 -4 -4 -2 -3 -1  2    0   0   0   0   0   0   0   0   0  61  26   0   0   6   0   0   0   0   1   5  0.78 0.20
  141 A    6 -3 -1 -3 -2  0 -2  0 -1 -3 -3 -2 -2 -4 -2  1 -1 -4 -3 -2   80   0   2   0   0   3   0   3   1   0   0   0   0   0   0  10   0   0   0   0  0.87 0.25
  142 N   -2 -2  2  6 -4  1  3 -2  0 -4 -4  0 -4 -4 -3 -1 -1 -5 -3 -4    1   0  10  51   0   5  19   0   2   0   0   5   0   0   0   2   2   0   0   0  0.84 0.19
  143 L   -3 -4 -4 -5 -3 -4 -4 -5 -4  2  6 -4  1 -1 -4 -4 -3 -3 -3  0    0   0   1   0   0   0   0   0   0   7  89   0   1   0   0   0   0   0   0   1  1.04 0.25
  144 A    6 -3 -2 -3 -1 -2 -2 -1 -3 -2 -3 -2 -2 -3 -2  2 -1 -4 -3 -2   81   0   1   0   1   0   0   1   0   1   0   0   0   1   0  11   2   0   0   0  0.90 0.25
  145 G   -1 -3 -1 -2 -2 -3 -2  7 -3 -5 -5 -1 -4 -5 -4 -2 -3 -4 -4 -5    0   0   2   1   1   0   1  89   0   0   0   3   0   0   0   0   0   0   0   0  1.50 0.27
  146 N   -1 -1  5 -1 -3 -1 -1 -2  1 -2 -3  2 -2 -4 -3  0  2 -4 -2 -1    2   1  47   0   0   1   0   1   4   1   0  19   0   0   0   4  15   0   1   5  0.60 0.19
  147 K   -1  0  0  1 -4  0  0 -2 -2 -3 -4  4 -3 -4  4  0  0 -4 -3 -3    2   1   3   8   0   0   4   2   0   0   0  41   0   0  21   8   7   0   0   1  0.56 0.16
  148 T   -2  0  1  2 -4  1  3 -3 -1 -4 -4  3 -3 -4  2 -1  0 -4 -3 -3    0   2   9  11   0   4  23   0   0   0   0  31   0   0  12   1   6   0   0   0  0.50 0.14
  149 L   -2 -3 -3 -4 -2 -3 -3 -4 -2  2  2 -3  2  3 -1 -3 -2 -1  4  2    1   0   0   0   0   0   0   0   0  13  20   0   5  17   3   0   0   0  19  19  0.43 0.13
  150 V   -2 -3 -4 -4  0 -3 -3 -4 -3  4  0 -3  1 -2 -4 -2  1 -4 -1  5    0   0   0   0   1   0   1   0   0  29   3   0   2   0   0   1   7   0   1  53  0.64 0.19
  151 L   -3 -3 -5 -5 -3 -3 -4 -5 -4  0  5 -4  5 -1 -4 -4 -2 -3 -2  0    0   0   0   0   0   0   0   0   0   0  78   0  18   0   0   0   1   0   0   1  0.99 0.24
  152 P   -3 -4 -4 -4 -5 -3 -3 -4 -4 -5 -5 -3 -2 -6  9 -3 -3 -6 -5 -4    0   0   0   0   0   0   0   0   0   0   0   0   1   0  98   0   0   0   0   0  2.72 0.39
  153 V   -2 -4 -4 -5  2 -4 -4 -5 -5  1  0 -4 -1 -2 -3 -3  0 -4 -3  6    1   0   0   0   4   0   0   0   0   1   3   0   0   0   1   0   3   0   0  86  1.01 0.27
  154 P   -3 -4 -4 -4 -5 -3 -3 -4 -4 -5 -5 -3 -4 -6  9 -3 -3 -6 -5 -3    0   0   0   0   0   0   0   0   0   0   0   0   0   0  98   0   0   0   0   1  2.72 0.39
  155 A    4 -3 -3 -3  4 -2 -2 -2 -3 -2 -2 -2 -2  3 -3  2 -1 -1 -1 -2   54   0   0   0  11   0   0   0   0   0   0   0   0  17   0  15   0   1   1   1  0.59 0.20
  156 F   -3 -4 -4 -5 -4  0 -4 -4 -3 -1  1 -4  3  7 -5 -4 -3 -1  1 -2    0   0   0   0   0   6   0   0   0   0  11   0   9  71   0   0   0   0   0   0  1.20 0.26
  157 N   -3 -2  8  0 -5 -2 -2 -2 -1 -5 -5 -2 -4 -5 -4 -1 -2 -5 -4 -5    0   0  97   1   0   0   0   0   0   0   0   0   0   0   0   0   0   0   0   0  1.89 0.37
  158 V   -2 -4 -4 -5 -2 -4 -4 -5 -5  2 -1 -4 -1 -2 -4 -3 -2 -4 -3  6    0   0   0   0   0   0   0   0   0   5   0   0   0   0   0   0   0   0   0  92  1.20 0.29
  159 I   -3 -4 -5 -5 -3 -4 -4 -5 -5  6  2 -4  0 -1 -4 -4 -2 -4 -3  1    0   0   0   0   0   0   0   0   0  78  18   0   0   0   0   0   0   0   0   2  1.05 0.25
  160 N   -3 -2  8 -1 -5 -2 -2 -2 -1 -5 -5 -2 -4 -5 -4 -1 -2 -5 -4 -5    0   0  97   0   0   0   0   0   0   0   0   0   0   0   0   0   0   0   0   0  1.90 0.37
  161 G   -1 -4 -2 -3 -4 -3 -4  7 -4 -5 -5 -3 -4 -5 -4 -2 -3 -4 -5 -5    0   0   0   0   0   0   0  97   0   0   0   0   0   0   0   0   0   0   0   0  1.80 0.31
  162 G   -1 -4 -2 -3 -4 -3 -4  7 -4 -5 -5 -3 -4 -5 -4 -2 -3 -4 -5 -5    0   0   0   0   0   0   0  97   0   0   0   0   0   0   0   0   0   0   0   0  1.80 0.31
  163 S    0 -2 -1 -2 -2 -1  0 -2 -2 -4 -4  1 -3 -4 -2  6  0 -4 -3 -3    4   0   0   0   0   1   3   0   0   0   0   8   0   0   0  81   1   0   0   0  0.94 0.27
  164 H   -4 -2 -2 -3 -5 -2 -2 -4 10 -5 -5 -3 -4 -3 -4 -3 -4 -4  0 -5    0   0   0   0   0   0   0   0  97   0   0   0   0   0   0   0   0   0   0   0  2.61 0.43
  165 A    6 -3 -3 -3 -2 -2 -3 -1 -3 -3 -3 -2 -3 -4 -2  0 -2 -4 -3 -2   97   0   0   0   0   0   0   0   0   0   0   0   0   0   0   0   0   0   0   0  1.25 0.31
  166 G   -1 -4 -2 -2 -4 -3 -4  7 -4 -5 -5 -3 -4 -5 -4 -2 -3 -4 -5 -5    0   0   0   1   0   0   0  96   0   0   0   0   0   0   0   0   0   0   0   0  1.77 0.30
  167 N   -3 -2  8 -1 -4 -2 -2  2 -1 -5 -5 -2 -4 -5 -4 -1 -2 -5 -4 -5    0   0  82   0   0   0   0  16   0   0   0   0   0   0   0   0   0   0   0   0  1.47 0.31
  168 K    1  3  0 -1 -4  0 -1 -2 -2 -4 -3  5 -3 -4 -2  0 -1 -4 -3 -3   12  15   3   2   0   0   0   2   0   0   1  58   0   0   0   5   1   0   0   0  0.67 0.19
  169 L   -3 -4 -5 -5 -3 -4 -4 -5 -4  0  6 -4  1 -1 -4 -4 -3 -3 -3 -1    0   0   0   0   0   0   0   0   0   0  96   0   1   0   0   0   0   0   0   1  1.17 0.27
  170 A    6 -3 -3 -3 -2 -2 -2 -1 -3 -3 -3 -2 -3 -4 -2  0 -2 -4 -3 -2   96   0   0   0   0   0   1   0   0   0   0   0   0   0   1   1   0   0   0   0  1.20 0.30
  171 M   -3 -3 -4 -5  1 -3 -4 -4 -3  0  0 -3  8  5 -2 -3 -3 -2 -1 -1    0   0   0   0   3   0   0   0   0   2   3   0  58  29   2   0   0   0   0   1  1.15 0.29
  172 Q   -3 -1 -2 -2 -5  8  0 -4 -2 -5 -4 -1 -3 -5 -3 -2 -3 -4 -4 -4    0   0   0   0   0  99   0   0   0   0   0   0   0   0   0   0   0   0   0   0  1.97 0.42
  173 E   -3 -2 -2  0 -5  0  7 -4 -2 -5 -5 -1 -4 -5 -3 -2 -3 -5 -4 -4    0   0   0   0   0   0  98   0   0   0   0   0   0   0   0   0   0   0   0   0  1.68 0.35
  174 F   -4 -5 -5 -5 -4 -5 -5 -5 -3 -2 -1 -5 -2  9 -5 -4 -4 -1  2 -3    0   0   0   0   0   0   0   0   0   0   0   0   0  96   0   0   0   0   2   0  2.01 0.36
  175 M   -3 -4 -4 -5 -4 -3 -4 -5 -4 -1  0 -4 10  0 -5 -4 -3 -3 -3 -1    0   0   0   0   0   0   0   0   0   0   1   0  95   2   0   0   0   0   0   0  2.10 0.43
  176 I   -3 -4 -5 -5 -3 -4 -5 -5 -5  7  1 -4  0 -1 -4 -4 -2 -4 -3  1    0   0   0   0   0   0   0   0   0  86   9   0   0   1   0   0   0   0   0   3  1.18 0.27
  177 L    0 -3 -4 -4  1 -3 -4 -3 -4  1  4 -3  2  0 -3 -3 -2 -3 -2  2    7   0   0   0   3   0   0   1   0   3  61   0   6   4   1   0   1   0   0  13  0.53 0.16
  178 P   -3 -4 -4 -3 -5 -3 -3 -4 -4 -5 -5 -3 -4 -6  9 -3 -3 -6 -5 -4    1   0   0   0   0   0   0   0   0   0   0   0   0   0  97   0   0   0   0   0  2.71 0.39
  179 T   -1 -3 -2 -2  1 -2 -3 -3 -2  1 -1 -2 -1 -3 -3  0  5 -4 -3  4    0   0   1   1   3   0   0   0   1   5   0   0   0   0   0   6  47   0   0  35  0.59 0.20
  180 G   -1 -4 -1 -2 -4 -2 -2  7 -3 -5 -5 -3 -4 -5 -4 -1 -2 -4 -4 -4    3   0   1   2   0   1   2  88   0   0   0   0   0   0   0   1   1   0   0   1  1.46 0.27
  181 A    6 -3 -3 -3 -2 -2 -3 -2 -3 -3 -3 -2 -3 -3 -3 -1 -2 -4 -3 -1   97   0   0   0   0   0   0   0   0   0   0   0   0   0   0   0   0   0   0   1  1.24 0.31
  182 S    1 -1 -1 -1 -2 -1  1 -2 -1 -3 -3  1 -2 -4  3  3  2 -4 -3 -2    7   1   1   2   0   0   8   0   1   0   0  12   0   0  16  32  18   0   0   1  0.42 0.14
  183 S   -1 -2  2 -1 -1 -2 -2 -2 -2 -4 -4 -2 -3 -4 -2  5  3 -4 -3 -3    0   1  11   1   1   0   0   0   0   0   0   0   0   0   0  69  15   0   0   0  0.86 0.25
  184 F   -4 -5 -5 -6 -4 -5 -5 -5 -3 -1 -1 -5 -2  9 -6 -4 -4 -1  1 -3    0   0   0   0   0   0   0   0   0   3   0   0   0  96   0   0   0   0   0   0  2.03 0.37
  185 K    1  1  0 -1 -3  0 -1 -2  2 -3 -3  3 -2 -3 -2  2  2 -4 -2 -2   12   8   2   1   0   2   0   1   7   0   0  26   0   0   0  24  18   0   0   0  0.37 0.14
  186 E   -3 -2 -2  1 -6  0  7 -4 -1 -5 -5 -1 -4 -5 -3 -2 -3 -5 -4 -4    0   0   1   3   0   0  94   0   1   0   0   0   0   0   0   0   0   0   0   0  1.59 0.34
  187 A    6 -3 -3 -3 -2 -2 -3  0 -3 -3 -3 -2 -3 -4 -3  0 -2 -4 -4 -2   93   0   0   0   0   0   0   4   0   0   0   0   0   0   0   3   0   0   0   0  1.15 0.29
  188 M   -3 -3 -4 -5 -3 -3 -4 -5 -4  1  3 -3  9 -1 -4 -4 -3 -3 -2  0    0   0   0   0   0   0   0   0   0   5  24   0  68   0   0   0   0   0   0   2  1.34 0.32
  189 K   -3  6 -2 -3 -5  3 -1 -4 -2 -4 -4  4 -3 -4 -3 -2 -2 -4 -3 -4    0  62   0   0   0  12   1   0   0   1   0  23   0   0   0   0   0   0   0   0  1.11 0.25
  190 M   -2 -3 -4 -4 -3  1 -3 -5 -3  4  0 -3  7  0 -4 -3 -2  0  1  0    1   0   0   0   0   7   0   0   0  33   1   0  47   2   0   0   0   1   5   2  0.86 0.26
  191 G    0 -4 -2 -3 -4 -3 -4  7 -4 -5 -5 -3 -4 -5 -4 -2 -3 -4 -5 -5    5   0   0   0   0   0   0  94   0   0   0   0   0   0   0   1   0   0   0   0  1.71 0.30
  192 V    3 -3 -2 -2  4 -2 -2 -2 -3 -2 -3 -2 -2 -3 -2  4  2 -4 -3  0   34   0   0   0   9   0   0   0   0   0   0   0   0   0   0  37  13   0   0   7  0.54 0.19
  193 E   -3 -2 -2  0 -6  0  7 -4 -2 -5 -5 -1 -4 -5 -3 -2 -3 -5 -4 -5    0   0   0   0   0   0 100   0   0   0   0   0   0   0   0   0   0   0   0   0  1.77 0.37
  194 V   -2 -4 -4 -4  0 -4 -4 -5 -5  2 -1 -4 -1 -3 -4 -3  2 -4 -3  6    0   0   0   0   1   0   0   0   0   4   1   0   0   0   0   0  14   0   0  79  0.95 0.26
  195 Y   -4 -4 -4 -5 -5 -4 -4 -5  0 -4 -3 -4 -3  1 -5 -4 -4  0  9 -3    0   0   0   0   0   0   0   0   0   0   0   0   0   0   0   0   0   0 100   0  2.44 0.44
  196 H   -4 -2 -2 -3 -5  3 -2 -4 10 -6 -5 -3 -4 -4 -4 -3 -4 -5 -1 -5    0   0   0   0   0  12   0   0  87   0   0   0   0   0   0   0   0   0   0   0  2.29 0.41
  197 N    0 -2  4 -1  0  0 -1 -2  6 -2 -3  0 -2 -3 -3  0  2 -4  0 -2    6   0  27   0   2   2   3   0  26   1   0   5   0   0   0   4  19   0   3   2  0.51 0.17
  198 L   -3 -4 -5 -6 -3 -4 -5 -6 -5  0  6 -4  1 -1 -5 -4 -3 -3 -3 -1    0   0   0   0   0   0   0   0   0   0 100   0   0   0   0   0   0   0   0   0  1.29 0.29
  199 K   -2  1 -2 -3 -5  0 -1 -3 -3 -5 -4  7 -3 -5 -3 -2 -3 -5 -4 -4    1   2   0   0   0   1   0   1   0   0   0  96   0   0   0   0   0   0   0   0  1.50 0.34
  200 S    1 -1  3  0 -3 -1 -1  1 -2 -3 -3  3 -2 -4 -2  3  0 -4 -3 -2   13   0  16   2   0   0   1  10   0   0   1  22   0   0   0  30   2   0   0   2  0.37 0.14
  201 I   -2 -4 -4 -4 -2 -3 -2 -3 -4  3  2 -4  0 -2 -4 -3 -2 -4 -3  5    0   0   0   0   0   0   3   1   0  17  18   0   0   0   0   0   0   0   0  60  0.69 0.20
  202 I    0 -4 -4 -4 -3 -4 -4 -5 -5  6  0 -4 -1 -2 -4 -3  0 -4 -3  1   10   0   0   0   0   0   0   0   0  81   2   0   0   0   0   1   6   0   0   1  0.98 0.26
  203 K   -2  0  0 -2 -5  0  0 -3 -2 -4 -4  7 -3 -5 -3  0 -2 -5 -4 -4    0   0   3   0   0   2   1   0   0   0   0  87   0   0   0   5   1   0   0   0  1.22 0.30
  204 K    2  1 -1  0 -3  0  2 -1 -2 -4 -4  5 -3 -4 -2  0 -1 -4 -3 -3   23   2   1   3   0   1  14   2   0   0   0  49   0   0   0   3   2   0   0   0  0.55 0.18
  205 K   -3  3 -2 -2 -5  0  0 -3 -1 -5 -4  7 -3 -5 -3 -2 -2 -5 -4 -4    0  11   0   0   0   1   2   0   1   0   0  84   0   0   0   0   1   0   0   0  1.28 0.30
  206 Y   -4 -4 -4 -5 -4 -4 -4 -5  0 -3 -3 -4 -3  4 -5 -4 -4  0  9 -3    0   0   0   0   0   0   0   0   1   0   0   0   0  15   0   0   0   0  84   0  2.00 0.37
  207 G   -2 -4 -2 -3 -4 -4 -4  7 -4 -6 -6 -3 -5 -5 -4 -2 -3 -4 -5 -5    0   0   0   0   0   0   0  99   0   0   0   0   0   0   0   0   0   0   0   0  1.89 0.32
  208 Q   -2 -1 -2 -2 -3  5 -1 -2 -1  1  2  1  0 -2 -1 -1 -2 -3 -3 -1    2   0   0   0   0  40   0   3   1  10  26  12   2   0   2   1   1   0   0   0  0.41 0.18
  209 D   -2 -3  0  7 -5 -2  0 -2 -3 -4 -5 -2 -4 -5 -3  2 -2 -6 -5 -5    1   0   1  79   0   0   0   1   0   0   0   0   0   0   0  18   1   0   0   0  1.40 0.30
  210 A    6 -3 -3 -3 -2 -2 -3 -2 -3 -3 -3 -2 -3 -4 -3  1 -2 -4 -4 -2   93   0   0   0   0   0   0   0   0   0   0   0   0   0   0   7   0   0   0   0  1.19 0.30
  211 T   -1 -3 -2 -3  5 -3 -3  2 -4 -1 -3 -3 -2 -4 -3 -1  6 -4 -3  0    3   0   0   0  13   0   0  15   0   2   0   0   0   0   0   0  63   0   0   5  0.81 0.24
  212 N    1 -2  7 -1 -2 -2 -2 -2 -1 -4 -3 -2 -4 -5 -4 -1 -2 -5 -4 -4   16   0  79   0   1   0   0   0   0   0   2   0   0   0   0   1   0   0   0   0  1.32 0.31
  213 V   -2 -4 -5 -5 -3 -4 -4 -5 -5  2 -1 -4 -1 -3 -4 -4 -2 -5 -3  7    0   0   0   0   0   0   0   0   0   4   0   0   0   0   0   0   0   0   0  96  1.32 0.32
  214 G   -2 -4 -2 -3 -4 -4 -4  7 -4 -6 -6 -3 -5 -5 -4 -2 -3 -4 -5 -5    0   0   0   0   0   0   0 100   0   0   0   0   0   0   0   0   0   0   0   0  1.92 0.33
  215 D   -4 -4 -1  8 -6 -2  0 -3 -3 -5 -6 -3 -5 -6 -4 -2 -3 -6 -5 -5    0   0   0 100   0   0   0   0   0   0   0   0   0   0   0   0   0   0   0   0  2.03 0.37
  216 E   -3 -2 -2  0 -6  0  7 -4 -2 -5 -5 -1 -4 -5 -3 -2 -3 -5 -4 -5    0   0   0   0   0   0 100   0   0   0   0   0   0   0   0   0   0   0   0   0  1.77 0.37
  217 G   -2 -4 -2 -3 -4 -4 -4  7 -4 -6 -6 -3 -5 -5 -4 -2 -3 -4 -5 -5    0   0   0   0   0   0   0 100   0   0   0   0   0   0   0   0   0   0   0   0  1.92 0.33
  218 G   -2 -4 -2 -3 -4 -4 -4  7 -4 -6 -6 -3 -5 -5 -4 -2 -3 -4 -5 -5    0   0   0   0   0   0   0 100   0   0   0   0   0   0   0   0   0   0   0   0  1.92 0.33
  219 F   -4 -5 -5 -5 -4 -5 -5 -5 -3 -1 -1 -5 -2  8 -5 -4 -4 -1  1  2    0   0   0   0   0   0   0   0   0   1   0   0   0  84   0   0   0   0   0  15  1.64 0.33
  220 A    6 -3 -3 -4 -2 -3 -3 -2 -4 -3 -3 -3 -3 -4 -3  0 -2 -4 -4 -2   99   0   0   0   0   0   0   0   0   0   0   0   0   0   0   1   0   0   0   0  1.33 0.33
  221 P   -3 -4 -4 -4 -5 -3 -3 -4 -4 -5 -5 -3 -5 -6  9 -3 -3 -6 -5 -4    0   0   0   0   0   0   0   0   0   0   0   0   0   0  99   0   0   0   0   1  2.82 0.41
  222 N   -3 -2  7  3 -5 -1 -2 -2  0 -5 -5 -2 -4 -5  0  0 -2 -6 -4 -5    0   0  76  15   0   1   0   1   1   0   0   0   0   0   4   3   0   0   0   0  1.35 0.30
  223 I   -3 -5 -5 -5  0 -4 -5 -5 -5  7  0 -4  0 -2 -4 -4 -2 -4 -3  3    0   0   0   0   2   0   0   0   0  81   2   0   0   0   0   0   1   0   0  14  1.14 0.27
  224 Q   -1 -1 -1 -2 -3  5  0 -1 -1 -2  2  1 -1 -3 -3  1 -1 -3 -3 -2    4   1   1   0   0  47   1   3   1   0  23   6   0   0   0   9   1   0   0   0  0.49 0.19
  225 E   -1 -2  2  4 -3  0  3  1 -2 -3 -4 -1 -3 -4 -2  1  2 -4 -3 -3    1   0  12  25   0   0  25   9   0   0   0   1   0   0   0   9  18   0   0   1  0.49 0.15
  226 N    2 -2  6 -1 -3 -2 -2 -2 -1 -4 -4 -2 -1 -4  2 -1 -1 -5 -4 -3   25   0  57   0   0   0   1   0   1   0   0   0   2   0  11   0   2   0   0   0  0.86 0.24
  227 K   -2  2  1  1 -4  1  3 -2  1 -3 -3  4 -1 -2 -2 -1 -1 -4 -3 -3    0  12   5   7   0   4  22   1   3   1   1  37   2   1   0   2   1   0   0   1  0.46 0.14
  228 E   -3 -2 -2  2 -6  0  7 -4 -2 -5 -5 -1 -4 -5 -3 -2 -3 -5 -4 -4    0   0   0  11   0   0  88   0   0   0   0   1   0   0   0   0   0   0   0   0  1.50 0.33
  229 G    5 -3 -2 -3 -2 -2 -3  4 -3 -3 -4 -2 -3 -4 -3  0 -1 -4 -4 -2   63   0   0   0   0   0   0  32   0   0   0   0   0   0   0   4   1   0   0   0  0.87 0.23
  230 L   -3 -4 -5 -5  0 -4 -5 -5 -5  0  6 -4  1 -1 -5 -4 -3 -3 -3  0    0   0   0   0   2   0   0   0   0   1  94   0   0   1   0   0   0   0   0   2  1.14 0.27
  231 E   -2 -2  1  5 -4  1  4 -3 -2 -3 -4  0 -3 -1 -3 -1 -2 -4 -1 -2    0   0   5  34   0   3  40   0   0   0   0   2   0   4   0   2   1   0   3   3  0.69 0.18
  232 L   -3 -4 -5 -5 -3 -4 -5 -5 -5  1  6 -4  1 -1 -5 -4 -3 -3 -3  0    0   0   0   0   0   0   0   0   0   2  95   0   0   0   0   0   0   0   0   3  1.18 0.27
  233 L   -3 -4 -5 -5 -2 -4 -4 -5 -4  4  4 -4  1 -1 -4 -4 -2 -3 -2  1    0   0   0   0   0   0   0   0   0  36  60   0   0   0   0   0   0   0   0   4  0.85 0.21
  234 K   -1  0  0 -2 -2  1  0 -2 -2  0 -1  3  2 -3 -2  0  2 -3 -2  2    0   1   4   0   1   8   3   1   0   2   2  27  11   0   0   4  15   0   0  21  0.22 0.12
  235 A   -1 -2  1  3 -4  1  4 -3 -1 -3 -3 -1 -2 -4 -2  0  2 -4 -3 -2    5   0   5  22   0   3  40   0   0   0   1   0   0   0   0   3  19   0   0   2  0.59 0.17
  236 A    6 -3 -3 -3 -2 -3 -3 -2 -3 -3 -3 -2 -3 -4 -3  1 -2 -4 -4 -2   95   0   0   0   0   0   0   0   0   0   0   0   0   0   0   5   0   0   0   0  1.22 0.31
  237 I   -3 -5 -5 -5 -3 -5 -5 -6 -5  7  0 -5  0 -2 -5 -4 -3 -5 -3  1    0   0   0   0   0   0   0   0   0  97   1   0   0   0   0   0   0   0   0   1  1.48 0.33
  238 E    1  0  0  0 -3  2  4 -1 -1 -4 -4  3 -3 -4 -2  0 -1 -4 -3 -3   17   2   5   3   0   8  34   4   0   0   0  23   0   0   0   4   1   0   0   0  0.46 0.14
  239 K    1  1 -1 -2 -4  2  0 -3 -2 -2 -2  5 -2 -4 -2 -1 -1 -4 -3 -2   14   2   2   1   0  11   2   0   0   3   3  57   0   0   0   2   3   0   0   1  0.58 0.19
  240 A    6 -3 -3 -3 -1 -2 -3 -1 -3 -3 -3 -2 -3 -4 -3  1 -2 -4 -4 -2   93   0   0   0   1   0   0   0   0   0   0   0   0   0   0   5   0   0   0   0  1.17 0.30
  241 G   -1 -4 -2 -3 -4 -4 -4  7 -4 -6 -6 -3 -5 -5 -4 -2 -3 -4 -5 -5    0   0   0   0   0   0   0 100   0   0   0   0   0   0   0   0   0   0   0   0  1.91 0.33
  242 Y   -4 -4 -4 -5 -5 -3 -4 -5  5 -4 -3 -4 -3  2 -5 -4 -4  0  9 -3    0   0   0   0   0   0   0   0  13   0   1   0   0   2   0   0   0   0  84   0  1.99 0.38
  243 T   -1 -2 -1 -1 -3 -1  3 -3 -3 -3 -3  0 -2 -4  0  1  5 -2 -3 -2    1   0   0   2   0   1  22   0   0   0   0   3   0   0   3   5  61   0   0   1  0.74 0.23
  244 G   -1 -3 -1  3 -4 -2 -1  6 -3 -5 -5 -2 -4 -5 -3 -2 -3 -4 -5 -5    0   0   1  19   0   1   2  75   0   0   0   1   0   0   0   0   0   0   0   0  1.27 0.25
  245 K   -2  1 -2 -2 -5  2  0 -3 -2 -4 -4  7 -2 -5 -3 -2 -1 -5 -3 -4    0   2   0   1   0   7   2   0   0   0   1  84   1   0   0   0   2   0   0   0  1.18 0.29
  246 V   -2 -4 -5 -5  2 -4 -4 -5 -5  5  0 -4  1 -2 -4 -3 -2 -4 -3  5    0   0   0   0   4   0   0   0   0  43   0   0   3   0   0   0   0   0   0  49  0.87 0.22
  247 V   -1  1  0  0 -3  0  2 -1 -1 -1 -2  4 -2 -3 -2  0 -1 -4 -3  2    0   4   3   4   0   2  15   3   0   1   1  39   0   0   0   4   0   0   0  24  0.33 0.14
  248 I   -3 -5 -5 -5 -3 -5 -5 -6 -5  7  0 -5  0 -1 -5 -4 -3 -4 -3  1    0   0   0   0   0   0   0   0   0  95   2   0   0   1   0   0   0   0   0   2  1.43 0.32
  249 G    3 -3 -2 -3 -1 -3 -3  6 -3 -4 -4 -3 -3 -4 -3  0 -2 -4 -4 -3   29   0   0   0   1   0   0  66   0   0   0   0   0   0   0   3   0   0   0   0  1.10 0.23
  250 M   -2 -3 -4 -5  0 -3 -4 -5 -4  0  2 -3  9 -1 -5 -3 -1 -3 -3 -1    1   0   0   0   2   0   0   0   0   2  16   0  74   1   0   0   2   0   0   1  1.43 0.34
  251 D   -4 -4 -1  8 -6 -2  0 -3 -3 -5 -6 -3 -5 -6 -4 -2 -3 -6 -5 -5    0   0   0 100   0   0   0   0   0   0   0   0   0   0   0   0   0   0   0   0  2.05 0.37
  252 V   -1 -4 -4 -4  3 -4 -4 -4 -4  1 -1 -4 -1 -1 -1 -1 -1 -4 -3  6    2   0   0   0   8   0   0   0   0   2   0   0   0   2   3   4   1   0   0  77  0.84 0.25
  253 A    6 -3 -3 -4 -2 -3 -3 -2 -4 -3 -3 -3 -3 -4 -3 -1 -2 -4 -4 -2  100   0   0   0   0   0   0   0   0   0   0   0   0   0   0   0   0   0   0   0  1.35 0.33
  254 A    5 -3 -2 -3 -2 -2 -2 -1 -3 -3 -3 -2 -3 -4 -2  3 -1 -4 -3 -2   74   0   0   0   0   0   0   0   0   0   0   0   0   0   0  26   0   0   0   0  0.95 0.27
  255 S   -1 -3 -1 -2 -3 -2 -2 -2 -3 -4 -5 -2 -3 -4 -3  7  0 -5 -4 -4    1   0   0   0   0   0   0   0   0   0   0   0   0   0   0  99   0   0   0   0  1.43 0.36
  256 E   -3 -2 -2  0 -6  1  7 -4 -2 -5 -5 -1 -4 -5 -3 -2 -3 -5 -4 -4    0   0   0   1   0   2  97   0   0   0   0   0   0   0   0   1   0   0   0   0  1.66 0.35
  257 F   -4 -5 -5 -6 -3 -5 -5 -5 -3 -1 -1 -5  0  9 -6 -4 -4 -1  2 -3    0   0   0   0   1   0   0   0   0   1   0   0   1  96   0   0   0   0   1   0  2.01 0.37
  258 F   -3 -2 -3 -4  0 -3 -3 -4  0 -2 -1 -2 -2  4 -4 -3 -3  4  8 -3    1   1   0   0   2   0   0   0   1   0   3   2   0  17   0   1   0   4  65   0  1.30 0.26
  259 G    0  0  1  1  0  0  0  0  0  0  0  1  0 -1  0  0  1 -1 -1  0    4   3   9   8   2   3   4   6   2   3   8  15   2   2   3   5   9   1   2  10  0.03 0.01
  260 E    0  0  0  1 -1  0  1  0  1 -1 -1  1 -1 -1  0  1  1 -1 -1 -1   11   3   3   7   1   3  15   4   4   3   5   9   1   2   5   8  10   1   2   4  0.09 0.01
  261 K   -2  2 -1  2 -4  1  2 -1 -2 -3 -3  5 -2 -4 -2 -1 -2 -4 -3 -3    1  12   1  11   0   3  11   4   0   0   1  51   0   0   0   1   1   0   0   1  0.57 0.16
  262 D   -1 -2  2  5 -4  0  2 -2 -2 -3 -4  1 -3 -4 -2  0  0 -5 -4 -2    4   0  10  47   0   2  16   2   0   1   0   7   0   0   0   4   4   0   0   2  0.67 0.16
  263 K   -1 -1  0 -1 -4 -1 -2  5 -2 -5 -5  3 -3 -4 -3 -1 -2 -4 -4 -4    1   0   4   3   0   1   0  59   0   0   0  28   0   0   0   2   0   0   0   0  0.90 0.21
  264 T   -1  1 -1 -2  1  0 -1 -3 -2 -2 -1  5  1 -3 -2  0  1 -4 -2 -2    2   2   1   0   4   2   1   1   0   0   5  62   4   0   0   4  10   0   1   2  0.58 0.20
  265 Y   -4 -4 -4 -5 -5 -4 -4 -5  0 -4 -3 -4 -3  1 -5 -4 -4  0  9 -3    0   0   0   0   0   0   0   0   0   0   0   0   0   0   0   0   0   0 100   0  2.43 0.43
  266 D   -4 -3  2  8 -5 -2  0 -3 -2 -4 -6 -3 -5 -5 -3 -2 -3 -6 -5 -5    0   0   7  91   0   0   0   0   0   1   0   0   0   0   0   0   0   0   0   0  1.78 0.34
  267 L   -3 -4 -5 -5 -3 -4 -5 -5 -5  0  6 -4  1 -1 -5 -4 -3 -3 -3 -1    0   0   0   0   0   0   0   0   0   1  98   0   1   0   0   0   0   0   0   0  1.24 0.28
  268 N   -3 -3  3  7 -5 -2  0 -1 -1 -5 -5 -2 -3 -5 -3 -1 -2 -6 -5 -5    0   0  13  78   0   0   0   5   1   0   0   0   1   0   0   1   1   0   0   0  1.40 0.29
  269 F   -4 -5 -5 -6 -4 -4 -5 -5 -3 -2 -1 -3 -2  9 -6 -4 -3 -1  2 -3    0   0   0   0   0   1   0   0   0   1   1   1   0  95   0   0   1   0   1   0  1.94 0.36
  270 K   -2  0 -2 -3 -5 -1 -1 -3 -3 -5 -4  7 -3 -5 -3 -2 -3 -2 -4 -4    1   0   1   0   0   0   0   0   0   0   0  98   0   0   0   0   0   1   0   0  1.55 0.35
  271 E   -2 -2  6  0  0  0  1 -1  0 -3 -4 -1 -3 -4 -3  2  1 -4 -1 -3    1   0  52   2   2   2   9   1   1   1   0   2   0   0   0  17   7   0   2   1  0.67 0.19
  272 E   -1 -2 -3  0 -4  0  2 -2 -3 -4 -4  0 -4 -5  7 -1 -2 -5 -4 -4    4   0   0   4   0   4  13   1   0   0   0   6   0   0  62   4   1   0   0   0  1.36 0.24
  273 N   -1  0  4  3 -4  0  1 -1 -1 -4 -4  2 -3 -4  0  0 -1 -4 -3 -3    3   2  33  23   0   3   9   2   1   0   0  13   0   0   5   3   2   0   0   0  0.52 0.14
  274 N    0 -1  3  0 -2 -1 -1 -1 -1 -3 -3  0 -2 -3  1  4  0 -3 -2 -3    4   1  22   3   0   1   1   2   1   1   1   5   0   1   7  47   2   0   1   1  0.46 0.14
  275 D   -2 -3  2  7 -4 -1  0 -2  0 -4 -5 -1 -4 -5 -2 -1 -2 -5 -4 -4    3   0  10  74   0   1   0   1   2   0   0   2   0   0   1   3   1   0   0   1  1.19 0.25
  276 G    0 -1 -2 -1 -3 -1 -1  2 -2 -4 -4  2 -3 -4  6  0 -1 -4 -3 -3    6   1   1   2   0   1   3  21   0   0   1  15   0   0  41   5   2   0   0   0  0.80 0.16
  277 S    2 -2  0  0 -2 -1  0  0 -1 -3 -3  0 -2 -3 -2  5  1 -4 -3 -2   14   0   2   3   0   1   4   3   1   0   0   6   0   0   0  58   5   0   0   0  0.54 0.18
  278 N   -1  3  0  1 -3  2  1 -2  1 -3 -1  3  0 -3 -2 -1 -1 -3 -2 -2    4  17   3  10   0  14   4   0   5   0   6  28   3   0   1   1   3   0   1   1  0.32 0.11
  279 K   -2 -1 -3 -4 -2 -1 -2 -4  2 -1 -1  2 -2  0 -4 -3 -3  9  4  0    1   3   0   0   1   1   2   0   6   3   6  16   0   0   0   0   0  31  21   9  0.89 0.21
  280 I   -2 -2 -4 -4 -3 -3 -3 -4 -3  4  3  1  1 -1 -4 -3 -2 -3 -2  1    0   1   0   0   0   0   0   0   0  37  42  13   1   0   0   0   0   0   0   4  0.54 0.17
  281 S   -1 -2 -1 -1 -2 -2 -1 -2 -3 -3 -3 -2 -3 -4 -1  4  5 -4 -3 -2    0   0   1   3   0   0   1   0   0   0   0   0   0   0   3  45  47   0   0   0  0.84 0.25
  282 G    1 -3 -2 -2 -3 -2 -2  5 -2 -4 -4 -1 -3 -3  3  1 -2 -3  1 -3    8   0   0   0   0   1   0  50   0   0   0   3   0   0  13  15   0   0   8   1  0.68 0.17
  283 D    0 -2 -1  5 -4  2  4 -2 -1 -4 -4  0 -3 -4  0 -1 -1 -4 -3 -3    9   0   0  36   0   7  31   1   1   0   0   5   0   0   3   2   3   0   0   2  0.63 0.17
  284 S    0  0 -1  0 -4  5  4 -2 -1 -4 -4  3 -2 -4 -2  0 -2 -4 -3 -3    6   1   0   2   0  35  30   1   0   0   0  18   0   0   0   6   0   0   0   0  0.69 0.20
  285 L   -3 -4 -5 -5 -3 -4 -4 -5 -4  0  6 -4  4  0 -5 -4 -3 -3 -3 -1    0   0   0   0   0   0   0   0   0   0  88   0  11   1   0   0   0   0   0   0  1.11 0.26
  286 K    3 -1 -2 -3 -1 -1 -2  2 -3  1 -1  1 -1 -2 -2  0  0 -3 -3  0   41   1   0   0   1   1   0  15   0  10   4  10   1   0   0   2   7   0   0   6  0.24 0.11
  287 D    0 -2  2  5 -4  1  3 -2 -2 -4 -4  0 -3 -4 -3 -1 -2 -5 -4 -4    9   0  11  44   0   5  22   2   0   0   0   5   0   0   0   2   0   0   0   0  0.72 0.18
  288 L   -2 -3 -4 -4 -2 -1 -2 -5 -3  1  4 -3  2  0 -4 -3 -2 -2  1  2    0   0   0   0   0   2   2   0   0   5  62   0   6   3   0   0   1   0   6  12  0.55 0.16
  289 Y   -4 -4 -4 -5 -3 -2 -4 -5  0 -3 -3 -4 -3  2 -5 -4 -4  2  9 -3    0   0   0   0   1   1   0   0   0   0   1   0   0   3   0   0   0   2  93   0  2.18 0.40
  290 K    0  1  0 -2 -2  2  1 -2  1 -1  0  4  0 -3 -2 -1 -1 -3 -2 -1    5   4   2   0   1   9  10   1   3   3  11  40   3   0   0   3   2   0   0   2  0.28 0.12
  291 S   -1 -1  1  3 -3  1  3  1 -1 -4 -4  0 -3 -4 -2  3  0 -4 -3 -3    1   1   4  15   0   4  24  10   1   0   0   5   0   0   0  35   2   0   0   0  0.46 0.15
  292 F   -3 -4 -4 -5 -3 -4 -4 -5 -3  0  3 -4  1  6 -5 -4 -3  3  3 -1    0   0   0   0   0   0   0   0   0   2  31   0   4  51   0   0   0   3   8   0  0.95 0.22
  293 V    0 -4 -4 -4  4 -3 -4 -3 -4  4  0 -3  1 -1 -3 -1  0 -4 -2  3    9   0   0   0  12   0   0   1   0  34   3   0   4   2   0   2   5   0   0  29  0.45 0.14
  294 S    1  1  1  0 -3  1  1 -1 -1 -4 -4  4 -2 -4 -2  1  0 -4 -3 -3   10   4   7   2   0   5   8   2   0   0   0  45   0   0   0  15   2   0   0   0  0.47 0.15
  295 E   -2  0  2  4 -4  0  3 -2  0 -4 -4  4 -3 -4 -2 -1 -1 -5 -3 -4    1   1   8  25   0   1  20   0   1   0   0  39   0   0   0   2   2   0   0   0  0.65 0.18
  296 Y   -4 -4 -4 -5 -1 -4 -4 -5  0 -3 -3 -4 -3  4 -5 -4 -4  0  9 -3    0   0   0   0   1   0   0   0   0   0   0   0   0  18   0   0   0   0  80   0  1.91 0.36
  297 P   -3 -4 -4 -1 -5 -3 -3 -3 -4 -5 -5 -3 -5 -6  8 -3 -3 -6 -5 -5    1   0   0   3   0   0   0   1   0   0   0   0   0   0  96   0   0   0   0   0  2.64 0.39
  298 I   -2 -4 -5 -5 -3 -4 -4 -5 -5  6  1 -4  2  0 -4 -4 -2 -4 -2  3    0   0   0   0   0   0   0   0   0  66   3   0   6   3   0   0   0   0   0  22  0.92 0.23
  299 E   -1 -4 -4 -5 -1 -3 -4 -5 -5  2 -1 -3  0 -2 -4 -3 -1 -2 -3  6    3   0   0   0   1   1   0   0   0   8   0   1   1   1   0   0   1   1   0  83  0.97 0.26
  300 S   -1 -3 -1 -2 -3 -2 -2 -2 -3 -4 -4 -2 -1 -2 -3  6  1 -5 -3 -3    0   0   0   0   0   0   0   0   0   0   1   0   1   2   0  92   5   0   0   0  1.20 0.33
  301 I   -2 -5 -5 -5 -3 -5 -5 -6 -5  7  0 -4  0 -1 -5 -4 -2 -4 -3  1    1   0   0   0   0   0   0   0   0  92   3   0   0   1   0   0   0   0   0   3  1.34 0.30
  302 E   -3 -2 -2  0 -6  0  7 -4 -2 -5 -5 -1 -4 -5 -3 -2 -3 -5 -4 -5    0   0   0   0   0   0 100   0   0   0   0   0   0   0   0   0   0   0   0   0  1.77 0.37
  303 D   -4 -4 -1  8 -6 -2  0 -3 -3 -5 -6 -3 -5 -6 -4 -2 -3 -6 -5 -5    0   0   0 100   0   0   0   0   0   0   0   0   0   0   0   0   0   0   0   0  2.05 0.37
  304 P   -1 -4 -4 -4 -4 -3 -3 -3 -4 -5 -5 -3 -5 -6  8 -3 -3 -1 -5 -4    4   0   0   0   0   0   0   1   0   0   0   0   0   0  93   0   0   1   0   0  2.52 0.38
  305 F   -4 -5 -5 -6 -4 -5 -5 -5 -3 -2 -1 -5 -2  9 -6 -4 -4 -1  2 -3    0   0   0   0   0   0   0   0   0   0   1   0   0  96   0   0   0   0   2   0  2.06 0.37
  306 D    1 -3  0  7 -5 -2  1 -2  0 -5 -5 -2 -4 -5 -3 -1 -3 -6 -4 -4   15   0   1  78   0   0   3   0   2   0   0   0   0   0   0   0   0   0   0   0  1.32 0.28
  307 Q   -3 -1 -2 -2 -5  7  4 -4 -2 -5 -4 -1 -3 -5 -3 -2 -3 -4 -4 -4    0   0   0   0   0  78  22   0   0   0   0   0   0   0   0   0   0   0   0   0  1.53 0.35
  308 D   -4 -3  0  8 -6 -2  1 -3 -3 -5 -6 -3 -5 -6 -3 -2 -3 -6 -5 -5    0   0   2  94   0   0   3   0   0   0   0   0   0   0   0   0   0   0   0   0  1.86 0.35
  309 D   -4 -4  0  8 -6 -2  0 -3  1 -5 -6 -3 -5 -6 -3 -2 -3 -6 -5 -5    0   0   0  96   0   0   0   1   3   0   0   0   0   0   0   0   0   0   0   0  1.89 0.35
  310 W   -4 -5 -6 -7 -5 -4 -5 -5 -5 -5 -4 -5 -4  2 -6 -5 -5 12  1 -5    0   0   0   0   0   0   0   0   0   0   0   0   0   7   0   0   0  90   2   0  3.64 0.49
  311 S    1 -2  0  3 -4  0  5 -2 -1 -3 -4 -1 -3 -4 -1  1 -1 -4 -3 -2   16   0   2  17   0   1  48   2   1   1   0   1   0   0   2   7   1   0   0   2  0.59 0.17
  312 T    4 -2  1 -2 -1 -2 -2  0  3 -3 -3 -2 -2 -3 -1  2  1 -2 -2 -2   53   0   9   0   1   0   0   4   9   0   0   0   0   1   1  13   8   0   0   0  0.48 0.17
  313 Y   -4 -5 -5 -6 -3 -4 -5 -5 -3 -4 -4 -5 -3  1 -6 -4 -2 11  6 -4    1   0   0   0   0   0   0   0   0   0   0   0   0   4   0   0   2  67  25   0  2.70 0.41
  314 A    3 -2  0 -2 -2  0 -1 -1  0 -1 -2  0 -2 -3 -1  3  3 -4 -3 -1   27   0   3   0   0   2   0   2   2   3   0   6   0   0   1  27  23   0   0   3  0.34 0.14
  315 K    0  0  1 -1 -3  0  0 -2  4 -3 -2  4 -2 -2 -2  1 -1 -2  1 -3    7   1   9   1   0   3   2   1  12   1   3  39   0   0   1   9   2   0   7   0  0.34 0.13
  316 L   -3 -4 -4 -5 -3 -4 -4 -4 -3  0  3 -4  3  6 -5 -3 -3 -1  1 -1    0   0   0   0   0   0   0   1   0   3  38   0   9  46   0   0   0   0   2   0  0.86 0.21
  317 T   -2 -1  0 -3 -2 -1 -2 -3 -2 -2 -1 -2 -1  1 -3  0  6 -3  2 -1    0   2   4   0   1   3   1   0   0   1   4   1   1   6   0   2  67   0   7   1  0.68 0.22
  318 D    3 -1 -1 -1 -2  0  1  0 -2 -3 -3  2 -2 -3 -1  2  0 -4 -3 -2   35   0   2   1   0   4   8   4   0   0   1  18   0   0   2  19   5   0   0   1  0.32 0.12
  319 E    0  1  1  0 -3  2  2 -2  0 -2 -2  2 -1 -3 -2  2  2 -3 -2 -2    4   8   6   3   0   9  15   1   1   1   4  14   1   1   0  16  15   0   0   0  0.24 0.08
  320 I    1 -1 -1 -1  1 -1 -1 -1 -1  2  0 -1  1 -1 -1  0  0 -2 -1  2   15   2   3   3   4   2   2   2   2  16   7   2   4   2   2   6   2   0   1  23  0.07 0.04
  321 G    0 -1  0 -1 -1 -1 -1  5 -1 -2 -2 -1 -1 -2 -1  0 -1 -1 -2 -2    6   4   2   3   1   2   3  50   1   2   4   3   1   2   3   4   3   1   1   3  0.40 0.06
  322 Q    0  0  0  1 -2  1  1  0 -1 -1 -2  1 -1 -2 -1  1  2 -2 -2  0    3   3   4   6   1   7  12   6   1   1   3   9   1   1   1   9  24   0   1   6  0.14 0.05
  323 K   -1  0  2  3 -3  1  1 -2  0 -2 -3  2 -2 -3  2  0  0 -3 -2 -2    2   1   9  25   0   5   5   1   1   3   1  22   0   1   9   7   5   0   0   1  0.31 0.09
  324 V   -2 -4 -4 -4  2 -4 -4 -5 -4  5  0 -4  0  1 -4 -3 -1 -3 -1  3    1   0   0   0   5   0   0   0   0  55   1   0   1   7   0   0   3   0   1  27  0.71 0.19
  325 Q   -3 -1 -2 -2 -5  8  0 -4 -2 -5 -4  0 -3 -5 -3 -2 -2 -4 -4 -4    0   0   0   0   0  97   2   0   0   0   0   1   0   0   0   0   1   0   0   0  1.92 0.41
  326 I   -3 -4 -5 -5 -2 -4 -5 -5 -5  6  1 -4  0 -2 -4 -3 -2 -4 -3  3    0   0   0   0   0   0   0   0   0  73   6   0   0   0   0   1   0   0   0  20  1.02 0.25
  327 V   -2 -4 -5 -5 -3 -4 -4 -5 -5  1 -1 -4  0 -3 -4 -3 -1 -5 -3  7    0   0   0   0   0   0   0   0   0   1   0   0   2   0   0   0   1   0   0  96  1.30 0.31
  328 G    0 -4 -2 -3 -4 -4 -4  7 -4 -5 -5 -3 -4 -5 -4 -2 -3 -4 -5 -5    6   0   0   0   0   0   0  94   0   0   0   0   0   0   0   0   0   0   0   0  1.73 0.31
  329 D   -4 -4 -1  8 -6 -2  0 -3 -3 -5 -6 -3 -5 -6 -4 -2 -3 -6 -5 -5    0   0   0 100   0   0   0   0   0   0   0   0   0   0   0   0   0   0   0   0  2.05 0.37
  330 D   -4 -4 -1  8 -6 -2  0 -3 -3 -5 -6 -3 -5 -6 -4 -2 -3 -6 -5 -5    0   0   0 100   0   0   0   0   0   0   0   0   0   0   0   0   0   0   0   0  2.04 0.37
  331 L   -3 -4 -5 -5 -3 -4 -5 -5 -5  1  6 -4  1 -1 -5 -4 -3 -3 -3 -1    0   0   0   0   0   0   0   0   0   3  96   0   1   0   0   0   0   0   0   0  1.19 0.28
  332 L   -2 -3 -2 -3 -3 -3 -3 -4 -4 -1  3 -3 -1 -1 -3 -1  5 -4 -3 -1    0   0   0   0   0   0   0   0   0   0  38   0   0   2   0   0  60   0   0   0  0.83 0.26
  333 V   -2 -4 -5 -5  0 -4 -4 -5 -5  1 -1 -4 -1 -3 -4 -3 -2 -5 -3  7    1   0   0   0   1   0   0   0   0   0   0   0   0   0   0   0   0   0   0  98  1.34 0.32
  334 T   -2 -3 -2 -3 -3 -3 -3 -4 -4 -3 -3 -3 -3 -4 -3  0  7 -5 -4 -2    0   0   0   0   0   0   0   0   0   0   0   0   0   0   0   1  98   0   0   0  1.58 0.37
  335 N   -4 -2  8 -1 -5 -2 -2 -2 -1 -5 -6 -2 -4 -5 -4 -1 -2 -6 -4 -5    0   0  99   0   0   0   0   0   0   0   0   0   0   0   0   0   1   0   0   0  1.99 0.39
  336 P   -2 -4 -4 -4 -5 -3 -3 -4 -4 -2 -4 -3 -1 -5  8 -2 -3 -6 -5 -2    1   0   0   0   0   0   0   0   0   3   0   0   2   0  91   1   0   0   0   2  2.39 0.37
  337 T   -1  0 -1 -1 -3  0  1 -3 -2  0  0  5 -1 -3 -2  0  1 -4 -3 -1    3   1   1   1   0   1   8   0   0   5  13  50   1   0   0   4  11   0   0   2  0.38 0.16
  338 R   -3  8 -2 -4 -5 -1 -2 -4 -2 -5 -4  1 -3 -2 -4 -3 -3 -5 -3 -4    0  94   0   0   0   0   0   0   0   0   1   3   0   2   0   0   1   0   0   0  1.73 0.35
  339 V   -2 -5 -5 -5 -3 -4 -5 -5 -5  6  0 -4  0 -2 -4 -4 -2 -4 -3  3    1   0   0   0   0   0   0   0   0  76   2   0   1   0   0   0   0   0   0  20  1.09 0.26
  340 A    2  1 -1 -1 -3  3  1 -2 -1 -3 -3  4 -2 -4 -2  0 -1 -4 -3 -2   28   4   2   1   0  17  10   1   0   0   0  32   0   0   0   3   3   0   0   1  0.44 0.15
  341 K   -1  1 -1 -2 -3  1  1 -3 -1 -2 -2  4  1 -4 -2 -1  3 -4 -3 -2    1   6   1   0   0   5   7   0   1   1   1  38   6   0   0   1  32   0   0   2  0.47 0.17
  342 A    6 -3 -3 -3 -2 -3 -3  2 -3 -3 -3 -2 -3 -4 -2 -1 -2 -4 -4 -2   87   0   0   0   0   0   0  12   0   0   0   0   0   0   0   0   0   0   0   0  1.07 0.28
  343 I   -1 -3 -4 -4 -2 -4 -4 -4 -4  6  1 -3  0 -2 -4 -3 -2 -4 -3  3    3   1   0   0   0   0   0   0   0  62   6   2   1   0   0   0   0   0   0  25  0.81 0.21
  344 N   -1 -1  0  3 -5  2  5 -2 -2 -4 -4  1 -2 -5 -3  0 -2 -4 -3 -4    3   0   3  20   0   6  56   1   0   0   0   6   1   0   0   3   1   0   0   0  0.81 0.20
  345 E   -2  0 -1  1 -4  1  3 -2 -1 -3 -1  5 -2 -4 -2 -1 -1 -4 -3 -2    1   1   1   6   0   4  20   2   1   0   6  52   1   0   0   2   2   0   0   2  0.55 0.18
  346 K   -2  1 -1 -2 -5  0 -1 -1 -1 -5 -4  7 -3 -5 -3 -2 -2 -5 -4 -4    0   2   2   1   0   1   0   4   1   0   1  89   0   0   0   0   0   0   0   0  1.29 0.31
  347 T    5 -3 -3 -3  0 -2 -2 -1 -3 -3 -3 -2 -3 -4 -2  2  0  0 -3 -2   78   0   0   0   2   0   0   0   0   0   0   0   0   0   0  16   3   2   0   0  0.91 0.26
  348 C    0 -5 -5 -6 11 -5 -5 -4 -5 -3 -3 -5 -3 -5 -5 -3 -3 -5 -5 -1    9   0   0   0  88   0   0   0   0   0   0   0   0   0   0   0   0   0   0   3  2.55 0.41
  349 N   -3 -2  8  1 -5 -2 -2 -2 -1 -5 -5 -2 -4 -5 -4 -1 -1 -6 -4 -5    0   0  94   4   0   0   0   0   0   0   0   0   0   0   0   1   1   0   0   0  1.81 0.36
  350 A    4 -4 -3 -4  8 -3 -3  1 -4 -3 -3 -3 -3 -4 -3  0 -2 -4 -3 -2   51   0   0   0  35   0   0  10   0   0   0   0   0   0   0   2   0   0   1   0  1.02 0.25
  351 L   -3 -4 -5 -5 -3 -4 -5 -5 -5  0  6 -4  1 -1 -5 -4 -3 -3 -3  0    0   0   0   0   0   0   0   0   0   0  99   0   0   0   0   0   0   0   0   1  1.26 0.29
  352 L   -3 -4 -5 -6 -3 -4 -5 -6 -5  0  6 -4  1 -1 -5 -4 -3 -3 -3 -1    0   0   0   0   0   0   0   0   0   0 100   0   0   0   0   0   0   0   0   0  1.29 0.29
  353 L   -3 -4 -5 -5 -3 -4 -5 -5 -5  0  6 -4  1 -1 -5 -4 -3 -3 -3  0    0   0   0   0   0   0   0   0   0   1  98   0   0   0   0   0   0   0   0   1  1.24 0.28
  354 K   -3  0 -2 -3 -5  0 -1 -4 -3 -5 -5  7 -3 -5 -3 -2 -3 -5 -4 -4    0   0   0   0   0   0   0   0   0   0   0 100   0   0   0   0   0   0   0   0  1.63 0.36
  355 V   -2 -4 -5 -5 -3 -4 -4 -5 -5  2  0 -4 -1 -2 -4 -3 -2 -5 -3  6    0   0   0   0   0   0   0   0   0   6   2   0   0   0   0   0   0   0   0  91  1.21 0.30
  356 N   -4 -2  8 -1 -5 -2 -2 -2 -1 -5 -6 -2 -4 -5 -4 -1 -2 -6 -3 -5    0   0  99   0   0   0   0   0   0   0   0   0   0   0   0   0   0   0   1   0  2.01 0.39
  357 Q   -3 -1 -2 -2 -5  8  0 -4 -2 -5 -4 -1 -3 -6 -4 -2 -3 -4 -4 -5    0   0   0   0   0 100   0   0   0   0   0   0   0   0   0   0   0   0   0   0  2.03 0.43
  358 I   -3 -5 -4 -5 -3 -5 -5 -6 -5  7  0 -5 -1 -2 -5 -4 -3 -5 -3  1    0   0   1   0   0   0   0   0   0  99   0   0   0   0   0   0   0   0   0   1  1.52 0.34
  359 G   -2 -4 -2 -3 -4 -4 -4  7 -4 -6 -6 -3 -5 -5 -4 -2 -3 -4 -5 -5    0   0   0   0   0   0   0 100   0   0   0   0   0   0   0   0   0   0   0   0  1.92 0.33
  360 S   -1 -3 -1 -2 -3 -2 -2 -2 -3 -3 -4 -2 -3 -4 -3  5  5 -4 -3 -3    0   0   0   0   0   0   0   0   0   0   0   0   0   0   0  59  41   0   0   0  1.00 0.28
  361 V   -2 -4 -5 -5 -2 -4 -4 -5 -5  3  2 -4  0 -1 -4 -3 -2 -4 -2  5    0   0   0   0   0   0   0   0   0  18  18   0   0   1   0   0   0   0   0  63  0.81 0.21
  362 T   -1 -3 -2 -3 -3 -2 -2 -3 -3 -3 -3 -2 -3 -4 -3  3  7 -4 -3 -2    0   0   0   0   0   0   0   0   0   0   0   0   0   0   0  19  81   0   0   0  1.24 0.32
  363 E   -3 -2 -2  0 -6  0  7 -4 -2 -5 -5 -1 -4 -5 -3 -2 -3 -5 -4 -5    0   0   0   0   0   0 100   0   0   0   0   0   0   0   0   0   0   0   0   0  1.77 0.37
  364 S    2 -3 -1 -2 -2 -2 -2 -2 -3 -4 -4 -2 -3 -4 -3  6  0 -5 -3 -3   16   0   0   0   0   0   0   0   0   0   0   0   0   0   0  82   2   0   0   0  1.06 0.30
  365 I   -3 -5 -5 -5 -3 -4 -5 -6 -5  7  1 -4  1 -1 -5 -4 -2 -4 -3  1    0   0   0   0   0   0   0   0   0  86  10   0   1   1   0   0   0   0   0   2  1.20 0.28
  366 E   -1  0  0  2 -4  5  4 -3 -1 -4 -4  2 -2 -4 -3 -1 -2 -4 -3 -3    4   2   4   9   0  39  30   0   0   0   0  10   0   0   0   1   0   0   0   0  0.74 0.20
  367 A    6 -3 -3 -4 -2 -3 -3 -1 -3 -3 -3 -2 -3 -4 -3  0 -1 -4 -4 -2   97   0   0   0   0   0   0   1   0   0   0   0   0   0   0   0   2   0   0   0  1.25 0.31
  368 V    3 -3 -1 -3  7 -2 -3 -3  4 -1 -2 -3 -2 -2 -3 -1 -1 -4 -1  2   31   0   3   0  29   0   0   0  13   1   0   0   0   2   0   2   1   0   1  18  0.62 0.19
  369 R   -2  2  2 -1 -2  2 -1 -2 -2 -2  1  4 -1 -3 -3 -1 -1 -4 -3 -2    1   8  11   1   1  13   0   1   0   0  18  42   1   0   0   0   2   0   0   1  0.40 0.15
  370 M   -3 -3 -3  3 -3 -2 -2 -4 -3  0  4 -2  5 -1 -4 -3 -2 -3 -3 -1    0   0   0  19   0   0   0   0   0   2  48   3  27   1   0   0   1   0   0   0  0.62 0.20
  371 S    5 -3 -2 -3  0 -2 -2 -1 -3 -3 -3 -2 -3 -4 -2  4 -1 -4 -3 -2   55   0   0   0   1   0   0   0   0   0   0   0   0   0   0  41   0   0   0   2  0.80 0.24
  372 K   -2  2 -2 -2 -4  5  0 -3  0 -3 -3  4 -1  1 -3 -1 -2 -3  2 -2    1   7   0   0   0  37   0   0   2   0   0  33   1   6   0   1   0   0  10   2  0.65 0.21
  373 R    2  1  0  0 -3  1  1 -1  0 -3 -3  2 -2 -4 -2  3  0 -4 -3 -2   22   5   4   5   0   6   8   3   2   0   0  18   0   0   0  27   1   0   0   0  0.32 0.12
  374 A    3 -2  5  2 -3  0 -1 -1 -1 -3 -3 -1 -3 -3 -3  0 -1 -4 -2 -2   41   1  35  10   0   3   0   0   1   0   1   1   0   1   0   5   0   0   1   1  0.55 0.19
  375 G   -2 -3  1 -2 -4 -3 -3  7 -2 -5 -5 -2 -4 -5 -4 -1 -3 -4 -5 -5    0   1   6   1   0   0   0  88   0   0   0   2   0   0   0   1   0   0   0   0  1.52 0.28
  376 W   -5 -5 -6 -6 -5 -4 -5 -5 -3 -5 -4 -5 -4  0 -6 -5 -5 13  0 -5    0   0   0   0   0   0   0   0   0   0   0   0   0   2   0   0   0  96   0   0  3.89 0.51
  377 G   -1 -4 -2 -3 -4 -3 -4  7 -4 -5 -5 -3 -4 -5 -4 -2 -2 -4 -5 -5    2   0   0   0   0   0   0  93   0   0   0   1   0   0   0   0   2   0   0   0  1.66 0.29
  378 V   -2 -4 -4 -4 -2 -3 -4 -4 -4  2 -1 -3 -1 -2 -4 -2  2 -4 -3  6    0   0   0   0   0   0   0   0   0   4   0   0   0   0   0   0  14   0   0  80  0.96 0.26
  379 M   -3 -3 -4 -5 -4 -1 -4 -5 -4 -1  0 -3 10 -2 -5 -4 -3 -4 -3 -1    0   0   0   0   0   3   0   0   0   0   0   0  95   0   0   0   0   0   0   0  2.11 0.43
  380 A    0 -4 -4 -4 -2 -3 -4 -4 -4  1 -1 -3 -1 -2 -3 -2  1 -4 -3  6    8   0   0   0   0   0   0   0   0   1   0   0   0   0   0   0  10   0   0  79  0.88 0.25
  381 S   -1 -3 -1 -2 -3 -2 -2 -2 -3 -4 -4 -2 -3 -4 -3  7  0 -5 -3 -3    0   0   0   0   0   0   0   0   0   0   0   0   0   0   0  98   0   0   0   0  1.36 0.34
  382 H   -4 -2 -2 -3 -5 -2 -2 -4 11 -5 -5 -3 -4 -3 -4 -3 -4 -5  0 -5    0   0   0   0   0   0   0   0  98   0   0   0   0   0   0   0   0   0   0   0  2.66 0.44
  383 R   -3  8 -2 -4 -5 -1 -2 -4 -2 -5 -4  0 -3 -5 -4 -3 -3 -5 -4 -4    0  98   0   0   0   0   0   0   0   0   0   0   0   0   0   0   0   0   0   0  1.86 0.36
  384 S   -1 -3 -1 -2 -3 -2 -2 -2 -3 -4 -4 -2 -3 -4 -3  7  0 -5 -4 -4    0   0   0   0   0   0   0   0   0   0   0   0   0   0   0  98   0   0   0   0  1.38 0.35
  385 G   -2 -4 -2 -3 -4 -4 -4  7 -4 -5 -5 -3 -4 -5 -4 -2 -3 -4 -5 -5    0   0   0   0   0   0   0  98   0   0   0   0   0   0   0   0   0   0   0   0  1.84 0.31
  386 E   -3 -2 -2  0 -5  0  7 -4 -2 -5 -5 -1 -4 -5 -3 -2 -3 -5 -4 -4    0   0   0   2   0   0  97   0   0   0   0   0   0   0   0   0   0   0   0   0  1.64 0.35
  387 T   -2 -3 -2 -3 -3 -3 -3 -3 -4 -3 -3 -3 -3 -4 -3  0  7 -4 -4 -2    0   0   0   0   0   0   0   0   0   0   0   0   0   0   0   0  98   0   0   0  1.56 0.36
  388 E   -2 -2 -2  0 -5  0  7 -4 -2 -5 -5 -1 -4 -5 -3 -2 -3 -5 -4 -4    1   0   0   1   0   0  96   0   0   0   0   1   0   0   0   0   0   0   0   0  1.62 0.34
  389 D   -3 -3  1  8 -5 -2  0 -3 -3 -5 -5 -2 -5 -5 -3 -1 -3 -6 -5 -5    0   0   5  92   0   0   0   0   0   0   0   0   0   0   0   1   0   0   0   0  1.76 0.33
  390 T   -1 -3  1 -2  1 -2 -2 -3 -2 -2 -2 -2 -2 -3 -3  2  6 -4 -3  1    1   0   6   1   3   0   0   0   0   0   0   0   0   0   0  12  64   0   0  11  0.73 0.23
  391 F   -3 -4 -4 -4 -4 -4 -4 -4 -3 -1 -1 -4 -2  8 -4 -3  2 -1  3 -1    0   0   0   0   0   0   0   0   0   2   1   0   0  74   0   1  14   0   5   2  1.28 0.28
  392 I   -3 -5 -5 -5 -3 -4 -5 -5 -5  7  0 -4  0 -2 -4 -4 -2 -4 -3  1    0   0   0   0   0   0   0   0   0  98   0   0   1   0   0   0   0   0   0   0  1.47 0.32
  393 A    6 -3 -3 -3 -2 -2 -2 -1 -3 -3 -3 -2 -3 -4 -2  0 -2 -4 -3 -2   93   0   0   0   0   0   0   2   0   0   0   0   0   0   0   3   0   0   0   0  1.15 0.29
  394 D   -4 -3  0  8 -5 -2  0 -3 -2 -5 -5 -2 -5 -5 -3 -2 -3 -6 -5 -5    0   0   0  96   0   0   1   0   1   0   0   0   0   0   0   1   0   0   0   0  1.87 0.34
  395 L   -3 -4 -5 -5 -3 -4 -4 -5 -4  2  5 -4  1 -1 -4 -4 -3 -3 -3  0    0   0   0   0   0   0   0   0   0  11  86   0   0   1   0   0   0   0   0   1  1.01 0.25
  396 S    2 -3 -3 -4 -2 -3 -3 -3 -4  0 -1 -3 -1 -3 -3  1  0 -4 -3  5   17   0   0   0   0   0   0   0   0   0   0   0   0   0   0  13   5   0   0  63  0.59 0.21
  397 V   -2 -4 -5 -5 -3 -4 -4 -5 -5  1 -1 -4 -1 -3 -4 -3 -2 -5 -3  7    1   0   0   0   0   0   0   0   0   1   0   0   0   0   0   0   1   0   0  96  1.29 0.32
  398 G    1 -4 -2 -3 -4 -3 -4  7 -4 -5 -5 -3 -4 -5 -4 -2 -3 -4 -5 -4    9   0   0   0   0   0   0  89   0   0   0   0   0   0   0   0   0   0   0   0  1.57 0.29
  399 L   -3 -4 -5 -5 -3 -4 -5 -5 -4  1  6 -4  1 -1 -5 -4 -3 -3 -3 -1    0   0   0   0   0   0   0   0   0   5  93   0   0   0   0   0   0   0   0   0  1.14 0.27
  400 S    1  3 -1 -2  5 -1 -2  2 -2 -3 -3 -1 -3 -4 -3  2 -1 -4 -3 -3   14  22   2   0  19   1   0  20   0   0   0   1   0   0   0  19   0   0   0   0  0.47 0.16
  401 T    1 -3 -2 -3  2 -2 -2 -3 -3 -2 -3 -2 -2 -4 -2  1  6 -4 -3  0   11   0   0   0   5   0   0   0   0   0   0   0   0   0   1   8  68   0   0   5  0.82 0.25
  402 G   -1 -4 -2 -3 -2 -3 -4  7 -4 -5 -5 -2 -4 -5 -4 -2 -3 -4 -5 -5    1   0   0   0   1   0   0  95   0   0   0   1   0   0   0   0   0   0   0   0  1.72 0.31
  403 Q   -3 -1 -2 -2 -5  8  1 -4 -1 -4 -4 -1 -3 -5 -3 -2 -2 -4 -4 -4    0   0   0   0   0  91   5   0   0   1   0   0   0   0   0   0   1   0   0   0  1.70 0.39
  404 I   -3 -5 -5 -5 -3 -5 -5 -6 -5  7  0 -5  0 -2 -5 -4 -2 -4 -3  1    0   0   0   0   0   0   0   0   0  96   3   0   0   0   0   0   0   0   0   0  1.43 0.32
  405 K   -3  0 -2 -3 -5  0 -1 -3 -3 -5 -4  7 -3 -5 -3 -2 -3 -5 -4 -4    0   0   0   0   0   0   0   0   0   0   0  99   0   0   0   0   0   0   0   0  1.59 0.35
  406 T   -1 -3 -1 -2 -2 -2 -3 -3 -3 -3 -3 -2 -3 -4 -3  1  7 -4 -3 -2    2   0   1   1   0   0   0   0   0   0   0   0   0   0   0   4  91   0   0   0  1.34 0.33
  407 G   -2 -4 -2 -3 -4 -4 -4  7 -4 -6 -5 -3 -5 -5 -4 -2 -3 -1 -5 -5    0   0   0   0   0   0   0  99   0   0   0   0   0   0   0   0   0   1   0   0  1.85 0.32
  408 A    6 -3 -3 -3 -2 -2 -2 -2 -3 -3 -3 -2 -3 -4 -1  0 -2 -4 -4 -2   97   0   0   0   0   0   1   0   0   0   0   0   0   0   1   1   0   0   0   0  1.22 0.31
  409 P   -3 -4 -4 -4 -5 -3 -3 -4 -4 -5 -5 -3 -5 -6  9 -3 -3 -6 -5 -4    0   0   0   0   0   0   0   0   0   0   0   0   0   0  98   0   1   0   0   0  2.74 0.40
  410 C    2 -5 -4 -5 10 -4 -5 -4 -5 -3 -3 -4 -3 -4 -4 -2 -3 -4 -4 -3   19   0   0   0  80   0   0   0   0   0   0   0   0   0   0   1   0   0   0   0  2.22 0.37
  411 R   -3  8 -2 -4 -5 -1 -2 -4 -2 -5 -4  0 -3 -5 -4 -3 -3 -5 -4 -4    0  99   0   0   0   0   0   0   0   0   0   0   0   0   0   0   0   0   0   0  1.88 0.36
  412 S    0 -3 -1 -2 -3 -2 -2 -2 -3 -4 -4 -2 -3 -4 -3  6  1 -5 -3 -3    1   0   0   0   0   0   0   0   0   0   0   0   0   0   0  94   4   0   0   0  1.25 0.32
  413 E   -3 -2 -2  0 -6  0  7 -4 -2 -5 -5 -1 -4 -5 -3 -2 -3 -5 -4 -4    0   0   0   1   0   0  97   0   0   0   0   0   0   0   0   0   0   0   0   0  1.65 0.34
  414 R   -3  8 -2 -4 -3 -1 -2 -4 -2 -5 -4  0 -3 -5 -4 -3 -3 -5 -4 -4    0  98   0   0   1   0   0   0   0   0   0   0   0   0   0   0   0   0   0   0  1.82 0.35
  415 L   -3 -3 -1 -4 -3 -3 -4 -5 -4  0  5 -4  1 -1 -4 -3 -1 -3 -2  1    0   0   5   0   0   0   0   0   0   0  81   0   1   0   0   0   2   0   0  10  0.82 0.21
  416 A    6 -3 -3 -3  3 -2 -2 -1 -3 -3 -3 -2 -3 -4 -2  1 -1 -4 -3 -2   88   0   0   0   6   0   0   0   0   0   0   0   0   0   0   5   0   0   0   0  1.05 0.27
  417 K   -2  0 -2 -2 -5  0 -1 -3 -2 -5 -4  7 -3 -5 -3 -2 -2 -5 -4 -4    0   0   0   0   0   0   0   0   0   0   0  98   0   0   0   0   0   0   0   0  1.52 0.33
  418 Y   -4 -4 -4 -5 -4 -3 -4 -5  0 -2  1 -4 -2  1 -5 -4 -3  0  9 -3    0   0   0   0   0   0   0   0   0   0  14   0   0   0   0   0   0   0  84   0  1.73 0.33
  419 N   -3 -2  8  0 -5 -2 -2 -2 -1 -5 -5 -2 -4 -5 -4 -1 -2 -6 -4 -5    0   0  98   0   0   0   0   0   0   0   0   0   0   0   0   0   0   0   0   0  1.89 0.36
  420 Q   -1 -1 -2 -2 -5  8  0 -4 -1 -5 -4 -1 -2 -5 -3 -2 -2 -4 -3 -4    3   0   0   0   0  93   1   0   0   0   0   0   0   0   0   0   1   0   0   0  1.70 0.36
  421 L   -3 -4 -5 -5 -3 -4 -4 -5 -4  4  5 -4  1 -1 -4 -4 -2 -3 -2  0    0   0   0   0   0   0   0   0   0  28  71   0   1   0   0   0   0   0   0   0  0.88 0.21
  422 L   -3 -3 -5 -5 -3 -3 -4 -5 -4  1  5 -4  4 -1 -4 -4 -2 -3 -2  0    0   0   0   0   0   0   0   0   0   2  82   0  15   0   0   0   0   0   0   1  1.00 0.23
  423 R   -3  8 -2 -4 -5 -1 -2 -4 -2 -5 -4  0 -3 -5 -4 -3 -3 -5 -4 -4    0  99   0   0   0   0   0   0   0   0   0   0   0   0   0   0   0   0   0   0  1.85 0.35
  424 I   -3 -5 -5 -5 -3 -5 -5 -6 -5  7  0 -5  0 -2 -5 -4 -2 -1 -3  1    0   0   0   0   0   0   0   0   0  99   0   0   0   0   0   0   0   1   0   0  1.46 0.31
  425 E   -2 -1 -2  0 -6  0  7 -4 -2 -5 -5 -1 -4 -5 -3 -2 -3 -5 -4 -4    1   1   0   0   0   0  98   0   0   0   0   0   0   0   0   1   0   0   0   0  1.61 0.33
  426 E   -2 -2 -2  0 -4  1  7 -4 -2 -5 -5 -1 -4 -5 -3 -1 -3 -5 -3 -4    1   0   0   2   0   2  93   0   0   0   0   1   0   0   0   1   0   0   0   0  1.48 0.31
  427 E   -1 -2 -1  0 -5  2  7 -4 -1 -4 -4 -1 -2 -5 -3  0 -2 -5 -4 -4    3   0   1   1   0   5  84   0   0   0   0   0   1   0   0   4   0   0   0   0  1.24 0.28
  428 L   -3 -4 -5 -5 -3 -4 -4 -5 -4  1  6 -4  1 -1 -4 -4 -3 -3 -3  0    1   0   0   0   0   0   0   0   0   4  94   0   0   0   0   0   0   0   0   1  1.09 0.25
  429 G   -1 -4 -2 -2 -4 -3 -1  7 -4 -5 -5 -3 -4 -5 -4 -2 -3 -4 -5 -4    1   0   0   1   0   1   4  92   0   0   0   0   0   0   0   0   0   0   0   1  1.59 0.28
  430 D    1 -1  1  4 -1  0  1 -1 -2 -3 -3  0 -2 -3  0  2  0 -4 -3 -2   17   1   4  29   1   2   6   3   0   0   1   6   0   0   3  26   2   0   0   0  0.37 0.11
  431 A    1  1  3  1 -3  1  0  0  0 -3 -3  3 -2 -4 -1  0 -1 -4 -3 -3   13   5  20   9   0   3   3   4   2   0   1  34   0   0   1   5   0   0   0   0  0.36 0.12
  432 A    5 -3 -3 -3  2 -2 -2 -1 -2 -2 -3 -2 -2 -4 -2  0 -1 -4 -3  0   81   0   0   0   4   0   0   2   0   1   0   0   0   0   0   4   1   0   0   6  0.84 0.24
  433 V   -1  2 -1 -2 -2 -1 -2 -3 -1  2 -1  2 -1 -2 -2 -1  0 -4 -2  3    1  11   1   1   0   1   1   0   1  12   1  18   0   0   1   3   7   0   1  40  0.25 0.12
  434 Y   -4 -4 -4 -5 -4 -4 -4 -5 -1 -3 -2 -4 -2  6 -5 -4 -4  0  8 -3    0   0   0   0   0   0   0   0   0   0   0   0   0  31   0   0   0   0  69   0  1.78 0.32
  435 A    6 -3 -3 -3 -2 -2 -2 -1 -3 -3 -3 -2 -3 -4 -2  0 -2 -4 -3 -1   96   0   0   0   0   0   0   0   0   0   0   0   0   0   1   1   0   0   0   1  1.16 0.28
  436 G   -1 -4 -2 -3 -4 -3 -4  7 -4 -6 -5 -3 -4 -5 -4 -2 -3 -4 -5 -5    1   0   0   0   0   0   0  98   0   0   0   0   0   0   0   1   0   0   0   0  1.79 0.30
  437 A    1  2 -1  1 -3  2  3 -2  0 -3 -3  3 -2 -3 -1  0 -1 -4 -2 -2   13  10   1   5   0   7  26   1   3   0   1  23   0   0   1   5   2   0   0   3  0.33 0.10
  438 K   -1 -1  5  1 -4  0 -1 -1  1 -4 -4  3 -3 -4 -3  1 -1 -4 -2 -3    4   0  46   7   0   1   1   2   4   0   0  25   0   0   0   7   1   0   1   1  0.63 0.18
  439 F   -4 -5 -5 -5 -4 -5 -5 -5 -3 -2 -1 -5 -2  8 -6 -4 -4  4  2 -3    0   0   0   0   0   0   0   0   0   0   0   0   0  91   0   0   0   6   3   0  1.85 0.31
  440 R   -3  7 -2 -3 -5  0 -2 -4  3 -5 -4  1 -3 -4 -4 -1 -3 -4 -3 -4    1  87   0   0   0   1   0   0   7   0   0   2   0   0   0   2   0   0   0   0  1.45 0.28
  441 A    0  0  4 -1 -2  0 -1 -2  4 -3 -3  2 -2 -3 -2  0  2 -4 -1 -3   11   3  32   1   1   1   0   0  16   0   0  14   0   0   0   4  15   0   1   0  0.42 0.13
  442 P    1 -3 -2 -3 -4 -2 -2 -1 -3 -4 -4 -2 -4 -5  8 -1 -2 -5 -4 -3   11   0   1   0   0   1   0   3   0   0   0   0   0   0  79   4   0   0   0   0  1.86 0.24
  443 V   -1 -3 -3 -4  1 -3 -3 -4  0  2  2 -3  1 -1 -2 -2 -1  3 -1  3    2   0   0   0   3   0   0   0   4  12  24   0   1   0   1   0   1   5   0  46  0.33 0.07
  444 E   -1  0  4  1 -3  2  3 -2  0 -3 -3  2 -2 -4 -1  0  0 -4 -3 -3    1   0  36   2   0   6  34   0   0   0   0  12   0   0   2   0   6   0   0   0  0.49 0.06
  445 P   -1 -3 -2 -2 -3 -2 -1 -3 -3 -3 -3 -1 -3 -4  8 -1 -1 -4 -3 -3    0   0   0   0   0   0   0   0   0   0   0   0   0   0 100   0   0   0   0   0  2.15 0.04
  446 Y   -2 -2 -2 -3 -3 -2 -2 -3  2 -2 -1 -2 -1  3 -3 -2 -2  2  7 -1    0   0   0   0   0   0   0   0   0   0   0   0   0   0   0   0   0   0 100   0  0.93 0.02

                      K         Lambda
Standard Ungapped    0.1323     0.3132
Standard Gapped      0.0622     0.2670
PSI Ungapped         0.2029     0.3140
PSI Gapped           0.0622     0.2670
