
Last position-specific scoring matrix computed, weighted observed percentages rounded down, information per position, and relative weight of gapless real matches to pseudocounts
           A  R  N  D  C  Q  E  G  H  I  L  K  M  F  P  S  T  W  Y  V   A   R   N   D   C   Q   E   G   H   I   L   K   M   F   P   S   T   W   Y   V
    1 M   -1 -1 -2 -3 -2  0 -2 -3 -2  1  2 -1  6  0 -3 -2 -1 -2 -1  1    0   0   0   0   0   0   0   0   0   0   0   0 100   0   0   0   0   0   0   0  0.33 0.00
    2 P   -1 -2 -2 -2 -3 -1 -1 -2 -2 -3 -3 -1 -3 -4  8 -1 -1 -4 -3 -3    0   0   0   0   0   0   0   0   0   0   0   0   0   0 100   0   0   0   0   0  2.03 0.00
    3 Y   -2 -2 -2 -3 -3 -2 -2 -3  2 -1 -1 -2 -1  3 -3 -2 -2  2  7 -1    0   0   0   0   0   0   0   0   0   0   0   0   0   0   0   0   0   0 100   0  0.85 0.00
    4 L   -2 -2 -4 -4 -1 -2 -3 -4 -3  2  4 -3  2  0 -3 -3 -1 -2 -1  1    0   0   0   0   0   0   0   0   0   0 100   0   0   0   0   0   0   0   0   0  0.45 0.00
    5 Q   -1  1  0  0 -3  6  2 -2  0 -3 -2  1  0 -3 -1  0 -1 -2 -2 -2    0   0   0   0   0 100   0   0   0   0   0   0   0   0   0   0   0   0   0   0  0.64 0.00
    6 P   -1 -2 -2 -2 -3 -1 -1 -2 -2 -3 -3 -1 -3 -4  8 -1 -1 -4 -3 -3    0   0   0   0   0   0   0   0   0   0   0   0   0   0 100   0   0   0   0   0  2.03 0.00
    7 P   -1 -2 -2 -2 -3 -1 -1 -2 -2 -3 -3 -1 -3 -4  8 -1 -1 -4 -3 -3    0   0   0   0   0   0   0   0   0   0   0   0   0   0 100   0   0   0   0   0  2.04 0.00
    8 R    1  5 -1 -2 -2  1  0 -2 -1 -3 -2  2 -1 -3 -2  0 -1 -3 -2 -2   25  75   0   0   0   0   0   0   0   0   0   0   0   0   0   0   0   0   0   0  0.49 0.00
    9 P   -1 -2 -2 -2 -3 -1 -1 -2 -2 -1 -1 -1  2 -2  7 -1 -1 -3 -2 -1    0   0   0   0   0   0   0   0   0   0   0   0  25   0  75   0   0   0   0   0  1.32 0.00
   10 H   -1  1  0 -1 -3  3  1 -2  5 -3 -3  2 -1 -3  3 -1 -1 -3  0 -3    0   0   0   0   0  33   0   0  33   0   0  17   0   0  17   0   0   0   0   0  0.49 0.00
   11 P   -1 -2 -2 -2 -3 -1 -1 -2 -2 -1 -2 -1 -2 -3  7 -1  0 -4 -3 -1    0   0   0   0   0   0   0   0   0  10   0   0   0   0  80   0  10   0   0   0  1.48 0.01
   12 H    2 -1  1 -1 -1  0 -1 -1  3 -2 -2 -1 -1 -2 -1  1  3 -3 -1 -1   29   0   9   0   0   0   0   0  18   0   0   0   0   0   0   9  35   0   0   0  0.25 0.01
   13 P    3 -2 -2 -2 -1 -1 -1 -1 -2 -1 -1 -1 -1 -2  5  0 -1 -3 -2 -1   55   0   0   0   0   0   0   0   0   0   9   0   0   0  36   0   0   0   0   0  0.60 0.01
   14 H   -1  1  3 -1  5 -1 -1 -1  2 -1  0 -1 -1 -2 -2  0  0 -2 -1  0    1  10  26   1  21   0   1   1   8   0  10   1   0   0   1  10   1   0   0   9  0.16 0.00
   15 P    1 -2 -2 -1 -2 -1 -1 -1 -2 -2 -2 -1  0 -2  6  0 -1 -3 -2 -1   21   0   0   0   0   0   1   1   0   0   1   1   9   0  55   8   1   0   0   1  0.89 0.01
   16 T    1 -1  1 -1 -2  2  0  3 -1 -2 -2  0 -1 -3 -2  1  2 -3 -2 -2   15   0   8   0   0  20   0  32   0   0   0   0   0   0   0   0  25   0   0   0  0.30 0.01
   17 S    1  1  0 -1 -1 -1 -1  0 -1 -1 -1  0 -1  0 -2  2  1 -2 -1  0    8  15   0   0   0   0   0   8   0   0   0   0   0   8   0  37   8   0   0  16  0.13 0.00
   18 R    1  4  1 -1 -2  0  0 -2 -1 -2 -2  2 -1  0 -2  0  0 -2 -1 -2   20  49   8   0   0   0   0   0   0   0   0   7   0   8   0   0   8   0   0   0  0.29 0.01
   19 L    0 -2 -3 -4 -1 -2 -3 -3 -3  2  4 -3  2  0 -3 -2 -1 -2 -1  1    8   0   0   0   0   0   0   0   0  15  77   0   0   0   0   0   0   0   0   0  0.36 0.01
   20 S    1  2  0 -1 -2  0 -1  2 -1 -2 -1  0 -1 -2 -2  2  1 -3 -2 -1   16  20   0   0   0   0   0  24   0   0   8   0   0   0   0  24   7   0   0   0  0.21 0.00
   21 R    1  0 -1 -2 -2  1  0 -2 -1 -2 -2  0 -2 -3  5  0  0  4 -2 -2   20   8   0   0   0  16   0   0   0   0   0   0   0   0  41   0   8   8   0   0  0.67 0.01
   22 A    3 -1 -1 -1 -1  0  1 -1 -2 -1 -1  0 -1 -2 -1  1  0 -3 -2  1   61   0   0   0   0   0  16   0   0   0   0   8   0   0   0   0   0   0   0  15  0.22 0.01
   23 S    3  1  0 -1 -1  0  0  0 -1 -2 -2  0 -1 -3 -1  3  1 -3 -2 -1   36   8   0   0   0   0   0   0   0   0   0   0   0   0   0  56   0   0   0   0  0.33 0.01
   24 P   -1 -2  1 -1 -3 -1 -1 -2 -2 -3 -3 -1 -2 -4  7  0  0 -4 -3 -2    0   0  15   0   0   0   0   0   0   0   0   0   0   0  77   0   8   0   0   0  1.45 0.01
   25 P    1 -2 -1 -1 -2 -1 -1  2 -2 -1 -2 -1 -2 -3  4  2  0 -3 -2 -1   16   0   0   0   0   0   0  23   0   8   0   0   0   0  25  28   0   0   0   0  0.43 0.01
   26 S    1  0  0 -1  2  0 -1  1 -1 -2 -1  0  1 -2 -1  3  1 -3 -2 -1    8   8   0   0   8   0   0   7   0   0   0   0  16   0   0  53   0   0   0   0  0.20 0.01
   27 P    1  0 -1 -1 -2 -1 -1  1 -2 -2 -1  1 -1 -2  5  0 -1 -3 -2 -2   16   0   0   0   0   0   1  16   0   0   9  21   0   0  33   1   0   0   0   1  0.46 0.00
   28 F    1  2 -2 -2 -1 -1 -1 -1 -1  0  1  0  0  2 -2  0 -1 -1  0  0   25  21   1   1   0   1   1   1   0   1  17   1   0  17   1   1   1   0   1   9  0.07 0.00
   29 P    0  0 -1 -1 -1 -1 -1  0 -2  0  0 -1  0 -2  3  0  1 -2 -2  1    1   9   1   1   0   1   1   9   0   1  10   1   0   1  18  10  16   0   1  21  0.16 0.00
   30 F    1 -1  1 -1 -1 -1 -1 -1 -1 -1  0 -1  0  2 -1  2  0 -1  0 -1   16   0   9   0   0   0   0   1   0   0  16   0   0  17   0  37   0   0   0   0  0.12 0.00
   31 F    3  0 -1 -2 -1 -1 -1  1 -1 -1 -1 -1 -1  2 -1  1  0 -2  0 -1   45   9   0   0   0   0   0   9   0   0   1   0   0  17   0  16   0   0   0   0  0.16 0.00
   32 P    0 -2 -1 -1 -2 -1 -1  0 -2 -2 -2 -1 -2 -3  7  0 -1 -3 -2 -2    1   1   1   1   0   1   1  10   0   1   1   1   0   1  68   9   1   0   1   1  1.20 0.01
   33 A    2 -1  0 -1 -1  0  0  0 -1 -1 -1  0 -1 -2  1  2  1 -2 -1  0   26   1   1   1   0   1   2   2   1   1   2   1   1   1   8  39   1   0   1   9  0.19 0.01
   34 G    1 -1  0  0 -1  0  0  2 -1 -2 -2  0 -1 -2  1  3  1 -2 -2 -1    8   1   1   1   0   1   1  14   1   1   2   1   1   1   7  54   1   0   1   2  0.26 0.01
   35 T    0  3  0 -1 -2  0  0 -1 -1 -2 -2  1 -1 -2  2  2  2 -2 -1 -1    2  33   1   1   0   1   1   2   0   1   2   1   0   1  11  23  17   0   1   1  0.26 0.01
   36 S    1 -1 -1 -1 -1  0  1 -1 -1  0  1 -1  0 -1 -1  2  0 -2 -1  0   15   1   1   1   0   1  12   1   0   6  26   1   0   1   1  31   1   0   0   1  0.10 0.01
   37 R    0  4 -1 -2 -2  0 -1 -2 -1  0  0  1  0 -2 -2  1  0 -3 -2  1    5  43   0   0   0   0   0   0   0   0   9   0   0   0   0  16   5   0   0  18  0.20 0.01
   38 S    2 -2 -1 -1  4 -1  0 -1 -2  0  0 -1 -1 -2  0  2  0 -3 -2  0   34   0   0   0  12   0   5   0   0   5  13   0   0   0   5  24   0   0   0   0  0.18 0.01
   39 G    3 -2 -1 -2  4 -1 -1  2  0 -1 -1 -1 -1 -2 -2  1  0 -2 -2 -1   41   0   0   0  15   0   0  15   4   0   9   0   0   0   0  12   0   0   0   0  0.23 0.01
   40 R   -1  3 -1 -2  3  1 -1 -2 -1 -1  0  1  0  0 -2  0  1 -2 -1 -1    0  38   0   0   9   9   0   0   0   0  17   0   0   4   0   4  17   0   0   0  0.19 0.02
   41 L   -1  2 -2 -2  1  0 -1 -3  1  0  2  0  0 -1  2 -1 -1 -2 -1  0    0  25   0   0   3   4   0   0   7   0  36   0   0   0  12   3   0   0   0   7  0.17 0.02
   42 Q    1  1 -1 -2 -2  0 -1  1  3 -2 -2  0 -1  2  2  0 -1 -2  0 -2   17  15   0   0   0   6   0  15  12   0   0   0   0  15  11   3   3   0   0   0  0.17 0.01
   43 P   -1  3 -1 -1 -3 -1 -1 -2 -1 -2 -2  0 -2 -1  6  0 -1 -3 -1 -2    3  26   0   3   0   0   0   0   0   0   0   0   0   3  47  10   0   0   3   3  0.76 0.03
   44 V    1  1  1 -1  1 -1 -1  2  2  0 -1 -1 -1 -2  0  1  0 -3 -1  0   14  13   8   0   3   0   0  16   9   4   5   0   0   0   3  13   0   0   0  12  0.08 0.01
   45 P    1 -2  2  0 -2 -1  0 -1  0 -2 -2 -1 -2 -3  5  2  0 -4 -2 -1   17   0  15   4   0   0   3   0   3   3   0   0   0   0  32  20   0   0   0   3  0.51 0.02
   46 V    1  0  0 -1  0 -1  0 -2 -2  1  0 -1  0 -2  1  0  0 -3 -2  2   13   5   8   0   3   0   5   0   0   6   5   3   0   0   6   7   0   0   0  37  0.08 0.01
   47 S    1 -1  1 -1  1  0 -1  0 -1 -1 -1  0 -1 -2  1  2  1 -3 -2  0   21   0  11   0   5   6   0   7   0   0   3   3   0   0   5  21   8   0   0   8  0.15 0.01
   48 G    2  0  0  0 -2 -1 -1  2 -2 -1  0 -1 -1 -1 -2  0  1 -2 -2 -1   26   7   3   5   0   0   3  21   0   0  17   0   0   3   0   3  11   0   0   0  0.11 0.01
   49 H   -1  2  2  1 -3  2  0  0  4 -3 -2  0 -1 -3  1  0  0 -3 -1 -2    0  14  16   7   0  17   0   5  20   0   5   0   0   0   6   3   8   0   0   0  0.26 0.02
   50 S    0  1  1 -1  1 -1 -1  0 -1 -2 -2  0 -1  2  1  1  0 -1  1 -2    5  10  12   0   5   0   0   4   0   0   0   3   0  16   8  24   5   0   8   0  0.14 0.02
   51 A    0  0  2 -1 -2  0 -1 -1 -1 -1  0  1 -1  1 -2  0  0 -1  1  0    7   5  16   0   0   0   0   3   0   0   8  18   0   8   0   9   6   0   9   9  0.07 0.01
   52 S    1  2  0 -1 -2  0  0 -1  0 -1 -1  1 -1 -1 -1  2  0 -2 -1 -1   13  19   3   1   0   0   1   1   3   3   3  13   0   3   1  35   1   0   0   1  0.18 0.02
   53 R   -2  6 -1 -2 -3  1  0 -2 -1 -3 -2  2 -2 -3 -2 -1 -1 -3 -2 -3    1  86   0   0   0   0   4   3   0   0   3   0   0   0   0   1   0   0   0   0  0.74 0.05
   54 V    0 -1  3 -1  1 -1 -1 -1 -1  0 -1 -1 -1 -2 -2  2  2 -3 -2  0    7   2  22   0   4   0   0   0   0   8   3   0   0   0   0  20  25   0   0   6  0.18 0.02
   55 S    2 -1 -1 -1 -1 -1 -1  3 -2 -2 -2  0 -2 -3  1  2  2 -3 -2 -1   22   0   0   0   0   0   0  26   0   0   0   3   0   0   6  18  19   0   0   5  0.28 0.02
   56 K   -1  4 -1 -2  2  1  0 -1 -1 -3 -2  2 -1 -2 -2  0 -1 -2  1 -2    0  46   0   0   7   5   0   2   0   0   0  20   0   0   0   6   2   0   8   2  0.37 0.03
   57 G   -2  2 -2 -3  1 -1 -2  2 -2 -3 -3 -1 -2 -1 -3 -2 -2  9  0 -3    0  18   0   0   5   2   0  23   0   0   0   0   0   0   0   2   0  49   0   0  1.13 0.08
   58 K    0  3 -1 -2 -3  0  0  0 -1 -1  0  3  0 -2 -2 -1 -1 -3 -2  0    4  20   0   0   0   0   2   6   0   0  17  40   0   0   0   0   0   0   0  10  0.21 0.03
   59 F    0  0 -2 -2  0 -1 -2 -2 -2 -1 -1 -1 -1  3  3  1 -1 -2  0  0    7   7   0   0   2   0   0   0   0   0   0   0   0  27  20  23   0   0   0  14  0.27 0.04
   60 A    1 -2 -1  0  0  0 -1  1 -2 -3 -3  0 -2 -3  5  1  1 -3 -3 -2   11   0   0   4   3   4   0  10   0   0   0   5   0   0  40  11  11   0   0   0  0.65 0.05
   61 V    0  2  1 -1 -2  3  0 -2 -1 -1 -1  0 -1 -1  3  0 -1 -3 -2 -1   10  12  11   0   0  28   0   0   0   2   6   3   0   3  14   3   0   0   0   7  0.23 0.04
   62 A    4  1 -2 -2 -1 -1 -1  0 -2 -1 -2 -1 -1 -3 -1  0  0 -3 -2  0   62  11   0   0   0   1   0   5   0   0   0   0   2   0   1   1   5   0   0  10  0.29 0.06
   63 A    4 -2 -2 -2 -1 -1 -1  0 -2 -1 -2 -1 -1 -3 -1  1  0 -3 -2  0   80   0   0   0   0   0   0   2   0   0   0   0   0   0   0   6   2   0   0   7  0.47 0.08
   64 V    0 -1 -2 -2 -2 -1 -2  0 -2  3  0  0  0 -1 -2 -1  0 -3 -2  2    7   3   0   0   0   0   0  10   0  31   2  10   0   0   0   0   8   0   0  27  0.13 0.03
   65 T    1  1 -1 -2 -1 -1 -1 -2 -2  1  0  0  1 -2 -2  1  1 -3 -2  1   16   9   0   0   0   0   0   0   0  19   2   6   5   0   0  14  14   0   0  13  0.10 0.02
   66 L   -1 -1  0 -1 -2  2  0 -2 -1 -1  1 -1  0 -2  4  0  1 -3 -2 -1    0   0   4   0   0  17   3   0   0   0  27   0   0   0  22   8  14   0   0   2  0.29 0.04
   67 D    1  1  3  4 -3  0  0 -1 -1 -3 -3  0 -2 -3 -2  1  0 -4 -3 -3   17  11  21  41   0   0   0   0   0   0   0   0   0   0   0   7   2   0   0   0  0.45 0.06
   68 D    1 -2 -1  2 -2 -2 -1 -2 -2  0  1 -2  0  3 -1 -1  0  2  0  0   24   0   0  17   0   0   0   0   0   1  15   0   0  22   2   0   6   4   0   9  0.13 0.04
   69 Y    0  0 -1 -2  0 -1 -2  0  4  0  0 -2 -1  3 -1 -1 -1 -1  3 -1   10   5   0   0   3   0   0   7  23   9   6   0   0  15   2   4   0   0  16   0  0.20 0.05
   70 L   -1 -2  0 -3  1 -2 -2 -3 -3  0  4 -1  1 -1  1 -2  0 -2 -2  0    3   0   9   0   3   0   0   0   0   0  66   4   0   0   7   0   7   0   0   0  0.29 0.07
   71 P   -1 -2  1 -2 -3  1 -1 -3 -2 -3 -3 -1 -3 -4  7 -1  0 -4 -3 -3    1   0   9   0   0  10   0   0   0   0   0   0   0   0  75   0   4   0   0   0  1.56 0.12
   72 M    0 -2 -3 -4 -2 -2 -3 -3  0  1  2 -2  6  1 -3 -1 -1  2 -1  1    6   0   0   0   0   0   0   0   3   0  21   0  49   7   0   3   0   4   0   7  0.40 0.09
   73 R    0  5  2 -1 -3  1 -1 -2 -1 -3 -3  1 -2 -3  0  0  0 -3 -2 -3   12  56  13   0   0   6   0   0   0   0   0   1   0   0   4   3   3   0   0   0  0.53 0.10
   74 S    1 -1  2 -1 -2 -1  0  0 -1 -3 -3  0 -2 -3  1  4  1 -3 -2 -2    5   0  12   0   0   0   3   6   0   0   0   6   0   0   6  53   7   0   0   0  0.38 0.08
   75 T    0 -1  0 -1 -2  1 -1 -2 -1 -1 -1  0 -1  1 -2  2  2 -2  0  0    4   0   4   0   0   7   0   0   0   0   6   8   0  10   0  24  23   0   2  10  0.14 0.05
   76 E    0  0 -1  0 -3  2  4 -2 -1 -1 -1  0 -1 -3  1  0  0 -3 -2  1    3   6   0   0   0   8  41   0   0   0   7   0   0   0   6   6   6   0   0  15  0.26 0.06
   77 V   -1 -2  0 -2 -2 -1 -2 -3 -2  2  1 -1  4 -1 -3 -1 -1 -2  0  3    3   0   5   2   0   0   0   1   0  10   6   3  30   0   0   5   0   0   4  29  0.23 0.08
   78 K    0  1 -1 -1 -3  1  0  1 -1 -3 -3  4 -1 -3 -2  1  0 -3 -2 -2    9   5   0   0   0   3   2   8   0   0   1  49   3   0   0  13   3   0   0   0  0.35 0.08
   79 N   -1 -1  6  0 -3  1 -1 -1  4 -4 -4  0 -3 -3 -3  0  0 -4 -2 -3    3   0  54   0   0   8   0   3  17   0   0   5   0   0   0   5   5   0   0   0  0.68 0.14
   80 R    0  5  0 -2 -3  1 -1 -1  1 -3 -2  1  0 -3  0  1 -1 -3 -2 -2    5  45   4   0   0   5   0   5   5   0   3   7   3   0   4  14   0   0   0   0  0.39 0.09
   81 T    1 -2  0  0  1  0  0 -1 -2 -2 -1 -1 -1 -2 -2  1  4 -3  0 -1   12   0   1   4   3   3   4   3   0   0   4   2   0   0   0  11  47   0   4   0  0.30 0.09
   82 S    0 -1  1 -1 -1  0  0 -1  0 -1 -1  0 -1  0  0  3  3 -3 -2 -1    3   0   6   1   1   2   6   1   2   4   4   3   0   5   3  34  26   0   0   0  0.25 0.09
   83 T    0 -1 -1 -1 -2  3  0 -2 -1  0  0  0 -1 -2 -1  1  2 -3 -1  1    7   2   1   2   0  20   3   0   1   4   6   2   0   0   1   9  17   0   3  20  0.14 0.07
   84 D   -1 -2  0  4 -3  1  3  1 -1 -3 -3 -1 -3 -2 -1  0 -1 -3 -1 -3    4   0   2  36   0   8  25  11   0   0   0   0   0   2   1   5   0   0   2   1  0.48 0.10
   85 G    0  1  0  4 -3  0  2  2 -2 -3 -3  0  0 -2 -2  0 -1 -3 -3 -2   10   8   1  31   0   2  12  15   0   0   0   4   4   2   0   6   1   0   0   3  0.29 0.07
   86 I   -2 -3 -3 -3 -2  0 -2 -4 -3  4  2 -2  4 -1 -2 -2 -1 -3 -2  2    1   0   1   0   0   5   2   0   0  39  12   1  16   1   1   1   2   0   0  18  0.40 0.12
   87 K   -1  2  0 -1 -4  4  1 -3 -1 -2 -3  4  1 -3 -1 -1  1 -4 -3 -3    3   7   4   2   0  26   3   0   0   1   0  34   5   1   2   0  13   0   0   0  0.46 0.15
   88 S    0 -2 -2 -3 -1 -1 -2 -2 -3  3  0  0  0  3 -3  1  0  0 -1  0    7   1   1   0   1   2   0   1   0  32   6   8   1  21   0  14   4   1   0   0  0.22 0.12
   89 L    0  3 -1 -2 -1  1 -1  0 -2 -1  1  0  0 -2 -3  0  0 -3 -2 -1   10  25   1   0   1  10   0   8   0   1  22   4   2   1   0   4   8   0   0   3  0.18 0.10
   90 R   -2  5 -1 -3 -4  0 -2  5 -3 -5 -5  0 -4 -5 -4 -1 -3 -4 -4 -4    1  39   1   0   0   4   0  48   0   0   0   3   0   0   0   2   0   0   0   0  1.02 0.27
   91 L    0 -3 -2 -3 -2 -2 -3 -3 -3  1  2 -3 -1 -1 -3  3 -1 -4 -3  3    4   0   0   0   0   0   0   0   0   8  20   0   0   2   0  39   1   0   0  26  0.42 0.20
   92 I   -2 -4 -5 -5 -3 -4 -5 -5 -5  6  2 -4  5  0 -5 -3 -3 -4 -1  1    2   0   0   0   0   0   0   0   0  55  18   0  16   2   0   2   0   0   1   3  0.99 0.31
   93 T   -3 -5 -4 -5 -3 -4 -4 -5 -5 -1 -2 -4 -2 -4 -1 -3  4 -5 -4  6    0   0   0   0   0   0   0   0   0   0   0   0   0   0   3   0  33   0   0  63  1.25 0.43
   94 A    7 -4 -5 -5 -3 -4 -4 -3 -5 -4 -5 -4 -4 -5 -4 -2 -3 -6 -5 -3  100   0   0   0   0   0   0   0   0   0   0   0   0   0   0   0   0   0   0   0  1.92 0.56
   95 V   -3 -4 -5 -6 -3 -4 -5 -6 -5  5  4 -4  5 -2 -5 -4 -3 -4 -3  1    0   0   0   0   0   0   0   0   0  33  43   0  16   0   0   0   0   0   0   8  1.02 0.32
   96 K   -2 -4 -5 -5 -3 -4 -4 -5 -5  4 -1  2 -2 -3 -4 -4 -2 -5 -4  6    3   0   0   0   0   0   0   0   0  20   0  14   0   0   0   0   0   0   0  62  1.06 0.37
   97 T   -3 -4 -3 -4 -4 -4 -4 -5 -5 -4 -5 -4 -4 -5 -4 -1  8 -6 -5 -3    0   0   0   0   0   0   0   0   0   0   0   0   0   0   0   1  99   0   0   0  2.24 0.63
   98 P   -4 -6 -6 -5 -6 -5 -5 -6 -6 -6 -6 -5 -6 -7  9 -4 -5 -7 -7 -6    0   0   0   0   0   0   0   0   0   0   0   0   0   0 100   0   0   0   0   0  3.24 0.70
   99 Y   -4 -5 -5 -6 -5 -4 -5 -6 -4 -2 -1 -5  8  6 -6 -5 -4 -3  4 -3    0   0   0   0   0   0   0   0   0   0   2   0  50  33   0   0   0   0  14   0  1.84 0.52
  100 L   -2  0  2  3 -3  0 -1 -3  4 -2  1  1 -1  0 -3 -1  0 -3 -1 -2    1   4  12  18   0   4   1   1  16   1  20   9   0   4   0   2   6   0   1   0  0.30 0.16
  101 P    2 -1  0  1 -4  1  3 -2 -1 -4 -3  1 -3 -4  4  0 -1 -4 -3 -2   19   1   4   7   0   5  23   2   1   0   1   9   0   0  19   6   2   0   0   1  0.46 0.19
  102 D   -3 -2  4  6 -5  0  1 -3  0 -5 -5  1 -4 -5 -4  0 -2 -6 -2 -5    1   0  18  55   0   4   5   0   2   0   0   7   0   0   0   5   1   0   1   0  1.10 0.34
  103 G   -3 -5 -2 -4 -5 -5 -3  7 -5 -6 -5 -4 -5 -6 -5 -3 -4 -5 -6 -6    0   0   1   0   0   0   1  95   0   0   1   0   0   0   0   0   0   0   0   0  2.14 0.52
  104 R    0  2  1  0 -3  1  2 -1  0 -4 -4  1 -3 -4 -3  3  0 -4 -3 -3    7  13   8   5   0   5  13   3   2   0   0   8   0   0   0  30   4   0   0   1  0.38 0.18
  105 F   -3 -5 -5 -5 -2 -5 -5 -6 -5  4  2 -5  0  3 -5 -4 -3 -4 -2  5    0   0   0   0   0   0   0   0   0  22  18   0   0  12   0   0   0   0   0  47  0.93 0.31
  106 D   -4 -4  3  8 -1 -3 -2 -4 -1 -6 -7 -4 -6 -6 -5 -3 -4 -7 -6 -6    1   0  15  80   2   0   0   0   2   0   0   0   0   0   0   1   0   0   0   0  1.95 0.51
  107 L   -4  0 -4 -3 -4 -2  1 -5 -1 -2  2 -2 -2  4 -5 -3 -3  6  6 -2    0   5   0   1   0   0  10   0   1   1  20   2   0  16   0   0   0  12  29   1  0.83 0.29
  108 E    1 -2  0  3 -4  1  4 -1 -2 -4 -4  0 -3 -4  2  0 -1 -5 -3 -2   13   0   3  17   0   6  32   3   0   0   0   6   0   0  11   4   2   0   0   3  0.51 0.21
  109 A    3  0 -1 -2 -1  0 -1  0 -2 -3 -3  2 -1 -4 -3  3  0 -4 -3 -1   35   3   1   0   1   3   3   5   0   0   2  14   2   0   0  23   3   0   0   4  0.39 0.21
  110 Y    0 -4 -5 -5 -4 -4 -5 -5 -3 -1  5 -4  0  2 -5 -4  0 -2  5 -1    8   0   0   0   0   0   0   0   0   0  59   0   1   6   0   0   6   0  20   1  0.90 0.33
  111 D   -1  4 -1  3 -3  0  2  0  0 -4 -4  2 -3 -5 -3 -1 -1 -5 -4 -4    6  27   1  18   0   3  15   7   2   0   0  15   0   0   0   2   3   0   0   0  0.52 0.21
  112 S    0  3  1  0 -4  1  2 -2 -1 -4 -4  4 -3 -4 -3  1 -1 -4 -3 -3    8  16   6   5   0   6  15   1   1   0   0  28   0   0   0   9   3   0   0   0  0.48 0.20
  113 L   -4 -5 -4 -6 -4 -5 -6 -6 -2 -1  6 -5  0 -1 -6 -5 -4 -4 -3 -2    0   0   1   0   0   0   0   0   1   1  95   0   1   1   0   0   0   0   0   0  1.61 0.47
  114 I    0 -5 -5 -5 -3 -5 -5 -5 -5  5  0 -5 -1 -3 -5 -4 -3 -5 -4  5    8   0   0   0   0   0   0   0   0  42   6   0   1   0   0   0   0   0   0  43  1.07 0.35
  115 N   -2 -2  3  5 -5 -1  4 -3 -1 -5 -5 -2 -4 -5 -4 -2 -2 -6 -5 -3    3   1  16  40   0   1  34   0   1   0   0   0   0   0   0   1   1   0   0   2  1.07 0.35
  116 T   -4 -3 -2 -4 -5 -2 -3 -5  4 -1 -2 -4  2  5 -6 -4 -3  9  4 -4    1   1   2   1   0   1   1   0  10   3   2   0   6  29   0   0   2  27  16   0  1.39 0.38
  117 Q   -4 -3 -2 -4 -6  5 -2 -4  9 -4  1 -3 -3 -4 -5 -4 -4 -5 -2 -5    0   0   1   0   0  31   0   0  51   0  16   0   0   0   0   0   0   0   0   0  1.69 0.49
  118 I   -2 -5 -6 -6 -1 -5 -5 -6 -6  7  1 -5 -1 -3 -5 -4 -3 -5 -4  3    3   0   0   0   1   0   0   0   0  66   8   0   0   0   0   0   0   0   0  21  1.29 0.38
  119 N    3 -2  1  2 -4  1  4 -2 -2 -4 -4  0 -3 -5 -3  0 -1 -5 -4 -2   27   1   6  11   0   6  36   1   0   0   0   4   0   0   0   4   3   0   0   1  0.58 0.25
  120 G    0 -2  5 -1 -3  3  3  1  1 -5 -5 -1 -4 -5 -4  0 -2 -5 -4 -4    8   1  38   0   1  14  18   9   4   0   0   1   0   0   0   7   0   0   0   0  0.74 0.29
  121 G   -3 -4 -2 -3 -5 -2 -4  7 -3 -7 -7 -2 -6 -6 -5 -3 -4 -5 -6 -6    0   0   1   1   0   1   1  93   1   0   0   2   0   0   0   1   0   0   0   0  2.03 0.50
  122 A    0 -4 -2 -4 -3 -3 -3 -4 -4 -1 -3 -3 -3 -4 -4  2  6 -5 -4  1    8   0   0   0   0   0   0   0   0   4   0   0   0   0   0  11  68   0   0   9  1.18 0.41
  123 E   -2 -3  2  6 -5 -1  2 -3  3 -5 -6 -2 -5 -5 -4  0 -2 -6 -4 -5    3   1   7  56   0   1  14   1   8   0   0   1   0   0   0   7   1   0   0   0  1.14 0.35
  124 G    4 -4 -3 -4  2 -3 -4  5 -4 -4 -4 -3 -4 -5 -4  1 -1 -5 -4 -3   41   0   0   0   4   0   0  42   0   0   0   0   0   0   0   9   2   0   0   1  0.98 0.33
  125 V   -4 -5 -6 -6 -4 -5 -5 -6 -6  6  3 -5 -1 -2 -5 -5 -3 -5 -4  2    0   0   0   0   0   0   0   0   0  62  27   0   0   0   0   0   0   0   0  11  1.27 0.37
  126 I   -3 -5 -5 -6 -3 -5 -5 -2 -6  3  0 -5 -2 -3 -5 -4 -3 -5 -4  6    0   0   0   0   0   0   0   4   0  16   4   0   0   0   0   0   0   0   0  75  1.32 0.41
  127 V    3 -4 -4 -4 -3 -3 -4 -4 -4  3 -1 -3 -2 -3  2  0 -1 -5 -3  4   25   0   0   0   0   0   0   0   0  16   1   0   0   0  10   9   1   0   0  39  0.62 0.27
  128 G    1 -5 -3 -5  7 -4 -5  1 -5 -1 -2 -4  0 -4 -4 -3 -2 -5 -4  5   11   0   1   0  25   0   0  13   0   0   1   0   2   0   0   0   1   0   0  46  0.98 0.34
  129 G   -3 -5 -3 -4 -6 -5 -5  7 -5 -7 -7 -5 -6 -6 -5 -3 -5 -6 -6 -6    0   0   0   0   0   0   0 100   0   0   0   0   0   0   0   0   0   0   0   0  2.38 0.55
  130 T   -3 -4 -3 -4 -4 -4 -4 -5 -5 -4 -4 -4 -4 -5 -4 -1  8 -6 -5 -3    0   0   0   0   0   0   0   0   0   0   0   0   0   0   0   1  99   0   0   0  2.25 0.62
  131 T   -3 -4 -3 -4 -4 -4 -4 -5 -5 -4 -4 -4 -4 -5 -4  0  8 -6 -5 -3    0   0   0   0   0   0   0   0   0   0   0   0   0   0   0   3  97   0   0   0  2.16 0.61
  132 G   -3 -5 -3 -4 -6 -5 -5  7 -5 -7 -7 -5 -6 -6 -5 -3 -5 -6 -6 -6    0   0   0   0   0   0   0 100   0   0   0   0   0   0   0   0   0   0   0   0  2.40 0.56
  133 E   -4 -3 -3 -2 -7 -1  8 -5 -3 -7 -6 -2 -5 -7 -4 -3 -4 -6 -5 -6    0   0   0   0   0   0 100   0   0   0   0   0   0   0   0   0   0   0   0   0  2.34 0.62
  134 G    1 -4 -2 -3 -3 -3 -3  2 -4 -5 -5 -3 -4 -5 -2  6 -1 -5 -5 -4    7   0   0   0   0   0   0  15   0   0   0   0   0   0   1  76   0   0   0   0  1.32 0.46
  135 H    4 -3 -3 -3 -3  2 -3 -3  2 -4 -4 -3 -4 -5  5  1 -1 -5 -3 -3   41   0   0   0   0   9   0   0   5   0   0   0   0   0  31  12   2   0   1   0  0.94 0.33
  136 L   -3 -4 -3 -4 -4 -4 -4 -5 -5 -3  1 -4 -3 -5 -4 -1  7 -5 -4 -3    1   0   0   0   0   0   0   0   0   0  15   0   0   0   0   1  84   0   0   0  1.67 0.52
  137 M   -4 -4 -6 -6 -4 -4 -5 -6 -5  0  5 -5  6 -2 -5 -5 -3 -4 -3  2    0   0   0   0   0   0   0   0   0   1  64   0  22   0   0   0   0   0   0  13  1.25 0.39
  138 S   -1 -3  2  3 -4 -2 -2 -2 -3 -4 -5 -3 -4 -5 -1  5  4 -5 -4 -4    1   0   9  15   0   0   1   2   0   0   0   0   0   0   2  46  24   0   0   0  0.84 0.34
  139 W   -3 -3 -3 -1 -3 -2 -1 -4  5 -1 -2 -2  2  1 -2 -2 -1  8  1  2    1   0   1   4   0   1   5   0  18   3   2   2   5   7   1   2   4  22   4  20  0.73 0.27
  140 D   -1 -2  0  5 -5  1  5 -3 -1 -5 -5  0 -4 -5 -2 -1 -2 -6 -4 -4    4   1   2  36   0   4  42   1   1   0   0   3   0   0   1   2   1   0   0   1  1.02 0.33
  141 E   -4 -3 -3 -1 -7 -1  8 -5 -3 -7 -6 -2 -5 -7 -4 -3 -4 -6 -5 -6    0   0   0   1   0   0  99   0   0   0   0   0   0   0   0   0   0   0   0   0  2.28 0.61
  142 H   -5 -2 -1 -3 -6  0  0 -5 10 -6 -6  1 -5 -5 -5 -4 -5 -6 -1 -6    0   1   2   0   0   4   6   0  76   0   0  10   0   0   0   0   0   0   1   0  2.33 0.57
  143 I   -1 -1 -2 -1  4 -2 -1 -2  0  3  1  0  1  0 -3 -1  0 -3  1  2    5   2   1   3  13   1   3   3   2  22  10   6   3   2   0   2   4   0   5  13  0.17 0.11
  144 M    1  1 -1  2 -4  2  3 -3 -1 -3 -1  1  4 -4 -3 -1 -2 -4 -3 -3   12   8   2  14   0   8  23   1   1   0   5   9  15   0   0   3   0   0   0   0  0.38 0.20
  145 L   -1 -4 -5 -5  0 -4 -5 -5 -5  1  4 -4  1 -2 -5 -3 -1 -4 -3  5    3   0   0   0   2   0   0   0   0   6  38   0   2   0   0   0   3   0   0  46  0.86 0.30
  146 I   -4 -5 -6 -6 -4 -5 -6 -6 -5  7 -1 -5  0  3 -5 -5 -3 -4 -1  3    0   0   0   0   0   0   0   0   0  67   1   0   2  13   0   0   0   0   2  16  1.33 0.39
  147 G    1  4 -1 -2 -3  1  2  0 -1 -4 -2  3  0 -4 -3 -1 -2 -4 -3 -3   11  29   1   1   0   7  14   9   1   0   3  18   3   0   0   3   1   0   0   1  0.46 0.20
  148 H    0  0 -2 -3 -2  0  0 -3  5  0 -1  0  0  2 -3 -1  0 -2  1  1    7   5   0   0   1   5   5   0  20   6   5   7   2  10   0   1   7   0   5  14  0.23 0.14
  149 T    2 -4 -3 -4  3 -3 -4 -3 -4  0 -2 -3 -2 -2 -4  0  5 -5 -4  4   17   0   0   0   6   0   0   0   0   3   0   0   0   1   0   3  38   0   0  30  0.72 0.31
  150 V   -2 -4 -5 -5 -2 -1 -4 -5 -5  3  0 -2 -1 -3 -5 -3 -2 -5 -4  6    2   0   0   0   0   3   0   0   0  14   6   3   0   0   0   0   0   0   0  70  1.08 0.36
  151 N   -2  0  3  3 -5  2  4 -3 -2 -5 -5  3 -4 -5 -3 -1 -2 -5 -4 -4    3   4  13  14   0   6  37   0   0   0   0  20   0   0   0   2   0   0   0   0  0.78 0.28
  152 C    0  0 -2 -3  3  3 -1 -3  3 -1 -1  0 -1  1 -3 -1 -1 -2  1  0   10   5   0   0   9  21   3   0  11   3   6   6   1   7   0   2   4   0   5   8  0.24 0.16
  153 F    3 -4 -4 -4 -1 -4 -4 -3 -4  0 -2 -4 -2  3 -4 -1  0 -4  0  4   35   0   0   0   1   0   0   0   0   1   0   0   0  12   0   3   4   0   3  41  0.67 0.29
  154 G    3 -1  4  2 -4 -1 -1  3 -2 -4 -4  1 -4 -5 -3 -1 -2 -5 -4 -3   30   3  21  11   0   1   1  22   0   0   0   9   0   0   0   1   0   0   0   0  0.56 0.24
  155 A   -2 -1 -1  0 -5 -2 -3  6  0 -6 -6  3 -5 -5 -4 -1 -2 -5 -5 -5    1   3   1   6   0   0   0  65   2   0   0  18   0   0   0   2   2   0   0   0  1.16 0.35
  156 N   -4  8 -1 -3 -4  0 -2 -5 -3 -6 -5  2 -4 -6 -4 -2 -4 -6 -5 -5    1  79   2   0   0   2   0   0   0   0   0  12   0   0   0   3   0   0   0   0  1.79 0.49
  157 I    0 -5 -5 -5 -3 -5 -5 -4 -5  6  0 -5 -1 -3 -5 -4 -2 -5 -4  4    7   0   0   0   0   0   0   1   0  52   4   0   1   0   0   0   1   0   0  34  1.08 0.34
  158 K   -2 -3 -4 -4 -6 -1 -3 -5 -3 -5 -4  3 -5 -6  8 -3 -3 -6 -5 -4    3   0   0   0   0   2   0   0   0   0   2  21   0   0  71   0   1   0   0   1  1.98 0.49
  159 V   -3 -5 -6 -6 -4 -5 -5 -6 -6  3 -1 -5 -2 -3 -5 -5 -3 -6 -4  7    0   0   0   0   0   0   0   0   0  15   1   0   0   0   0   0   0   0   0  84  1.66 0.47
  160 I   -4 -6 -6 -6 -4 -5 -6 -7 -6  7  0 -5  2 -3 -6 -5 -3 -5 -4  1    0   0   0   0   0   0   0   0   0  86   4   0   5   0   0   0   0   0   0   5  1.79 0.48
  161 G    6 -4 -4 -4 -3 -4 -4  2 -4 -4 -4 -4 -4 -5 -4 -2 -3 -5 -5 -3   82   0   0   0   0   0   0  17   0   0   0   0   0   0   0   0   0   0   0   1  1.46 0.46
  162 N   -3 -5  3 -4 -5 -4 -5  7 -4 -7 -7 -4 -5 -6 -5 -3 -4 -6 -6 -6    0   0  15   0   0   0   0  85   0   0   0   0   0   0   0   0   0   0   0   0  1.95 0.49
  163 T    1 -4 -2 -4  2 -4 -4 -4 -5 -3 -4 -4 -3 -5 -4 -1  7 -5 -4 -2   13   0   1   0   4   0   0   0   0   0   0   0   0   0   0   2  78   0   0   2  1.51 0.48
  164 G   -3 -5 -3 -4 -6 -5 -5  7 -5 -7 -7 -5 -6 -6 -5 -3 -5 -6 -6 -6    0   0   0   0   0   0   0 100   0   0   0   0   0   0   0   0   0   0   0   0  2.40 0.56
  165 S    4 -4 -2 -3 -3 -3 -3  1 -4 -4 -5 -3 -4 -5 -3  5 -1 -5 -4 -3   38   0   0   0   0   0   0   8   0   0   0   0   0   0   0  53   2   0   0   0  1.06 0.39
  166 N   -5 -4  9 -2 -6 -3 -4 -4 -2 -4 -7 -3 -5 -6 -5 -3 -3 -7 -4 -6    0   0  98   0   0   0   0   0   0   1   0   0   0   0   0   0   0   0   0   0  2.60 0.64
  167 S    1 -3  3  0  4 -3 -3 -3 -2 -5 -5 -3 -4 -5 -4  5 -1 -5 -4 -4   12   0  15   5   9   0   0   0   1   0   0   0   0   0   0  58   0   0   0   0  1.00 0.38
  168 T   -3 -4 -3 -4 -4 -4 -4 -5 -5 -4 -4 -4 -4 -5 -4 -1  8 -6 -5 -3    0   0   0   0   0   0   0   0   0   0   0   0   0   0   0   1  99   0   0   0  2.25 0.63
  169 R    2  4 -2 -1 -3  0  0 -3  3 -3 -3  1 -3 -4 -3  2  0  0 -1 -2   20  29   0   3   0   3   5   0   7   1   1   7   0   0   0  14   4   1   2   2  0.41 0.20
  170 E   -1 -3 -3 -1 -6  0  7 -5  2 -6 -5 -2 -5 -5 -4 -3 -1 -5  0 -5    5   0   0   1   0   1  81   0   5   0   0   1   0   0   0   0   4   0   3   0  1.56 0.48
  171 A    6 -4 -4 -4 -3 -3 -4 -2 -4 -4 -4 -3 -4 -5 -4  1 -1 -5 -5 -3   88   0   0   0   0   0   0   1   0   0   0   0   0   0   0   8   3   0   0   0  1.51 0.47
  172 V   -4 -5 -6 -6 -2 -5 -5 -6 -6  7  0 -5  0 -3 -5 -5 -3 -5 -4  3    0   0   0   0   0   0   1   0   0  73   4   0   2   0   0   0   0   0   0  20  1.49 0.42
  173 H    0  0  0  0 -4  0  5 -3  5 -4 -4  0 -2 -3 -3  0 -1 -2  0 -3    9   3   2   5   0   2  41   1  16   0   0   5   1   0   0   6   3   0   2   2  0.59 0.25
  174 A    2 -4 -5 -5 -3 -4 -5 -5 -5 -1  5 -4  3 -1 -5 -3 -3 -4 -3 -2   22   0   0   0   0   0   0   0   0   1  69   0   7   2   0   0   0   0   0   0  1.02 0.36
  175 T    0 -4 -3 -4 -4 -3 -3 -4 -4 -4 -4 -3 -4 -5 -4  3  7 -5 -4 -3    7   0   0   0   0   0   0   0   0   0   0   0   0   0   0  19  74   0   0   0  1.48 0.48
  176 E   -1  4 -2 -2 -4  4  3 -4 -1 -3 -3  4 -2 -5 -3 -1 -1 -5 -4 -3    3  21   1   0   0  18  19   0   1   1   1  28   0   0   0   3   2   0   0   1  0.71 0.27
  177 Q    0  1 -1 -1  1  3  1 -2  3 -3 -1  2 -1  2 -3 -1 -2 -2  1 -2   10   8   2   2   3  17  10   1   9   0   5  12   1  10   0   2   0   0   6   1  0.24 0.15
  178 G    6 -4 -4 -4 -2 -3 -4  2 -4 -4 -2 -3 -3  1 -4 -1 -3 -5 -4 -2   73   0   0   0   1   0   0  15   0   0   3   0   0   6   0   1   0   0   0   1  1.07 0.38
  179 F    1  1  0 -1 -4  1  3 -3  0 -3 -3  4  0  3 -3 -1 -2 -3 -2 -3   13   5   4   1   0   5  19   0   2   0   1  31   2  15   0   1   1   0   0   1  0.43 0.22
  180 A    2  0  1  2 -3  1  3 -1 -1 -4 -4  3 -2 -4 -3  0 -1 -4 -3 -3   22   3   6  10   0   7  22   2   1   0   0  19   1   0   0   6   1   0   0   0  0.42 0.19
  181 V    2 -3 -3 -3 -1 -3 -3 -3 -4  1  1 -3  1 -2 -3  0  0 -4 -1  4   25   0   0   1   1   0   0   1   0   5  14   0   3   0   0   8   4   0   2  34  0.39 0.20
  182 G   -3 -5 -2 -4 -6 -4 -5  7 -5 -7 -7 -2 -6 -6 -5 -3 -5 -6 -6 -6    0   0   1   0   0   0   0  97   0   0   0   2   0   0   0   0   0   0   0   0  2.26 0.53
  183 M    5 -4 -4 -5 -1 -3 -4 -3 -4  0  0 -3  4 -3 -4 -2 -2 -5 -4  3   55   0   0   0   1   0   0   0   0   3   5   0  15   0   0   0   0   0   0  21  0.87 0.34
  184 H   -1 -4  0  7 -6 -2 -1 -4  4 -4 -6 -3 -5 -6 -4 -2 -3 -6 -4 -1    5   0   2  73   0   1   0   0  12   0   0   0   0   0   0   1   1   0   0   5  1.57 0.45
  185 A    5 -4 -3 -4  1 -3 -4  4 -4 -4 -4 -3 -3 -3 -4 -1 -3 -5 -1 -3   60   0   0   0   3   0   0  30   0   0   0   0   0   0   0   2   0   0   3   1  1.05 0.37
  186 A    3 -3 -3 -4  6 -1 -3 -2 -2  0  0 -3 -1 -3 -3  1  1 -4 -3  1   28   0   0   0  23   3   0   2   1   5   8   0   1   0   0  11   8   0   0   9  0.53 0.23
  187 L   -4 -5 -6 -6 -4 -5 -6 -6 -6 -1  6 -5  3 -2 -6 -5 -4 -4 -4 -2    0   0   0   0   0   0   0   0   0   0  94   0   6   0   0   0   0   0   0   0  1.67 0.47
  188 H   -2 -3 -3 -3 -2  4 -2 -3  4  0  3 -2 -1 -3 -4  1  0 -4 -3  0    1   0   0   0   1  21   0   1  11   3  36   0   1   0   0  16   5   0   0   6  0.46 0.25
  189 V   -3 -5 -6 -6 -4 -5 -5 -6 -6  4 -2 -5 -2 -3 -5 -4 -3 -6 -4  7    1   0   0   0   0   0   0   0   0  21   0   0   0   0   0   0   0   0   0  78  1.57 0.45
  190 N    0 -4  3 -3 -1 -3 -3 -3 -4 -2 -3 -3 -3 -4 -4 -1  5 -5 -4  3    8   0  15   0   1   0   0   0   0   0   0   0   0   0   0   3  44   0   0  29  0.81 0.34
  191 P   -4 -6 -6 -5 -6 -5 -5 -6 -6 -6 -6 -4 -6 -7  9 -4 -5 -7 -7 -6    0   0   0   0   0   0   0   0   0   0   0   0   0   0 100   0   0   0   0   0  3.23 0.69
  192 Y   -5 -5 -6 -7 -6 -5 -6 -7 -2 -5 -5 -5 -5  0 -7 -5 -5 -1 10 -5    0   0   0   0   0   0   0   0   0   0   0   0   0   0   0   0   0   0 100   0  3.18 0.72
  193 Y   -5 -5 -6 -7 -6 -5 -6 -7 -2 -5 -5 -5 -5  0 -7 -5 -5 -1 10 -5    0   0   0   0   0   0   0   0   0   0   0   0   0   0   0   0   0   0 100   0  3.18 0.72
  194 G   -4 -4  8 -2 -3 -3 -4  2 -3 -6 -7 -3 -5 -6 -5 -2 -3 -7 -5 -6    0   0  85   0   1   0   0  15   0   0   0   0   0   0   0   0   0   0   0   0  2.11 0.56
  195 K   -4  2 -3 -4 -6 -2 -2 -5 -4 -6 -6  8 -4 -6 -4 -3 -4 -6 -5 -5    0   9   0   0   0   0   0   0   0   0   0  91   0   0   0   0   0   0   0   0  2.00 0.55
  196 T   -1 -5 -4 -4 -4 -4 -4 -5 -5 -5 -5 -4 -5 -6  8 -3  3 -6 -6 -4    5   0   0   0   0   0   0   0   0   0   0   0   0   0  75   0  19   0   0   0  2.19 0.53
  197 S   -2 -4  0 -3 -4 -3 -3 -3 -4 -4 -4 -3 -2 -5  2  4  6 -5 -4 -3    0   0   3   0   0   0   0   0   0   0   0   0   1   0  10  33  54   0   0   0  1.17 0.42
  198 T   -3 -1 -2 -4 -6  8 -1 -5 -2 -2 -3 -1 -1 -6 -2 -3 -2 -5 -5 -4    1   1   1   0   0  83   0   0   0   3   3   1   1   0   2   0   2   0   0   1  1.85 0.56
  199 E    0 -1 -1  0 -6  0  7 -4 -3 -5 -5  0 -4 -6 -3 -2 -3 -6 -5 -5    9   2   1   3   0   1  74   0   0   0   0   6   0   0   0   1   0   0   0   0  1.35 0.43
  200 G   -3 -5 -3 -4 -6 -5 -5  7 -5 -7 -7 -5 -6 -6 -5 -3 -5 -6 -6 -6    0   0   0   0   0   0   0 100   0   0   0   0   0   0   0   0   0   0   0   0  2.38 0.55
  201 L   -4 -4 -6 -6 -4 -1 -5 -6 -5  1  6 -5  4 -2 -5 -5 -3 -4 -3 -1    0   0   0   0   0   3   0   0   0   7  77   0  12   0   0   0   0   0   0   1  1.27 0.39
  202 I   -4 -3 -3 -6 -5 -4 -5 -6 -2  2 -2 -4 -2  3 -6 -4 -4 -1  8  1    0   1   1   0   0   0   0   0   0  14   2   1   1  10   0   0   0   0  60   9  1.50 0.43
  203 S    1  3 -1 -3 -4  6  1 -3 -1 -4 -1  0 -2 -4 -3  0 -2 -4 -4 -3   13  18   1   0   0  42   7   0   1   0   8   4   0   0   0   6   0   0   0   1  0.72 0.30
  204 H   -5 -4 -3 -5 -7 -3 -4 -6 11 -7 -7 -4 -5 -4 -6 -5 -5 -6 -1 -7    0   0   0   0   0   0   0   0  99   0   0   0   0   0   0   0   0   0   1   0  3.52 0.75
  205 F   -5 -5 -6 -6 -4 -6 -6 -6  1 -3 -3 -6 -3  8 -6 -5 -5 -2  6 -4    0   0   0   0   0   0   0   0   3   0   0   0   0  73   0   0   0   0  23   0  2.19 0.53
  206 K   -2  2  0 -1 -3  1  1 -2 -2 -4 -3  5 -1 -4 -3 -1  1 -5 -4 -3    2  11   4   1   1   4   6   2   0   0   1  53   1   0   0   4   8   0   0   1  0.74 0.29
  207 E    5 -2 -2 -3 -2 -2 -1 -2  0 -3 -3  0 -1 -4 -3  1  1 -5 -2 -2   63   1   1   0   0   1   3   0   2   1   2   5   1   0   0   7  11   0   2   0  0.75 0.31
  208 V   -3 -5 -5 -6 -4 -5 -6 -6 -6  7  0 -5 -1 -3 -5 -5 -3 -5 -4  4    0   0   0   0   0   0   0   0   0  66   3   0   0   0   0   0   0   0   0  30  1.46 0.41
  209 L    6 -4 -4 -4 -2 -3 -4 -2 -4 -3  1 -3 -1 -4 -4  0 -2 -5 -4 -2   79   0   0   0   0   0   0   1   0   1  13   0   1   0   0   3   0   0   0   0  1.18 0.41
  210 P   -1 -1  0  2 -5  0  6 -3 -1 -4 -5  0 -4 -5  2  0 -2 -5 -4 -4    4   2   4  12   0   3  55   1   1   1   0   4   0   0   9   5   0   0   0   0  0.90 0.32
  211 M    4 -1  0 -1  0 -1  1 -2  0 -2 -2 -2  2 -3 -3  2 -1 -4 -2 -2   44   2   3   3   1   1  10   0   3   2   1   1   9   0   0  17   2   0   1   2  0.44 0.24
  212 G   -2 -4 -3 -4  0 -4 -4  2 -4  1  0 -4 -1 -3 -4 -2  3 -5 -3  5    1   0   0   0   2   0   0  16   0   5   5   0   0   0   0   2  20   0   0  49  0.66 0.28
  213 P   -4 -5 -5 -3 -6 -4 -4 -5 -5 -6 -6 -4 -6 -7  9 -4 -4 -7 -6 -6    0   0   0   1   0   0   0   0   0   0   0   0   0   0  98   0   0   0   0   0  3.09 0.66
  214 T   -1 -3 -3 -4 -2  4 -2 -4 -2  4  0 -2  2 -1 -4 -2  1 -4 -3  2    4   0   0   0   1  27   0   0   1  26   6   0   7   2   0   0  11   0   0  16  0.52 0.25
  215 I   -4 -5 -6 -6 -4 -5 -5 -6 -5  7  0 -5  4 -1 -5 -5 -3 -5 -3  2    0   0   0   0   0   0   0   0   0  70   3   0  13   1   0   0   0   0   0  11  1.42 0.41
  216 I   -3 -5 -6 -6 -3 -4 -5 -6 -5  3  5 -5  1 -2 -4 -5 -3 -4 -3  1    0   0   0   0   0   0   0   0   0  17  72   0   2   0   1   0   0   0   0   7  1.16 0.35
  217 Y   -5 -5 -6 -7 -6 -5 -6 -7 -2 -5 -5 -5 -4  0 -6 -5 -5 -1 10 -5    0   0   0   0   0   0   0   0   0   0   0   0   0   0   0   0   0   0  99   0  3.13 0.71
  218 N   -5 -4  9 -2 -6 -3 -3 -4 -2 -6 -7 -3 -5 -6 -5 -2 -3 -7 -5 -6    0   0  97   0   0   0   0   0   0   0   0   0   0   0   0   2   0   0   0   0  2.56 0.63
  219 V   -3 -5 -6 -6 -4 -5 -5 -6 -6  3 -2 -5 -2 -4 -5 -5 -3 -6 -4  7    0   0   0   0   0   0   0   0   0  12   0   0   0   0   0   0   0   0   0  87  1.72 0.49
  220 P   -2 -6 -5 -5 -6 -4 -4 -6 -6 -6 -6 -4 -6 -7  9 -4 -4 -7 -6 -6    2   0   0   0   0   0   0   0   0   0   0   0   0   0  97   0   0   0   0   0  3.09 0.67
  221 S   -1 -4 -3 -3 -4 -4 -4  6 -4 -6 -6 -4 -5 -5 -4  3 -1 -5 -5 -5    3   0   0   0   0   0   0  66   0   0   0   0   0   0   0  29   2   0   0   0  1.42 0.41
  222 R   -5  8 -4 -5 -7 -2 -3 -6 -3 -6 -6 -1 -5 -6 -5 -4 -4 -6 -5 -6    0 100   0   0   0   0   0   0   0   0   0   0   0   0   0   0   0   0   0   0  2.57 0.63
  223 T   -3 -4 -3 -4 -2 -4 -4 -5 -5 -4 -4 -4 -4 -5 -4  1  7 -6 -5 -3    1   0   0   0   1   0   0   0   0   0   0   0   0   0   0   8  90   0   0   0  1.92 0.56
  224 S    2 -4 -2 -4  0 -3 -4  5 -4 -2 -4 -3 -3 -4 -4  0 -2 -3 -4  2   20   0   1   0   2   0   0  47   0   1   0   0   0   0   0   8   0   0   0  21  0.80 0.29
  225 Q    1 -3 -4 -4  7  3 -3 -3 -4  0 -2 -3 -2 -3 -4 -1 -2 -5 -4  4   13   0   0   0  26  20   0   1   0   3   2   0   0   0   0   3   1   0   0  30  0.80 0.31
  226 D   -4 -4  5  7 -6 -2 -1 -3 -3 -6 -6 -3 -5 -6 -4 -1 -2 -7 -5 -6    1   0  30  62   0   0   1   0   0   0   0   0   0   0   0   3   2   0   0   0  1.63 0.45
  227 I   -3 -5 -5 -6 -4 -4 -5 -6 -5  5  3 -5  7 -2 -5 -5 -3 -4 -4  0    0   0   0   0   0   0   0   0   0  34  28   0  37   0   0   0   0   0   0   1  1.31 0.40
  228 P    0 -2 -1 -2 -1  2  0 -3 -1 -2  3 -1 -1 -3  2  1  0 -4 -2 -2    8   0   2   1   1  11   5   0   1   0  34   3   0   0  12  15   4   0   1   0  0.27 0.18
  229 P   -2 -4  3 -2 -5 -2 -3 -4  1 -4 -5 -4 -5 -6  7 -2 -3 -6 -5 -1    3   0  17   2   0   1   0   0   3   0   0   0   0   0  67   1   0   0   0   4  1.79 0.46
  230 P    0 -1 -2  3 -4  1  6 -3 -1 -5 -5 -1 -4 -5 -1  0 -3 -5 -4 -4    7   2   0  17   0   4  58   1   1   0   0   2   0   0   2   5   0   0   0   0  1.02 0.35
  231 V   -2 -4 -3 -4 -4 -4 -4 -5 -5 -2 -4 -4 -3 -5 -4 -2  7 -6 -5  2    1   0   0   0   0   0   0   0   0   2   0   0   0   0   0   0  85   0   0  13  1.73 0.53
  232 I    0 -4 -5 -5 -2 -4 -4 -5 -5  4  0 -4  1 -2 -4 -3  0 -4  0  5    6   0   0   0   0   0   0   0   0  27   3   0   3   0   0   0   5   0   3  51  0.86 0.30
  233 E    3 -2 -2 -2 -2 -1  1 -1 -1  1  2 -1  0 -1 -3 -1 -2 -3 -1  1   30   1   0   1   0   3  10   4   1  10  20   4   1   2   0   2   0   0   2   8  0.18 0.14
  234 A   -1  7 -2 -3 -5 -1  1 -4 -2 -2 -4  1 -3 -5 -3 -2 -1 -5 -3 -3    6  66   1   0   0   1   9   0   0   3   0   6   0   0   1   1   4   0   1   1  1.17 0.37
  235 L   -4 -5 -6 -6 -2 -5 -6 -6 -6  1  6 -5  0 -2 -6 -5 -4 -4 -4 -1    0   0   0   0   1   0   0   0   0   5  91   0   1   0   0   0   0   0   0   2  1.52 0.43
  236 S    5 -3 -3 -3  0 -3 -3 -2 -3 -4 -4 -1 -3 -4 -3  3 -1 -5 -4 -2   66   0   0   0   1   0   0   0   0   0   0   3   0   0   0  26   1   0   0   1  1.08 0.39
  237 S   -1  0 -1  2 -3  3  4 -1 -1 -4 -4  3 -3 -5 -2  0 -1 -5 -3 -3    4   2   1   9   0  17  31   3   1   0   0  21   0   0   1   5   3   0   0   1  0.59 0.24
  238 Y   -3 -3 -1 -4  0 -3 -4 -5  4  5  0 -3 -1  0 -4 -2 -2 -4  1  3    0   1   4   0   2   0   0   0  12  37   8   0   1   3   0   3   0   0   4  26  0.60 0.25
  239 S   -1 -2 -1  2 -5 -2  1 -4 -3 -5 -5  2 -4 -5  6  1 -2 -6 -5 -4    3   1   2  14   0   0   9   0   0   0   0  14   0   0  45  10   2   0   0   0  1.08 0.32
  240 N   -4 -2  8 -1 -3 -2 -2  1 -2 -6 -6 -3 -5 -5 -5 -2 -2 -6 -4 -6    0   1  82   1   1   1   1  10   0   0   0   0   0   0   0   1   1   0   0   0  1.86 0.51
  241 M   -4 -5 -6 -6 -4 -5 -6 -6 -6  7  0 -5  2  1 -5 -5 -3 -5 -3  1    0   0   0   0   0   0   0   0   0  78   6   0   4   6   0   0   0   0   0   7  1.52 0.43
  242 A    1 -3 -4 -5 -2 -4 -5 -5 -5  4 -1 -4 -1 -3 -4 -3 -2 -5 -4  6   11   1   0   0   0   0   0   0   0  23   1   0   0   0   0   1   1   0   0  60  1.02 0.35
  243 G    3 -5 -3 -4 -3 -4 -4  6 -4 -5 -5 -4 -5 -5 -4 -1 -3 -5 -5 -4   29   0   0   0   0   0   0  69   0   0   0   0   0   0   0   2   0   0   0   0  1.52 0.42
  244 V   -3 -5 -5 -5 -3 -5 -5 -6 -4  6  1 -5  0 -3 -5 -3 -1 -5 -3  4    0   0   0   0   0   0   0   0   0  52   8   0   1   0   0   1   3   0   0  35  1.13 0.35
  245 K   -4 -1 -3 -4 -6 -2 -2 -5 -4 -6 -6  8 -5 -6 -4 -3 -4 -6 -5 -6    0   0   0   0   0   0   0   0   0   0   0 100   0   0   0   0   0   0   0   0  2.28 0.61
  246 E   -3 -3 -3  4 -7 -1  7 -5 -3 -6 -6 -2 -5 -6 -4 -3 -4 -6 -5 -6    1   0   0  21   0   0  78   0   0   0   0   0   0   0   0   0   0   0   0   0  1.81 0.51
  247 C    6 -5 -5 -5  6 -4 -4 -3 -5 -4 -4 -4 -4 -5 -4 -1 -3 -5 -5 -3   83   0   0   0  16   0   0   0   0   0   0   0   0   0   0   1   0   0   0   0  1.64 0.49
  248 V   -2 -3  0 -3 -3 -3 -2 -2 -4 -3 -3 -2 -2 -4 -3  3  6 -5 -4  1    1   0   3   0   0   0   2   2   0   0   0   1   0   0   0  28  52   0   0  10  0.94 0.37
  249 G   -1 -5 -3 -4 -5 -5 -4  7 -5 -6 -6 -4 -5 -6 -2 -2 -4 -5 -6 -6    2   0   0   0   0   0   0  93   0   0   0   0   0   0   2   1   0   0   0   0  2.05 0.50
  250 H   -4 -3  6  5 -5 -2 -2 -3  2 -5 -6 -2 -5 -6 -4  1 -2 -6 -5 -5    0   0  50  33   0   0   0   1   4   0   0   1   0   0   0  10   0   0   0   0  1.33 0.40
  251 E    2 -2 -2  0 -2  0  1 -2 -3  1  1 -1  0 -3 -2  2  0 -4 -3  0   21   0   0   5   0   4  10   0   0  12  16   1   2   0   1  18   6   0   0   2  0.19 0.14
  252 R   -1  4 -2  1 -5  3  4 -3 -1 -4 -3  2 -3 -5 -3 -1 -2 -5 -4 -4    4  24   0   7   0  16  31   1   1   1   2  10   0   0   0   2   1   0   0   0  0.68 0.26
  253 V   -2  0 -5 -5 -3 -2 -4 -5 -4  5  3 -4  0 -2 -4 -4 -1 -4 -3  3    1   6   0   0   0   1   0   0   0  43  26   0   1   0   0   0   3   0   0  17  0.75 0.27
  254 K    1  2 -2 -2 -2  0 -1 -3 -3  3  1  2  1 -2 -3 -2 -2 -4 -3  0   13  15   1   1   0   3   3   1   0  25  11  15   4   0   0   1   0   0   0   5  0.25 0.16
  255 C    1  2  0  0  2  2  3 -2  1 -3 -2  1 -1 -4 -3  0 -1 -4 -2 -3   16  15   5   5   5  12  19   1   3   0   2   7   1   0   0   7   1   0   1   0  0.31 0.16
  256 Y   -1  2 -2 -2 -3  0 -1 -1  1 -1  3 -1  1  0 -4 -2 -2  3  3 -1    5  12   2   2   0   4   4   4   3   2  35   3   2   1   0   1   0   4  15   1  0.25 0.16
  257 T    2 -3 -3 -4  7 -3 -3 -3 -3 -1 -1 -2 -2 -4 -4 -1  4 -4 -4  2   17   1   0   0  25   0   1   0   1   2   6   1   0   0   0   2  27   0   0  17  0.70 0.28
  258 D   -1 -2  0  3 -4 -1 -1  3 -2 -5 -5 -1 -4 -5  5  0 -2 -5 -4 -4    2   2   4  20   0   2   3  26   1   0   0   2   0   0  30   8   1   0   0   0  0.82 0.26
  259 K    0 -1  1  4 -4  1  3  0 -2 -4 -4  2 -3 -5  1  0 -1 -5 -3 -4    7   1   5  27   0   4  19   6   0   0   0  16   0   0   7   5   2   0   0   0  0.50 0.20
  260 G   -2  0  1  4 -1  0  1  3  0 -5 -5  0 -3 -5 -2  0 -2 -5 -4 -4    0   5   7  30   1   2   8  28   2   0   0   7   0   0   1   6   1   0   0   0  0.60 0.22
  261 I   -4 -5 -6 -5 -4 -5 -6 -6 -4  3  1 -5  1  7 -6 -5 -4 -2  0  0    0   0   0   0   0   0   0   0   0  20   9   0   3  62   0   0   0   0   0   5  1.46 0.40
  262 S    2 -2 -1  2 -2  0 -1 -1 -2  1  0 -1  0 -2 -2  0  1 -4 -2  1   25   1   2  12   0   5   2   2   0   9   6   1   3   1   0   7  12   0   1  11  0.15 0.12
  263 I   -3 -5 -5 -5  2 -3 -5 -5 -5  4  3 -4  0 -1 -5 -4 -3 -4 -3  4    0   0   0   0   4   1   0   0   0  27  26   0   0   1   0   0   0   0   0  40  0.89 0.29
  264 W   -5 -5 -5 -6 -4 -4 -5 -6 -2 -2  2 -5 -2  2 -6 -5 -4  7  8 -2    0   0   0   0   0   0   0   0   0   1  24   0   0   5   0   0   0  15  54   1  1.69 0.46
  265 S   -1 -4 -2 -3 -2 -3 -3 -3 -4 -5 -5 -3 -4 -5 -4  7  1 -6 -5 -5    2   0   0   0   1   0   0   0   0   0   0   0   0   0   0  92   5   0   0   0  1.74 0.55
  266 G   -3 -5 -3 -4 -5 -5 -5  7 -5 -7 -7 -4 -6 -6 -5 -3 -5 -5 -6 -6    0   0   0   0   0   0   0  99   0   0   0   0   0   0   0   0   0   0   0   0  2.35 0.54
  267 N   -1  0  4  1 -1  0  1  0  0 -1 -1  0 -1 -1  0  0  0 -1 -1 -1    5   3  28   8   1   3   9   5   1   4   6   4   1   2   3   5   4   1   2   5  0.17 0.04
  268 D   -5 -5 -2  8 -7 -3 -2 -5 -4 -6 -7 -4 -6 -7 -5 -3 -4 -7 -6 -6    0   0   0  99   0   0   0   0   0   0   0   0   0   0   0   0   0   0   0   0  2.59 0.61
  269 D   -2 -3 -2  8 -6 -3 -1 -2 -4 -5 -6 -3 -5 -6 -4 -3 -4 -6 -5 -5    3   1   0  88   0   0   1   3   0   0   0   1   0   0   0   1   0   0   0   0  2.01 0.50
  270 E    2 -2 -1 -2 -3  2  2  0 -2 -3 -2 -1 -2  1  3  1  0 -3 -2 -2   23   0   3   0   0  13  14   5   0   0   3   1   1   8  14  12   3   0   0   0  0.32 0.17
  271 C    0 -3 -2 -3  4 -3 -3 -3 -4  1  2 -3 -1 -1 -3  1  5 -4 -3 -1    5   0   0   0   8   0   0   1   0   9  18   0   1   2   0   9  44   0   0   1  0.58 0.26
  272 H    3 -3 -2 -3  0 -2 -3  1  4 -2 -3 -3 -2 -3 -3  0  3 -4 -2  1   35   0   1   0   2   0   0   8  15   1   1   0   0   1   0   3  22   0   0  11  0.51 0.25
  273 D   -1 -2 -3  2  1 -2 -2 -3 -3  1  3 -3  2  0 -3 -2 -1  0 -2  1    5   2   0  15   3   0   2   1   0   5  41   1   6   2   0   1   2   1   1  12  0.32 0.16
  274 S    3 -3 -2  1 -4 -2  2 -2 -3 -4 -4 -2 -3 -2  5  0 -2 -5 -3 -3   25   0   0   8   0   1  16   2   0   0   0   0   1   2  36   7   1   0   0   0  0.85 0.29
  275 R   -1  2 -3 -4 -3 -2 -3 -4 -3  2  3 -2  2  4 -4 -2 -1 -3 -1  0    3  14   0   0   0   0   0   0   0  12  35   1   6  18   0   2   2   0   1   4  0.43 0.19
  276 W   -4 -4 -5 -6 -1 -4 -5 -6  0  2  3 -4  8 -2 -5 -4 -3  6 -1  0    0   0   0   0   1   0   0   0   2  11  29   0  41   0   0   0   0  11   1   3  1.24 0.39
  277 K    2 -1 -1  0 -1  1 -1 -2 -2 -2  2  1  0 -2 -3  1  0 -4 -3 -2   24   1   2   4   1   6   2   1   0   0  31   8   1   0   0  13   4   0   0   0  0.23 0.17
  278 Y    0 -2 -3 -4  4 -3 -4 -4  1  1  3 -3  2 -1 -4 -3 -2 -3  1  1    7   1   0   0  10   1   0   1   5   8  41   0   5   1   0   1   0   0   6  11  0.45 0.19
  279 G   -3 -5 -3 -4 -6 -5 -5  7 -3 -7 -7 -5 -6 -6 -5 -3 -5 -6 -6 -6    0   0   1   0   0   0   0  99   1   0   0   0   0   0   0   0   0   0   0   0  2.33 0.55
  280 A    4 -5 -3 -4 -4 -4 -4  6 -4 -5 -5 -4 -4 -4 -4 -2 -3 -5 -5 -4   33   0   0   0   0   0   0  65   0   0   0   0   0   1   0   1   0   0   0   0  1.46 0.41
  281 T   -1  1  0 -1 -1  2 -1 -3  5 -2 -3  4 -2 -4 -3 -1  1 -4 -1 -1    4   5   3   4   1   8   1   0  18   2   1  33   0   0   0   1  12   0   2   6  0.49 0.23
  282 G   -3 -5 -3 -4 -6 -5 -5  7 -5 -7 -7 -5 -6 -6 -5 -3 -5 -6 -6 -6    0   0   0   0   0   0   0 100   0   0   0   0   0   0   0   0   0   0   0   0  2.40 0.56
  283 V   -3 -4  3 -1 -1 -4 -4 -3 -4  1 -2 -4 -2 -4 -5 -3 -1 -5 -4  6    0   0  18   4   1   0   0   1   0   4   0   0   0   0   0   1   3   0   0  68  1.03 0.38
  284 I   -4 -6 -6 -6 -4 -3 -6 -6 -3  7 -1 -5 -2 -3 -5 -5 -3 -5 -4  3    0   0   0   0   0   1   0   0   1  82   0   0   0   0   0   0   0   0   0  16  1.71 0.47
  285 S   -2 -4 -2 -3 -4 -3 -3 -3 -4 -5 -6 -3 -5 -6 -4  7  0 -6 -5 -5    0   0   0   0   0   0   0   0   0   0   0   0   0   0   0  96   3   0   0   0  1.91 0.58
  286 V   -3 -6 -6 -6 -4 -5 -6 -6 -6  0 -2 -5 -2 -4 -5 -5 -3 -6 -4  7    0   0   0   0   0   0   0   0   0   0   0   0   0   0   0   0   0   0   0 100  2.03 0.56
  287 A    3 -4 -3 -4 -2 -3 -3 -3 -4 -1  0 -3 -2 -3 -3  0  6 -3 -4  0   24   0   0   0   0   0   0   0   0   2   8   0   0   1   0   3  55   0   0   7  0.87 0.35
  288 S    5 -3  1 -3 -3 -3 -3 -1 -4 -4 -4 -3 -4 -5 -3  4 -1 -5 -4 -3   51   0   5   0   0   0   0   2   0   0   0   0   0   0   0  40   1   0   0   0  1.03 0.38
  289 N   -5 -4  8 -2 -6 -3 -3 -4  5 -7 -7 -3 -5 -6 -5 -3 -3 -7 -4 -6    0   0  86   0   0   0   0   0  14   0   0   0   0   0   0   0   0   0   0   0  2.32 0.59
  290 L   -2 -5 -5 -5 -3 -4 -5 -6 -5  4  2 -5 -1 -2 -5 -4 -3 -5 -3  5    2   0   0   0   0   0   0   0   0  27  22   0   0   1   0   0   0   0   0  48  1.00 0.32
  291 V    5 -4 -4 -4 -1 -3 -4 -3 -4  2 -1 -3  2 -3 -4 -2 -2 -5 -4  3   51   0   0   0   1   0   0   0   0  12   2   0   5   0   0   0   0   0   0  28  0.79 0.32
  292 P    0 -5 -5 -4 -5 -4 -4  2 -5 -6 -6 -4 -5 -6  8 -3 -4 -6 -6 -5    9   0   0   0   0   0   0  14   0   0   0   0   0   0  77   0   0   0   0   0  2.21 0.53
  293 G    1  4  1 -1 -4  1  0  2 -1 -4 -3  4 -3 -4 -2 -1 -2 -4 -4 -4   12  26   6   2   0   4   4  15   1   0   1  26   0   0   1   2   0   0   0   0  0.51 0.21
  294 L    0 -1 -2  1 -4  3  3 -3 -2 -1  3  0 -1 -3 -2 -2 -2 -4 -3 -2   10   2   0  10   0  15  19   0   0   1  32   6   1   0   1   0   0   0   0   1  0.34 0.20
  295 M   -2 -4 -4 -6 -4 -4 -5 -5 -4  0  0 -4  9  1 -5 -3  1 -4 -2  1    2   0   0   0   0   0   0   0   0   5   4   0  66   6   0   1   7   0   1   7  1.62 0.49
  296 H    2  2 -2 -3 -1  3 -2 -3  7 -3 -4  0 -3 -4 -3  2 -2 -5 -2 -1   22  10   0   0   1  13   0   0  31   1   0   3   0   0   0  14   0   0   0   4  0.74 0.30
  297 S    0 -1  0  3 -2  3  4 -3 -2 -4 -4  1 -3 -5 -3  0 -2 -5 -4 -4   10   2   3  19   1  16  35   1   0   0   1   7   0   0   0   4   1   0   0   0  0.66 0.25
  298 L   -1 -4 -5 -6 -4 -4 -5 -6 -5  1  4 -4  8 -1 -5 -4 -3 -4 -3 -1    4   0   0   0   0   0   0   0   0   5  46   0  42   1   0   0   0   0   0   1  1.33 0.41
  299 M   -1 -5 -5 -6  9 -5 -5 -5 -4  2 -2 -5  5 -1 -5 -4 -3 -2 -1  1    5   0   0   0  51   0   0   0   0  12   2   0  15   3   0   0   0   0   2   9  1.55 0.42
  300 F    0 -1 -1  0 -2  1  0 -3  0  0  2  0  1  3 -3 -1 -1 -2  1  0   13   3   3   5   0   7   5   0   3   3  22   4   3  16   0   1   2   0   3   5  0.11 0.10
  301 E    4 -2  0  1 -3  0  2  0 -2 -3 -2 -1 -2 -4 -3  0 -2 -4 -3 -3   50   1   4   7   0   3  15   5   1   0   4   3   0   0   0   5   1   0   0   0  0.51 0.24
  302 G    3 -3 -2 -3 -4 -3 -3  5 -4 -4 -4 -3 -4  2 -3 -1 -2 -3 -3 -3   34   1   1   1   0   0   1  49   0   0   0   0   0   9   0   1   1   0   0   0  0.93 0.32
  303 E   -2  0 -1  4 -5  1  4 -3 -2 -3 -1  2 -1 -4 -1 -2 -2 -5 -4 -2    2   4   2  25   0   4  29   1   0   0   8  17   1   0   2   0   2   0   0   2  0.53 0.22
  304 N    5 -3  3 -2 -3 -2 -2 -2 -3 -2 -4 -2 -3 -3 -3  1 -1 -5 -2 -2   65   1  15   2   0   1   1   0   0   2   0   0   0   1   0   7   2   0   1   1  0.87 0.34
  305 A    2  4 -2 -2 -2  0  1  1 -1 -3 -2  0 -1 -4  1  0 -1 -4 -3 -2   22  32   0   1   1   2   8   9   1   1   2   4   2   0   7   3   4   0   0   1  0.39 0.19
  306 A    2  1 -1  0 -3  2  3 -3 -2 -3 -3  1 -2 -4 -3  0  1 -4 -3 -2   24   9   2   4   0   9  24   0   0   1   2  11   1   0   0   5   7   0   0   2  0.37 0.19
  307 L   -2 -4 -5 -5 -2 -3 -5 -6 -5  5  4 -4  2 -2 -5 -4 -3 -3 -3  0    2   0   0   0   0   1   0   0   0  37  49   1   5   0   0   0   1   0   0   3  0.95 0.31
  308 N   -4 -1  6  1 -6  3 -2 -4  7 -6 -6 -2 -3 -5 -5 -2 -3 -6 -2 -5    0   2  45   6   0  14   1   0  31   0   0   0   0   0   0   1   0   0   0   0  1.45 0.43
  309 E    0  0  0  1 -2  2  1 -2  0 -1  1  0  0  0 -3  0  0 -2  1 -1   11   6   4  10   0  13   9   1   2   2  19   2   2   4   0   6   4   0   6   1  0.11 0.10
  310 K   -2  4 -1 -1 -4  3  1 -3 -1 -4 -3  5 -3 -4 -1 -1 -2 -4 -2 -4    2  22   1   3   0  12   7   1   1   0   2  40   0   0   2   4   2   0   1   0  0.69 0.26
  311 L   -1 -4 -5 -5 -4 -4 -5 -6 -5  1  6 -5  2 -2 -5 -4 -3 -2  0  0    4   0   0   1   0   0   0   0   0   4  80   0   4   0   0   0   1   0   3   3  1.14 0.36
  312 L    0 -2 -2 -3 -2 -1 -2 -4 -2  1  3 -2  4  2 -4 -1 -1 -1  1  0    8   1   1   1   0   3   2   0   0   8  29   2  19  10   0   4   2   1   4   4  0.32 0.17
  313 P   -1 -2 -1  0 -5 -3 -1  0  0 -5 -4 -1 -4 -6  7 -1 -2 -6 -5 -4    6   2   3   6   0   0   4   7   2   0   1   2   0   0  61   4   2   0   0   0  1.38 0.37
  314 L   -4 -5 -6 -6 -4 -5 -5 -6 -5  2  6 -5  1 -2 -5 -5 -3 -4 -4  0    0   0   0   0   0   0   0   0   0   8  86   0   1   0   0   0   1   0   0   4  1.39 0.40
  315 M   -4 -3  1 -4  0 -3 -3 -4  8  1 -2 -4  5  3 -5 -2 -3 -3  2 -1    0   0   7   0   2   0   0   0  39   9   1   0  17  14   0   2   1   0   5   4  1.02 0.35
  316 K   -1  2  2  2 -4  2  1 -3  1 -3 -4  4 -3 -5 -3 -1 -1 -5 -3 -4    3  12  11  10   0  11   5   1   3   2   0  35   0   0   0   3   3   0   0   0  0.56 0.23
  317 W    3 -2  1  1 -3  0 -1  0  0 -1 -3  0 -2 -3 -3 -1  0  6 -2  0   32   1   7   9   0   4   2   5   3   3   1   6   0   0   0   2   4  14   0   6  0.38 0.19
  318 L   -4 -5 -6 -6 -4 -5 -5 -6 -5  0  6 -5  5 -2 -6 -5 -4 -4 -4 -2    1   0   0   0   0   0   0   0   0   1  86   0  13   0   0   0   0   0   0   0  1.54 0.44
  319 F   -5 -6 -6 -7 -6 -7 -7 -5 -5 -3 -2 -6 -3  9 -7 -5 -5 -2  0 -4    0   0   0   0   0   0   0   1   0   0   1   0   0  97   0   1   0   0   0   0  2.74 0.62
  320 C   -1 -3 -4 -4  6 -2 -4 -4  0  3  0 -3  0 -1 -4 -1 -1 -1 -2  3    5   0   0   0  23   2   0   0   3  24   8   1   2   2   0   4   1   1   1  22  0.60 0.23
  321 E    0 -3 -3  1 -6  1  7 -4 -3 -5 -5 -2 -2 -6 -4 -2  0 -5 -5 -3    6   0   0   5   0   5  75   0   0   0   0   0   1   0   0   0   7   0   0   1  1.38 0.44
  322 P    2 -4 -3 -3 -3 -3 -3 -3 -4 -3 -4 -3 -3 -5  5  2  3 -5 -4  1   20   0   0   0   0   0   0   1   0   0   0   0   0   0  33  19  18   0   0  10  0.85 0.31
  323 N   -4 -4  8 -2 -6 -3 -3 -4 -3 -6 -6 -3 -5 -6 -5  1 -3 -7 -5 -4    0   0  88   0   0   0   0   0   0   0   0   0   0   0   0  10   0   0   0   1  2.20 0.58
  324 P   -4 -6 -6 -5 -6 -5 -5 -6 -6 -6 -6 -4 -6 -7  9 -4 -5 -7 -7 -6    0   0   0   0   0   0   0   0   0   0   0   0   0   0 100   0   0   0   0   0  3.23 0.69
  325 I   -1 -5 -5 -6 -4 -4 -5 -5 -6  7 -1 -5 -1 -3 -5 -3 -1 -5 -4  2    4   0   0   0   0   0   0   0   0  81   1   0   1   0   0   2   3   0   0   8  1.50 0.43
  326 G    1 -5 -5 -5 -6 -4 -4  0 -5 -6 -6 -4 -5 -7  8 -3 -4 -7 -6 -4   10   0   0   0   0   0   0   7   0   0   0   0   0   0  82   1   0   0   0   0  2.38 0.55
  327 L    0 -5 -5 -6 -3 -4 -5 -5 -5  1  1 -5 -1 -3 -2 -4 -2 -5 -4  6    6   0   0   0   0   0   0   0   0   5  13   0   0   0   2   0   0   0   0  73  1.18 0.38
  328 N   -4 -1  3 -3 -6 -2 -2 -4 -3 -6 -6  7 -4 -6 -4 -3 -3 -6 -5 -5    0   0  15   0   0   0   0   0   0   0   0  85   0   0   0   0   0   0   0   0  1.83 0.53
  329 T    1 -3 -4 -5 -3 -3 -2 -5 -3 -4 -4 -2 -4 -2 -5 -3  4 10  1 -4   11   1   0   0   0   1   2   0   0   0   0   3   0   0   0   0  31  45   3   0  1.82 0.48
  330 A    7 -4 -4 -5 -3 -4 -4 -2 -5 -4 -4 -4 -3 -5 -4 -2 -3 -6 -5 -2   97   0   0   0   0   0   0   1   0   0   0   0   1   0   0   0   0   0   0   1  1.78 0.53
  331 L    0 -4 -5 -6  3 -4 -5 -5 -5 -1  5 -4  4 -2 -5 -4 -2 -4 -3  1    7   0   0   0   6   0   0   0   0   0  64   0  12   0   0   0   1   0   0   9  0.96 0.33
  332 A    3 -1  2 -2 -2  2  0 -1  4 -3 -3  1 -2 -3 -3  1 -1 -1  1 -2   29   2  13   0   1   9   5   3  11   0   0   8   1   0   0   9   1   1   5   1  0.34 0.19
  333 Q   -1  2 -3 -2 -4  4  2 -4 -2 -1  2  1  3 -2 -4 -2 -2 -4 -3 -2    4  11   0   0   0  20  15   0   0   2  26   7  11   1   0   0   0   0   0   1  0.44 0.23
  334 L   -4 -3 -4 -5  0  1 -4 -5 -4 -1  4 -1  8 -3 -5 -4 -2 -4 -4 -2    0   1   1   0   2   7   0   0   0   1  34   4  50   0   0   0   1   0   0   0  1.30 0.42
  335 G   -3 -5 -2 -3 -6 -4 -4  7 -5 -7 -7 -4 -6 -6 -5 -3 -4 -6 -6 -6    0   0   1   1   0   0   1  96   0   0   0   0   0   0   0   1   0   0   0   0  2.19 0.52
  336 V   -2  1 -4 -4 -1 -2 -3 -5 -2  0  3  1  3  0 -4 -3 -3  5  0  2    1  10   0   0   1   0   0   0   1   3  37  11  10   2   0   0   0   8   2  14  0.48 0.22
  337 V    0 -3 -1  1  5 -1  0 -3 -3  4 -1 -2  3 -2 -1 -2 -2 -4 -3  1    7   0   3   8  13   3   6   1   0  33   1   1  10   1   2   2   1   0   0   8  0.38 0.20
  338 R    1  1  0  0 -1  1  1  1 -1 -1 -2  0 -1 -3  1  0 -1 -4 -3  1   12  10   3   5   1   6  10  10   1   0   1   6   1   0   8   6   3   0   0  18  0.14 0.10
  339 P    0 -2  0  2 -4 -1  0  4 -3 -4 -3 -1 -3 -4  4  0 -1 -5 -4 -4    5   1   3  11   0   2   6  35   0   0   3   3   0   0  23   4   3   0   0   0  0.62 0.22
  340 V   -1 -3 -1 -1 -3 -2  1  4  1 -2 -3 -2 -2 -4  1  1  1 -4 -3  1    4   0   1   3   0   0  13  32   4   1   0   0   1   0   7   9  10   0   0  15  0.35 0.18
  341 F   -3 -4 -5 -5  2 -3 -4 -5 -4  4  2 -4  2  4 -2 -3 -1 -3  0  2    0   0   0   0   5   0   0   0   0  27  23   0   5  18   2   1   2   0   2  15  0.59 0.22
  342 R   -5  8 -4 -5 -7 -2 -3 -6 -4 -6 -5 -1 -5 -6 -5 -4 -4 -6 -5 -6    0  99   0   0   0   0   0   0   0   0   1   0   0   0   0   0   0   0   0   0  2.53 0.63
  343 L   -4 -4 -6 -6 -4 -4 -5 -5 -5 -1  6 -4  2 -2 -1 -3 -4 -4 -4 -2    0   1   0   0   0   0   0   0   0   0  89   0   4   0   3   2   0   0   0   0  1.41 0.43
  344 P   -4 -6 -6 -5 -6 -5 -5 -6 -6 -6 -7 -5 -6 -7  9 -4 -5 -7 -7 -6    0   0   0   0   0   0   0   0   0   0   0   0   0   0 100   0   0   0   0   0  3.24 0.70
  345 Y   -4 -4 -5 -6 -4 -4 -5 -6 -2  0  5 -5  5 -1 -5 -5 -4 -3  3 -2    0   0   0   0   0   0   0   0   1   2  70   0  14   1   0   0   0   0  13   0  1.23 0.39
  346 T   -1 -4 -3 -4  5 -4 -4 -4 -4  1 -1 -4 -1 -2 -4 -1  5 -2 -1  4    4   0   0   0  11   0   0   0   0   5   3   0   0   1   0   1  43   0   2  29  0.82 0.32
  347 P   -2 -2 -3 -1 -5 -1  2 -4 -3 -5 -4 -2 -3 -5  7 -2 -1  4 -3 -2    2   2   1   3   0   1  18   1   0   0   1   2   0   0  54   2   3   6   1   4  1.29 0.37
  348 L   -2 -4 -5 -6 -3 -4 -5 -5 -5  0  5 -5  5 -1 -3 -4 -3 -4 -1 -1    3   0   0   0   0   0   0   0   0   3  71   0  16   1   1   0   1   0   2   1  1.16 0.37
  349 P    0 -3  0  1 -3 -1  0 -1 -2 -4 -3 -2 -2 -4  2  4  3 -5 -4 -3    7   0   3   7   0   2   6   2   0   0   1   1   1   0   9  41  18   0   0   0  0.55 0.26
  350 L    0 -1 -1  2 -3  0  4 -2 -2 -3 -1 -1 -3 -4  3  0 -1 -5 -3 -2   10   2   1  10   0   3  37   1   0   1   7   2   0   0  14   6   2   0   0   3  0.48 0.21
  351 E    2  0 -1  1 -3  3  3 -1  0 -4 -4  1 -2 -4 -1  0 -1 -3 -3 -2   20   3   2   5   0  13  28   4   2   0   0   8   1   0   3   6   3   0   0   1  0.38 0.19
  352 K    0 -1  3 -2  1  0  0  0  3 -2 -1  1 -2  1 -3 -1 -1 -2  3 -2    6   1  16   0   4   5   7   7   9   1   6  11   0   5   0   3   1   0  14   2  0.19 0.13
  353 R   -2  4 -2 -3 -3  3  1 -3  6 -3 -2  2 -2 -3 -4 -2 -1 -4 -1 -3    3  28   0   0   0  13   8   1  22   1   4  11   0   0   0   1   3   0   1   2  0.67 0.27
  354 V    1 -1 -1  1 -3  2  3 -2 -2 -1 -2  0 -1 -3  1  0 -1 -3 -3  0   17   2   2   6   0   9  29   2   0   4   2   4   1   0   8   4   2   0   0   7  0.29 0.16
  355 E    0  1 -1 -1 -3  1  2 -2 -1  0 -1  2 -2 -3  1  0  1 -4 -2  0    6   9   0   1   0   7  14   2   1   5   4  20   0   1   6   3   9   0   1  10  0.18 0.12
  356 F   -3 -4 -5 -5 -3 -4 -5 -2 -3  1  4 -4  0  2 -5 -4 -3 -4 -2  4    0   0   0   0   0   0   0   4   1   3  45   0   1  11   0   0   0   0   0  35  0.80 0.30
  357 V    1  4 -2 -1 -2  0  2 -3 -1 -1 -1  2 -2 -4 -3 -1 -1 -4 -3  1   11  26   0   2   1   3  17   0   1   2   4  15   0   0   0   3   2   0   0  11  0.35 0.19
  358 R    2  2  1  1 -3  3  2 -1 -1 -3 -3  2 -2 -4 -2  0  0 -4 -3 -2   18  10   8   6   0  15  13   3   1   0   1  12   1   0   0   7   5   0   0   2  0.30 0.16
  359 I    4 -3 -4 -3 -1 -2 -1 -2 -3  1  1 -3 -1 -3 -3 -1 -1 -4 -3  2   48   0   0   1   1   0   3   1   0  10  12   1   1   0   0   3   3   0   0  16  0.50 0.25
  360 V   -4 -3 -5 -6 -2 -4 -5 -6 -5  0  5 -4  6 -2 -5 -4 -3 -4 -3  1    0   1   0   0   1   0   0   0   0   3  59   0  25   0   0   0   0   0   0  11  1.20 0.39
  361 E   -1  4  0 -1 -4  2  2 -3 -1 -3 -3  4 -2 -4 -3 -1 -1 -5 -3 -3    4  21   4   1   0  11  12   1   1   1   1  33   1   0   0   3   4   0   0   2  0.58 0.24
  362 A    1  0  1  2 -3  3  3 -2  0 -3 -2  1 -2 -4 -2  1  0 -4 -3 -2   15   3   5  11   0  15  20   2   2   1   4   8   0   0   0   9   3   0   0   2  0.31 0.16
  363 I    3 -3 -3 -4  0 -3 -3 -2 -2  2  2 -3  0  0 -3  0 -1 -3  3  1   34   0   0   0   1   0   1   1   1  12  19   0   2   3   0   7   2   0  12   7  0.34 0.19
  364 G   -2 -2 -2 -4 -5 -3 -4  7 -2 -6 -5 -1 -5 -5 -4 -3 -4 -5 -5 -5    1   2   1   0   0   1   1  88   1   0   1   3   0   0   1   1   0   0   0   0  1.80 0.45
  365 R   -1  5 -2 -2 -3  3  0 -3 -2  1  0  1 -1 -3 -3  0 -1 -3 -2  0    3  44   0   0   0  15   2   0   0  11   8   3   0   0   0   5   2   0   0   5  0.42 0.13
  366 E    1 -1  0  1 -4  2  5 -2  0 -2 -3  1 -2 -3 -2  0 -2 -3 -1 -2   11   0   4   5   0   7  54   2   1   2   0   6   0   0   0   2   0   0   3   3  0.53 0.14
  367 N   -2 -1  5  0 -4  1  0 -1  6 -3 -3 -1  0 -3 -3  0 -1 -4 -1 -2    1   0  40   3   0   5   4   3  32   0   0   0   3   0   0   4   0   0   0   3  0.67 0.15
  368 F    0 -3 -3 -4  3 -3 -3 -1  0  2  1 -3  0  5 -3 -2 -1 -1  1  0    8   0   0   0   9   0   0   4   3  19   7   0   0  45   0   0   2   0   0   2  0.42 0.11
  369 V   -1 -3 -2 -3 -2 -2 -2 -3  0  2  0 -2  0 -2  3  0 -1 -3 -2  3    2   0   0   0   0   0   0   0   4  13   7   0   0   0  15  13   0   0   0  46  0.34 0.10
  370 G   -1 -2 -1  1 -3 -2 -2  5 -3 -1  0  0 -2 -3 -3 -1 -2 -3 -3 -2    0   0   0   8   0   0   0  68   0   6  11   6   0   0   0   0   0   0   0   0  0.69 0.10
  371 Q   -1 -1  1  2  2  2  2 -2 -1 -1 -1  1 -1 -3 -2  0  0 -3 -2  0    2   0   7  12   8  19  18   0   0   0   7   6   0   0   0   3   8   0   0   9  0.20 0.05
  372 K   -1  3  0 -1 -3  1  0 -1 -1 -3 -3  5 -2 -4 -2  1  0 -4 -2 -3    0  13   4   0   0   2   2   4   0   0   0  61   0   0   0   9   4   0   0   0  0.53 0.10
  373 E   -1 -1  0  5 -4  0  4 -1 -1 -3 -2  0 -3 -3 -2  0 -1 -4 -3 -2    3   0   1  40   0   0  44   2   0   0   3   0   0   0   0   2   0   0   0   1  0.65 0.09
  374 S    1 -3  0 -3 -1 -2 -2 -2 -3  2  1 -2  0 -1 -3 -1  0 -3 -2  3   20   0   9   0   0   0   0   0   0   7  12   0   0   0   0   1   1   0   0  50  0.26 0.07
  375 R   -2  3 -1  0 -4  5  2 -3  3 -4 -3  2 -2 -4 -2 -1 -1 -3 -2 -3    0  26   0   3   0  42  11   0   9   0   0   9   0   0   0   0   0   0   0   0  0.61 0.09
  376 V   -1 -3 -3 -1  2 -3 -2 -3 -3  2  0 -3  0  2 -1 -2 -1 -2 -1  4    2   0   0   6   5   0   0   0   0   1   2   0   0  14   3   0   0   0   0  64  0.29 0.07
  377 L   -1 -2 -3 -3 -2 -2 -3 -3 -3  1  4 -2  3  0 -3  0 -1 -2 -2  1    0   0   0   0   0   0   0   0   0   5  67   0  11   0   0  14   0   0   0   3  0.40 0.07
  378 D   -1  0  1  6 -4  0  2 -2 -1 -4 -4  1 -3 -4 -2  0 -1 -4 -3 -3    3   6   1  65   0   0  16   0   0   0   0   7   0   0   0   3   0   0   0   0  0.77 0.08
  379 D   -2 -2  3  6 -4  1  1 -2 -1 -4 -4 -1 -3 -4 -2 -1 -1 -5 -3 -4    0   0  21  74   0   5   0   0   0   0   0   0   0   0   0   0   0   0   0   0  1.00 0.10
  380 D   -1 -2  2  6 -3 -1  1 -2  1 -4 -4 -1 -3 -4 -2  1 -1 -4 -3 -3    3   0   8  71   0   0   2   0   5   0   0   0   0   0   0  10   0   0   0   0  0.80 0.07
  381 D   -2 -2  1  7 -4  0  2 -2 -2 -4 -4 -1 -4 -4 -2 -1 -2 -5 -4 -4    0   0   0  88   0   0  12   0   0   0   0   0   0   0   0   0   0   0   0   0  1.13 0.09
  382 F   -3 -4 -4 -4 -3 -4 -4 -4 -2  0  0 -4 -1  7 -4 -3 -3  0  2 -1    0   0   0   0   0   0   0   0   0   6   0   0   0  94   0   0   0   0   0   0  1.12 0.11
  383 V    0 -2 -3 -3 -1 -2 -2 -3 -3  3  1 -1  0  1 -3 -1  1 -3 -1  3    8   0   0   0   0   0   0   0   0  37   4   4   0   6   0   0  14   0   0  27  0.23 0.04
  384 L   -2 -3 -4 -4 -2 -3 -3 -4 -3  2  4 -3  2  0 -3 -2  0 -2 -1  1    0   0   0   0   0   0   0   0   0   7  84   0   0   0   0   0   7   0   2   0  0.52 0.06
  385 I   -1 -3 -4 -4 -1 -3 -3 -4 -4  4  3 -3  1  0 -3 -3 -1 -3 -2  3    0   0   0   0   0   0   0   0   0  37  29   0   0   0   0   0   0   0   0  34  0.43 0.05
  386 S    1  0  0  1 -2 -1  0  3 -2 -3 -3 -1 -2 -3 -2  3  0 -3 -3 -3    3   6   0   8   0   0   2  32   0   0   0   0   0   0   0  48   0   0   0   0  0.43 0.05
  387 R   -2  6 -1  0 -4  1  1 -3 -1 -4 -3  2 -2 -4 -3 -1 -2 -3 -2 -3    0  85   0   4   0   0  12   0   0   0   0   0   0   0   0   0   0   0   0   0  0.87 0.08
  388 Y   -3 -2 -2 -4 -3 -2 -3 -4  3 -2 -2 -3 -2  3 -4 -2 -2  6  7 -2    0   0   0   0   0   0   0   0  11   0   0   0   0   5   0   0   0  16  69   0  1.10 0.08

                      K         Lambda
Standard Ungapped    0.1360     0.3178
Standard Gapped      0.0563     0.2670
PSI Ungapped         0.1837     0.3115
PSI Gapped           0.0563     0.2670
