
Last position-specific scoring matrix computed, weighted observed percentages rounded down, information per position, and relative weight of gapless real matches to pseudocounts
           A  R  N  D  C  Q  E  G  H  I  L  K  M  F  P  S  T  W  Y  V   A   R   N   D   C   Q   E   G   H   I   L   K   M   F   P   S   T   W   Y   V
    1 M   -3 -3 -4 -5 -3 -2 -4 -5 -3 -1  0 -3 10 -2 -4 -3 -3 -3 -3 -1    0   0   0   0   0   0   0   0   0   0   0   0 100   0   0   0   0   0   0   0  2.06 0.45
    2 A    6 -3 -3 -3 -2 -2 -2 -1 -3 -3 -3 -2 -2 -4 -2  0 -1 -4 -3 -2   97   0   0   0   0   0   0   0   0   0   0   0   0   0   0   3   0   0   0   0  1.15 0.32
    3 S    2 -2 -1 -2  1 -2 -2 -2 -2 -3 -2 -2 -2 -1 -2  5  0 -4 -3 -3   17   0   0   0   3   0   0   0   0   0   3   0   0   3   0  74   0   0   0   0  0.78 0.27
    4 S    2 -2 -1 -2 -2 -1 -2 -1 -2 -3 -3 -2  1 -3 -2  4  2 -4 -3 -2   19   0   0   0   0   0   0   2   0   0   0   0   5   0   0  54  18   0   0   0  0.60 0.22
    5 S    2 -2 -1 -2  0 -2 -2 -1  0 -3 -3 -2 -2 -4 -2  5  2 -4 -3 -2   21   0   0   0   2   0   0   2   2   0   0   0   0   0   0  58  14   0   0   0  0.66 0.25
    6 A    2 -2 -2 -2 -2 -2 -2 -2 -2 -1 -2 -2 -2  2  3  4 -1 -3  1 -2   19   0   0   0   0   0   0   0   0   3   2   0   0  10  15  45   0   0   6   0  0.48 0.21
    7 A    3 -2 -2 -2 -2 -1 -2 -1 -2 -1  1 -1  0 -1  0  2  2 -3 -2 -1   33   0   0   0   0   0   0   3   0   0  21   2   2   2   3  18  13   0   0   0  0.23 0.13
    8 M   -2  0 -2 -3 -2 -1 -2 -3 -2  1  2  2  3  0 -3 -2  1 -3 -2  1    0   5   0   0   0   0   0   0   0   5  29  17  15   2   0   0  13   0   0  11  0.24 0.13
    9 S    2  2 -1 -2 -2 -1 -1 -2 -2 -2 -2  0  1 -3  0  4  0 -4 -3 -2   22  15   0   0   0   0   0   0   0   2   0   4   7   0   4  41   4   0   0   0  0.42 0.20
   10 L   -1 -3 -1 -3 -2 -2 -3 -3 -3  2  2 -2  1  2  1  0  2 -2 -1  0    0   0   2   0   0   0   0   0   0  16  33   0   2  10   7  11  15   0   0   2  0.26 0.13
   11 E    0  2  0 -2 -2  1  0 -2 -2  0 -2  1 -2 -2  0  3  1 -3 -2  0    7  14   3   0   0   9   3   0   0   7   0   5   0   2   4  30  12   0   0   5  0.23 0.13
   12 S    0 -2  0 -2 -2 -2 -2 -1 -3 -3 -3 -2 -3  0  2  4  3 -4 -3 -2    6   0   2   0   0   0   0   2   0   0   0   0   0   5  13  49  23   0   0   0  0.64 0.26
   13 I    0 -2 -2 -3 -2 -2 -2 -3 -2  3  1 -2  1  1 -1  1 -1 -2  1  1    8   0   0   0   0   0   0   1   0  30  16   0   4   8   2  20   0   0   4   4  0.22 0.13
   14 S    0 -1 -1 -2 -3 -1 -2 -2 -2 -4 -4  3 -3 -2 -3  5  1 -4  0 -3    5   2   0   0   0   0   0   0   0   0   0  19   0   2   0  64   5   0   3   0  0.76 0.31
   15 M    0 -3 -3 -3  0 -2 -3 -3 -3  0  2 -2  3  3 -1  1 -1 -2 -1  0    5   0   0   0   2   0   0   0   0   1  30   1  14  18   2  18   2   0   0   6  0.30 0.17
   16 T   -1  1 -1 -2 -2 -1 -1 -2 -2  0 -1  1 -1 -1  0  2  2 -3 -2  1    2   8   2   0   0   0   0   0   0   4   6  12   0   2   4  24  21   0   0  14  0.21 0.14
   17 T    0  1  0 -2 -2 -1 -1 -1  2 -2 -1  2 -1 -3 -2  2  3 -3 -2 -1    8   6   4   0   0   0   0   3   6   0   9  16   0   0   0  23  22   0   0   2  0.24 0.14
   18 L    0 -2 -2 -3 -2 -2 -1 -3 -3  1  2 -2  1 -1  4  0  0 -3 -2  1    5   0   0   0   0   0   3   0   0   9  30   0   3   2  22   8   8   0   0   7  0.36 0.14
   19 N    1  2  2 -1 -2 -1 -1 -1 -2 -2 -2  0 -2 -1 -1  2  1 -3 -2 -1   16  18  16   0   0   0   0   3   0   2   2   5   0   2   3  18  10   0   0   3  0.24 0.14
   20 N    1 -2  4 -1  1 -2 -2 -2 -2 -3 -2 -2 -3 -4  4  3 -1 -4 -3 -3   15   0  28   0   4   0   0   0   0   0   4   0   0   0  19  28   0   0   0   0  0.61 0.24
   21 L    0 -1 -2 -3 -2 -2 -2 -2  0  1  1  0 -1  2  3  1  0 -2  0  0   10   2   0   0   0   0   0   0   4   8  21   5   0  11  17  12   5   0   2   4  0.20 0.11
   22 S    1  0 -1 -2 -2 -1 -2 -2 -2 -2 -1  1 -2  1  1  3  1 -3  1 -1   13   4   0   0   0   0   0   0   0   1   8  12   0   8   6  36   5   0   5   2  0.25 0.16
   23 R    0  1 -1 -2  2 -1 -2 -1  1 -1  0  0 -1 -1  1  1  2 -3  0 -1    8  10   2   0   6   0   0   2   5   3  15   4   0   1   6  17  16   0   3   0  0.13 0.10
   24 N    0 -1  2 -1 -2 -1 -1 -1  0 -2  0  1 -2 -2  1  3  2 -3 -2 -1    7   2  15   0   0   2   0   2   2   0   9   8   0   1   7  27  15   0   0   2  0.25 0.15
   25 H   -1  1  0 -2 -3  1 -1 -2  4 -2 -1 -1 -2 -3  4  3  0 -4 -2 -2    3   9   2   0   0   7   0   0  12   2   6   2   0   0  22  27   6   0   0   1  0.45 0.19
   26 Q   -1  1 -1 -1 -3  3 -1 -3  1 -2  0  0 -2 -3  4  2  1 -4 -3 -1    0   7   2   2   0  20   0   0   3   0  10   3   0   0  20  19   9   0   0   4  0.39 0.18
   27 S    0 -1  0 -1 -2  1 -1 -1 -2  0 -1 -1 -2  2 -1  3  1 -3 -2 -1    4   3   5   2   0   6   0   2   0   9   3   2   0  10   3  42   5   0   0   3  0.25 0.17
   28 H   -2 -2  1 -2 -3  2 -1 -3  4 -1 -2 -1 -2  1  4  1  1 -3 -1 -1    0   0   6   0   0  14   0   0  14   3   2   2   0   7  22  13  11   0   0   3  0.42 0.18
   29 R    0  3  0 -2 -3  1 -1 -2 -2 -2  0  1 -1 -1  1  1  2 -3 -2 -1    4  20   3   0   0   7   0   0   0   0  10  11   0   3   6  13  17   0   0   4  0.22 0.13
   30 S    0 -1  1 -2 -1  2  0 -2 -2 -1 -1  2 -2 -2 -1  3  1 -4 -3 -2    3   0   5   0   1  12   2   0   0   4   4  20   0   1   2  32  10   0   0   2  0.31 0.18
   31 S    1 -1  0 -2 -2  1 -2 -2 -2 -2 -1 -1 -2 -2  3  3  1 -4 -3  0    8   3   2   0   0   6   0   1   0   0   4   2   0   2  18  34  11   0   0   8  0.38 0.18
   32 L   -1  0 -2 -1  0  1 -1 -2 -1  0  2 -1  0  2 -2  1 -1 -2 -1  0    3   6   0   2   2   9   0   1   1   4  25   3   0  12   1  19   2   0   0   7  0.11 0.11
   33 L   -1 -3 -3 -3 -2 -3 -3 -1 -3  0  4 -3  0  0  0  1  0 -3 -2  0    3   0   0   0   0   0   0   4   0   2  57   0   0   4   5  14   5   0   0   3  0.41 0.19
   34 G   -1 -1  0 -2 -3 -2 -2  4 -3 -4 -3  0 -3 -4  4  2 -1 -4 -3 -3    3   2   5   0   0   0   0  33   0   0   2   7   0   0  26  18   3   0   0   0  0.66 0.20
   35 F   -1 -3 -2 -4 -3 -2 -3 -4 -3  0  1 -3 -1  6  0 -1 -1 -1  1 -2    4   0   2   0   0   2   0   0   0   5  12   0   0  57   5   4   4   0   2   0  0.77 0.25
   36 S   -1 -1  0 -2 -3  0 -1 -2  0 -3 -3  2 -1 -1  1  4  3 -4 -2 -3    0   2   3   0   0   2   0   0   2   0   2  16   1   4   7  42  20   0   0   0  0.47 0.22
   37 R   -1  1  0 -2 -3  3 -1 -1  2 -2  0  2 -1 -1  1  1  0 -3  0 -1    0   6   5   0   0  17   0   2   6   1   9  21   0   3   6  13   3   0   3   4  0.19 0.12
   38 S    1 -2  0 -2 -2 -1 -2 -1  0 -2 -3  0 -2 -2  2  4  1 -4 -3 -2    9   0   2   0   0   0   0   3   2   2   1   7   0   2  10  55   5   0   0   0  0.55 0.23
   39 F   -1 -2  1 -2 -2 -2 -2 -2  0  0  0 -1 -1  4  2  1  1 -2  0 -1    5   0   7   0   0   0   1   1   2   6   6   2   0  30  11  14  10   0   1   2  0.28 0.14
   40 Q    0  1 -1 -2 -3  3 -1 -2  3 -3 -1  1 -2 -3  3  1  1 -3 -2 -2    5   6   0   0   0  22   0   0   9   0   7   9   0   0  16  15   8   0   0   1  0.38 0.17
   41 N   -1 -1  4  1 -3 -1 -1 -2  0 -1 -2  1 -2 -1 -1  2  1 -4 -2 -2    2   1  30   8   0   0   0   0   1   4   4   9   0   3   2  23  10   0   0   0  0.37 0.18
   42 L   -2 -1 -2 -3  0  1 -1 -4 -3  0  4  0  0  2 -1 -2 -1 -3 -2 -1    0   3   2   0   2  10   2   0   0   2  55   7   0  11   3   1   4   0   0   0  0.39 0.19
   43 G   -1  2 -1 -2 -3  1 -1  1 -2 -2 -3  3 -2 -4  3  1  1 -4 -3 -3    2  13   1   0   0   7   0  12   0   2   0  28   0   0  15  12   8   0   0   0  0.43 0.17
   44 I   -2 -2 -1 -3  0 -2 -3 -3 -3  3  2 -1  1  3  0  0 -1  0 -1  0    0   0   3   0   2   0   0   0   0  23  27   6   3  17   4   8   1   1   0   2  0.26 0.14
   45 S   -1  0  2 -1 -3  0 -1 -2  3 -2 -2  0 -2 -2  1  3  2 -4 -2 -2    2   5  13   0   0   4   0   0   9   2   2   6   0   2   7  32  13   0   0   2  0.33 0.16
   46 S    1 -2  0 -2 -2 -1 -2 -2 -1 -1 -1 -1 -2 -3 -1  4  3 -4 -3  0    7   0   4   0   0   1   0   0   1   2   6   3   0   0   3  44  21   0   0   6  0.42 0.20
   47 N    2 -1  3 -1 -2 -1 -1 -2 -2 -1 -1  0 -2 -1  0  1  1 -3 -2 -1   21   0  25   0   0   2   0   0   0   2   6   7   0   3   4  13  11   0   0   5  0.25 0.13
   48 G    0  0  1 -1 -2 -1 -1  2  1 -2  0 -1 -1 -2  2  1  2 -3 -2 -1    5   4   9   1   0   0   1  16   5   1  10   3   0   2  11   7  22   0   0   3  0.19 0.09
   49 P    1  0 -1 -2 -2  0 -1 -1 -2 -2 -1 -1 -2 -1  4  2  1 -3 -1 -1    9   5   2   1   0   6   1   2   0   1   8   2   0   2  23  23   9   0   1   4  0.34 0.12
   50 D    0  0  0  1 -2  0 -1  1  3 -1 -1  0 -1 -1  1  1  1 -3 -1 -2    5   5   2   9   0   4   1  12  13   4   5   5   2   2   8  14   8   0   0   1  0.14 0.07
   51 F    0 -1  0 -2 -2 -1 -2 -2 -1  1  2 -1  0  3 -2  1  0 -2  0  0    5   3   4   0   0   3   1   1   1  10  25   2   0  19   0  13   6   0   0   4  0.14 0.09
   52 S    0 -1  2 -1  1  0 -1  0  0 -2 -1 -1 -2 -2  2  3  1 -3 -2 -2    4   2  12   2   4   4   2   5   2   1   7   2   0   1   9  33  11   0   0   0  0.24 0.12
   53 S    0 -1  1 -2  5 -1 -2  0  0 -1 -1  0 -1 -2 -1  2  1 -3  0 -1    5   2  10   0  17   2   0   5   2   3   8   4   0   1   2  23   9   0   3   1  0.21 0.10
   54 R   -2  3  0 -2 -3  0 -1 -1  0 -1  0  0 -1  2  3  1  0 -2 -1 -2    0  28   4   0   0   2   0   3   3   3   8   1   0  14  15  12   4   0   0   0  0.28 0.12
   55 S    0  0  0 -2 -2  1 -1 -2 -2  0 -1  0 -1 -1  2  3  1 -3 -2  0    8   5   4   0   0   7   0   0   0   5   7   4   0   2   9  33   8   0   0   7  0.20 0.10
   56 R    0  3  0 -1  0  2 -1 -1  1 -2 -1  1 -1 -1 -2  2  0 -3 -1 -1    3  21   4   0   2  13   0   2   4   2   4   8   0   2   0  23   6   0   2   3  0.22 0.11
   57 S    1 -1  0 -2 -2  0 -1 -1  0 -1 -1  0 -1  2  0  2  1 -2 -1 -1   16   1   4   0   0   5   0   2   3   3   4   5   0  14   4  25   9   0   0   4  0.15 0.10
   58 T    0  0  1 -2  0 -1 -1 -1  0 -1 -2  1 -2 -1 -2  3  3 -3 -2 -1    6   3   5   0   1   0   0   3   3   5   3  12   0   2   0  30  25   0   0   1  0.28 0.14
   59 T    0  0  0 -2 -1  1 -1 -1 -2 -2 -2  0 -2 -2  3  2  3 -3 -2 -1    8   4   2   0   1   6   0   3   0   0   3   4   0   2  14  18  30   0   0   3  0.33 0.13
   60 S    0 -1 -1 -2  1 -1 -1  0 -1 -2 -2  1 -2 -1  0  5  0 -4 -3 -3    4   1   0   0   3   0   2   5   1   2   2  10   0   3   3  59   3   0   0   0  0.49 0.21
   61 K    0  1  1  0  0  0  1  0 -1 -2 -1  2 -1 -3  2  1  0 -3 -2 -2    7   7   6   3   3   1   9   6   0   0   7  21   0   0  13  11   4   0   0   1  0.20 0.06
   62 N    0  0  2 -1 -1 -1 -1  0  1 -2  0  1 -1 -1  1  2  1 -3 -2 -2    3   5  18   1   1   0   1   6   4   0  12   9   0   3   6  21   8   0   0   1  0.15 0.07
   63 L    0 -1 -1 -1  0 -1  0 -1 -2  0  1 -1 -1  2  0  2  1 -2 -1  0    2   2   2   1   3   0   9   2   0   3  14   3   0  16   4  22  12   0   0   5  0.09 0.06
   64 N    0  0  2  0 -2 -1 -1  0 -1 -1 -2 -1 -2 -1 -2  2  3 -2  0 -1    5   4  16   2   0   0   1   7   0   2   1   2   0   1   0  19  31   0   5   4  0.25 0.09
   65 V    0 -1 -1 -2  3  0 -1 -2 -2  1  1 -1  0  0  2  0  1 -2 -1  1    8   2   2   1  10   5   1   1   0   6  13   5   0   5  10   5  12   0   0  15  0.10 0.04
   66 T    0  3 -1 -2 -2 -1 -1 -2 -2 -2 -2  0 -2  0  2  2  3 -3 -2 -1    2  21   1   0   0   0   2   1   0   0   1   2   0   5  10  25  25   0   0   4  0.31 0.11
   67 R    1  4  0 -2 -2  0 -1 -1 -1  0 -1  1  0 -1 -2  0  0 -3 -1 -1   18  33   5   0   0   2   0   2   1  10   2  11   4   2   0   3   4   0   2   1  0.22 0.08
   68 A    2  1 -1 -1 -2  1  0 -1 -1 -1 -1  1 -1  1 -1  2  1 -2 -1 -1   20   6   1   1   0   9   1   1   0   2   4  10   0   9   1  25   7   0   0   1  0.15 0.06
   69 F    1 -2 -1 -2 -1 -1 -1 -1 -2  0  1 -1  0  3 -1  1  0 -1  0  0   21   1   1   1   0   1   1   1   0   3  17   2   2  21   2  16   5   0   1   4  0.13 0.06
   70 F   -1 -2  1 -2  0 -2 -2 -2 -1 -1 -1 -1 -1  5 -2  0 -1  0  3 -2    3   1   9   1   3   1   1   2   0   1   4   4   0  44   1   9   4   0  13   1  0.41 0.11
   71 W    0  0  0 -1  2  2 -1  1 -1 -1 -1  0  1  1 -2  1  0  2 -1 -1    4   3   5   1   6  17   1  13   0   6   1   2   8   8   1  16   6   3   0   1  0.10 0.05
   72 N    1 -1  3  0  4  0 -1 -1  0 -2 -2  1 -2 -3  2  1  0 -3 -2 -2   12   1  22   2  16   3   0   1   1   0   2   9   0   0   9  14   4   0   0   0  0.30 0.08
   73 W   -1  0  0 -1  1  3  1 -1  0 -2 -1  2 -1  0 -2  1  0  2 -1 -2    2   3   2   0   4  19  10   3   1   0   5  19   0   7   0  17   2   4   0   0  0.19 0.07
   74 G    2  0  0 -1  0  1 -1  1 -1 -2 -2  1 -2 -3  1  2  1 -3 -2 -1   23   3   2   0   2   5   1   8   0   0   1  10   0   0   8  24  11   0   0   1  0.24 0.06
   75 K    1 -1  1  0 -2  2  2 -1 -1 -2 -2  0 -2  0  1  3  0 -3 -1 -2    9   0   6   1   0  10  14   0   0   0   1   4   0   7   5  37   3   0   0   0  0.26 0.09
   76 K    1 -1  0 -1 -2  1  1 -1  1 -2 -2  0  1 -2  3  1  1 -3 -2 -1   16   1   5   0   0   6  10   1   4   0   1   2   7   0  17  11  13   0   0   4  0.23 0.05
   77 T    2  1  0  0 -2  3  0 -1 -1 -1 -2  0 -1 -3  0  2  1 -3 -1 -1   22   8   3   4   0  23   4   0   0   4   0   0   0   0   4  17   9   0   2   2  0.22 0.07
   78 E   -1  0  0  1 -2  2  2 -1 -1 -3 -2  1 -1 -2  1  2  1 -2  1 -2    0   3   0  10   0  10  23   1   0   0   0   5   2   0   5  23  10   0   7   0  0.27 0.07
   79 N    1  1  2  2 -2  0  0  0  1 -3 -3  0 -2 -3  0  3  0 -3 -1 -2    9  10  12  16   0   1   0   5   3   0   0   1   0   0   4  36   1   0   2   0  0.29 0.08
   80 S    1 -1 -1 -1 -2 -1 -1  0 -2 -1 -2 -1 -2 -3  5  3  0 -3 -3 -1   13   2   0   0   0   0   2   4   0   7   0   0   0   0  31  36   2   0   0   2  0.55 0.10
   81 R    0  4  0  0 -3  1  0 -2 -1 -3 -3  1 -2 -3  0  0  1 -3 -2 -2   10  46   4   6   0   4   4   0   0   0   0   6   0   0   3   3  13   0   0   0  0.40 0.09
   82 P   -1 -2 -1 -1 -3 -1  0 -2  3 -3 -3 -1 -2 -3  6  1  0 -3 -2 -3    2   0   2   0   0   0   8   1  12   0   1   0   0   0  56  11   4   0   0   1  1.07 0.12
   83 S    1  0 -1 -1 -2  1  0  2  0 -1 -2 -1 -1 -2 -1  1  2 -3 -2 -1   16   4   0   2   0   7   4  17   4   1   1   0   0   0   0  13  26   0   0   4  0.19 0.05
   84 K    0  2  0  0 -3  1  3 -2  0 -3 -3  4 -2 -3 -1  0 -1 -3 -2 -2    7  12   1   0   0   1  27   0   2   0   1  41   0   0   0   5   0   0   0   0  0.44 0.10
   85 I    1 -3 -3 -3  1 -2 -3 -3 -3  3  0 -2  0 -1  1 -2 -1 -3 -2  4   11   0   0   0   3   0   0   0   0  16   1   0   0   1   7   0   0   0   0  59  0.35 0.10
   86 Q   -1  0 -1 -1 -3  6  1 -3  0 -2  0  0 -1 -3 -2 -1  1 -3 -2 -2    0   0   0   0   0  74   0   0   2   0  10   0   0   0   0   0  11   0   0   0  0.73 0.18
   87 E   -1 -1 -1  0 -3  2  4 -2 -1 -2 -2  0 -2 -3 -2  0  2 -3 -2 -1    0   0   0   0   0  12  56   0   0   0   4   1   0   0   0   0  17   0   0   6  0.50 0.12
   88 L   -2 -3 -4 -4 -2 -3 -3 -4 -3  1  4 -3  2  3 -3 -3 -2 -1  0  0    0   0   0   0   0   0   0   0   0   0  74   0   4  18   0   0   0   0   0   0  0.56 0.12
   89 N    1 -1  1 -1  0 -1 -1 -1  3 -2 -2 -1 -1  0 -2  2  2 -2  1 -1   10   2   7   0   2   0   0   0  15   0   0   0   0   6   0  23  26   0   6   0  0.23 0.07
   90 V   -1  1 -3 -3 -2 -2 -3 -3 -3  2  0 -2  0 -2 -3 -2 -1 -3 -2  5    0  11   0   0   0   0   0   0   0   0   0   0   0   0   0   0   0   0   0  84  0.55 0.15
   91 Y   -2 -2 -2 -3 -2 -2 -2 -3  0  1 -1 -2 -1  3 -3 -2 -2  1  7 -1    1   1   1   1   0   1   1   1   0  11   1   1   0  11   1   1   1   0  65   1  0.81 0.14
   92 E   -1  0 -1  0 -4  1  5 -2 -1 -3 -3  2 -2 -3  2 -1 -1 -3 -2 -3    1   0   0   1   0   0  64   1   0   0   1  19   0   0   9   1   1   0   0   1  0.73 0.17
   93 L   -2 -3 -3 -3 -2 -2 -3 -3  2  4  1 -3  1  2 -3 -2 -1 -2  0  2    1   0   0   1   0   0   1   1   8  48   9   1   4  14   0   1   1   0   0   9  0.34 0.11
   94 N    0 -1  6  2 -3 -1 -1 -1 -1 -3 -1 -1 -2 -3 -2  0 -1 -3 -2 -2    8   0  66   9   0   0   1   1   0   0  10   1   0   0   0   1   1   0   0   1  0.67 0.17
   95 E   -2 -1 -1  2 -4  0  5 -3 -1 -3 -1  0 -2 -3  2 -1 -2 -4 -3 -3    0   0   0  11   0   0  70   0   0   0   9   0   0   0   9   0   0   0   0   0  0.78 0.19
   96 G   -1  3  1 -1 -2  0  0 -1 -1 -1  1  0 -1 -1 -2  0  1 -3 -2  0    0  25   8   0   0   0   9   5   1   0  17   4   0   3   0   2  17   0   0   9  0.13 0.07
   97 D    0 -2  0  6 -4 -1  2 -2 -2 -4 -4 -1 -3 -4 -2 -1  1 -5 -4 -3    9   0   0  72   0   0   9   1   0   0   0   0   0   0   0   0   9   0   0   0  0.95 0.21
   98 R   -2  6 -1 -2 -4  1 -1 -3 -1 -3 -3  1 -2 -3  2 -2 -2  5 -2 -3    1  67   0   0   0   8   0   1   0   0   1   0   0   0   9   1   0  10   0   0  0.86 0.19
   99 N    1 -2  1  0 -2 -1  0  3  2 -2 -2 -1 -2 -2 -2  0 -1 -2  1  0   15   0   6   4   0   1   6  36   8   0   1   0   0   0   0   3   0   0   8  10  0.27 0.08
  100 S    1 -1  0 -1 -2 -1  1 -1 -2 -3 -3 -1 -2 -3 -1  4  2 -3 -2 -2    8   0   0   0   0   0   9   1   0   0   1   0   0   0   0  67  10   0   0   0  0.55 0.17
  101 P    0 -3 -3 -2 -3 -2 -2 -3 -3 -3 -3 -2 -3 -4  7 -1  0 -4 -3 -3    7   0   0   0   0   0   0   0   0   0   1   0   0   0  80   0   8   0   0   0  1.78 0.24
  102 A    4 -1 -2  0 -2 -1 -1 -1 -2 -1 -2  1 -1 -3  1  0  0 -3 -2  1   54   0   0   7   0   0   0   0   0   0   0  14   0   0   6   0   7   0   0  12  0.32 0.14
  103 V   -2 -2 -2  0 -2 -2 -2  0 -1  1  0 -2 -1  2 -3 -2 -2  0  5  2    1   0   0   7   0   0   0  10   0  11   5   0   0  10   0   0   0   0  35  19  0.32 0.11
  104 L   -2 -3 -3 -4 -2 -3 -3 -4 -3  2  4 -3  1  0 -3 -2 -1 -2 -2  2    1   0   0   0   0   0   0   0   0  10  69   0   0   0   0   2   0   0   0  14  0.51 0.14
  105 K   -1  3 -1  1 -3  0  0 -2 -1 -3 -3  3 -2 -3  2  1 -1 -3 -2 -3    1  26   0   7   0   0   4   0   0   0   1  30   0   0  13  16   0   0   0   0  0.44 0.11
  106 L   -1 -2 -2 -3 -2 -2 -2 -1 -2  1  3 -2  1  2 -2 -2  0 -1 -1  0    2   1   1   1   0   1   1   6   0  10  55   1   0  11   1   1   4   0   1   1  0.26 0.08
  107 G    0 -1  1  0 -2 -1 -1  3  2 -2 -2 -1 -2 -2 -1  3  0 -2 -1 -2    2   1   8   5   0   1   1  26   8   1   5   1   0   1   1  35   1   0   1   1  0.27 0.08
  108 K    1  1  0 -1 -2  3  0  1 -1 -2 -2  1 -1 -2 -1  1  0 -2 -1 -1   14   5   3   1   1  21   2  12   1   1   2  13   1   1   1  14   2   0   2   2  0.18 0.05
  109 K    0  1  0 -1 -2  1  1  1 -1 -2 -1  3 -1  1 -1  0 -1 -1 -1 -1    5   2   4   2   1   4   7  10   1   2   3  39   1   8   2   3   2   0   1   2  0.17 0.06
  110 P   -1 -1  2  2 -2  1  1 -1 -1 -2 -2  0 -2 -3  4  1  0 -3 -2 -2    2   1  10  13   0   7   6   1   0   1   2   5   0   1  26  17   4   0   1   1  0.44 0.09
  111 T    1  0 -1 -1 -1  0 -1 -2 -1  1  1 -1  0  0 -1  0  0 -2 -1  2   12   5   1   4   0   4   1   1   2   1  19   3   1   3   3   7   5   0   1  26  0.06 0.05
  112 E    0  0  3  0 -2  1  1  2 -1 -2 -2 -1  0 -2 -1  1  0 -2 -2 -2    6   3  27   1   0   6  10  19   0   1   2   1   3   1   1  12   3   0   1   3  0.25 0.08
  113 L    0  1  1  2 -2  0  0 -1  1  0  0  0 -1  1 -1  0 -1 -1 -1 -1    7  14  11  19   1   1   2   3   5   7   9   2   1   7   2   2   2   0   1   2  0.08 0.03
  114 C    1 -1  1 -1  2 -1 -1  1 -1 -1 -1 -1 -1 -2 -1  3  1 -2 -2  0   12   1   5   1   5   1   2   9   1   1   2   1   1   1   1  33   8   0   1  12  0.17 0.07
  115 L   -1 -2 -3 -3 -2  0 -1 -3 -2  2  3 -2  1 -1 -2 -2 -1 -2 -2  1    4   1   0   1   0   6   4   1   0  16  51   1   0   0   1   1   1   0   0  12  0.31 0.11
  116 G   -1 -3  0  0 -3 -2 -2  6 -2 -4 -4 -2 -3 -3 -3 -1 -2 -3 -3 -3    1   1   3   6   0   0   1  82   0   1   1   1   0   0   1   1   1   0   0   1  1.13 0.21
  117 D   -2 -2  0  6 -4 -1  0 -2 -2 -3 -4 -2 -3 -2 -2 -1 -2 -3  2 -3    1   1   0  79   0   0   1   1   0   1   1   1   0   0   1   1   1   0  11   1  1.13 0.25
  118 L   -1 -1 -1 -2 -1  1 -1 -2 -2  1  2 -1  2 -1 -2  1  1 -2 -1  1    1   1   1   1   0  13   1   1   0   6  39   1   7   0   1  14   8   0   0   6  0.15 0.06
  119 V    0 -2 -3 -3 -1 -2 -2 -3 -2  2  2 -2  1  0 -2 -2 -1 -1  2  3    6   1   1   1   0   1   1   1   0   6  31   1   0   0   1   1   1   0   9  39  0.24 0.07
  120 P    0 -1 -1 -1 -1 -1 -1  1 -2 -1  0 -1 -1 -2  4  1  1 -2 -2  0    9   1   1   1   0   1   1  15   0   1   8   1   0   1  21   9  15   0   1  12  0.26 0.04
  121 F   -2 -2 -2 -3 -2 -2 -2 -2 -1  0  0 -2  0  6 -2 -2 -2  0  4  1    2   1   1   1   0   1   1   2   0   1   2   1   0  56   1   1   1   0  14  12  0.55 0.11
  122 T    0  2  1  1  3  0 -1  0 -1 -2 -2  0 -1 -2 -1  1  1 -2 -2 -1    5  17   8   8  11   1   1   5   0   1   2   1   0   1   1  17  16   0   1   4  0.16 0.05
  123 N   -1 -1  5  1 -2  1  0 -1  0 -2 -2  0 -2 -3 -1  1  1 -3 -2 -2    1   1  49   7   0   8   1   1   0   1   2   1   0   1   1  11  12   0   1   1  0.44 0.10
  124 K   -1  0 -1  1 -2  2  0 -2 -1 -2  0  3 -1 -2  4 -1 -1 -2 -2 -2    1   1   1   8   0  12   1   1   0   1  11  30   0   1  27   1   1   0   1   1  0.42 0.08
  125 L   -1 -2 -2 -2 -1 -2 -2 -2 -2  2  2 -2  1  0 -2 -1  0 -2 -1  2    2   1   1   1   0   1   2   2   1  26  27   1   1   1   1   2   1   0   1  27  0.16 0.01
  126 Y   -3 -3 -3 -4 -3 -3 -3 -4  0 -2  0 -3 -2  4 -4 -3 -3  1  8 -2    0   0   0   0   0   0   0   0   0   0   6   0   0  13   0   0   0   0  81   0  1.43 0.27
  127 T   -1 -2  2  4 -3 -1  0 -2 -1 -2 -1 -1 -2  0 -2  2  2 -3 -2 -2    0   0  12  35   0   0   0   0   1   0   6   0   0   6   0  26  16   0   0   0  0.41 0.14
  128 G    1 -2 -1 -1 -3 -1  2  5 -2 -4 -4 -2 -3 -4 -2  0 -1 -3 -3 -3    9   0   0   0   0   0  18  63   0   0   0   0   0   0   0   7   3   0   0   0  0.79 0.17
  129 D    1 -2  0  4  1  0  1 -2 -2 -3 -3 -1 -2 -3 -2  2 -1  3 -2 -2   20   0   3  38   5   5   6   0   0   0   0   0   0   0   0  17   0   5   0   0  0.45 0.14
  130 L   -1 -2  0 -1  2  0 -2 -2 -2  0  3 -2  1 -1 -2  0 -1 -2 -1  0    1   1   7   4   6   5   1   1   0   1  56   1   0   1   1   8   1   0   1   1  0.21 0.09
  131 K   -1  0  0  1 -3  3  2  1  2 -3 -1  2 -1 -3 -2 -1  0 -3 -2 -2    0   3   0  11   0  21  12  15   6   0   6  17   0   0   0   0   8   0   0   0  0.25 0.08
  132 K    0  2  1 -1 -3  0  0 -2  1 -2 -2  4  0 -3 -2  0  1 -3 -2 -1    4   8   9   0   0   1   5   0   3   0   1  43   3   0   0   6  11   0   0   6  0.30 0.11
  133 R   -2  6 -1 -2 -4  1 -1 -3 -1 -3 -2  3 -2 -3 -3 -1 -2 -3 -2 -3    0  68   0   0   0   3   0   0   0   0   5  19   0   0   0   0   0   0   0   0  0.89 0.20
  134 V    0 -3 -3 -3 -2 -3 -3 -3 -3  4  2 -3  1 -1 -3 -2 -1 -3 -2  3   10   0   0   0   0   0   0   0   0  38  27   0   0   1   0   0   0   0   0  20  0.37 0.11
  135 G   -1 -3 -1 -2 -3 -3 -3  6 -3 -4 -4 -2 -3 -4 -3 -1 -2 -3 -4 -4    0   0   0   0   0   0   0  95   0   0   1   0   0   0   0   0   0   0   0   0  1.46 0.24
  136 I   -2 -2  1  1 -2  0  0 -3  0  3  0 -2  1 -1 -2 -1  0 -2  0  1    0   0   9  10   0   6   6   0   3  43   1   0   6   0   0   0   4   0   4   7  0.17 0.10
  137 T   -1 -2  2  1 -2 -1 -1  0 -2 -1 -2 -1 -1 -3 -2  1  4 -3 -2  1    0   0  10  10   0   0   0   6   0   0   1   0   0   0   0   4  54   0   0  13  0.41 0.15
  138 A    3 -1  0 -2 -2  2 -1  0  1 -2 -2 -1 -1 -3 -2  1  1 -3 -2  0   42   0   3   0   0  14   0   6   6   0   1   0   0   0   0  13   6   0   0   7  0.26 0.11
  139 G    0 -3 -1 -2 -3 -2 -3  6 -3 -4 -4 -2 -3 -4 -3  0 -2 -3 -3 -3    6   0   0   0   0   0   0  82   0   0   1   0   0   0   0   7   0   0   0   0  1.15 0.20
  140 L    0 -2 -1 -2 -2 -2 -2 -2  1  2  2 -2  2  1 -2  1 -1 -2  1  0    7   0   3   0   0   0   0   0   4  29  19   0   8   6   0  14   0   0   7   0  0.14 0.08
  141 C   -1 -4 -4 -4 10 -4 -4 -3 -4 -2 -2 -4 -3 -3 -4 -2 -2 -3 -3 -2    3   0   0   0  90   0   0   0   0   0   1   0   0   0   0   1   1   0   0   0  2.17 0.34
  142 V   -1 -3 -3 -3 -2 -2 -3 -3 -2  3  1 -2  1  1 -3 -2  0 -2  1  3    1   1   0   1   0   0   1   1   0  30   5   1   3   7   1   1   3   0   6  38  0.33 0.10
  143 L   -1  2 -2 -2 -2  1 -1 -3  1  0  2 -1  0 -1 -2 -1  0 -2 -1  1    1  18   0   1   0  12   1   1   5   1  40   1   0   0   1   1   6   0   0  12  0.19 0.09
  144 I   -1 -2  0 -2 -1 -2 -2 -2 -2  4  1 -2  1  1 -2 -1  0 -2 -1  2    2   1   8   1   0   1   1   2   0  47   5   1   5   7   1   1   7   0   1   8  0.21 0.08
  145 Q   -1  1  0  1 -2  4  1 -1 -1 -2 -2  2 -1 -2 -1  1 -1 -2 -2 -1    2   8   1   7   0  34   6   2   1   1   2  14   1   1   1  10   1   0   1   7  0.28 0.08
  146 H   -1 -1  2 -1 -2  0  0  0  6 -1 -1 -1 -1 -2 -2 -1 -1 -2  0  0    4   1  16   1   0   4   6   7  35   1   8   1   1   1   1   2   1   0   1   8  0.31 0.09
  147 V    0  0  0 -1 -1  0  0 -1 -1  0  0  1  0  1 -1  0  0 -1  1  1    3   2   3   2   1   2   8   3   1   2   9  11   2   6   2  10   7   1   6  19  0.02 0.02
  148 P    0 -1 -1  1 -2 -1  0  0 -1 -1 -1 -1 -1 -2  5  0 -1 -2 -1 -1    9   3   2   9   1   2   5  10   1   2   4   2   1   2  34   4   2   1   1   7  0.43 0.05
  149 E    0 -1  0  2 -2  0  3  1 -1 -2 -2  0 -1 -2 -1  0  1 -2 -2 -2    7   2   1  12   1   2  31  16   1   2   3   2   1   1   2   2  13   0   1   2  0.23 0.06
  150 K    0  2  0  1 -2  0  0 -1 -1 -1 -2  3 -1 -2 -1  0 -1 -2 -2  0    7  16   2   8   1   2   2   2   1   1   2  34   2   1   1   6   2   0   1   9  0.20 0.06
  151 S    0  0  2 -1 -2  0 -1  3 -1 -1 -2  3 -1 -2 -1  0 -1 -2 -2  1    5   1  12   1   0   1   1  25   0   1   2  29   0   1   1   2   1   0   1  16  0.21 0.08
  152 G    1 -2 -1 -2 -2 -1 -2  5 -2 -1 -2 -2 -2 -2 -2 -1 -1  4 -2 -2   12   1   1   1   0   3   1  58   0   6   2   1   0   1   1   1   1   7   1   1  0.60 0.12
  153 D   -1 -1  0  5 -2 -1  1 -2  1 -2 -2  0  1  0 -2  0  1 -2 -1 -2    5   1   1  47   0   1   4   1   6   1   2   4   7   5   1   1  12   0   1   1  0.38 0.11
  154 R    0  4 -1 -1  0  0  0 -2  1 -1 -1  0 -1 -2 -2  0  1 -2 -2 -1    7  39   1   1   3   1   6   1   5   6   8   1   1   0   1   9   9   0   0   1  0.23 0.09
  155 F    0 -2  0 -2 -2 -2 -2 -2  0 -2 -1 -2  0  3 -2 -1 -2  4  6 -1   11   1   7   1   0   1   1   1   0   1   2   1   4  13   1   1   1   6  45   1  0.56 0.13
  156 E   -1 -1 -1  0 -3  2  5 -2 -1 -3 -3  0 -2 -2 -2  0 -1 -2  1 -3    1   1   1   1   0  11  66   1   0   1   1   1   0   0   1   7   1   0   7   1  0.70 0.17
  157 A    3 -2 -2 -2  7  0 -2 -1 -2 -2 -2 -2 -2 -3 -2  0  0 -2 -2 -1   38   1   1   1  38   7   1   1   0   1   1   1   0   1   1   1   6   0   0   1  0.62 0.13
  158 S   -1 -2  0 -2  2  0 -1 -2  0  2  0 -1  0  0 -2  0  1 -2 -1  2    1   1   4   1   7   8   1   1   3  30   2   1   1   3   1   6  15   0   0  14  0.11 0.06
  159 Y   -2 -2  0 -2 -2 -2 -2 -3  0 -1  1 -2  1  2 -3 -2  0  7  5 -1    1   1   7   1   0   1   1   1   0   1  14   1   5   4   1   1   6  18  36   1  0.59 0.12
  160 S    0 -1  0 -1 -1 -1 -1 -1 -2 -1 -2 -1 -1 -2 -1  3  4 -3 -2  0    1   1   1   1   0   1   1   1   0   1   1   1   0   1   1  41  41   0   0   8  0.43 0.12
  161 F    0 -2 -2 -3 -2 -2 -2 -2 -2  0  2 -2  0  4 -2 -1  1  3  1 -1    9   1   1   1   0   1   1   1   0   1  23   1   1  35   1   1  13   5   3   1  0.29 0.08
  162 Y   -2  0 -2 -2 -2 -1  0 -3  2 -1 -1 -1 -1  2 -2 -1  1  0  6 -1    1   7   1   1   0   1   7   1   4   1   4   1   0   6   1   1  16   0  45   4  0.43 0.11
  163 F   -2 -2 -3 -3 -2 -2 -3 -3 -2  2  2 -3  2  5 -3 -2 -2 -1  1  0    1   1   1   1   0   1   1   1   0  14  24   1   7  44   1   1   1   0   0   1  0.45 0.10
  164 G    0 -2  0  0 -2 -1 -1  5 -2 -2 -1 -1 -2 -2 -2  0  0 -2 -2 -2    5   1   4   6   0   1   1  55   0   1   9   1   1   1   1   2   8   0   1   1  0.45 0.08
  165 D   -2 -2  1  5 -3 -1  2  0 -1 -1 -3 -1 -2 -3  1 -1 -1 -3 -3 -2    1   1   7  50   0   1  12   7   0   7   1   1   0   1   7   1   1   0   0   1  0.52 0.10
  166 Y   -1 -1 -1 -2 -2  1 -1  0  2 -1 -1  0  1  2 -2 -1 -1  0  5 -1    2   1   1   2   1   7   2   9   6   1   3   5   8   7   1   2   2   0  38   2  0.30 0.07
  167 G   -1 -3 -1 -2 -3 -2 -2  6 -2 -4 -4 -2 -3 -3 -2 -1 -2 -3 -3 -3    1   1   0   1   0   0   1  90   0   1   1   1   0   0   1   1   1   0   0   1  1.23 0.18
  168 H    0 -1  0 -1 -2  3  0 -2  7 -3 -3 -1 -2 -2 -2  2  0 -3  0 -2    6   1   0   1   0  17   1   1  43   1   1   1   0   0   1  19   7   0   0   1  0.57 0.14
  169 L   -2 -3 -3 -3 -2 -3 -3 -3 -3  5  2 -3  1 -1 -3 -2 -1 -2 -2  2    1   1   0   1   0   0   1   1   0  63  25   1   0   0   1   1   1   0   0   3  0.51 0.13
  170 S    1 -1  0 -1 -1  1 -1 -1 -1 -2 -2 -1 -1 -2 -1  3  3 -3 -1 -1   11   1   0   1   0   7   1   1   0   1   1   1   0   0   1  41  29   0   1   3  0.36 0.11
  171 V    1 -2 -2 -3 -1 -2 -2  0 -2  1  0 -2  0  1 -2 -1  1  3 -1  3   17   1   0   1   0   0   1   6   0   1   2   1   0   7   1   1   7   6   0  48  0.22 0.09
  172 Q    0  0  0  0 -3  5  1 -2 -1 -2  0  0  2 -2 -2 -1 -1 -2 -2 -2   10   1   3   4   0  55   4   1   0   1   7   1  10   0   1   1   1   0   0   1  0.46 0.14
  173 G    0 -3 -1 -2 -3 -2 -2  6 -2 -4 -4 -2 -3 -3 -2  0 -2 -3 -3 -3    1   1   0   1   0   0   1  84   0   1   1   1   0   0   1   7   1   0   0   1  1.10 0.16
  174 Q    1  0 -2 -2 -2  1 -1 -2 -2 -2 -1 -1 -1 -3  6  0 -1 -3 -2  0   14   7   0   1   0   7   1   1   0   1   7   1   0   0  43   8   1   0   0   8  0.66 0.10
  175 Y   -2 -2 -2 -3 -3 -2  0 -3  0 -1 -1 -2 -1  4 -3 -2 -2  4  6 -1    1   1   0   1   0   0   8   1   0   1   1   1   0  27   1   1   1   6  47   4  0.77 0.15
  176 L   -1 -2 -2 -3 -2 -2 -2 -3 -1  1  2 -2  1  3  0 -1  0 -1  2  1    1   1   0   1   0   0   1   1   0   8  35   1   1  17   6   3   7   0  11   7  0.22 0.06
  177 T   -1 -2  2  4 -2 -1  0 -2 -2 -2 -2 -1 -2 -3 -2  0  4 -3 -2 -2    1   1  12  33   0   0   1   1   0   1   1   1   0   0   1   1  46   0   0   1  0.53 0.13
  178 Y   -1 -1 -2 -2 -2 -1 -2  1  0 -1 -1  1 -1  2 -2 -1  0  0  5  0    1   2   0   1   0   0   1  13   1   1   1  13   0   8   1   1   6   0  41  10  0.36 0.11
  179 E    0  0 -1  0 -3  3  4  0 -1 -2 -1  0 -1 -3 -2  0 -1 -3 -2 -2   10   3   0   3   0  22  40   8   0   1   8   1   0   0   1   2   1   0   0   1  0.36 0.10
  180 D   -2 -2  0  6 -3 -1  1 -2 -2 -3 -3 -1 -3 -3 -2  0  0 -4 -3 -3    1   1   0  71   0   0   7   1   0   1   1   1   0   0   1   7   7   0   0   1  0.86 0.15
  181 T    1 -1  1 -1 -2  1 -1 -1 -2 -2 -3 -1 -2 -3  1  4  3 -3 -2 -2    6   0   5   0   0   7   0   0   0   0   0   0   0   0   6  45  30   0   0   0  0.47 0.14
  182 F   -1 -2 -2  0 -2 -2 -1 -3  0  0  1 -2 -1  2 -3  0  0  0  5  0    0   0   0   7   1   0   1   0   1   3  13   0   0   8   0  12   8   0  40   7  0.35 0.11
  183 L   -2 -3 -1 -3 -2 -2 -3 -4 -3  1  4 -3  3  1 -3 -1 -1 -2 -1  0    0   0   5   0   0   0   0   0   0   7  64   0  11   6   0   7   0   0   0   0  0.43 0.13
  184 A    5 -2 -2 -3 -1 -2 -2  0 -3 -2 -2 -2 -2 -3  1  0  0 -3 -3 -1   85   0   0   0   0   0   0   5   0   0   0   0   0   0   5   0   3   0   0   2  0.70 0.19
  185 V   -1 -4 -4 -4 -2 -3 -4 -4 -4  4  0 -3  0 -1 -3 -3 -1 -4 -2  4    0   0   0   0   0   0   0   0   0  45   0   0   0   0   0   0   0   0   0  55  0.71 0.17
  186 T   -1 -2 -1 -2 -2 -2 -2 -3 -3 -1 -2 -2 -1 -3 -2  0  6 -4 -3  1    0   0   0   0   0   0   0   0   0   0   0   0   0   0   0   1  86   0   0  12  0.89 0.23
  187 G   -1 -3 -1 -2 -4 -3 -3  7 -3 -5 -5 -3 -4 -4 -3 -1 -3 -4 -4 -4    0   0   0   0   0   0   0 100   0   0   0   0   0   0   0   0   0   0   0   0  1.57 0.24
  188 G   -1 -3 -1 -2 -3 -3 -3  6 -3 -5 -5 -2 -4 -4 -3 -1 -3 -3 -4 -4    0   0   0   0   0   0   0 100   0   0   0   0   0   0   0   0   0   0   0   0  1.52 0.16
  189 S    1 -2 -1 -1 -2 -1 -1 -1 -2 -2 -2 -1 -2 -3 -2  4  4 -3 -2 -1   10   0   0   0   0   0   0   0   0   0   0   0   0   0   0  45  46   0   0   0  0.59 0.12
  190 G   -1 -3 -1 -2 -3 -3 -3  6 -3 -5 -5 -2 -4 -4 -3 -1 -3 -3 -4 -4    0   0   0   0   0   0   0 100   0   0   0   0   0   0   0   0   0   0   0   0  1.52 0.16
  191 I    0  0 -3 -3 -2 -2 -1 -3 -3  4  1  0  0  0 -3 -2 -1 -3 -2  2    7   5   0   0   0   0   5   0   0  51   7  11   0   4   0   0   0   0   0  11  0.24 0.07
  192 F   -3 -3 -4 -4 -3 -3 -4 -4 -1 -1 -1 -4 -1  7 -4 -3 -3  4  5 -2    0   0   0   0   0   0   0   0   0   0   0   0   0  67   0   0   0   6  27   0  1.20 0.15
  193 E    1  2  0  1 -3  1  4 -2 -1 -3 -3  1 -2 -3 -2  0 -1 -3 -2 -2   17  17   3   5   0   3  42   0   0   0   0   8   0   0   0   6   0   0   0   0  0.43 0.08
  194 G    0 -1  0  0 -3 -1  0  5 -2 -4 -4  0 -3 -4 -3 -1  0 -3 -3 -3    3   1   3   3   0   0   8  71   0   0   0   4   0   0   0   0   6   0   0   0  0.81 0.10
  195 A    3 -3 -3 -3  2 -2 -2 -2 -3  1 -1 -2 -1 -2 -2  0 -1 -3 -2  3   51   0   0   0   5   0   0   0   0   5   0   0   0   0   0   0   0   0   0  39  0.40 0.10
  196 Y   -2  3 -1 -2 -3  1  0 -3  4 -3 -2  0 -2  0 -3  1 -1  0  5 -3    0  24   0   0   0   8   3   0  14   0   0   2   0   0   0  12   0   0  36   0  0.51 0.10
  197 G   -1 -3 -1 -2 -3 -3 -3  6 -3 -5 -5 -2 -4 -4 -3 -1 -3 -3 -4 -4    0   0   0   0   0   0   0 100   0   0   0   0   0   0   0   0   0   0   0   0  1.52 0.16
  198 Q   -1  0 -1 -1  1  5  1 -3  1 -2 -2  0 -1 -3 -2 -1  0  2 -2  1    0   0   0   0   5  60   7   0   2   0   0   1   0   0   0   1   5   4   0  14  0.55 0.13
  199 V    0 -3 -3 -4 -2 -3 -3 -4 -4  2  0 -3  4 -1 -3 -2 -1 -3 -2  5    5   0   0   0   0   0   0   0   0   4   0   0  17   0   0   0   0   0   0  73  0.59 0.13
  200 K   -2  3 -1 -1 -4  2  1 -2  2 -3 -2  5 -1 -3 -2 -1 -1 -3 -2 -3    0  14   0   0   0   6  10   0   9   0   2  58   2   0   0   0   0   0   0   0  0.58 0.10
  201 L   -2 -3 -3 -4 -2 -3 -3 -4 -3  1  4 -3  1  0 -3 -1 -1 -3 -2  2    0   0   0   0   0   0   0   0   0   4  75   0   0   0   0   5   2   0   0  14  0.53 0.10
  202 R   -2  1  1 -1 -4  3  1 -2  6 -4 -3  2 -2 -3 -2  0 -2  2  0 -3    0   5   7   0   0  22   3   0  39   0   0  14   0   0   0   6   0   4   0   0  0.61 0.11
  203 Q    1 -1  0  0 -3  5  0 -2 -1 -1 -2  0 -1 -3  1  0  0 -3 -2 -1   17   0   4   5   0  53   0   0   0   4   0   0   0   0   8   0   5   0   0   4  0.45 0.11
  204 L   -2  1 -3 -3 -2 -2 -1 -4 -3  4  2 -2  1 -1 -3 -2 -1 -3 -2  1    0  14   0   0   0   0   7   0   0  51  25   0   0   0   0   0   0   0   0   4  0.34 0.09
  205 V    0 -2 -2 -2 -1 -2  0  0 -3  2  1 -2  0 -1 -2 -1  1 -3 -2  3    7   0   0   0   0   0   7   7   0  15   7   0   0   0   0   0  10   0   0  47  0.20 0.05
  206 Y   -2 -2  0 -2 -2 -2  0 -3 -1 -1 -1 -2 -1  5 -3 -1  0  0  4 -1    1   1   8   1   0   0   7   1   0   1   1   1   0  50   1   1   7   0  19   1  0.49 0.07
  207 P    1 -3 -3 -2 -3 -2 -2 -3 -3 -3 -3 -2 -3 -4  8 -1 -2 -4 -4 -3   13   0   0   0   0   0   0   0   0   0   0   0   0   0  87   0   0   0   0   0  1.96 0.15
  208 T   -2 -2 -2 -3 -2 -2 -2 -3 -1  1  0 -2  0  5 -3 -1  1  0  3  0    1   0   0   0   0   0   1   1   0  10   4   1   0  50   0   1  18   0   8   3  0.41 0.06
  209 K   -1  2  0 -1 -3  1  0  1 -1 -3 -3  5 -2 -4 -2  1 -1 -3 -2 -3    0   8   3   0   0   0   0   9   0   0   0  71   0   0   0   9   0   0   0   0  0.55 0.09
  210 L   -2 -3 -3 -3 -2 -2 -3 -3 -3  2  3 -3  1  1 -3 -1 -1  4 -1  1    0   0   0   0   0   0   0   0   0  23  54   0   0   6   0   9   0   8   0   0  0.38 0.06
  211 F   -2  1 -2 -2 -3  1  0 -3 -1 -1  0 -1  1  5 -3 -2 -2  0  2 -1    0  10   0   0   0  12  10   0   0   0   5   0   6  54   0   0   0   0   2   0  0.39 0.07
  212 Y   -3 -3 -3 -4 -3 -2 -3 -4  1 -2 -2 -3 -2  4 -4 -2 -2  1  8 -2    0   0   0   0   0   0   0   0   0   0   0   0   0  12   0   0   0   0  88   0  1.29 0.14
  213 T   -1 -1  0  3 -2  1  0 -2 -2 -2 -2 -1 -2 -3 -2  1  5 -3 -2 -1    0   0   0  21   0  10   0   0   0   0   0   0   0   0   0   0  68   0   0   0  0.54 0.09
  214 F   -3 -4 -4 -4 -3 -4 -4 -4 -2 -1  0 -4 -1  7 -4 -3 -3  0  2 -2    0   0   0   0   0   0   0   0   0   0   0   0   0 100   0   0   0   0   0   0  1.26 0.13
  215 Y   -2  0 -1 -2 -3 -1 -1 -3  3 -2 -2  2 -2  2 -3 -1  0  1  6 -2    0   0   0   0   0   0   1   0   8   0   0  25   0   1   0   0   7   0  57   0  0.57 0.07
  216 L   -2 -3 -4 -4 -2 -3 -3 -4 -3  1  4 -3  2  0 -3 -3 -1 -2 -1  1    0   0   0   0   0   0   0   0   0   0  93   0   0   0   0   0   0   0   0   7  0.59 0.07
  217 K   -1  3  0 -1 -3  2  1 -2 -1 -3 -3  4 -1 -3 -2  0  0 -3 -2 -2    0  13   0   0   0   7   4   0   0   0   0  65   1   0   0   5   5   0   0   0  0.51 0.05
  218 G    0 -3 -1 -1 -3 -2 -2  6 -2 -4 -4 -2 -3 -4 -3 -1 -2 -3 -4 -4    0   0   0   3   0   0   0  97   0   0   0   0   0   0   0   0   0   0   0   0  1.21 0.07
  219 L   -2 -3 -4 -4 -2 -3 -3 -4 -4  5  2 -3  1  0 -3 -3 -1 -3 -2  3    0   0   0   0   0   0   0   0   0  75  13   0   0   0   0   0   0   0   0  13  0.51 0.06
  220 A    1 -1 -1 -1 -2 -1 -1 -1 -1 -2 -2  0 -1 -2  6  0 -1 -2 -2 -1   18   2   1   2   1   1   2   2   1   2   3   6   1   1  49   2   2   0   1   4  0.75 0.03
  221 N    0  1  2  0 -1  1  1  0  0 -2 -1  2 -1 -2  0  1  0 -1 -1 -1    8   2  12   2   1   4   6   8   1   2   4  28   1   2   2   9   3   1   1   3  0.13 0.01
  222 D   -2 -1  1  6 -3  0  2 -2 -1 -3 -3  0 -3 -3 -1  0 -1 -3 -3 -3    1   1   1  71   0   0  14   1   0   1   1   6   0   0   1   1   1   0   0   1  0.75 0.05
  223 L   -2 -3 -4 -4 -2 -3 -3 -4 -3  1  5 -3  2  0 -3 -3 -2 -2 -1  0    0   0   0   0   0   0   0   0   0   0 100   0   0   0   0   0   0   0   0   0  0.65 0.07
  224 P   -1 -3 -3 -2 -3 -2 -2 -3 -3 -3 -4 -2 -3 -4  8 -1 -2 -4 -4 -3    0   0   0   0   0   0   0   0   0   0   0   0   0   0 100   0   0   0   0   0  2.28 0.10
  225 L    0  2 -1  0 -2  1  2 -1  1 -1  0  0 -1 -2 -1  0 -1 -3 -2  0   11  17   1   3   0   5  24   5   4   0  14   1   0   0   2   5   0   0   0   8  0.12 0.02
  226 E   -1 -1 -1  2 -3  1  5 -2 -1 -1 -2  0 -2 -1 -2 -1 -1 -3 -2 -1    2   0   0  11   0   2  68   0   0   7   0   0   0   5   0   0   0   0   0   4  0.51 0.05
  227 L   -2 -3 -4 -4 -2 -3 -3 -4 -3  1  4 -3  2  1 -3 -3 -2 -2 -1  0    0   0   0   0   0   0   0   0   0   2  95   0   0   3   0   0   0   0   0   0  0.61 0.06
  228 T   -1 -2 -2 -3  2 -2 -2 -3 -3  1  3 -2  1 -1 -2 -1  3 -2 -2  1    0   0   0   0   6   0   0   0   0   4  48   0   1   0   0   0  36   0   0   5  0.28 0.04
  229 G    1 -1 -1 -1  4 -1 -2  4 -2 -1 -2  0 -2 -3 -2  0 -1 -3 -3  0    8   1   0   1  13   0   0  42   0   0   0  12   0   0   0   8   0   0   0  14  0.35 0.05
  230 T   -1  0  0  1 -3  1  2 -2 -1 -2 -2  3 -2 -3  0  0  3 -3 -2 -1    2   0   3   6   0   3  12   0   0   0   0  36   0   0   4   3  29   0   0   2  0.32 0.06
  231 A    0 -2 -2 -2  0 -2 -2 -3  3 -2  0 -2 -2 -3  6 -1 -1 -4 -2 -1    8   0   0   0   3   0   0   0  11   0  11   0   0   0  62   0   2   0   0   3  1.12 0.09
  232 V    0 -3 -3 -4 -1 -3 -3 -3 -4  2  0 -3  0 -1 -3 -2  0 -3 -2  5    5   0   0   0   0   0   0   0   0   8   0   0   0   0   0   0   4   0   0  83  0.54 0.10
  233 T    0 -1 -1  0 -3  0  3 -2 -1 -2 -2  0 -2 -3  5  0  0 -3 -2 -1    6   0   0   2   0   0  33   0   1   0   0   3   0   0  36   4   7   0   0   6  0.64 0.06
  234 P   -2 -3 -3 -2 -3 -2 -2 -3 -3 -3 -3 -2 -3 -4  8 -1 -2 -4 -3 -3    0   0   0   0   0   0   0   0   0   0   0   0   0   0  95   0   0   0   0   0  2.20 0.14
  235 S    1 -1  1 -1 -2 -1 -1  0  2 -2 -3 -1 -2 -3 -1  4  1 -3 -2 -2    5   0   8   0   0   0   0   5   9   2   0   0   0   0   0  60   8   0   0   0  0.38 0.07
  236 K   -1 -1 -2 -2 -3 -1  0 -3 -2 -2 -1  1 -2  1  6 -1 -1 -3 -2 -2    0   0   0   0   0   0   7   0   0   0   7  15   0   9  56   0   0   0   0   3  0.96 0.08
  237 D    1 -1  0  2 -2  0  1  0  2 -2 -2 -1 -2 -3 -1  1  2 -3 -1 -2   21   0   3  16   0   0   8   6  10   0   0   0   0   0   0  15  18   0   0   0  0.23 0.04
  238 V    1 -3 -3 -3 -1 -2 -3 -3 -3  2  0 -2  0 -1 -2 -2 -1 -3 -2  5   10   0   0   0   0   0   0   0   0   5   0   0   0   0   0   0   0   0   0  81  0.48 0.09
  239 K   -1  0 -1  1 -4  2  5 -2 -1 -3 -3  1 -2 -3 -2 -1 -1 -3 -2 -2    3   0   0   0   0   8  76   0   0   0   0   8   0   0   0   0   0   0   0   2  0.74 0.09
  240 P    0 -3 -2 -2 -3 -2 -2 -2 -3 -3 -3 -2 -3 -4  7  0 -1 -4 -3 -3    7   0   0   0   0   0   0   0   0   0   0   0   0   0  84   5   0   0   0   0  1.82 0.12
  241 A    2  0  0 -1 -1  0 -1 -1  3 -2 -2 -1 -1 -2 -1  3  2 -3 -1 -1   21   7   0   0   0   0   0   0  13   0   0   0   1   0   0  37  18   0   0   0  0.30 0.06
  242 P    0  0 -2 -1 -3 -1 -1 -2 -2 -3 -2 -1 -2 -3  7  0 -1 -4 -3 -2   10   7   0   3   0   0   3   0   0   0   4   0   0   0  66   4   1   0   0   0  1.23 0.09
  243 E    3 -1  0  2 -2  1  3 -1 -1 -2 -2  0 -2 -3 -1  1  0 -3 -2 -2   39   0   2  16   0   3  28   0   0   0   0   0   0   0   0   6   3   0   0   0  0.34 0.05
  244 A    5 -2 -2 -2 -1 -1 -1 -1 -2 -2 -2 -1 -2 -3 -1  0 -1 -3 -2 -1   95   0   0   0   0   0   0   0   0   0   1   0   0   0   0   0   0   0   0   0  0.72 0.13
  245 K   -1  2 -1 -1 -3  1  0 -2 -1 -2 -1  5 -1 -3 -2 -1 -1 -3 -2  0    0   5   0   0   0   5   0   0   0   0   5  70   1   0   0   0   0   0   0  10  0.49 0.10
  246 A    4 -1  0 -1 -1  1 -1 -1 -2 -2 -2  1 -1 -3 -1  1  0 -3 -2 -1   71   0   3   2   0   9   0   0   0   0   1   8   0   0   0   2   2   0   0   0  0.42 0.09
  247 M    1 -2 -2 -3  7 -2 -2  0 -2 -1  0 -2 -1 -2 -2 -1  2 -2 -1 -1   10   0   0   0  45   0   2   6   0   0  10   2   1   0   0   1  17   0   2   1  0.56 0.09
  248 E   -1  0 -1  0 -4  2  5 -3  2 -3 -2  2 -2 -3 -2 -1 -1 -3 -2 -3    0   0   0   1   0  10  60   0   6   0   4  17   0   0   0   0   0   0   0   0  0.63 0.10
  249 P   -1 -3 -2 -1 -3 -2 -1 -2 -3 -3 -3 -2 -3 -4  7  0 -2 -4 -3 -3    4   0   0   3   0   0   2   1   0   0   0   0   0   0  82   7   0   0   0   0  1.77 0.15
  250 S   -1 -1  2 -1 -3  1  1  2  6 -3 -3 -1 -2 -3 -2  1 -1 -3 -1 -3    0   1  13   0   0   5   9  21  36   0   0   0   0   0   0  13   0   0   0   0  0.48 0.08
  251 G    4 -2 -1  0 -1 -1 -1  1  0 -2 -2 -1 -2  0 -2  2 -1 -3 -2 -1   60   0   0   6   0   0   0  10   3   0   0   0   0   6   0  14   0   0   0   0  0.35 0.08
  252 V    1 -2 -2 -2  4 -2 -2 -2 -3  1 -1 -2 -1 -2 -2  0  3 -3 -2  3   15   0   0   0  11   0   0   0   0   1   0   0   0   0   0   5  31   0   0  35  0.30 0.07
  253 I    0 -3 -4 -4 -2 -3 -3 -3 -3  4  3 -3  1 -1 -3 -2 -1 -3 -2  2    7   0   0   0   0   0   0   1   0  42  38   0   0   0   0   0   0   0   0  12  0.40 0.07
  254 S    2 -1  0 -1 -2  0 -1 -1 -2 -2 -2  1 -2 -3  4  1  0 -3 -3 -2   27   0   6   1   0   2   0   1   0   0   2  14   0   0  29  17   1   0   0   1  0.49 0.07
  255 N   -2 -1  6  0  2 -1 -1  1  1 -4 -4 -1 -3 -4 -3  0 -1 -4 -3 -4    0   0  78   1   6   0   0  10   3   0   0   0   0   0   0   2   0   0   0   0  0.90 0.14
  256 F   -3 -3 -4 -4 -3 -3 -4 -4 -1 -1 -1 -3 -1  7 -4 -3 -3  1  5 -2    0   0   0   0   0   0   0   0   0   0   0   0   0  69   0   0   0   0  31   0  1.17 0.15
  257 T   -1 -2 -1 -2 -2 -2 -2 -2 -3 -1 -2 -2 -1 -3 -2  1  6 -3 -3 -1    0   0   0   0   0   0   0   0   0   2   0   0   0   0   0   2  96   0   0   0  0.93 0.17
  258 N   -2 -1  5  5 -4  0  0 -1 -1 -4 -4 -1 -3 -4 -2  0 -1 -5 -3 -4    0   0  56  41   0   3   0   0   0   0   0   0   0   0   0   0   0   0   0   0  0.90 0.11

                      K         Lambda
Standard Ungapped    0.1315     0.3145
Standard Gapped      0.0376     0.2670
PSI Ungapped         0.1231     0.3062
PSI Gapped           0.0376     0.2670
