
Last position-specific scoring matrix computed, weighted observed percentages rounded down, information per position, and relative weight of gapless real matches to pseudocounts
           A  R  N  D  C  Q  E  G  H  I  L  K  M  F  P  S  T  W  Y  V   A   R   N   D   C   Q   E   G   H   I   L   K   M   F   P   S   T   W   Y   V
    1 M   -2 -2 -3 -4 -2 -1 -3 -3 -2  1  2 -2  8 -1 -3 -2 -1 -2 -2  0    0   0   0   0   0   0   0   0   0   0   0   0 100   0   0   0   0   0   0   0  0.87 0.14
    2 K    5 -1 -2 -2 -1 -1 -1  0 -2 -2 -2  0 -1 -3 -1  1  0 -3 -2 -1   88   0   0   0   0   0   0   0   0   0   0   8   0   0   0   0   4   0   0   0  0.50 0.08
    3 M    0 -1 -1 -1 -2 -1 -1 -1 -2 -2 -2  1  2 -3  4  3  0 -3 -2 -2    0   0   0   0   0   0   0   0   0   0   0  12  13   0  20  55   0   0   0   0  0.45 0.08
    4 K   -1  3 -1 -2 -3  0 -1 -3  3 -1  2  1  0  0 -2  0 -1 -2 -1 -1    0  28   0   0   0   0   0   0  15   0  31  13   0   6   0   7   0   0   0   0  0.21 0.05
    5 R    1  0 -1 -2 -1 -1 -1 -2 -2  0  0 -1  0 -2 -2  1  3 -3 -2  0   17   7   0   0   0   0   0   0   0   6  12   0   0   0   0  11  42   0   0   6  0.21 0.05
    6 S    0 -1 -1 -2 -2  0 -1  1 -2 -1  1  0  0 -2  0  3  0 -3 -2  0    0   0   0   0   0   6   0   9   0   0  29   5   0   0   3  41   3   0   0   4  0.16 0.06
    7 P   -1 -2 -1 -2 -2 -1 -1 -2  1 -3 -2 -1 -2 -3  6  3  1 -4 -3 -2    0   0   0   0   0   0   0   0   4   0   4   0   0   0  50  36   5   0   0   0  0.98 0.12
    8 Y   -2 -3 -3 -4 -3 -2 -3 -3  3 -3 -1 -1 -2  0 -4 -3 -3 11  4 -3    4   0   0   0   0   0   0   0  11   0   5   5   0   0   0   0   0  63  13   0  1.77 0.18
    9 C   -2 -3 -4 -4  1 -3 -3 -4 -2  3  2 -3  0  1  2 -3 -2 -1  3  1    0   0   0   0   4   0   0   0   0  38  28   0   0   4  11   0   0   0  14   0  0.36 0.08
   10 F   -1 -1 -1 -2  3  0 -1 -2  4  0  0 -1  0  2  0  1 -1 -2  0  0    1   3   1   1   8   5   1   1  19   5  11   1   0  15   3  15   1   0   0   9  0.12 0.05
   11 C    0 -2 -2 -2  3  0 -2 -2 -2  2  2 -2  1  0 -2 -1 -1 -2 -1  2    4   1   1   1   8   6   1   1   0  12  29   1   0   3   1   6   1   0   0  25  0.15 0.04
   12 C    0 -2 -2 -2  4 -2 -2 -2 -2  1  2 -2  0 -1  0  1  0 -2 -2  1    9   1   1   1  14   1   1   1   0  12  27   1   0   1   3  15   6   0   0   6  0.14 0.04
   13 S    0 -1 -2 -2 -2 -2 -2 -2  0  1  3 -2  1 -1 -2  1 -1 -2 -1  1    5   4   0   0   0   0   0   0   3   0  45   0   0   0   0  21   0   0   0  17  0.19 0.07
   14 F   -1 -3 -4 -4  1 -3 -3 -4 -3  1  4 -3  1  3 -3 -2  0  1  0  1    2   0   0   0   4   0   0   0   0   7  56   0   0  18   0   0   7   2   0   5  0.40 0.09
   15 A    1 -2 -1 -3  3 -1 -2 -3 -3  1  3 -2  0 -1 -3  0  1 -3 -2  1   15   0   3   0  11   2   0   0   0   7  40   0   0   0   0   5  10   0   0   8  0.22 0.08
   16 L   -2 -3 -4 -4 -2 -3 -3 -4 -3  2  3 -3  3  2 -3 -2 -1 -2 -1  2    0   0   0   0   0   0   0   0   0  10  41   0  14  13   0   3   0   0   0  19  0.41 0.10
   17 L    2 -3 -3 -3 -2 -2 -3 -3 -2  1  3 -2  0  2 -1 -1 -1 -2  1  1   25   0   0   0   0   0   0   0   0   6  40   0   0  10   2   2   0   0   6   9  0.25 0.09
   18 L    1 -2 -3 -4 -2 -1 -3 -3 -3  1  3 -2  4 -1 -3 -1 -1 -3 -2  1   15   0   0   0   0   1   0   0   0   8  40   2  22   0   0   4   0   0   0   7  0.37 0.13
   19 L    0 -2 -2 -3  3 -2 -2  1 -1  0  3 -2  1 -1 -3  0 -1 -2 -1  0   10   0   0   0  10   0   2  12   1   4  40   0   3   0   0  11   2   0   3   2  0.18 0.08
   20 V   -1 -3 -2 -3  3 -2 -2  0 -2  1  1 -2  0  2 -3  0  1  0  0  1    3   0   0   0   9   2   0  10   0  14  19   0   0  11   0   7  11   1   2  10  0.13 0.06
   21 S    0 -2 -1 -2  5 -2 -2  0 -2  1 -1 -2 -1 -2 -1  2  2 -3 -2  0    5   0   0   0  19   0   0   5   0   9   5   0   0   0   2  28  19   0   0   6  0.32 0.12
   22 F    0 -3 -2 -3  0 -2 -3 -1 -2  0  2 -2  0  4 -3 -1  1  3  1 -1   11   0   0   0   3   0   0   5   0   4  22   0   0  30   0   3  10   5   4   0  0.26 0.09
   23 L    0  0 -2 -2 -1  0 -1 -2  0  0  2  0  1  0 -1 -1  1 -2 -1  0    8   7   0   0   1   5   2   1   3   4  35   4   5   3   3   2  12   0   0   4  0.10 0.06
   24 K    1 -1 -1 -2  1  0  0 -1  2  0 -1 -1  0  0  0  0  1  1  0  1   11   0   2   0   5   5   5   4   8   0   4   2   2   6   4   6  16   2   2  16  0.05 0.05
   25 D    1 -2  0 -1  2  0 -1  2  0 -2 -2 -1 -2 -1  1  2  1 -3 -1 -2   16   0   3   2   7   5   0  18   3   2   2   0   0   4   7  18  12   0   1   0  0.20 0.08
   26 R    3  0 -2 -2  0  0 -1 -1  2 -1  0 -1  1 -2 -2  1  0  0 -2  0   37   8   0   0   2   3   2   2   6   1  10   0   7   0   0  12   4   1   0   4  0.16 0.10
   27 H    1  1  0 -2  0  0 -1 -1  2 -1  0  0  0 -1  3  1 -1 -3  0 -2   13  11   5   0   2   3   0   4   8   3   9   3   2   2  17  15   0   0   3   0  0.19 0.08
   28 F    3 -2 -2 -2  0 -2 -1  2 -1 -1  0 -2 -1 -1  1  1  0  0 -2 -1   40   0   0   0   2   0   3  15   1   3  13   0   0   3   6   7   4   2   0   2  0.21 0.10
   29 C    2  0 -1 -1  5 -1  0  1  0 -2 -2 -1  0  0 -1  0 -1  4 -1 -1   25   7   2   3  16   0   6  11   4   0   1   0   3   4   2   5   2   7   0   2  0.22 0.10
   30 S    3 -2 -1 -1 -2 -2 -2  3 -2 -2 -3 -1 -2 -3  1  1  0 -3 -3 -1   39   1   0   3   0   0   0  27   0   2   0   2   0   0   6  11   6   0   0   2  0.41 0.14
   31 A    3 -2 -2 -1  2 -1 -1  2 -2  0 -1 -1  0 -3  0  0 -1 -3 -2  1   37   0   0   4   6   2   3  15   0   3   2   2   2   0   3   5   2   0   0  14  0.20 0.10
   32 D   -3 -3  3  7 -4 -2  0 -3 -2 -4 -5 -2 -4 -5  1 -1 -1 -5 -4 -4    0   0  13  73   0   0   0   0   0   0   0   0   0   0   7   2   3   0   0   0  1.22 0.28
   33 P   -3 -4 -4 -3 -4 -1 -3 -4 -4 -1 -1 -3 -3 -5  8 -3 -3 -5 -5 -3    0   0   0   0   0   4   0   0   0   5   7   0   0   0  84   0   0   0   0   0  2.09 0.38
   34 T   -2 -3 -2 -2 -3 -3 -3 -1 -4 -2 -3 -1 -3 -4 -3 -1  7 -5 -4 -2    1   0   0   1   0   0   0   4   0   1   0   3   0   0   0   0  89   0   0   0  1.33 0.41
   35 D    2 -2  1  4 -3 -1  0 -2  1 -2 -2 -1 -2 -2 -2  1  0 -4 -1 -1   29   0   6  28   0   1   3   0   5   1   4   2   0   1   0  10   6   0   2   3  0.31 0.15
   36 G   -2 -4 -2 -3 -5 -4 -4  7 -4 -6 -6 -4 -5 -5 -4 -2 -4 -5 -5 -5    0   0   0   0   0   0   0 100   0   0   0   0   0   0   0   0   0   0   0   0  2.00 0.43
   37 F   -4 -5 -5 -6 -4 -5 -5 -5 -4 -2 -2 -5 -2  8 -6 -4 -2  8  1 -2    0   0   0   0   0   0   0   0   0   0   0   0   0  75   0   0   3  20   0   2  1.91 0.45
   38 T    0 -1 -2 -2 -2  0  0 -1 -3  0 -1 -1 -2 -1 -3  0  5 -4 -2  1    5   2   0   0   0   4   5   3   0   6   2   1   0   4   0   4  52   0   0  13  0.44 0.22
   39 E    1  2 -1 -1 -3  2  2 -2  1 -3 -2  1 -2 -3  1  0  0  2 -1 -2   17  12   0   0   0  10  20   0   4   0   2  11   0   0   8   7   4   3   2   1  0.29 0.13
   40 V   -2 -2 -4 -4 -2 -2 -4 -4 -4  3  2 -2  1 -2 -4 -3  0 -4 -3  5    0   1   0   0   0   1   0   0   0  13  16   2   2   0   0   0   6   0   0  58  0.63 0.24
   41 P   -1  2  2  0 -3  0  2 -1  0 -4 -3  0 -3 -4  5  1 -1 -4 -3 -3    2  12  10   4   0   3  13   3   2   0   0   3   0   0  30  15   0   0   0   1  0.56 0.17
   42 L   -2 -3 -4 -4 -3 -3 -3 -4  0  0  4 -3  0  3 -2 -3 -2  4  1  0    1   0   0   0   0   0   0   1   3   1  61   0   0  14   2   0   1   5   3   5  0.58 0.21
   43 T    0 -2  3  2 -2  0 -1  0  2 -3 -3 -1 -2 -3  0  1  4 -3 -2 -2    6   0  16  10   0   2   1   7   6   0   1   0   0   0   3  11  35   0   0   1  0.36 0.16
   44 E    0  0  0  2 -1  2  3 -1 -1 -2 -2  0 -2 -2 -2  0  1 -3  0 -2    8   5   2  12   1   8  33   5   0   2   3   1   0   1   1   3  11   0   3   1  0.28 0.11
   45 D    1 -1  1  1 -2 -1  0  1 -2 -3 -3 -1 -2 -3  1  3  0 -1 -2 -2    8   3   7  10   0   2   3  13   0   1   1   1   0   0   6  39   1   1   1   2  0.31 0.14
   46 N   -2  0  5  1 -3  3 -1  0 -1 -3 -2  0 -1 -2 -2  0 -1 -3  1 -3    1   4  37   7   0  16   1   8   0   1   2   4   2   1   1   7   1   0   7   1  0.40 0.16
   47 F   -4 -3 -4 -5 -4 -4 -4 -5 -2 -2  0 -4 -2  7 -5 -4 -3  1  6 -2    0   1   0   0   0   0   0   0   0   0   8   0   0  57   0   0   0   1  31   0  1.36 0.34
   48 V    0 -1 -1  0 -2  2  1 -2  1 -1 -2  2  0 -2  0  1  0 -2  1  0    8   0   0   2   0  10  12   0   5   4   0  15   4   0   5  11   5   0   7  12  0.12 0.08
   49 I   -2 -3 -3 -4 -2 -3 -4 -4 -3  3  3 -3  2 -1 -4 -3 -2  1 -2  4    0   0   1   0   0   0   0   0   1  21  26   0   4   1   0   0   0   2   0  43  0.56 0.20
   50 Q   -3 -1 -2 -1 -5  7  0 -4  5 -5 -4 -1 -3 -5 -3 -2 -3 -4 -3 -4    0   0   0   2   0  78   1   0  16   0   0   0   0   0   0   0   0   0   0   0  1.53 0.44
   51 K   -2  4  1 -2 -4  1 -1 -3  0 -3 -4  5 -3 -4 -3  1 -1  2 -3 -3    0  20   6   0   0   6   0   0   1   1   0  52   0   0   0   9   2   3   0   0  0.70 0.25
   52 P   -3  0 -4 -4 -5 -3 -3 -4 -4 -5 -3 -3 -4 -6  8 -3 -3 -6 -5 -4    0   6   0   0   0   0   0   0   0   0   2   0   0   0  92   0   0   0   0   0  2.52 0.48
   53 Y   -3 -4 -4 -5 -4 -3 -4 -4 -1 -3 -3 -4 -3  3 -1 -3  0  6  8 -3    0   0   0   0   0   0   0   0   0   0   0   0   0   8   3   0   6  12  69   0  1.58 0.39
   54 D   -3 -3  5  6 -4 -2 -1  0 -2 -5 -5 -2 -4 -5 -3  0 -2 -5 -4 -4    0   0  30  59   0   0   0   6   0   0   0   0   0   0   0   3   0   0   0   0  1.16 0.31
   55 K    0 -1 -3 -3 -2 -2  0 -3 -3  1  2 -1  1 -2 -3 -1 -1 -3 -2  3    6   3   0   0   0   0  10   1   0   2  27   5   3   0   0   3   0   0   0  39  0.27 0.15
   56 P    1 -3 -1  0 -4 -1 -2 -3 -3 -4 -4  0 -3 -4  7  0  0 -5 -4 -3   11   0   2   6   0   3   0   0   0   0   0   4   0   0  61   7   4   0   0   0  1.29 0.28
   57 L   -1  0 -1 -2 -2  1  2 -2 -2  1  2 -1  2 -2  0  0 -1 -3 -2  1    1   4   2   0   0   7  17   3   0   5  28   0   6   0   5   7   1   0   0  12  0.13 0.10
   58 N    0  0  2  2 -3  0  1  1  1 -3 -3 -1 -3 -3 -1  3  0 -4 -2 -3    6   5   9  14   0   1  11   9   5   0   0   1   0   0   2  33   3   0   1   0  0.32 0.14
   59 D    0  0 -1  3 -3  4  3 -2 -1 -4 -3  0 -2 -4 -2  1 -1 -4 -3 -3    9   4   0  19   0  28  24   0   0   0   0   2   0   0   0  10   3   0   0   0  0.54 0.20
   60 R   -3  7 -2 -3 -5 -1 -2 -4 -2 -4 -1  0 -3 -4 -4 -2 -3 -4 -3 -4    0  89   0   0   0   0   0   0   0   0   5   0   0   0   0   0   0   0   0   0  1.57 0.40
   61 Y   -3 -3 -3 -4 -4 -3 -3 -4  2 -3 -2  0 -2  3 -4 -3 -3  0  8 -3    1   0   0   0   0   0   1   1   3   0   1   5   0  10   0   1   1   0  73   1  1.51 0.37
   62 S   -1  1  0  0 -1  1  2 -1 -2 -3 -3 -1  0 -3 -2  4  1  3 -2 -2    1   8   4   2   1   5  14   2   0   0   1   1   3   0   0  43   9   5   0   1  0.38 0.18
   63 Y   -2 -2 -2 -2 -3 -2 -2 -3  2  0 -1 -2 -1  5 -2 -1 -2  4  5 -2    1   1   1   2   0   1   2   1   5   5   3   2   0  37   2   6   1   5  23   1  0.61 0.20
   64 K    0  1  0  3  0  0  0 -2 -1  0 -1  0 -1 -2 -2  1  0 -3 -2  1    9  11   2  21   2   1   3   1   1   7   2   5   0   1   0  15   4   0   0  13  0.12 0.08
   65 N   -1 -2  4  3  1 -1 -1  3 -1 -3 -4 -2 -3 -3 -2  0  0 -3 -1 -3    2   0  29  23   3   0   1  23   0   0   1   1   0   0   0   6   7   0   2   1  0.52 0.17
   66 G   -1 -3  1  0 -3 -2 -2  6 -3 -4 -4 -2 -2 -3 -3 -1  0 -3 -3 -3    1   1   6   5   0   1   1  71   0   1   1   1   1   1   1   1   7   0   0   1  0.98 0.23
   67 I   -1 -3 -1 -2 -2 -2  0 -3 -3  2  0 -2  0 -2 -3 -2  0 -3 -2  5    2   1   4   1   0   1   9   1   0  12   1   1   1   1   1   1   3   0   0  59  0.47 0.19
   68 R   -2  5 -1 -2 -4 -1 -1 -3  7 -1 -3  0 -2 -2 -3 -2 -2 -1  1 -3    1  41   1   1   0   1   3   1  35   4   1   1   0   1   1   1   1   1   5   1  0.87 0.25
   69 R   -1  4 -1 -2 -3  0 -1 -2  3 -1 -2  3 -2 -3 -2  0  2 -3 -2 -2    1  30   1   1   0   3   1   1   9   6   1  20   0   1   1   2  21   0   0   1  0.40 0.16
   70 L   -2 -2 -3 -3  1 -2 -3 -3 -2  0  2 -3  5  5 -3 -2  0 -1  0 -1    1   2   1   1   3   1   1   1   0   1  27   1  20  32   1   1   6   0   0   1  0.50 0.18
   71 W   -3  0 -3 -4 -3 -2 -3 -3 -3 -3 -2  0 -2 -1 -3 -3 -3 11  0 -2    1   6   1   1   0   1   1   1   0   1   4   6   0   1   1   1   1  67   1   3  2.16 0.37
   72 V   -1 -3 -3 -3 -2 -2 -3 -3 -3  2  0 -3  0 -2 -2 -2 -1 -3 -2  5    3   1   1   1   0   1   1   1   0  11   4   1   0   1   1   1   1   0   1  69  0.64 0.21
   73 Y   -2 -2 -1 -2 -3 -2 -3 -3  3 -1  0 -3 -1  4 -3 -2 -2  0  7 -2    1   2   2   2   0   1   1   1   7   3   7   1   0  20   1   3   1   0  48   1  0.83 0.23
   74 E    2  0  1  1  1 -1 -1 -1 -1 -2 -2  0 -2  0  0  3  1 -3 -2 -1   19   5   9   6   4   1   2   1   0   1   1   4   0   6   3  28   7   0   0   2  0.20 0.12
   75 N   -1 -1  1  2 -2  0 -1  2  0 -3 -3 -1 -2 -3 -2  2  3 -3 -3 -2    2   2   8  14   0   2   1  15   2   1   1   1   0   0   1  18  32   0   0   1  0.38 0.17
   76 D   -3 -3  0  7 -4 -2  1 -2 -2 -4 -4 -2 -4 -4 -3  0 -2 -5 -4 -4    1   1   0  80   0   0   5   2   0   1   1   1   0   0   1   5   1   0   0   1  1.42 0.36
   77 K   -1  0 -2 -1 -3  0  2 -3 -1 -3  0  5 -1 -3  0 -1  0 -3 -3 -2    3   2   0   2   0   2  12   1   2   0  11  53   1   0   4   1   4   0   0   1  0.50 0.23
   78 P   -1 -3 -3 -3  0 -2 -2 -3 -3 -3 -1 -2 -3 -3  7  1  1 -4 -3 -3    3   1   1   1   3   1   1   1   0   1   8   1   0   1  61  10   8   0   0   1  1.28 0.30
   79 F   -2 -2 -2 -3 -3 -1 -2  0  5  1  0 -2  0  5 -3 -2  0 -1  2 -1    1   1   1   1   0   2   1   7  21   8   8   1   2  32   1   1   7   0   4   2  0.45 0.19
   80 K    0  0  2  0  1  0  0 -2 -1 -1 -2  0  0  0 -2  2  2 -3 -2 -1    5   5  14   4   3   2   5   1   0   4   1   5   3   4   1  21  21   0   0   1  0.19 0.12
   81 V    0  0  0 -1 -2  1  0 -1 -2 -2  0  0 -1 -1  3  1  2 -2 -2 -1    7   5   3   1   0   8   4   4   0   1  13   3   0   4  17  11  17   0   0   2  0.21 0.09
   82 G    0 -1  1  0  1  0 -1  2  1 -2 -2 -1 -2 -3 -2  0  3 -3 -2 -1    8   3   7   5   4   4   2  22   6   1   1   1   0   1   1   5  24   0   0   5  0.22 0.11
   83 S    0 -1 -1 -1  4  0 -1  1  2 -2 -2 -1 -2 -2 -2  4  1 -3 -1 -2    1   2   1   3  10   3   1   8   7   1   4   1   0   1   1  43  10   0   2   1  0.35 0.17
   84 P    0 -1  1  1 -2  1 -1 -1  4 -3 -2  0 -2 -3  3  2  0 -3 -2 -2    4   2   9   7   0   6   1   3  13   1   3   3   0   1  18  24   4   0   0   1  0.35 0.13
   85 T   -1 -2 -1 -2  1 -2 -2  2 -3 -2 -3 -2 -2 -3 -2  1  5 -3 -3 -2    1   1   1   1   3   1   1  20   0   1   1   1   0   1   1   7  59   0   0   1  0.69 0.24
   86 R    0  1  2  1 -2  0  0  1  2 -2 -2  2  0 -2 -2  0  0 -2  0 -2   11   6  12   7   0   4   2  13   6   1   3  16   3   1   1   6   4   0   4   1  0.14 0.06
   87 P    0 -2 -2 -2 -3  0 -2 -3 -3 -3 -1 -2 -2 -3  7  1 -2 -4 -3 -3    8   1   1   1   0   4   1   1   0   1   7   1   0   1  60  11   1   0   0   1  1.24 0.26
   88 R   -2  7 -2 -2 -4  0 -1  1 -2 -4 -3  1 -2 -3 -3 -2 -2 -3 -3 -3    1  77   1   1   0   1   1  12   0   1   1   1   0   0   1   1   1   0   0   1  1.08 0.28
   89 T    2 -2 -1  1  1 -1 -1 -2 -2 -2 -2 -2 -2 -3 -2  2  4 -3 -3  0   16   0   0   8   2   0   1   1   0   0   1   0   0   0   0  20  43   0   0   4  0.45 0.20
   90 E   -2 -1 -2  0 -4  2  6 -3 -1 -4 -4 -1 -3 -4 -2  0 -2 -4 -3 -3    1   0   0   0   0   8  81   1   0   0   1   0   0   0   0   5   0   0   0   1  1.18 0.35
   91 I   -1  1 -1 -3 -2 -2 -3 -4 -3  4  1 -2  3 -1 -3 -2  0 -3 -2  2    4  12   3   0   0   0   0   0   0  38  13   0  11   0   0   0   6   0   0  12  0.35 0.20
   92 R    0  6  0 -3 -4  0 -1 -3 -2 -2 -1  2  0 -3 -3 -2 -2 -4 -3 -3   10  57   4   0   0   3   0   0   0   3   5  12   3   0   0   0   0   0   0   0  0.73 0.30
   93 I   -2 -3 -3 -4 -3 -2 -1 -4 -2  3  1 -3  3  2 -1 -2 -1  6  3  1    0   0   0   0   0   0   4   0   0  21  15   0  11   9   2   3   3  12  11   8  0.41 0.21
   94 K    0  3  1  0 -2  2  1 -2 -1 -2 -1  1 -1 -3  0  1  1 -3 -2 -1    7  19   6   6   0  10   6   1   0   1   5  11   0   0   3   8  13   0   0   3  0.20 0.12
   95 G   -1  1  2  0 -3  1 -1  4 -2 -1 -2  0 -2 -3 -2 -1  1 -3 -3  0    1   9  10   6   0   7   1  34   0   3   1   4   0   0   1   1  12   0   0   8  0.30 0.16
   96 H   -2  1  1 -1 -3  0  1 -2  3 -2  0  1 -1 -1  2 -1  1  5  2 -2    1  10   9   0   0   0  10   1   9   0  10  10   0   0  10   1  10   9   9   1  0.24 0.14
   97 D   -1 -2  1  4 -3  0  2 -1 -1  0 -1 -1 -1 -2 -2  0  1 -3 -1 -1    1   1   9  27   0   4  12   3   0   8   8   1   0   0   1   5  12   0   3   5  0.23 0.13
   98 Y    1 -3 -2  1 -3  1 -2  0 -1 -3 -3 -2 -2  1 -3 -2 -2  0  7 -3   12   0   0   9   0   9   0   7   0   0   1   0   0   4   0   1   0   0  54   0  0.82 0.34
   99 S   -1  1  1 -1 -2  1  1 -2  2 -1  0  1 -1 -2 -2  0  1  4 -1  0    1   9   9   0   0   9   9   1   9   0   9   9   0   0   0   9   9   8   0   9  0.18 0.13
  100 S   -1  2  2  0 -2  0  0  0  3 -3 -3  0 -2 -3 -2  3  1 -3 -2 -2    1  11   8   4   0   3   3   6  11   1   1   2   0   0   1  39   7   0   0   1  0.33 0.16
  101 G   -1 -1  1 -2  0 -2 -2  5 -2 -3 -3  0 -3 -3 -2 -1  1 -3 -3 -3    1   3   6   1   3   1   1  60   0   1   1   8   0   0   1   1  11   0   0   1  0.71 0.22
  102 V   -1 -1  0  1 -2  0 -1 -2 -2  1  1  0  0 -2 -2 -1  0 -3 -2  3    1   3   5  13   0   4   1   1   0   4  13   5   0   0   1   5   5   0   0  38  0.16 0.12
  103 W   -1  2  1 -3  1  0 -2 -3  4 -3 -3 -2 -2 -1 -3 -2 -2  9  1 -1    4  12   8   1   3   3   1   1  12   1   1   1   0   0   1   1   1  39   3   7  1.03 0.28
  104 Q   -2 -1 -2  0 -3  6  0 -3 -1 -2  0 -1  4 -3 -2 -2 -2 -3 -2  0    1   1   1   4   0  52   3   1   0   1   6   1  19   0   1   1   1   0   0   7  0.67 0.29
  105 F   -3  0 -3  0 -3 -3 -3 -3 -2 -2 -1 -3 -2  7 -4 -3 -1  6  1 -2    1   7   1   5   0   1   1   1   0   1   1   1   0  60   1   1   5  12   2   1  1.02 0.32
  106 E    0 -2 -1  2 -4  0  6  0 -2 -4 -4 -1 -3 -4 -2  0 -1 -4 -3 -3   10   1   0   7   0   2  63   6   0   1   1   1   0   0   1   5   2   0   0   1  0.78 0.29
  107 G    2 -3 -2 -2  1 -2 -2  5 -3 -3 -3 -2 -3  0 -2 -1 -2 -3 -3 -3   24   1   1   1   3   1   1  56   0   1   1   1   0   5   1   1   1   0   0   1  0.76 0.24
  108 Q   -1 -2  1  3 -3  0  0 -2  2 -2 -2 -1 -2  1 -2  0  0 -1  5 -2    3   1   6  23   0   5   4   1   5   1   1   1   0   6   1   7   4   0  27   2  0.37 0.17
  109 V   -1 -3 -2 -2 -1 -2 -2  3 -2  0 -1 -2  2  4 -3 -2 -2 -2  1  2    5   1   1   2   1   1   1  25   0   5   3   1   8  22   1   1   1   0   3  19  0.27 0.15
  110 H   -1  0 -2 -3  0 -2 -2 -3  0 -2 -1  1  1  2 -3 -1 -1  0  6 -2    6   5   1   1   2   1   1   1   1   1   2   9   5   9   1   5   4   0  44   1  0.56 0.23
  111 V   -2 -3 -4 -4 -2 -3 -3 -4 -4  3  1 -3  1  1 -3 -3 -2 -3 -2  5    1   0   0   0   0   0   1   1   0  21   8   0   2   5   0   1   0   0   0  58  0.70 0.28
  112 P   -2 -2  1 -2 -4 -2  0  0 -3 -3 -4  0 -3 -4  7 -2  0 -4 -4 -1    2   1   8   0   0   0   5   7   0   0   1   6   0   0  55   1   7   0   0   4  1.10 0.31
  113 E    1 -1  1  1  0  0  0 -1 -2 -3 -3  0 -2 -2  1  4  0 -1 -1 -3    9   1   8   7   2   2   5   1   0   0   1   6   0   1   5  44   2   1   2   1  0.35 0.20
  114 G   -1  0 -2  1 -3 -2 -2  5 -3 -2 -1 -2  0 -3 -2 -1 -2 -3 -3 -1    1   6   0   9   0   0   1  59   0   2   9   0   4   0   1   3   0   0   0   4  0.67 0.25
  115 T    0  1 -1 -2 -2 -2 -2  0 -3 -2 -3  0 -2 -3 -2  1  5 -3 -3 -1    6   7   0   0   0   0   1   8   0   0   1   5   0   0   0  11  55   0   0   3  0.57 0.28
  116 S   -1  1  1  0 -2 -1  0 -2  1 -2 -3 -1 -2 -1  0  3  3 -3 -1 -1    1   7   6   4   0   0   5   1   4   0   1   1   0   3   5  35  22   0   2   3  0.32 0.19
  117 G   -1  3 -1 -2 -3 -2 -2  5  1 -3 -3  0 -3 -3 -3 -1 -2  0 -3  0    1  20   2   0   0   0   1  49   4   0   1   6   0   0   0   1   1   2   0  10  0.60 0.24
  118 V    2 -3 -2 -3 -2 -2 -2  0 -3  2  0 -2  0 -2 -2 -1  1 -3 -2  3   18   0   0   0   0   0   1   7   0  15   5   1   1   0   0   1  11   0   0  33  0.24 0.17
  119 T    1 -2  0  1  5 -2 -1 -2 -2 -2 -3 -2 -2 -2 -2  3  1 -3 -3 -1   13   0   3  10  16   0   1   1   0   2   1   1   0   1   0  36   8   0   0   5  0.42 0.22
  120 V    0 -3 -4 -4 -2 -3 -3 -1 -4  5  1 -3  0  1 -3 -3 -1 -3 -2  3    7   0   0   0   0   0   0   5   0  44  11   0   0   6   0   0   1   0   0  22  0.48 0.22
  121 M   -1  0 -3  0 -3  0 -2 -3 -3 -1  0  2  7  1 -3 -2 -2 -3 -2  0    5   4   0   6   0   3   0   0   0   1   4  14  48   5   0   2   1   0   0   5  0.64 0.34
  122 Q   -3 -1 -1 -2 -5  8 -1 -4 -2 -5 -4 -1 -3 -5  1 -2 -3 -4 -4 -4    0   0   2   0   0  87   0   0   0   0   0   0   0   0   6   0   0   0   0   0  1.75 0.60
  123 V   -2 -3 -3 -4 -2  0 -3 -4 -4  5  0 -3  0 -2 -3 -2  2 -4 -3  4    2   0   0   0   0   6   0   0   0  43   2   0   1   0   0   0  14   0   0  29  0.62 0.30
  124 F   -4  0 -3 -4 -4 -3 -3 -4  5 -2 -1 -1 -2  7 -4 -3 -3 -2  1 -1    0   6   0   0   0   0   0   0  20   0   3   4   0  60   0   0   0   0   0   4  1.16 0.42
  125 G   -2  1  3  1 -4 -2 -2  5  0 -5 -5 -2 -4 -4 -1  0 -2 -4 -4 -4    0   8  16   7   0   0   2  57   2   0   0   0   0   0   3   4   0   0   0   0  0.85 0.31
  126 A    3 -2  0  1 -3 -1  1  4 -2 -3 -3 -2 -3 -3 -2  0 -1 -3 -1 -2   28   0   4   8   0   0  10  33   0   0   0   0   0   0   0   6   3   0   3   2  0.42 0.20
  127 V    1  0  1  1 -2  0  0  2 -2 -2 -2  0 -2 -3 -1  1  1 -3 -2 -1   16   7   8   8   0   5   4  20   0   1   1   3   0   0   2   9   9   0   0   6  0.19 0.11
  128 N    0  1  1  1 -2 -1  0  2  0 -3 -3 -1 -2 -3  2  1  1 -3 -1 -2    6   8   5   8   0   2   5  18   3   1   1   1   0   0  11  15  12   0   3   1  0.24 0.13
  129 K    1  0  0  1 -3  0 -1  2  4 -3 -3 -1 -2 -3  2  1  0 -3 -1 -2   15   6   2   8   0   5   2  18  15   1   1   2   0   0   9   8   5   0   1   1  0.26 0.15
  130 A    4 -2 -1 -2 -2  0 -1 -1 -3 -2 -1 -1 -2 -3  3  0 -1 -4 -3 -1   54   0   2   0   0   3   4   3   0   0   5   4   0   0  14   5   0   0   0   4  0.52 0.30
  131 T   -1 -3 -2  0 -3 -2 -2 -1  2 -2 -3 -2 -2 -3  3  0  5 -3  1 -1    2   0   0   4   0   0   0   4   5   0   1   0   0   0  13   4  52   0   7   4  0.63 0.35
  132 A    1 -2 -2  0  0 -2 -2  1 -2  0 -2 -2 -2  1  0  0  4 -2  1  0   11   0   0   4   3   0   0  11   0   4   1   0   0   8   4   5  33   0   6   8  0.23 0.20
  133 L   -2 -2 -3 -4 -2 -3 -3 -4 -3  2  3 -3  1  3 -3 -1  0 -2  2  1    1   2   0   0   0   0   0   1   0  15  38   0   2  17   0   5   5   0   7   6  0.40 0.22
  134 Q   -2 -2  0 -1 -3  2 -2 -4 -3  1  1 -1  7  0 -3 -2 -1 -3 -2  0    1   0   4   4   0  13   0   1   0   7   7   4  45   4   0   1   3   0   0   5  0.66 0.37
  135 L   -1 -3 -4 -4 -2 -1 -3 -2 -3  1  4 -3  1  0 -3 -2 -1 -3 -2  1    6   0   0   0   0   4   0   4   0   5  62   0   2   2   0   2   2   0   0   8  0.52 0.28
  136 R    0  4 -1 -2 -3 -1 -2 -1  5 -2 -1  0  1 -2 -1 -2 -2  2  0  0   10  26   2   1   0   0   0   3  22   0   6   6   5   0   2   1   0   3   3   7  0.35 0.24
  137 V    2 -3 -2 -1 -2 -2 -1 -3 -3  2  0 -2  0 -2 -3 -2  0 -3 -2  4   17   0   2   3   0   0   4   1   0  10   7   2   1   0   0   1   5   0   0  46  0.36 0.23
  138 Y   -1 -1 -2 -1 -2  0 -1 -2  2 -2 -2 -2  0  0 -3  0  0 -1  7  0    3   3   0   3   1   4   5   3   6   2   1   0   3   0   0   8   6   0  46   6  0.59 0.30
  139 N   -2 -1  3  4 -3 -1  1  3 -2 -4 -4  1 -3 -4 -2 -1 -2 -4 -3 -3    1   2  21  26   0   1   6  25   0   1   1  10   0   0   1   3   1   0   0   1  0.53 0.22
  140 G   -1 -3  1 -1 -4 -2 -3  6 -3 -4 -4  0 -3 -4 -3 -2 -3 -3 -4 -4    1   1   6   2   0   1   1  76   0   1   1   6   0   0   1   1   1   0   0   1  1.22 0.37
  141 D    0  2  1  2 -2  0 -1  1 -1 -2 -2  0 -2 -3 -2  1  2 -3 -2  0    5  15   8  14   0   3   1   9   0   1   1   5   0   0   1  14  14   0   0   8  0.19 0.12
  142 L   -2 -1 -3 -1 -2 -3 -3 -1 -3  1  5 -3  2 -1 -3 -3 -2 -3 -2  0    1   4   1   4   0   0   1   5   0   6  67   1   4   0   1   1   1   0   0   5  0.60 0.27
  143 K   -1  4  0 -2 -3  0 -1 -2 -1 -2 -1  2  1 -1 -2  0  1  1  3 -1    4  26   3   1   0   1   1   1   0   1   5  14   5   0   1   6  11   2  15   5  0.27 0.18
  144 S   -1  1  1 -2 -3 -2 -2 -2  3 -2 -1 -2 -2  2 -3  0 -2  3  6 -2    6   7   7   2   0   0   1   3   7   1   5   1   0   8   1   7   1   3  40   1  0.56 0.26
  145 Y   -2 -3 -1 -4 -3 -3 -3 -4  3 -2 -1 -3 -2  1 -4 -3 -3  0  8  1    2   1   3   1   0   0   1   1   8   1   4   1   0   2   1   1   1   0  61  12  1.19 0.42
  146 K   -1  1  2  2 -3  0  1  0  4 -3 -3  0 -2 -3 -1  1  0 -3 -2 -3    3   9  11  15   0   3  10   7  15   2   1   3   1   0   2  11   6   0   0   1  0.27 0.14
  147 S    0  0  1  2 -3  0 -1  4  1 -3 -3 -1 -2 -3 -2  1  0 -3 -1 -3    4   6   7  16   0   3   2  33   4   1   1   2   0   1   1  10   4   0   2   1  0.35 0.15
  148 N    1  0  0  0 -3  2  2 -1  1 -2 -3  1 -2 -3  3  0  1 -3 -2 -2   11   2   5   5   0  14  12   5   3   2   1   9   0   0  14   4  10   0   0   1  0.27 0.14
  149 S    0 -2 -2  0 -2 -2 -1 -2 -3  0  0 -2  0  0 -1  0  3 -3 -2  3    9   1   0   5   0   0   4   1   0   3   7   1   1   4   2   6  27   0   0  28  0.23 0.18
  150 V   -2 -3 -3 -4 -2 -3 -3 -4 -4  3  3 -2  0  1 -3 -2  1 -3 -2  3    1   0   0   0   0   0   0   1   0  19  31   1   1   4   0   0   9   0   0  30  0.47 0.23
  151 A    3 -1 -2  0 -2 -1  2 -1 -2 -1 -1  0  0 -2 -2 -1  0 -3  0  1   35   1   0   6   0   0  17   2   0   0   5   4   2   0   0   1   5   0   3  15  0.22 0.19
  152 T    0  0 -1  2 -3  0 -1 -2 -1 -3 -3 -1 -2 -3  2  2  4 -4 -3 -2    5   6   1  13   0   2   2   2   1   0   1   3   0   0  10  19  32   0   0   1  0.40 0.23
  153 D   -1  1  4  3 -4 -1 -1  2  2 -4 -4 -1 -3 -4  0 -1 -2 -4 -2 -4    3   7  29  21   0   0   1  20   7   0   1   0   0   0   5   3   0   0   1   0  0.55 0.25
  154 I    1 -3 -3 -1 -2 -3 -3 -3  1  5  0 -3  1 -2 -3 -2 -2 -3 -2  2   17   0   0   3   0   0   0   1   5  45   5   0   4   0   0   0   0   0   0  17  0.48 0.26
  155 Y    0 -2 -3 -4 -3 -3 -3 -4 -1 -2 -2 -3 -2  0 -4 -2 -3  2  8  2    8   1   0   0   0   0   1   1   0   0   3   0   0   0   0   2   1   2  65  15  1.22 0.40
  156 N   -2 -2  4  5 -4 -1  1  2 -2 -4 -4 -1 -4 -4 -3 -1 -2 -4 -4 -4    1   0  27  40   0   0   6  20   0   0   1   1   0   0   0   1   1   0   0   1  0.81 0.28
  157 K    0  5 -2 -2 -3  0 -1 -3 -2 -3 -1  3 -2 -3 -2  0  2 -3 -3 -2    8  43   0   0   0   2   1   1   0   0   6  17   0   0   0   3  16   0   0   1  0.56 0.24
  158 W   -2 -4 -4 -4 -4 -3 -4 -1 -4 -4 -4 -4 -3 -2 -4  1  0 11  0 -4    3   0   0   0   0   0   1   6   0   0   1   0   0   0   0  12   6  65   2   1  2.27 0.52
  159 L   -2 -3 -4 -4 -3 -3 -4 -4 -3  2  1 -3  0  6 -4 -3  0  2  0  3    1   0   0   0   0   0   1   1   0   9   8   0   1  43   0   1   5   2   0  25  0.65 0.25
  160 R   -1  6  2 -2 -4  0 -1 -3  3 -4 -3  1 -3 -4 -3 -2 -1 -1 -2 -3    6  60   9   0   0   2   1   1   9   0   1   4   0   0   0   1   4   1   0   1  0.89 0.32
  161 V   -2 -3 -4 -4 -2 -3 -3 -4 -3  2  4 -3  0  1 -3 -3 -2 -3 -2  3    2   0   0   0   0   0   1   1   0   8  52   0   0   7   0   1   1   0   0  25  0.57 0.23
  162 N   -3 -2  8 -1 -4 -1  0 -2 -1 -4 -4  1 -4 -4 -3 -1 -2 -5 -4 -4    1   0  78   0   0   0   6   1   0   0   1   9   0   0   0   1   1   0   0   1  1.43 0.44
  163 V    0 -3 -3 -3  1 -3 -3 -3 -4  2 -1 -3 -1 -2 -3 -2  2 -4 -2  5    6   0   0   0   3   0   1   1   0   6   2   0   0   0   0   1  19   0   0  58  0.61 0.28
  164 I    0 -3 -3 -3 -2 -1 -2 -3 -3  4  0 -1  1 -2 -3 -2 -1 -3 -2  4    8   0   0   0   0   2   2   1   0  36   1   5   2   0   0   1   1   0   0  39  0.52 0.24
  165 H   -3 -2  1 -3 -4 -2 -2 -4 10 -4 -4 -3 -3  2 -4 -3 -3 -4  0 -4    1   0   5   0   0   0   1   1  79   0   1   0   0   8   0   1   1   0   1   1  2.01 0.52
  166 K   -2 -2  3  6 -4  1  0 -2 -2 -3 -3 -1 -1 -2 -3 -1 -2 -4 -3 -1    3   0  19  51   0   8   3   1   0   0   1   1   2   2   0   1   1   0   0   6  0.78 0.28
  167 V    2 -3 -3 -3 -2 -3 -3 -2 -3  1 -1 -3  0 -1 -1 -2  0 -3 -2  5   23   0   0   0   0   0   1   2   0   2   1   0   1   3   3   1   5   0   0  57  0.54 0.27
  168 G    0  0  0  4 -4 -1  1  4 -2 -4 -4 -1 -4 -4 -3  0  0 -4 -3 -4    6   7   1  31   0   2   7  35   0   0   0   1   0   0   0   4   5   0   1   0  0.60 0.24
  169 K    4 -2  1 -2 -2 -2 -1  0 -1 -1 -2  0 -2 -3 -2  1  1 -4 -3 -1   51   1   9   0   0   0   2   5   1   4   3   7   0   0   0   7   7   0   0   2  0.38 0.22
  170 G    0  1  1 -1 -3 -1  0  3  1 -4 -4  0 -2 -4 -2  3 -1 -4 -3 -4    2  10   5   1   0   0   5  29   5   0   0   3   1   0   1  37   0   0   0   0  0.51 0.25
  171 E   -1  1  3 -2 -3  1 -1 -2  2 -2 -3  3  0 -3 -3  1  2 -2 -2 -1    4   9  16   0   0   4   1   0   7   1   0  24   3   0   0   7  19   1   0   3  0.33 0.19
  172 I   -1 -1 -4 -4 -2 -3 -3 -4  0  3  2 -3  0  0 -4 -3 -2 -3  0  4    5   4   0   0   0   0   0   0   3  19  15   0   0   4   0   0   0   0   4  45  0.49 0.22
  173 T    0  1 -1  0 -3  1 -1 -3  1 -1 -3  3 -1 -3 -2  1  3 -3  0 -2    8   7   0   5   0   4   0   0   4   3   0  26   2   0   0   8  28   0   4   0  0.33 0.21
  174 V   -1 -4 -4 -5 -3 -4 -4 -5 -5  4  0 -4  1 -2 -4 -3 -2 -4 -3  6    2   0   0   0   0   0   0   0   0  20   2   0   3   0   0   0   0   0   0  70  1.01 0.36
  175 F   -4 -4 -5 -6 -5 -4 -5 -6 -1 -3 -3 -5 -3  5 -6 -4 -4  3  9 -4    0   0   0   0   0   0   0   0   0   0   0   0   0  24   0   0   0   3  73   0  2.07 0.55
  176 I   -1 -4 -5 -5 -3 -4 -4 -5 -5  5  1 -4  0  2 -4 -3 -2 -4 -2  4    3   0   0   0   0   0   0   0   0  42   8   0   0   8   0   0   0   0   0  39  0.81 0.30
  177 N   -4 -3  5  7 -5 -2 -1 -3 -2 -5 -6 -3 -5 -6 -4 -2 -3 -6 -5 -5    0   0  36  64   0   0   0   0   0   0   0   0   0   0   0   0   0   0   0   0  1.64 0.48
  178 G   -2 -1  0  2 -5 -3 -3  6 -4 -6 -6 -3 -5 -5 -4 -2 -3 -5 -5 -5    0   5   5  11   0   0   0  80   0   0   0   0   0   0   0   0   0   0   0   0  1.44 0.41
  179 Q    0 -1 -1  0 -1  1  3 -1 -2 -1 -2  2 -2 -3 -2  1  0 -4 -3  2    5   1   1   4   1   8  22   5   0   1   1  15   0   0   0  12   4   0   0  21  0.23 0.16
  180 Q   -2  2 -1 -2 -3  3  1 -4  1 -2  3  1 -1  0 -1 -2 -2 -3 -2 -2    0  14   2   0   0  19  11   0   4   0  35   8   0   4   3   0   0   0   0   0  0.33 0.21
  181 K   -1  3 -2 -2 -3  0  0 -3 -2 -1 -2  5  1 -3 -3 -1 -2 -4 -3  2    5  13   0   0   0   2   5   0   0   2   2  44   4   0   0   2   0   0   0  21  0.48 0.25
  182 L   -3 -3 -3 -3 -3 -2 -3 -3  3 -1  2 -3  0  5 -4 -3 -1 -1  5 -1    0   0   0   2   0   2   0   2   8   2  25   0   1  26   0   0   5   0  23   3  0.56 0.23
  183 V   -1  2  1  0 -3  1  2  0  0 -2 -3 -1 -2 -3 -2  1  2  1 -2 -1    3  15   5   2   0   6  21   7   2   1   0   0   0   0   0   8  21   3   0   6  0.26 0.16
  184 V    2 -3 -2  1 -2 -2 -1  0 -3  0 -1 -2 -1  0 -2  0  2 -3  0  2   21   0   0   9   0   0   3   8   0   5   0   1   1   3   1   3  15   0   3  27  0.18 0.15
  185 N    1  0  1  2 -3  0  0 -1 -1 -3 -3  1 -2 -4  3  2  0 -4 -3 -2   12   3   7  17   0   3   3   2   1   0   1   8   0   0  17  17   6   0   0   3  0.34 0.14
  186 D   -2 -1  2  4 -4 -2 -1  4 -2 -3 -4 -2 -3 -4 -3  1 -2 -4 -4  0    0   2  10  29   0   0   2  34   0   0   0   0   0   0   0  11   0   0   0  11  0.57 0.23
  187 D    0  4  0  1 -3  1  0 -3  5 -1 -3  0 -2 -3  0  0  0 -3  0 -2    9  29   3   9   0   4   3   0  18   5   0   3   0   0   4   4   5   0   2   2  0.35 0.17
  188 G    0 -3 -2 -3 -4 -3 -4  6 -4 -5 -5 -3 -4 -5  4 -1 -2 -5 -5 -4    5   1   0   0   0   0   0  68   0   0   0   0   0   0  22   3   2   0   0   0  1.31 0.37
  189 P    0  0 -1 -2 -3 -2 -2  4  0 -4 -4 -2 -3 -3  3  2 -2 -3 -1 -3    8   6   2   1   0   0   1  42   2   0   1   0   0   0  15  18   0   0   2   0  0.58 0.20
  190 A    1 -1  0  3 -3 -1  1  2  0 -3 -3  0 -2 -3 -2  1  0 -3 -1 -2   16   3   2  21   0   0   9  21   2   1   1   5   0   0   1  11   4   0   3   1  0.29 0.12
  191 E   -1 -1  1  0 -3 -1  0 -2 -1 -3 -2 -2 -3 -1 -1  4  3 -4 -3 -3    0   2   6   5   0   0   5   1   1   0   3   0   0   4   2  49  20   0   0   0  0.50 0.26
  192 H   -4  0  0 -4 -5 -2 -3 -4  8 -4 -2 -3 -3  4 -5 -3 -4  2  4 -4    0   6   4   0   0   0   0   0  50   0   4   0   0  16   0   0   0   3  16   0  1.29 0.40
  193 Y   -2 -4 -5 -6 -5 -4 -4 -5  2 -4 -4 -4 -3  2 -5 -4 -4  0  9 -4    3   0   0   0   0   0   0   0   3   0   0   0   0   5   0   0   0   0  89   0  2.27 0.58
  194 F   -4 -5 -4  3 -5 -4 -4 -5 -3 -3 -2 -4 -2  8 -5 -1 -4 -2  1 -3    0   0   0  17   0   0   0   0   0   0   0   0   0  75   0   6   0   0   1   1  1.53 0.46
  195 K   -3  0 -3 -3 -6 -1 -2 -4 -3 -5 -5  8 -4 -6 -3 -3 -3 -6 -4 -5    0   0   0   0   0   0   0   0   0   0   0 100   0   0   0   0   0   0   0   0  1.88 0.56
  196 C   -1 -4  1 -4  6 -4 -5 -4 -3  0 -2 -4 -2  7 -5 -3 -3 -2  1 -2    4   0   9   0  23   0   0   0   0   7   0   0   0  53   0   0   0   0   3   0  1.18 0.38
  197 G   -2 -5 -1 -3 -5 -4 -4  7 -4 -6 -6 -4 -5 -5 -4 -2 -4 -5 -5 -4    0   0   2   0   0   0   0  97   0   0   0   0   0   0   0   0   0   0   0   1  1.98 0.49
  198 V    2 -4 -4 -4 -2 -3 -4 -4 -4  0 -1 -4 -1 -3 -4 -1  0 -5 -3  6   19   0   0   0   0   0   0   0   0   0   3   0   0   0   0   4   3   0   0  71  0.85 0.35
  199 Y   -5 -4 -5 -6 -5 -4 -5 -6 -1 -4 -4 -5 -4  0 -6 -4 -4  0 10 -4    0   0   0   0   0   0   0   0   0   0   0   0   0   0   0   0   0   0 100   0  2.75 0.67
  200 A    2  0  0 -2 -2 -1 -1  0  2 -2 -2  0  2 -3 -2  1  3 -3 -2  0   22   5   5   0   0   0   2   7   5   0   0   4   9   0   0   6  28   0   0   4  0.25 0.17
  201 A    0  1  0 -2 -4  6 -1 -3  2 -2 -3  0 -2 -4 -3  0  2 -4 -3 -3    9   5   3   0   0  54   0   0   5   2   0   3   0   0   0   3  14   0   0   0  0.78 0.33
  202 P    0  0  2  0 -2 -1 -1  1  4 -3 -2 -1 -1 -3  2  0  1 -3 -1 -2   10   5  13   5   0   1   1  13  18   1   4   2   1   1  11   2  10   0   0   1  0.27 0.12
  203 D   -2 -1  4  4 -4 -1  0 -1  4 -2 -4 -1 -3 -3 -3  2 -1 -4 -2 -3    1   2  23  26   0   1   5   4  13   3   0   0   0   1   0  17   3   0   0   1  0.51 0.22
  204 G   -1 -2  2  3 -3 -1 -1  3  0 -4 -3 -1 -3 -4  3  0 -2 -4 -3 -3    4   0   9  23   0   1   1  31   3   0   2   3   0   0  13   7   0   0   0   0  0.51 0.18
  205 S    1  1  0 -1 -2  0 -1  0 -1 -1 -2  0  0 -2  2  2  0 -1 -2  0   11  10   2   2   0   5   2   7   1   4   1   6   4   0   8  23   5   1   0   6  0.14 0.08
  206 S    1 -3 -2 -2  3 -2 -2  3 -3 -4 -4 -2 -3 -4 -1  5 -1 -4 -4 -2    9   0   0   0   6   0   0  19   0   0   0   0   0   0   3  59   1   0   0   2  0.77 0.33
  207 N   -1 -1  3  1 -2 -1  0  0  4 -2 -2 -1 -2 -1  2  0  0 -2  2 -2    5   1  17   8   0   1   6   7  13   1   2   1   0   1  13   7   6   0   9   1  0.26 0.11
  208 Y   -2  2 -2 -3  3 -2 -2 -2 -1 -2  0 -1 -2  0 -1 -2 -2  0  6  0    1  15   1   1   9   1   1   4   0   1   8   3   0   1   2   2   1   0  43   6  0.60 0.23
  209 M   -2 -3 -3 -4 -3 -2 -3 -1 -3  0  0 -3  9 -2 -4  1 -2 -3 -3  0    2   0   0   0   0   0   0   5   0   4   1   0  67   0   0  12   0   0   0   6  1.22 0.42
  210 E   -3 -2  0  1 -5  0  6 -4 -2 -2 -4 -1 -4 -5 -3 -1  0 -5 -4 -4    0   0   3   3   0   0  78   0   0   4   0   2   0   0   0   4   5   0   0   0  1.20 0.40
  211 S    1 -3 -1 -2  0 -2 -2 -2 -3  0 -2 -2 -2 -3 -2  5  1 -4 -3  2   13   0   2   0   2   0   0   0   0   6   0   0   0   0   0  54   5   0   0  15  0.54 0.27
  212 R   -3  6 -2 -3 -4  1  0 -3  2 -4 -3  1 -3 -1 -3 -2  0 -2  0 -3    1  65   0   0   0   5   3   0   5   0   1   2   0   3   0   0   8   1   4   0  0.95 0.31
  213 W   -5 -5 -6 -7 -5 -5 -6 -5 -5  1 -3 -6 -3  3 -6 -4 -5 12  0 -3    0   0   0   0   0   0   0   0   0   8   0   0   0  12   0   1   0  77   0   2  3.10 0.63
  214 K   -2  4 -1 -1 -4 -1 -1 -3 -2 -4 -4  5 -1 -4 -3  2  0 -4 -3 -4    0  24   1   3   0   0   0   0   0   0   0  45   2   0   0  20   5   0   0   0  0.73 0.29
  215 N   -3 -3  6  3 -5 -2  0  3  0 -5 -5 -2 -4 -4 -4 -1 -2 -5 -1 -5    0   0  47  20   0   0   3  25   2   0   0   0   0   0   0   0   0   0   3   0  0.96 0.32
  216 I   -2 -4 -5 -5 -3 -4 -5 -5 -5  6  1 -4  0 -2 -4 -4 -2 -4 -3  4    0   0   0   0   0   0   0   0   0  51   7   0   0   0   0   0   0   0   0  41  1.03 0.33
  217 K   -1  4 -1 -2 -4  2 -1 -3  2 -4 -4  5 -3 -4 -3 -1  1 -4 -3 -3    5  24   2   0   0   9   0   0   5   0   0  44   0   0   0   2  10   0   0   0  0.69 0.27
  218 L   -2 -4 -4 -4 -3 -3 -4 -1 -1  3  2 -3  1  3 -4 -3 -2 -2  2  3    0   0   0   0   0   0   0   5   2  22  15   0   3  17   0   0   0   0   8  27  0.43 0.18
  219 Y   -4 -4 -5 -6 -4 -4 -4 -5 -2 -2  2 -4 -2  3 -5 -3 -4  9  6 -3    0   0   0   0   0   0   0   0   0   0  23   0   0  13   0   1   0  32  31   0  1.48 0.37
  220 K   -2  3  0 -2 -3 -1 -1 -3  3 -3 -3  4 -2 -2 -3 -1  4 -4 -2 -1    0  19   3   0   0   0   0   0   8   0   0  29   0   2   0   1  34   0   0   3  0.57 0.26
  221 S   -3  3  0 -2 -5  0 -1 -3 -2 -5 -4  7 -3 -5 -3 -2 -2 -5 -4 -4    0  14   4   0   0   0   0   0   0   0   0  81   0   0   0   1   1   0   0   0  1.28 0.39
  222 D   -1 -1  3  4 -3  2  2 -1 -1 -3 -3  0 -2 -4 -2  1  1 -4 -3 -3    0   0  24  28   0  16  10   0   0   0   0   0   0   0   0  15   8   0   0   0  0.47 0.07
  223 N    0 -1  2  3 -2 -1  0 -1 -1 -2 -3 -1 -2 -3 -2  3  1 -4 -2 -1    0   0   9  28   0   0   0   0   0   0   0   0   0   0   0  46   8   0   0   9  0.35 0.04
  224 K    0  2  0 -1 -3  1  1 -1 -1 -3 -3  4 -2 -3 -1  2  0 -3 -2 -2    0   0   0   0   0   0   0   0   0   0   0  75   0   0   0  25   0   0   0   0  0.42 0.01
  225 L   -1 -3 -3 -4 -1 -3 -3 -4 -3  3  3 -3  1  0 -3 -2 -1 -2 -1  3    0   0   0   0   0   0   0   0   0  32  33   0   0   0   0   0   0   0   0  35  0.33 0.00
  226 E   -1  0  0  2 -4  2  5 -2  0 -3 -3  1 -2 -3 -1  0 -1 -3 -2 -3    0   0   0   0   0   0 100   0   0   0   0   0   0   0   0   0   0   0   0   0  0.74 0.00
  227 G    0 -2  0 -1 -3 -2 -2  6 -2 -4 -4 -2 -3 -3 -2  0 -2 -3 -3 -3    0   0   0   0   0   0   0 100   0   0   0   0   0   0   0   0   0   0   0   0  1.04 0.00
  228 C   -1  1 -1 -2  7  0 -1 -2 -2 -2 -2  3 -1 -3 -2 -1 -1 -3 -2 -2    0   0   0   0  50   0   0   0   0   0   0  50   0   0   0   0   0   0   0   0  0.52 0.00
  229 N   -1 -1  4  0 -3 -1 -1  4  0 -4 -4 -1 -3 -3 -2  0 -1 -3 -3 -3    0   0  50   0   0   0   0  50   0   0   0   0   0   0   0   0   0   0   0   0  0.62 0.00
  230 N   -2  0  6  1 -3  0  0  0  1 -3 -4  0 -2 -3 -2  1  0 -4 -2 -3    0   0 100   0   0   0   0   0   0   0   0   0   0   0   0   0   0   0   0   0  0.73 0.00
  231 N   -2  0  6  1 -3  0  0  0  1 -3 -3  0 -2 -3 -2  1  0 -4 -2 -3    0   0   0   0   0   0   0   0   0   0   0   0   0   0   0   0   0   0   0   0  0.00     0.00
  232 H   -2  0  1 -1 -3  0  0 -2  7 -3 -3 -1 -2 -1 -2 -1 -2 -2  2 -3    0   0   0   0   0   0   0   0   0   0   0   0   0   0   0   0   0   0   0   0  0.00     0.00
  233 G    0 -2  0 -1 -2 -2 -2  5 -2 -4 -4 -2 -3 -3 -2  0 -2 -2 -3 -3    0   0   0   0   0   0   0   0   0   0   0   0   0   0   0   0   0   0   0   0  0.00     0.00
  234 T    0 -1  0 -1 -1 -1 -1 -2 -2 -1 -1 -1 -1 -2 -1  1  4 -2 -2  0    0   0   0   0   0   0   0   0   0   0   0   0   0   0   0   0   0   0   0   0  0.00     0.00
  235 W   -2 -3 -4 -4 -2 -2 -3 -2 -2 -3 -2 -3 -1  1 -4 -3 -2 10  2 -3    0   0   0   0   0   0   0   0   0   0   0   0   0   0   0   0   0   0   0   0  0.00     0.00
  236 L   -1 -2 -3 -4 -1 -2 -3 -4 -3  1  4 -2  2  0 -3 -2 -1 -2 -1  1    0   0   0   0   0   0   0   0   0   0   0   0   0   0   0   0   0   0   0   0  0.00     0.00
  237 V    0 -2 -3 -3 -1 -2 -2 -3 -3  2  1 -2  1 -1 -2 -2  0 -3 -1  4    0   0   0   0   0   0   0   0   0   0   0   0   0   0   0   0   0   0   0   0  0.00     0.00
  238 Q   -1  1  0  0 -3  5  2 -2  0 -3 -2  1  0 -3 -1  0 -1 -2 -1 -2    0   0   0   0   0   0   0   0   0   0   0   0   0   0   0   0   0   0   0   0  0.00     0.00

                      K         Lambda
Standard Ungapped    0.1365     0.3190
Standard Gapped      0.0439     0.2670
PSI Ungapped         0.1435     0.3147
PSI Gapped           0.0439     0.2670
