
Last position-specific scoring matrix computed, weighted observed percentages rounded down, information per position, and relative weight of gapless real matches to pseudocounts
           A  R  N  D  C  Q  E  G  H  I  L  K  M  F  P  S  T  W  Y  V   A   R   N   D   C   Q   E   G   H   I   L   K   M   F   P   S   T   W   Y   V
    1 M   -3 -3 -4 -5 -3 -3 -4 -4 -3  0  1 -3  8  5 -4 -3 -2 -2  0  0    0   0   0   0   0   0   0   0   0   0   5   0  62  31   0   0   0   0   0   2  1.09 0.24
    2 S    0 -2  2 -2 -3 -2 -2 -2 -2 -3 -3 -2 -3 -4  5  3  1 -4 -3  0    7   0  13   0   0   0   0   0   0   0   0   0   0   0  35  31   7   0   0   7  0.71 0.16
    3 N    3  0  0 -2  4 -1  0 -1 -1 -1 -2 -1 -2 -2 -1  1  0 -2  1  0   37   7   4   0  11   1   6   2   1   1   0   2   0   0   1  10   4   0   8   6  0.21 0.10
    4 F   -2  0 -4 -4 -3 -3 -3 -4 -1  1  3 -3  2  3 -3 -3 -2 -1  4  0    2   7   0   0   0   0   0   0   2   5  47   0   4  14   0   0   0   0  16   4  0.47 0.15
    5 K    0 -1 -1 -1  1 -1  0 -2 -1 -2 -2  1  0 -3  2  2  3  1 -2 -1    6   2   1   1   4   1   5   0   1   0   2  13   2   0  12  15  28   2   0   5  0.27 0.12
    6 S    0 -2  0 -1 -3  0 -1  3 -2 -4 -4 -1 -1 -4  3  2  1 -4 -3 -3    7   0   4   1   0   3   3  25   0   0   0   3   1   0  17  23  12   0   0   0  0.47 0.16
    7 K    0 -1 -1  0 -4  0  4 -3 -2 -4 -4  3 -3 -4  2  1 -1 -4 -2 -3    7   1   1   4   0   2  36   1   0   0   0  25   0   0  11   9   2   0   1   0  0.57 0.21
    8 Y   -3 -2 -2 -4 -1  4 -1 -5  0 -2  0 -2  0  3 -4 -3 -3 -1  7 -2    0   1   1   0   1  24   2   0   1   0   9   1   3  10   0   0   0   0  45   2  0.92 0.31
    9 H    3  1 -1  0 -3  3  1 -2  1 -4 -3  3 -1 -4 -2  1 -1 -4 -3 -3   27   6   0   5   0  15   5   1   3   0   0  24   1   0   0   9   2   0   0   0  0.41 0.20
   10 D    0 -1  1  4 -5  1  4 -3 -2 -5 -5  3 -4 -5 -3 -1 -2 -5 -4 -4    8   1   4  28   0   4  28   0   0   0   0  22   0   0   0   3   1   0   0   0  0.72 0.27
   11 E   -2  1 -3  0 -6  1  7 -5 -2 -5 -5 -1 -4 -6 -4 -2 -3 -6 -5 -5    3   7   0   4   0   4  80   0   0   1   0   1   0   0   0   1   0   0   0   0  1.51 0.47
   12 L   -4 -5 -6 -6 -4 -5 -6 -7 -6 -1  6 -5  1 -2 -6 -5 -4 -4 -4 -1    0   0   0   0   0   0   0   0   0   1  97   0   1   0   0   0   0   0   0   1  1.66 0.49
   13 I    1  1 -1 -2 -3  1  1 -3 -1  2 -1  1 -1 -3 -3  1 -1 -4 -3  1   10  10   3   1   0   6  12   0   1  21   1   8   0   0   0  15   1   0   0  12  0.19 0.15
   14 A    2  0 -1  3  1  0  2 -2 -1 -4 -4  2 -3 -4 -3  1  0 -4 -3 -3   20   4   1  21   4   4  13   1   1   0   0  17   0   0   0  10   3   0   0   0  0.39 0.19
   15 N   -3 -4  2 -4 -3 -4 -4 -5 -4  5 -2 -3 -2 -4 -4 -2  5 -5 -4  0    0   0   9   0   0   0   0   0   0  37   0   1   0   0   0   0  49   0   0   4  1.02 0.40
   16 A    6 -4 -4 -5 -3 -4 -4 -3 -4 -1 -4 -3 -1 -5 -4 -1 -2 -5 -4  0   87   0   0   0   0   0   0   0   0   3   0   0   2   0   0   1   1   0   0   5  1.39 0.48
   17 A    0  2  2 -1 -3  3  0 -3  2 -3 -1  3 -2 -4 -3 -1 -1 -4 -2 -2   11  11  10   1   0  16   5   0   6   1   6  26   0   0   0   3   1   0   0   2  0.36 0.19
   18 Y    4  2 -1 -2 -2  0 -2 -2  0 -3 -3  2 -2 -2 -3  0  1 -3  2 -2   39  14   1   1   0   4   0   1   2   0   1  13   0   1   0   3  10   0   9   0  0.40 0.23
   19 I   -3 -5 -5 -6 -3 -4 -5 -6 -5  6  3 -5  5 -2 -5 -4 -3 -4 -3  1    0   0   0   0   0   0   0   0   0  52  24   0  18   1   0   0   0   0   0   4  1.12 0.37
   20 G    3 -4 -4 -5  1 -4 -4 -1 -5  0 -1 -4 -1 -3 -4 -1  0 -5 -4  5   24   0   0   0   2   0   0   5   0   0   3   0   0   0   0   2   4   0   0  59  0.80 0.34
   21 T    5 -1 -3 -3  0  1 -2 -2 -2 -3 -3 -1 -3 -4 -3  2  2 -5 -4 -2   51   3   0   0   2   8   1   1   1   0   1   1   0   0   0  15  16   0   0   1  0.65 0.30
   22 P   -1 -2  0  0 -5 -2 -2 -2 -3 -5 -3  0 -4 -6  7 -2 -2 -6 -5 -4    4   2   5   6   0   1   2   3   0   0   2   4   0   0  66   2   1   0   0   1  1.54 0.42
   23 G   -2 -5 -2 -3 -5 -3 -4  7 -5 -7 -7 -4 -4 -6 -5 -3 -4 -5 -6 -6    0   0   1   1   0   1   1  96   0   0   0   0   1   0   0   0   0   0   0   0  2.13 0.53
   24 K   -4  3 -3 -4 -5 -1 -2 -4 -2 -6 -5  7 -4 -5 -4 -3 -3 -6 -4 -5    0  13   0   0   0   1   0   0   1   0   0  84   0   0   0   0   0   0   0   0  1.71 0.52
   25 G   -3 -5 -3 -4 -6 -5 -5  7 -5 -7 -7 -5 -6 -6 -5 -3 -5 -6 -6 -5    0   0   0   0   0   0   0 100   0   0   0   0   0   0   0   0   0   0   0   0  2.32 0.57
   26 I   -4 -6 -6 -6 -4 -5 -6 -7 -6  7  2 -5 -1 -3 -6 -5 -3 -5 -4  1    0   0   0   0   0   0   0   0   0  83  14   0   0   0   0   0   0   0   0   3  1.65 0.47
   27 L   -4 -5 -6 -6 -4 -5 -6 -6 -6  0  6 -5  0 -2 -3 -5 -4 -4 -4 -2    0   0   0   0   0   0   0   0   0   3  95   0   0   0   1   0   0   0   0   0  1.56 0.47
   28 A    7 -4 -4 -5 -2 -4 -4 -3 -5 -4 -4 -4 -4 -5 -4 -1 -2 -6 -5 -2   97   0   0   0   1   0   0   0   0   0   0   0   0   0   0   0   1   0   0   1  1.74 0.55
   29 A    6 -4 -4 -4  1 -3 -4 -2 -4  0 -2 -3  4 -4 -4 -1 -2 -5 -4  0   71   0   0   0   2   0   0   0   0   6   0   0  13   0   0   2   0   0   0   4  1.05 0.41
   30 D   -5 -5 -2  8 -7 -3 -2 -5 -4 -7 -7 -4 -6 -7 -5 -3 -4 -8 -6 -7    0   0   0 100   0   0   0   0   0   0   0   0   0   0   0   0   0   0   0   0  2.59 0.66
   31 E   -4 -3 -3 -1 -7 -1  8 -5 -3 -7 -6 -2 -5 -7 -4 -3 -4 -6 -5 -6    0   0   0   1   0   1  99   0   0   0   0   0   0   0   0   0   0   0   0   0  2.25 0.64
   32 S   -2 -4 -2 -3 -4 -3 -3 -3 -4 -6 -5 -3 -5 -6 -4  7 -1 -6 -5 -5    0   0   1   0   0   0   0   0   0   0   0   0   0   0   0  98   1   0   0   0  1.92 0.63
   33 T   -2 -3  4 -2 -3 -2 -3 -1 -2  0 -3 -3 -3 -3 -4  1  6 -5 -3  1    1   0  19   1   0   1   0   3   0   4   1   0   0   1   0   7  52   0   0   9  0.79 0.35
   34 G    2 -3 -1 -2 -2 -2 -2  5 -4 -5 -5 -1 -3 -5  2  0 -2 -5 -4 -4   23   0   2   1   0   1   1  51   0   0   0   3   1   0  10   7   1   0   0   0  0.87 0.30
   35 T   -3 -4 -2 -4 -4 -2 -4 -4 -4 -4 -4 -3 -4 -5 -4  2  7 -5 -4 -2    0   0   1   0   0   1   0   1   0   0   0   0   0   0   0  13  82   0   0   2  1.62 0.54
   36 I   -3 -5 -5 -6  6 -5 -5 -6 -5  6 -1 -5  5 -3 -5 -4 -2 -5 -4  1    1   0   0   0  18   0   0   0   0  54   0   0  20   0   0   0   2   0   0   4  1.32 0.43
   37 G    2 -3  0 -2 -4 -2 -3  6 -2 -5 -5  1 -3 -5 -4 -1 -2 -5 -5 -4   16   1   4   2   0   2   0  60   1   0   0  12   0   0   0   1   2   0   0   0  0.99 0.33
   38 K   -3  0 -1 -3 -6 -1 -2 -4 -4 -6 -5  8 -4 -6 -4 -2 -2 -6 -5 -5    1   1   3   0   0   0   0   0   0   0   0  91   0   0   0   2   1   0   0   0  1.83 0.56
   39 R   -4  8 -3 -5 -6 -2 -3 -5 -3 -6 -5  0 -4 -6 -5 -2 -4  0 -3 -6    0  94   0   0   0   0   0   0   0   0   1   2   0   0   0   2   0   1   1   0  2.22 0.61
   40 L   -4 -5 -6 -6 -4 -5 -5 -6 -4 -2  4 -5  0  7 -6 -5 -4 -2 -1 -2    0   0   0   0   0   0   0   0   0   0  49   0   1  49   0   0   0   0   0   0  1.43 0.44
   41 A    3 -2  0  3 -3  3  2 -2 -2 -4 -4  1 -3 -4 -2  1 -1 -4 -4 -3   29   0   3  18   0  18  11   2   0   0   0   6   0   0   0   8   3   0   0   1  0.48 0.24
   42 S    1  0  0 -1 -2  1 -1  0 -1 -3 -2  1 -2 -4  0  4  1 -4 -3 -2   12   3   4   2   0   5   0   5   1   0   3   8   1   0   4  41   8   0   0   2  0.37 0.21
   43 I   -3 -5 -6 -6 -4 -5 -5 -6 -3  7  0 -5 -1 -2 -5 -5 -3 -5 -3  2    2   0   0   0   0   0   0   0   1  80   5   0   0   0   0   0   0   0   0  10  1.52 0.46
   44 N   -2 -3  4 -2 -5 -1 -3  6 -2 -6 -6  0 -5 -5 -4 -2 -3 -5 -5 -5    2   0  23   1   0   2   0  64   1   0   0   5   0   0   0   1   0   0   0   0  1.30 0.40
   45 V   -2 -4 -5 -5 -2 -4 -5 -5 -5  2  3 -4  0 -2 -4 -4  0 -4 -3  5    1   0   0   0   1   0   0   0   0  11  27   0   1   0   0   0   5   0   0  54  0.89 0.33
   46 E   -3 -3 -3  1 -6 -1  7 -4 -3 -6 -6 -2 -5 -6  1 -2 -2 -6 -5 -4    1   0   0   6   0   0  80   1   0   0   0   0   0   0   8   2   1   0   0   1  1.54 0.50
   47 N   -2 -3  8 -2 -2 -1 -3 -3 -2 -6 -6 -3 -5 -6 -5  2 -2 -6 -5 -5    2   0  76   0   1   1   0   0   0   0   0   0   0   0   0  18   1   0   0   0  1.74 0.53
   48 V   -2 -4  2 -3 -4 -3 -2 -4 -3 -1 -4 -3 -3 -5 -4  0  7 -5 -4  1    0   0  11   0   0   0   2   0   0   3   0   0   0   0   0   5  70   0   0   9  1.19 0.45
   49 E   -2 -2 -3  0 -6 -1  7 -5 -3 -3 -5 -2 -5 -5 -3 -3 -4 -6 -5 -4    2   1   0   2   0   1  90   0   0   2   0   0   0   0   1   0   0   0   0   1  1.81 0.56
   50 T    1 -3 -1  2 -5  0  6 -3 -3 -4 -4 -1 -2 -5 -2  0  0 -5 -4 -2   11   0   1  12   0   2  55   1   0   0   0   1   1   0   2   5   4   0   0   3  0.82 0.33
   51 N   -3 -2  8 -2 -5 -2 -3 -3  2 -4 -4 -2 -2 -4 -5  0 -1 -6 -1 -5    1   1  77   0   0   1   0   0   5   1   2   1   1   0   0   6   3   0   2   0  1.60 0.50
   52 R   -5  8 -4 -5 -7 -1 -3 -5 -3 -6 -5 -1 -5 -6 -3 -4 -4 -6 -5 -6    0  97   0   0   0   1   0   0   0   0   0   0   0   0   1   0   0   0   0   0  2.38 0.64
   53 R   -1  7 -3 -4 -5  4 -2 -5 -3 -5 -5  0 -3 -5 -2 -3 -3 -4 -4 -4    5  72   0   0   0  17   0   0   0   0   0   1   0   0   2   0   0   0   0   1  1.56 0.49
   54 A    4  0 -2  2 -1  1 -1 -2 -2 -2 -1  0 -1  0 -3  0 -1 -4 -2 -2   41   6   1  12   1   9   3   0   0   1   8   5   1   4   0   3   3   0   1   1  0.29 0.20
   55 L   -5 -5 -5 -6 -5 -5 -5 -6 -2 -4  0 -5 -3  3 -6 -5 -5  5  9 -4    0   0   0   0   0   0   0   0   0   0   9   0   0   9   0   0   0   8  74   0  2.15 0.57
   56 R   -5  8 -4 -5 -7 -2 -3 -6 -3 -6 -5 -1 -5 -6 -5 -4 -4 -6 -5 -6    0  99   0   0   0   0   0   0   0   0   1   0   0   0   0   0   0   0   0   0  2.46 0.65
   57 E   -2 -2  0  1 -5  5  5 -2 -2 -5 -4 -1 -3 -5 -3  0  1 -5 -3 -4    3   0   3   4   0  27  46   2   0   0   1   1   0   0   0   5   8   0   1   0  0.91 0.36
   58 L   -3 -5 -6 -6 -4 -4 -5 -6 -5  2  5 -5  6 -2 -5 -5 -3 -4 -3 -1    1   0   0   0   0   0   0   0   0   8  70   0  20   0   0   0   0   0   0   1  1.29 0.42
   59 L   -4 -5 -6 -6 -4 -5 -5 -6 -5  1  6 -5  2 -1 -6 -5 -4 -4 -2 -1    0   0   0   0   0   0   0   0   0   5  87   0   5   1   0   0   0   0   1   0  1.42 0.45
   60 F   -2 -5 -6 -6 -3 -5 -5 -6 -4  0  2 -5 -1  8 -6 -5 -4 -2  1  1    3   0   0   0   0   0   0   0   0   4  18   0   1  63   0   0   0   0   2   8  1.38 0.41
   61 T   -2  2 -2 -3  1 -2 -2 -2 -2 -4 -3 -2 -2 -5 -4  3  6 -5 -4 -3    1  11   1   0   3   0   2   2   1   0   1   1   1   0   0  19  59   0   0   0  0.96 0.40
   62 A    4 -4 -3 -4  1 -3 -3 -3 -4 -3 -4 -3 -3 -4 -2  2  5 -5 -4 -1   38   0   0   0   3   0   0   0   0   0   0   0   0   0   1  14  39   0   0   4  0.85 0.36
   63 P   -2 -3 -2  4 -5 -2  1 -3 -4 -5 -5  1 -5 -6  7 -2 -3 -6 -5 -4    2   0   1  24   0   0   8   1   0   0   0   8   0   0  53   1   1   0   0   1  1.44 0.42
   64 N   -1 -2  1  3 -2  0  2  5 -2 -5 -5  1 -4 -5 -3  0 -2 -4 -4 -4    2   0   8  16   1   2  13  42   1   0   0   8   0   0   0   7   0   0   0   0  0.67 0.25
   65 V    1 -2 -4 -4 -1 -3 -4 -4 -4  3  3 -3  2  0 -4 -2 -2 -3 -2  2   17   2   0   0   1   0   0   0   0  18  39   0   6   3   0   1   0   0   1  12  0.47 0.21
   66 L    0 -2  2 -2 -3 -1  1  3 -2 -2 -1 -1  3 -3 -2  1 -1 -4 -2 -2    8   0  12   0   0   0  11  30   1   2   7   2  12   1   1  10   1   0   1   1  0.33 0.19
   67 Q   -2  0  2  1 -5  4  4 -3 -2 -5 -5  2 -3 -5  1 -1 -2 -5 -4 -4    1   2  12   8   0  25  27   0   0   0   0  15   0   0   7   2   1   0   0   0  0.70 0.29
   68 Y   -2 -4  1 -4  5 -3 -4 -4  3 -4 -4 -4 -4  3 -5  0 -3 -1  7 -4    2   0   9   0  13   0   0   0   8   0   0   0   0  10   0   8   1   0  48   0  1.25 0.42
   69 L   -4 -6 -6 -6 -2 -5 -6 -6 -6  7  1 -5 -1 -2 -5 -5 -3 -5 -4  2    0   0   0   0   1   0   0   0   0  79  11   0   0   1   0   0   0   0   0   9  1.55 0.46
   70 S   -1 -4 -1 -3 -3 -3 -3  3 -4 -5 -5 -2 -4 -5 -4  6 -2 -6 -5 -5    1   0   1   0   0   0   0  20   0   0   0   1   0   0   0  75   0   0   0   0  1.35 0.49
   71 G   -2 -5 -3 -4 -6 -5 -5  7 -5 -7 -7 -5 -6 -6 -5 -2 -4 -6 -6 -6    1   0   0   0   0   0   0  97   0   0   0   0   0   0   0   2   0   0   0   0  2.25 0.57
   72 V    3 -5 -5 -5 -1 -4 -4 -4 -5  1 -2 -4 -1 -4 -3 -3 -2 -5 -4  6   24   0   0   0   1   0   0   0   0   4   0   0   0   0   1   1   1   0   0  68  1.12 0.41
   73 I   -4 -6 -6 -6 -4 -6 -6 -7 -6  8 -1 -6 -2 -3 -6 -6 -4 -6 -4  0    0   0   0   0   0   0   0   0   0  98   2   0   0   0   0   0   0   0   0   0  2.16 0.59
   74 L   -4 -5 -6 -6 -3 -4 -5 -6 -5 -1  6 -5  3  3 -6 -5 -3 -4 -3 -2    0   0   0   0   0   1   0   0   0   0  81   0   6  11   0   0   1   0   0   0  1.33 0.43
   75 F   -5 -5 -6 -6 -5 -4 -6 -6  0 -3 -3 -6 -3  8 -4 -5 -5 -2  6 -4    0   0   0   0   0   1   0   0   2   0   0   0   0  70   1   0   0   0  25   0  2.09 0.55
   76 E   -4 -3 -2  4 -6 -1  5 -5  7 -6 -6 -2 -5 -5 -3 -2 -4 -6 -3 -5    0   0   0  24   0   0  47   0  26   0   0   1   0   0   1   1   0   0   0   0  1.40 0.45
   77 E   -4 -3 -3 -1 -7 -1  8 -5 -3 -7 -6 -2 -5 -7 -4 -3 -4 -6 -5 -6    0   0   0   0   0   0 100   0   0   0   0   0   0   0   0   0   0   0   0   0  2.31 0.66
   78 T   -2 -4 -3 -4 -4 -4 -4 -5 -5 -4 -4 -4 -4 -5 -4 -1  8 -6 -5 -3    1   0   0   0   0   0   0   0   0   0   0   0   0   0   0   2  97   0   0   0  2.14 0.65
   79 L   -3 -5 -6 -6 -4 -5 -5 -6 -5  3  5 -5  1  1 -5 -4 -3 -4 -3  0    1   0   0   0   0   0   0   0   0  15  72   0   2   5   0   1   0   0   0   4  1.12 0.37
   80 Y   -3  3 -3 -5 -5 -3 -4 -1  2 -4 -4 -2 -4  3 -5 -3 -2  2  8 -4    1  18   1   0   0   0   0   4   4   0   0   1   0  12   0   1   2   2  55   0  1.37 0.44
   81 Q   -4 -2 -3 -3 -6  9 -1 -5 -1 -6 -6 -2 -3 -7 -4 -2 -4 -6 -5 -6    0   0   0   0   0  95   1   0   1   0   0   0   0   0   0   1   0   0   0   0  2.47 0.72
   82 S   -2  1  2 -1 -2  0 -1 -3 -1 -5 -4  6 -2 -5 -3  2  0 -5 -3 -4    2   4   8   2   1   3   1   0   1   0   1  53   1   0   0  21   4   0   0   0  0.81 0.34
   83 T    3 -3  0  1  0 -3 -2 -2 -1 -3 -3 -2 -1 -4 -3  1  5 -5 -3 -2   31   0   3   7   2   0   1   2   2   0   1   1   1   0   0  10  40   0   0   0  0.64 0.31
   84 A    2  0 -1  4 -3 -1  0 -2 -3 -2 -2  1 -3 -4  0  1  1 -5 -4 -1   18   4   1  30   0   2   4   1   0   1   3  10   0   0   4  12   7   0   0   4  0.35 0.19
   85 A    0 -3  1  6 -2 -1  0 -1 -1 -5 -5 -2 -3 -5 -3  1 -1 -6 -4 -5    8   0   7  59   1   2   5   3   1   0   0   1   1   0   0   9   3   0   0   0  1.02 0.35
   86 G   -3 -5 -2 -2 -6 -5 -5  7 -5 -7 -7 -4 -6 -6 -5 -3 -5 -6 -6 -6    0   0   1   2   0   0   0  96   0   0   0   0   0   0   0   1   0   0   0   0  2.21 0.57
   87 K   -2  2 -2 -3 -3  0 -1 -3 -3 -1 -2  4 -2 -4 -3 -1  4 -5 -3  2    0  12   0   0   0   3   4   0   0   3   1  27   0   0   0   1  31   0   0  15  0.52 0.28
   88 P   -2 -1 -2 -4 -5 -2 -3 -4 -2 -4 -1  1  0 -5  7  0  0 -4 -5 -4    2   2   1   0   0   1   0   1   1   0   7  11   3   0  57   7   7   0   0   0  1.27 0.39
   89 F   -5 -5 -6 -6 -5 -5 -6 -6 -4  1  2 -5  3  8 -6 -5 -4 -2  0 -2    0   0   0   0   0   0   0   0   0   8  17   0   9  65   0   0   0   0   0   1  1.58 0.46
   90 V    0 -3 -4 -5 -3 -4 -4 -4 -5  0 -1 -4 -1 -4  4 -3  0 -5 -4  5    9   1   0   0   0   0   0   0   0   2   2   0   0   0  20   1   7   0   0  57  0.90 0.36
   91 D   -2 -1  0  5 -5  3  3 -4 -2 -5 -5  3 -4 -5 -3 -1 -2 -5 -4 -5    2   2   2  42   0  13  19   0   0   0   0  17   0   0   0   2   2   0   0   0  0.93 0.33
   92 V   -1 -4 -5 -5  1 -4 -4 -4 -3  3  3 -2  2 -2 -3 -3 -2 -4  0  4    4   0   0   0   3   0   0   0   0  16  32   2   4   0   1   0   0   0   3  33  0.57 0.24
   93 L   -2 -5 -5 -6 -2 -4 -5 -6 -5  4  5 -5  3  0 -5 -4 -3 -4 -3  0    3   0   0   0   1   0   0   0   0  25  59   0   8   3   0   0   0   0   0   2  0.99 0.34
   94 N    0  3  0 -2 -3  2  1 -3  0 -1 -3  5 -1 -4 -3 -1  0 -5 -3 -2   10  16   3   0   0   7   6   0   2   4   1  41   1   0   0   2   5   0   0   2  0.52 0.25
   95 E    1  0  0  3 -4  1  4 -1 -2 -4 -4  2 -3 -5 -3  1 -2 -5 -4 -4   12   4   3  19   0   4  28   3   0   0   0  15   0   0   0  10   1   0   0   0  0.53 0.23
   96 A    1  2  1 -2 -4  3  0  0  0 -3 -2  3 -2 -4 -3 -1 -1 -4 -3 -2   16  13   8   0   0  18   2   5   2   1   4  24   0   0   0   3   2   0   0   2  0.37 0.20
   97 G   -3 -4  2 -1 -5 -3 -4  7 -4 -6 -6 -1 -5 -6 -5 -3 -4  1 -5 -5    0   0  11   2   0   1   0  80   0   0   0   3   0   0   0   0   0   2   0   0  1.66 0.47
   98 V    0 -5 -3 -5 -2 -4 -5 -2 -5  6  0 -4  2 -2 -5 -1 -2 -4 -3  3    7   0   1   0   1   0   0   3   0  57   4   0   4   0   0   4   1   0   0  18  0.85 0.33
   99 L   -2 -5 -4 -5 -2 -4 -4 -5 -4  5  2 -4  1 -2 -5 -4 -2 -4 -1  4    2   0   1   0   1   0   1   0   0  35  19   0   2   0   0   0   1   0   2  38  0.84 0.31
  100 P   -2 -5 -5 -5 -3 -4 -4 -5 -5 -1 -4 -4 -4 -6  8 -3 -1 -6 -5  2    2   0   0   0   0   0   0   0   0   3   1   0   0   0  71   1   4   0   0  18  1.91 0.52
  101 G   -3 -5 -3 -4 -6 -5 -5  7 -5 -7 -7 -5 -1 -6 -5 -2 -5 -6 -6 -6    0   0   0   0   0   0   0  97   0   0   0   0   2   0   0   1   0   0   0   0  2.24 0.57
  102 I   -4 -6 -6 -6 -4 -6 -6 -7 -6  8 -1 -6  1 -3 -6 -5 -4 -6 -4  0    0   0   0   0   0   0   0   0   0  96   0   0   3   0   0   0   0   0   0   1  2.12 0.59
  103 K   -4  0 -3 -4 -6 -2 -2 -5 -4 -6 -6  8 -5 -6 -4 -3 -4 -6 -5 -6    0   2   0   0   0   0   0   0   0   0   0  98   0   0   0   0   0   0   0   0  2.20 0.64
  104 V   -3 -5 -5 -6 -4 -5 -5 -6 -6  0  0 -5 -2 -4 -5 -4 -1 -5 -4  7    0   0   0   0   0   0   0   0   0   0   5   0   0   0   0   0   3   0   0  91  1.67 0.52
  105 D   -5 -5 -2  8 -6 -3 -1 -4 -4 -6 -7 -4 -6 -6 -5 -3 -4 -7 -6 -5    0   0   0  97   0   0   0   0   0   0   0   0   0   0   0   1   0   0   0   1  2.44 0.63
  106 K   -1  0 -2 -3 -2  0  0 -3 -3 -3 -2  6  0 -4 -3 -1  2 -5 -4 -3    5   1   0   0   1   3   3   1   0   1   4  61   2   0   0   2  15   0   0   0  0.87 0.36
  107 G   -3 -5 -2 -3 -5 -3 -5  7 -1 -6 -6 -4 -5 -6 -5 -2 -4 -5 -6 -6    0   0   1   0   0   1   0  93   2   0   0   0   0   0   0   2   0   0   0   0  2.05 0.53
  108 T    2 -3 -3 -3 -2 -3 -3 -3 -4  0  2 -1  0  0 -3 -1  2  0 -2  3   18   0   0   1   0   0   0   1   0   1  28   4   1   3   1   1  16   1   0  25  0.34 0.21
  109 V    0  0 -3 -3 -2  0 -1 -3 -1  0 -1  2 -2 -2 -3 -2 -1 -4 -2  5    7   4   0   0   1   5   3   1   2   3   2  18   0   1   0   2   3   0   0  48  0.43 0.25
  110 E    0 -4 -1  1 -5 -2  1 -3 -3 -3 -4 -3 -3 -5  7 -2 -2 -3 -5 -2    7   0   2   7   0   1   8   2   1   1   1   0   0   0  62   1   2   0   0   3  1.45 0.41
  111 L   -4 -4 -5 -6  0 -4 -5 -6 -5  1  6 -5  2 -2 -5 -5 -3 -4 -3 -1    0   0   0   0   2   0   0   0   0   7  82   0   5   0   0   0   1   0   0   1  1.26 0.40
  112 A    5 -3 -2 -2 -1 -3 -1 -1 -2 -3 -3 -3 -2  1  4 -1 -2 -3 -2 -1   51   0   1   1   1   0   3   2   1   1   1   0   1   7  23   1   2   0   1   3  0.73 0.30
  113 G   -1 -3  1 -2  0 -3 -4  6 -2 -5 -1 -3 -3 -4 -4 -2 -3 -5 -5 -4    5   2   7   1   2   1   0  72   1   0   7   1   0   0   0   0   0   0   0   0  1.22 0.37
  114 T    1 -3 -2 -2  1 -2 -3 -1  2 -3 -3 -2 -1  1 -3  2  5 -4  0 -2   10   0   1   1   4   0   0   3   6   0   1   1   1   8   0  18  42   0   2   1  0.55 0.28
  115 D   -1 -2  4  3 -1 -1  1 -3 -2 -3 -4 -1 -2 -4  4 -1 -1 -4 -3 -2    4   0  28  18   1   2  10   0   0   1   1   3   1   0  24   2   2   0   0   2  0.70 0.26
  116 G   -2 -3  2  2 -3 -1 -1  6  0 -5 -4 -2 -4 -5 -4 -1 -2 -5 -4 -4    1   0  11  14   0   3   2  58   2   0   1   2   0   0   0   2   2   0   0   1  0.95 0.31
  117 E   -4 -3 -3  1 -6 -1  7 -5 -3 -6 -6 -2 -3 -6 -4 -3 -3 -6 -5 -4    0   0   0   6   0   0  90   0   0   0   0   1   1   0   0   0   1   0   0   1  1.90 0.57
  118 T   -2 -2 -2 -3  1  0 -1 -2 -3 -3 -2  1 -2 -1 -3  2  5 -4 -1 -2    0   0   1   0   4   3   4   2   0   0   3  11   1   3   0  13  50   0   3   2  0.61 0.30
  119 T   -1 -4 -3 -4 -3 -3 -4 -4 -4  3 -2 -4  0 -1 -4  0  5  7 -1  1    5   0   0   0   0   0   0   0   0  17   1   0   2   3   0   4  39  17   1  12  0.82 0.34
  120 T   -3 -4 -3 -4  6 -4 -4 -5 -5 -2 -4 -4 -4 -5 -4 -2  7 -6 -5 -3    1   0   0   0  17   0   0   0   0   2   0   0   0   0   0   1  79   0   0   0  1.81 0.58
  121 Q   -2 -1 -3 -2 -5  7  3 -4 -2 -3 -4 -1  0 -4 -4 -1  0 -5 -3 -2    2   2   0   0   0  59  21   0   0   1   1   1   2   0   0   2   5   0   1   2  1.20 0.45
  122 G   -3 -5 -3 -4 -6 -5 -5  8 -5 -7 -7 -5 -6 -6 -5 -3 -5 -6 -6 -6    0   0   0   0   0   0   0 100   0   0   0   0   0   0   0   0   0   0   0   0  2.37 0.59
  123 L   -4 -5 -6 -6 -4 -5 -6 -7 -2  0  6 -5  0  0 -6 -5 -4 -4 -4 -2    0   0   0   0   0   0   0   0   1   1  94   0   1   2   0   0   0   0   0   0  1.59 0.49
  124 D   -5 -4 -2  8 -7 -3 -1 -5 -4 -6 -7 -3 -6 -7 -5 -3 -4 -8 -6 -6    0   0   0  97   0   0   1   0   0   0   0   1   0   0   0   0   0   0   0   0  2.47 0.64
  125 G   -2 -3  0  2 -5 -4 -4  6 -4 -6 -6 -2 -5 -6 -5 -1 -3 -5 -6 -6    0   1   3  13   0   0   0  75   0   0   0   2   0   0   0   4   1   0   0   0  1.48 0.43
  126 L   -4 -5 -6 -7 -4 -5 -6 -7 -5 -1  6 -5  0 -2 -6 -5 -4 -2 -1 -2    0   0   0   0   0   0   0   0   0   0  97   0   0   0   0   0   0   1   2   0  1.69 0.51
  127 G    4  2 -1  0 -3 -1 -1  1 -1 -3 -3 -2 -3 -4 -2  2 -1 -4  0 -2   40  16   2   5   0   2   2  11   1   0   1   0   0   0   1  13   1   0   3   2  0.40 0.23
  128 A    1 -1 -1  2 -1  1  5 -2 -2 -4 -3  1 -3 -5 -2  1 -2 -5 -4 -3   11   1   2  10   1   5  45   2   0   0   2   8   0   0   1  10   1   0   0   1  0.62 0.27
  129 R   -4  8 -4 -5 -1 -2 -3 -5 -3 -6 -5  0 -2 -6 -5 -4 -4 -6 -5 -5    1  95   0   0   1   0   0   0   0   0   0   1   1   0   0   0   0   0   0   0  2.28 0.62
  130 C    1 -5 -5 -5  9 -4 -2 -5 -5 -1  2 -5 -2 -2 -5  0 -2 -5 -4 -2   10   0   0   0  51   0   2   0   0   2  23   0   1   2   0   7   1   0   0   1  1.39 0.42
  131 A    5 -1 -3 -2 -2  2  0 -3 -3 -3 -3  2 -3 -5 -3 -1 -2 -5 -4 -1   62   2   1   2   0   8   4   0   0   1   1  14   0   0   0   2   1   0   0   3  0.78 0.35
  132 K    1  0 -2  1 -5  5  3 -2  0 -4 -3  3 -3 -5 -2 -1 -2 -5 -4 -4   13   2   0   6   0  28  25   2   1   1   2  18   0   0   1   1   1   0   0   0  0.63 0.28
  133 Y   -5 -5 -6 -7 -6 -5 -6 -7  0 -5 -5 -5 -4  1 -7 -5 -5 -1 10 -5    0   0   0   0   0   0   0   0   1   0   0   0   0   3   0   0   0   0  95   0  2.94 0.73
  134 Y   -2  0 -4 -4 -5 -1 -3 -5  1 -4 -4  4 -4  0 -5 -4 -4 -2  8 -3    2   4   0   0   0   2   0   0   2   0   0  33   0   1   0   0   0   0  55   1  1.48 0.49
  135 E    1  0 -1  0 -5  3  2 -2 -3 -5 -5  5 -3 -5 -3 -1 -2 -5 -4 -4   12   2   2   4   0  14  15   2   0   0   0  48   0   0   0   2   1   0   0   0  0.78 0.32
  136 A    2 -1 -2  4 -4  4  0 -3 -2 -2  1 -1  2 -3 -3 -2 -2 -4 -3 -2   18   3   0  23   0  23   4   1   0   1  17   3   6   1   0   0   0   0   0   0  0.44 0.25
  137 G   -3 -5 -3 -2 -6 -5 -5  7 -5 -7 -7 -5 -6 -6 -5 -3 -5 -6 -6 -6    0   0   0   2   0   0   0  98   0   0   0   0   0   0   0   0   0   0   0   0  2.30 0.58
  138 A    6 -5 -5 -5  6 -4 -4 -3 -5 -4 -4 -4 -4 -5 -4 -2 -3 -5 -5 -2   83   0   0   0  16   0   0   0   0   0   0   0   0   0   0   0   0   0   0   1  1.63 0.53
  139 R   -4  7 -2  3 -4  0 -2 -4  2 -6 -5  0 -4 -5 -4 -1 -3 -6 -4 -4    0  65   0  17   0   3   1   1   5   0   0   3   0   0   0   3   0   0   0   1  1.33 0.44
  140 F   -6 -6 -7 -7 -6 -7 -7 -7 -5 -3 -3 -7 -3  9 -7 -6 -6 -2  0 -3    0   0   0   0   0   0   0   0   0   0   0   0   0  99   0   0   0   0   0   1  2.84 0.69
  141 A    7 -4 -4 -4  2 -4 -4 -1 -5 -4 -4 -4 -4 -5 -4 -1 -2 -6 -5 -3   91   0   0   1   3   0   0   3   0   0   0   0   0   0   0   1   1   0   0   0  1.58 0.53
  142 K   -4 -1 -3 -4 -6 -2 -2 -5 -4 -6 -6  8 -5 -7 -4 -3 -4 -6 -5 -6    0   0   0   0   0   0   0   0   0   0   0 100   0   0   0   0   0   0   0   0  2.27 0.65
  143 W   -7 -7 -8 -9 -6 -6 -7 -7 -7 -7 -6 -7 -6 -2 -8 -7 -7 13 -2 -7    0   0   0   0   0   0   0   0   0   0   0   0   0   1   0   0   0  99   0   0  4.79 0.96
  144 R   -5  8 -4 -5 -7 -2 -3 -6 -3 -6 -6 -1 -5 -6 -6 -4 -4 -6 -2 -6    0  99   0   0   0   0   0   0   0   0   0   0   0   0   0   0   0   0   1   0  2.49 0.67
  145 A    4 -4  0 -3  7 -3 -3  0 -1 -4 -4 -3 -3 -5 -4  0  2 -5 -4 -2   46   0   4   1  23   0   0   5   1   0   0   0   0   0   0   6  12   0   0   1  0.89 0.35
  146 V   -2 -5 -6 -6 -4 -5 -5 -6 -6  0 -2 -5 -2 -3 -4 -4 -2 -6 -4  7    2   0   0   0   0   0   0   0   0   2   0   0   0   0   0   0   2   0   0  94  1.78 0.55
  147 L   -3 -4 -5 -6 -3 -4 -5 -6 -3  4  4 -5  0  0 -5 -4 -3 -3  2  2    0   0   0   0   0   0   0   0   1  25  52   0   1   2   0   0   0   0   8  13  0.87 0.31
  148 K    0  1  1  0 -4  0 -1 -3 -1 -4 -4  5 -3 -5 -3  2  1 -5 -4 -3    6   5   5   4   0   4   1   0   1   0   0  45   0   0   0  17   9   0   0   2  0.60 0.28
  149 I   -4 -6 -6 -6 -4 -6 -6 -7 -6  8 -1 -6 -2 -3 -5 -5 -2 -6 -4  1    0   0   0   0   0   0   0   0   0  91   1   0   0   0   0   0   1   0   0   6  1.94 0.55
  150 G   -1 -2  0  3 -3  0 -1  4 -2 -3 -3 -2 -3 -4 -2  3  1 -4 -3 -3    3   1   2  18   0   3   1  32   0   1   2   1   0   0   1  22  10   0   0   1  0.51 0.21
  151 P    0 -1  1  3 -4  0  3 -2 -2 -4 -4  1 -4 -5  4 -1 -1 -5 -4 -3    9   1   7  17   0   2  18   2   0   0   0  11   0   0  25   3   2   0   0   2  0.58 0.23
  152 N    0 -1  4  1  0  0 -1  2  4 -4 -4 -1 -3 -3 -3  0  2 -4 -2 -2    8   3  23   6   2   3   1  16  14   0   0   3   0   1   0   3  15   0   1   2  0.39 0.20
  153 E   -1 -2  0 -2  2 -1  0  2 -3  1  1  0 -1 -3 -3 -1  3 -4 -3 -1    3   1   3   1   5   1   7  18   0   9  13   5   1   0   0   2  27   0   0   2  0.22 0.17
  154 P   -3 -5 -5 -4  1 -4 -3 -1 -3 -4 -2 -4 -5 -6  8 -3 -4 -6 -6 -3    1   0   0   0   3   0   1   6   0   1   4   0   0   0  81   1   0   0   0   2  2.21 0.56
  155 S   -2 -3 -2 -3  0 -2 -3 -3 -4 -5 -4 -1 -4 -5  2  6  2 -5 -4 -4    0   0   0   0   2   0   0   1   0   0   1   2   0   0  10  71  11   0   0   0  1.18 0.46
  156 L   -1  1 -1  0 -2  0  0 -1  1 -1 -1  0  0 -1  3  1  0  1  1 -1    3  10   2   4   1   4   7   4   4   2   5   4   3   2  15  10   5   3   7   4  0.15 0.06
  157 S    2 -1  0 -1 -2  3  1  0 -1 -2 -1 -1  0 -2 -2  1  2 -3 -1 -1   21   3   3   2   0  15  12   7   0   0   8   2   2   1   1   7  13   0   1   2  0.19 0.13
  158 I    3 -4 -3 -2  4 -2 -3 -1 -4  0  4 -3  0 -2 -4  0 -2 -4 -2 -1   27   0   1   3   9   1   0   4   0   2  44   0   1   0   0   5   1   0   1   1  0.48 0.25
  159 L    4 -4 -3 -4  0 -3 -3 -2 -4  4  0 -3  0 -3 -2  0 -1 -4 -2  1   42   0   0   0   2   0   0   1   0  28   7   0   2   0   1   6   2   0   1  10  0.53 0.26
  160 S   -1  0 -2 -1 -2  0  1 -2  1  4 -1  0  0 -2 -3 -1 -1 -3 -2  2    4   6   1   3   0   3  11   2   4  33   2   5   1   0   1   4   1   0   0  18  0.23 0.15
  161 I    0  1 -1 -1 -2  1 -1 -2  1  1  1  1  2  0 -2 -1  0 -1 -1  0    6   6   3   2   0   8   2   2   4   9  14  13  10   4   1   2   6   1   1   6  0.06 0.06
  162 E    2 -1 -1  0 -4  2  6 -3 -2 -4 -4 -1 -3 -4 -3 -1 -2 -4 -3 -3   19   1   2   4   0   9  55   1   0   1   1   1   0   0   1   2   1   0   0   1  0.86 0.31
  163 N    1 -3  8 -1 -2 -3 -3 -2 -1 -4 -5 -3 -4 -5 -4 -2  0 -6 -5 -3   12   0  77   1   1   0   0   1   1   1   0   0   0   0   0   0   4   0   0   1  1.64 0.51
  164 A    7 -4 -4 -4  0 -3 -3 -2 -3 -4 -4 -3 -2 -5 -4 -1 -2 -5 -4 -3   91   0   0   0   2   0   0   0   0   0   0   0   1   0   0   3   1   0   0   1  1.54 0.51
  165 Y   -3 -2  5 -1 -5  2  1 -4  6 -5 -5 -2 -4 -2 -4 -2 -3  7  2 -5    1   1  29   3   0  10   9   0  23   0   0   1   0   1   0   0   0  15   6   0  1.05 0.37
  166 G    2 -4 -1 -3 -1 -3 -3  4 -4 -1 -2 -3 -2 -4 -3 -1  1 -4 -4  3   23   0   2   1   1   0   0  30   0   1   1   0   0   0   0   3   8   0   0  29  0.50 0.25
  167 L   -4 -5 -6 -6 -4 -5 -5 -6 -5 -1  6 -5  1 -2 -5 -5 -4 -4 -4 -2    0   0   0   0   0   0   0   0   0   0  96   0   1   0   0   0   0   0   0   0  1.65 0.49
  168 A    7 -4 -4 -5 -3 -4 -4 -1 -4 -4 -4 -4 -4 -5 -4 -1 -3 -5 -5 -3   96   0   0   0   0   0   0   2   0   0   0   0   0   0   0   1   0   0   0   0  1.73 0.55
  169 R   -4  8 -3 -4 -5 -2 -3 -5  0 -6 -5  0 -4 -6 -5 -4 -4 -3 -4 -5    0  93   0   1   0   1   0   0   2   0   1   1   0   0   0   0   0   0   0   0  2.21 0.60
  170 Y   -5 -5 -5 -6 -6 -5 -5 -6 -2 -5 -4 -5 -4  1 -6 -5 -5 -1 10 -5    0   0   0   0   0   0   0   0   0   0   0   0   0   2   0   0   0   0  97   0  2.98 0.73
  171 A    7 -4 -4 -5 -3 -4 -4 -1 -4 -4 -4 -4 -4 -5 -4 -1 -3 -5 -5 -3   95   0   0   0   0   0   0   2   0   0   0   0   0   0   0   1   0   0   0   0  1.71 0.55
  172 V    4  0 -3 -3 -3 -1 -3 -2 -3  0 -2 -1 -1 -4 -3  3 -1 -4 -4 -1   47   6   0   0   0   2   0   0   0   5   3   2   1   0   0  28   2   0   0   4  0.59 0.29
  173 I   -2 -5 -5 -4 -3 -5 -5 -6 -5  6  3 -5  0 -2 -5 -3 -1 -5 -3  1    2   0   0   1   0   0   0   0   0  63  24   0   0   1   0   1   3   0   0   3  1.10 0.37
  174 C   -1 -6 -5 -6 11 -5 -6 -5 -6 -4 -4 -6 -4 -4 -5  1 -2 -5 -5 -2    4   0   0   0  80   0   0   0   0   0   0   0   0   1   0  11   1   0   0   3  2.71 0.64
  175 Q   -4 -2 -3 -4 -6  9 -1 -5 -3 -6 -6 -2 -4 -7 -5 -3 -4 -5 -5 -6    0   0   0   0   0  98   0   0   0   0   0   0   0   0   0   0   0   0   0   0  2.62 0.74
  176 E    0 -1 -1  2 -4  4  5 -3 -2 -4 -3 -1  0 -5 -3  1 -2 -5 -4 -4    6   2   2  10   0  22  38   0   0   0   1   1   3   0   0  12   0   0   0   0  0.71 0.30
  177 N    2 -2  6 -2  0  2 -1 -1  1 -4 -3 -2 -3 -4 -4  0 -2 -5 -3 -2   24   0  47   0   2   9   1   2   4   0   2   1   0   0   0   3   1   0   0   2  0.78 0.33
  178 G   -2  1 -1 -2 -3 -2 -4  7 -4 -6 -6 -2 -5 -5 -4 -2 -4 -5 -5 -5    1   7   2   1   1   2   0  82   0   0   0   2   0   0   0   1   0   0   0   0  1.60 0.45
  179 L   -3 -4 -5 -5 -3 -4 -5 -6 -5  4  5 -5  1 -2 -5 -4 -3 -4 -3  0    0   0   0   0   0   0   0   0   0  30  65   0   1   0   0   0   0   0   0   2  1.15 0.37
  180 V   -3 -5 -5 -3 -2 -5 -5 -5 -5  0 -1 -5 -2 -3 -5 -4 -2 -5 -4  7    1   0   0   1   0   0   0   0   0   0   1   0   0   0   0   0   1   0   0  93  1.68 0.51
  181 P   -4 -5 -5 -5 -6 -4 -4 -5 -5 -6 -3 -4 -5 -6  9 -4 -4 -6 -6 -5    0   0   0   0   0   0   0   0   0   0   2   0   0   0  95   0   0   0   0   0  2.91 0.67
  182 I   -4 -6 -6 -6 -4 -5 -6 -6 -6  8 -1 -5  0 -3 -5 -5 -3 -5 -4  0    0   0   0   0   0   0   0   0   0  93   1   0   2   0   0   0   0   0   0   2  1.92 0.54
  183 V   -3 -5 -5 -5 -3 -5 -4 -6 -6  2 -1 -5 -2 -3 -5 -4 -3 -5 -4  7    0   0   0   0   0   0   1   0   0   9   2   0   0   0   0   0   0   0   0  86  1.57 0.48
  184 E   -4 -3 -2 -1 -6 -1  8 -5 -3 -6 -6 -2 -5 -6 -4 -2 -4 -6 -5 -4    0   0   1   0   0   0  93   0   0   0   0   1   0   0   0   2   0   0   0   1  2.00 0.58
  185 L   -4 -5 -5 -5 -6 -5 -4 -5 -5 -6 -6 -4 -6 -7  9 -4 -4 -7 -6 -5    0   0   0   0   0   0   0   0   0   0   0   0   0   0  98   0   0   0   0   1  3.09 0.71
  186 E   -4 -3 -3  0 -7 -1  8 -5 -3 -6 -6 -2 -5 -6 -4 -3 -4 -6 -5 -6    0   0   0   2   0   0  96   0   0   0   0   0   0   0   0   0   0   0   0   0  2.17 0.62
  187 I   -3 -5 -5 -6 -2 -5 -5 -6 -6  6 -1 -5 -1 -3 -5 -4 -2 -5 -4  5    0   0   0   0   1   0   0   0   0  49   1   0   0   0   0   0   1   0   0  47  1.33 0.42
  188 L   -4 -5 -6 -6 -4 -4 -5 -6 -4  0  6 -5  2 -1 -5 -5 -4 -4 -4 -2    0   0   0   0   0   1   0   0   0   3  90   0   4   1   0   0   0   0   0   0  1.47 0.45
  189 V   -1 -4 -4 -4  0 -2 -4 -3 -4  2  1 -3  6 -3  4 -2  0 -4 -3  0    5   0   0   0   2   1   0   2   0  12  14   0  30   0  20   2   6   0   0   5  0.66 0.28
  190 D   -4 -4  0  8 -6 -3 -1 -4 -4 -3 -6 -4 -6 -6 -2 -3 -2 -7 -6 -4    0   0   2  89   0   0   2   1   0   1   0   0   0   0   2   0   2   0   0   1  2.04 0.55
  191 G   -2 -5 -3 -4 -5 -5 -5  7 -5 -6 -6 -4 -5 -6 -5 -3 -4 -5 -6 -6    1   0   0   0   0   0   0  98   0   0   0   0   0   0   0   0   0   0   0   0  2.26 0.56
  192 S    0 -3  1  6 -4 -1  3 -2 -3 -4 -5 -2 -4 -5  0  1  0 -5 -4 -4    7   0   6  45   0   2  16   1   0   0   0   1   0   0   5  10   6   0   0   0  0.78 0.29
  193 H   -5 -4 -1 -4 -6 -3 -4 -5 11 -6 -6 -4 -5 -4 -5 -4 -5 -6  0 -6    0   0   1   0   0   0   0   0  95   0   0   0   0   0   0   0   0   0   2   0  3.26 0.75
  194 D   -2 -3  0  6 -4 -2 -1  1 -3 -5 -5 -3 -4 -5 -2  2  2 -5 -4 -4    1   0   3  48   0   0   0  10   0   0   0   0   0   0   2  20  14   0   0   0  0.92 0.34
  195 I   -3 -5 -5 -5 -3 -5 -5 -6 -5  6  3 -5  1 -2 -5 -4 -3 -4 -3  0    1   0   0   0   0   0   0   0   0  62  31   0   2   0   0   0   0   0   0   1  1.23 0.39
  196 H    0 -2 -1  4 -4  1  4 -2 -1 -4 -3  2 -3 -4 -3 -2 -1 -5 -3 -3   10   1   2  25   0   5  35   2   1   0   1  11   0   0   0   1   2   0   1   1  0.63 0.26
  197 K   -2  6 -3 -3 -4 -1 -1 -4  0 -4 -4  1 -3 -4 -4 -2  2 -5 -2  0    2  59   0   1   0   1   3   0   2   0   0   6   0   0   0   1  14   0   2   7  0.98 0.36
  198 C    0 -5 -3 -4 10 -3 -5 -4 -5 -4 -4 -5 -4 -4 -5  0  3 -5 -5 -3    7   0   1   0  64   1   0   1   0   0   0   0   0   1   0   6  18   0   0   0  2.01 0.53
  199 A    3 -2 -3 -3 -4  5  0 -2 -1 -3 -1 -2 -2  3 -3 -1 -2 -1  3 -2   29   1   0   0   0  30   5   1   1   0   6   0   0  13   0   2   1   0  10   1  0.54 0.29
  200 A    1  1 -2  1 -4  0  4 -3 -1 -3 -4  2 -2 -1 -3 -2 -2  1  4 -3   11   7   1   5   0   2  36   0   1   1   0  13   0   2   0   1   1   2  16   1  0.52 0.25
  201 I   -1 -5 -5 -6 -3 -5 -4 -5 -6  2 -2 -5 -1 -3 -5 -4 -2  0 -3  7    4   0   0   0   0   0   0   0   0   5   0   0   0   0   0   0   1   1   0  86  1.50 0.48
  202 T    1 -3 -1 -3 -1  1 -3 -3 -2 -3 -4 -3 -2 -4 -3  1  6 -5 -4 -3   13   0   3   0   1   6   0   0   1   1   0   0   1   0   0   9  65   0   0   0  1.06 0.41
  203 E   -3 -1 -3  0 -6  3  6 -4 -3 -5 -5  0 -4 -5 -4 -1 -2 -5 -3 -4    1   2   0   3   0  12  70   1   0   0   1   4   0   0   0   3   2   0   0   0  1.29 0.43
  204 R    1  3 -2 -2 -4  0  0 -3  1 -2 -3  4 -1 -2 -2 -1  0  3 -2 -2   12  20   1   1   0   3   6   0   3   3   1  31   1   2   1   1   6   5   0   2  0.42 0.21
  205 V   -2 -5 -5 -6 -3 -5 -5 -6 -6  1 -1 -5 -1 -2 -5 -4  1 -5 -4  7    2   0   0   0   0   0   0   0   0   2   2   0   1   1   0   0  10   0   0  82  1.39 0.47
  206 L   -4 -5 -4 -6 -2 -3 -5 -6 -5  0  6 -5 -1 -1 -5 -5 -4  7 -1 -2    0   0   1   0   1   1   0   0   0   2  75   0   0   1   0   0   0  16   1   1  1.39 0.44
  207 A    5  1 -1 -2 -3  0 -1 -2  2 -3 -3  0 -3 -4 -3  1  0 -3 -3 -2   52   9   3   1   0   2   2   1   7   1   1   5   0   0   0   9   4   0   0   1  0.53 0.26
  208 A    4 -1 -2 -2 -1 -1  3 -2 -1 -1 -2 -1 -2 -2 -3  0  1 -4 -1 -1   42   3   0   0   1   0  24   2   1   3   2   2   0   2   0   6   9   0   1   3  0.43 0.24
  209 T   -2 -5 -5 -5  3 -3 -4 -5 -5  0  1 -4 -1 -3 -4 -3  2 -5 -4  6    1   0   0   0   7   1   0   0   0   0   9   0   0   0   0   0  14   0   0  67  1.06 0.40
  210 Y   -4 -5 -5 -6 -5 -5 -5 -6 -2 -3 -3 -5  0  7 -6 -5 -4 -1  7 -1    0   0   0   0   0   0   0   0   0   0   0   0   2  49   0   0   0   0  44   3  1.90 0.52
  211 K   -1  1  0 -1 -3  1  0 -2  1 -4 -4  5 -2  1 -3 -1 -1 -4 -1 -3    5   3   4   3   0   4   5   2   4   0   0  52   1   8   0   3   3   0   2   1  0.59 0.27
  212 A    5 -3 -2 -3 -1  1  2 -3 -2 -4 -3 -2 -3 -3 -3  0 -2 -2  3 -3   56   0   1   0   1   6  13   0   1   0   2   1   0   0   0   5   1   0  11   0  0.69 0.33
  213 L   -4 -5 -6 -6  0 -5 -5 -6 -5 -1  6 -5  3 -2 -5 -5 -4 -4 -4 -2    0   0   0   0   2   0   0   0   0   1  90   0   5   0   0   0   0   0   0   0  1.51 0.46
  214 S    2  0  3  0 -3  0 -2 -2  3 -2 -3 -1 -2  1 -3  2 -1 -3  2 -3   18   6  19   3   0   4   0   1   9   2   0   1   0   6   0  19   0   0  10   1  0.36 0.21
  215 D   -1  1 -1  6 -4  1  3 -4 -2 -3 -2 -2 -2 -4 -3 -2 -2 -5 -3 -3    5   8   0  49   0   4  19   0   1   2   4   1   1   0   0   1   2   0   1   1  0.83 0.31
  216 H   -1 -2  4 -3 -3  3 -2 -4  9 -5 -4 -3 -1 -4 -4 -3 -3 -5  1 -3    7   1  19   0   0  13   0   0  51   0   1   0   2   0   0   0   0   0   3   1  1.45 0.46
  217 H   -3  3  4 -2 -5 -1 -2  2  8 -5 -5  0 -4 -4 -4 -2 -3 -5 -2 -5    1  15  21   1   0   1   0  16  36   0   0   5   0   0   0   1   0   0   0   0  1.04 0.36
  218 V   -2 -5 -5 -6 -1 -5 -5 -6 -6  3 -2 -5 -2 -3 -5 -4 -3 -5 -4  7    1   0   0   0   1   0   0   0   0  10   1   0   0   0   0   0   0   0   0  85  1.57 0.49
  219 L   -1 -2 -2 -4 -1 -1 -1 -4  0  0  2 -2  3  3 -3 -2 -2 -1  5  1    5   1   2   0   2   4   3   0   1   3  24   2   8  11   0   2   0   0  23   9  0.38 0.19
  220 L   -4 -5 -6 -6 -3 -5 -5 -6 -5 -1  6 -5  0  4 -5 -5 -3  2 -1 -2    0   0   0   0   0   0   0   0   0   1  77   0   0  16   0   0   0   3   1   0  1.26 0.41
  221 E   -3 -3 -2  1 -6  0  7 -5 -3 -6 -6 -2 -5 -6 -3 -3 -4 -6 -5 -5    1   0   1   4   0   1  90   0   0   0   0   0   0   0   1   1   0   0   0   0  1.90 0.57
  222 G   -2 -3 -3 -3 -4 -1 -4  7  2 -6 -6 -4 -5 -5 -5 -3 -3 -5 -4 -6    1   1   0   1   0   3   0  86   4   0   0   0   0   0   0   0   1   0   1   0  1.78 0.48
  223 T   -1 -4 -3 -4  2 -3 -4 -4 -4  3 -1 -3  6 -3 -4  0  5 -4 -4 -1    3   0   0   0   4   0   0   0   0  19   2   0  21   0   0   6  44   0   0   0  0.87 0.37
  224 L   -3 -4 -5 -6 -3 -4 -5 -6 -5  3  5 -5  0 -2 -5 -3 -3 -4 -3  1    0   0   0   0   0   0   0   0   0  19  72   0   0   0   0   2   0   0   0   6  1.13 0.37
  225 L   -4 -4 -6 -6 -4 -5 -5 -6 -5 -1  6 -5 -1 -2 -5 -5 -4 -4 -4 -2    0   1   0   0   0   0   0   0   0   0  97   0   0   1   0   0   0   0   0   0  1.66 0.50
  226 K   -4  0 -3 -4 -6  0 -2 -4 -4 -6 -4  8 -4 -6 -4 -3 -4 -6 -5 -5    0   1   0   0   0   3   0   0   0   0   1  93   0   0   0   1   0   0   0   0  1.96 0.58
  227 P   -3 -5 -5 -5 -6 -4 -4 -5 -5 -4 -6 -4 -5 -6  9 -2 -3 -7 -6 -3    1   0   0   0   0   0   0   0   0   1   0   0   0   0  92   3   1   0   0   2  2.75 0.65
  228 N   -2 -3  7 -2 -5 -2 -3 -3 -2 -6 -6 -3 -5 -5 -4  4 -2 -6 -5 -5    1   0  65   0   0   1   0   0   0   0   0   0   0   0   0  31   0   0   0   0  1.60 0.51
  229 M   -5 -5 -6 -7 -5 -4 -6 -6 -5 -2 -1 -5 11 -4 -6 -5 -4 -5 -5 -3    0   0   0   0   0   0   0   0   0   1   0   0  98   0   0   0   0   0   0   0  3.13 0.80
  230 V   -2 -5 -5 -6  0 -5 -5 -5 -6  1 -2 -5 -2 -4 -5 -4  0 -5 -4  7    2   0   0   0   2   0   0   0   0   5   0   0   0   0   0   0   5   0   0  85  1.50 0.48
  231 T   -2 -3 -3 -4 -1 -3 -4 -3 -4  3  1 -3  0 -3 -4 -2  6 -5 -4  2    1   1   0   0   1   0   0   2   0  16  11   0   2   0   0   0  55   0   0  11  0.84 0.36
  232 P    3 -4 -3  0 -1 -2 -3 -3 -3 -5 -5 -3 -4 -5  7  0 -3 -6 -4 -4   24   0   1   5   1   2   0   1   0   0   0   0   0   0  56   8   0   0   0   0  1.43 0.42
  233 G   -2 -5 -3 -4 -5 -5 -5  7 -5 -7 -7 -4 -6 -6 -5 -3 -5 -5 -6 -6    1   0   0   0   0   0   0  98   0   0   0   0   0   0   0   0   0   0   0   0  2.28 0.57
  234 S    2 -1 -2 -2 -3  2 -1 -3  4 -3 -1  3  0 -3 -3  2 -1 -4 -1 -2   24   0   0   0   0  10   0   0  14   1   5  19   3   1   0  15   2   0   1   3  0.37 0.23
  235 D    1 -1  1  4 -1  1  3 -1 -1 -4 -4  1 -3 -4 -3  2 -1 -5 -4 -4   10   1   4  27   2   6  21   2   1   0   1   7   0   0   0  15   1   0   0   0  0.50 0.22
  236 S    2 -4 -2 -3  9 -3 -4 -2  1 -4 -4 -3 -4 -4 -4  3 -1 -5 -3 -2   19   0   1   1  44   0   0   2   3   0   0   1   0   0   0  24   1   0   0   1  1.27 0.41
  237 P    0  1  0 -2 -4  2  0  0 -1 -3 -4  3 -3 -5  5 -1 -1 -5 -4 -3    7   7   5   1   0   9   4   6   1   1   0  25   0   0  27   3   4   0   0   0  0.59 0.23
  238 K   -3  3 -2 -3 -5  3 -1 -4 -1 -3 -5  6 -3 -4 -2 -2 -1 -5 -4 -4    1  14   1   0   0  13   1   0   1   1   0  61   0   1   1   1   3   0   0   1  1.09 0.40
  239 V    4 -3 -1 -3 -2  0 -3 -2 -2 -2 -3 -2 -2  0  1  0 -1 -3  4  2   40   1   3   0   0   4   0   2   0   0   0   1   0   4   6   5   3   0  15  15  0.42 0.25
  240 A    1 -3 -1  0 -2 -2 -2  0 -2 -4 -4 -2 -3 -4  0  4  4 -5 -4 -3   10   0   1   5   1   0   0   7   1   0   0   2   0   0   3  44  27   0   0   0  0.69 0.32
  241 P    1 -3 -2 -2 -3 -2 -3 -4  1 -2 -4 -3 -4 -4  7  0 -1 -5 -3  2   10   1   2   2   0   1   0   0   4   1   0   1   0   0  52   6   3   0   1  17  1.13 0.36
  242 E    1 -2 -2  1 -5  4  6 -3 -2 -5 -4 -1 -2 -5 -3 -1 -2 -5 -4 -4   14   0   0   6   0  17  55   1   0   0   1   1   1   0   0   3   1   0   0   0  0.99 0.38
  243 V   -2 -2 -2  3 -5  4  5 -4 -2 -3 -4 -1 -3 -5 -3 -2  0 -5 -4  0    3   0   1  14   0  17  47   0   0   1   1   2   0   0   0   0   5   0   0   8  0.82 0.34
  244 V   -3 -5 -2 -6 -3 -5 -5 -6 -6  5 -1 -5 -2 -3 -5 -4 -3 -5 -4  6    0   0   2   0   0   0   0   0   0  36   0   0   0   0   0   0   0   0   0  62  1.37 0.44
  245 A    6 -4 -4 -4 -3 -4 -4  1 -4 -4 -4 -3 -4 -5 -4 -1 -3 -5 -5 -3   86   0   0   0   0   0   0  11   0   0   0   0   0   0   0   2   0   0   0   0  1.47 0.50
  246 E   -1  0 -1  2 -4  0  4 -3  0 -2 -1  1  4 -1 -3 -1 -1 -3 -1 -2    6   6   1  11   0   2  32   0   2   1   6   8  15   3   0   2   2   0   2   2  0.36 0.21
  247 H    4  0 -2 -4 -1 -1 -3 -3  1 -3 -1  1  1  0 -3 -1 -2 -2  5 -2   39   4   1   0   1   2   0   0   4   0   4   8   5   2   0   2   1   0  26   1  0.56 0.28
  248 T   -3 -4 -3 -4 -4 -4 -4 -5 -5 -2 -4 -4 -4 -5 -2 -2  8 -6 -5 -3    0   0   0   0   0   0   0   0   0   2   0   0   0   0   1   0  96   0   0   0  2.09 0.64
  249 V   -2 -4 -5 -5 -3 -4 -5 -6 -5  3  2 -5 -1 -3 -4 -4 -2 -5 -3  6    1   0   0   0   0   0   0   0   0  11  19   0   0   0   1   1   1   0   0  65  1.09 0.38
  250 R   -1  5 -1 -2 -3  1 -1 -3 -2 -3 -1  2  0 -4 -3 -1  3 -4 -3 -3    4  32   1   1   0   6   2   1   0   0   5  14   2   0   0   3  27   0   0   0  0.55 0.27
  251 A    3 -4 -3 -4  5 -3 -3 -2 -4 -1  1 -3  2 -3 -3 -1  3 -4 -3  2   34   0   0   0  12   0   0   1   0   2  11   0   6   0   0   1  19   0   0  14  0.51 0.26
  252 L   -4 -5 -4 -6 -4 -5 -5 -6 -5  0  6 -5  2  1 -6 -4 -4 -4 -3 -2    0   0   1   0   0   0   0   0   0   3  87   0   4   5   0   1   0   0   0   0  1.40 0.44
  253 Q   -1  5 -1 -2 -2  3  0 -4  3 -4 -1  3  0 -3 -3  0 -2 -4 -2 -4    4  36   1   0   1  13   3   0   8   0   6  18   2   1   0   5   2   0   0   0  0.61 0.26
  254 R   -1  7  0 -3 -1  0 -1 -4 -1 -6 -5  0 -4 -5 -3 -1 -3 -1 -4 -5    5  75   4   1   1   3   2   0   1   0   0   2   0   0   1   3   1   1   0   0  1.44 0.46
  255 T   -2  2  0 -3  3 -3 -3 -3 -2 -3 -4 -2 -3 -4 -4  1  6 -5 -2  0    2  14   4   0   6   0   0   1   1   0   0   0   0   0   0   8  59   0   2   5  0.92 0.39
  256 V   -2 -3 -6 -6 -3 -5 -5 -6 -6  2  0 -5  0 -3 -5 -4 -2 -5 -4  7    1   1   0   0   0   0   0   0   0   9   4   0   2   0   0   0   0   0   0  82  1.43 0.47
  257 P   -4 -6 -6 -5 -6 -5 -5 -4 -6 -6 -7 -4 -6 -7  9 -4 -5 -7 -7 -6    0   0   0   0   0   0   0   1   0   0   0   0   0   0  99   0   0   0   0   0  3.13 0.73
  258 A    4 -4 -4 -4 -1 -2 -3 -3 -4 -4 -4 -3 -4 -5  6  0 -2 -6 -5 -1   39   0   0   0   1   1   0   1   0   0   0   0   0   0  46   7   1   0   0   4  1.30 0.42
  259 A    6 -4 -4 -3 -3 -3 -3 -3 -4 -2 -3 -3 -2 -5 -3  1 -2 -5 -4 -1   83   0   0   1   0   0   1   0   0   2   1   0   1   0   0   8   1   0   0   2  1.28 0.46
  260 V   -3 -5 -6 -6 -4 -5 -5 -6 -6  1  1 -5  0 -3 -5 -4 -2 -5 -4  7    0   0   0   0   0   0   0   0   0   2   9   0   2   0   0   1   1   0   0  86  1.53 0.49
  261 P   -1 -4 -5 -5 -6 -3 -4 -4 -5 -5 -5 -4 -2 -6  8 -2 -1 -7 -6 -3    4   0   0   0   0   1   0   1   0   0   1   0   1   0  85   2   3   0   0   2  2.39 0.59
  262 A    0 -5 -3 -4 -5 -4 -4  7 -5 -6 -6 -4 -5 -6 -5 -2 -2 -5 -6 -6    6   0   0   0   0   0   1  90   0   0   0   0   0   0   0   1   3   0   0   0  1.94 0.52
  263 V   -4 -6 -6 -6 -3 -5 -6 -6 -6  7 -1 -5 -1 -3 -5 -4 -3 -5 -4  4    0   0   0   0   0   0   0   0   0  72   0   0   0   0   0   1   0   0   0  27  1.58 0.48
  264 V    2 -3 -1 -4  3 -3 -3 -4 -1 -1  0 -3  5 -1 -4 -2  3 -4 -3  3   17   0   3   0   6   0   0   0   2   0   4   0  19   3   0   0  22   0   0  23  0.51 0.28
  265 F   -6 -6 -7 -7 -6 -7 -7 -7 -5 -3 -3 -7 -3  9 -7 -6 -6 -2  0 -3    0   0   0   0   0   0   0   0   0   0   0   0   0  99   0   0   0   0   0   1  2.81 0.68
  266 L   -4 -5 -6 -7  0 -5 -6 -7 -6 -1  6 -5 -1 -2 -6 -4 -4 -5 -4 -2    0   0   0   0   2   0   0   0   0   0  97   0   0   0   0   1   0   0   0   0  1.69 0.51
  267 S   -2 -4 -3 -3 -4 -3 -3 -3 -4 -6 -6 -3 -5 -4 -4  7 -2 -6 -5 -5    0   0   0   0   0   0   0   1   0   0   0   0   0   1   0  99   0   0   0   0  1.96 0.64
  268 G   -3 -6 -3 -4 -6 -5 -5  8 -5 -7 -7 -5 -6 -6 -5 -3 -5 -6 -6 -6    0   0   0   0   0   0   0 100   0   0   0   0   0   0   0   0   0   0   0   0  2.39 0.60
  269 G   -2 -5 -3 -4 -1 -5 -5  7 -5 -7 -7 -5 -6 -6 -5 -3 -4 -6 -6 -5    1   0   1   0   1   0   0  95   0   0   0   0   0   0   0   1   0   0   0   0  2.16 0.56
  270 Q   -4 -2 -3 -4 -6  8 -1 -5 -3 -4 -1 -2  2 -4 -5 -3 -3 -5 -5 -5    0   0   0   0   0  85   1   0   0   0   7   0   6   0   0   0   0   0   0   0  2.04 0.64
  271 S   -2 -3 -2 -3 -3 -3 -2 -2 -4 -5 -5 -3 -4 -5 -3  7  2 -6 -5 -4    1   0   1   0   0   0   1   2   0   0   0   0   0   0   0  85  10   0   0   0  1.52 0.54
  272 E   -2 -3 -2  3 -6 -1  7 -4 -2 -5 -6 -1 -4 -5  1 -2 -2 -6 -4 -5    3   0   1  12   0   0  72   1   0   0   0   1   0   0   6   1   1   0   0   0  1.35 0.46
  273 E   -2 -2 -3 -1 -3  1  6 -4 -3 -2 -1 -2 -2 -5 -3 -2 -3 -5 -4  1    2   1   0   2   1   4  67   0   0   2   6   1   1   0   0   1   1   0   0  12  1.02 0.39
  274 E   -2 -2 -2  3 -6  3  6 -4 -3 -5 -3 -2 -2 -6 -4 -3 -3 -6 -5 -4    2   1   1  15   0  10  65   1   0   0   3   0   1   0   0   0   0   0   0   1  1.26 0.43
  275 A    7 -4 -4 -5 -3 -4 -4 -3 -4 -4 -4 -4 -4 -5 -4  1 -3 -6 -5 -2   91   0   0   0   0   0   0   0   0   0   0   0   0   0   0   8   0   0   0   1  1.60 0.53
  276 T   -2 -4 -3 -4 -3 -3 -3 -4 -4 -4 -4 -3 -4 -5 -4  4  7 -5 -5 -3    1   0   0   0   0   0   0   0   0   0   0   0   0   0   0  33  66   0   0   0  1.48 0.52
  277 V    2 -1 -2 -3 -2  0 -1 -3 -3  2  2 -1  0 -2 -3 -2 -1 -4 -2  2   25   2   1   1   0   5   5   0   0  13  26   2   1   0   0   0   1   0   0  17  0.28 0.18
  278 N   -4 -1  7 -2 -3 -3 -3 -4  7 -5 -5 -3 -3 -3 -5 -3 -3 -5  2 -6    0   3  62   0   0   0   0   0  26   0   1   0   0   1   0   0   0   0   6   0  1.69 0.52
  279 L   -4 -5 -6 -7 -4 -5 -6 -7 -6 -1  7 -5 -1 -2 -6 -5 -4 -5 -4 -2    0   0   0   0   0   0   0   0   0   0 100   0   0   0   0   0   0   0   0   0  1.79 0.53
  280 N   -3 -3  8  3 -3 -1 -3 -3  0 -6 -6 -3 -5 -6 -5  1 -3 -7 -5 -6    1   1  70  12   0   2   0   0   2   0   0   0   0   0   0  12   0   0   0   0  1.61 0.51
  281 A    6 -4 -3 -3 -3 -3 -1 -3 -4 -3 -2 -3 -4 -5 -4 -1 -2 -5 -5 -3   87   0   1   1   0   0   4   0   0   1   4   0   0   0   0   2   1   0   0   1  1.40 0.50
  282 I   -4 -5 -6 -6 -4 -4 -6 -6 -5  5  0 -5  9 -3 -6 -5 -3 -5 -4 -1    0   0   0   0   0   0   0   0   0  38   3   0  57   0   0   0   1   0   0   1  1.90 0.58
  283 N   -5 -4  9 -2 -6 -2 -4 -4  0 -5 -7 -3 -6 -6 -5 -3 -3 -7 -5 -5    0   0  95   0   0   1   0   0   2   0   0   1   0   0   0   0   0   0   0   1  2.49 0.68
  284 Q    1  2  2 -2 -3  4  0 -3 -2 -4 -3  4 -2 -5 -3  0 -1 -4 -3 -2   13   9   9   0   0  25   2   0   0   0   2  28   1   0   0   6   2   0   0   2  0.54 0.26
  285 V    0 -2 -3 -3  5 -1 -2 -2 -2  1  2 -2  2  0 -2 -1 -1 -2  0  1    8   2   1   1  16   2   3   2   1   9  23   2   5   4   1   3   2   0   4  12  0.22 0.11
  286 K   -1 -1  0  0 -1  1  0 -1 -1 -2 -2  0 -2 -1  5  0 -1 -2  0 -2    4   3   5   6   1   6   5   6   2   2   3   7   1   2  32   7   2   0   5   2  0.44 0.13
  287 G    0  0 -2 -2 -3 -2 -2  4 -3 -1  2 -2 -1 -1  0  1  0 -3 -2 -1    4   5   1   2   0   1   1  33   0   1  24   1   0   2   4  11   4   0   1   4  0.30 0.17
  288 K   -1  0  1  1  1 -1 -1 -2  2 -3  0  2 -1 -3  5 -1 -1 -4 -2 -2    4   5   6   7   4   1   1   2   6   1  11  13   1   0  27   4   4   0   1   1  0.38 0.16
  289 K   -1  3  2 -2  1  0 -2 -2  2 -3  0  4 -1 -2 -3 -1 -2 -1 -1 -3    6  15  13   0   3   3   0   3   5   0  12  32   2   1   0   1   1   1   1   0  0.36 0.21
  290 P   -4 -6 -5 -5 -6 -4 -5 -6 -6 -6 -4 -4 -6 -7  9 -3 -5 -7 -7 -6    0   0   0   0   0   0   0   0   0   0   1   0   0   0  96   1   0   0   0   0  3.00 0.72
  291 W   -7 -5 -8 -9 -7 -6 -7 -7 -6 -7 -5 -5 -6 -1 -8 -7 -7 13 -1 -7    0   0   0   0   0   0   0   0   0   0   0   1   0   2   0   0   0  96   0   0  4.61 0.95
  292 T    3  0  0 -2 -3  0 -1 -1  4 -3 -3  2 -2 -2  1  1  1 -4 -2 -2   29   4   5   0   0   3   2   2  14   1   2  15   0   2   6   7   8   0   0   1  0.32 0.19
  293 L   -4 -5 -6 -6 -4 -5 -5 -6 -5  0  6 -5  2 -2 -5 -5 -3 -4 -4  3    0   0   0   0   0   0   0   0   0   2  76   0   3   0   0   0   0   0   0  18  1.25 0.41
  294 S   -2 -3 -2 -3 -4 -3 -3 -2 -4 -4 -5 -3 -4 -5 -4  5  6 -5 -4 -3    1   0   0   0   0   0   0   2   0   0   0   0   0   0   0  47  49   0   0   0  1.31 0.49
  295 F   -6 -6 -6 -7 -6 -7 -7 -7 -4 -3 -3 -6 -3  9 -7 -6 -5 -2  1 -4    0   0   0   0   0   0   0   0   0   0   0   0   0  97   0   0   0   0   3   0  2.77 0.67
  296 S   -1 -4 -2 -3 -4 -3 -3 -3 -4 -5 -6 -3 -5 -5 -4  7 -2 -6 -5 -5    3   0   0   0   0   0   0   0   0   0   0   0   0   0   0  96   0   0   0   0  1.87 0.61
  297 F   -5 -5 -5 -6 -6 -5 -5 -6 -2 -4 -4 -5 -4  5 -6 -5 -5 -1  9 -4    0   0   0   0   0   0   0   0   0   0   0   0   0  22   0   0   0   0  77   0  2.50 0.63
  298 G    2 -5 -3 -2 -5 -4 -4  7 -4 -6 -6 -4 -5 -5 -4 -1 -4 -5 -5 -5   18   0   0   2   0   0   0  75   0   0   0   0   0   0   0   3   0   0   0   0  1.55 0.44
  299 R   -5  8 -4 -5 -7 -1 -3 -5 -3 -6 -5 -1 -5 -6 -5 -4 -4 -6 -5 -6    0  96   0   0   0   1   0   1   0   0   1   0   0   0   0   0   0   0   0   0  2.35 0.64
  300 A    7 -4 -5 -5 -3 -4 -4 -2 -5 -4 -4 -4 -4 -5 -3 -1 -3 -6 -5 -3   97   0   0   0   0   0   0   0   0   0   0   0   0   0   1   1   0   0   0   0  1.81 0.57
  301 L   -4 -5 -4 -6 -4 -5 -5 -6 -5  0  6 -5  2 -2 -5 -5 -4 -4 -4 -1    0   0   1   0   0   0   0   0   0   3  92   0   3   0   0   0   0   0   0   1  1.53 0.46
  302 Q   -4 -2 -3 -4 -6  9 -1 -5 -3 -6 -6 -2 -4 -7 -5 -3 -3 -5 -5 -6    0   0   0   0   0  98   0   0   0   0   0   0   0   0   0   0   1   0   0   0  2.60 0.73
  303 Q    4 -2  3  0 -3  3  1 -2  1 -4 -4 -2 -3 -4 -3  1 -1 -5 -3 -3   44   0  14   3   0  16   6   1   3   0   0   1   0   0   0   9   2   0   0   0  0.60 0.29
  304 S    1 -3 -2 -2 -3 -3 -2 -3 -4 -4 -5 -3 -4 -4  2  6  2 -5 -3 -4   12   1   0   1   0   0   1   0   0   0   0   0   0   0  10  61  13   0   1   0  0.98 0.40
  305 T    4 -4 -4 -4  6 -3 -4 -3 -4 -1 -3 -3 -3 -4  1 -1  2 -5 -4  3   41   0   0   0  16   0   0   0   0   2   0   0   0   0   8   0  12   0   0  21  0.73 0.32
  306 L   -3 -4 -6 -6 -4  0 -5 -6 -5  2  6 -5  1 -2 -5 -5 -4 -2 -3 -1    1   0   0   0   0   5   0   0   0   8  81   0   2   1   0   0   0   0   0   1  1.24 0.41
  307 K    0  2 -1 -1 -5  1  0 -3 -2 -5 -4  6 -3 -5 -3 -1 -3 -5 -4 -4    9   9   3   3   0   4   3   0   0   0   1  63   0   0   0   3   0   0   0   0  1.01 0.37
  308 A    5 -3 -2 -4 -2 -3 -2 -3  0 -1 -2 -1 -2 -4 -3  0  4 -5 -3  0   51   0   1   0   1   0   1   0   2   2   3   3   0   0   0   3  27   0   1   4  0.67 0.32
  309 W   -7 -5 -8 -8 -6 -6 -7 -7 -6 -7 -6 -7 -5 -3 -8 -7 -6 13 -1 -7    0   1   0   0   0   0   0   0   0   0   0   0   0   0   0   0   0  98   0   0  4.72 0.94
  310 S    2  0  0 -2 -3  2 -2  4 -1 -4 -3  1 -2 -4 -3  1 -2 -4 -4 -3   20   6   3   1   0  10   1  34   1   0   2  10   1   0   0  10   0   0   0   1  0.47 0.22
  311 G   -2 -3 -3 -4 -5 -4 -3  7 -5 -7 -7 -3 -6 -6 -5 -3 -4 -5 -6 -6    1   2   0   0   0   0   1  93   0   0   0   1   0   0   0   1   0   0   0   0  2.05 0.54
  312 K   -3  2  0  1 -5  2  0 -3  1 -5 -4  6 -4 -5 -3 -1 -3 -5 -4 -4    0   8   3   9   0   8   4   2   3   0   1  59   0   0   0   2   0   0   0   0  0.95 0.35
  313 E    1 -1 -1  2 -2  1  2 -2 -1 -2 -3  3 -3 -4  3  0 -1 -4 -3 -3   13   1   1  13   1   5  11   0   1   2   2  23   0   0  17   5   4   0   0   1  0.41 0.19
  314 E    1 -2 -1  1 -5  0  6 -1 -1 -5 -5 -1 -4 -5 -3  0 -2 -5 -4 -4   12   1   2   7   0   1  61   4   1   0   0   2   0   0   0   8   1   0   0   0  0.95 0.36
  315 N   -4 -2  8 -1 -4  0 -3 -2 -1 -6 -5 -2 -4 -6 -5 -2 -2 -6 -5 -5    0   2  85   1   0   4   0   3   1   0   1   1   0   0   0   0   1   0   0   0  1.96 0.56
  316 V   -1 -2 -3 -4 -2 -3 -2 -3 -4  3  1 -1 -1 -1 -4 -3 -1  1 -1  5    4   2   1   0   1   0   2   1   0  16   9   5   0   1   0   0   4   2   2  50  0.54 0.25
  317 K    3  0 -1 -1 -3  1  2 -1 -1 -3 -3  3 -3 -4  1  0 -1 -4 -3 -2   27   2   2   2   0   6  12   3   1   1   1  28   0   0   6   5   2   0   0   3  0.38 0.21
  318 N    5 -2 -1 -1 -3 -1  0 -2 -1 -3 -3  2 -3 -4 -2  0 -1 -5 -4 -1   61   0   3   3   0   2   5   1   2   1   1  12   0   0   1   4   2   0   0   3  0.67 0.31
  319 A    6 -4 -4 -4 -1 -3 -4  2 -4 -4 -4 -3 -4 -5 -3 -1 -1 -5 -5 -2   77   0   0   0   1   0   0  15   0   0   0   0   0   0   1   1   2   0   0   2  1.22 0.44
  320 Q   -3  1 -3 -4 -6  8 -1 -5 -2 -6 -5 -1 -3 -6 -4 -3 -2 -5 -5 -4    1   7   0   0   0  86   0   0   1   0   0   1   0   0   0   0   3   0   0   1  2.10 0.65
  321 D    1  1  0  2 -4  2  3 -3 -1 -3 -3  3 -3 -5 -3 -1 -2 -5 -4 -3   15   8   3  11   0   9  26   0   1   1   1  21   0   0   0   2   1   0   0   1  0.49 0.23
  322 A    5 -2 -3 -3 -3  0  3 -3 -3  0 -2 -2 -2 -4 -3 -1  0 -5 -4  1   51   2   0   0   0   3  20   0   0   5   2   1   1   0   0   1   4   0   0  11  0.60 0.30
  323 L   -3 -5 -5 -6 -1 -5 -5 -5 -4 -1  4 -5  0  6 -5 -4 -4 -2  2 -1    2   0   0   0   1   0   0   0   0   1  47   0   1  38   0   0   0   0   6   2  1.12 0.37
  324 L   -2 -3 -3 -4  1 -2 -3 -4 -1  2  4 -3  2  0 -4 -2  0 -3  1  1    2   0   1   0   3   1   1   0   1  13  45   1   5   3   0   3   6   0   5   8  0.43 0.20
  325 T    1  0 -1 -2 -3  1  0 -2  5 -2 -2  4 -2 -1 -3 -1  0 -4 -2 -1   14   3   2   1   0   4   5   1  20   1   4  30   0   2   0   1   4   0   0   6  0.42 0.23
  326 R   -5  8 -4 -5 -2 -1 -3 -6 -4 -6 -2 -1 -2 -6 -5 -4 -4 -6 -5 -5    0  91   0   0   1   1   0   0   0   0   4   0   1   0   0   0   0   0   0   0  2.17 0.63
  327 A    6 -4 -4 -5  5 -4 -3 -2 -5 -4 -4 -4 -4 -5 -4 -1 -2 -5 -5 -3   84   0   0   0  11   0   0   1   0   0   0   0   0   0   0   2   1   0   0   0  1.55 0.52
  328 K   -2  4 -2 -3 -5  2  0 -4 -2 -4 -1  6 -1 -5 -4 -2 -2 -3 -4 -4    2  21   1   0   0   9   5   0   1   0   7  50   1   0   0   0   1   0   0   0  0.91 0.36
  329 A    4 -3 -2 -3  3 -2 -2 -2 -4  0  0 -3  4 -3 -3  0 -2 -4 -4 -1   49   0   2   1   6   0   2   2   0   5  10   1  14   0   0   4   1   0   0   2  0.57 0.29
  330 N   -5 -4  9 -2 -1 -3 -4 -4 -2 -7 -7 -4 -5 -6 -5 -3 -3 -7 -6 -5    0   0  97   0   1   0   0   0   0   0   0   0   0   0   0   0   0   0   0   1  2.55 0.70
  331 S   -1 -3 -2 -3 -2 -3 -3  4  1 -5 -5 -2 -4 -5 -4  6 -2 -2 -2 -5    2   1   0   0   0   0   0  27   3   0   0   1   0   0   0  62   0   1   2   0  1.12 0.44
  332 E    1 -3 -3  0 -3  1  2 -4 -3 -1  4 -2  0 -3 -4 -3 -3 -4 -3 -2   12   0   0   5   0   6  19   0   0   0  53   2   2   0   0   0   0   0   0   0  0.58 0.30
  333 A    7 -5 -5 -5 -4 -4 -4 -3 -5 -5 -5 -4 -4 -5 -4 -2 -3 -6 -5 -3   99   0   0   0   0   0   0   0   0   0   0   0   0   0   0   1   0   0   0   0  1.92 0.61
  334 T    3  0 -2 -3  5  4 -2 -3 -2 -4 -4 -2 -3 -5 -3  3  2 -5 -4 -2   28   6   1   0  11  20   0   0   0   0   0   0   0   0   0  21  12   0   0   1  0.61 0.31
  335 L   -2  0 -3 -3 -3  2 -1 -4 -3  0  4  1  1 -2 -4 -2 -1 -4 -1 -1    2   5   0   1   0  14   2   0   0   5  49  11   2   0   0   2   3   0   2   3  0.43 0.24
  336 G   -2 -5 -3 -4 -6 -5 -4  7 -5 -7 -7 -5 -6 -6 -5 -3 -5 -6 -6 -6    1   0   0   0   0   0   1  98   0   0   0   0   0   0   0   0   0   0   0   0  2.32 0.60
  337 T   -2  1 -2 -2 -2  3  1 -3 -2 -4 -3  6 -3 -4 -3  0 -1 -5 -4 -3    2   5   1   1   1  11  10   1   0   0   2  55   0   0   0   5   3   0   0   1  0.82 0.34
  338 Y   -5 -5 -5 -6 -6 -5 -5 -6 -2 -5 -3 -5 -4  2 -6 -5 -5  7  9 -5    0   0   0   0   0   0   0   0   0   0   2   0   0   4   0   0   0  14  78   0  2.54 0.65
  339 K    0 -1  1  1 -2  0  1 -1 -2 -1 -2  2 -2 -3 -2  1  3 -4 -2  1    4   2   5   7   1   4   7   3   0   3   1  13   0   0   0  11  21   0   1  16  0.19 0.14
  340 G    2 -2 -2 -2 -3 -1 -1  3  0 -3 -4  0 -3 -4  4  1 -1 -4 -3 -2   22   2   0   0   0   2   4  27   2   1   0   6   0   0  19   8   3   0   0   2  0.50 0.21
  341 N    1 -2  0  2 -3 -1  3  3 -2 -4 -4 -1 -3 -4 -3  2  0 -2 -2 -3    9   1   2  13   0   1  21  21   0   0   0   1   0   0   0  21   5   1   1   1  0.43 0.20
  342 S    1 -1 -2 -1 -3  0 -2  4  0 -2  0 -1  3 -3 -2  2 -1 -3 -3 -2   10   2   0   2   0   4   2  32   2   1   9   2  12   1   1  16   3   0   0   1  0.33 0.18
  343 Q    0 -1 -1  1 -3  2  5 -1 -1 -2 -3  0 -3 -4 -1  0 -1 -4 -3 -1    7   1   2   7   1  10  44   4   1   3   1   3   0   0   2   6   3   0   0   5  0.50 0.23
  344 L    1  0 -1  0 -2  1  1  1 -1 -2 -2  1 -2 -3  1  1  0 -3 -2 -1   18   4   1   6   1   5   7  10   1   1   4  11   0   1   8  12   6   0   1   3  0.15 0.08
  345 G    1 -1  0  2 -3 -1  0  3 -3 -3 -4  0 -2 -4 -3  3  0 -4 -4 -3   14   2   2  15   0   1   5  23   0   1   1   4   1   0   0  26   5   0   0   1  0.42 0.20
  346 E    3 -2 -1  1 -1  0  2  0 -2 -2 -2  0 -2 -3  0  1  0 -4 -2 -2   30   0   1   9   1   3  18   7   0   1   4   5   0   1   3   9   6   0   1   1  0.26 0.15
  347 G    4 -2 -1  0 -2 -2  1  2 -1 -3 -3 -1 -1 -4 -2  0 -1 -4 -3 -2   50   0   2   4   0   1  12  13   1   0   2   1   1   0   1   6   3   0   0   2  0.47 0.22
  348 A    5 -2 -1 -2 -2 -2 -2  1 -2 -3 -3 -2 -3 -4 -3  2 -1 -4 -3 -1   62   2   2   2   0   0   1  11   0   0   0   1   0   0   0  13   1   0   0   3  0.70 0.28
  349 S    0 -1  0  1 -3  0 -1  2 -2 -3 -3  2 -1 -2 -2  3  1 -4 -3 -3    7   1   4   7   0   4   1  16   0   0   1  18   2   2   1  26   8   0   0   1  0.29 0.15
  350 E   -1  0 -2  0 -4  4  5 -2 -1 -4 -4  2 -2 -4 -3  0 -2 -4 -3 -3    5   2   0   3   0  20  45   1   1   1   1  12   1   0   0   5   1   0   0   1  0.72 0.26
  351 S   -1 -1 -1 -1 -3  0 -1  2 -3 -3 -4 -1 -3 -4 -3  5  1 -5 -4 -4    1   3   2   2   0   3   2  15   0   1   0   3   0   0   0  62   5   0   0   0  0.76 0.31
  352 L   -3 -4 -2 -5 -3 -3 -5 -5 -3  0  5 -4  5 -2 -5 -4 -2 -4 -3 -1    0   0   2   0   0   0   0   0   0   1  77   0  16   0   0   0   2   0   0   0  1.15 0.37
  353 H   -4 -4 -4 -5 -5 -4 -5 -5  4 -1 -2 -5 -3  7 -6 -4 -4 -1  6 -3    0   0   0   0   0   0   0   0  12   2   1   0   0  57   0   0   0   0  27   1  1.61 0.42
  354 V   -2 -3 -4 -3 -3 -1  1 -4 -4  2 -1 -3 -1 -2 -4 -2  1 -5 -3  5    1   1   0   0   0   3  13   1   0   8   0   0   0   1   0   1   8   0   0  64  0.73 0.30
  355 K    3 -1 -2  0 -3  0  0 -2 -2 -3 -4  5 -3 -2 -1  1 -2 -4 -3 -3   33   0   0   4   0   2   4   0   0   1   0  43   0   2   2   9   0   0   0   0  0.61 0.27
  356 D   -1 -1  5  2 -1 -2 -2  3 -2 -5 -5  0 -4 -5 -3  1 -2 -5 -4 -3    3   2  37  13   1   1   0  28   0   0   0   4   0   0   0   9   1   0   0   1  0.73 0.25
  357 Y   -4 -4  0 -5 -5 -3 -4 -5  7 -3 -3 -4 -4  0 -5 -4 -4 -1  8 -4    0   0   4   0   0   0   0   0  31   1   1   0   0   0   0   0   0   0  64   0  1.99 0.50
  358 K    2 -1 -2 -2 -2 -1 -1 -2 -3 -1 -2  2 -1 -3 -3  1  2 -4 -3  2   24   1   0   1   0   1   2   0   0   1   0  21   0   0   0   8  18   0   0  22  0.32 0.19
  359 Y   -5 -5 -5 -6 -5 -4 -5 -6 -1 -4 -4 -5 -4  0 -6 -5 -5 -1 10 -4    0   0   0   0   0   0   0   0   0   0   0   0   0   0   0   0   0   0 100   0  2.84 0.61

                      K         Lambda
Standard Ungapped    0.1304     0.3129
Standard Gapped      0.0619     0.2670
PSI Ungapped         0.2028     0.3166
PSI Gapped           0.0619     0.2670
