
Last position-specific scoring matrix computed, weighted observed percentages rounded down, information per position, and relative weight of gapless real matches to pseudocounts
           A  R  N  D  C  Q  E  G  H  I  L  K  M  F  P  S  T  W  Y  V   A   R   N   D   C   Q   E   G   H   I   L   K   M   F   P   S   T   W   Y   V
    1 M   -3 -4 -4 -5 -3 -3 -4 -5 -4  1  2 -4  9 -2 -5 -4 -3 -4 -3  1    0   0   0   0   0   0   0   0   0   4  17   0  74   0   0   0   0   0   0   6  1.48 0.43
    2 S    2  0 -1  2 -3 -1  0 -2 -2 -4 -4  0 -3 -3  0  4  0 -4  0 -3   18   6   0  12   0   0   2   0   0   0   0   7   0   0   5  45   2   0   4   0  0.47 0.24
    3 R    0  5  0 -2 -4  1  0  0  5 -4 -2  1 -3 -4  0 -1 -2 -4 -2 -3    9  37   3   0   0   4   5   7  19   0   5   4   0   0   5   1   0   0   0   0  0.54 0.25
    4 F   -4 -1 -5 -5 -2 -4 -5 -5 -4  2  4 -4  1  5 -5 -4 -3  3  2  0    0   3   0   0   1   0   0   0   0  10  38   0   2  31   0   0   0   4   5   6  0.82 0.35
    5 R   -4  6 -1 -4 -6  0 -1 -1 -3 -6 -5  4 -4 -6 -3 -2 -1 -1 -4 -5    0  50   2   0   0   3   3   5   0   0   0  30   0   0   1   2   3   1   0   0  1.18 0.50
    6 S    0  2  3 -1 -4  1 -1  1  0 -3 -2  0 -3 -4 -3  3 -1 -4 -3 -1    5  13  17   2   0   6   3  10   3   1   4   3   0   0   0  25   2   0   0   6  0.31 0.26
    7 L   -1 -1 -2 -2 -4 -3 -1 -5 -3 -1  4 -4  2  4 -5 -1 -2 -1  2 -1    4   3   1   3   0   1   4   0   0   1  40   0   6  18   0   6   2   0   8   3  0.49 0.32
    8 L   -1 -1 -4 -4  2 -2 -3 -3 -4  1  2  2  3  2 -4 -3 -1  6  0  0    6   3   0   0   5   1   0   1   0   9  18  19   9  10   0   0   3  11   2   4  0.42 0.30
    9 Q    1  2  1  1 -4  4  0  0 -1 -4 -3  3 -3 -4 -2  0  0  1 -2 -4   10   9   6   6   0  19   5   5   1   1   3  21   0   0   1   5   7   2   1   0  0.36 0.28
   10 A    2  4  2 -1 -4 -2  2 -2 -3 -4  1 -1 -3 -2 -4  0 -1 -5 -2 -3   22  25  10   2   0   0  15   1   0   0  13   1   0   2   0   4   2   0   1   0  0.42 0.35
   11 S    0 -2 -3 -4 -3 -3 -2  0 -3  0  1 -3  1  3 -2  3  0 -3 -1  0    7   2   0   0   0   0   1   6   0   5  16   0   4  14   1  31   5   0   2   5  0.34 0.31
   12 V    0 -3 -2 -3 -2  1 -1 -2 -3  2  2 -3  1  0 -3 -1  0 -1 -1  2    9   1   2   1   1   8   3   2   0  16  20   0   3   5   1   5   4   1   1  19  0.21 0.20
   13 N    0  0  4  5 -5  2  1 -1 -1 -5 -3  0 -1 -5 -4  0 -3 -6 -5 -5    6   5  23  32   0   8   6   3   1   0   3   4   2   0   0   7   0   0   0   0  0.71 0.42
   14 A    3 -1 -3 -3 -2 -2  3  0  3 -2  0 -2 -1 -1 -2  0 -1 -4 -1  0   29   3   0   0   1   0  20   6   8   2   8   1   1   3   1   7   3   0   2   6  0.29 0.28
   15 T    0 -4 -2 -4 -3 -4 -2 -4 -4  1  1 -4  0  2 -4  0  3  6 -2  3    6   0   1   0   0   0   2   0   0   6  14   0   2   9   0   7  19  13   0  20  0.54 0.35
   16 K   -3  3 -1 -2 -5  1 -2  0 -1 -2 -3  5 -4 -3 -1 -1 -2  0  0 -2    1  16   2   2   0   6   0   6   1   3   3  44   0   1   3   4   1   1   3   3  0.66 0.42
   17 K   -2  4  2  0 -5  1  0  1 -1 -4 -3  3 -1 -4 -2 -1 -2 -5 -4 -4    3  23  11   5   0   7   5  13   1   1   2  21   2   1   1   2   1   0   0   1  0.50 0.33
   18 A    1  0  3 -2 -3  0  0 -1 -1 -1 -1  0 -1 -2  2  1  0 -4 -2 -1   16   5  18   0   0   4   5   4   1   3   8   4   1   1   9  11   4   0   1   5  0.18 0.18
   19 L    0  0 -4 -3 -3 -2 -1 -3 -4  1  3 -1  0  2 -4 -2 -1 -3 -1  2    8   6   0   1   0   2   5   2   0   7  36   3   1   9   0   2   3   0   2  14  0.34 0.26
   20 T    2 -1 -2 -2 -2 -1 -2  2 -1 -1 -1  0  0 -2 -2  0  1 -4 -3  1   23   4   1   1   1   1   2  16   1   3   6   4   3   1   1   8  10   0   0  13  0.20 0.20
   21 W    0  1 -1 -1 -3  1  1 -1 -1  0  0  1  0 -1  0  0 -1  5 -1 -1   10  10   1   2   0   6   8   4   1   6   9  10   2   2   4   7   2  10   1   3  0.16 0.17
   22 N    1  2  2  0 -2  1  0 -1 -1 -2 -2  0 -2 -3  2  1  0 -4 -2  0   16  11  11   4   0   5   4   3   1   2   2   3   1   1  11  13   4   0   1   6  0.20 0.20
   23 V    1  0 -1 -2 -2 -2 -1 -1 -2  1  2 -1  1  0  0  0 -1 -3 -1  1   16   6   3   1   0   0   3   5   1   7  21   2   4   4   4   6   3   0   2  11  0.09 0.13
   24 E    1  0  0  2 -2  0  2  1  1 -3 -2  1 -2 -4 -2  0  1 -4 -3 -3   14   4   3  12   1   4  18   9   4   1   4   9   1   0   1   4   8   0   0   1  0.24 0.21
   25 E    0 -1  0  2 -3  1  2  0  0 -2  0  1  0 -1  1 -1 -1 -3 -1 -1    7   3   3  11   0   5  15   9   3   1  10   9   3   3   8   3   2   0   1   3  0.12 0.12
   26 W    0  0 -2 -2 -3 -1 -1 -2  2  0  1 -1  2  1 -2 -1  0  4  2  1    6   5   2   1   0   2   4   3   5   4  18   3   6   5   1   3   7   6   9  10  0.14 0.14
   27 V    0  0 -1 -1 -2 -1 -2  0  0  0  1  0  2 -1  0  0  0 -3 -1  0    8   7   1   3   0   1   1   6   3   6  19   6   8   2   6   8   5   0   1   8  0.07 0.10
   28 P   -1 -1 -1  0 -4 -1 -1 -2 -1 -1  0 -2  2  0  5  1  0 -4 -4 -2    3   3   3   5   0   3   3   2   1   3  10   2   6   4  33  11   5   0   0   3  0.53 0.33
   29 P    0 -1  0 -1 -4  0  1  0 -2 -2 -2  1 -2 -2  4  1  1 -4 -3 -1    6   3   4   3   0   4  10   6   0   1   2   8   1   2  21  11   9   0   1   5  0.31 0.23
   30 A    0 -1 -1 -1  0  2  1  1 -1 -4 -3  1 -3 -4  0  3  1 -4 -3 -3    9   2   3   3   2  12   9  11   1   0   1   8   0   0   5  22  10   0   1   2  0.32 0.27
   31 E    0 -1 -1  1  0  0  3 -2  0 -3 -4  2 -3 -5  3  1  0 -2 -3 -3    8   3   2   8   2   2  23   2   2   1   1  12   0   0  16  10   5   0   1   1  0.44 0.31
   32 K   -3  4 -1  0 -5  2 -1 -2  0 -2  0  4 -2 -1 -2 -3 -2 -4  0  0    1  22   3   4   0   9   2   3   2   1   8  25   1   2   2   0   2   0   4   8  0.43 0.33
   33 H   -2 -2 -1 -2 -2 -3 -1 -4 -1  1  2 -3  2 -2  1 -2  2 -4  1  2    1   2   3   2   1   1   4   1   2   8  22   1   6   1   7   1  14   0   6  18  0.31 0.28
   34 I   -4 -6 -3 -4 -5 -4 -4 -6 -6  5  5 -6  1 -2 -6 -5 -3 -1 -5  1    1   0   2   1   0   1   1   1   0  28  49   0   3   1   0   1   1   1   0  10  1.13 0.58
   35 F    1 -5 -6 -4  0 -4 -5 -6 -1  0 -1 -4 -3  7 -6 -3 -2  6  3  0   14   0   0   1   2   1   1   0   2   5   5   1   0  42   0   2   2   9   8   6  1.14 0.59
   36 K   -2  0  2  5 -3  1 -1  0 -2 -5 -4  4 -4 -5 -3 -1 -1 -6 -4 -5    3   4   8  32   0   5   4   6   1   0   2  23   0   0   1   4   4   0   1   0  0.70 0.45
   37 F   -6 -5 -5 -6 -3 -7 -7 -1 -3 -3 -2 -5  0  9 -7 -6 -6 -4 -1 -6    1   1   1   0   1   0   0   5   1   2   4   1   2  79   0   1   0   0   1   0  2.52 1.02
   38 H   -1  2  3  2 -3 -1  0 -1  0 -4 -4  3 -3 -5 -3  1  2 -5 -1 -4    4  11  13  10   1   2   5   3   2   1   1  21   0   0   1   9  13   0   2   0  0.45 0.34
   39 S   -1  0  1  2 -3  2 -1  0  1 -4 -4  0 -2 -5  0  4  1 -6 -4 -3    3   5   5  11   1   8   4   8   3   0   1   6   1   0   5  29   9   0   0   1  0.42 0.35
   40 K    2 -1  0 -2 -5  1  1 -1 -2 -3 -3  1 -3 -5  5  0 -1 -6 -4 -3   16   3   4   2   0   5  11   4   1   1   3   9   0   0  30   6   4   0   0   1  0.60 0.41
   41 E    0 -1  1  2 -5  1  3 -2 -1 -5 -4  2 -3 -2 -1  1  1  3 -4 -3    6   2   6  10   0   6  23   3   1   0   2  14   0   2   3  10   7   5   0   1  0.42 0.32
   42 D    0 -4  0  4 -2 -1  2 -3  0 -4 -3 -2 -5 -4 -2  4  0 -6 -2 -3    7   0   5  24   1   2  11   2   2   1   2   2   0   1   2  28   6   0   2   2  0.60 0.42
   43 L    0 -1 -2 -4 -2 -1 -3 -3  0  1  4 -2  0  1 -1 -2 -2  0  0  1    6   3   1   1   1   4   2   2   2   7  39   2   1   6   3   3   2   1   3  10  0.36 0.26
   44 K    1 -1  2  3 -3  2  2 -2 -1 -4 -4  2 -3 -4 -2  1 -2 -5 -3 -4   10   3  10  19   0   8  13   2   1   1   2  14   0   1   2  11   2   0   1   1  0.43 0.31
   45 K    0  1  2  1 -4  2  0  2 -1 -3 -2  2 -2 -3 -2  0 -1 -2 -1 -3    7   9   9   8   0   8   6  19   1   1   4  11   1   1   1   5   4   1   2   2  0.25 0.20
   46 W   -8 -9 -9-10  3 -8 -9 -9 -8 -2 -5 -9 -3  2 -9 -9 -8 12 -1 -4    0   0   0   0   5   0   0   0   0   2   1   0   1   7   0   0   0  80   2   1  4.18 1.48
   47 H   -1  1  0 -1 -3  1  3 -1  2  0 -2  1  0 -2 -4 -1  1 -2  1  0    6   8   3   3   0   6  20   5   5   6   2   7   2   1   0   2  11   1   5   6  0.20 0.21
   48 L    1 -2 -4 -4  0 -4 -1 -3 -3  1  0 -4 -1 -3 -1  0  1 -5 -1  4   11   2   0   1   2   0   4   1   1   8   7   1   1   1   4   7   9   0   3  37  0.47 0.35
   49 Y   -1  0 -1 -2 -2 -2 -1 -1 -1  1  0 -1  2  2 -4  0  1 -3  0  2    2   6   3   2   0   1   3   4   1   8   9   3   5  11   0   7  11   0   4  17  0.14 0.15
   50 S   -1 -3  3  3  2  3 -2 -3 -2 -5 -3 -3 -4 -2 -2  3  2 -5 -1 -3    4   1  13  17   4  13   1   2   1   0   2   0   0   2   1  25  11   0   2   1  0.59 0.42
   51 D   -4 -6 -4  8 -7 -5 -1 -1 -6 -7 -7 -5 -7 -7 -2 -5 -6 -7 -2 -7    1   0   0  83   0   0   3   5   0   0   0   0   0   0   2   0   0   0   2   0  2.48 0.99
   52 S    0  1  0 -2 -2  1 -1  0 -2 -1 -3  1 -3 -3 -2  2  2 -5 -4  2    8   9   4   1   1   6   4   8   1   3   1   8   0   1   1  19  12   0   0  14  0.23 0.24
   53 E   -2 -4 -3  2 -5 -1  2 -3 -5  1 -3 -4 -2 -1 -3 -2 -2 -5  1  5    4   1   1  14   0   3  13   3   0   6   1   1   1   2   1   3   2   0   5  40  0.67 0.43
   54 Y   -3  2 -4 -3 -3  0 -5 -5  1  1 -1 -2  9  1 -2 -5 -4 -1  1 -1    3  10   1   2   1   4   0   1   3   8   4   3  45   6   2   0   1   1   4   3  1.28 0.64
   55 G   -2 -4 -1  0 -6 -1 -4  6 -2 -7 -7 -4 -6 -4 -1  0 -2 -6 -6 -5    2   1   2   6   0   3   1  66   1   0   0   1   0   1   4   6   3   0   0   1  1.46 0.69
   56 G    1  0 -1 -6 -7 -6 -7  7 -7 -8 -8 -6 -7 -8 -7 -1 -6 -7 -7 -7   10   6   3   0   0   0   0  74   0   0   0   0   0   0   0   4   0   0   0   0  1.98 0.86
   57 V   -1  2 -2 -4 -2 -1 -3 -4 -1  1  0  2  2 -1 -5 -1 -1 -5 -1  4    4  12   2   1   1   2   2   1   2   6   9  13   6   3   0   5   3   0   2  27  0.40 0.30
   58 F   -3 -8 -1 -1 -8 -7 -7 -7 -7 -8 -4 -7 -7  5 -8  6 -6  1  0 -8    2   0   3   3   0   0   0   0   0   0   2   0   0  23   0  61   0   2   3   0  1.88 0.99
   59 S    0  1  0  0 -2  2  3 -3  2 -3 -4  0 -2  0 -3  2  1  1  0 -2    7   6   3   6   1  11  17   1   6   2   1   6   1   4   1  13   7   2   3   3  0.29 0.27
   60 G    0 -6 -1 -1  0 -3 -5  5 -6 -4 -4 -2 -6 -1 -6  4 -2 -7 -6 -2    9   0   2   4   2   1   0  40   0   1   2   2   0   3   0  27   2   0   0   3  0.97 0.57
   61 N   -1  0  3  0  0  1 -1  1  2 -1 -3 -1 -2  0 -1  0  2 -5  0 -1    4   5  13   4   2   5   3   9   6   3   1   3   1   4   3   7  16   0   4   5  0.20 0.20
   62 L   -2 -3 -6 -4  0 -3 -1 -4 -2  2  4 -5  3  3 -3 -3 -3 -1  0  1    3   2   0   1   2   1   5   2   1  11  36   0   6  12   1   2   1   1   3   9  0.61 0.36
   63 S   -1  1  1  0 -1  2  0 -3 -1 -2 -3 -1 -2 -3 -2  3  1  0  2 -2    5   8   7   6   1   8   7   2   1   2   2   4   1   1   2  23  10   2   6   2  0.29 0.28
   64 V    0 -2 -2 -2  0 -1  0 -3  0  0  1 -1  0  2  0  0  3 -4 -1  1    6   2   2   2   2   2   6   2   2   6  14   3   2   8   5   6  20   0   2   8  0.17 0.18
   65 D    1  0  0  3 -2  0  3  0  0 -3 -2  0 -2 -3 -4 -1  0 -5 -3 -2   10   6   4  19   1   3  20   8   2   1   5   5   1   1   0   4   6   0   1   3  0.33 0.27
   66 L    0  0 -1 -1 -1 -1 -1 -1 -1  1  2 -1  1 -1  0 -1  0 -4 -2  2    6   5   3   3   1   2   4   5   1   7  20   3   4   2   5   5   6   0   1  17  0.09 0.12
   67 S   -1 -3  0  0  0 -3 -1  0 -1 -2 -2 -1 -1  4  4  1 -1 -3 -2 -1    5   1   5   5   2   0   4   6   1   2   3   3   2  19  22   9   4   0   1   5  0.44 0.34
   68 E    0  0  0  1  0  2  2  0  1 -3 -2  2 -2 -2  0  1  0 -4 -1 -2    7   5   3   6   2   9  15   6   3   2   3  12   1   2   4  10   6   0   2   2  0.18 0.18
   69 G   -1 -2  1  2 -5  0  0  4  1 -2 -2 -1 -2 -2 -2 -1 -1 -5 -4 -1    4   2   7  14   0   4   6  34   3   3   4   4   1   2   2   3   4   0   0   4  0.44 0.31
   70 S    0  0  1  0 -2  0  0  1  1 -1 -1  0  0  1 -1  0  0 -1  1 -1   10   6   9   6   1   5   6  10   3   2   7   3   2   6   2   6   5   1   5   4  0.05 0.06
   71 K   -1  1 -1 -1 -1  1  1 -3 -1  1 -1  1 -1 -1  0 -1  0  0 -1  2    2   9   3   3   1   5  10   2   1   8   6   8   1   2   5   4   5   1   2  20  0.13 0.15
   72 W   -1 -2 -1 -1 -2 -3 -1  3 -2 -2 -2 -1  0  2  1  3  0  3 -2 -3    3   2   2   3   1   0   4  21   1   2   5   3   2   8   7  26   5   4   1   2  0.33 0.29
   73 N    0  1  0  1 -2  0  0 -1  0 -1  1  1 -1 -1 -2  0  2 -3  0 -1    6  10   5   7   1   2   6   3   2   3  17   9   1   2   1   4  14   0   3   4  0.08 0.12
   74 I    1 -2 -2 -1 -3 -1  1 -3 -3  2  1 -1  0 -1 -2 -1  1 -4 -2  2   13   2   1   3   0   2  11   1   0  14  11   4   3   2   2   2  10   0   1  18  0.17 0.18
   75 S   -2  0  4 -1 -4  1  0  0  0 -2 -3  1 -2 -2 -1  1  1 -4  0 -1    1   6  23   2   0   8   5   6   2   3   1  10   1   1   2  12  10   0   3   4  0.31 0.26
   76 R   -1  4  4 -2 -5  1 -2  1 -1 -4 -1 -1 -1  1 -1 -1  0 -4  1 -3    4  24  20   2   0   6   1  11   1   0   6   1   1   6   3   3   6   0   4   1  0.40 0.32
   77 S    1 -1 -2 -1 -4 -3  0  4 -2 -4 -3 -1 -4 -5 -2  2  1  3 -3 -4   13   3   1   4   0   0   7  35   1   1   2   3   0   0   2  16   9   4   1   0  0.55 0.36
   78 G   -4 -3  2 -5 -1 -5 -6  7 -5 -7 -7 -5  0 -7 -2 -2 -3 -6 -6 -6    0   2   8   0   2   0   0  78   0   0   0   0   2   0   2   3   2   0   0   0  1.86 0.80
   79 F   -3 -5  1 -3 -6 -3 -5 -2 -4 -4 -2 -4 -4  7 -6 -3 -5  2  6 -2    2   0   8   1   0   2   0   3   0   0   2   1   0  48   0   2   0   3  25   3  1.53 0.69
   80 C    5 -5 -4 -2  6 -4 -4  0 -5  0 -2 -4  0 -5 -2  0 -1 -5 -5  1   44   0   0   3  15   0   0   7   0   5   2   0   2   0   2   6   3   0   0  11  0.78 0.47
   81 G    1 -4 -1 -3 -4  1 -1  4 -2 -3 -2 -2  1 -1 -4  3 -1 -5 -3 -2   13   0   3   1   0   6   4  29   1   2   4   2   4   3   0  25   2   0   1   2  0.48 0.35
   82 M   -1 -5 -5 -5  1  1 -5 -5 -5  3  1 -4  4  3 -2 -2 -1  3 -1  3    5   0   0   0   3   7   0   0   0  14  10   0  12  14   2   3   3   4   2  21  0.56 0.39
   83 R   -1  6 -1 -1 -5  0 -2 -3 -1 -1 -2  2 -1 -2 -2 -1 -2 -5  0 -2    4  45   3   4   0   3   2   2   2   4   4   9   2   2   2   4   2   0   3   3  0.73 0.48
   84 S    1  0  1 -3  1  0 -3 -1  1 -1 -1 -1  0 -1 -1  2  3  2  1 -1    9   4   6   0   3   5   0   4   3   3   7   3   3   3   3  15  17   3   4   3  0.18 0.24
   85 K   -1  1  0  0  0  0  1 -1  2 -1 -1  2  1 -1  1  0  0 -3  0 -1    4  10   4   4   3   4  10   3   5   3   7  13   4   3   6   5   4   0   3   5  0.09 0.12
   86 K    0  0  1  1 -1  0  0  0  1  0  0  0  0  0  1  0  0 -3 -1  0    6   7   8  10   1   4   6   6   4   6   9   5   2   4   7   4   4   0   2   6  0.04 0.05
   87 F   -1  2 -1  1 -4  0  0 -2 -1 -1 -1 -1  0  3  2  0 -1  1  0 -2    4  15   3   9   0   4   6   3   1   3   7   3   2  12  11   7   4   2   2   2  0.19 0.21
   88 D   -1  1  0  2 -1  0  1  0 -1 -2 -1  1  0 -1  1  0  1  0 -1 -2    5   7   3  14   1   4   9   7   1   2   8   7   2   2   6   7   8   1   2   3  0.10 0.12
   89 G    0  0  0 -1 -2  0 -1  1 -1 -2 -1  0 -1 -1  3  1  0 -1 -1 -1    6   5   4   3   1   5   4  12   1   3   6   5   2   3  17  12   6   1   3   3  0.18 0.19
   90 F    0 -1 -1  0 -1 -1  0 -1  0 -1  0 -1 -1  1  3  0  0 -3  1 -1    8   3   3   5   2   2   6   6   2   3  13   3   1   6  17   6   5   0   5   3  0.13 0.14
   91 I   -1 -2 -2 -2 -1 -1 -1 -3  1  1  2 -1  0  3  0 -1 -1  5  2  0    5   2   1   2   1   2   3   2   3   7  22   3   2  11   4   5   2   9   6   6  0.27 0.22
   92 D   -2 -1  4  6 -6 -1 -1 -1 -1 -5 -4  0 -1 -6 -1  0 -1 -6 -5 -3    3   3  18  38   0   3   3   5   2   0   2   5   2   0   3   7   4   0   0   2  0.81 0.52
   93 L    0 -1 -4 -4  1 -1 -1 -4 -3  0  2 -1  1  2  0 -1 -1  5  0  1    8   4   0   0   3   3   3   0   0   6  25   4   4   7   4   3   4  10   3   8  0.29 0.25
   94 D    0  0  0  2  1  0  0 -1  0 -1 -2  0  0 -1  0  2  0 -4 -3 -1    9   6   4  13   3   4   7   4   3   3   3   4   3   3   4  19   6   0   0   3  0.13 0.16
   95 G    1  0  1  1 -1  0  0  2  1 -4 -3 -1  0 -3  2  0 -1 -4 -3 -3   14   6   6   8   1   5   6  19   3   0   2   4   2   1  10   8   4   0   1   1  0.25 0.21
   96 Y    0 -3 -3 -4 -1 -3 -4 -4  3 -4 -4 -3 -2  4 -3 -2  0  3  7 -3    8   1   1   1   2   1   1   1   5   1   1   1   1  18   2   3   5   4  39   2  1.18 0.60
   97 D    0 -1  2  3 -1  1  2 -1 -1 -3 -3  0 -3 -5 -2  1  2 -5 -3 -3    7   3  11  17   1   5  13   4   1   1   2   5   1   0   1  11  13   0   1   1  0.35 0.28
   98 A    1 -3 -2 -4  1 -3 -3  5  2 -3 -3 -1 -1 -1 -3 -1  1 -4  2 -3   13   1   2   0   3   1   1  39   4   1   2   4   2   3   1   5   8   0   8   1  0.63 0.40
   99 I   -3 -6 -6 -6 -1 -5 -6 -6 -6  5  4 -4  0  1 -6 -5 -3 -5 -2  3    2   0   0   0   1   0   0   0   0  29  39   1   2   6   0   0   1   0   1  15  1.06 0.52
  100 A    1  2 -2 -2 -1  0  2 -3  0 -1 -1 -1 -2 -1 -4  0 -1  1  1  1   15  13   1   1   2   4  17   1   3   3   4   3   1   3   0   7   2   2   6  12  0.21 0.23
  101 L   -2 -5 -5 -6 -4 -5 -5 -6 -5  4  5 -5  2  2 -5 -5 -4 -4 -1  1    3   0   0   0   0   0   0   0   0  20  49   0   5   7   0   0   0   0   2  10  0.97 0.46
  102 R   -2  4 -1  2  0  0  1 -3 -1 -2 -2  2 -1 -2 -3  0  0 -1 -1 -1    3  28   2  10   2   3  10   1   1   2   2  11   2   1   0   6   6   1   2   5  0.36 0.26
  103 I   -1 -2 -2 -5  4 -2 -4 -5 -4  2  2 -4  1  0 -4 -4 -2  0  0  4    5   3   2   0   8   2   0   1   0  12  18   0   3   4   0   1   2   2   4  35  0.60 0.34
  104 R   -1  5 -2 -1  0  0  0 -1 -1 -2 -2  3 -1 -1 -2 -2 -2 -1 -2 -3    4  31   1   4   2   4   6   5   1   2   4  21   2   3   2   2   2   1   1   2  0.47 0.31
  105 G    0 -2 -2 -2 -1 -4 -3  6 -1 -5 -2 -3 -5 -5 -2  1  0  0 -5 -3    8   2   2   2   1   0   2  55   1   0   4   1   0   0   2  10   5   1   0   2  0.96 0.48
  106 D    0 -1  1  1 -3  1  1  0  2  0 -1  0 -1 -2  1  0  0  4 -2 -2    7   0   7   7   0   7   7   7   7   7   7   7   0   0   7   7   7   7   0   0  0.13 0.13
  107 G   -1  0 -1  0 -5 -2 -2  6 -4 -6 -6 -1 -5 -6 -1  0 -2 -5 -5 -4    4   5   3   4   0   2   3  62   0   0   0   3   0   0   3   7   2   0   0   1  1.12 0.56
  108 R   -2  4  0  0 -5  2  1 -2  2 -5 -4  3 -2 -3 -1  0 -2 -4 -1 -4    3  29   4   5   0   9   8   2   4   0   1  17   1   1   3   7   1   0   2   0  0.54 0.35
  109 C   -1  3  0 -1  0  0  0 -1  0 -2 -2  2 -1 -4  3  1  2 -4 -3 -2    4  16   3   3   2   3   4   5   2   3   3  11   1   0  13  11  15   0   0   2  0.27 0.23
  110 Y   -5 -1 -3 -4 -5 -1 -3 -4  0 -4 -2 -1 -1  3 -2 -3 -3  4  8 -3    0   4   1   1   0   3   2   2   2   0   3   4   1  11   2   1   2   4  55   1  1.49 0.70
  111 I   -1  0  0 -1 -3  1 -1 -1 -1  0  0  2  1  1 -2  0  2 -1  0  0    4   3   3   3   0   7   2   4   1   4   7  18   4   6   2   5  16   1   4   6  0.11 0.16
  112 S   -1  1 -3 -4  1 -1 -3 -4  0  1  2  0  1  3 -3 -1 -1  2 -1  1    4   8   0   0   3   3   0   0   3   9  22   6   2  16   0   4   3   3   0  13  0.22 0.19
  113 T   -1  1  4 -1 -3 -1 -1 -1  1  1 -1 -1  0  1 -3  0  0 -3  0  0    4  10  24   2   0   2   3   4   4   9   3   2   2   8   0   7   7   0   2   6  0.17 0.18
  114 I    0 -3 -3 -4 -3 -3 -3 -4 -3  3  3 -1  1  0 -3  0  0  2 -2  2    7   0   0   0   0   0   0   0   0  18  30   5   3   4   0   8   4   3   0  14  0.34 0.24
  115 Y   -1  4 -1 -3  0  1  0 -2  2 -2 -2  2 -1 -1 -2 -1 -1 -3  4 -1    4  23   2   0   2   6   4   4   4   2   4  14   2   2   2   3   3   0  14   4  0.35 0.27
  116 T    0 -3 -1  0  3 -1 -1 -2  0 -1 -1 -1  1  0  0  0  4 -3  0  0    6   1   3   5   8   3   3   2   2   3   5   3   4   4   5   7  28   0   4   6  0.24 0.23
  117 E   -1  1  0  3 -1  0  3 -1 -1 -2 -3  1 -1 -1 -1  0  0 -4 -2  0    5   7   4  17   2   3  21   4   1   2   2   7   1   3   3   6   5   0   2   8  0.24 0.20
  118 N    0  0  3  2 -3 -1 -1  2  0 -1 -2 -1 -1 -3  0  1  1 -4 -2 -2    6   4  13  11   0   2   3  14   2   4   5   4   1   1   4  11  11   0   1   2  0.19 0.17
  119 W    0  1 -1  0 -1  1  0  0 -1 -1  0  0  0  0 -1  0 -1  4  1 -1    7   8   2   6   1   6   5   8   1   4  11   6   3   3   3   5   4   7   6   5  0.06 0.07
  120 V   -1 -1 -1  0  1  0 -1 -2  0  0  0 -1  2  2  1 -1  0  4  0  1    5   3   3   5   3   4   4   4   3   6   9   3   5   7   7   4   7   5   4   9  0.10 0.09
  121 N   -1  0  1  3  1  0  0 -1  1 -1 -2 -1  1 -1  1  1  0  2  0 -2    4   6   7  14   3   4   5   6   3   4   5   4   3   3   6   9   6   3   3   3  0.12 0.12
  122 S   -2  2  0  0  0 -2  0  2  0 -1 -1 -2 -1 -2 -1  1  3 -1 -4 -1    4  10   4   5   2   2   6  16   2   3   6   2   1   2   3  11  15   1   0   4  0.22 0.19
  123 P   -1 -1 -3  0  0 -1 -1 -1 -2  0  0 -2  1 -2  4  0  0  1 -2  0    6   4   2   6   2   3   4   5   1   6  10   3   3   2  23   7   5   2   2   6  0.29 0.21
  124 G    0 -2  0  2  0 -1 -1  2 -1 -1 -2 -1 -1 -2 -1  0  0  5  0 -1    6   3   4  13   2   3   4  17   1   4   4   4   1   2   4   7   5   7   3   5  0.23 0.17
  125 Q   -2  0  1  0  0  3  1 -1  2  0 -1 -2 -2  0  1  0 -1  0  3 -1    3   6   6   5   2  12   7   5   4   5   5   2   1   4   7   6   4   1   8   5  0.16 0.14
  126 S   -2  2  0  0  1  1  0 -1  0 -1 -1  0  1  1 -1  1  1  2  0 -2    4  10   4   5   3   7   5   5   3   4   6   6   3   5   3  11   7   3   3   3  0.09 0.10
  127 E   -2  0  0  1  1  0  1 -2  1  0 -2  0  1  0  0  0  0  3  2 -1    4   6   5   8   3   5   9   4   3   5   4   6   3   3   5   7   5   4   7   4  0.11 0.11
  128 D   -2  2  1  3 -1  1  0 -2  0 -1 -3 -3 -1 -2  0  2 -1  0  0 -2    3  10   7  13   1   7   7   3   2   4   3   2   2   2   6  14   4   1   4   3  0.23 0.21
  129 N   -3  0  2  2  0  1 -2  0  2 -1 -2 -2  0  2  0  0  0  0  0 -1    2   5   8  13   2   7   2   7   4   4   4   2   2   9   5   8   6   2   3   4  0.18 0.16
  130 S    0  0 -1  1 -1  1 -2 -2  2  0  1 -2  2  0 -2  2  0  1  1  0    7   5   2   8   1   5   2   3   4   5  12   3   4   3   2  15   5   2   5   6  0.12 0.13
  131 W   -3 -3 -3 -8 -1 -7 -3 -3  4 -4 -4 -3 -1  3 -4  0  0  8  6 -4    2   2   2   0   1   0   2   2   8   1   2   2   2  11   1   7   6  18  26   2  1.38 0.76
  132 Q   -3  1 -1 -3  0  5  0 -5  2 -1 -3 -1 -1  0 -7  0 -1  0  4 -1    3   7   4   2   2  23   7   1   5   4   3   4   2   3   0   8   4   1  14   5  0.61 0.42
  133 A    3 -3 -3 -1 -2 -1 -1 -2  5  0 -2 -3 -2 -2 -4  0 -1  0  4 -3   24   1   2   4   1   3   5   4  13   5   4   2   1   2   1   8   4   1  12   2  0.54 0.37
  134 F    0  1 -2 -1 -6 -1  0 -3  0 -2 -2  0  0  5  0  0  0 -6  2 -1    9   7   2   3   0   3   6   3   2   2   4   5   2  22   5   8   5   0   7   4  0.39 0.27
  135 V   -3 -2 -3 -1 -3 -1 -3 -4 -7  1  2 -3  3  6 -1 -1 -1 -6 -2  1    3   3   1   4   1   3   2   2   0   7  16   2   5  27   4   6   4   0   2   8  0.61 0.36
  136 F   -1 -1  0  2 -3 -2 -1 -5  1 -5 -3 -2 -2  6  0 -1  1 -2  3  0    5   3   4  11   1   2   4   1   3   1   2   3   1  25   6   5   7   1   8   6  0.58 0.38
  137 A    1 -3 -1 -2  0 -2 -1 -4  1 -3 -4 -1 -7 -2  0  0  6 -8 -4 -1   10   2   3   2   2   2   4   2   3   2   2   4   0   2   6   6  42   0   1   5  0.84 0.57
  138 P   -1  3 -3 -3 -3 -1 -2 -2 -2 -2 -4  1 -3 -4  4  0  3 -8 -7  1    6  13   2   2   1   3   3   4   1   3   2   8   1   1  17   7  17   0   0   8  0.48 0.38
  139 K    1 -1  0  0 -3 -2 -1  2  0 -5 -3  2 -6 -7  3  1  1 -7 -3 -2   10   4   4   6   1   2   4  17   2   1   3  13   0   0  14   8   9   0   1   3  0.38 0.31
  140 D   -3 -3  2  2 -2 -2  0  5 -1 -7 -5 -3 -4 -3  1 -2 -2 -3 -4 -5    3   1   9  13   1   2   7  44   2   0   1   2   1   1   7   3   3   0   1   1  0.90 0.58
  141 S   -1 -1  0  1 -3  2  3  2  1 -3 -4  0 -2 -2  2 -1  0 -5 -2 -2    4   3   4   8   1   9  20  13   3   2   1   6   1   2  10   4   6   0   1   3  0.33 0.30
  142 W   -3 -3 -3 -3 -5 -1 -2 -2 -1 -2 -3 -3 -4  2 -2 -3 -1 11 -1 -2    3   2   1   2   0   3   3   3   2   3   2   2   0   7   3   3   5  50   2   4  1.88 0.88
  143 Y   -1  0 -1 -1  0  4  2 -2  1 -1 -2  0  1 -2 -4  0  2 -4  0 -1    4   5   2   2   3  21  15   3   3   3   4   5   4   1   0   6  12   0   3   4  0.30 0.32
  144 T   -2  1  0  1 -4  0  1 -2 -3  1 -2  0 -1 -2 -2  0  4 -4  0  0    2   8   4   9   0   4  10   2   0   7   2   4   1   1   2   6  28   0   3   6  0.31 0.32
  145 A   -1 -1 -4 -4  1 -1 -1 -5  2  3  0 -1  1  0 -4 -2 -1  2  0  3    5   3   0   0   3   3   3   0   5  17   9   4   3   4   0   3   4   3   4  25  0.35 0.27
  146 K   -1  0  0  0  2  0  0 -3  2  0 -1  0  1  1  0  0  0  3  1  0    5   5   5   5   5   5   5   0   5   5   5   5   5   5   5   5   5   5   5   5  0.08 0.12
  147 I    0 -2 -3 -3  3 -2 -2 -2 -2  1  1 -2  2  2 -2 -1 -1 -1  2  1   12   1   0   1  11   0   1   1   0  12  12   1  11  12   1   1   1   0  11  12  0.18 0.09
  148 P    0 -1  0 -2 -5 -1 -2 -3 -1 -4 -2  1 -4 -3  6 -1 -1 -5 -2 -3    7   3   5   2   0   2   2   2   2   0   4  10   0   1  48   5   4   0   2   2  1.00 0.49
  149 L   -3 -4 -3 -5 -4 -4 -2 -5 -4  0  2 -3  0  6 -1 -3 -2  6  0 -1    2   0   2   0   0   0   3   0   0   6  17   2   2  41   4   2   2  13   2   3  1.00 0.48
  150 A    1  0  2  1  1  0  0 -1  1 -1 -2  0  0 -3 -1  2  0 -4  0 -1   10   5   9   8   3   3   5   4   4   3   3   6   3   0   3  21   5   0   3   3  0.14 0.17
  151 R    0  0  2  3  1  1  1 -1  2 -3 -2  0 -3 -1 -3  0  0 -4  0 -2    8   5  10  18   3   6   8   4   6   0   3   5   0   3   0   7   6   0   3   3  0.22 0.21
  152 Y   -4 -5 -5 -5 -5  0 -5 -5 -4 -3  2 -5  4  7 -5 -4 -1 -3  2 -1    0   0   0   0   0   4   0   0   0   0  17   0  11  48   0   0   5   0   6   5  1.25 0.55
  153 L    0  0 -1 -2 -1  0  0 -2  0  1  0  1  0  0 -1 -1  1 -3  1  2    6   5   2   2   1   4   6   2   2   9   7  10   2   4   3   2  13   0   5  16  0.09 0.12
  154 P    1  1 -4 -4 -5 -1 -2 -4  0 -2 -1 -1  0  1  6 -2 -2 -4  0 -3   12   7   0   0   0   3   2   1   3   2   7   3   3   5  42   2   2   0   4   2  0.86 0.46
  155 T   -1 -2  0 -2 -1  0 -2 -3  1 -1 -3 -2 -1 -2 -3  2  4 -4  2  2    3   2   4   2   1   4   3   2   3   3   2   1   1   1   1  14  31   0   7  15  0.44 0.35
  156 W   -2 -1  2 -4  0 -1 -2 -3  1 -1 -2 -1 -1  5 -3  0 -2  5  4 -1    3   4  11   1   2   2   2   2   3   3   4   3   1  21   1   8   2   9  15   4  0.54 0.33
  157 R   -2  6 -2 -3 -2  0 -2 -2  2 -3 -3  2  0  1 -4 -2 -3  2  0 -4    3  44   2   2   1   4   2   3   4   1   2  12   3   5   1   2   2   2   3   1  0.88 0.48
  158 G    2 -5 -2 -2 -5 -4 -4  6 -5 -5 -3 -4 -1 -5 -1 -2 -2 -5 -5 -5   14   1   2   3   0   0   1  63   0   1   2   1   2   0   3   3   2   0   0   1  1.35 0.61
  159 N   -2  5  2 -2 -5  2  0 -1  1 -2 -3  2 -1 -1 -3 -2 -2 -1 -1 -1    4  31   9   1   0   7   6   4   3   2   2  13   1   3   1   2   3   1   2   5  0.50 0.33
  160 V   -1  0 -2 -1 -3 -1  0 -3 -3  2  0  0  0 -2  2 -1  2 -2  0  2    4   5   1   3   0   3   5   2   0  12   8   5   2   1  10   3  12   1   3  19  0.19 0.18
  161 I   -2  0 -1 -2 -1  3 -3 -4 -2  2  1 -1  1 -3 -2 -1 -2 -1 -3  4    2   5   2   2   1  13   1   1   1  11  14   3   4   1   2   4   1   1   1  28  0.41 0.31
  162 D   -2  1  0  4 -1  0  3 -3 -2 -4 -3  0 -4 -3  3  0 -1 -5 -2 -3    3   7   5  24   2   4  16   2   1   1   3   6   0   1  13   6   3   0   2   2  0.47 0.35
  163 V    0  0  1  3 -4 -1  0  1  0 -2 -2  0  0 -2  1  1  0 -4 -2 -1    8   5   8  18   0   2   6   9   3   2   5   4   2   1   6   8   5   0   1   5  0.16 0.15
  164 E    3  0  1  1 -1  5  0 -1 -1 -4 -4 -1  0 -5  0 -1 -1 -1 -2 -3   21   4   6   7   1  26   5   5   1   1   1   2   2   0   6   4   3   1   1   1  0.48 0.39
  165 M    0  0 -1 -2  1 -1 -1 -1  1  0 -1 -1  1 -1  4 -1  0 -4  1 -1    7   4   3   2   3   2   4   4   3   6   5   3   5   3  24   4   7   0   6   5  0.30 0.23
  166 E    0  1 -1 -1 -5  0  2 -2 -4 -3 -4  1 -3 -3  5  0 -1 -6 -2 -3    9   8   3   4   0   5  14   3   0   1   2   8   1   1  29   6   3   0   2   2  0.59 0.42
  167 M   -4 -6 -5 -7 -3 -6 -6 -7 -1  2  4 -4  6  4 -3 -4 -4 -2 -2  0    1   0   1   0   0   0   0   0   2  12  40   1  17  14   1   2   1   1   1   5  1.07 0.58
  168 N   -2 -2  4  5 -3 -2  0 -5 -2 -3 -1 -1  1 -4 -1  0 -2 -1 -2 -3    4   3  19  34   1   2   4   0   1   1   8   3   3   1   4   5   2   1   2   2  0.68 0.46
  169 P    0  2 -2 -3 -2 -1 -2 -3 -3 -2  2  0 -2 -1  4  0  0 -1 -3  0    8  12   1   1   1   3   2   2   1   1  20   5   1   2  21   6   6   1   1   6  0.35 0.30
  170 G    1  0  1  2 -4  1  1  0  0 -2 -3 -1 -2 -1 -2  2  0 -2 -2 -3   11   6   6  11   0   6  10   6   2   2   2   4   1   2   2  20   6   0   1   1  0.23 0.23
  171 R   -1  4  1  0 -1  2  1 -2  1 -4 -3  3 -4 -3 -4  0 -1 -5 -2 -4    5  22   8   5   2   8   7   4   3   1   3  20   0   1   0   8   3   0   2   1  0.47 0.35
  172 V   -2 -4 -6 -6 -5 -4 -5 -5 -6  6  1 -5  0 -1 -6 -3 -2 -6 -5  4    3   1   0   0   0   1   1   1   0  43  11   1   2   3   0   2   2   0   0  29  1.19 0.59
  173 L   -1  3  0 -3 -1  0 -1 -3  1  0 -1  2 -1 -2 -4  1  2  0  1  0    3  17   3   1   2   3   3   1   3   5   5  13   1   2   0  10  12   1   5   8  0.22 0.22
  174 G    0  2  1 -4 -5  3 -1  2 -1 -5 -4 -1 -1 -4 -5  3  2 -5 -4 -3    7  12   6   0   0  13   4  13   2   0   1   2   2   1   0  22  13   0   0   1  0.50 0.41
  175 M   -4 -6 -4 -5 -2 -4 -5 -7 -6  5  3 -5  4  4 -6 -6 -5 -2 -3  3    1   0   1   1   1   1   1   0   0  28  23   1   8  16   0   0   0   1   1  17  1.04 0.54
  176 S    0  1  1  1  2  1  0  0  2 -2 -1  0  1 -2 -2  0  0 -3 -2  0    7   7   7   7   6   7   7   7   6   0   7   7   6   0   0   7   7   0   0   7  0.08 0.11
  177 L   -1 -1 -3 -3 -3 -2 -3 -1  2  2  2 -3  1  3  0 -1 -2 -2 -1  1    5   5   0   0   0   0   0   6   8  15  18   0   4  17   6   5   0   0   0   9  0.22 0.19
  178 S    0  0  1 -2 -2  0  0 -1  1 -1 -1  0  3 -1 -2  2  1  2  0 -1    7   5   7   1   0   5   5   5   4   3   3   4  12   2   1  19  10   3   3   3  0.14 0.17
  179 V   -1  0 -1 -1  0  0 -1 -1  0  1  1  1  1  1 -1 -1 -1 -2  0  1    5   4   3   4   2   4   2   3   2  12  19  10   5   6   2   2   3   0   3   8  0.06 0.08
  180 N   -1  2  0 -2 -3  0 -1 -1 -2  2  0  0  2  2 -3  0  0 -2  0  0    4  14   4   2   0   3   5   5   0  14   6   3   7  13   1   5   8   0   2   4  0.12 0.15
  181 A    1  0  0  1 -2  0  2  0 -1 -1 -2  1 -2 -1  1  1 -1 -2 -1 -2   13   5   3   9   0   2  15   8   1   4   4   9   1   2   6  10   3   0   2   2  0.13 0.11
  182 E   -1  2 -1  0 -3  2  1 -1 -1 -1 -2  0  1  2  0 -1 -1 -2  2 -1    4  13   3   4   0   9  11   5   1   3   3   5   4  10   4   4   2   0   9   4  0.15 0.14
  183 G   -1  0  0  2  0 -1  0  1 -1  0  0  0  0  2 -1 -1 -1 -2 -1  0    4   5   5  15   2   2   6  12   1   9   8   5   2  10   3   3   2   0   1   5  0.06 0.08
  184 G    0 -1  0  0 -3 -1 -1  5 -1 -2 -3 -1 -1 -2 -2  0 -2 -3 -1 -2    8   4   3   4   0   3   4  43   1   2   3   4   1   2   2   6   2   0   2   3  0.51 0.28
  185 A    0  0 -1 -1 -2  0  0  0 -1  0  0  0  1  1  0  0  0 -2  0  0   11   4   3   3   0   4   6   8   2   5   9   5   5   9   3   6   6   0   2   9  0.02 0.04
  186 V    0 -1 -1 -2 -2 -1 -1 -2 -2  0  2 -1  0  0  2  0  1 -2  1  0   10   3   2   2   1   3   3   3   1   5  24   3   2   5   9   6   8   0   6   5  0.11 0.11
  187 G   -1 -1  3 -1 -2  0  0  2 -2  1  0 -1  0 -2 -1  0 -1 -3 -2 -1    5   3  20   3   0   5   6  14   1  11   8   3   3   2   3   5   3   0   1   4  0.17 0.16
  188 A    2 -2  0 -1  0  0  0  1 -2 -2 -1 -1 -1 -1  4  0 -1 -3 -3 -2   18   2   5   4   2   4   6  11   0   2   6   3   2   2  19   6   4   0   1   3  0.26 0.19
  189 K   -1  1  2  4 -4  0  0  1 -1 -2 -3  1 -2 -3 -2  0  0 -4 -2 -1    3   6  11  25   0   3   5  10   1   3   1  10   1   1   2   5   7   0   1   4  0.32 0.24
  190 S   -1  2 -1 -2 -4  1 -1 -1 -1 -3 -3  3 -1  4 -2  0 -1 -3  0 -1    6  10   2   2   0   7   4   4   1   1   2  23   1  19   2   7   4   0   3   4  0.34 0.28
  191 G    0  2 -1  1 -4  4  0  0 -2 -1 -3  1  0 -4 -2 -1  0 -2 -4  1    8  10   2   8   0  24   4   6   1   3   1  10   2   0   2   4   4   0   0  10  0.32 0.30
  192 A    1 -2  0  2 -4  0  2 -3 -1 -3 -1 -1 -2 -1  4  0 -1 -5 -1 -2   13   1   3  11   0   3  13   1   1   1   6   4   1   2  24   7   3   0   2   2  0.40 0.31
  193 G   -4  1 -2 -5 -2 -2  0  7 -5 -5 -5 -4 -6 -3 -4 -3 -3 -6 -6 -6    0   7   1   0   1   2   6  74   0   1   1   0   0   1   1   2   2   0   0   0  1.67 0.80
  194 D   -1 -1  2  2 -5 -2  0 -3  1 -3 -3  0 -3 -3  5  1 -1 -5 -4 -2    6   3   9  13   0   1   5   1   3   1   3   6   1   1  28  13   3   0   0   3  0.57 0.39
  195 F   -5 -7 -7 -7 -6 -7 -7 -3 -1 -1 -3 -7 -4  9 -7 -3 -6 -4  3 -4    1   0   0   0   0   0   0   2   2   3   2   0   0  79   0   3   0   0   7   1  2.45 1.03
  196 R    0  3  0  0 -1  2  2 -2  0 -3 -3  3 -2 -3 -4  2 -1 -1 -2 -3    7  16   4   4   1   8  16   2   2   2   1  16   1   1   0  14   3   1   1   1  0.37 0.32
  197 V   -4 -6 -7 -7 -5 -6 -7 -7 -7  2  6 -6  1 -1 -7 -6 -5 -6 -3 -1    1   0   0   0   0   0   0   0   0   9  80   0   2   2   0   0   0   0   1   4  1.73 0.81
  198 E   -1 -1 -2  1  0  1  4 -1 -1  1 -1  0 -2 -3 -1 -1  0 -3 -3 -1    3   3   1   7   2   6  34   5   1   8   7   5   1   1   3   4   5   0   1   5  0.33 0.30
  199 I   -5 -7 -7 -7 -1 -6 -7 -8 -7  6  3 -7  1  0 -7 -6 -3 -6 -5  3    0   0   0   0   1   0   0   0   0  46  26   0   3   3   0   0   1   0   0  20  1.42 0.67
  200 D   -1  1 -1  5 -6  0  4 -4  2 -4 -5  1 -3 -2 -5 -1 -3 -6 -3 -4    5   7   2  35   0   3  23   1   5   1   0   8   1   2   0   5   1   0   1   1  0.81 0.50
  201 W   -1  1 -1 -3 -4 -1 -1 -3 -2 -5 -5  1 -4  1 -4  3 -1  7  5 -5    5   6   2   1   0   3   4   1   1   0   0   8   0   5   1  27   3  13  20   0  0.80 0.53
  202 I   -4 -8 -8 -8 -3 -7 -8 -8 -8  8 -1 -7  0 -3 -7 -7 -5 -7 -3  3    1   0   0   0   1   0   0   0   0  77   4   0   2   1   0   0   0   0   1  14  2.15 0.90
  203 K    0  2 -2 -2 -2  0  2  2 -2 -4 -5  5 -4 -5 -4  0 -1  3 -3 -5    7  12   1   1   1   2  12  15   1   1   0  33   0   0   0   7   3   5   1   0  0.62 0.42
  204 A    6 -5 -5 -6 -1 -5 -5 -1 -6 -2  0 -5 -3 -1 -4 -2 -3 -6 -5  2   63   0   0   0   1   0   0   3   0   1   9   0   0   3   1   1   1   0   0  17  1.16 0.64
  205 L   -4 -4 -5 -5 -2 -3 -2 -5 -3  1  2 -4  1  2 -6 -4 -1  1  6  2    0   1   0   0   1   1   3   0   0   8  22   1   3   9   0   0   4   2  31  16  0.83 0.46
  206 R   -3  5  3 -2 -3  1 -2 -3 -1 -5 -4  3 -2 -3 -3 -1  2 -5 -1 -4    1  31  16   1   1   5   0   1   1   0   1  20   1   1   1   3  11   0   3   1  0.71 0.41
  207 L   -3 -2  1  6 -5 -1  3 -2  1 -1 -1 -1  2 -5 -4 -3 -1 -5 -4 -3    1   1   6  45   0   1  18   2   3   3   6   2   7   0   0   0   3   0   0   1  0.79 0.39
  208 P   -3 -5 -5 -4 -5 -4 -4 -5 -5 -5 -5 -4 -5 -6  9 -3 -4 -6 -6 -5    0   0   0   0   0   0   0   0   0   0   0   0   0   0 100   0   0   0   0   0  2.96 0.57

                      K         Lambda
Standard Ungapped    0.1349     0.3180
Standard Gapped      0.0461     0.2670
PSI Ungapped         0.1510     0.3129
PSI Gapped           0.0461     0.2670
