
Last position-specific scoring matrix computed, weighted observed percentages rounded down, information per position, and relative weight of gapless real matches to pseudocounts
           A  R  N  D  C  Q  E  G  H  I  L  K  M  F  P  S  T  W  Y  V   A   R   N   D   C   Q   E   G   H   I   L   K   M   F   P   S   T   W   Y   V
    1 M   -5 -5 -6 -7 -5 -4 -6 -6 -5  0 -1 -5 11 -4 -6 -5 -4 -5 -5 -3    0   0   0   0   0   0   0   0   0   4   0   0  96   0   0   0   0   0   0   0  3.07 0.84
    2 M   -1 -2 -5 -6 -5 -4 -4  1 -5 -1  2 -2  8  4 -5 -4 -4 -4 -3 -2    4   2   0   0   0   0   1  13   0   2  15   3  42  16   0   0   0   0   0   2  1.07 0.50
    3 K    0  2 -1 -2 -5 -1 -1 -1  0  1 -1  5  0 -2 -4 -2 -2 -5 -3 -3   10  11   2   1   0   0   3   5   2  10   4  44   3   1   0   1   1   0   0   0  0.55 0.34
    4 S    0 -3 -2 -3 -4 -2 -2 -2 -1 -3  0 -2  2  2  0  4  2 -1 -2 -3    5   0   0   0   0   1   1   3   2   0  10   1   6   8   5  41  15   1   1   0  0.51 0.36
    5 Q   -1  2  0 -2 -1  3 -1  1  0 -1 -2  2 -2 -2 -1  1 -1 -4 -3 -1    3  14   4   0   1  18   1  12   3   5   2  11   0   1   2  15   2   0   0   6  0.26 0.22
    6 K   -1  1 -1 -3  0 -1 -2 -1  0  0  2 -1  4  1  0  0  0 -1  1 -1    4  10   2   0   2   1   1   5   2   5  19   3  14   7   4  10   4   1   4   1  0.14 0.15
    7 K    2 -1 -2 -3  0 -1 -2 -1 -3  1  0  0  0 -1  0  2  1  0 -2  0   22   3   1   0   2   2   1   5   0  12   7   5   2   2   5  17   9   1   0   5  0.16 0.16
    8 L   -1 -3 -4 -3  0 -3 -3 -4 -1  3  2 -4  0  5 -4 -1 -2 -2  3  0    4   1   0   1   2   0   1   1   1  17  22   0   2  23   0   5   2   0  11   5  0.50 0.27
    9 L    0 -3 -3 -5 -3 -1 -4 -3 -4  2  4 -3  4  1 -4 -3 -2 -4 -3  1    8   1   1   0   0   3   0   1   0  11  41   1  12   6   0   1   1   0   0  10  0.59 0.32
   10 I   -1 -4 -3 -5  2 -4 -4 -4 -3  3  2 -3 -1  2 -3 -1  0 -4 -1  4    5   0   1   0   4   0   0   1   0  14  24   1   0   8   1   4   4   0   2  31  0.50 0.30
   11 K    0 -1 -2 -3  0 -2 -2 -2 -3  0  2  1  1  1 -2  0  3 -1 -2  0    5   4   1   0   2   0   1   2   0   3  27   9   4   7   1   7  19   1   0   7  0.22 0.20
   12 I    0 -4 -3 -4  1 -4 -4 -3 -4  3  3 -3  3  2 -4  1 -2 -4 -3  2    7   0   1   0   3   0   0   1   0  15  27   1   8   7   0  11   1   0   0  16  0.43 0.27
   13 I    0 -5 -5 -5 -2 -3 -5 -2 -5  2  4 -5 -1  2 -5 -1 -2 -4 -3  4    7   0   0   0   1   1   0   3   0  11  36   0   0   8   0   5   2   0   0  27  0.65 0.36
   14 V    1 -4 -3 -4  0 -4 -4  0 -4  2  2 -3  1  4 -4 -1 -2 -3 -1  2   12   0   1   0   2   0   0   7   0  15  17   1   3  22   0   6   2   0   1  12  0.41 0.26
   15 V    0 -2 -3 -4 -2 -4 -4 -2 -4  1  2 -4  0  5 -4  1 -2 -2 -1  2    7   2   1   0   1   0   0   4   0   9  21   0   2  25   0  13   1   0   1  13  0.46 0.30
   16 Q    1 -3 -2 -3  0  1 -3 -3 -1  2  2 -1  0  1 -2  0  0 -3  0  0   15   0   1   0   2   9   0   2   2  14  26   3   2   5   1   5   5   0   2   5  0.20 0.18
   17 C    0 -4 -2 -4  5 -3 -4 -3 -1  2  2 -4 -1  3 -4  0 -1  0  0  0    7   0   2   0  15   1   0   2   1  12  20   0   0  16   0   9   3   1   3   6  0.45 0.27
   18 L   -1 -4 -2 -5  3 -4 -4 -4 -3 -1  4 -4  0  4 -5  0 -1 -4 -2  1    5   0   2   0   7   0   0   1   1   2  39   1   1  19   0   9   3   0   1  10  0.59 0.34
   19 L    0 -4 -1 -4 -1  0 -3 -3 -2  0  3 -4 -1  5 -2  0 -2  0 -1 -1   10   0   3   1   1   4   1   1   1   4  32   0   1  25   2   8   1   1   1   2  0.50 0.33
   20 V    2 -4 -3 -4  6 -3 -3 -2 -1  2  0 -2 -2  1 -2  0 -1 -2 -2  2   17   0   1   0  17   1   1   3   1  13   7   2   0   7   2   6   4   0   1  17  0.41 0.27
   21 L   -1 -3 -3 -2 -1 -1 -3 -3 -1  2  3 -4  2  3 -1 -1 -1  0  2  0    6   1   1   2   1   3   1   1   1  10  32   0   7  13   3   5   3   1   6   4  0.32 0.23
   22 C    0 -3 -1 -3  4 -3 -3 -1 -2  2 -1 -3 -2 -2 -1  4  0 -1 -2  0    6   1   2   1   9   1   0   5   1  12   6   0   0   1   3  37   6   1   1   6  0.44 0.34
   23 V    1 -2 -2 -3 -1 -3 -2 -3 -2 -1 -1 -3  4 -1  3  2  1 -2 -2  2    9   2   1   1   1   0   3   1   1   2   4   0  12   3  15  21   7   1   1  15  0.37 0.30
   24 T    0 -2  0 -1  0  0 -1  1  1  1 -3  0 -3 -4 -2  4  1 -5 -2  0    6   1   4   3   2   3   3  11   3   8   2   5   0   0   1  35   7   0   1   7  0.32 0.28
   25 S    2 -3  1  1 -2  1 -2 -2 -2 -3 -3 -2 -4 -3 -2  2  3 -4  3 -2   20   0   5  10   1   5   1   3   0   1   2   2   0   0   1  15  19   0  13   1  0.41 0.33
   26 Q    0  1  0 -3 -4  2 -1  4  3 -3 -4  0 -2 -4 -2 -1  0 -5 -2  1    6   9   4   1   0  10   3  31   7   1   0   4   1   0   2   4   5   0   1  10  0.40 0.29
   27 D   -1 -2  1  3 -5  0  2  0 -3 -3 -4  0 -2 -5  0  3  0 -5 -1 -3    4   2   6  20   0   3  16   9   0   1   1   4   1   0   4  22   5   0   2   1  0.43 0.31
   28 F   -7 -7 -7 -8 -2 -7 -7 -7 -3 -3 -4 -7 -5  8 -4 -7 -6  7  6 -4    0   0   0   0   1   0   0   0   0   1   1   0   0  52   1   0   0  14  28   1  2.37 0.89
   29 D   -3 -5  0  7 -7 -2  1 -5 -1 -6 -7 -1 -6 -7 -5 -2 -1 -8 -6 -1    2   0   3  67   0   2   7   0   2   0   0   3   0   0   0   3   4   0   0   6  1.60 0.70
   30 F   -5 -6 -5 -6 -7 -2 -5 -7  3 -4 -3  0 -1  5 -7 -3 -6 -3  8 -2    1   0   0   0   0   2   0   0   5   1   2   6   1  24   0   2   0   0  52   3  1.82 0.78
   31 F   -5 -7 -7 -8 -6 -7 -7 -7 -3 -2  3 -7  3  8 -7 -6 -6  0  3 -3    1   0   0   0   0   0   0   0   1   2  27   0   6  52   0   0   0   1   9   1  1.74 0.72
   32 Y   -1 -3 -4 -5 -6  6 -2 -5 -1  2 -2  0  1 -1 -5 -4 -1 -1  4  0    4   0   0   0   0  40   2   1   1  10   4   5   3   2   0   0   4   1  15   8  0.89 0.55
   33 F   -6 -5 -7 -8 -6 -7 -7 -8  0  0  4 -7  1  7 -8 -7 -6  0 -1 -3    0   1   0   0   0   0   0   0   2   4  37   0   3  49   0   0   0   1   1   1  1.74 0.73
   34 V    1 -4 -5 -6 -5 -3 -2 -4 -6  0 -4 -5 -4 -5 -6  0  3 -7 -5  6   12   1   0   0   0   1   2   1   0   3   0   0   0   0   0   6  21   0   0  53  1.15 0.62
   35 Q   -5 -1 -3 -5 -7  7 -3 -7  1 -4  3 -4  0 -2 -6 -4 -3 -6 -2 -3    0   2   1   0   0  51   1   0   4   0  32   0   2   2   0   1   2   0   1   1  1.43 0.75
   36 Q   -4 -1 -5 -5 -7  8  0 -6  3 -4 -5 -3  2 -7 -6 -3  2 -3 -3 -3    1   3   0   0   0  61   4   0   6   1   1   0   6   0   0   1  13   0   1   2  1.66 0.84
   37 W   -9 -9-10-10 -9 -8 -9 -9 -4 -9 -8 -9 -8 -5-10 -7 -6 13  4 -9    0   0   0   0   0   0   0   0   0   0   0   0   0   0   0   0   1  88  10   0  4.79 1.58
   38 P   -2 -7 -6 -6 -8  2 -6 -4 -4 -5 -6 -6 -7 -8  8 -3 -5 -8 -8 -7    3   0   0   0   0  10   0   1   0   1   1   0   0   0  81   2   0   0   0   0  2.67 1.09
   39 A    0 -4 -1 -4 -6  0 -3  4 -3 -2 -3 -3 -3 -5  6 -3  0 -6 -3 -2    8   1   2   0   0   4   1  27   0   3   3   1   1   0  37   1   5   0   1   3  0.95 0.52
   40 S    3 -5 -3 -5 -5 -5 -4 -1 -5 -4 -6 -5 -3 -6 -5  4  5 -7 -5 -4   27   0   1   0   0   0   1   5   0   0   0   0   0   0   0  27  38   0   0   1  1.20 0.68
   41 Y   -1 -5  1 -5 -5 -4 -4 -5 -4  0 -3 -3 -4  5 -6 -2  2 -3  6  3    5   0   8   0   0   1   1   0   0   5   2   1   0  21   0   2  12   0  25  18  0.88 0.50
   42 C   -6 -9 -8 -9 12 -9 -9 -8 -9 -4 -7 -9 -7 -8 -8 -7 -7 -8 -8 -7    0   0   0   0  98   0   0   0   0   1   0   0   0   0   0   0   0   0   0   0  4.62 1.50
   43 D   -1  3  2  3 -5  1  0 -3  2 -2 -2  2 -2 -3 -4  1 -2 -4  2 -3    4  16  11  15   0   6   4   1   6   2   4  11   1   1   0  10   1   0   7   1  0.37 0.28
   44 T    0 -1 -2 -2 -3 -1  0 -1 -1  0 -1 -1  0  0  0  2  3 -3 -1  1    5   4   1   1   0   2   5   4   1   5   6   3   2   5   4  20  20   0   2  11  0.19 0.22
   45 R   -2  3  3  0 -5  1  0 -3  2 -3 -4  3 -3 -5 -1  1  1  2 -2 -2    2  16  14   5   0   5   4   1   5   1   1  17   0   0   2  12   9   3   1   3  0.41 0.31
   46 R   -1  2  2 -2 -5  2 -1  0  3 -5 -4  2 -4 -4  2  0  0 -4 -1 -4    5  13  11   1   0   9   3   7   6   0   1  15   0   1  12   6   7   0   3   0  0.40 0.30
   47 S   -2 -1  0 -2  6 -2 -1  2  2 -3 -4  2 -3 -2 -1  1  2 -5 -3 -4    2   3   5   2  17   1   3  15   5   1   0  14   0   2   3  10  15   0   1   1  0.49 0.34
   48 C   -3 -2 -3 -2  9 -2 -3 -3  0 -3 -4  0 -5 -5  4 -1 -2 -5 -4 -4    2   2   1   3  45   2   2   2   2   2   2   6   0   0  21   5   2   0   1   1  1.53 0.65
   49 C   -3 -1 -2 -4 10 -4 -4 -4 -2 -1 -3 -1 -4 -4 -3  2  0 -5 -3 -3    2   4   2   1  53   0   1   1   1   3   3   4   0   1   2  14   5   0   1   2  1.70 0.66
   50 Y   -1  1  1 -1 -2  0 -1 -2  1  0  0  1  1  1  1  0 -1  0  2  0    4   7   7   3   1   3   3   3   3   7   7   9   4   5   8   5   3   1   9   8  0.06 0.06
   51 P   -1 -1 -1 -1  1 -1 -1 -2 -1 -2 -2 -1 -2 -3  6  0 -1 -3 -1 -2    4   3   3   3   3   2   4   3   1   3   4   4   1   1  46   6   3   0   3   3  0.87 0.30
   52 T   -1  1  2  0  3  0  0  0 -1  0 -1  1 -1 -2 -1  0  1 -2  0 -1    3   7  11   5   7   4   3   6   1   5   4  11   1   1   2   7  12   0   3   5  0.10 0.08
   53 T   -1  1  1 -1  0  0 -1 -1 -1 -1 -2  3 -1 -2 -1  1  2 -2  1 -1    5   6   8   2   2   5   3   5   1   3   4  21   1   1   2  10  13   0   5   5  0.17 0.14
   54 G   -1  1  1  3  0  0 -1  2  1 -2 -2  1 -2 -3  1  0 -1 -2 -2 -2    3   7   6  16   2   4   3  19   5   2   3   8   0   1   7   8   2   1   1   3  0.23 0.15
   55 K   -2  4  1  0 -4 -1 -1 -3 -2  0 -2  2 -2 -1  4 -1 -2 -4  0 -1    2  22   7   4   0   2   4   2   1   6   4  12   1   2  19   3   1   0   4   4  0.40 0.25
   56 P   -1 -1 -3 -1 -4 -3 -3 -2 -4 -2 -1 -2 -3  0  7 -1  0 -4 -4 -2    5   3   1   3   0   1   1   3   0   3   8   2   0   4  52   5   6   0   1   2  1.10 0.47
   57 D    2 -2 -2  2 -3 -2 -1 -2 -2 -1  2 -2 -1 -2  4  0 -1 -4 -3 -2   16   1   1  14   0   1   4   3   1   3  22   2   1   1  20   6   3   0   0   1  0.38 0.26
   58 E    1  1  2  0 -5  4  1 -3 -1 -5 -4  3 -3 -4 -1  0  0 -5 -2 -4   11   5  11   5   0  20  10   1   1   0   1  19   0   0   3   7   4   0   1   0  0.48 0.33
   59 D   -3 -2  4  3 -4 -2 -1 -1 -1  1  1 -2 -1 -1 -4 -1 -1  1  3 -2    1   2  20  20   0   1   3   5   1   8  13   1   2   2   0   3   3   2  11   2  0.38 0.29
   60 F   -7 -8 -8 -9 -8 -6 -8 -8 -7 -6 -4 -8 -5  9 -9 -7 -7  7 -1 -6    0   0   0   0   0   0   0   0   0   0   1   0   0  83   0   0   0  14   1   0  3.21 1.13
   61 S   -4 -5 -1 -6 -6 -5 -6  0 -6 -3 -5 -5 -3 -1 -6  0  7 -7  0 -4    1   0   3   0   0   0   0   7   0   1   0   0   0   3   0   5  75   0   3   0  1.81 0.86
   62 I   -6 -8 -8 -8 -6 -7 -8 -8 -8  8 -1 -7 -3 -5 -7 -7 -4 -7 -6  3    0   0   0   0   0   0   0   0   0  75   4   0   0   0   0   0   1   0   0  20  2.24 0.87
   63 H   -5 -3 -3 -7 -9 -2 -3 -5 11 -9 -8 -4 -7 -7 -7 -3 -4 -8  0 -9    1   2   1   0   0   2   2   1  86   0   0   1   0   0   0   2   1   0   2   0  3.49 1.26
   64 G   -5 -7 -5 -6 -7 -7 -7  8 -7 -8 -8 -6 -7 -3 -7 -3 -6 -7 -3 -8    0   0   0   0   0   0   0  95   0   0   0   0   0   1   0   2   0   0   1   0  2.68 1.03
   65 L   -6 -7 -8 -8 -6 -6 -7 -8 -7  1  6 -7 -1  2 -7 -7 -5 -6 -2 -1    0   0   0   0   0   0   0   0   0   5  82   0   1   7   0   0   0   0   1   3  1.80 0.79
   66 W   -8 -3 -9-10 -8 -5 -9 -8 -3 -8 -8 -8 -3 -3 -9 -8 -2 13 -2 -9    0   2   0   0   0   1   0   0   1   0   0   0   1   1   0   0   3  91   1   0  4.75 1.62
   67 P   -4 -7 -7 -7 -8 -5 -7 -7 -8 -8 -8 -6 -8 -9  9 -5 -2 -9 -8 -3    2   0   0   0   0   0   0   0   0   0   0   0   0   0  92   0   3   0   0   2  3.18 1.26
   68 N   -4 -5  5  4 -4  1 -1 -4 -4 -7 -6 -4 -4 -4 -5  3  1 -7 -2 -6    1   0  29  24   0   7   4   1   0   0   0   0   0   1   0  25   7   0   2   0  1.09 0.64
   69 Y   -3  1  5 -2 -6 -2 -3 -3 -2 -2 -3  2 -4  0 -5 -1 -3 -4  6 -3    1   7  29   2   0   1   1   1   1   3   2  13   0   2   0   4   1   0  30   1  1.00 0.56
   70 K    0  0  2  0 -2  0 -1 -1 -3 -2 -2  1 -1 -1 -3  3 -1  2  0 -1    7   4  11   5   1   3   4   3   0   2   3  10   1   3   1  29   2   3   4   4  0.28 0.28
   71 D   -2 -1  5  2 -4 -1 -1  0  1 -3 -4  0 -3 -4  0  1  0 -5 -1 -2    3   3  31  13   0   2   4   8   3   2   2   6   0   1   4  10   5   0   2   3  0.49 0.33
   72 G   -2 -2  0 -2  1 -1 -3  5 -2 -3 -4 -1 -3 -2  4 -2  0 -2 -1 -3    1   2   5   3   4   3   1  40   1   1   2   3   1   2  19   3   6   1   2   2  0.70 0.39
   73 K   -2  1  0 -2 -4 -2 -1 -2 -2 -1 -3  1 -2 -2  2  2  4 -3 -4 -2    2   9   5   2   0   1   3   3   1   4   1  10   1   2  10  15  26   0   0   2  0.38 0.32
   74 W   -1  0 -3  2 -4 -1 -1  0  1 -1  0  0  4 -1 -1 -1 -2  6  3 -2    4   4   1  11   0   3   3   7   3   4   7   6  11   1   3   4   2  13  13   2  0.40 0.29
   75 P   -4 -4 -4 -5 -5 -3 -4 -4 -5 -2  1 -4 -2 -5  8 -3 -3 -5 -3 -2    1   1   1   1   0   1   1   1   0   3  12   1   1   0  69   1   1   0   1   3  1.93 0.79
   76 Q    0 -1  1 -2 -4  3  2 -3  0 -1 -2 -1 -2 -2 -4  4 -1 -5 -1 -1    5   3   6   1   0  13  15   1   2   3   3   3   1   1   0  32   3   0   2   5  0.44 0.37
   77 N   -4 -2  6  1  4 -3 -2 -3 -1 -5 -4 -1 -4  3 -5 -1 -3 -3  3 -4    1   2  41   7   9   1   2   2   1   0   1   4   0  13   0   4   1   0  11   1  1.00 0.56
   78 C   -6 -9 -4 -6 12 -8 -9 -8 -9 -5 -7 -6 -7 -4 -8 -4 -7 -8 -4 -7    0   0   1   1  94   0   0   0   0   0   0   1   0   1   0   1   0   0   1   0  4.31 1.46
   79 D   -1 -1  4  2  2 -2 -1 -1 -2 -2 -4  1 -3 -4 -1  1  2 -4 -3 -2    5   2  24  13   5   1   2   3   1   2   1   9   1   0   3   9  14   0   1   2  0.44 0.30
   80 R   -1  1  2 -2 -5  0 -3  3 -2 -2 -4  2 -3 -3  3  1 -1 -5 -3 -2    3   9   9   2   0   3   0  24   1   3   1  14   1   1  14  11   2   0   0   3  0.42 0.31
   81 E   -1 -1  1  2 -4 -1  1  0 -1 -4 -3  1 -4 -4  0  3  2 -5 -4 -3    4   3   5  12   0   2   9   8   2   1   2   9   0   0   4  28  11   0   0   1  0.38 0.30
   82 S    0  0  1  0 -3  2 -1 -2 -1 -3 -1  1 -2  0  1  1  2  4 -1 -2    6   5   9   5   0   9   3   2   1   1   5   9   0   4   6  10  15   6   2   3  0.19 0.20
   83 S   -1 -1 -1 -2 -4  0  0 -4  3 -1 -1  2 -3  3  3 -1  1 -3  1 -2    4   3   3   1   0   4   5   1   7   3   5  12   0  17  13   5  12   0   4   2  0.29 0.24
   84 L   -3 -3  0  1 -5 -3 -1 -4 -4 -1  0 -1 -1  7 -5 -4 -3 -3  4 -1    1   1   5   7   0   1   5   1   0   4   7   3   1  44   1   1   1   0  12   5  0.95 0.49
   85 D   -1 -1  4  5 -5 -2  0 -3 -1 -4 -4  1 -3 -1 -1  0  0 -4 -2 -3    4   2  22  31   0   1   4   1   1   1   1  10   0   3   2   5   6   0   1   2  0.63 0.39
   86 E   -1  1  0 -1 -3  1  0 -2 -2  0 -1  0  0  0  3  1  0  0  0 -1    3  10   4   2   0   7   6   2   0   7   6   6   3   4  14  12   5   1   3   4  0.15 0.15
   87 S   -1 -1  3  0 -4  1  0 -3  0  0 -2  2 -2  0 -4  2  0 -1 -3  0    3   2  14   5   0   7   4   1   2   8   4  17   0   4   0  18   6   1   0   6  0.24 0.24
   88 E   -1  0 -1 -1 -3  2  2 -3 -2 -1  1  3 -1 -3 -2 -2  1 -4 -3  1    4   4   2   3   0   9  15   1   1   3  12  22   1   1   1   1   9   0   1  10  0.27 0.25
   89 F   -3 -4 -1  1 -2 -3 -3 -3 -2  5  1 -2  1  0 -4  0 -3 -4  2  0    1   0   3  10   1   1   2   1   1  36  13   2   3   3   1   8   0   0   9   6  0.48 0.33
   90 S   -1 -1 -1  0 -4  2  0  0 -1 -3 -2  2  1 -5  4  2  0 -5 -4 -2    3   2   1   4   0  12   5   7   1   1   4  12   4   0  18  19   5   0   0   2  0.39 0.30
   91 D   -2  0  2  4 -4  1 -1 -1  0 -1 -2  1 -1 -4  2  1  0 -5 -2 -3    1   5   8  24   0   6   3   3   2   3   4   8   2   0  12  11   6   0   1   1  0.35 0.26
   92 L   -4 -4 -5 -3 -4 -3 -4 -6 -5  4  5 -2  3 -1 -6 -4 -3 -1 -4  0    0   1   1   2   0   1   1   0   0  22  55   3   6   2   0   1   1   1   0   4  1.02 0.50
   93 I    0  2 -2 -2 -2  1  1 -3 -2  1  1  1  1 -2 -3  0  0 -4 -2  0    7  15   1   1   1   5  11   0   1   9  15  10   4   1   0   5   5   0   1   8  0.17 0.17
   94 S    0 -2  3  2 -2  0  0 -2 -2 -2 -3  0 -4 -5  3  2  1 -5 -4 -3    9   1  15  11   1   3   4   2   0   2   2   5   0   0  16  20   7   0   0   1  0.43 0.30
   95 T   -1  1  1  3 -5  3  2 -2 -2 -1 -4  2  0 -4 -1  0  0 -5 -1 -3    4   7   5  15   0  17  11   2   1   5   1  14   2   0   3   5   4   0   2   1  0.34 0.26
   96 M   -4 -3 -6 -7 -5 -5 -3 -7 -3  0  6 -1  5 -3 -2 -6 -3 -5 -5 -1    1   1   0   0   0   0   2   0   1   3  70   4  13   0   2   0   1   0   0   2  1.34 0.61
   97 E   -3  0  2  3 -6  1  4 -4  0 -4 -2  2 -1 -5 -4 -1 -2 -1 -3 -3    1   4  10  17   0   5  30   1   2   1   5  15   2   0   0   4   1   1   1   1  0.61 0.37
   98 K   -1  3 -1 -1 -3  2  0 -4  1  2 -2  3 -1 -3 -4 -1  1 -4 -1 -1    4  15   2   4   1   9   5   0   4  15   3  21   2   1   0   2   8   0   2   3  0.31 0.25
   99 N   -2  1  2 -2 -3 -2  0 -3  3  2 -3  0 -2  0 -4  2 -2 -2  5 -3    3  10  10   2   0   1   5   1   8  13   1   6   1   2   0  15   1   0  20   1  0.42 0.32
  100 W   -8 -8 -8 -1 -8 -7 -8 -8 -7 -8 -7 -8 -2 -5 -8 -8 -8 13 -3 -8    0   0   0   4   0   0   0   0   0   0   0   0   1   0   0   0   0  93   0   0  4.86 1.46
  101 P   -3 -1 -2 -5 -6 -5 -5 -2 -6  1 -5 -2 -2 -6  8 -2 -3 -7 -6  0    2   3   2   0   0   0   0   3   0   8   1   2   1   0  66   3   2   0   0   6  1.78 0.73
  102 S    0 -2  4  5 -5  1 -1 -2 -1 -5 -6 -3 -5 -6 -4  2  1 -6 -5 -4    6   2  22  29   0   7   2   2   1   0   0   1   0   0   0  18   7   0   0   1  0.82 0.45
  103 L   -4 -1 -2 -6 -3 -5 -5 -6 -5  1  4 -5  1 -1 -4 -5 -2  0  0  4    0   3   2   0   0   0   0   0   0   7  47   0   2   2   1   0   2   2   3  28  0.89 0.44
  104 A    1  1 -2 -3 -4 -1  2 -4  1  0  0  2 -2  1 -4  0  1 -3  3 -2   12   7   1   0   0   1  14   0   3   6   9  14   0   5   0   7   8   0  12   1  0.22 0.22
  105 C   -1 -1  2 -1  6 -1 -2  0  2 -2 -2 -1 -2  1 -3  0  1  3  1 -2    4   3   9   3  21   3   2   9   5   2   3   4   0   6   1   5   8   4   4   3  0.36 0.19
  106 P   -1  1  0  2 -1 -1  0  1 -1 -3 -2  0 -1 -2  4  0  1 -3 -2 -2    3   9   4  11   1   2   4  10   1   1   3   5   2   1  22   5  10   0   2   3  0.31 0.17
  107 S    0  3  1 -2 -4  0  1 -2 -2 -4 -4  1 -2 -2 -2  4  0 -4 -1 -3    7  14   6   2   0   3   7   2   1   0   1   7   1   1   2  38   4   0   2   1  0.48 0.33
  108 S    0 -1  2  0 -4 -1 -1  3 -1 -2 -2  0  1 -4  0  2  2 -1 -4 -3    7   2  12   5   0   1   2  21   1   2   3   5   5   0   4  17  11   1   0   0  0.31 0.23
  109 D   -2 -2  5  4 -1 -1  0 -1 -3 -4 -5  1 -4 -3 -3  1 -1 -5  0 -3    2   2  31  23   1   3   4   5   0   1   0   7   0   1   1  10   3   0   4   1  0.70 0.38
  110 G   -1 -1  2  3 -3 -1  0  2  3 -3 -4  1 -3 -4 -1  1  0 -4 -2 -4    4   2   9  19   0   1   6  15   9   1   1   9   1   0   3  13   5   0   1   1  0.37 0.24
  111 L   -2 -2 -2 -2  4  3  0 -1 -2  1 -1 -1 -1 -1 -2 -1  3 -4  0  0    2   1   1   2   8  16   7   5   1   8   6   3   1   2   2   3  21   0   3   6  0.25 0.23
  112 K   -1  3  1 -1 -4  1  0  1 -1 -3 -3  2 -3 -1  0  2  0  1 -2 -3    3  15   8   3   0   5   6  10   1   1   1  14   0   4   5  16   4   2   1   2  0.25 0.20
  113 F   -4 -4 -7 -7 -6 -7 -7 -4 -6 -3  2 -4 -4  8 -7 -3 -1 -4 -1 -5    1   1   0   0   0   0   0   1   0   0  17   1   0  69   0   3   5   0   0   0  1.99 0.77
  114 W   -2 -3 -9-10 -8 -7 -8 -4 -8 -8 -5 -8 -7 -3 -9 -2 -8 13 -4 -8    3   2   0   0   0   0   0   1   0   0   1   0   0   1   0   3   0  88   0   0  4.45 1.39
  115 S    0  1  0 -1 -5  1  3  1 -2 -3 -4  3  1 -4 -4  1 -1 -5 -4 -2    7   7   4   2   0   4  20   9   1   1   1  22   3   0   0  12   4   0   0   2  0.39 0.29
  116 H   -4  2  0 -2 -4 -2 -2  0  8 -6 -5  1 -2 -4 -6  0 -3 -5  4 -6    0   9   4   2   0   1   2   7  40   0   0  10   1   0   0   7   1   0  14   0  1.26 0.59
  117 E   -2 -4 -4 -3 -7  4  7 -6 -4 -7 -6 -3 -6 -7 -5 -4 -5 -6 -6 -6    3   0   0   0   0  19  75   0   0   0   0   0   0   0   0   0   0   0   0   0  2.09 0.87
  118 W   -7 -7 -7 -7 -7 -6 -7 -7 -6 -6 -6 -7 -6  1 -7 -7 -6 12  4 -7    0   0   0   0   0   0   0   0   0   0   0   0   0   5   0   0   0  77  13   0  3.98 1.21
  119 L   -2  0  4  1 -4  0  3 -3 -1 -1 -1  1 -1 -3 -4  1 -1 -4 -1 -3    2   5  25   7   0   4  19   1   1   3   7   9   2   1   0   8   3   0   3   1  0.41 0.28
  120 K   -4 -1 -1 -5 -7 -3 -4 -6 -3 -5 -5  8 -6 -7 -6 -1 -1 -8 -6 -7    1   2   3   0   0   0   0   0   1   1   1  83   0   0   0   5   4   0   0   0  2.07 0.87
  121 H   -5 -4 -5 -6 -8 -5 -5 -7 11 -8 -8 -6 -7 -3 -7 -3 -2 -7  0 -8    1   0   0   0   0   0   0   0  90   0   0   0   0   1   0   2   3   0   3   0  3.65 1.13
  122 G   -3 -7 -5 -6 -7 -6 -4  8 -7 -8 -8 -6 -7 -8 -7 -5 -6 -7 -8 -5    1   0   0   0   0   0   1  97   0   0   0   0   0   0   0   0   0   0   0   1  2.69 0.90
  123 T   -2  0 -4 -5 -5 -3 -3 -6 -6 -1 -4 -2 -3 -6 -5  2  7 -7 -6  0    2   5   0   0   0   1   1   0   0   3   1   2   1   0   0  13  66   0   0   6  1.44 0.66
  124 C   -6 -9 -8 -9 12 -9 -9 -8 -9 -7 -7 -9 -7 -8 -9 -6 -6 -8 -8 -6    0   0   0   0 100   0   0   0   0   0   0   0   0   0   0   0   0   0   0   0  4.67 1.30
  125 S    4 -5 -4 -5  5 -4 -4 -2 -5 -5 -6 -4 -5 -2 -2  5  1 -6 -2 -5   31   0   0   0  10   0   0   3   0   0   0   0   0   2   2  44   6   0   2   0  1.13 0.57
  126 A    1 -3 -1 -2 -3 -2  0  0 -3  3  0 -2  1 -3 -2  1  2 -4 -3  1   12   1   3   2   0   1   6   6   0  20   9   1   4   0   2  11  15   0   0   7  0.20 0.19
  127 L   -1 -1 -1 -2 -4  1 -3 -2  0 -1  3 -1  2  2 -1  0 -2  1  4 -2    5   3   3   2   0   8   0   3   2   1  28   4   4   8   3   6   2   2  15   1  0.28 0.23
  128 N   -4 -3  6  5 -6 -3 -2  0 -1 -6 -6  0 -2 -6 -4  1  1 -7 -6 -6    1   1  34  27   0   1   1   6   1   0   0   6   1   0   1  12   8   0   0   0  1.02 0.49
  129 Q   -5 -2 -4  1 -7  7  4 -6 -4 -2 -4 -1 -1 -3  1 -3 -5 -6 -4 -4    0   1   0   6   0  46  29   0   0   2   2   2   2   2   6   1   0   0   0   1  1.34 0.63
  130 H   -2 -1  1 -1 -4 -2  0 -4  5  0  0  0  4  0 -2 -1  0 -1  2 -1    2   3   8   3   0   1   5   0  19   5  10   6  14   3   2   3   6   1   8   3  0.37 0.26
  131 A    1 -1  0  3 -5  4 -1  0  3 -4 -4  2 -3 -5 -3 -1 -1 -1 -4 -4   11   2   4  18   0  24   2   8   7   1   1  11   0   0   1   4   4   1   0   0  0.53 0.34
  132 Y   -7 -7 -7 -8 -8 -7 -7 -8 -3 -6 -6 -7 -6  2 -8 -7 -7 -3 10 -6    0   0   0   0   0   0   0   0   0   0   0   0   0   5   0   0   0   0  95   0  3.52 1.11
  133 F   -7 -8 -8 -8 -7 -8 -8 -8 -6 -2 -1 -8 -4  9 -8 -7 -7 -4  0 -5    0   0   0   0   0   0   0   0   0   2   4   0   0  92   0   0   0   0   1   0  3.05 0.95
  134 Q   -1  1  1  1 -5  3  3  0 -1 -4 -1  1 -3 -4 -3  1 -1 -5 -4 -2    5   6   6   8   0  15  23   6   1   0   7   8   0   0   0  11   2   0   0   2  0.37 0.26
  135 T    1  3 -2 -4 -4  0 -1 -3 -1 -1  0  2  0 -2 -4 -2  3 -4 -2 -1   15  17   1   0   0   3   2   1   1   2  12  12   2   2   0   1  25   0   1   3  0.37 0.28
  136 A    4 -4 -2 -4 -2 -4 -4  2 -5 -3 -4 -4 -4 -5 -4  3  2 -6 -5  2   39   0   1   0   0   0   0  12   0   1   0   0   0   0   0  23  10   0   0  13  0.78 0.44
  137 L   -4 -5 -5 -3 -2 -2 -5 -6  4  3  4 -4  3  0 -6 -4 -2 -4 -1  0    1   0   0   1   1   2   0   0  11  17  49   1   6   4   0   1   2   0   2   3  0.86 0.41
  138 D    1  2  3  2 -5  0  2 -2 -2 -4 -4  3 -1 -5 -3  0 -1 -5 -2 -3   11  10  17  12   0   3  14   2   1   1   0  19   2   0   1   5   3   0   1   1  0.45 0.28
  139 F   -4 -5 -6 -7 -5 -3 -6 -7 -6  2  5 -5  7  1 -4 -4 -3  3 -3 -1    0   0   0   0   0   1   0   0   0   8  50   0  27   4   1   1   1   3   0   3  1.28 0.54
  140 K   -4  3 -1 -5 -6 -3 -3 -6  2 -5 -2  4 -2 -2 -6 -2 -4  8  6 -4    1  16   3   0   0   0   0   0   5   0   4  22   1   1   0   2   0  19  25   1  1.22 0.54
  141 T   -2  1  1  3 -5  2  1 -3  2 -3 -3  3  0  0 -4  0 -2  0  0 -4    3   5   7  16   0  10   8   1   5   1   1  22   3   4   0   7   2   1   3   0  0.39 0.26
  142 K   -2  3  0 -2 -5  3 -1 -4 -2 -5 -4  5 -2 -3 -3  2 -1 -6 -4 -5    3  14   4   1   0  11   3   0   1   0   1  40   1   1   1  15   3   0   0   0  0.79 0.42
  143 S   -1 -3 -1 -5 -3  2 -3 -5  4  0  0 -3 -3  4 -5 -3 -2 -2  6  0    5   1   2   0   0  10   1   0  10   6  11   1   0  17   0   1   1   0  26   8  0.70 0.37
  144 N   -4 -3  7  5 -7 -4 -2 -3 -1 -4 -7 -3 -4 -7 -1 -3 -4 -8 -6 -4    1   1  58  29   0   0   1   1   1   1   0   1   0   0   3   1   0   0   0   1  1.73 0.69
  145 L   -3 -6 -6 -6 -4 -5 -6 -6 -6  5  4 -5  2 -3  0 -5 -3 -5 -3  4    1   0   0   0   0   0   0   0   0  30  33   0   4   0   5   0   0   0   1  25  1.03 0.45
  146 L   -2 -3  0 -2 -4 -3 -4 -4 -3  0  3 -1  0  0 -4  2  4  1 -2 -2    2   1   4   2   0   0   0   1   0   4  33   5   1   4   0  14  26   2   1   1  0.48 0.33
  147 Q    0  1  1  1 -4  1  3  1 -2 -4 -4  2 -3 -5 -3  1  1 -5 -2 -3    7   6   7   8   0   7  18   9   1   0   0  14   0   0   0  11   9   0   1   1  0.34 0.23
  148 N    2 -2 -4 -5 -3 -2 -5 -5 -3  6 -1 -2  2 -2 -5 -2  1 -5 -2  2   18   3   1   0   0   1   0   0   0  45   3   3   4   1   0   2   8   0   1   9  0.74 0.39
  149 L   -6 -6 -8 -5 -5 -6 -7 -8 -7 -2  7 -7 -1  1 -5 -7 -5 -6 -5 -3    0   0   0   1   0   0   0   0   0   0  94   0   1   4   0   0   0   0   0   0  2.05 0.76
  150 N    1  3  0 -1 -4  1  1 -2 -3 -2 -2  3 -2 -3 -3  1  0 -5 -3 -2   14  14   3   3   0   7   9   2   0   2   3  21   1   1   0  14   5   0   1   2  0.34 0.24
  151 N   -1 -1  5  2 -5  1  1 -3 -2 -3 -4  4 -1 -3 -4  1  0 -6 -4 -4    4   3  28  10   0   5   7   1   0   1   1  24   2   1   0   8   5   0   0   0  0.62 0.35
  152 A    5 -2  1 -3 -4  0 -1  1  4 -4 -2  0 -4 -2 -4  0 -3 -5 -1 -3   48   1   6   1   0   4   3   8   9   0   3   5   0   2   0   6   0   0   2   1  0.62 0.38
  153 G   -2 -1  3 -1 -5  0 -3  5 -1 -6 -5  1 -3 -6 -5  2 -2 -6 -5 -5    2   2  13   3   0   4   1  47   2   0   0   9   1   0   0  15   2   0   0   0  0.91 0.43
  154 I   -5 -7 -7 -7 -5 -7 -7 -8 -7  8 -1 -7 -2 -2 -7 -6 -4 -6  0  2    0   0   0   0   0   0   0   0   0  81   4   0   1   1   0   0   1   0   3   9  2.06 0.73
  155 K   -2  0  0 -3 -3  0  1 -2  0  1 -1  2 -2 -1 -4 -1  1 -4 -1  3    2   4   5   0   0   4   9   2   3   7   5  13   0   2   0   4   8   0   2  29  0.22 0.21
  156 P   -1 -6 -6 -6 -7 -5 -5 -6 -2 -5 -7 -5 -6 -7  9 -5 -4 -7 -7 -5    5   0   0   0   0   0   0   0   1   0   0   0   0   0  90   0   1   0   0   1  2.92 0.95
  157 R   -2 -1  3  3 -3 -1 -1  0  4 -3 -3 -2 -3 -3 -3  3 -1 -3 -3 -3    2   3  13  20   0   2   2   8   9   1   3   2   0   1   1  28   2   0   1   2  0.50 0.26
  158 N    0 -1  2  2 -1  0  0  1 -1 -1 -2 -1 -1 -1  2  0  0 -2 -1 -2    9   3  10  13   1   3   6  13   1   3   2   3   1   4  10   7   5   0   2   3  0.15 0.08
  159 G   -1 -2  1 -1 -4 -2 -2  4 -1 -2 -4  0 -4 -4 -3  1  3 -4 -4 -3    3   1   7   4   0   1   3  38   1   2   1   5   0   1   1  10  20   0   0   1  0.60 0.32
  160 D   -1  1  2 -1 -4  4  1 -2  0 -3 -3  3 -2 -3 -1  0  1 -4 -1 -2    3   8  10   2   0  19   9   3   2   1   2  19   1   1   2   6   9   0   2   2  0.37 0.23
  161 Y   -1 -1  0 -2 -3 -1 -1 -1 -1 -1  0  2 -1  1  0  1  3 -2  2 -2    3   3   3   1   0   2   2   3   1   3   9  13   1   7   4  10  24   0   9   2  0.20 0.19
  162 Y   -5  2 -6 -6 -3 -5 -4 -4  2 -3 -3 -2 -5  0 -6 -5 -4  8  8 -3    1  10   0   0   0   0   1   1   4   2   2   2   0   2   0   1   1  17  54   2  1.90 0.72
  163 G   -1 -1  1  1 -2  0 -1 -2 -3 -2 -4  1 -1 -4  1  2  4 -5 -4 -3    5   3   5   8   1   5   3   3   0   2   0  11   1   0   8  15  30   0   0   0  0.43 0.31
  164 V   -2  0 -4 -3 -4 -2 -3 -4 -3  1  2 -1  0  1 -3 -2  0 -1  4  2    2   6   0   1   0   2   1   1   0   6  25   4   2   6   1   3   4   0  17  18  0.36 0.25
  165 E    0  0  0  1 -4  2  1  0 -3 -2 -2  1 -3 -4 -3  3  0 -3 -3  0    7   3   3   9   0  10  10   5   0   1   3   8   0   0   1  25   5   0   0   9  0.27 0.23
  166 S   -1  0  1  5 -5  1  1 -2  1 -3 -3  0 -2 -3 -4  0 -2  1 -3 -4    6   5   6  37   0   8   9   3   4   1   3   6   1   1   0   6   2   2   0   0  0.56 0.33
  167 I   -4 -6 -7 -7 -5 -5 -7 -7 -7  7  1 -6  0  0 -5 -4 -3 -6 -3  2    0   0   0   0   0   1   0   0   0  70   9   0   1   4   0   1   1   0   1  12  1.66 0.64
  168 K   -1  0  1 -2 -4  1  2 -3  0  0  0  2  0 -1 -3 -1 -1 -2 -2  2    3   5   6   0   0   6  15   1   2   6  10  17   2   3   0   4   3   0   1  17  0.19 0.19
  169 K    0 -1  4  3 -4  0  0  0 -1 -3 -4  1 -3 -4 -4  3 -1 -1 -3 -4    6   3  18  18   0   3   5   7   1   1   1   9   0   0   0  21   3   1   1   0  0.44 0.29
  170 A    6 -4 -4 -5 -4 -3 -4 -3 -5  0 -4 -4 -4 -4  3 -1  1 -6 -5  0   61   0   0   0   0   1   0   1   0   5   0   0   0   1  13   2   7   0   0   7  1.09 0.56
  171 I   -4 -6 -5 -7 -5 -6 -7 -6 -7  7  2 -6  0  0 -6 -5 -4 -6 -5  1    1   0   1   0   0   0   0   1   0  67  18   0   1   3   0   1   0   0   0   7  1.60 0.63
  172 E   -1  3 -1 -2 -4  3  2 -4 -2 -2 -4  5 -4 -4 -4 -1 -1 -5 -3 -2    4  15   2   1   0  12  14   1   0   2   1  36   0   1   0   3   4   0   1   3  0.68 0.39
  173 K    1  2  3  0 -1  1  0 -2  0 -4 -4  2 -2 -3 -3  1  2 -5 -3 -3   13   9  13   5   1   7   5   2   2   1   0  13   1   1   0  12  16   0   1   0  0.34 0.26
  174 G    3 -3 -2 -2 -3 -2 -1  3  0 -1 -2 -1 -1 -1 -4  0 -2 -3 -3  2   32   1   1   2   0   1   4  20   3   3   2   4   1   3   0   4   2   0   1  17  0.40 0.30
  175 V   -3 -5 -2 -4 -5 -4 -5 -5 -4  2  1 -5 -2  3 -5 -2  5 -2  4  0    1   0   2   1   0   0   0   1   0  11  12   0   0  11   0   1  44   0  12   4  0.90 0.50
  176 G   -3 -1  4 -2 -6  2 -3  5  1 -4 -5  1 -5 -4 -4 -2 -2 -6 -5 -6    0   3  17   2   0  10   1  49   3   1   1  10   0   1   1   1   2   0   0   0  1.02 0.50
  177 H    1  2  1 -3 -4 -2 -2  0  1 -2 -2  2  1  2 -4 -1  0 -4  0  1   13  11   7   0   0   0   1   7   4   1   1  16   3  10   0   3   5   0   4  14  0.20 0.21
  178 T   -1  1  1  0 -4 -1  1 -4 -2 -1 -2  1  1 -3 -1  0  4 -5 -1  0    4   8   7   5   0   1  10   0   0   3   3  10   4   1   2   4  28   0   3   7  0.30 0.26
  179 P   -1 -7 -7 -6 -4 -6 -6 -2 -7 -5 -6 -4 -7 -5  8 -5 -3 -8 -7  0    6   0   0   0   0   0   0   4   0   1   0   1   0   0  79   0   2   0   0   6  2.43 0.92
  180 F   -1 -1  1  0 -3  1  0  0 -1 -1  1  2 -1  1 -2  0 -1  0  0  0    3   1   7   5   0   6   4   9   1   3  17  16   1   7   1   6   1   1   3   6  0.07 0.12
  181 I   -4 -6 -7 -7 -5 -6 -6 -7 -6  4  5 -4 -1  2 -4 -6 -4 -5 -4  3    1   0   0   0   0   0   0   0   0  26  47   1   1   8   1   0   0   0   0  16  1.15 0.51
  182 E   -3  4  0 -2 -4  3  3 -3  1 -2 -3  4 -1 -4 -4 -1 -1 -5 -2 -1    0  20   3   2   0  12  16   1   3   3   2  22   2   1   0   3   4   0   1   5  0.54 0.34
  183 C   -6 -9 -8 -9 12 -8 -9 -8 -9 -7 -7 -4 -7 -5 -8 -6 -6 -8 -6 -6    0   0   0   0  98   0   0   0   0   0   0   1   0   1   0   0   0   0   0   0  4.48 1.33
  184 N   -2  0  3 -2 -1  2 -1 -3 -1  0  0  3 -2 -2 -3  1  0 -4 -1  0    1   4  17   1   1   9   3   1   1   4   8  24   0   1   1   9   4   0   3   7  0.29 0.24
  185 V   -2  3 -1 -1 -4  1  0 -1  0 -2 -3  3 -1 -1  1  0  0 -1  1 -1    2  19   2   2   0   6   4   5   2   2   2  19   1   2   8   5   6   1   6   4  0.28 0.21
  186 D   -2 -2  4  5 -4 -2  0  0  0 -3 -3  0 -4 -4  0 -2 -3 -4 -2 -3    2   2  18  38   0   1   4   8   2   2   2   7   0   1   6   2   1   0   1   2  0.70 0.34
  187 S    0  0  0 -1 -3 -1  1 -1 -1 -1 -3  2 -3 -3  4  1  0 -4 -2 -1    7   3   5   2   0   1   9   5   1   3   1  16   0   1  19  12   7   0   1   5  0.31 0.21
  188 Q    0  2  2 -1 -3  2  0 -1  0 -3 -3  2 -2  0 -1  1 -1 -3 -1 -3    9  10  10   2   0  11   5   5   3   2   2  16   0   4   2  14   3   0   2   1  0.24 0.18
  189 G   -1 -1  1 -1 -3  0 -1  4 -1 -3 -3  0 -1 -3 -1  0  2 -2 -3 -2    3   4   7   4   0   5   3  39   2   2   2   6   1   1   3   5  12   1   1   2  0.47 0.24
  190 N   -2 -2  4  0 -4  1  1 -3 -1 -1 -3  2 -1 -3 -1  0  2 -4 -2 -1    2   1  22   4   0   7  11   1   1   4   1  12   2   1   3   5  17   0   1   5  0.37 0.25
  191 H   -1 -1 -2 -1 -3  4 -1 -1  0 -2 -1  0  1 -1  0  2  1 -3  0 -1    3   2   1   2   0  23   2   4   2   2   5   7   3   2   5  16  11   0   4   5  0.27 0.23
  192 Q   -3 -2 -3 -3 -4  5  3 -4  0 -2  2 -2  0 -1 -4 -2 -1 -1  3 -2    2   1   1   1   0  25  22   1   2   1  18   1   2   3   0   2   3   1  12   3  0.59 0.37
  193 L   -5 -6 -7 -8 -5 -6 -7 -8 -7  1  6 -6 -1 -4 -7 -6 -5 -6 -5  0    0   0   0   0   0   0   0   0   0   7  85   0   0   0   0   0   0   0   0   6  1.85 0.73
  194 Y   -1 -3  0 -3 -4 -1 -1 -1  5 -2 -2 -1 -3  1 -4  1  0  0  4  1    4   1   4   1   0   3   3   6  17   1   4   3   0   5   0  10   6   1  18  13  0.41 0.29
  195 Q   -4 -4 -4 -1 -5  5  7 -5 -4 -7 -7 -2 -6 -8 -6 -4 -4 -7 -6 -5    1   0   0   2   0  26  66   1   0   0   0   1   0   0   0   1   1   0   0   1  1.92 0.83
  196 V   -4 -7 -7 -7 -5 -6 -7 -6 -5  6  1 -6 -2 -2 -6 -6 -4 -6 -5  5    1   0   0   0   0   0   0   0   0  41  11   0   0   1   0   0   0   0   0  46  1.55 0.64
  197 Y   -2  3 -3 -2 -5 -2  0  2  0 -1 -3 -2 -2 -2 -5 -1  0  0  4  2    1  19   1   2   0   1   7  14   2   3   0   1   0   1   0   4   7   1  16  19  0.39 0.31
  198 L   -4 -6 -6 -7 -5 -1 -6 -7 -6  4  4 -6  3  4 -6 -5 -4 -4 -3  0    0   0   0   0   0   3   0   0   0  27  36   0   7  20   0   0   0   0   0   5  1.09 0.49
  199 C   -6 -9 -8 -9 12 -8 -9 -8 -8 -4 -7 -8 -7 -4 -8 -5 -6 -8 -3 -6    0   0   0   0  96   0   0   0   0   1   0   0   0   1   0   0   0   0   1   0  4.35 1.28
  200 V   -3 -4 -3 -6 -5 -5 -5 -5 -3  0  1 -5 -2  6 -6  1 -3 -3  3  3    1   0   1   0   0   0   0   1   0   3  15   0   1  37   0  10   1   0  10  19  0.95 0.46
  201 D   -2 -4  4  6 -6 -3  0 -1  1 -6 -6 -3 -5 -5 -5 -1  2 -6 -1 -5    3   0  18  45   0   1   6   4   3   0   0   1   0   0   0   5  13   0   2   0  1.09 0.52
  202 S   -1  2  0 -2 -5 -1 -1 -2  0 -3 -4  5 -4 -3  2  0  0 -4  3 -3    4  10   4   2   0   1   2   2   2   1   1  35   0   0  11   7   6   0  10   1  0.56 0.36
  203 S   -1 -2  4  4 -5  0  1 -3 -1 -5 -4  0 -1 -5 -4  2  1 -5 -2 -3    6   1  22  22   0   4   6   1   1   0   2   5   2   0   0  15  10   0   2   1  0.56 0.34
  204 A    3 -3 -2 -3 -4 -4 -4  3 -4 -2  3 -3 -2  2 -4 -2 -2 -4 -3 -2   26   1   2   2   0   0   0  24   0   1  28   1   0  10   0   1   2   0   0   1  0.56 0.35
  205 S   -1 -1  0  0 -2  0  0 -2 -1 -1  0  2 -1 -1 -1  1  3 -3 -1 -1    3   2   3   6   0   3   6   2   1   3  10  16   1   2   3  11  20   0   3   5  0.15 0.13
  206 K   -1  0  1 -1 -4  4  2 -1  2 -3 -4  3 -3 -3 -2  0  1 -4 -2 -3    5   3   8   2   0  18  13   4   4   1   1  20   0   1   2   7   9   0   1   2  0.40 0.27
  207 F   -3 -3 -5 -5 -4  0 -5 -6 -2  0  3 -4  1  5  1 -4 -3 -3  1  1    2   1   0   0   0   6   0   0   1   4  32   0   3  28   9   1   1   0   4   8  0.75 0.39
  208 I   -3  2 -5 -5 -5 -1 -3 -6 -2  6 -1 -2  3  0 -5 -5 -2 -4 -2  2    1  11   0   0   0   2   1   0   1  52   3   2   7   4   0   0   2   0   1  11  1.00 0.47
  209 D   -3 -2  4  6 -6 -2  2 -4 -1 -6 -6 -1 -6 -7  0 -2 -3 -7 -6 -4    2   2  21  50   0   1  10   0   1   0   0   3   0   0   4   2   1   0   0   1  1.29 0.57
  210 C   -4 -8 -5 -9 12 -5 -9 -8 -8 -6 -6 -8 -7 -5 -8 -6 -6 -8 -8 -6    1   0   1   0  96   1   0   0   0   0   0   0   0   0   0   0   0   0   0   0  4.32 1.28
  211 P   -3 -1  2  2 -5 -2 -2 -3 -2 -5 -4 -2 -5 -5  7 -2 -1 -6 -5 -5    2   3  10  10   0   2   2   2   1   0   2   3   0   1  56   2   4   0   0   0  1.40 0.56
  212 I   -1  3  0 -1  1  1 -1 -1  2  0 -2  0 -1 -1  0  0  0 -3  0  0    5  20   4   2   4   6   3   5   5   5   3   5   1   2   3   8   5   0   4   9  0.11 0.12
  213 F   -1 -1  0 -1 -2  0 -2 -2 -1  0  1 -1  0  2  2  0  1 -2  0  0    4   4   4   2   1   4   1   3   2   7  13   2   1  11  11   9  10   0   3   7  0.10 0.09
  214 P    1  0  0 -1 -4 -1 -1 -1 -2 -1 -2  1 -2 -1  5  0 -1 -3 -1  0   11   4   5   3   0   2   3   5   0   3   2  10   1   3  30   7   4   0   2   6  0.42 0.23
  215 H   -1  1  1 -1 -3  1  0  2  1 -3 -1  1  0 -2 -1  1  1  0 -1 -2    2  10   6   3   0   8   5  15   4   1   5   7   2   1   3  12  10   1   2   2  0.15 0.13
  216 G   -1 -1  0 -2  5  0 -2  2 -2 -3 -2  1 -2 -2  1  2  0 -4 -2 -2    3   3   3   1  15   4   2  20   1   1   4  11   1   1   8  14   4   0   1   2  0.34 0.23
  217 G   -1  1  1  0  2 -1 -1  2  0 -1 -2  0 -3 -2 -1  2  1  3  0 -2    2   7   9   6   5   2   3  15   3   4   2   7   0   2   3  16   8   4   3   1  0.17 0.15
  218 K   -2  1  4 -2  1  0 -1 -1  0 -4 -3  2 -4 -4  2  2  1 -5 -3 -3    2   9  20   1   3   4   3   4   2   0   2  12   0   0  10  18   9   0   0   1  0.43 0.29
  219 C   -4 -2 -4 -4 11 -4 -5 -6 -6 -4 -3 -3 -1 -4 -3 -4 -1 -6 -6 -4    1   3   1   1  77   1   1   0   0   1   2   2   1   1   1   1   5   0   0   1  2.91 0.92
  220 G   -1 -3  2  1 -5 -1 -3  3 -3 -6 -6 -1 -5 -6  5  0  0  0 -5 -4    3   1  11   7   0   2   1  25   0   0   0   4   0   0  30   8   5   1   0   0  0.81 0.41
  221 S    0  0  3  2 -4  1  0 -1  0 -3 -3  1 -2 -4 -1  1  2 -5 -4 -1    9   5  17  11   0   5   4   5   2   1   1   8   1   0   2  12  14   0   0   4  0.29 0.22
  222 K   -2  1  2  2 -4  2  1 -1 -2 -3 -3  3 -1 -3 -1  1  0 -4  1 -3    2   7   9  14   0   8   7   4   0   1   1  18   2   1   3   9   7   0   7   1  0.31 0.23
  223 I   -4 -6 -7 -7 -5 -6 -6 -7 -6  6 -1 -6 -3  1 -2 -5 -3 -6 -4  5    1   0   0   0   0   0   0   0   0  49   4   0   0   7   2   1   1   0   0  36  1.45 0.59
  224 E   -2  0 -1 -2 -4  2  1 -3  0  1  0  2  0  0 -3  1  0 -3  2 -1    1   3   2   1   0  10  11   1   2   9  10  17   2   3   0  10   5   0   9   4  0.18 0.19
  225 F   -6 -6 -7 -7 -6 -6 -7 -7 -4  0  0 -7 -4  8 -5 -6 -6  3  6 -5    0   0   0   0   0   0   0   0   0   4   8   0   0  58   1   0   0   3  26   0  2.08 0.75
  226 P   -3 -5 -5 -5 -6 -2 -5 -6  3 -6 -4 -1 -6 -7  8 -4 -5 -7 -2 -6    2   0   0   0   0   2   0   0   8   0   2   4   0   0  80   1   0   0   1   0  2.45 0.81
  227 S    1 -3 -2 -3 -3 -1 -1 -2 -2 -3 -3  1 -3 -4  4  3  2 -4 -1 -1   12   0   1   0   0   2   4   1   1   1   1   9   0   0  25  23  14   0   3   3  0.55 0.30
  228 F   -3 -5 -5 -6  0 -5 -5 -2 -1 -1  0 -3  0  7 -6 -3 -4  2  4 -2    2   0   0   0   2   0   0   3   1   3   8   1   2  59   0   1   0   3  13   1  1.30 0.45
  229 S   -1 -2  2 -1 -3  1 -1  1  3 -3 -3  0 -2 -3  4  1  0  0 -1 -2    2   0  10   2   0   9   2  10  10   0   2   6   1   0  23  12   5   2   2   3  0.39 0.18
  230 T   -1 -2  2  1 -3 -1  0 -1  0 -2 -2 -1 -2 -1  1  3  2 -4 -1 -1    0   0  10   6   0   2   4   2   3   2   3   2   0   4   8  29  19   0   2   5  0.27 0.17
  231 N   -1  3  4 -1 -4  3  0 -1 -1 -4 -4  1 -3 -4 -3  2 -1 -4 -3 -4    2  22  31   0   0  16   3   3   0   0   0   7   0   0   0  14   3   0   0   0  0.61 0.23
  232 D   -1  0  1  2  1  0  0 -1  2 -3 -2  0 -2 -1  1  1  2 -3 -2 -2    3   5   5  16   3   5   3   3   6   0   3   4   0   4   6  12  21   0   0   0  0.19 0.10
  233 D    0  1  2  4 -3  0  0 -1 -2  0 -3 -1 -2 -3 -2  2 -1 -4 -1 -1    5   8   9  36   0   4   0   3   0   9   0   0   0   0   0  19   0   0   3   3  0.35 0.14
  234 H   -2 -1 -1  1 -3 -1 -1 -1  5  0  0  0 -1  0 -3  0 -1 -3  1  2    0   3   0   9   0   0   0   3  27   4  10   6   0   4   0  10   0   0   4  21  0.23 0.13
  235 D   -2 -2  5  5 -4 -1  1 -2 -1 -4 -4 -1 -3 -1 -3  1 -1 -4 -3 -4    0   0  38  43   0   0   5   0   0   0   0   0   0   4   0   9   0   0   0   0  0.83 0.19
  236 E   -2 -1 -1  0 -4  3  5 -3 -1 -4 -4  0 -3 -4  4 -1 -2 -4 -3 -3    0   0   0   0   0  18  63   0   0   0   0   0   0   0  19   0   0   0   0   0  0.87 0.15
  237 F   -2 -3 -4 -4 -2 -3 -4 -4 -2  3  2 -3  1  5 -4 -3 -2  0  1  0    0   0   0   0   0   0   0   0   0  27  20   0   0  53   0   0   0   0   0   0  0.55 0.07

                      K         Lambda
Standard Ungapped    0.1359     0.3198
Standard Gapped      0.0480     0.2670
PSI Ungapped         0.1568     0.3126
PSI Gapped           0.0480     0.2670
