
Last position-specific scoring matrix computed, weighted observed percentages rounded down, information per position, and relative weight of gapless real matches to pseudocounts
           A  R  N  D  C  Q  E  G  H  I  L  K  M  F  P  S  T  W  Y  V   A   R   N   D   C   Q   E   G   H   I   L   K   M   F   P   S   T   W   Y   V
    1 M   -3 -3 -4 -5 -3 -2 -4 -4 -3 -1  0 -3  9 -2 -4 -3 -2 -3 -3 -1    0   0   0   0   0   0   0   0   0   0   0   0 100   0   0   0   0   0   0   0  2.06 0.47
    2 A    5 -3 -3 -3 -2 -1 -2 -1 -3  0  0 -2 -1 -1 -2  0  0 -3 -2 -1   76   0   0   0   0   3   0   0   0   6   8   0   0   3   0   0   4   0   0   0  0.63 0.24
    3 T   -1 -2 -2 -2 -2 -2 -2 -3 -2 -1  2 -2  1 -1 -2  2  4 -2  1 -1    2   0   0   0   0   0   0   0   0   0  30   0   5   0   0  18  38   0   6   0  0.39 0.19
    4 H    0  1 -1 -2 -3  2 -1 -3  6 -2 -1  1 -2  0  0  0 -1 -3  0 -1    6   9   0   0   0  11   0   0  38   0   4   8   0   5   4   5   2   0   0   7  0.46 0.18
    5 T    2  1  0 -2 -2 -1 -2 -2 -2  0  0 -1 -1 -1 -2  1  3 -3 -1 -1   27  12   4   0   0   0   0   0   0   8   7   0   0   2   0  14  23   0   2   0  0.24 0.17
    6 I   -1 -1 -3 -4 -2 -3 -3 -2 -3  3  3 -3  2  2 -3 -2 -1 -2 -1  1    6   3   0   0   0   0   0   2   0  25  40   0   5  10   0   0   2   0   0   4  0.40 0.18
    7 S    1  4 -1 -2 -2 -1 -1 -1 -2 -2 -3  0 -2 -1 -1  3  0 -3 -2 -1   10  35   0   0   0   0   1   3   0   2   1   0   0   3   2  32   5   0   0   4  0.44 0.24
    8 R   -1  6 -2 -2 -3  1 -1 -3 -2 -3 -3  0 -2 -1 -2  0 -1 -3 -2 -3    5  65   1   1   0   4   1   1   0   1   1   1   0   4   1   8   4   0   0   1  0.89 0.31
    9 S    1  2 -1 -2 -2 -1 -1 -2 -2  1 -1 -1 -1 -2 -2  2  2 -3 -2  0   16  14   1   1   0   1   1   1   0  13   4   1   0   1   1  28  14   0   0   3  0.24 0.16
   10 I   -1  0 -2 -3  2 -2 -2 -1 -2  1  3 -2  1  0 -2 -1  0 -2 -1  1    1   5   1   1   5   1   1   5   0  10  41   1   2   3   1   5   8   0   0  10  0.21 0.13
   11 L    1  0 -2 -3  0 -2 -2 -2 -2  0  3 -2  1  1  0  0  0 -2  0  0   15   7   0   0   2   0   0   1   0   4  37   0   3   9   4   5   5   0   2   6  0.18 0.13
   12 C    1  0 -1 -2  2 -1 -1 -2  2 -1  1  0 -1 -1  1  2  1 -3 -2 -1   11   5   0   0   6   0   0   1   8   2  16   7   0   2   6  22  12   0   0   0  0.17 0.15
   13 R    1  5 -2 -2 -1 -1 -2 -1 -2 -1 -3  1 -2 -2 -3  1  1 -3 -3 -1   17  43   0   0   1   0   0   3   0   4   1   4   0   2   0   9  11   0   0   2  0.49 0.26
   14 P    0 -2 -2 -2  1 -2 -2 -2  1  0  2 -1 -1  0  3  1  1 -3 -2 -1    5   0   0   0   4   0   1   1   4   6  24   5   0   5  19  13   9   0   0   2  0.26 0.15
   15 A    2  1 -1 -2 -2 -1 -2 -2 -2 -1  0 -1  0 -2 -1  2  3 -3 -2 -1   17  12   1   0   0   0   0   0   0   2  11   0   3   1   3  22  21   0   0   4  0.25 0.19
   16 K    1  3 -1 -2 -2 -1 -1 -2 -2 -2  1  1  2 -2  0  1 -1 -3 -2 -2   13  23   2   1   0   0   1   1   0   1  16  10   9   0   5  14   2   0   0   1  0.25 0.18
   17 S    2  0 -2 -2  1 -2 -2 -1 -3 -1 -1 -2 -2 -3 -2  3  4 -4 -3 -2   15   7   0   0   2   0   0   3   0   2   5   0   0   0   0  32  30   0   0   1  0.48 0.29
   18 L    0  0 -3 -3  0 -2 -3 -2 -3  1  3 -2  0  2 -2  0 -1 -2  0  0    6   5   0   0   2   1   0   2   0   6  44   0   0  13   1   8   4   0   2   4  0.31 0.20
   19 S    2 -1 -1 -2 -1 -1 -2 -2  0 -3 -2 -2 -2 -1  1  4  2 -3 -1 -1   17   3   1   0   1   3   1   1   2   0   4   0   0   2   5  41  14   0   2   3  0.43 0.27
   20 F    0  1 -1 -2 -2  0 -2 -1 -2 -1  1 -2 -1  3 -1  2 -1 -2  1  0    6  10   1   0   0   4   0   3   0   1  21   0   0  14   2  23   1   0   6   6  0.18 0.18
   21 L    0  0 -2 -3 -2 -2 -2 -3  1  0  2 -2  0  2  0  1  1 -2  0  0   10   6   0   0   0   0   0   0   4   2  31   0   1   9   4  18   8   0   3   4  0.20 0.18
   22 F   -2 -1 -1 -3 -3 -2 -3 -2 -2  0  1 -2 -1  4  1  1  1 -2 -1 -1    1   3   3   0   0   0   1   2   0   6  17   1   0  29   8  17  10   0   0   2  0.35 0.23
   23 T   -1  1  0 -2 -1  0 -1 -2  0 -1 -2  1 -2 -2 -2  3  3 -3 -2 -2    2  10   3   1   1   3   1   1   3   4   4   9   0   1   1  33  22   0   1   1  0.36 0.24
   24 R    0  5  0 -2 -3  0 -1 -2  1 -3 -1  0 -2 -3 -1  0  1 -3  0 -2   10  41   5   1   0   2   1   1   3   1   6   3   0   0   2   7  13   0   3   1  0.47 0.25
   25 S    2 -1 -2 -2 -2 -1 -2 -1  0 -1  0  0 -2 -1  0  3  0 -3 -2 -1   21   3   0   0   0   1   0   2   3   3  12   6   0   2   4  32   6   0   0   2  0.26 0.21
   26 F   -1 -2 -1 -3 -3 -3 -3 -2 -3  1  2 -3 -1  4 -2  0  2 -2  0 -1    5   2   3   0   0   0   0   3   0   9  21   0   0  27   1   8  14   0   1   2  0.34 0.22
   27 A    0 -2 -1 -2 -1 -1 -2 -2  2 -3  0 -1 -2 -3  2  4  1 -4 -1 -3    7   0   2   0   1   3   0   1   5   0  13   2   0   0  11  45   7   0   2   0  0.49 0.32
   28 S    1  1 -1 -3 -3 -1 -2 -3 -3 -2  0 -2 -2 -2  0  4  3 -4 -3 -1    9   9   1   0   0   2   0   0   0   0  11   0   0   1   4  35  24   0   0   5  0.47 0.32
   29 S    1 -2 -1 -3 -3 -1 -2 -2  2 -1  1 -2 -2  0  1  3  2 -3  1 -2    9   2   2   0   0   2   0   1   5   4  15   0   0   3   7  29  14   0   6   0  0.28 0.24
   30 A    3  1 -2 -3 -3 -2 -2 -1  2 -2 -3 -1 -3 -1  2  3  0 -4 -3 -1   27   8   1   0   0   1   0   4   5   2   1   2   0   4  10  27   6   0   0   2  0.39 0.28
   31 P    2 -1 -3 -3 -3  0 -3 -3 -1 -3 -1 -2 -3  0  5  0  1 -4  1  0   25   3   0   0   0   3   0   1   1   0   5   0   0   5  30   7   9   0   5   6  0.58 0.31
   32 L    0  0 -1 -3 -1 -2 -3 -3  3 -1  3 -2 -1  0 -3  1  1  1 -1  1    6   4   2   0   1   1   0   0   9   1  34   1   0   4   1  13   8   2   1  12  0.26 0.22
   33 A    0  1 -1 -1 -3  0 -2 -1 -1 -2  1 -2 -1 -3  3  3  1 -4 -3 -2    8   8   1   3   0   3   0   5   1   0  16   0   1   0  14  29   9   0   0   2  0.32 0.25
   34 K   -1  3  1  0 -3 -1 -1  0 -2 -2  0  2 -2  1  1  1 -1 -3 -2 -3    4  18   9   5   0   2   0   7   0   1   9  13   0   7   8  16   1   0   0   0  0.21 0.19
   35 S    0  1  0 -2 -2  1 -2 -1 -1 -1 -1 -1 -2  0  2  2  1 -3 -2  1    5   9   3   0   0   9   0   4   1   3   5   0   0   6  11  19  13   0   1  10  0.18 0.17
   36 P    0 -2 -3 -4  2 -3 -3 -2 -4 -4 -2 -3 -4  0  6  2  1 -5 -4 -4    6   2   0   0   5   0   1   3   0   0   4   0   0   4  49  15  10   0   0   0  1.12 0.46
   37 A    1  0 -2 -3 -2 -1 -2 -2 -3  1  0 -1 -2 -2  1  3  1 -4 -3  0   15   5   0   0   0   1   2   0   0   8  10   3   0   1   6  33  10   0   0   6  0.30 0.24
   38 S    0 -1 -1 -2 -3  0 -2 -2  4 -2  0 -2 -2  0  2  3  1 -3 -1  0    8   3   1   0   0   4   0   1  12   2   9   0   0   3  10  28  11   0   1   5  0.30 0.23
   39 S    1 -1  0 -2 -3  0 -2  1 -2 -1  1 -1 -2 -1  1  3  0 -3 -2 -2   10   3   3   0   0   3   1   9   1   4  14   1   0   2   6  37   3   0   1   0  0.29 0.24
   40 L    1 -1  0 -3 -2 -2 -2 -3 -3  1  2 -2 -1  2  1  1  0 -3 -1  0   12   4   4   0   0   1   1   0   0   9  26   0   0  11   8  12   6   0   0   3  0.19 0.17
   41 L    0 -1 -3 -3  0 -1 -2 -2 -3  1  2 -1  0  2  0  0  0 -2 -1  0   10   4   0   1   2   2   1   2   0  10  27   3   1  14   4  10   4   0   1   5  0.16 0.15
   42 S    1  2  1 -2  3 -1 -2 -2 -1 -2  0 -1 -2  0  1  1  1 -3 -2 -1   11  12  10   1   9   2   1   1   1   1  10   1   0   4   8  15   9   0   0   3  0.19 0.16
   43 R    0  4 -2 -3 -2 -1 -2 -2  0 -2  1 -1 -1  0  2  1 -1 -1 -2 -1    7  28   1   0   1   1   0   1   3   1  17   0   1   4  13  15   1   1   0   3  0.35 0.25
   44 S    0 -1 -1 -3 -3  0 -2 -2  0 -2  1 -2 -2  1  3  3  0 -4 -2 -2    7   3   2   0   0   4   0   2   3   1  14   1   0   7  15  35   5   0   0   1  0.39 0.28
   45 R    1  4  0 -2 -1 -1 -2 -2 -1 -2 -1  0 -1  0  0  1 -1 -3 -2  0   16  31   5   0   1   1   0   2   1   0   7   3   1   4   4  14   2   0   1   6  0.30 0.22
   46 P    0 -2 -4 -4 -4 -3 -3 -4 -4 -2 -1 -2 -3 -1  7  1 -3 -5 -4  0    9   2   0   0   0   0   1   0   0   1   6   1   0   3  57  12   0   0   0   6  1.30 0.47
   47 L   -1 -1 -3 -3 -3  0 -2 -3 -1  0  3 -2  1  1 -2  2 -1 -3 -2  1    3   3   0   0   0   5   2   1   2   2  39   0   2   6   1  20   2   0   0  10  0.31 0.24
   48 V    1 -1 -1 -3 -2 -2 -2 -3  0  1  2 -2  0  0 -1  1  0 -3 -1  2   11   2   2   0   0   1   0   1   3   7  29   0   0   4   2  15   3   0   1  17  0.21 0.17
   49 A    2 -1  0 -2  0 -1 -2  0 -2 -3 -1 -1 -2 -2  3  3 -1  0 -3 -1   17   3   5   0   2   2   1   8   1   0   5   2   0   2  16  27   2   1   0   4  0.32 0.21
   50 A    1  0  0 -2 -2  0 -1  1  0 -1 -1  1 -1 -1  1  1  0 -3  0 -1   16   6   5   0   0   2   1  10   3   4   5  12   2   3   8   9   8   0   3   3  0.11 0.10
   51 F    1 -1  0 -3 -1 -1 -2 -2 -3  0 -1 -1 -2  2  0  3 -1  0 -1  0   10   2   3   0   1   2   1   2   0   7   6   3   0  11   4  37   2   1   2   7  0.27 0.24
   52 S    0  1 -1 -2 -3  1 -2 -1  1  0 -2 -1 -1 -3  3  3  1 -4 -3 -2    6   9   1   0   0   5   1   3   4   6   4   2   2   0  16  29  10   0   0   2  0.35 0.24
   53 S    2  0 -1 -2 -2  1 -1 -1  0  0  0 -2 -1 -1  0  1  1 -1 -1  0   29   5   3   0   0   7   2   2   3   5  12   0   0   2   4  13   7   1   1   4  0.16 0.17
   54 V    0  0 -1 -2 -2 -1 -1 -1 -2  2  2 -2  2 -1  0  0 -1 -1 -2  2   10   6   4   1   0   3   3   4   0  12  21   0   7   1   4   6   2   1   0  15  0.11 0.12
   55 F    0  0 -1 -3  1 -1 -2 -2  0  1  0 -2 -1  2  2 -1  0  1 -1  2    6   5   4   0   4   3   0   2   3  12  10   1   0  10  11   4   5   3   1  17  0.12 0.11
   56 R   -1  4  0 -1 -3  0 -1 -2 -1 -2  0 -1 -2 -2  3  1  0 -4 -3 -3    3  31   3   2   0   3   2   2   1   1  11   1   0   2  17  14   5   0   0   0  0.43 0.25
   57 G    1  2 -1 -1 -1 -2 -2  0  0 -3 -2 -1 -2  2  3  0  0 -3 -1 -2   18  16   2   4   1   0   1   8   2   0   4   0   0  10  19   5   6   0   2   2  0.30 0.19
   58 G    1  1 -1 -2 -2 -1 -2  3  0 -1 -1 -1 -2 -1  1  1  0 -3 -1 -2   13   9   3   1   1   1   1  26   3   4   5   1   0   3   9  11   7   0   1   1  0.24 0.14
   59 L    1  1 -1 -2  0  0 -1 -1  0  0  0  0  0  1  0  0  0  2  1  1   13   9   2   1   2   3   1   4   2   2   8   5   4   8   5   8   3   3   4  13  0.05 0.07
   60 V    1  0  1 -1 -1  0 -1  1 -1 -1 -1 -1 -1  0  2  1  0 -2 -1  0   15   6   7   1   1   3   2  12   1   5   4   1   0   5  10  14   5   0   1   7  0.11 0.09
   61 S    0  3 -2 -2  0  0 -1 -1 -1 -2  0  0 -2 -1  2  2  1  0 -2 -1    9  19   0   1   2   3   1   4   1   1   9   2   0   3  13  19   9   2   0   2  0.24 0.16
   62 V    1  2 -1 -2  0 -1 -2  0 -2  1  1 -1 -1 -1 -1  0  0  0 -1  1   18  15   2   1   2   1   1   6   0  11  13   2   0   1   1   5   6   1   2  11  0.09 0.10
   63 K    0  5 -2 -2  0 -1 -2  0 -2 -2 -2  0 -2 -1  1  1 -1 -3 -2 -1    5  41   1   2   2   2   1   6   0   2   3   2   0   3   8  14   3   0   0   6  0.43 0.22
   64 G    0  0  0 -1  3 -1 -2  1  0  0  0 -1  0  1  1  1 -1 -2 -1 -1    8   6   6   2  11   1   1  14   2   6   8   2   3   7   7  10   2   0   1   3  0.10 0.08
   65 L   -1  2 -1 -1 -3 -1 -2 -1  3  0  0  1  1  3 -1  0 -2 -2  0 -1    4  13   1   3   0   2   1   6  10   5   8   9   6  22   3   6   1   0   0   2  0.19 0.14
   66 S    2  0 -2  1 -2 -1 -2 -2 -1 -2 -1 -2  0 -2  1  2  1  4 -2  0   20   6   0   8   0   2   0   1   1   2   3   0   4   1   7  24   7   7   0   6  0.26 0.18
   67 T    0  1  1 -1 -3 -2 -2  2 -2 -2 -2 -1 -2 -3  2  2  3 -3 -3 -1    6  11   6   2   0   0   0  15   0   1   2   2   0   0   9  20  21   0   0   3  0.32 0.19
   68 Q    0  3  0 -2  0  1 -1  1 -1  0  0  0 -1 -1 -2  0  0 -2  1 -1    8  23   6   0   2   6   2  11   0   5  12   2   0   2   1   7   4   0   5   2  0.12 0.11
   69 A    1  2 -1  0  0  0 -1 -1  0 -1 -2  0 -1 -2  2  2  0 -3  0 -1   14  16   1   6   2   3   1   3   2   3   1   3   2   1  11  21   5   0   4   3  0.21 0.13
   70 T    2 -1 -1 -1 -2 -1  0  2 -2 -1  0 -1 -1 -1  0  0  1 -2  0  0   21   3   2   2   0   1   5  17   0   2  11   2   0   2   5   6  10   0   4   5  0.11 0.08
   71 S    0 -1  0  0 -2 -1 -1 -1 -1 -1 -1 -1 -1  0 -1  3  2  0  3 -1    7   2   2   4   0   2   1   3   1   1   6   2   2   2   2  30  13   1  15   4  0.22 0.15
   72 S    1  1  0 -1 -2  0 -1  0 -2 -3 -1 -1 -2 -2 -2  4  0 -3  0 -2   11   8   2   1   0   3   1   7   0   1   5   2   0   1   1  51   2   0   4   1  0.42 0.23
   73 S    0  0 -1  0 -2 -1 -1 -2 -2  1 -1 -1 -2 -1  2  3  0 -2  2 -1    3   4   1   4   0   0   4   1   0  10   6   2   0   0  12  36   2   0  12   2  0.28 0.18
   74 L    0  0 -1 -1 -2  0 -1  1 -1  0  1  0  0  0  0  1  0 -2  0  0    5   7   2   2   0   5   3  11   0   5  24   4   1   3   3  12   6   0   3   3  0.05 0.06
   75 N   -1  0  3  0 -1  0  0  0 -1 -2 -2  0 -2 -2  0  2  0 -2  0 -2    2   6  21   5   1   4   2   7   0   1   5   7   0   1   5  25   2   0   5   1  0.22 0.12
   76 D   -1 -1  0  3 -2 -1  0  1 -1 -2 -2 -1 -2 -1 -1  1 -1 -2  3 -2    4   3   4  26   0   1   2  12   0   1   3   1   0   1   1  15   3   0  19   3  0.31 0.15
   77 P   -1  0 -1  0 -3  0  0  2  0 -3 -3  0 -2 -3  4  2 -1 -3 -1 -3    2   5   1   5   0   5   4  15   3   1   2   4   0   0  21  27   1   0   3   1  0.38 0.16
   78 N    0  0  1 -1  1 -1 -2  1 -1 -2 -1 -1 -1 -1 -1  2  1  4  2 -1    5   4  11   1   5   1   1  10   0   1   7   1   0   1   2  26   7   7   8   4  0.20 0.13
   79 P   -1  0  1 -1 -2  0 -1  0 -2 -2 -1  0 -2 -2  4  1  1 -3  0 -2    2   7   7   2   0   2   3   9   0   1   8   4   0   0  26  14   9   0   4   1  0.35 0.13
   80 N   -1  1  4  0 -2  0  1  0 -1 -3 -2  0 -1 -3  1  2  0 -3 -2 -2    4   7  30   2   0   2   8   8   0   1   3   2   1   1   6  18   4   0   1   1  0.32 0.14
   81 W   -1 -2 -1  0  0  0  0  1 -2 -2  0 -1 -1  1  1  0  0  7  0 -2    3   1   2   7   2   3   5  14   0   1  10   3   0   6   6   7   4  22   0   2  0.36 0.12
   82 S    1  0  0  2 -2 -1  0  0 -1 -2 -3 -1 -2 -3 -1  4  0 -3 -2 -2   10   6   2  13   0   1   3   6   0   1   1   1   0   1   1  49   2   0   0   1  0.38 0.16
   83 N   -1  1  3  2 -2  1  1 -1  1 -3 -3  0 -2 -3  0  2  1 -3 -2 -2    2   7  17  11   0   5  10   1   5   1   1   2   0   1   3  26   6   0   0   1  0.28 0.10
   84 R   -1  3  1 -1 -1  0  1 -2 -1 -1 -1  2 -1 -1 -1  0 -1 -2 -2 -2    5  27  10   2   2   1   9   1   0   4   8  15   1   3   1   8   1   0   0   1  0.21 0.09
   85 P   -1  0 -2 -1 -2 -1 -1 -2 -2  2  0 -1  0 -1  4 -1 -1 -2  0  0    3   8   1   2   0   1   5   1   0  23  11   2   2   1  26   2   1   0   6   5  0.31 0.09
   86 P   -1 -2 -1 -1 -2  0  1  0 -1 -1 -1 -1 -1 -1  5  0  1 -2 -2  0    1   1   1   2   0   5  11   8   2   1   5   1   0   4  33   4  13   0   0   8  0.44 0.11
   87 K   -1  2  0  2 -2  0  1 -2 -1 -2  0  2  0 -2  1  0  0 -2 -2 -1    2  16   2  14   0   1  13   1   0   1  10  17   4   1   6   5   4   0   0   2  0.18 0.06
   88 E   -1 -1  1  3  1  0  3  0 -1 -2 -2 -1 -1 -2 -1  1 -1 -3 -2 -2    1   2   8  24   5   1  29   6   0   1   3   1   3   1   1  10   1   0   0   3  0.30 0.09
   89 T    0  0  0  0 -1  0  0 -1 -1 -1 -1  1  1 -2 -1  1  3 -2 -2  0    4   6   1   4   0   1   4   1   0   1   2  13   6   1   2  10  34   0   1  10  0.16 0.07
   90 I    0 -2 -2 -1 -1 -2 -2 -2 -2  4  1 -2  0 -1  0  1  0 -2 -1  1    6   1   1   4   0   1   1   1   0  52   5   1   1   1   3  14   5   0   1   2  0.19 0.09
   91 L   -1 -2 -2 -1 -1 -2 -2  0 -2  1  3 -2  2  0 -1 -1 -1  3 -1  1    3   1   1   3   0   1   1  11   0   2  47   1   6   1   3   1   1   5   1  12  0.17 0.06
   92 L   -1 -2 -1 -1 -1 -1 -1 -2 -1  0  2 -2  0  3 -2  0  1 -1  1  0    1   1   1   4   0   1   1   1   0   1  28   1   0  24   1  11  16   0   2   4  0.14 0.06
   93 D    0 -1  0  3 -2  0  3 -1 -1 -2 -3  0 -2 -3  3  0 -1 -3 -2 -2   11   1   1  31   0   1  26   1   0   1   1   1   0   1  20   1   1   0   1   1  0.51 0.09
   94 G    0 -2 -1 -2 -2 -2 -2  4 -2  0 -1 -2 -1 -2  1 -1 -1 -2 -2  0    1   1   1   1   0   0   1  59   0  10   6   1   0   0   6   1   1   0   0  11  0.50 0.10
   95 C    1 -1 -1 -3  8 -2 -2  0 -2 -2 -1 -2 -1 -2 -2 -1 -1 -2 -1 -1   13   5   4   1  57   0   1   7   0   1   5   1   0   0   1   1   1   0   2   1  0.77 0.15
   96 D   -1 -1  0  5 -2 -1  1 -1 -1 -3 -3 -1 -2 -3 -1  2  0 -3 -2 -2    3   1   1  57   0   0   4   2   0   1   1   1   0   0   1  20   7   0   0   1  0.59 0.12
   97 F   -1 -2 -2 -3  1 -2 -2  0  0 -2 -1 -2 -1  3 -3  0 -2  1  6 -2    1   1   1   1   5   0   1  11   0   1   1   1   0  16   1   7   1   0  53   1  0.59 0.14
   98 E   -1  0  3  0 -2  0  3 -1 -1 -2 -2  1 -2 -3 -1  2  0 -3 -2 -2    1   1  23   1   0   0  27   1   0   4   1  12   0   0   1  26   1   0   0   1  0.32 0.09
   99 H   -1  0  0 -1 -3  0  1 -2  7 -3 -3 -1 -2 -2 -2  0 -1 -2  1 -3    1   3   1   1   0   0  11   1  65   1   1   1   0   0   1  11   1   0   3   1  0.84 0.18
  100 W   -2 -2  1  1 -3 -2 -2 -2 -2 -3 -2 -2 -2  0 -3 -2 -2 10  1 -3    1   1  11  11   0   1   1   1   0   1   1   1   0   1   1   1   1  65   1   1  1.67 0.21
  101 L   -1 -2 -2 -2  1 -2 -2 -2 -2  1  3 -2  2  1 -2 -2 -1 -1 -1  1    2   1   1   1   4   1   1   2   0   1  63   1   6   5   1   2   1   0   1   6  0.29 0.08
  102 V   -1 -2 -3 -3  1 -2 -3 -3 -3  3  1 -2  2  0 -2 -2 -1 -2 -1  3    1   1   1   1   4   0   1   1   0  39   1   1  10   3   1   1   1   0   0  35  0.33 0.10
  103 V    0 -1 -2 -2 -1 -1 -1 -2 -2  1  1  0  0 -1 -2 -1  2 -2 -1  2    5   1   1   1   0   0   1   1   0   5  19  10   0   0   1   1  21   0   0  32  0.15 0.06
  104 V   -1 -2 -2 -3  2 -1 -2 -3 -2  2  1 -2  4  2 -2 -1  1 -2 -1  1    1   1   1   1   7   1   1   1   0  13   8   1  33  10   1   1  10   0   0  11  0.23 0.11
  105 E   -1  0  2  2 -2  2  2  1 -1 -3 -3  1 -2 -3 -1  1  0 -3 -2 -2    1   1  13  13   0  13  13  13   0   1   1  13   0   0   1  13   1   0   0   1  0.27 0.07
  106 P   -1 -1  1 -2 -3 -2 -2 -2 -1 -2 -1  1 -1  4  3  0 -2 -1  2 -2    3   0   8   0   0   0   1   1   1   0   1  13   0  36  17   7   1   0   9   1  0.43 0.16
  107 P   -1 -2 -2  0 -3 -2 -2  0 -3 -3 -3 -1 -3 -4  7  0 -1 -4 -3 -3    2   0   0   6   0   0   1   9   0   0   1   2   0   0  66   9   2   0   0   1  1.37 0.27
  108 Q   -1  0  1  2 -3  2  2  1 -1 -1 -3  2 -2 -3  0 -1 -1 -3 -2 -2    1   2   8  14   0  11  15  12   0   5   1  23   0   0   5   1   1   0   0   1  0.28 0.11
  109 G    0 -1 -1  3 -3 -1  0  3 -2 -3 -1 -1 -2 -3  3 -1 -2 -3 -3 -3    5   4   0  22   0   0   5  36   0   0   7   0   0   0  15   2   1   0   0   1  0.47 0.14
  110 E   -1  0  0  1 -3  1  2 -2 -1 -3 -3  2 -2 -2  3  0 -1 -3  0 -2    1   0   4  10   0   4  21   1   0   0   1  22   0   0  19   6   1   0   6   4  0.40 0.13
  111 P    1 -2 -2 -2 -2 -1 -1  0 -2 -2 -2  1 -2 -3  5  0  0  4 -2 -2   12   0   0   0   0   0   1   7   0   1   3  13   0   0  39   6   5   8   0   2  0.69 0.17
  112 T    1 -2 -1 -1 -2 -1 -1 -2 -1 -2 -2 -1 -2 -3  2  3  3 -3 -2  0   10   0   1   0   0   1   0   1   1   0   2   0   0   0   9  36  30   0   0   6  0.40 0.18
  113 R   -1  4 -1 -1 -3  0  1 -2 -1 -2 -2  2 -2 -3  2 -1 -1  1 -2  0    1  39   2   1   0   1  14   1   0   1   1  13   0   1  10   2   1   3   0   9  0.41 0.14
  114 D   -1 -1  0  3 -3  2  4 -2  0 -2 -3  0 -2 -3 -2  1 -1  3 -2 -2    1   2   4  17   0  11  37   1   2   3   1   1   0   1   1  10   1   6   0   1  0.44 0.15
  115 E   -1 -1 -1  1 -3  3  4 -2  1 -2 -2  0 -2 -3 -2 -1  1 -3 -2  0    1   1   1   5   0  16  46   1   4   1   1   1   0   1   1   1   9   0   0  10  0.46 0.17
  116 I   -2 -2 -2 -3 -2 -1 -2 -3 -2  2  1  0  5 -1  1 -2 -1 -2  2  0    1   1   1   1   0   1   1   1   0  13   9   9  37   1   9   1   1   0  10   4  0.37 0.17
  117 I   -1 -2 -2 -3 -2 -2 -2 -3  2  4  0 -2  2 -1  0 -2 -1 -3 -1  2    1   1   1   1   0   1   1   1  10  46   1   1   9   1   6   1   1   0   0  17  0.38 0.16
  118 D    0  0  2  4 -1  0  1  0 -1 -3 -3  0 -2 -3 -2  0 -1 -3 -2 -2    9   4  14  41   1   3   6   6   0   1   1   3   0   1   1   4   1   0   0   1  0.44 0.13
  119 S    1 -1 -1 -2  5 -1 -1 -1 -2 -1 -1 -1 -1 -2 -2  2  3 -2  0 -1   11   3   1   1  18   1   3   3   0   3   3   1   0   1   1  16  29   0   4   1  0.31 0.13
  120 Y    0 -2 -2 -2 -3 -2  1 -3  0  0 -2 -2 -2  2 -2 -2 -2  0  7 -2   10   1   1   1   0   1  10   1   0   5   1   1   0   8   1   1   1   0  56   1  0.76 0.23
  121 I   -1  1 -2 -2 -2 -1  1 -2 -2  2  1 -1  0 -1 -2  0 -1 -2 -2  2    1  10   1   1   0   1  13   1   0  21  19   1   0   1   1   9   1   0   0  19  0.13 0.09
  122 K   -1  3  0  1 -3  2  2 -2  0 -3 -3  3 -2 -2 -2 -1  0 -3 -2 -2    1  18   4   7   0  14  21   1   1   0   1  21   0   2   0   1   8   0   0   0  0.40 0.14
  123 T    0 -2 -2 -2 -2 -2 -2 -2 -3  0  0 -2 -1 -2  1  0  4  4 -2  0    5   0   0   0   0   0   0   1   0   4  10   0   0   0   8   1  54   8   0   6  0.51 0.21
  124 L   -1 -2 -2 -2  4 -2  0 -3 -2  0  3 -1  0  1 -2  0 -1 -2 -1  0    2   0   0   0  12   0   8   1   0   1  45   6   0   9   0  10   0   0   0   5  0.24 0.13
  125 A    4 -2  2 -1 -2  1  1 -1 -2 -2 -2 -1 -2 -3 -2  0  0 -3 -3  0   51   0  13   0   0   9  10   2   0   0   0   0   0   0   0   4   3   0   0   8  0.38 0.20
  126 Q    0  0 -1 -2 -2  2  0  0  0 -2 -1  3  3 -3 -2  1  2 -3 -2 -2    6   3   1   0   0  10   2   7   2   0   1  26  15   0   0  10  16   0   0   0  0.24 0.15
  127 I    1 -3 -2  0 -2 -2 -2  1  2  1 -1 -2 -1 -1 -3 -1 -1 -3  1  3   19   0   0   5   0   0   0  12   9   9   0   0   0   0   0   0   0   0   8  38  0.25 0.16
  128 V    0 -3 -3 -4 -2 -3 -3  0 -3  1  3 -3  0  0 -3 -2 -2 -2  1  2    8   0   0   0   0   0   0   9   0   2  50   0   0   2   0   0   0   0   5  23  0.36 0.16
  129 G    1 -1  1 -1 -3 -1  0  4 -2 -4 -3  2 -3 -3 -2 -1 -2 -3 -3 -3   10   0   8   2   0   0   8  51   0   0   0  19   0   0   0   0   0   0   0   0  0.60 0.18
  130 S    0 -2 -1 -1  3 -1 -1 -1 -2 -1 -2 -1  1 -3 -2  5  0 -3 -2 -2    1   0   0   0   7   0   0   1   0   4   1   0   5   0   0  77   0   0   0   1  0.64 0.21
  131 E   -1  0 -1  0 -3  1  4 -1 -1 -1 -1  1  1 -2 -1 -1 -1 -2  0  0    3   3   0   1   0   0  46   4   0   2   4  13   8   0   1   2   1   0   4   8  0.26 0.07
  132 D   -2 -1 -1  3 -4  1  5 -3 -1 -3 -3  0 -3 -4 -2 -1 -2 -4 -3 -2    0   0   0  16   0   3  78   0   0   0   0   0   0   0   0   0   0   0   0   4  0.90 0.16
  133 E   -1 -1 -1  2 -4  2  6 -3 -1 -4 -3  0 -3 -4 -2 -1 -2 -4 -3 -3    2   0   0   6   0   4  84   0   0   0   0   3   0   0   0   0   0   0   0   0  0.94 0.17
  134 A    5 -2 -2  1 -1 -1 -1 -1 -2 -2 -2 -1 -2 -3 -2  1 -1 -3 -3 -1   84   0   0  13   0   0   0   0   0   0   0   0   0   0   0   3   0   0   0   0  0.61 0.16
  135 R   -1  3 -1 -2 -3  1  0 -2 -1 -2  0  5  0 -3 -2 -1 -1 -3 -2 -2    0  19   0   0   0   4   0   0   0   0  13  62   2   0   0   0   0   0   0   0  0.54 0.13
  136 M   -1  1  0 -1 -3  1  0 -2  0 -1  0  4  2 -2 -2 -1 -1 -3 -2 -2    0   3   2   0   0   7   2   0   2   0  13  57  12   0   0   0   2   0   0   0  0.34 0.10
  137 K   -1  2  1 -1  4  0  0 -1 -1 -2 -2  4 -1 -3 -1  0 -1 -2 -2 -2    1  10   9   1  15   1   1   1   0   1   1  49   0   1   1   5   1   0   1   1  0.35 0.08
  138 I   -1 -2 -2 -2 -1 -2 -2 -2 -2  3  1 -2  3  1 -2 -2 -1 -2 -1  2    1   1   1   1   0   1   1   1   0  48   2   1  17   5   1   1   1   0   1  15  0.22 0.04
  139 Y   -2 -1  2 -2 -2 -1 -1 -2  1 -2 -1 -1 -1  2 -2 -1 -1  1  6 -1    1   1  15   1   0   1   1   1   0   1   2   1   0   1   1   1   1   0  68   1  0.62 0.08
  140 S    2 -1  2  0 -1  0  0  0 -1 -2 -2  0 -1 -2 -1  3  0 -2 -2 -1   29   1  14   1   0   1   1   1   0   1   2   1   0   1   1  42   1   0   1   1  0.27 0.04
  141 V    0 -2 -2 -2  3 -1 -1 -2 -2  1  1 -1  0  1 -1 -1  0 -1  0  2    6   2   1   2  10   1   2   2   1   5   7   2   1  12   2   2   2   0   1  38  0.09 0.02
  142 S    0 -1  0 -1  3  0  0 -1 -1 -1 -1  0 -1 -1 -1  3  1 -1  0 -1    3   2   1   2   9   1   2   2   1   2   6   6   1   1   2  50   2   0   5   2  0.18 0.03
  143 T   -1 -2 -1 -2  6 -2 -2 -2  0 -2 -2 -2 -2 -3 -2  0  5 -3 -2 -1    1   1   0   1  30   0   1   1   3   1   1   1   0   0   1   1  57   0   0   1  0.84 0.22
  144 R   -1  2  1 -1 -2  0  2 -2  0 -2 -2  2 -2 -3 -1  0  3 -3 -2 -2    1  11   6   1   0   0  21   1   1   1   1  16   0   0   1   4  34   0   0   1  0.33 0.12
  145 C    0  2 -1 -2  2 -1 -1 -2  2 -1 -2  0 -1 -2  1  0  3 -2  1 -1    5  20   0   0   8   1   0   0   7   3   1   4   0   0   6   3  30   0   7   1  0.23 0.11
  146 Y   -3 -3 -3 -3 -3 -2 -1 -4  0 -2 -1 -3 -2  1  0 -2 -2  1  8 -2    1   0   0   0   0   0   5   0   0   0   5   0   0   0   6   0   0   0  79   0  1.30 0.29
  147 Y   -2 -1 -2 -3 -2  1 -2 -3 -1 -1 -1 -1 -1  5 -2 -1  2  0  3 -1    1   2   0   0   0   9   0   0   0   1   2   2   0  40   1   0  19   0  15   4  0.45 0.15
  148 A    2 -3 -2 -2  1 -3 -3  6 -3 -4 -4 -2 -3 -4 -3 -1 -2 -3 -4 -3   21   0   0   0   4   0   0  74   0   0   0   0   0   0   0   0   0   0   0   0  1.10 0.23
  149 F   -4 -4 -4 -5 -4 -5 -5 -4 -3 -2 -1 -4 -1  8 -5 -4 -3  0  2 -2    0   0   0   0   0   0   0   0   0   0   0   0   0 100   0   0   0   0   0   0  1.83 0.36
  150 G   -1 -2 -1 -2  2  4 -1  5 -2 -4 -3 -1  1 -4 -3 -1 -2 -3 -3 -3    0   0   0   0   5  28   0  60   0   0   0   0   7   0   0   0   0   0   0   0  0.88 0.27
  151 A    3 -2 -3 -3  8 -2 -3 -2 -3 -1 -1 -2 -1 -3 -2 -1 -1 -3 -3  0   33   2   0   1  45   0   1   1   0   0   6   1   0   0   0   1   1   0   0   7  0.83 0.23
  152 L   -1  0  0  2 -2  0  2 -2 -2  0  1  0  0 -2 -2  0  1 -2 -2  1    1   4   3  13   0   2  16   1   0   2  24   5   0   0   0   4  10   0   0  14  0.11 0.07
  153 V   -1 -2 -3 -3  0 -2 -3 -3 -3  4  1 -2  3  1 -2 -2 -1 -2 -1  3    1   1   1   1   2   1   1   1   0  38   4   1  15   8   1   1   1   0   0  22  0.35 0.13
  154 S    0 -1  0  3 -2  0  1 -1  1 -2 -2 -1 -2 -2  0  2  2 -3 -2 -2    4   1   1  26   0   1   8   1   4   1   2   1   0   1   4  27  17   0   0   1  0.33 0.12
  155 E   -2 -1 -1  1 -3  1  5 -2  3 -1 -3  0 -2 -3 -2 -1 -1 -3 -2 -2    1   1   1   7   0   1  64   1  11   4   1   3   0   1   1   1   1   0   0   1  0.70 0.20
  156 D    0 -1  0  1  2  2  4 -1 -1 -3 -2  0 -2 -3  0 -1 -1 -3 -2 -2    9   1   5   5   8   9  46   5   0   1   1   1   0   1   4   1   1   0   0   1  0.40 0.14
  157 L   -1 -2 -2 -2  3 -1  1 -3 -2  0  2 -2  1 -1 -2 -1  2 -2 -2  1    1   0   0   1   8   0  15   1   0   2  34   1   4   0   0   1  25   0   0   8  0.22 0.12
  158 S    1  0 -1 -1 -2 -1 -1 -1 -2 -2 -2  0 -2 -3 -1  4  2 -3 -2 -1   13   6   0   1   0   0   1   1   0   0   1   4   0   0   0  54  13   0   0   4  0.42 0.17
  159 H   -2 -1  2  1 -1  0  3 -2  2 -2 -1  0 -1  2 -2 -1 -1 -1  3 -2    1   2  15   6   1   0  27   1   6   1   8   3   0  10   0   1   2   0  15   1  0.24 0.11
  160 K   -1  2  0 -1 -3  1  1 -2 -1 -3 -3  5 -2 -3 -2  0 -1 -3 -2 -3    1   8   4   1   0   3   6   1   0   0   1  64   0   0   0   8   1   0   0   1  0.64 0.21
  161 L   -1 -3 -3 -3  0 -2 -3 -3 -2  3  2 -2  1  4 -3 -1 -1 -1  0  1    1   0   0   1   2   0   1   1   0  28  22   1   2  26   0   8   1   0   0   6  0.32 0.12
  162 K    0  3  0 -1 -3  0  2 -1 -1 -3 -3  4 -2 -3 -2  0 -1 -3 -2 -2    6  17   2   1   0   0  13   4   0   0   1  43   0   0   0   8   1   0   0   2  0.41 0.14
  163 E   -1 -2 -1  1 -3 -1  2  4  3 -3 -3 -1 -3 -3 -1  0 -2 -3 -2 -2    1   0   0   8   0   0  22  44  10   0   0   2   0   0   1   8   0   0   0   4  0.52 0.17
  164 L   -2 -2 -3 -3 -2 -1 -2 -3 -3  1  4 -2  3 -1 -3  0 -1 -2 -2  1    0   0   0   0   0   2   3   0   0   5  63   0  12   0   0  10   0   0   0   6  0.46 0.18
  165 S   -2 -2 -2 -2 -3 -2 -1 -3 -3 -3 -3 -1 -3 -4  7 -1 -1 -4 -3 -3    1   1   0   1   0   0   3   1   0   1   1   2   0   0  83   2   2   0   0   1  1.91 0.26
  166 N   -1 -1  1  0 -3 -1 -1  5 -2 -3 -3  1 -2 -3 -2 -1 -2 -3 -3 -3    1   2  10   3   0   0   2  63   0   1   3  11   0   0   1   1   1   0   0   1  0.71 0.15
  167 V    0 -3 -3 -3 -2 -3 -3 -3 -3  1  0 -3  0 -2 -3 -2 -1 -3 -2  5    5   1   0   1   0   0   1   1   0   1   1   1   0   0   1   1   1   0   0  86  0.71 0.21
  168 R   -1  2 -1 -2 -2  0 -1 -3 -1  1  2  1  1 -1 -2 -1 -1 -2 -1  1    1  20   2   1   0   4   3   1   1   3  36   8   3   0   1   1   1   0   0  15  0.17 0.08
  169 W   -3 -3 -3 -4 -3 -3 -3 -3 -1 -2 -1 -3 -2  5 -3 -1 -2  9  2 -2    1   1   0   1   0   0   1   1   1   1   1   1   0  39   1   5   1  43   4   1  1.44 0.24
  170 V   -1 -3 -3 -3 -2 -3 -3 -3 -3  3  0 -3  0 -1 -3 -2 -1 -3 -2  5    1   1   0   1   0   0   1   1   0  14   1   1   0   0   1   1   1   0   0  77  0.66 0.19
  171 L   -2 -2 -3 -3 -2 -2 -3 -3 -3  2  4 -3  1  0 -3 -1 -1 -2 -1  0    1   1   0   1   0   0   1   1   0  10  76   1   0   2   1   5   1   0   0   1  0.55 0.15
  172 P   -1 -3 -3 -2 -3 -2 -2 -3 -3 -3 -2 -2 -3 -4  7 -2 -2 -4 -3 -3    5   1   0   1   0   0   1   1   0   1   3   1   0   0  84   1   1   0   0   1  1.94 0.26
  173 D   -2 -2  0  7 -4 -1  0 -2 -2 -3 -4 -2 -3 -4 -2 -1 -2 -4 -3 -3    1   1   0  91   0   0   1   1   0   1   1   1   0   0   1   1   1   0   0   1  1.37 0.26
  174 S    0 -2 -1 -1 -2 -1 -1  0 -2 -2 -3 -1 -2 -3  1  5  0 -3 -2 -1    2   1   0   1   0   0   1   5   0   1   1   1   0   0   6  76   1   0   0   4  0.64 0.20
  175 Y   -2  0 -2  0 -3 -2 -2 -3  3 -2 -2 -2 -2  2 -3 -2 -2  0  7 -2    1   7   0   8   0   0   1   1   7   1   1   1   0   4   1   1   1   0  65   1  1.07 0.27
  176 L   -1 -2 -3 -3 -2 -2 -3  0 -3  2  2 -2  1  1 -2 -2 -1 -2 -1  2    2   1   0   1   0   2   1   9   0  19  31   1   3   8   1   1   1   0   0  20  0.24 0.09
  177 D   -2 -2  1  5  2 -1  1 -2 -2 -2 -3 -1 -2 -3 -2 -1 -1 -3  0 -1    1   1   4  60   5   1   7   1   0   1   2   1   0   1   1   1   1   0   4   7  0.70 0.18
  178 V   -1 -2 -2  0 -2 -1 -2 -2  1  0 -1 -2 -1 -2  5  0 -1 -3 -2  2    4   1   1   5   0   2   1   3   5   3   3   1   0   1  35   8   1   0   0  26  0.56 0.16
  179 R    1  0 -1  0 -2  1  2  0 -1 -1 -2  2  1 -2  1 -1 -1 -2 -2 -1   12   4   1   2   0   5  25   9   0   2   1  17   7   1   8   1   1   0   0   4  0.21 0.09
  180 N   -1 -1  3  1 -2  1  0 -1  1 -2 -1  1 -1 -1 -2  0  0 -2  0 -1    1   1  29  10   0  10   3   3   5   1   8   8   0   2   1   2   6   0   4   7  0.20 0.10
  181 K   -1  0  1 -1 -3  1 -1  2 -2 -3 -3  5  0 -3 -2 -1 -2 -3 -3 -3    1   1   8   1   0   3   1  19   0   1   1  59   3   0   1   1   1   0   0   1  0.61 0.21
  182 D   -1  0  1  4 -3  0  2  1 -1  0 -2 -1 -2 -3 -2  0  0 -3 -1 -2    1   4   4  39   0   2  13  13   0   8   1   1   0   0   1   2   7   0   2   2  0.37 0.13
  183 Y   -3 -2  0 -3 -3  1 -2 -3  0 -2 -2 -2 -2  3 -3 -2 -2  0  7 -2    1   1   5   1   0  10   1   1   0   1   1   1   0  14   1   1   1   0  63   1  1.12 0.28
  184 G    1 -2  0 -1 -2 -1 -1  4 -2 -2 -2 -1 -2 -2 -1  1  1 -2 -2 -2   11   1   0   1   0   0   1  57   0   1   1   1   0   0   1  14  11   0   0   1  0.51 0.04
  185 G    1  1 -1 -1 -2 -1 -1  3 -1 -2 -2  0 -1 -1 -1  0 -1 -1  1 -1   24  11   1   1   0   1   1  39   0   1   2   1   0   1   1   1   1   0  11   1  0.27 0.02
  186 E   -1 -1  0  4 -2  0  2  0 -1 -3 -3 -1 -2 -2  2  1 -1 -2  0 -2    1   1   1  36   0   1  20   7   0   1   1   1   0   1   9  12   1   0   4   1  0.40 0.08
  187 P   -1  1  0  0 -2  0 -1  0 -1 -1  0  1 -1 -2  3  0  1 -2 -2 -1    1   8   5   3   0   3   1   9   0   1  18  14   0   1  19   1  12   0   1   1  0.20 0.05
  188 F   -2 -2 -3 -3 -2 -2 -2 -3  0 -1  1 -2 -1  4 -3 -2 -2  0  6 -1    1   1   1   1   0   1   1   1   0   1  14   1   0  27   1   1   1   0  45   1  0.77 0.16
  189 I   -1 -1  0  0 -2  0  0  0 -1  2  0  0  0 -1 -2 -1  0 -2 -2  2    1   1   6   7   0   6   8   7   0  17   2   6   0   1   1   1   6   0   1  27  0.08 0.05
  190 D   -2 -1  5  3 -3  2  0 -1  1 -3 -3 -1 -2 -3 -2  0 -1 -4 -2 -3    1   0  52  25   0  10   3   3   2   0   1   0   0   0   0   1   0   0   0   0  0.68 0.16
  191 G    0  0  1 -2 -3 -2 -2  5 -2 -3 -3 -2 -2 -3 -2 -1 -2 -3 -3 -1    4   5   7   0   0   0   1  70   0   0   1   0   0   0   0   1   0   0   0   8  0.80 0.19
  192 K    0  0  2 -1 -2  2  2 -2 -1 -1 -1  2  1 -2 -2  0  1 -3 -2  0    6   0  13   0   0  13  15   1   0   0   1  21   7   0   0   1   9   0   0  11  0.20 0.10
  193 A    0 -2  0 -2 -1 -2 -2 -2 -2  3  1 -2  0 -1  1  0  0 -2 -2  2   11   1   8   1   0   0   1   1   0  32  12   1   0   0   6   6   4   0   0  16  0.16 0.08
  194 V    0 -2 -1 -2 -1 -1 -2  0  1  2  0 -1  0 -1  2  0  1 -2 -1  1    3   1   0   1   0   0   1   8   7  17   7   1   0   0   9   9  15   0   0  18  0.12 0.07
  195 P    1 -1  0  0 -2  2  2 -1  3 -2 -2  0 -1 -2  3  1  0 -2 -1 -2   15   1   1   1   0  15  15   1  15   1   1   1   0   1  15  15   1   0   0   1  0.31 0.06
  196 Y   -2  4 -2  0  2  1 -1  1 -1 -3 -3 -1 -2 -2  2  0 -2 -2  3 -3    1  30   0   6   6   8   0  11   0   0   1   0   0   0  11  10   0   0  13   1  0.41 0.24
  197 D   -1  0  0  1 -3  1  0 -2 -2 -3 -3  1 -2 -3  4  2  1 -3 -3 -2    4   3   3  10   0  10   3   1   0   1   1   8   0   1  28  16   8   0   0   1  0.51 0.20
  198 P   -2 -1 -1 -3  1  0 -1 -3 -3 -2 -3 -2 -3 -3  6 -1  0 -3  2 -2    0   3   3   0   3   4   2   0   0   2   1   0   0   0  59   4   6   0  10   2  1.27 0.41
  199 K   -2 -1 -2 -2  1  1  2 -1 -2 -3 -3  1  0 -3  5  0 -1 -3  0 -1    0   2   0   0   4   6  14   5   0   0   1  13   4   0  31   7   2   0   4   6  0.50 0.23
  200 Y   -2  0 -2 -2 -2  1  0 -1 -1  0 -2  0 -1  1  1 -1  1 -1  5  1    1   4   1   1   0   9   4   4   0   5   1   4   0   4   8   1  10   0  31  12  0.32 0.20
  201 H   -3  2  1  1 -4  3 -2 -1  4 -4 -4 -2 -3 -3  2  0  0 -3  3 -4    1  15   5   7   0  17   0   6  12   0   1   0   0   0  12   6   6   0  12   0  0.50 0.32
  202 E    0  1  1  0 -3  1  1 -1  1 -2 -1  1  0  0  0  0  1 -2  2 -2    9   7   6   4   0   9  10   4   4   1   4   9   4   4   4   4   8   0   9   1  0.11 0.11
  203 E   -1  0  1  0 -3  0  2  1  0 -2 -3  0 -1 -3  4  0 -1 -3  0 -2    1   4   8   5   0   3  15  10   3   3   1   7   2   1  21   8   3   0   4   1  0.32 0.19
  204 W   -2  2 -2 -2 -3  2  1  0 -2 -2 -2  1  0 -1  2 -1 -1  6  1 -1    1  10   1   1   0  11   9   8   0   2   1  12   3   3   9   3   2  13   6   4  0.34 0.23
  205 I   -1  1  0 -2 -3  2  0  1  0  0 -1  0 -2  0  3 -1 -1 -3 -1  1    1  10   4   1   0  10   5  14   3   5   4   3   0   4  18   1   4   0   2  11  0.21 0.17
  206 R   -1  4  0 -2  0  2  0  0  0 -2 -2  0 -2 -1  0 -1  0 -3 -2 -3    5  28   5   0   3  14   5   8   2   3   4   4   0   3   5   3   8   0   0   0  0.28 0.25
  207 N   -2  2  1  1 -3  1  0  1 -1 -2 -1  0  0  0  0  0  1 -2  1 -2    1  12   8  11   0   9   4  10   0   0   5   4   3   3   5   4   8   0   7   3  0.14 0.16
  208 N    0  2  2  0 -3  1  0  0  0 -3 -3  1 -2 -3  1  1  1 -3  0 -2    7  14  10   3   0   6   6   8   3   0   1   7   0   0   6  11  12   0   4   3  0.20 0.18
  209 A    1  2  1  0 -3  0  0  0 -1 -2 -1 -1  0  0  1  0  1 -2  0 -2   12  15   7   3   0   3   8   8   0   0   6   0   3   4   8   7  10   0   5   0  0.13 0.15
  210 R   -1  3  0  0 -3  2  1 -1 -1 -3 -3  2 -2 -3  2  0 -1 -3  0 -1    3  24   5   6   0   9   7   4   0   1   1  11   0   0  10   4   3   0   4   6  0.29 0.21
  211 A    1  1  0  0 -1  1  1  0 -1 -2 -2  1 -2 -1  1  1  0 -2  1 -2   15   6   4   6   1   9   8   5   0   2   1   7   0   3   8  12   3   0   7   1  0.16 0.14
  212 N   -1  1  3  0 -3  1  0 -1  1 -2 -3  1 -2 -3  4 -1 -1 -3  1 -3    3  11  18   3   0   5   5   5   4   2   1   7   0   0  22   3   4   0   6   1  0.41 0.25
  213 E    0  1  0  1 -1  2  2  0  0 -2 -3 -1 -2 -2  2  1  0 -3  1 -1    7  10   3   7   2  10  14   7   2   0   1   1   0   0  11   9   4   0   6   6  0.19 0.16
  214 R   -2  4  0  0 -3  2  0 -1 -2 -3 -2  1 -1 -2  2 -1 -2 -3  1 -3    2  36   4   4   0   9   6   5   0   1   4   5   1   1  10   2   1   0   6   1  0.44 0.30
  215 N   -2  1  3 -1 -3  3  0 -1  2 -2 -3  0 -2 -1  2  1  0 -3 -1 -3    1   8  19   2   0  19   5   4   5   2   1   2   0   2  13  10   5   0   1   1  0.39 0.29
  216 R   -2  5  0  0 -4  1 -1 -1  1 -3 -3  1 -3 -3 -1  0 -1 -3  0 -1    1  46   5   5   0   4   2   5   4   0   1   6   0   0   2   6   2   0   3   5  0.58 0.36
  217 R    0  3  1 -1 -3  2  0  0  1 -3 -1 -1  0  0  1  0 -1  3  1 -1   10  18   6   3   0  11   3   6   3   0   4   0   3   4   6   5   4   4   4   4  0.17 0.20
  218 N   -1  1  2  2 -3  1  0 -1  2 -1 -2  0 -2 -3  1  0  0 -3  1 -3    4  11  10  13   0   7   6   4   6   4   4   4   0   0   8   7   5   0   6   0  0.20 0.19
  219 D    0  0  0  4 -3  0  0  0 -2 -1 -3 -2 -3 -3  2  0 -1 -3  0 -1    8   6   4  27   0   3   5   9   0   5   1   1   0   0  10   8   3   0   4   5  0.29 0.23
  220 R   -2  5 -1 -1 -4  0  0 -1 -2 -4 -3  1 -3 -4  3  0 -1 -4 -1 -3    3  38   2   2   0   3   7   5   0   1   1   9   0   0  14   8   2   0   3   2  0.60 0.35
  221 P   -1  0  0 -3 -4 -2 -2 -1  0 -4 -4 -1 -4 -4  7 -1 -1 -4  1 -4    3   5   5   1   0   2   2   5   2   0   1   3   0   0  57   4   3   0   6   1  1.29 0.55
  222 R    0  4 -2  0 -4  2 -1  0 -2 -1 -3  0  1 -3  2  0 -2 -4 -1 -3    7  33   0   6   0  11   2   7   0   4   1   3   4   0  12   6   0   0   3   1  0.46 0.33
  223 N    0  2  1  0 -3  1  0  0  0 -1 -3 -1 -2 -2  1 -1  0 -2  3 -3    6  17   9   7   0   6   6   9   1   4   1   0   0   0   8   2   7   0  16   0  0.26 0.25
  224 N   -1  2  2  0 -3  1  0  0  1 -1 -2  0 -2  1  0  0 -1 -2  1 -1    2  14  14   5   0   8   6   7   3   2   3   2   0   8   3   8   3   0   6   5  0.13 0.15
  225 D   -2  3 -1  3  0  1  0  0  2 -4 -2  0 -3 -2  2 -1 -1 -4 -1 -3    1  20   1  23   2   8   3   8   5   0   4   4   0   2  11   4   3   0   2   0  0.38 0.29
  226 R   -1  4  0 -1 -4  2  1  0  0 -3 -2  1 -1 -4  0 -1 -1 -4 -1 -2    3  32   5   2   0  12  11   7   2   0   4   5   2   0   4   4   2   0   2   2  0.40 0.30
  227 S   -1  1  1  1 -3  1 -1  1 -2 -1 -3  0 -2 -1  1  1  2 -3  0 -2    3   7   9   7   0   6   0  13   0   5   0   4   0   3   6  14  17   0   4   0  0.20 0.21
  228 R   -1  3  0  0  1  1  1 -1  1 -3 -3  1  1 -3  1  0  1 -3  0 -3    4  23   4   4   3   5  12   4   3   0   0   7   5   0   7   8   8   0   3   0  0.26 0.24
  229 N   -1  0  2  0 -3  4  0  0 -2 -3 -2  0  1 -3  1  0  0  3  0 -3    5   6  11   5   0  24   4   5   0   0   4   4   4   0   8   7   4   5   4   0  0.28 0.27
  230 F   -1 -1  0 -1 -3  0 -1 -1 -2 -2 -2 -1  1  3  2  0 -1  1  4  1    4   2   4   3   0   4   2   5   0   0   0   4   5  13  12   5   4   2  18  11  0.26 0.25
  231 E    0 -1  0  1 -3  1  2 -1 -2 -1 -1  0 -2 -3  2  0  1 -3  0  0   10   3   4   7   0   9  15   4   0   3   4   3   0   0  11   5   8   0   3  10  0.15 0.16
  232 R   -1  3  0 -2 -4  0  0  2 -2 -1 -3  0 -3 -3  3  0 -1  0  0 -2    3  24   6   0   0   5   4  15   0   4   0   4   0   0  18   6   2   1   4   3  0.41 0.30
  233 R   -2  5  2 -1 -4  1 -1 -2  2 -4 -4  1  0 -4  2  0 -2  1 -3 -4    3  38  12   2   0   6   2   3   5   0   1   5   3   0  12   6   0   2   0   0  0.64 0.40
  234 R    0  1  1  1 -3  1  1 -2  2 -2 -1  1  1 -2  1  0  0 -2  1 -2    7   7   7   7   0   7   7   0   7   0   7   7   7   0   7   7   7   0   7   0  0.13 0.14
  235 E    0  1 -1  1 -2  1  1  0  2 -2 -1 -1 -1 -2  1  0  0  4 -1 -2    8   8   0   8   0   8   8   8   8   0   8   0   0   0   8   8   8   8   0   0  0.18 0.14
  236 N    0  0  1  0  2  1  0  0 -1  0 -2  0  1 -2  1  0  0 -2  1  0    6   6   6   6   6   6   6   6   0   6   1   6   6   0   6   6   6   0   6   6  0.07 0.11
  237 M   -2  0  1 -1 -3  2 -2  0  1  1 -1  0  3 -2  0 -1  0  2  2  0    0   4   7   4   0  13   0   7   4   9   4   4  10   0   5   4   5   4   9   7  0.16 0.23
  238 A    0  0  0  0 -3  1  0  0  2 -2 -1  0  1 -2  1  0  0  3  1 -1    6   6   6   6   0   6   6   6   6   0   6   6   6   0   6   6   6   6   6   6  0.10 0.13
  239 G   -1  1  2  1 -3  1  0  1  1 -3 -1  0 -2  0  0  0  0  2  1 -3    5   7  14   7   0   9   5  12   3   0   7   3   0   4   5   6   4   4   5   0  0.15 0.17
  240 G    0  0  1 -2  2  1  0  0  2  0 -2  0 -1  1  1  0 -1 -2  1  0    7   7   7   0   6   7   7   7   6   7   1   7   0   6   7   7   0   0   6   7  0.08 0.12
  241 P   -1 -2 -3  0  1  2  0 -1 -1 -4 -3 -3  0 -4  6 -1 -2  3  0 -2    4   2   0   4   3  10   5   6   2   0   2   0   3   0  42   5   2   5   4   2  0.86 0.51
  242 P   -1  0  1  0 -4  0 -2  0 -3 -2 -3 -3  0  0  5  1 -3 -4 -1 -4    5   4   7   5   0   4   2   8   0   2   2   0   3   4  36  14   0   0   2   0  0.67 0.44
  243 P   -1 -1  1 -1 -4  2 -1  0  0 -1 -2 -2  1 -1  4 -1  0 -4  0 -1    5   4   7   2   0  11   3   8   2   4   2   0   5   3  26   3   6   0   3   3  0.38 0.31
  244 Q   -1  0  2  0  1  4  0 -1  1 -3 -2  0  0 -3  1  0 -1 -4  0 -2    4   5  11   6   3  23   4   4   3   0   3   5   3   0   8   7   3   0   4   3  0.27 0.28
  245 R   -1  1  0 -1 -4  4  0  1  1 -3 -2 -2  2 -1  1 -1  0 -3  0 -1    4   9   3   3   0  23   5  10   4   0   4   0   8   3   7   4   4   0   4   4  0.25 0.28
  246 P    0  0  1  0 -3  1 -1  0  2 -2 -2  0  1  1  1  0  0 -2  1  0    7   7   7   7   0   7   0   7   6   0   1   7   6   6   7   7   7   0   6   7  0.09 0.13
  247 P    0  0  0 -1 -3  1  0  0  1 -2 -1  0  2  0  3  0  0 -3  1 -1    7   5   4   3   0   6   7   9   3   0   4   3   7   4  15   5   6   0   7   4  0.16 0.18
  248 M    0  0  1  0  2  1  0  0  2 -2 -1  0  1  0  1  0  0 -2  1 -2    6   6   6   6   6   6   6   6   6   0   6   6   6   6   6   6   6   0   6   0  0.08 0.12
  249 G    0 -1  2  0  0  2  0  2  0 -3 -2 -1  1 -3  2  0  0 -3  0 -2    8   3  10   5   2  10   4  17   2   0   3   2   6   0  10   4   5   0   4   3  0.20 0.21
  250 G    0  1  1 -2 -3  1  0  0  2 -2 -2  0  1  1  1  0  0 -2  1  0    7   7   7   0   0   7   7   7   6   0   1   7   6   6   7   7   7   0   6   7  0.09 0.13
  251 P    0  0  1  0 -2  1  0  0  2  0 -2 -1  1  1  1  0  0 -2  1  0    6   6   6   6   0   6   6   6   6   6   1   0   6   6   6   6   6   0   6   6  0.06 0.12
  252 P    0  0  1  0 -3  0 -2  0  1 -3 -1 -1  0  0  5  0 -1 -3  0 -1    7   4   8   4   0   4   0   7   3   0   4   3   3   5  29   6   4   0   4   3  0.40 0.29
  253 P    0  0  0  0  2  0 -2  0 -2 -2 -1  0  1  1  1  0  0  3  1  0    6   6   6   6   6   6   0   6   0   0   6   6   6   6   6   6   6   6   6   6  0.08 0.14
  254 P    1 -1  0  0  1  1 -1  0  1 -1 -1 -2  0  1  2  1  0 -3  1 -1   11   4   4   4   3   7   3   8   4   3   3   0   3   6  12  13   4   0   4   3  0.12 0.16
  255 P   -1 -1  1  0 -4  1 -1  1  1 -2 -4 -1  2  0  4  1 -1 -4  0 -4    4   3   8   4   0   7   3  10   4   2   0   2   6   5  26   9   3   0   3   0  0.44 0.36
  256 H    0 -2  1  0 -3  1  0  0  2 -2 -2  0  1  1  1  0  0  3  1 -1    6   0   6   6   0   6   6   6   6   0   1   6   6   6   6   6   6   6   6   6  0.12 0.16
  257 I   -1  0  1 -1 -3  2  0  2  1  0 -1 -1  0 -1  2 -1 -1 -3  1 -1    3   4   7   2   0  12   7  15   4   5   6   2   3   2  10   3   3   0   7   4  0.14 0.16
  258 G    0 -1  1 -3 -4  3  0  3 -2 -2 -2 -1 -1 -3  2  0 -3 -4  1 -2    7   3   7   0   0  20   5  23   0   2   3   2   2   0  12   5   0   0   6   3  0.40 0.34
  259 G    0 -3  2 -1 -4  1 -3  3  2 -4 -2 -3  0 -1  3  0 -1 -4  1 -2    7   0  12   2   0   6   0  27   6   0   3   0   3   3  14   5   3   0   5   3  0.42 0.33
  260 S   -1  1  0 -1 -4  3  0 -2  1 -2 -2  0  0 -1  3  0 -1  0  2 -1    4   6   5   3   0  19   4   3   3   2   3   3   3   2  16   7   3   1   8   4  0.28 0.27
  261 A    0  1  1  0 -3  2 -2  1  2 -1 -2 -2  0 -3  3  0  0 -3  0 -2    7   7   6   5   0  14   0  13   5   4   4   0   2   0  16   5   5   0   3   2  0.24 0.23
  262 P   -1 -1  2 -1 -4  2 -1  2  1 -2 -2 -1  1 -3  4 -1  0 -4  0 -2    3   2  11   2   0  14   3  15   3   2   2   2   4   0  21   4   6   0   3   3  0.37 0.30
  263 P   -1  0  1  0 -3  2  0  1 -2 -1 -2 -1  1  0  3  0 -1 -3  2 -1    4   5   8   4   0  13   4  10   0   4   1   0   5   4  15   7   4   0   8   4  0.21 0.22
  264 P   -1  1  0  0 -3  2  0  1  1 -1 -3  0  0  0  3  0 -2  2  0 -3    5   7   4   4   0  11   5  15   3   4   1   4   4   4  17   6   0   3   4   0  0.25 0.22
  265 P   -1 -1  1 -1  0  2  0  1  0 -2 -3 -1  0 -2  4  0  0 -3  0 -3    3   2   8   3   3  13   5  13   2   2   1   2   2   2  22   6   7   0   5   0  0.35 0.27
  266 H   -1  0  1 -1 -4  3 -2  1  4 -4 -3 -2  2 -3  2  0 -1 -4  1 -2    4   5   8   2   0  17   0  12  14   0   0   0   7   0  12   6   3   0   5   3  0.43 0.36
  267 M    0  0  0  0 -2  0  0  0  1  0  0 -1  1  0  1  0  0 -2  1  0    6   6   6   6   0   6   6   6   6   6   6   0   6   6   6   6   6   0   6   6  0.04 0.08
  268 G   -1 -1  1  0 -3  1 -2  2  0 -1 -2 -1  0  0  2  0 -1  2  1 -1    5   3   7   4   0   8   0  18   3   4   3   3   3   5  13   5   3   3   5   4  0.18 0.20
  269 G    0  0  1 -2 -3  1 -2  1  1 -1 -1 -2  0 -1  2  1  0 -3  2  0    5   5   6   0   0   9   0  10   3   3   5   0   3   3  13  11   6   0  10   6  0.19 0.22
  270 S    0 -2  2  0 -3  3 -2  1  0 -3 -2 -2  2 -1  2  1  1  2  1 -1    7   0   9   6   0  15   0   9   2   0   3   0   7   2  10   9   8   3   6   3  0.24 0.27
  271 A    0  0  2 -1 -1  2 -1  1  0 -1 -1 -2  1 -1  1  0  1 -3  1 -2    8   5  11   2   2  12   3  10   3   3   4   0   4   2   8   7   9   0   5   0  0.15 0.20
  272 P   -2 -2  1 -2 -4  2 -1  1 -3 -4 -4 -1  2 -2  5 -2 -2 -4  1 -2    3   2   7   2   0   9   3  11   0   0   1   4   7   2  37   2   2   0   5   3  0.76 0.48
  273 P   -2  1 -2 -3 -4  2 -3  2  0 -4 -2 -2 -1 -4  5 -1 -2 -4  2 -2    2   7   1   0   0  10   0  16   2   0   3   2   2   0  35   5   2   0   7   3  0.73 0.46
  274 P    0  0 -1 -2 -4  1  0  0 -1 -4 -3 -1  0 -4  6  0 -2 -5  0 -4    7   5   3   2   0   6   5   9   1   0   2   2   3   0  44   7   1   0   4   0  0.88 0.50
  275 P   -1 -1  0 -1  1  3 -1  0  2 -3 -3 -2  0 -1  5 -1 -1 -4  0  0    4   4   6   3   3  15   2   8   5   0   1   0   2   3  30   3   3   0   4   7  0.52 0.37
  276 H   -2  0  3  0 -4  3 -1 -2  2 -3 -1 -2  0 -2  4  0 -1 -4  0 -2    2   4  15   4   0  16   2   2   7   0   8   0   3   2  21   7   2   0   3   3  0.44 0.34
  277 M   -1  0  0 -1  0  2 -2  1  0 -2 -1 -2  3 -1  4 -1 -2  0  1 -2    5   4   6   4   2  11   0  11   2   2   5   0  10   2  21   4   1   2   7   2  0.32 0.29
  278 G    0  0  2 -2 -3  1 -1  3 -1 -3 -3 -1  1 -2  2  1  0 -3  1 -3    8   5   9   0   0   8   2  23   1   0   1   2   5   2  11  10   7   0   5   0  0.32 0.28
  279 Q   -1  0  1  0 -4  3 -2  2  0 -3 -2 -1  0 -2  2  0  1 -1  2 -2    4   6   7   4   0  17   0  15   2   0   2   1   2   1  11   6  10   1   8   3  0.27 0.28
  280 N   -2  1  4 -1 -4  1 -1  2  1 -3 -3 -2  2 -1  1  0 -1 -3  1 -3    2   8  25   1   0   8   2  15   3   0   1   0   8   3   8   5   2   0   6   2  0.42 0.35
  281 Y    0 -1  0  1 -2  3 -1  1  1 -3 -2 -1  0  0  1 -1 -1  0  4 -2    8   2   3   8   1  15   3  10   4   0   3   3   3   3   8   3   2   1  18   1  0.27 0.27
  282 G    0  1  1  0  1  1  0  3  1 -3 -3  0 -3 -3  2  0 -2 -3  0 -3    6   8   7   4   5   8   4  24   4   0   0   6   0   0  13   5   0   0   4   0  0.31 0.20
  283 P    0  0  0  0 -3  1  0  2  1 -1 -3 -2 -2 -2  3  0 -1 -2  3 -1    6   5   4   4   0   7   4  16   4   5   0   0   0   0  16   8   4   0  14   4  0.25 0.21
  284 P   -1  0  0 -3 -5  3 -3 -1  3 -5 -4 -3  1 -1  5 -1 -3 -1  1 -4    6   5   6   0   0  17   0   5   7   0   0   0   3   2  39   3   0   1   5   0  0.92 0.53
  285 P   -1  0  0 -1 -4  4 -1 -1  0 -2 -4  0  2 -4  5 -1 -3 -4 -1 -2    5   5   5   2   0  20   2   4   2   2   0   5   6   0  33   3   0   0   3   2  0.71 0.44
  286 P   -1 -2  1 -1 -4  4 -1 -1  1 -4 -3 -2 -4 -5  5 -1  0 -5 -1 -4    5   1   7   3   0  25   2   3   4   0   2   0   0   0  36   3   5   0   2   0  0.92 0.52
  287 N    0 -1  2 -2 -3  2 -1  0 -1 -3 -3 -2 -2  0  4  1  0 -3  3 -2    9   2  12   0   0   9   2   7   1   0   0   1   1   3  21  12   4   0  12   3  0.39 0.31
  288 N   -1 -2  4  1 -3  0 -1  1 -1 -3 -3 -1 -1 -2  2  0  1 -3  2 -2    5   0  23   8   0   5   2  11   1   0   2   2   2   1  12   6  10   0   8   2  0.34 0.28
  289 M    0 -1  0 -2 -4  4 -2  1  1 -3 -1 -2  2  0  2 -1 -1 -2  4 -2    7   2   4   1   0  22   0  11   3   0   5   0   8   3  10   2   2   0  16   3  0.37 0.34
  290 G    0 -1  1 -1 -3  2 -1  4 -1 -4 -4 -1 -2 -2  1  1  0 -3  0 -2    8   4   7   2   0  10   2  33   1   0   0   3   1   1   7  11   4   0   3   2  0.38 0.28
  291 G   -1 -1  0 -1 -4  3  0  4 -1 -4 -4 -1  0 -2  2 -1 -2 -4  1 -4    5   2   4   3   0  19   5  33   1   0   0   2   2   1  11   3   2   0   6   0  0.53 0.37
  292 P    0  0  1 -1 -4  1 -1  1  3 -4 -3 -2  1 -2  4 -1 -1 -4  1 -3    8   5   6   2   0   9   2  13   8   0   0   1   5   1  26   4   2   0   6   1  0.48 0.33
  293 R   -1  0  2 -1 -4  2 -2  2  1 -4 -4 -2 -1 -3  4 -1 -1 -4  1 -1    4   7  10   3   0  10   0  15   4   0   0   0   1   0  28   4   2   0   7   5  0.54 0.36
  294 H   -1  1  1 -1 -4  3 -1  1  2 -4 -4 -2 -1 -3  5 -2  0 -4  2 -4    3   7   7   3   0  15   2  13   4   0   0   0   2   0  30   2   5   0   7   0  0.64 0.40
  295 P   -1  0 -2 -1 -4  3 -2  1 -1 -4 -3 -1  2 -2  5  0 -2 -3  2 -3    3   4   1   3   0  14   1  10   1   0   1   3   7   2  30   8   1   0   9   1  0.59 0.39
  296 P    0  0  1 -1 -4  2 -1  1  0 -4 -4 -2  0 -3  5 -1  0 -4  2 -3    6   4   9   2   0  10   3  11   2   0   0   0   3   0  33   4   4   0   7   0  0.63 0.39
  297 P   -1 -1  2 -1 -3  1 -1  0  0 -1 -2 -2  1  0  4  0  0 -3  2 -2    2   4  10   2   0   9   3   8   2   5   3   0   5   4  21   5   7   0   8   2  0.29 0.24
  298 Y   -1  0 -1 -3 -3  2  0  1  1 -3 -1 -1  1  0  3 -1 -1 -2  4 -2    5   5   2   0   0  11   5  11   3   0   6   2   4   2  14   2   3   0  23   2  0.35 0.30
  299 G   -1  1  1 -1 -3  2 -1  3  1 -3 -3 -2  1 -2  2  0  0 -3 -1 -3    3   8   8   3   0  10   4  30   4   0   1   0   5   2  11   4   5   0   2   0  0.38 0.28
  300 A    0  0  1  1 -3  2 -1  2  0 -3 -3 -2 -3  1  3 -1 -1 -3  1 -1    6   4   8   7   0  12   3  19   2   0   0   0   0   7  16   2   4   0   5   4  0.30 0.25
  301 P    0  0  2  0 -4  0 -2  1  1 -4 -4 -2  0 -2  5  0 -2 -4 -1 -2    7   4  12   4   0   5   2  10   4   0   0   0   3   1  32   9   2   0   2   3  0.57 0.36
  302 P   -2 -1 -1 -1 -5  2 -3 -1  2 -3 -3 -2 -2 -1  6 -1 -3 -1  3 -2    3   3   2   3   0   9   0   5   4   1   2   1   1   2  43   3   0   1  14   3  0.95 0.53
  303 Q   -1 -3  2 -1 -4  3 -1  0  2 -2 -4 -2 -4 -4  5  0 -1 -4  1 -4    3   0  12   3   0  18   3   8   5   2   0   1   0   0  30   5   3   0   5   0  0.71 0.45
  304 N   -1 -1  3  1 -4  4 -1  0  2 -4 -4 -1  0 -3  2  0 -2 -4  2 -1    5   3  14   6   0  23   2   6   6   0   0   1   3   0  12   5   0   0   8   5  0.43 0.36
  305 N    1  1  3  0 -4  3  0  2 -2 -3 -4 -1 -2 -2  2 -1 -1 -3  1 -2   11   7  16   4   0  15   4  15   0   1   0   2   1   2  11   3   2   0   5   2  0.32 0.27
  306 M   -1  0  0 -2 -4  3 -1  1  2 -4 -4 -2  1 -2  1  0  1  0  5 -4    3   4   5   2   0  16   3  13   4   0   0   0   4   0   7   6   8   1  24   0  0.47 0.39
  307 G   -1  0  0 -2 -4  2 -1  4 -1 -4 -2 -2  0 -1  0 -1 -2  1  0 -3    2   6   5   2   0  10   3  44   1   0   4   2   2   2   4   4   2   2   3   2  0.53 0.35
  308 G    0 -1  1 -2 -4  1 -1  3 -1 -2 -4 -1 -3 -1  3  0 -1 -3  1 -2    9   3   7   0   0   7   4  31   1   2   0   3   0   2  14   5   2   0   5   2  0.41 0.30
  309 P    0  1  0 -1 -4  1  0  1  0 -4 -4 -1 -4 -2  5 -1 -2 -4  2 -4    7   7   5   2   0   6   4  12   3   0   1   3   0   2  35   4   2   0   7   0  0.67 0.39
  310 R   -1 -1  2 -1 -4  2 -2  1  1 -2 -2 -2  0 -1  4 -1 -2 -4  1 -2    4   2  10   3   0  12   0  13   3   2   3   2   2   3  27   4   1   0   6   2  0.46 0.33
  311 P   -1  0  0 -1 -5  0 -3  0 -4 -4 -2 -3  0  1  6 -2 -1 -4  0 -4    6   7   4   3   0   4   0   8   0   0   3   0   3   6  47   2   3   0   4   0  0.98 0.54
  312 P   -2 -4  1 -1 -5  2 -3 -1  1 -3 -4 -1 -1 -4  6 -2 -2 -5  2 -3    2   0   8   4   0  12   0   4   4   2   1   2   2   0  48   1   2   0   7   1  1.09 0.57
  313 Q   -2 -2  2  0 -4  4  0  2  0 -5 -4 -2 -3 -4  3  1 -1  1  2 -4    1   0   9   5   0  28   4  15   2   0   0   0   0   0  14   9   2   2   7   0  0.58 0.43
  314 N   -1 -1  4  0 -4  1 -2  3  1 -4 -3 -2 -3  0  2 -1 -1 -4  0 -3    5   3  22   4   0   7   0  28   3   0   2   2   0   4  10   2   3   0   3   1  0.47 0.33
  315 Y   -2  1  1 -3 -4  4 -1 -2  1 -4 -3 -2  0  0  1 -2 -3 -1  6 -2    3   9   7   0   0  20   3   3   3   0   2   0   2   3   7   1   0   1  34   3  0.75 0.49
  316 G   -2  1 -1 -1 -4  3 -2  4  0 -4 -3 -2  1 -2  0  0 -1  1 -1 -3    1   7   2   4   0  15   1  41   2   0   2   0   5   2   4   6   2   2   2   1  0.55 0.38
  317 G    0 -1  3 -1 -4  3 -1  4  1 -3 -4 -1 -3 -4  0  0 -1 -4  0 -4    8   3  14   1   0  15   2  31   4   2   0   1   0   0   5   6   2   0   4   0  0.49 0.34
  318 T    1  0  0 -1 -3  1 -1  1  0 -3 -3 -2  0 -2  4  1 -1 -3  2 -3   12   4   4   3   0   8   2   9   2   1   0   1   3   1  23  11   3   0  11   0  0.39 0.30
  319 P    0 -1 -1 -4 -5  1 -2 -1 -4 -5 -5 -3 -1 -5  7 -1 -1 -5 -1 -2    7   4   3   0   0   8   2   6   0   0   0   0   1   0  56   3   3   0   2   3  1.32 0.64
  320 P   -2  1 -1 -4 -5  1 -2  0  0 -5 -4 -3  1 -5  7 -2 -1 -5 -5 -3    3   7   3   0   0   6   2   9   2   0   1   0   4   0  56   1   3   0   0   1  1.33 0.63
  321 P   -1 -1  1 -3 -4  2 -2  2  1 -4 -3 -2  0 -4  5  1 -3 -4 -1 -3    3   3   7   0   0  11   2  15   3   0   2   0   3   0  35  10   0   0   2   2  0.73 0.43
  322 N    0 -2  4  0 -4  3 -1  2  0 -4 -4 -1 -1 -1  2 -1 -1 -4 -2 -3    7   0  24   3   0  18   3  15   2   0   0   2   1   3  12   2   3   0   1   2  0.47 0.35
  323 Y    0 -1 -1 -4 -5  1 -2  0 -1 -4 -3 -3  2  0  0 -2 -2  2  7 -4    7   3   3   0   0   7   2   7   1   0   2   0   6   1   6   1   3   3  47   0  0.95 0.57
  324 G   -1 -1  1 -1 -4  4 -1  4  1 -4 -4 -2 -2 -2  0 -1 -3  0  1 -3    2   3   8   3   0  23   2  34   3   0   0   0   1   1   5   4   0   1   5   2  0.56 0.40
  325 G    0  0  1 -2 -4  3 -1  3  1 -4 -4 -2 -3 -3  1  0 -2 -3  1 -3    8   6   7   1   0  19   2  30   3   0   0   0   0   0   8   4   1   0   7   1  0.47 0.35
  326 A    1  0  0 -1 -3  0 -2  2  0 -3 -3 -2  1 -1  4  0 -1 -3  1 -1   13   5   5   2   0   4   0  18   3   0   0   0   4   2  25   5   4   0   6   4  0.42 0.30
  327 P   -2 -4  0 -2 -5  2 -3  0 -2 -2 -4 -3 -2 -2  7 -2 -3 -5  0 -1    2   0   4   1   0  10   0   8   1   2   0   0   1   2  56   3   0   0   4   5  1.31 0.63
  328 P    0 -2  1  0 -4  3 -1  1 -3 -3 -4 -2 -4 -1  6 -1 -1 -4 -2 -4    6   2   7   4   0  14   2  11   0   1   1   0   0   2  40   4   2   0   2   0  0.84 0.46
  329 A    0 -3  0 -3 -4  2 -2  1 -1 -2 -4 -2  1 -2  5  0 -3 -4 -1 -3    6   0   4   0   0  13   2  13   2   3   0   1   5   1  37   8   0   0   2   0  0.78 0.46
  330 N    0 -1  3  0 -3  2 -2  1  2 -3 -3 -2 -3 -1  2  0 -1  1  2 -2    8   3  17   3   0  12   0  13   5   0   1   0   0   3  12   5   3   2   9   3  0.30 0.26
  331 N   -2 -1  3  0 -4  2 -1  3  0 -3 -4 -1 -1 -3  0  0 -1 -3  1 -2    1   3  21   6   0  11   2  24   2   1   1   2   2   0   5   8   3   0   7   2  0.39 0.30
  332 M   -2  0 -1 -2 -1  4 -2  2 -1 -2 -3 -3  2  1 -2 -2 -3 -2  6 -2    2   4   2   2   1  21   0  15   1   1   1   0   6   4   2   2   0   0  31   2  0.67 0.46
  333 G   -1  0  1 -1 -4  1 -1  4 -1 -4 -3 -2 -1 -1  1  0 -1 -2 -1 -2    4   6   8   2   0   6   3  43   1   0   3   0   1   2   7   7   3   1   2   2  0.49 0.32
  334 G    0 -2  2 -2 -4  4 -2  3 -1 -4 -4 -1 -3 -3  1  1 -1 -3  1 -4    5   1  13   0   0  21   0  26   1   0   1   1   0   0   9  10   2   0   7   0  0.54 0.38
  335 A    0 -1  0 -1 -4  0 -1  0  0 -3 -3 -1  1  0  5  1 -1 -3  2 -3    7   2   5   2   0   5   3   9   2   0   2   2   4   3  34   9   2   0   7   0  0.57 0.34
  336 P   -2 -2 -1 -3 -4  0 -3  0  3 -4 -3 -3 -2 -2  7 -2 -1 -4  0 -3    2   1   2   0   0   4   0   8   8   0   2   0   1   2  56   2   4   0   4   2  1.31 0.59
  337 P   -2 -2  1 -3 -5  2 -2 -1 -3 -4 -2 -3  2 -4  6 -1 -3 -5  0 -4    3   1   7   0   0  10   1   5   0   0   3   0   6   0  55   3   1   0   3   0  1.28 0.61
  338 P   -2 -2  2 -3 -4  3 -2  2 -1 -3 -4 -2 -4 -5  5  0  0  0 -4 -3    2   2  13   0   0  16   0  17   2   2   0   0   0   0  30   8   5   2   0   2  0.75 0.46
  339 N    0 -2  3  0 -3  2  0  2  0 -3 -2 -2 -1 -2  1  0  1 -3  1 -3    8   0  20   3   0  11   4  21   2   0   3   0   1   1   7   5   8   0   5   0  0.34 0.28
  340 Y   -1  1 -2 -4 -4  3 -1 -1 -2 -2 -3 -1  1 -1 -1 -2 -2  1  6 -3    4   9   1   0   0  18   2   6   0   1   1   2   3   0   4   3   1   1  40   1  0.82 0.52
  341 G    1  0  2 -1 -3  0 -1  4 -2 -3 -4 -1 -1 -3  1  0 -1 -3  0 -2   10   7  12   3   0   4   4  34   0   0   0   2   2   0   6   5   3   0   5   3  0.39 0.28
  342 G    0  0  1 -1 -3  3 -1  2  1 -3 -3 -1 -3 -1  2  0 -2  0  0 -3    7   6   6   3   0  18   3  20   4   2   2   2   0   2  13   5   1   1   4   0  0.32 0.26
  343 G    1 -2  0 -2 -3 -1 -2  3  0 -3 -3 -2  0  0  3  0 -1  1  0 -2   12   1   6   0   0   2   2  31   3   0   1   0   2   5  15   8   4   2   3   2  0.41 0.28
  344 P    1  0  1 -2 -3  0 -2  0  0 -4 -2 -1 -3 -4  6  1 -2 -4 -3 -3   14   4   7   2   0   4   1   6   3   1   3   4   0   0  41   9   1   0   0   1  0.81 0.41
  345 P   -1 -3  0 -3 -4  1 -3  0 -3 -3 -2 -3 -1 -1  6 -2 -1 -4 -1 -2    5   1   4   1   0   7   1   7   0   1   4   1   2   3  54   2   4   0   2   2  1.15 0.51
  346 P   -2 -3  2 -3 -4  1 -3  1 -2 -4 -3 -3 -3 -3  6  0 -1 -4 -1 -2    2   0  11   0   0   6   0  13   1   0   2   0   0   1  45   7   4   0   3   3  0.95 0.47
  347 Q    0 -2  2 -1 -4  4 -1  0  3 -3 -3  0 -1 -2  3  0 -1 -4 -1 -1    6   0  14   2   0  22   2   8   8   0   0   3   1   2  16   7   2   0   2   4  0.42 0.32
  348 Y   -1 -3  3 -3 -4  2 -2  1  2 -4 -2 -3  1  0  0 -1 -2 -2  5 -3    6   0  14   0   0  13   0  14   5   0   2   0   4   2   4   3   1   0  30   0  0.61 0.42
  349 G   -1  0  2 -1 -4  1  0  4  0 -4 -4 -2  0 -2  2 -1 -2 -3 -2 -3    3   5   9   2   0   8   5  40   3   0   1   0   4   2  11   4   0   0   2   1  0.55 0.33
  350 A    0  0  2 -1 -4  3 -2  3  0 -4 -4 -2 -2 -1  0  0 -2 -3  2 -3    9   4  11   2   0  21   0  27   2   0   1   0   1   3   4   4   0   0   9   1  0.45 0.34
  351 V    0  0  0 -2 -3  1 -2  3  0  0 -3 -2  1 -2  3  0 -1 -3  2  0    7   5   4   2   0   6   0  25   2   6   0   0   5   0  15   6   2   0   8   6  0.30 0.25
  352 P    0 -2 -1 -1 -5  1 -2  2  0 -5 -4 -3 -4 -5  6 -1 -3 -5 -1 -5    6   2   3   2   0   8   2  14   2   0   1   0   0   0  52   5   0   0   3   0  1.22 0.59
  353 P   -1 -3 -1 -3 -5  2 -3  0 -1 -5 -4 -3 -1  0  6  0 -1  0 -2 -4    4   1   3   1   0  11   0   7   1   0   0   0   2   4  51   8   4   1   1   0  1.15 0.57
  354 P   -1  0  1 -2 -4  1 -1  2  0 -3 -2 -2 -3 -2  5  0 -1 -4  1 -1    4   5   9   1   0   7   4  15   2   0   3   1   0   1  30   6   3   0   5   4  0.51 0.32
  355 Q    0 -2  2  1 -4  2 -1  2 -2 -2 -3 -1 -2 -2  3  0 -1 -3  1 -2    6   1  13   7   0  14   2  18   0   2   1   1   1   1  15   7   1   0   7   1  0.35 0.28
  356 Y    0 -1 -1 -2 -4  2 -2  1  2 -2 -2 -2  2  0  1  0 -1 -2  5 -3    7   4   2   1   0  12   0  12   5   1   1   0   7   3   7   6   4   0  25   0  0.39 0.33
  357 G   -1  1  2 -3 -4  1 -1  4 -3 -4 -3 -2 -1 -2  0 -2 -3 -1  2 -4    4   8  13   0   0   7   3  43   0   0   2   0   2   1   5   2   0   1   9   0  0.67 0.42
  358 G    0  0  1 -1 -4  3 -2  4 -1 -4 -3 -1 -3 -3  1  0 -1 -3  2 -4    6   6   6   2   0  16   0  35   1   0   2   2   0   0   7   7   2   0   8   0  0.49 0.35
  359 A    1 -1  0 -1 -4  2 -2  2 -3 -3 -3 -1  1 -2  4  0 -2 -4  0 -2   11   3   5   3   0  11   1  20   0   1   1   3   4   1  24   5   0   0   4   2  0.47 0.33
  360 P    1 -2 -2 -4 -4  0 -3  2 -1 -3 -3 -3  1 -5  6 -2 -2 -5 -2 -4   12   2   1   0   0   5   0  20   2   1   2   0   4   0  44   2   2   0   1   0  1.03 0.54
  361 P   -1 -2 -1 -2 -5  2 -3  1 -4 -4 -5 -2 -2 -5  6  0 -1 -5 -1 -2    5   2   2   2   0  10   0  12   0   0   0   1   1   0  51   5   3   0   2   3  1.15 0.57
  362 Q    0 -1  1 -1 -4  2 -1  2  2 -3 -4 -2 -1 -2  5  0 -2 -4  1 -3    6   2   8   2   0  11   2  15   7   1   0   0   2   1  29   5   1   0   6   1  0.59 0.37
  363 N    0 -1  2 -1 -2  3  1  0  1 -2 -3 -1  0 -3  2  0 -1 -3  0 -1    6   3  13   2   1  22   7   8   3   2   0   2   3   1  12   6   3   0   3   3  0.30 0.27
  364 N   -1 -1  2 -1 -3  2 -1  3  2 -2 -2 -1 -3 -1  2  0 -1 -3  2 -3    4   2  12   2   0  13   1  23   5   1   5   1   0   2   9   8   2   0   9   0  0.32 0.27
  365 N   -1  0  3 -2 -3  2 -1  2 -1 -2 -3 -1 -1 -2  1  1  0 -1  0 -2    4   6  18   0   0  11   2  21   1   2   1   3   2   2   8  11   4   1   3   2  0.30 0.25
  366 Y   -1  0  0  0 -4  2 -2  1 -2 -2 -2 -2  0  0  2 -1 -2  0  5 -2    3   7   4   6   0  12   0  11   0   2   2   0   3   4   9   3   2   1  28   1  0.43 0.34
  367 Q    0 -3  2  0 -4  2 -1  3  0 -4 -4 -2  0 -4  4  0 -1  0 -4 -3    5   0  10   4   0   9   2  25   3   0   0   1   3   0  25   7   3   1   0   1  0.60 0.36
  368 Q    1 -2  1 -3 -4  3 -2  0 -1 -3 -3 -2 -1 -2  5  1 -2  1  0 -2   13   1   6   0   0  17   0   8   2   1   2   0   1   1  29   9   0   2   3   3  0.57 0.38
  369 Q    0 -1  0 -3 -1  3 -2  3 -1 -4 -3 -2  1 -2  4 -2 -2 -4  0 -3    9   3   5   0   1  15   0  21   1   0   2   0   5   1  27   1   1   0   4   1  0.60 0.40
  370 G   -1 -2  0  0 -4  2  0  2  3 -4 -3 -2 -1 -4  4  0 -1 -4 -1 -4    5   2   4   5   0  13   4  17   9   0   1   0   2   0  26   7   4   0   2   0  0.56 0.35
  371 S    0 -2  0  0  1  3 -1  3 -2 -3 -3 -2 -2 -1  2  0 -1  0  0 -1    6   0   5   4   3  19   2  27   0   0   1   0   1   3  11   6   2   1   4   4  0.36 0.29
  372 G    0  0 -1 -3 -4  0 -3  4 -1 -2 -3 -1 -3 -1  1  1 -2  2  0 -3    7   6   1   0   0   5   0  43   1   2   2   2   0   3   8   9   0   3   4   1  0.55 0.34
  373 M    1 -1  2  0 -3  2 -1  0  1 -2 -2 -2  1 -2  1  1 -2  2  3 -3   10   3  13   3   0  13   2   8   3   1   2   0   5   0   7  15   0   3  12   0  0.25 0.26
  374 Q    0 -1 -1 -1 -3  3  0  2  0 -3 -2 -1  0 -2  2  0 -1 -3  2 -2    7   3   2   2   0  20   4  17   2   0   2   3   2   1  13   5   3   0  11   3  0.31 0.27
  375 Q    0 -2  1  0 -3  3 -1  1 -1 -2 -2 -1  1 -3  3 -1 -2 -3  2 -2   10   0   9   4   0  18   1  13   1   2   3   2   5   0  17   4   1   0   8   2  0.33 0.28
  376 P   -1 -2 -2 -2 -4  2 -2  1  1 -5 -5 -3 -4 -5  6  1 -2 -5  0 -3    5   1   1   1   0  13   1  13   3   0   0   0   0   0  45  10   2   0   3   2  1.03 0.53
  377 Q    0 -1  2  0 -4  3 -1  2 -1 -3 -3  0  0 -3  2  0 -1  1  0 -2    5   2  11   6   0  16   1  20   1   0   0   5   4   0  11   6   2   3   4   4  0.31 0.26
  378 Y   -2 -3  1  0 -4  2  0  0  1 -2 -2 -2 -1 -1  1 -1  0  4  4 -2    2   0   7   6   0  14   4   9   4   2   2   0   2   1   6   4   5   7  23   2  0.40 0.32
  379 Q   -1  0  1 -2 -4  5  0  2  0 -4 -2 -2  0 -4  0  1 -2 -4  0 -3    2   3   9   1   0  33   6  16   2   0   4   0   3   0   4  11   0   0   4   1  0.49 0.39
  380 N    0 -2  3  0 -3  2  0  2 -1 -2 -3 -1 -3 -3  1  1 -1 -3  2 -2    7   1  16   4   0  10   4  20   1   1   0   2   0   0   9   8   3   0  11   3  0.32 0.26
  381 N   -1 -2  3  0 -4  0 -1  3  0 -4 -4 -1 -3 -2  1  1  0 -4 -1 -2    3   1  20   3   0   5   2  30   2   0   0   2   0   2   8  13   4   0   2   4  0.47 0.32
  382 Y    0 -2 -1 -3 -4  3 -2 -1 -2 -1 -2 -1  0  0  2 -1 -2  3  5 -2   10   1   3   0   0  18   1   4   0   3   2   2   3   3  10   4   1   3  28   1  0.50 0.37
  383 P    0 -1 -1 -1 -4  2 -1  0  0 -4 -4 -3 -1 -5  6  1 -1 -5 -4 -4    8   4   3   2   0   9   2   6   2   0   0   0   1   0  50   9   3   0   0   0  1.10 0.52
  384 P   -1 -2 -1 -1 -5  3 -1 -4 -4 -5 -5 -3 -2 -5  7 -1 -3  1 -2 -3    5   2   2   3   0  15   4   0   0   0   0   0   1   0  61   3   0   2   1   1  1.58 0.68
  385 N    0 -2  2 -1 -4  2  0  3  0 -4 -4 -1 -1 -4  0  2 -1 -4 -1 -4    4   0  12   2   0  14   5  26   2   0   0   3   2   0   5  22   3   0   3   0  0.45 0.32
  386 R   -1  3  2 -2 -3  3 -1  0  1 -3 -2 -1  2 -3  1 -1 -1  2  1 -1    4  18  11   0   0  15   3   9   3   0   2   0   9   0   7   3   4   3   5   5  0.25 0.25
  387 D   -1 -1  3  3 -4  0 -1  3  0 -4 -4 -2 -3 -4  2  1 -1 -4  0 -4    3   3  18  20   0   4   2  22   2   0   0   0   0   0   9  11   2   0   4   0  0.49 0.30
  388 G    0 -1  1 -1 -3  1 -1  3 -1 -2 -2 -2  2  0  0  0 -2 -3  0 -3    9   2   8   3   0  10   3  30   1   2   2   0   9   4   5   9   0   0   4   0  0.29 0.24
  389 S    0  2 -2 -3 -4  3 -2  4 -2 -4 -3 -1 -3 -4  1  1 -2 -4 -1 -4    7  15   0   0   0  18   0  35   0   0   3   0   0   0   7  12   0   0   3   0  0.59 0.37
  390 G    1 -2  1 -2 -4 -3 -3  5 -3 -4 -4 -3 -2 -4  1 -2  0 -4 -2 -2   10   2   7   2   0   0   0  62   0   0   0   0   1   0   8   0   5   0   1   2  0.99 0.43
  391 N   -1  1  2  2 -4  3  0 -3  3 -2 -4  0 -3 -4  4 -1 -2 -4 -3 -3    5   7  14  14   0  19   2   0   8   2   0   4   0   0  23   3   0   0   0   0  0.60 0.31
  392 P   -2  0  1 -1 -4 -1 -1  0 -3 -2 -4 -2  0  0  7 -2 -3 -5 -4 -3    0   5   9   3   0   3   2   7   0   3   0   0   4   4  59   2   0   0   0   0  1.26 0.42
  393 Y   -2 -2 -2 -3 -3  2 -1 -3 -1 -3 -2 -2 -2 -1  3  1  0 -1  6 -1    0   0   0   0   0  14   3   0   0   0   3   0   0   0  16  16   6   0  37   5  0.65 0.34
  394 Q   -2  0  1 -2  2  5  0  0  0 -3 -3  0 -2 -4  1  1 -1 -3 -1 -2    0   4   6   0   5  50   0   7   2   0   0   3   0   0   6   9   3   0   3   3  0.58 0.31
  395 G    0 -4 -2 -3 -4 -3 -3  6 -3 -5 -5 -3 -4 -4 -3 -2 -3 -4 -4 -4    5   0   0   0   0   0   0  95   0   0   0   0   0   0   0   0   0   0   0   0  1.66 0.37

                      K         Lambda
Standard Ungapped    0.1356     0.3121
Standard Gapped      0.0330     0.2670
PSI Ungapped         0.1077     0.2903
PSI Gapped           0.0330     0.2670
