
Last position-specific scoring matrix computed, weighted observed percentages rounded down, information per position, and relative weight of gapless real matches to pseudocounts
           A  R  N  D  C  Q  E  G  H  I  L  K  M  F  P  S  T  W  Y  V   A   R   N   D   C   Q   E   G   H   I   L   K   M   F   P   S   T   W   Y   V
    1 M   -1 -2 -3 -4 -2 -1 -3 -3 -2  1  2 -2  8  0 -3 -2 -1 -2 -1  0    0   0   0   0   0   0   0   0   0   0   0   0 100   0   0   0   0   0   0   0  0.69 0.09
    2 A    4 -2 -2 -2 -1 -1 -1  0 -2 -2 -2 -1 -1 -3 -1  1  1 -3 -2  0   91   0   0   0   0   0   0   0   0   0   0   0   0   0   0   0   9   0   0   0  0.47 0.05
    3 I   -1 -2 -2 -2 -2 -2 -2 -2 -2  4  0 -2  0  1 -2  2  0 -3 -1  1    0   0   0   0   0   0   0   0   0  57   0   0   0   7   0  36   0   0   0   0  0.24 0.06
    4 S    0 -1  0  0  2 -1 -1 -1  3 -2 -1 -1 -1  0 -2  3  1 -2  2 -2    0   0   0   5   6   0   0   0  14   0   4   0   0   4   0  50   8   0   8   0  0.27 0.06
    5 K   -2  4 -1 -2 -4  1  0 -2  1 -3 -2  5 -2 -3 -2 -1 -1 -3 -2 -3    0  30   0   0   0   0   0   0   3   0   4  63   0   0   0   0   0   0   0   0  0.65 0.11
    6 L   -1 -3 -3 -4 -2 -3 -3  0 -3  2  3 -3  2  2 -3 -2 -2 -2 -1  0    3   0   0   0   0   0   0  11   0  12  54   0   7  13   0   0   0   0   0   0  0.31 0.06
    7 H    0 -1  1 -1 -2 -1 -1 -2  5 -2 -2 -1 -2 -1  1  3  0 -3 -1  0    3   0   5   0   0   0   0   0  24   0   0   0   0   3   7  49   0   0   0   9  0.36 0.10
    8 L    0 -3 -4 -4 -2 -3 -3 -4 -3  1  4 -3  1  0 -3 -2 -1 -2 -2  1    7   0   0   0   0   0   0   0   0   0  82   0   0   3   0   0   3   0   0   6  0.53 0.11
    9 L   -2 -3 -3 -4  0 -3 -3 -4 -2  2  3 -3  1  2 -3 -1 -1 -1  2  2    0   0   0   0   2   0   0   0   0  11  45   0   0  13   0   5   0   0   7  17  0.33 0.08
   10 F    0 -3 -4 -4  4 -3 -4 -3 -3  0  2 -3  0  5 -4 -2 -2 -1  1  0   10   0   0   0  15   0   0   0   0   0  26   0   0  44   0   0   0   0   0   6  0.50 0.11
   11 L   -1 -3 -4 -4 -2 -3 -3 -4 -3  1  3 -3  1  3 -1 -2 -2 -1  1  1    2   0   0   0   0   0   0   0   0   6  52   0   0  19   2   2   0   0   5  12  0.37 0.09
   12 L    0 -2 -3 -3 -2  0 -3 -3  0  2  4 -2  1  1 -3 -2 -1 -2 -1  1    7   0   0   0   0   5   0   0   3  14  58   0   0   5   0   2   0   0   0   5  0.33 0.09
   13 S    2 -2 -1 -2  0  1 -1 -2  1  0  0 -1 -1  1 -2  2  0 -2  0  0   22   0   0   0   2   7   0   0   5   4  12   0   0   8   0  31   0   0   2   8  0.14 0.07
   14 V    1 -2 -2 -2 -1  0 -2 -2 -2  3  1 -2  0 -1 -2  1  0 -3 -2  2   12   0   0   0   0   6   0   0   0  29  15   0   0   0   0  14   5   0   0  16  0.16 0.06
   15 F    1 -3 -3 -3  0 -2 -3 -3 -2  1  1 -3  2  5 -3 -2 -2 -1  1  1   17   0   0   0   2   0   0   0   0   5  15   0   7  42   0   0   0   0   0   9  0.34 0.09
   16 L    0 -2 -2 -3  2 -2 -2 -3 -3  1  3 -2  1  2 -3  1 -1 -2 -1  0    7   0   0   0   6   0   0   0   0  10  45   0   0  11   0  15   0   0   0   3  0.22 0.08
   17 S    0 -2 -1 -2  1 -1 -1 -2 -2  0  1 -1  0  3 -2  3  0 -2  0 -1    7   1   1   1   3   1   1   1   0   7  16   1   0  18   1  38   1   0   0   1  0.17 0.08
   18 L   -2 -2  0 -2 -2 -2 -2 -3  1  1  3 -2  1  3 -3 -1 -1 -2  0  0    1   1   7   1   0   0   1   1   5   6  51   1   0  15   1   8   1   0   0   1  0.24 0.08
   19 H   -1 -1  1 -1 -3 -1 -1 -2  7 -2 -1  0 -1  0 -2  1 -1 -2  1 -2    1   1   6   1   0   0   1   1  43   1   9   7   0   5   1  19   1   0   4   1  0.47 0.12
   20 P   -1  1  0  0 -3 -1 -1 -2  3 -3 -1 -1 -2 -3  5  1  0 -3 -2 -2    0  13   4   7   0   0   0   0  13   0   8   0   0   0  34  16   4   0   0   0  0.55 0.10
   21 L   -1 -2 -2 -2  4 -1 -1 -3 -2  1  2 -2  0 -1  2  0  0 -2 -2  1    1   0   0   1  12   2   6   1   0   7  33   1   0   0  10   7   3   0   0  15  0.20 0.06
   22 V    1 -2 -3 -3 -2 -1 -1 -2 -2  1 -1 -1  0 -1  1 -1 -1 -2  1  4   18   0   0   0   0   3   2   0   0   3   1   4   0   0   8   0   0   0   6  52  0.25 0.10
   23 L   -1  1 -2 -3  4 -1 -2 -3  1  1  2  0  0  0 -3  0 -1 -2 -1  0    0  10   0   0  16   0   0   0   6   6  32   5   0   5   0   8   0   0   0   8  0.17 0.06
   24 S    1 -2 -1  1  5 -1 -1  0 -2 -2 -1 -1 -2 -3  1  3  0 -3 -3 -2   11   0   0   9  17   0   0   5   0   0  10   3   0   0   7  37   0   0   0   0  0.30 0.10
   25 D   -2 -2  3  5 -3  1  0 -1 -1 -3 -3 -1 -2 -3 -2  1 -1 -3  0 -1    0   0  18  45   0  10   0   3   0   0   0   0   0   0   0  11   0   0   5   7  0.49 0.11
   26 T    0  0 -1 -1  4  0 -1  1 -2 -1  0 -1 -1 -2 -1  1  1 -2 -2  0    2   5   1   3  14   4   3  16   0   1  14   1   0   1   1  11  16   0   1   6  0.12 0.04
   27 A    1 -1  1  0  1  0  0  2  1 -2 -2  0 -2 -2 -1  1  0 -2 -2 -2   15   1   9   5   5   4   4  20   5   1   2   8   0   1   1  16   1   0   1   1  0.18 0.04
   28 D   -2 -1  1  6 -4 -1  2  0 -2 -4 -4 -1 -4 -4 -2 -1 -2 -4 -4 -4    3   3   4  71   0   0  10   7   0   0   0   0   0   0   0   0   0   0   0   0  0.97 0.18
   29 E   -1 -1  0  1 -3  1  5 -1 -1 -3 -3  2 -2 -3  0  0 -1 -3 -3 -1    3   0   3   6   0   2  53   5   0   0   1  15   0   0   3   3   0   0   0   5  0.49 0.12
   30 E   -2 -1 -1  2 -4  2  6 -3 -1 -4 -2  0 -1 -4 -2 -1 -2 -4 -3 -3    0   0   0   7   0   6  75   0   0   0   3   4   2   0   0   0   0   0   0   0  0.95 0.22
   31 D   -2 -2  2  6 -4 -1  1 -1  0 -4 -3  0 -3 -4 -2  0 -1 -4 -3 -3    0   0   9  65   0   0   3   3   3   0   3   6   0   0   0   4   2   0   0   0  0.84 0.18
   32 V   -1 -1  3  3 -2  1  0 -2  0 -1 -1  0 -1 -3 -2  1  0 -3 -2 -1    2   1  18  26   0   7   3   1   3   6   6   7   0   0   1  11   6   0   0   3  0.24 0.07
   33 L   -2 -3 -4 -5 -2 -3 -4 -5 -4  2  5 -4  1  0 -4 -3 -2 -3 -2  2    0   0   0   0   0   0   0   0   0   8  78   0   0   2   0   0   0   0   0  12  0.75 0.18
   34 L   -3 -2 -4 -5 -3 -3 -4 -5 -1  1  4 -3  1  4 -4 -3 -2 -1  2  0    0   1   0   0   0   0   0   0   1   3  65   0   0  23   0   0   0   0   7   0  0.69 0.18
   35 T   -1  1  1 -1 -3  4  1 -2  3 -3 -3  3 -2 -3 -2  0  1 -3 -2 -2    0   3   6   0   0  27   8   0  11   0   0  24   0   0   0   5  12   0   0   3  0.42 0.13
   36 G    0 -3  1  2  0 -2 -2  5 -2 -3 -4 -2 -3 -4 -3  0 -2 -4 -4 -2    8   0   9  15   3   0   0  55   0   0   0   0   0   0   0   5   0   0   0   5  0.66 0.15
   37 I   -2 -4 -4 -4 -2 -4 -4 -5 -4  6  2 -4  2  1 -4 -4 -2 -3 -2  1    0   0   0   0   0   0   0   0   0  69  20   0   5   5   0   0   0   0   0   1  0.78 0.20
   38 N   -3 -2  8  0 -4 -2 -2 -2 -1 -5 -5 -2 -4 -5 -4 -1 -2 -6 -4 -5    0   0 100   0   0   0   0   0   0   0   0   0   0   0   0   0   0   0   0   0  1.79 0.34
   39 S    1 -1  1 -1 -2  0  0 -1 -2  0 -2  0  1 -3 -2  3  1 -4 -2 -1    8   0   7   1   0   4   6   1   0   8   0   7   5   0   0  44   7   0   0   4  0.26 0.12
   40 Y   -3 -3 -4 -5 -4 -3 -4 -5  2 -3 -3 -4 -3  3 -5 -3 -3  1  9 -3    0   0   0   0   0   0   0   0   5   0   0   0   0  10   0   0   0   0  86   0  1.79 0.33
   41 R   -3  7 -2 -3 -5  0 -2 -4 -2 -5 -4  2 -3 -4 -4 -2 -3 -4 -3 -4    0  96   0   0   0   0   0   0   0   0   0   4   0   0   0   0   0   0   0   0  1.61 0.31
   42 A    1  0 -1 -1 -2  3  1 -1  0 -2 -1  1 -1 -3 -2  1  2 -3 -2 -2   15   3   0   0   0  19   9   1   1   0   5  12   0   0   0  14  22   0   0   0  0.27 0.10
   43 S    1 -2  0 -2 -2 -1 -2 -1 -2 -2 -3 -1 -2 -1 -2  4  2 -3  0  0    8   0   3   0   0   0   0   2   0   0   0   0   0   2   0  58  14   0   3  10  0.46 0.17
   44 L   -2  0 -3 -3 -3  2 -2 -4 -1  0  4  1  0  0 -3 -2 -2  3 -2  0    0   5   0   0   0  13   0   0   2   1  60  10   0   1   0   0   0   4   0   4  0.39 0.15
   45 N   -2 -1  6  1 -4  0  0  1 -1 -4 -4  2 -3 -4 -3  0 -1 -4 -3 -4    0   1  56   6   0   1   5  10   0   0   0  13   0   0   0   6   2   0   0   0  0.70 0.18
   46 L   -1 -3 -4 -4 -2 -3 -4 -4 -4  2  5 -3  1 -1 -3 -3 -2 -3 -2  1    4   0   0   0   0   0   0   0   0   6  76   0   0   0   0   0   0   0   0  11  0.66 0.17
   47 T    0 -2 -2 -2 -3 -2 -2 -3 -3 -3 -3  0 -3 -4  6  1  3 -4 -3 -2    6   0   0   0   0   0   0   0   0   0   0   4   0   0  52   8  25   0   0   2  1.08 0.19
   48 T    3 -1  0 -2 -2 -1 -1 -2 -2  1 -1 -1 -1 -2  3  0  1 -3 -2  1   37   3   4   0   0   0   4   0   0  10   4   0   0   0  16   4   9   0   0   9  0.27 0.09
   49 L   -2 -3 -4 -4 -2 -3 -4 -4 -4  0  5 -3  2  2 -4 -3 -2 -2 -1  0    0   0   0   0   0   0   0   0   0   0  84   0   5   7   0   0   0   0   0   0  0.81 0.19
   50 I    0 -1  1  0 -2 -1  0 -1 -2  0 -2  0 -1 -3 -2  2  3 -3 -2  1    4   1  10   4   0   0   8   3   0   6   0   4   0   0   0  16  28   0   0  15  0.19 0.08
   51 H   -2  2 -1 -1 -4  1  2 -3  0 -4 -4  5 -2 -4  0 -1 -1 -4 -1 -3    0   7   0   0   0   4  18   0   2   0   0  60   0   0   3   0   3   0   3   0  0.68 0.18
   52 N   -3 -2  7  0 -4 -1 -2 -2  1 -4 -5 -2 -3 -4 -3  0  0 -5 -3 -2    0   0  86   0   0   2   0   0   3   0   0   0   0   0   0   2   3   0   0   4  1.32 0.28
   53 H    0  0  0  3 -3  0  2 -1 -1 -3 -3  2 -2 -3  0  1  0 -3  0 -3    7   3   0  19   0   0  20   2   1   0   0  22   0   0   3  15   2   0   5   0  0.33 0.10
   54 N   -2  0  5  0 -4 -1 -1  1 -1 -4 -4  4 -3 -4 -3 -1 -2 -5 -3 -4    0   0  43   3   0   0   0   9   0   0   0  44   0   0   0   0   0   0   0   0  0.79 0.21
   55 A    6 -3 -3 -3 -2 -2 -2 -1 -3 -3 -3 -2 -2 -4  0  0 -1 -4 -3 -2   95   0   0   0   0   0   0   0   0   0   0   0   0   0   3   0   2   0   0   0  1.03 0.27
   56 E    0  0  1  3 -3  0  2  1  0 -3 -3  0 -3 -4 -2  2  0 -4 -3 -3    7   4   5  22   0   0  20   9   2   0   0   3   0   0   0  21   6   0   0   0  0.35 0.10
   57 C   -2 -5 -5 -6 11 -5 -6 -5 -5 -3 -3 -5 -3 -4 -5 -3 -3 -4 -4 -3    0   0   0   0 100   0   0   0   0   0   0   0   0   0   0   0   0   0   0   0  2.86 0.41
   58 L   -2 -3 -4 -5 -2 -3 -4 -5 -4  1  5 -4  1  2 -4 -3 -2 -2 -1  1    0   0   0   0   0   0   0   0   0   5  75   0   0  10   0   0   0   0   0  10  0.72 0.18
   59 A    6 -3 -3 -3 -2 -2 -2 -1 -3 -2 -3 -2 -2 -4 -2  0 -1 -4 -3  0   95   0   0   0   0   0   0   0   0   0   0   0   0   0   0   0   0   0   0   5  1.02 0.27
   60 D   -2  1  2  5 -4  0  3  0 -2 -2 -4  1 -3 -4 -2 -1 -2 -5 -3 -3    0   6  10  45   0   0  22   5   0   3   0  10   0   0   0   0   0   0   0   0  0.65 0.15
   61 E   -2  1  0  0 -5  3  5 -3 -1 -4 -4  3 -3 -4 -2 -1 -2 -4 -3 -4    0   3   4   0   0  18  55   0   0   0   0  19   0   0   0   0   0   0   0   0  0.83 0.20
   62 I   -2 -4 -4 -4 -2 -3 -4 -5 -4  5  2 -4  2  0 -4 -3 -2 -3 -2  3    0   0   0   0   0   0   0   0   0  53  20   0   5   3   0   0   0   0   0  18  0.63 0.16
   63 A    6 -3 -3 -3 -2 -2 -2 -1 -3 -2 -2 -2 -2 -3 -2  0 -1 -4 -3  1   86   0   0   0   0   0   0   0   0   0   0   0   0   0   0   3   0   0   0  11  0.85 0.24
   64 D   -1  0  1  5 -4  0  2 -1 -1 -3 -3  0 -3 -2 -3 -1 -2  3  1 -2    4   7   4  44   0   2  16   4   0   0   0   4   0   0   0   0   0   5   7   3  0.52 0.14
   65 Q   -2  0  0  3 -4  4  3 -3  1 -4 -4  2 -2 -4 -2 -1  0 -4 -3 -3    0   2   2  21   0  34  20   0   3   0   0  14   0   0   0   0   4   0   0   0  0.61 0.16
   66 F   -2 -4 -4 -5 -3 -4 -4 -4 -3  2  4 -4  0  5 -4 -3 -2 -1  0  0    3   0   0   0   0   0   0   0   0   9  49   0   0  39   0   0   0   0   0   0  0.71 0.18
   67 K   -2  1  0  1 -4  2  4 -1 -1 -4 -3  3 -2 -4 -2 -1 -1 -3 -3 -3    0   6   3   7   0  12  34   3   0   0   0  31   0   0   0   0   0   0   0   0  0.54 0.13
   68 N   -2 -2  4  5 -4 -1  0  1  3 -4 -4  0 -3 -4 -2 -1 -2 -4 -2 -4    1   0  23  42   0   0   0  13  10   0   1   6   0   0   0   1   0   0   0   0  0.64 0.14
   69 Q   -2  0 -1 -1 -3  6  1 -3  0 -3 -1  2  2 -3 -2 -1  1 -3 -2 -2    0   0   0   0   0  55   7   0   2   0   5  11   7   0   0   0   9   0   0   0  0.65 0.19
   70 P   -2 -2 -3 -2 -4  0  0 -3  2 -4 -4  0 -3 -4  7 -1 -2 -4 -3 -4    0   0   0   0   0   3   6   0   7   0   0   4   0   0  74   3   0   0   0   0  1.68 0.25
   71 C   -2 -5 -4 -5 11 -4 -5 -4 -5 -3 -1 -5 -3 -4 -4 -3 -2 -4 -4 -2    0   0   0   0  91   0   0   0   0   0   6   0   0   0   0   0   0   0   0   0  2.40 0.36
   72 T    0 -2  1  0 -2 -1  2 -2 -2 -2 -3 -1 -2 -3 -1  2  4 -3 -3 -1    4   0   6   4   0   0  15   0   0   0   0   0   0   0   2  20  45   0   0   2  0.44 0.15
   73 N   -1 -1  5  1 -3 -1  1 -2  1 -1 -3 -1 -2 -3 -2  1 -1 -3 -1 -1    2   0  49   7   0   0   9   0   3   6   1   0   0   0   0  14   0   0   3   4  0.50 0.14
   74 T    1 -1 -1 -1 -2 -1 -2 -2 -2 -1 -2 -2 -1  2 -1  1  4 -2 -1  0   15   2   0   3   0   3   0   0   0   0   1   0   0  11   2   5  49   0   0   8  0.35 0.14
   75 T    0  0  1  0 -2 -1  0 -2  2 -2 -2 -1 -2 -1 -2  1  4 -3  0 -2    5   6   8   5   0   0   3   0   7   0   1   0   0   2   0   8  49   0   2   0  0.38 0.13
   76 G    0  0  2  2 -3  0  0  4  0 -3 -2 -1 -2 -3 -2 -1 -1 -3 -1 -3    6   5  13  16   0   4   4  37   2   0   3   0   0   0   0   1   4   0   3   0  0.37 0.10
   77 S    2 -2 -1 -1 -2 -1 -1  0 -1 -2 -2 -1 -2  1  2  2  0 -1  3 -1   23   0   0   3   0   0   0   6   0   0   0   4   0   8  10  21   3   0  18   3  0.25 0.10
   78 A    1 -1  4  1 -2  0  0 -1  1 -2 -2 -1 -2  1 -2  1  0 -2  1 -1   19   0  27   5   0   4   4   2   5   0   0   0   0   9   0  12   2   0   7   3  0.23 0.10
   79 S   -1 -1  1 -1 -2  0 -1 -2 -2  1 -2  0 -1 -3  3  1  3 -3 -2  0    2   0   9   0   0   5   0   0   0  15   0   7   0   0  13  14  31   0   0   2  0.30 0.12
   80 V   -1 -2 -3 -3 -2 -2  0 -2 -3  2  1 -1  0 -2 -3 -1  1 -3 -2  4    0   0   0   0   0   0   7   3   0  11   9   4   0   0   0   4   9   0   0  52  0.31 0.13
   81 P   -1 -3 -3  0 -4  0 -2 -3 -3  0 -3 -1 -3 -4  7 -1 -2 -4 -4 -1    3   0   0   6   0   6   0   0   0   9   0   3   0   0  65   1   0   0   0   4  1.31 0.23
   82 G    1 -2 -1 -1 -2 -2 -2  5 -2 -3 -3 -1 -2 -3 -2  2 -1 -2 -2 -2   10   1   1   1   0   1   1  56   0   1   2   1   0   1   1  19   1   0   1   1  0.63 0.13
   83 T   -1  0  2 -1 -2  0 -1 -1 -1 -1 -1  0 -1 -2  0  2  3 -2  0 -1    2   4  13   1   0   4   1   4   0   3   5   4   0   1   3  15  30   0   4   3  0.18 0.07
   84 T   -1  0  2  1 -2  1  3  0 -1 -2 -1  0 -1 -2  0  0  1 -2 -2 -1    4   5  14   4   0   4  30   8   0   1   6   1   0   1   3   4   9   0   1   3  0.20 0.06
   85 P   -1 -2 -1 -1 -2  1 -1 -2 -2 -2 -1 -1 -2 -3  6  1  1 -3 -2 -2    2   1   1   1   0  10   1   2   0   1   6   1   0   1  48   9  12   0   1   1  0.83 0.13
   86 G   -1  1  0  1 -2  4  1  0 -1 -2 -2  2 -1 -3  0  0 -1 -2 -2 -1    2   7   1   7   0  33   3   7   0   1   2  15   0   1   3   9   3   0   1   5  0.28 0.09
   87 F   -2 -3 -4 -4 -2 -3 -3 -4 -3  3  2 -3  0  5 -3 -3 -2 -1  0  0    1   0   0   0   0   0   1   1   0  29  23   1   0  40   0   1   1   0   0   1  0.59 0.16
   88 P    1 -3 -1  3 -3 -2  0 -2  1 -3 -4 -2 -3 -4  6  1  0 -4 -3 -3   11   0   0  18   0   0   3   0   4   0   0   0   0   0  48   9   6   0   0   0  0.96 0.19
   89 N   -2 -1  5  4 -4  0  0 -2 -1 -4 -4  2 -3 -3 -3  1 -1 -4 -1 -4    0   0  44  25   0   2   0   0   0   0   0  13   0   0   0  10   1   0   3   0  0.67 0.18
   90 L   -2 -3 -4 -4 -3 -3 -4 -4 -1  0  1 -3 -1  5 -4 -3 -3  0  7 -2    3   0   0   0   0   0   0   0   0   3  16   0   0  29   0   0   0   0  47   0  0.95 0.22
   91 P   -1 -2 -2 -1 -4  3  0 -3 -2 -4 -4 -1 -3 -4  7 -1 -1 -4 -3 -3    3   0   0   3   0  16   5   0   0   0   0   0   0   0  63   4   3   0   0   0  1.36 0.23
   92 N   -2  1  2  4 -3  1  0 -2 -1 -4 -4  4 -3 -4 -2  1  0 -4 -3 -3    0   3   9  30   0   4   2   0   0   0   0  36   0   0   0  10   4   0   0   0  0.51 0.15
   93 L   -2 -2 -1 -3 -2  1 -2 -3  2  1  3 -2  1  0 -1  0 -1 -2  3 -1    0   0   2   0   0  11   0   0   8   5  42   0   3   2   2  11   0   0  13   0  0.25 0.13
   94 L   -1 -3 -4 -5 -2 -3 -4 -4 -4  3  5 -3  1 -1 -4 -3 -2 -3 -2  1    4   0   0   0   0   0   0   0   0  17  70   0   0   0   0   0   0   0   0   9  0.69 0.19
   95 S    2  0  1  2 -2  0  1 -1 -1 -2 -3  2 -2 -3 -2  2  1  1 -2 -2   22   4   8  12   0   0   7   0   0   2   0  17   0   0   0  15   9   3   0   0  0.24 0.09
   96 K   -2  2  0  0 -4  0  1 -3  2 -4 -4  6 -3 -4 -2 -1 -2 -4 -3 -4    0   8   4   3   0   0   8   0   7   0   0  70   0   0   0   0   0   0   0   0  0.84 0.23
   97 C   -2 -6 -5 -6 11 -5 -6 -5 -5 -3 -3 -5 -3 -4 -5 -3 -3 -4 -5 -3    0   0   0   0 100   0   0   0   0   0   0   0   0   0   0   0   0   0   0   0  2.91 0.45
   98 R   -2  1  3  2 -3  0  0  0  5 -3 -3  2 -2 -2 -2 -1 -1 -3  1 -3    1   9  17  13   0   1   0   7  23   0   1  20   0   0   0   3   0   0   4   0  0.41 0.13
   99 L   -2 -4 -4 -4 -2 -4 -4 -2 -4  5  3 -4  1 -1 -4 -3 -2 -3 -2  2    0   0   0   0   0   0   0   4   0  52  36   0   0   0   0   0   0   0   0   7  0.65 0.19
  100 N   -1 -2  5  4 -3  0  0  0 -1 -4 -4 -1 -3 -4 -2  0  0 -4 -3 -3    6   0  46  24   0   3   4   7   0   0   0   0   0   0   0   4   3   0   0   0  0.66 0.17
  101 P    0 -3 -1 -3 -2 -2 -3 -3 -3  3  1 -2  0  0  0 -1  1 -3  0  2    8   0   3   0   0   0   0   0   0  36  11   0   0   4   4   4  12   0   3  12  0.21 0.09
  102 T    0 -2  6  0 -3 -1 -1 -2 -1 -3 -4 -1 -3 -4 -3  3  1 -4 -3 -2    4   0  53   0   0   0   0   0   0   0   0   0   0   0   0  29   8   0   0   4  0.74 0.21
  103 V   -1 -2  3  0 -2 -1 -1 -2  4 -2 -2 -2 -2 -3 -2  1  3 -3 -1  1    0   0  21   5   0   0   0   0  17   0   0   0   0   0   0   9  30   0   2  14  0.39 0.15
  104 T   -1 -3 -1 -2 -2 -2 -2 -3 -3 -2 -2 -2 -2 -3 -2  0  6 -4 -3  0    3   0   0   0   0   0   0   0   0   0   0   0   0   0   0   3  86   0   0   6  1.05 0.29
  105 R    0  4  0 -2 -3  1  0 -2 -2 -2 -2  3 -2 -3 -2  0  3 -3 -2 -1    7  29   2   0   0   3   5   2   0   0   0  19   0   0   0   0  27   0   0   5  0.37 0.13
  106 D   -3 -3  1  7 -5 -1  1 -1 -2 -4 -5 -2 -4 -5 -3 -1 -2 -5 -4 -4    0   0   4  84   0   0   5   4   0   0   0   0   0   0   0   0   0   0   0   0  1.38 0.28
  107 G    1 -2 -2 -3 -3 -3 -3  6 -3 -4 -4 -3 -3 -4 -3 -1 -2  2 -4 -2    8   1   0   0   0   0   0  81   0   0   0   0   0   0   0   0   0   3   0   4  1.17 0.23
  108 A    1 -2 -2 -3 -2  1 -2 -2 -2  2  1 -2  0  0 -2 -1 -1 -3 -1  3   15   0   2   0   0  11   0   1   0  10  11   0   1   4   0   4   2   0   0  37  0.19 0.10
  109 I   -1 -3 -4 -4 -2 -3 -3 -4 -4  5  1 -3  0 -1 -3 -3 -1 -3 -2  4    4   0   0   0   0   0   0   1   0  55   4   0   0   0   0   0   0   0   0  32  0.63 0.18
  110 L   -2 -2 -3 -3 -2 -2 -3 -1 -3  0  4 -2  6 -1 -3 -2 -2 -2 -2  0    1   1   1   1   0   1   1   5   0   1  45   1  38   1   1   1   1   0   0   1  0.54 0.17
  111 P   -2 -1 -2 -2 -3  2 -1 -3 -2 -3 -3 -1 -2 -3  7 -2 -2 -3 -3 -1    1   2   1   1   0  11   1   1   0   1   1   1   0   1  69   1   1   0   0   6  1.44 0.21
  112 A    2 -2 -2  0 -1 -2 -2 -2 -2  1  0 -2  1 -1 -2  0  0 -3 -2  3   23   1   1   6   0   1   1   1   0   6   8   1   3   1   1   9   1   0   0  38  0.17 0.09
  113 C   -2 -3 -3 -3 10 -3 -3 -3  2 -2 -2 -3 -2 -3 -3 -2 -2 -3 -3 -2    1   1   1   1  80   1   1   1   6   1   1   1   0   1   1   1   1   0   0   1  1.79 0.29
  114 V    0 -3 -3 -3 -1 -2 -2 -3 -3  3  1 -2  0  0 -2 -2 -1 -2 -1  4   10   1   1   1   0   1   1   1   0  18   5   1   0   4   1   1   1   0   0  53  0.35 0.12
  115 P   -2 -1 -2 -2 -3 -2 -2 -3 -1 -3 -3 -2 -3 -4  8 -1 -2 -4 -3 -3    1   4   1   1   0   1   1   1   2   1   1   1   0   1  78   4   1   0   0   1  1.73 0.24
  116 N    1  0  2  0 -2  0  1  2  1 -3 -2  2 -2 -3 -1  0  0 -3 -2 -2   13   2  12   5   0   1   7  19   4   1   1  22   0   1   1   2   7   0   0   1  0.21 0.06
  117 L   -1  0  0 -1 -2 -1 -2 -1  3  0  3 -1  1 -1 -2 -1 -1  1 -1 -1    2   6   6   3   0   1   1   5  10   1  50   1   2   1   1   6   1   2   0   1  0.18 0.09
  118 D    0 -2 -1  3 -2 -1  1 -2  2  0 -1 -1 -1 -2 -2  0 -1 -3 -2  2   10   1   1  29   0   1   9   1   8   2   1   1   0   1   1   6   1   0   0  27  0.22 0.09
  119 P    1 -1 -1  0 -2  0  1 -2 -2 -2 -2  0 -2 -3  5  1 -1 -3 -2 -1   11   1   1   6   0   4  12   1   0   1   1   5   0   1  33  17   1   0   0   4  0.53 0.10
  120 S    0 -1  2  2 -2  1  0 -1 -1 -1 -2  0 -1 -2 -1  1  2 -3 -2 -1    8   1  13  14   0   6   4   1   0   5   1   5   0   1   1  12  22   0   0   5  0.19 0.06
  121 L    1 -2 -2  0 -1 -1 -1 -2 -2  1  2 -2  0 -1  2  0  0 -2 -2  1   12   1   1   6   0   2   1   1   0   4  33   1   0   1  11   8   6   0   0  13  0.14 0.06
  122 V    1 -2 -2  1 -1 -2 -2 -2 -3  1  2 -2  0 -1 -2 -1 -1 -3 -2  3   12   1   1  11   0   1   1   1   0   1  21   1   0   1   1   1   1   0   0  46  0.23 0.11
  123 L   -1 -2 -3 -3 -2 -2 -3 -3 -2  1  4 -2  1  3 -3 -2 -1 -1  0  0    5   1   1   1   0   1   1   1   0   3  59   1   0  19   1   1   4   0   0   1  0.39 0.12
  124 T    0 -1  0 -1 -2  2 -1 -1  3 -1 -2  0 -1 -2 -1  3  3 -3 -1 -1    5   1   3   1   0  10   1   1  12   5   1   3   0   1   1  28  25   0   0   1  0.28 0.11
  125 N   -2 -1  7  0 -3 -1 -1  0 -1 -3 -3 -1 -3 -3 -2  1 -1 -4 -3 -3    1   1  74   1   0   1   1   7   0   1   1   1   0   1   1   7   1   0   0   1  0.94 0.21
  126 F   -2 -2 -3 -3  2 -2 -3 -3  0  0  0 -3 -1  5 -3 -2 -2  0  6 -1    1   1   1   1   6   1   1   1   0   5   6   1   0  27   1   1   1   0  44   1  0.72 0.16
  127 T    0 -2  0 -2 -2 -1 -1 -2 -2 -2 -2 -1 -2 -3 -2  1  6 -3 -2 -1    7   1   5   1   0   1   1   1   0   1   1   1   0   1   1   6  71   0   0   1  0.66 0.19
  128 M   -1  3  0 -1 -3  2  0 -1  4 -2 -2  3 -1 -2 -1 -1 -1 -2 -1 -2    2  26   1   1   0  11   3   3  14   1   2  23   2   1   1   3   1   0   1   2  0.34 0.09
  129 S    0 -1  1 -1 -2 -1 -1 -1 -2 -2 -3 -1 -2 -3 -1  5  3 -3 -2 -2    1   1   7   1   0   1   1   1   0   1   1   1   0   1   1  63  18   0   0   1  0.56 0.17
  130 Q   -1  2 -1 -1 -3  5  0 -2  3 -2 -1  0 -1 -2  0 -1 -1 -2 -1  0    1  10   1   2   0  43   1   3  11   1   6   3   0   1   3   2   1   0   0  11  0.37 0.13
  131 Y   -2 -2 -2 -1 -3 -2 -2 -3  1 -1  0 -2  1  3 -3 -2 -2  1  7 -1    1   1   1   4   0   1   1   1   3   1   7   1   6  10   1   1   1   0  55   5  0.70 0.17
  132 S    2 -1  1 -1 -1  1  0  0 -1 -1 -1  0 -1 -2 -1  2  1 -2 -2  0   27   1   6   1   0   5   6   4   0   1   5   4   0   1   1  20  12   0   0   5  0.17 0.06
  133 K   -1  2  2  0 -3  1  1  0 -1 -2 -2  3 -1 -3 -1  0 -1 -2 -2 -2    1  13  10   4   0   6   8   7   0   1   2  33   2   1   2   3   2   0   1   1  0.26 0.07
  134 D   -2 -2  2 -1 -3 -1  0 -2  0 -2 -2 -1 -2  3 -2  0 -1  0  6 -2    1   1  15   2   0   1   5   1   0   1   1   2   0  14   1  10   1   0  43   1  0.53 0.15
  135 L   -2 -2 -3 -3 -2 -2 -3 -3 -3  3  4 -3  1  0 -3 -2 -1 -2 -2  1    1   1   1   1   0   1   1   1   0  19  64   1   0   1   1   1   1   0   0   6  0.48 0.13
  136 N   -2 -1  7  1 -3 -1 -1 -1 -1 -3 -3  1 -3 -3 -2  1 -1 -4 -3 -3    1   1  72   2   0   1   1   1   0   1   1   7   0   1   1   7   1   0   0   1  0.90 0.20
  137 D   -2 -2  3  6 -4 -1  1 -1 -2 -4 -5  0 -4 -5 -3  0 -2 -5 -4 -4    1   0  13  67   0   1   5   2   0   0   0   6   0   0   0   5   0   0   0   0  0.97 0.22
  138 S    0 -2 -1 -2 -2  0 -1 -2 -2 -2 -2 -1 -2 -3  1  4  2 -4 -3  1    2   0   0   0   0   3   0   0   0   0   0   0   0   0   6  58  17   0   0  14  0.50 0.19
  139 K   -2  2  3  1 -4  1  1  0 -1 -4 -4  4 -3 -4 -2  0 -1 -4 -3 -3    0   8  23   5   0   2   6   5   0   0   0  49   0   0   0   3   0   0   0   0  0.56 0.17
  140 F   -3 -3 -3 -4 -4 -3 -3 -4  4 -1 -2 -3 -2  6 -4 -3 -3  0  6 -2    0   0   0   0   0   0   0   0  14   4   0   0   0  41   0   0   0   0  41   0  1.11 0.25
  141 T   -1  0 -1 -2 -2 -2 -2 -3 -3 -1 -2 -1 -2 -3 -2  2  6 -4 -3  0    2   5   0   0   0   0   0   0   0   2   0   2   0   0   0  12  69   0   0   7  0.68 0.23
  142 G    0 -3 -1 -2 -3 -1 -2  5 -3 -1 -2 -2 -2 -3 -3  1  1 -3 -3 -2    0   0   0   0   0   2   0  64   0   5   3   0   0   0   0  15  10   0   0   0  0.73 0.14
  143 I    3 -3 -3 -2 -2 -2  0 -2 -3  3 -1 -2 -1 -2 -2 -1 -1 -3 -2  2   45   0   0   0   0   0  10   0   0  31   0   0   0   0   0   0   0   0   0  13  0.32 0.13
  144 G   -1 -4 -2 -2 -4 -3 -3  7 -3 -5 -5 -3 -4 -4 -3 -1 -3 -4 -4 -4    0   0   0   0   0   0   0 100   0   0   0   0   0   0   0   0   0   0   0   0  1.60 0.24
  145 I   -1 -3 -4 -4 -2 -3 -4 -4 -4  4  2 -3  1 -1 -3 -3 -1 -3 -2  3    4   0   0   0   0   0   0   0   0  47  18   0   0   0   0   0   0   0   0  31  0.53 0.13
  146 G    0 -3 -2 -2 -3 -3 -3  7 -3 -5 -5 -3 -4 -4 -3 -1 -3 -4 -4 -4    6   0   0   0   0   0   0  94   0   0   0   0   0   0   0   0   0   0   0   0  1.43 0.22
  147 S    0 -1  2 -1  2 -1 -1  0  4 -3 -3  0 -2 -3 -2  4  1 -4 -2 -3    0   0  11   0   7   0   0   5  15   0   0   4   0   0   0  51   8   0   0   0  0.45 0.14
  148 D   -2 -1  2  3 -4  0  5 -1 -1 -3 -3 -1 -3 -3 -2 -1 -2 -3  1 -2    0   0  12  18   0   0  56   3   0   0   0   0   0   0   0   0   0   0   7   4  0.63 0.15
  149 D   -2 -2  0  6 -4 -1  2  2 -1 -4 -3 -1 -3 -4 -2 -1 -2 -5 -4 -4    0   0   0  63   0   0  11  18   1   0   3   3   0   0   0   0   0   0   0   0  0.82 0.16
  150 N   -1 -2  4  5 -3  1  1 -2 -1  0 -3 -1 -2 -2 -2 -1 -1 -3  1 -2    7   0  25  43   0   7   3   0   0   9   0   0   0   0   0   0   0   0   7   0  0.51 0.13
  151 W   -4 -4 -5 -6 -4 -4 -4 -4 -4 -4 -3 -2 -3 -1 -5 -4 -4 12  1 -5    0   0   0   0   0   0   0   0   0   0   0   3   0   0   0   0   0  97   0   0  3.44 0.39
  152 I    0 -3 -3 -4 -2 -2 -3 -3 -3  2  1 -3  6  2 -3 -2 -1 -2 -1  2    8   0   0   0   0   0   0   0   0  15   5   0  43   9   0   0   3   0   0  17  0.45 0.15
  153 V   -1 -4 -4 -4 -2 -3 -4 -4 -4  2  0 -3  0 -2 -4 -3 -1 -4 -2  6    0   0   0   0   0   0   0   0   0   2   0   0   0   0   0   0   0   0   0  98  0.96 0.23
  154 V   -1 -3 -4 -4 -2 -3 -3 -4 -4  2  2 -3  2  1 -3 -2  0 -3 -1  4    1   0   0   0   0   0   0   0   0   3  18   0   4   7   0   0   5   0   0  61  0.46 0.13
  155 V    0 -4 -4 -4 -2 -3 -3 -4 -4  3  0 -3  0 -2 -3 -2 -1 -4 -2  5    7   0   0   0   0   0   0   0   0  16   0   0   0   0   0   0   0   0   0  77  0.69 0.18
  156 L   -2 -3 -4 -5 -2 -3 -4 -5 -4  2  5 -3  1  2 -4 -3 -2 -2 -1  0    0   0   0   0   0   0   0   0   0   8  80   0   0  11   0   0   0   0   0   0  0.71 0.16
  157 T    1 -2  1 -1 -2 -1 -1  0 -2 -2 -2 -1 -2 -3 -2  2  4 -3 -3  0   14   0   5   2   0   0   0   7   0   0   0   0   0   0   0  20  47   0   0   5  0.40 0.13
  158 T   -1 -1 -1 -2 -2 -1  0 -3 -3 -2 -2  0 -2 -3 -2  1  6 -4 -3 -1    0   3   0   0   0   0   5   0   0   0   0   4   0   0   0   1  87   0   0   0  0.89 0.23
  159 S   -1 -1  5  2 -3 -1 -1 -1 -1 -4 -4  1 -3 -4 -2  3  0 -4 -3 -3    0   0  48  11   0   0   0   2   0   0   0   8   0   0   0  30   0   0   0   0  0.66 0.16
  160 T    1 -2  0 -1 -2 -2 -2 -2 -3 -2 -2 -2 -2 -3 -2  2  6 -4 -3 -1    9   0   3   1   0   0   0   1   0   0   0   0   0   0   0  10  76   0   0   0  0.74 0.20
  161 P    0 -2 -1 -1 -3 -1 -1 -1 -2 -2 -3 -1 -2 -4  6  2  0 -4 -3 -2    5   1   2   3   0   0   2   4   0   1   1   0   0   0  47  26   6   0   0   2  0.85 0.13
  162 E    0  0  1  0 -2  0  2  2 -1 -3 -3 -1 -2 -3 -2  2  2 -3 -3 -2    3   3   5   2   0   0  21  20   0   0   0   0   0   0   0  23  22   0   0   0  0.34 0.09
  163 G    0 -3 -2 -3 -3 -3 -3  6 -3 -5 -4 -3 -4 -4 -3 -1 -3  4 -3 -4    5   0   0   0   0   0   0  87   0   0   0   0   0   0   0   0   0   8   0   0  1.30 0.19
  164 S   -1 -2  3  4 -3 -1  0  0 -1 -4 -4 -1 -3 -4 -2  4  0 -4 -3 -3    0   0  15  28   0   0   0   3   0   0   0   0   0   0   0  51   3   0   0   0  0.59 0.15
  165 Y   -3 -3 -3 -4 -3 -3 -4 -4 -1 -2 -1 -3 -1  7 -4 -1 -3  0  5 -2    0   0   0   0   0   0   0   0   0   0   0   0   0  68   0   8   0   0  24   0  1.09 0.20
  166 S    2 -1  2 -1 -1 -1  0 -1 -1 -2 -2 -1 -1 -3 -1  3  1 -3 -2  0   22   0  13   0   0   0   3   1   0   0   1   1   0   0   0  39   9   0   0   8  0.29 0.08
  167 P    1 -2  0 -1 -2 -1 -1  2 -2 -2 -2 -1 -2 -3  4  2  1 -3 -2 -2   18   1   6   1   0   1   1  18   0   1   1   1   0   1  22  20   8   0   0   1  0.40 0.06
  168 A    4 -1 -1 -1 -1 -1  0  1 -1 -2 -2 -1 -1 -2 -1  1  0 -2  0 -1   58   1   1   2   0   1   4   9   0   1   1   2   0   1   1   8   5   0   4   1  0.30 0.08
  169 S    1 -1  1  0 -1  0 -1 -1 -1 -1 -2  0 -1 -3  2  2  2 -3 -2  0   14   0   6   5   0   4   1   1   0   0   1   2   0   0  10  25  24   0   0   6  0.26 0.05
  170 N    0 -1  4  1 -2 -1  0  1 -1 -3 -3 -1 -2 -2  1  2  1 -3  0 -2    4   3  32   5   0   0   3   8   0   0   1   1   0   0   7  20   9   0   4   1  0.30 0.05
  171 S    1 -2  1  0 -2 -1 -1  2  1 -1 -1 -1 -1 -2 -2  3  0 -3 -2 -2    8   0   5   3   0   0   0  17   5   3   9   0   0   0   0  46   0   0   0   0  0.25 0.07
  172 G    1 -1  0 -1 -2 -1 -2  4 -2 -2  0 -1 -1 -2 -2  1  0 -3 -2 -2    7   3   2   0   0   2   1  45   0   0  14   1   0   0   0  16   5   0   0   1  0.36 0.06
  173 A    3 -1  1 -1 -1 -1 -1  0 -2 -1 -2  1 -1 -2 -1  1  0 -3 -2  0   41   0  10   2   0   0   2   6   0   0   1  10   2   0   0  13   0   0   0  11  0.19 0.06
  174 F    0 -2  1 -1 -2 -1 -1  0 -1  0  0 -1  0  2 -2  1  0  4  2  0    6   1   8   3   0   1   3   8   0   4  11   1   3  14   1  14   4   8   7   6  0.09 0.03
  175 A    3 -2 -1  0 -1 -1  0  1 -2 -1  0 -1  0 -1 -2  1  0 -2 -1 -1   36   0   0   4   0   0   5  10   0   0  13   2   3   2   0  15   4   0   2   3  0.14 0.05
  176 F   -1 -2 -1 -2 -2 -2 -1 -2 -2  1  1 -1  1  4  0 -2  0  3  1  0    3   0   4   2   0   0   3   3   0  11  12   5   3  34   6   0   6   5   0   4  0.19 0.06
  177 G    0 -2 -1 -2 -2 -1 -2  5 -2 -3 -3  0 -2 -3 -2  2  0 -3 -3 -1    5   0   0   0   0   2   0  51   0   0   0   7   0   0   0  26   2   0   0   5  0.55 0.10
  178 V    1  0 -2 -2  0 -1 -1  0 -2  1  0  0  0  0 -2 -1  0 -2 -1  2   12   5   0   0   2   0   2   8   0   3   6  10   0   6   0   1   7   0   0  36  0.08 0.05
  179 N    0  0  3  0 -3  1  0  0  4 -1 -2 -1  0 -2 -1  1 -1  1 -1 -2    5   3  25   3   0   7   3   5  18   8   1   0   4   0   2  12   0   3   0   0  0.22 0.07
  180 G    0 -3 -1 -2 -3 -2 -2  5  1 -3 -3 -2 -3 -1 -1  0 -2  5  0 -2    3   0   0   0   0   0   0  61   5   0   1   0   0   3   3   5   0  10   3   4  0.71 0.12
  181 L   -2 -3 -3 -4  2 -3 -3 -1 -3  1  4 -3  3  1 -3 -2 -1  2 -1  1    0   0   0   0   5   0   0   5   0   0  53   0   9   6   0   2   3   3   0  14  0.36 0.10
  182 V    0 -3 -1 -3 -2 -2 -3 -1  0  2  2 -2  1  0  0 -1 -1 -3 -2  3    6   0   3   0   0   0   0   5   3  15  17   0   3   2   5   3   0   0   0  37  0.20 0.07
  183 S   -1  0 -1 -1 -2  0 -1 -1  1 -1 -1  0  2  1 -2  2  0 -2  3  0    0   5   0   3   0   3   0   4   5   0   3   5  10   6   0  35   0   0  13   6  0.15 0.08
  184 S   -1 -2 -1 -1  4 -1 -1 -1  0  0  0 -1 -1 -1  1  2  1 -2  1  0    1   0   0   3  15   3   0   5   3   8  11   0   0   0   6  23  11   0   6   3  0.14 0.06
  185 S    1 -2 -1 -2  1  0 -1  1 -1 -1  0 -1 -1  1 -2  2  1 -2  1 -1    8   0   0   0   3   6   0   9   0   4   8   0   0   9   0  32   8   0   6   4  0.12 0.06
  186 L    0 -2 -3 -3 -2 -2 -3 -3 -3  1  4 -2  2  0 -3 -1 -1 -2 -1  2    6   1   0   1   0   0   1   1   0   4  54   1   7   4   1   5   1   0   0  15  0.32 0.08
  187 M   -2 -3 -3 -4 -2 -2 -3 -2 -3  1  3 -3  5  2 -3 -3 -2 -2 -1  2    0   0   0   0   0   0   0   3   0   6  34   0  29  13   0   0   0   0   0  13  0.43 0.11
  188 F   -1 -3 -3 -3 -3 -1 -2  1 -2  0  2 -3  0  5 -1 -1 -2 -1  1  0    3   0   0   0   0   3   3  13   0   0  21   0   0  40   3   4   0   0   0  10  0.30 0.10
  189 L   -1 -3 -3 -4  1 -2 -3 -4 -3  1  4 -3  2  0 -3 -1 -1 -2  1  1    5   0   0   0   3   0   0   0   0   3  62   0   6   0   0   5   4   0   6   7  0.39 0.11
  190 L   -1 -3 -3 -3 -2 -3 -3  1 -3  2  3 -3  1 -1 -3 -1 -1 -2  0  2    0   0   0   0   0   0   0  16   0  13  47   0   3   0   0   3   0   0   3  15  0.30 0.08
  191 F   -1 -3 -3 -3 -2 -2 -3  0 -2  2  2 -3  2  3 -3 -2 -1 -1  1  1    0   0   0   0   0   0   0  11   0  17  25   0   8  23   0   3   0   0   3   8  0.25 0.07
  192 C   -1 -3  0 -3  6 -2 -3  2 -3  0  1 -3 -1  0 -3  0 -1 -3 -2  1    0   0   6   0  26   0   0  20   0   6  18   0   0   4   0  10   0   0   0  10  0.31 0.08
  193 F   -2 -3 -4 -4 -3 -3 -4 -4 -3  0  3 -4  2  6 -4 -3 -2 -1  1  1    0   0   0   0   0   0   0   0   0   0  31   0   7  49   0   0   0   0   0  13  0.65 0.13
  194 F   -2 -3 -4 -4 -3 -3 -4 -4 -1  1  1 -3  0  5 -4 -3 -2  0  4  1    0   0   0   0   0   0   0   0   0   3  15   0   0  45   0   0   0   0  20  17  0.64 0.11
  195 M   -2 -3 -4 -4 -2 -2 -3 -4 -3  2  4 -3  4  0 -3 -3 -1 -3 -2  2    0   0   0   0   0   0   0   0   0   5  53   0  20   0   0   0   0   0   0  22  0.53 0.10
  196 F   -2 -3 -3 -4 -2 -3 -3 -4 -1  1  2 -3  2  5 -4 -3 -2  0  3  0    0   0   0   0   0   0   0   0   0   8  22   0   7  52   0   0   0   0  11   0  0.52 0.04

                      K         Lambda
Standard Ungapped    0.1349     0.3195
Standard Gapped      0.0410     0.2670
PSI Ungapped         0.1349     0.3195
PSI Gapped           0.0410     0.2670
