
Last position-specific scoring matrix computed, weighted observed percentages rounded down, information per position, and relative weight of gapless real matches to pseudocounts
           A  R  N  D  C  Q  E  G  H  I  L  K  M  F  P  S  T  W  Y  V   A   R   N   D   C   Q   E   G   H   I   L   K   M   F   P   S   T   W   Y   V
    1 M   -1 -2 -3 -3 -2 -1 -2 -3 -2  1  3 -2  5  0 -3 -2 -1 -2 -1  1    0   0   0   0   0   0   0   0   0   0  22   0  78   0   0   0   0   0   0   0  0.36 0.01
    2 K   -1  1 -1 -1 -3  3  1 -2 -1  1 -1  4  0 -2 -1 -1 -1 -3 -2  0    0   0   0   0   0  21   0   0   0  22   0  57   0   0   0   0   0   0   0   0  0.26 0.00
    3 K    0  0  0 -1 -1  0  0 -1 -1  0 -1  2 -1 -2 -1  3  1 -3 -2  1    0   0   0   0   0   0   0   0   0   0   0  22   0   0   0  52   0   0   0  26  0.19 0.01
    4 S    0 -1  0 -1 -1 -1 -1 -1 -1  0 -1 -1 -1  1  2  3  1 -2 -1 -1    0   0   0   0   0   0   0   0   0  12   0   0   0  10  11  66   0   0   0   0  0.28 0.02
    5 L   -2 -3 -3 -4 -2 -2 -3 -4 -3  2  3 -3  2  3 -3 -3 -1 -1  0  1    0   0   0   0   0   0   0   0   0  10  52   0   9  23   0   0   0   0   0   6  0.38 0.03
    6 T    0 -1  1 -1 -1 -1 -1 -1 -2  1 -1 -1 -1 -2 -2  2  3 -3 -2  0    7   0  10   0   0   0   0   0   0  13   0   0   0   0   0  21  45   0   0   5  0.27 0.03
    7 L   -2 -3 -3 -4  6 -3 -4 -4 -3  1  2 -3  1  3 -3 -2 -2 -1  0  0    0   0   0   0  31   0   0   0   0   5  39   0   0  21   0   0   0   0   0   4  0.50 0.05
    8 L   -1 -3 -3 -3 -2 -2 -3 -3 -1  1  2 -3  2  4 -3 -2  0  0  3  0    5   0   0   0   0   0   0   0   0   8  30   0   6  32   0   0   7   0  13   0  0.34 0.04
    9 I   -1 -3 -2 -3 -2 -2 -2 -3 -3  3  1 -2  0  1  0  0  2 -2 -1  2    0   0   0   0   0   0   0   0   0  39   8   0   0   9   4   7  20   0   0  13  0.21 0.04
   10 L   -1 -3 -3 -3  3 -2 -3 -3 -2  1  2 -3  1  3  0 -1  0 -1  0  1    0   0   0   0   8   0   0   0   0  11  32   0   0  24   4   8   4   0   0   8  0.22 0.03
   11 L   -1 -3 -3 -4  5 -3 -3 -3 -3  0  2 -3  0  5 -3 -2 -2 -1  1  0    4   0   0   0  19   0   0   0   0   0  29   0   0  40   0   0   0   0   0   8  0.45 0.06
   12 L   -2 -3 -3 -4  1 -3 -3 -4 -2  1  3 -3  1  3 -3 -2 -1 -1  2  0    0   0   0   0   4   0   0   0   0   9  60   0   0  16   0   4   0   0   7   0  0.37 0.05
   13 C    0 -2 -2 -1  3 -2 -2 -2 -2  0  0 -2  0  3  2  0  0 -1  2  0    9   0   0   4  10   0   0   0   0   7  11   0   0  27  12   8   4   0   6   0  0.19 0.03
   14 S    0 -2  0  0  1 -1 -1  0 -2 -1 -1 -1 -1 -2 -2  3  3 -3  0 -1    4   0   0   6   3   0   0   4   0   6   3   0   0   0   0  39  29   0   4   0  0.28 0.08
   15 L    0 -2 -2 -3 -1 -2 -2 -3 -3  2  3 -2  1 -1 -2  1  1 -2 -2  1    6   0   0   0   0   0   0   0   0  12  45   0   4   0   0  15  11   0   0   6  0.23 0.06
   16 L   -2 -2 -1 -3 -2 -2 -2 -3 -3  1  4 -2  1  1  2 -1  0 -2 -1  1    0   0   3   0   0   0   3   0   0   0  61   0   0   5  10   4   5   0   0   9  0.33 0.08
   17 F   -1 -3 -1 -3 -3 -3 -3 -3 -2  0  0 -3 -1  6  0 -1 -1  0  2 -1    6   0   4   0   0   0   0   0   0   3   8   0   0  57   5   6   5   0   6   0  0.53 0.10
   18 S    0 -2  0 -2 -3 -2 -1 -2  0 -1 -1 -2 -2 -3  6  2  1 -4 -3 -2    4   0   4   0   0   0   2   0   2   5   8   0   0   0  48  18   9   0   0   0  0.84 0.11
   19 T    1 -1 -1  1 -2 -1 -1 -1 -1  0 -1 -1 -1 -2  1  2  1 -3 -2  1   15   2   0  10   0   0   0   3   2   6   4   0   0   0   8  26  13   0   0  11  0.17 0.05
   20 V    2 -2  1 -1  1 -1 -1 -1 -2 -1 -2 -1 -1 -1 -2  3  2 -3  0  0   20   0   6   0   3   0   0   2   0   3   0   2   0   2   0  30  18   0   5   9  0.22 0.07
   21 L    0 -2 -2 -1 -2 -2 -2  0 -2  1  2 -2  1 -1  3  0  0 -2 -2  1    5   0   0   2   0   0   0   7   0  13  28   0   5   2  14  12   3   0   0   6  0.16 0.04
   22 S    2  0  0  0 -2  1  0 -1  0 -1 -2  0 -1 -2  0  2  1 -3 -2 -1   22   4   4   4   0   8   3   2   2   2   0   5   0   2   3  28   7   0   0   4  0.18 0.05
   23 N    0 -2  1 -1 -2  1  0  2  0 -2 -2 -1 -1 -1  4  1  0 -3 -2 -1    5   0   6   0   0   7   6  16   2   0   0   0   2   3  24  17   4   0   0   6  0.35 0.06
   24 L    1 -2 -2 -2 -2 -1 -2 -2 -2  1  1 -2  0  2  3  0  0 -2  0  0   18   0   0   0   0   3   0   0   0   9  16   0   0  18  18   8   5   0   0   5  0.23 0.05
   25 L    0 -2 -1 -2 -1 -1 -1 -2 -1  1  2 -1  0 -1  0  1  2 -3 -2  1    6   0   0   0   0   2   0   0   2   5  27   4   0   0   4  18  16   0   0  15  0.13 0.04
   26 V    2 -2 -2 -2 -2 -1 -1 -2 -2  0  0 -1 -1 -2  3  1  1 -3 -2  1   26   0   0   0   0   2   0   0   0   2   9   0   0   0  19  15  11   0   0  16  0.31 0.06
   27 E    0 -1  2  1 -3  3  2 -1 -1 -3 -3  0 -1 -3  2  0  1 -3 -2 -2    4   0  17   5   0  29  15   2   0   0   0   0   3   0   9   3  14   0   0   0  0.37 0.08
   28 P    0 -3 -3 -2 -3 -1 -2 -3 -3 -3 -3 -2 -3 -4  7 -1  1 -4 -4 -1    5   0   0   0   0   2   0   0   0   0   0   0   0   0  79   0   9   0   0   4  1.73 0.16
   29 V    2 -1  0 -2 -1  1 -1 -1 -2  0  0 -1 -1 -2 -2  2  1 -3 -2  1   27   3   3   0   0   8   0   0   0   7   7   0   0   0   0  27   6   0   0  12  0.17 0.05
   30 Q   -1  1  0  0 -3  2  1 -1 -1 -3 -2  0 -2 -1  4  1  0 -3 -2 -2    2  10   5   3   0  19   7   2   0   0   4   3   0   4  21  18   3   0   0   0  0.34 0.05
   31 P    0 -2 -2 -2 -3  0  0  1 -2 -4 -4 -1 -3 -4  7  0 -2 -4 -3 -3    8   0   0   0   0   4   7  10   0   0   0   0   0   0  65   5   0   0   0   0  1.32 0.12
   32 N    2 -2  3 -1 -2 -1  0  3 -1 -3 -3 -1 -2 -3 -2  1  0 -3 -1 -2   27   0  21   0   0   0   4  30   0   0   0   0   0   0   0  10   5   0   2   0  0.38 0.06
   33 T   -1 -2  1  1 -2 -1 -1 -2 -2 -1 -2 -1 -2 -3 -2  1  6 -4 -3 -1    0   0   5   9   0   0   0   0   0   2   0   0   0   0   0   2  83   0   0   0  0.75 0.14
   34 V   -1 -3 -4 -4 -2 -3 -3 -4 -4  5  1 -3  0 -1 -3 -2  0 -3 -2  4    0   0   0   0   0   0   0   0   0  56   3   0   0   0   0   0   5   0   0  37  0.58 0.10
   35 P   -2 -3 -3 -2 -4 -2 -2 -3 -3 -4 -4 -2 -4 -5  8 -1 -2 -5 -4 -3    0   0   0   0   0   0   0   0   0   0   0   0   0   0  95   5   0   0   0   0  2.30 0.18
   36 A    5 -2 -2 -2 -1 -1 -1 -1 -2 -2 -2 -1 -2 -3 -2  2  0 -3 -3 -1   78   0   0   0   0   0   0   0   0   0   0   0   0   0   0  22   0   0   0   0  0.65 0.12
   37 F   -3 -3 -4 -4 -3 -4 -4 -2 -2  0  2 -4  0  6 -4 -2 -3  0  3 -1    0   0   0   0   0   0   0   3   0   3  20   0   0  67   0   2   0   0   6   0  0.83 0.13
   38 P   -2 -3 -3 -3 -4 -1 -2 -3 -3 -4 -4 -2 -4 -5  8 -2 -2 -5 -4 -4    0   0   0   0   0   3   0   0   0   0   0   0   0   0  97   0   0   0   0   0  2.39 0.22
   39 V   -1 -1 -2  0 -3  0  4 -3 -2  0  1 -1 -1 -2 -2 -1  0 -3 -2  1    3   0   0   0   0   0  49   0   0   0  21   0   0   0   0   2   3   0   0  20  0.33 0.09
   40 E   -1  0 -1 -1 -3  6  2 -3 -1 -3  0  0 -1 -3 -1  0 -1 -3 -2 -2    0   0   0   0   0  67  10   0   0   0  12   0   0   0   2   7   0   0   0   0  0.70 0.14
   41 T    1 -1  0 -1 -2  1 -1 -1 -2 -3 -3 -1 -2 -3 -2  4  2  4 -2 -2    6   0   0   0   0   6   0   0   0   0   0   0   0   0   0  61  18   7   0   0  0.53 0.12
   42 Q   -1 -1  2  3 -4  2  4 -2 -1 -3 -3  0 -2 -3 -1  0 -1 -3 -1 -3    5   0  11  25   0  14  35   0   0   0   0   0   0   0   2   3   1   0   3   0  0.52 0.09
   43 A    3 -2 -1 -2 -1  0 -1 -1 -2  0 -1 -1  0  1 -2  1  0 -3 -1  1   43   0   1   0   0   5   0   0   0   7   3   0   1   8   0  15   5   0   0  12  0.20 0.06
   44 Q    3  0 -1  0 -2  2  0 -1 -1 -2 -1  0  1 -1  0  2  0 -3 -2 -1   35   3   0   5   0  16   2   0   0   0   2   2   7   2   2  21   0   0   0   0  0.22 0.06
   45 S    2 -1 -1  1 -2 -1 -1  3 -2 -1 -2 -1 -2 -3  1  1  1 -3 -3 -1   20   2   0  10   0   0   0  31   0   6   0   0   0   0   7   6  14   0   0   4  0.28 0.05
   46 C   -2 -5 -4 -5 10 -4 -5 -4 -4 -2 -2 -4 -3 -4 -4 -2 -2 -4 -4 -2    0   0   0   0 100   0   0   0   0   0   0   0   0   0   0   0   0   0   0   0  2.26 0.21
   47 R   -1  1 -1  0 -4  1 -1 -3  2 -4 -3  0 -3 -4  6  0 -2 -4 -2 -3    0  11   0   7   0  11   0   0   9   0   0   1   0   0  57   4   0   0   0   0  1.11 0.10
   48 L   -2 -3 -4 -4 -2 -3 -4 -5 -4  1  5 -3  1  0 -4 -3 -2 -2 -2  0    0   0   0   0   0   0   0   0   0   0 100   0   0   0   0   0   0   0   0   0  0.82 0.12
   49 D    1 -2  1  5 -3  0  1 -2  2 -3 -3 -1 -3 -3 -2  1  0 -4 -2 -3   13   0   3  58   0   2   2   0   8   0   0   0   0   0   0   7   8   0   0   0  0.60 0.09
   50 L   -2 -3 -4 -4 -2 -3 -3 -4 -3  1  3 -3  1  3  3 -3 -2 -2  0  0    0   0   0   0   0   0   0   0   0   6  53   0   0  20  21   0   0   0   0   0  0.52 0.08
   51 S    1 -2 -1 -1 -2 -1 -1 -1 -2 -3 -3 -1 -2 -3  4  4  1 -4 -3 -2    7   0   0   0   0   0   0   0   0   0   0   0   0   0  22  66   5   0   0   0  0.69 0.11
   52 N    1 -2  2  3 -3 -1  1  2 -1 -3 -3 -1 -3 -4  4  0 -1 -4 -3 -3   15   0  11  20   0   0  12  17   0   0   0   0   0   0  21   5   0   0   0   0  0.46 0.05
   53 E    0 -1 -1  2 -3  0  4 -2 -1 -1 -3  0 -2 -3  2  2 -1  0 -2 -2    4   2   0  14   0   0  39   0   0   6   0   0   0   0  10  22   0   2   0   1  0.39 0.07
   54 L   -2 -2  2 -2 -2 -2 -2 -3  1  0  4 -2  1 -1 -3 -1 -1 -3 -2  0    0   0  20   0   0   0   0   0   6   0  68   0   0   0   0   6   0   0   0   0  0.37 0.09
   55 F   -3 -3 -4 -4 -3 -3 -4 -4 -2  0  2 -4  0  6 -4 -3 -3  0  3 -1    0   0   0   0   0   0   0   0   0   0  23   0   0  66   0   0   0   0  11   0  0.88 0.12
   56 G   -1 -1  1  0 -3 -1  0  3  3 -3 -3  0 -2 -3  4  0  2 -3 -2 -2    0   0   5   2   0   0   4  26  15   0   0   4   0   0  21   2  20   0   0   0  0.44 0.07
   57 G    2 -3 -1 -2 -2 -2 -2  5 -3 -2  1 -2 -1 -2 -2  0 -1 -3 -3 -2   22   0   0   0   0   0   0  53   0   0  20   0   0   0   0   4   0   0   0   0  0.52 0.08
   58 V   -1 -3 -4 -4 -2 -3 -3 -4 -4  4  1 -3  0 -1 -3 -3 -1 -3 -2  5    0   0   0   0   0   0   0   0   0  27   6   0   0   0   0   0   0   0   0  66  0.59 0.10
   59 N    2  2  1 -1 -2  0  0 -1 -1 -2  0  2 -1 -2 -2  0  0 -3 -2 -1   25  12  10   0   0   0   2   0   0   0  12  27   0   0   0   3   6   0   0   2  0.18 0.05
   60 E    2 -1  0  1 -2  0  0 -1 -2 -3 -3 -1 -2 -3 -1  4  1 -3 -2 -2   24   0   2   7   0   2   4   0   0   0   0   0   0   0   0  54   8   0   0   0  0.42 0.09
   61 A    4 -2 -2 -2 -1 -1 -1 -1 -2 -1 -2 -1 -1 -3 -2  2  0 -3 -2  2   55   0   0   0   0   0   0   0   0   0   0   0   0   0   0  25   0   0   0  20  0.39 0.09
   62 C   -2 -5 -4 -5 10 -4 -5 -4 -4 -2 -2 -4 -3 -4 -4 -2 -2 -4 -4 -2    0   0   0   0 100   0   0   0   0   0   0   0   0   0   0   0   0   0   0   0  2.28 0.22
   63 G    1 -1  1 -1 -2 -1  0  5 -2 -4 -4 -1 -3 -3 -2  2 -1 -3 -3 -3    9   4   6   0   0   0   6  54   0   0   0   0   0   0   0  22   0   0   0   0  0.59 0.08
   64 R    2  1  3 -1 -2  0 -1  1 -1 -3 -3  1 -2 -3 -2  1  0 -3 -2 -2   30   8  26   0   0   3   0   7   0   0   0  11   0   0   0  14   0   0   0   2  0.27 0.05
   65 N   -1  0  2  1 -3  0  1 -2  2  0  1  2  0 -2 -2  0 -1 -3 -2 -1    0   0  19   6   0   3   8   1   6  11  19  21   0   0   0   6   0   0   0   0  0.12 0.03
   66 L   -1 -2 -2 -1 -2 -2 -2 -3  0  0  3 -2  0 -1  3 -1  1 -3 -2  1    0   0   0   4   0   0   0   0   5   0  44   0   0   0  19   0  18   0   0  10  0.31 0.05
   67 D   -1 -1  2  4 -3  1  0 -2  5 -4 -4 -1 -3 -3  3  0 -1 -4 -1 -3    2   2  13  34   0   5   0   0  27   0   0   0   0   0  14   3   0   0   0   0  0.58 0.07
   68 R   -2  6 -1 -2 -4  1 -1 -3  2 -4 -3  2 -2 -3 -3 -1 -2 -3 -2 -3    0  81   0   0   0   3   0   0   6   0   0   7   0   0   0   4   0   0   0   0  0.90 0.11
   69 S    1 -2 -1 -2 -2 -1 -2  3 -2 -1  1 -1 -1 -2 -2  2  0 -3 -1 -1    5   0   0   0   0   0   0  33   0   0  21   0   0   0   0  33   5   0   2   0  0.29 0.05
   70 R   -2  6 -1 -2 -4  2  0 -3 -1 -4 -3  3 -2 -4 -2 -1 -2 -3 -2 -3    0  72   0   0   0   6   0   0   0   0   0  21   0   0   0   0   0   0   0   0  0.88 0.10
   71 C   -1 -4 -4 -5 10 -4 -5 -4 -4 -2 -2 -4 -2 -3 -4 -2 -2 -3 -3 -2    0   0   0   0 100   0   0   0   0   0   0   0   0   0   0   0   0   0   0   0  2.11 0.18
   72 C   -1 -4 -4 -5 10 -4 -5 -4 -4 -2 -2 -4 -2 -3 -4 -2 -2 -3 -3 -2    0   0   0   0 100   0   0   0   0   0   0   0   0   0   0   0   0   0   0   0  2.11 0.18
   73 P   -2  3 -2 -2 -4 -1 -2 -3 -2 -4 -3 -1 -3 -4  7 -2 -2 -4 -3 -3    0  24   0   0   0   0   0   0   0   0   0   0   0   0  76   0   0   0   0   0  1.67 0.12
   74 V    1 -3 -3 -3 -2 -2 -2 -3 -1  1  0 -2  0  0  0 -1 -1 -1  4  3   18   0   0   0   0   0   0   0   0   2   0   0   0   0   4   0   0   0  24  52  0.32 0.07
   75 L   -2 -3 -4 -4 -2 -2 -3 -4 -3  2  4 -3  4  0 -3 -3 -2 -2 -2  1    0   0   0   0   0   0   0   0   0   8  76   0  16   0   0   0   0   0   0   0  0.59 0.08
   76 A    4 -2  3 -1 -1 -1 -1  1 -1 -2 -3 -1 -2 -3 -2  0 -1 -3 -2 -1   71   0  24   0   0   0   0   5   0   0   0   0   0   0   0   0   0   0   0   0  0.49 0.09
   77 A    5 -2 -2 -2 -1 -1 -1  0 -2 -2 -2 -1 -2 -3 -1  1 -1 -3 -2 -1   95   0   0   0   0   0   0   0   0   0   0   0   0   0   0   5   0   0   0   0  0.69 0.11
   78 W   -3 -4 -5 -5 -3 -3 -4 -4 -3 -3 -2 -4 -2  4 -5 -4 -3 11  2 -3    0   0   0   0   0   0   0   0   0   0   0   0   0  24   0   0   0  76   0   0  2.36 0.17
   79 L   -2 -3 -4 -4 -2 -3 -3 -4 -3  2  4 -3  2  0 -3 -3 -1 -2 -2  2    0   0   0   0   0   0   0   0   0   8  71   0   5   0   0   0   0   0   0  16  0.52 0.07
   80 F    1 -3 -3 -3 -2 -2 -3 -3  0 -1 -1 -2 -1  5 -3 -1 -2  1  6 -1   24   0   0   0   0   0   0   0   0   0   2   0   0  32   0   0   0   0  42   0  0.63 0.09
   81 A    4 -2 -2 -2 -1 -2 -2  0 -3  0 -2 -2 -1 -3 -2  2  0 -3 -2  1   51   0   0   1   0   0   0   5   0   7   0   0   0   0   0  19   3   0   0  13  0.37 0.13
   82 A    5 -2 -2 -2 -2 -2 -2  0 -3 -3 -3 -2 -2 -3 -2  3 -1 -4 -3 -2   73   0   0   0   0   0   0   5   0   0   0   0   0   0   0  22   0   0   0   0  0.72 0.20
   83 H   -2 -2 -2 -3 -3  0 -2 -1  6 -1 -2 -2 -2  0 -3 -2 -2 -1  6  2    0   0   0   0   0   4   0   5  27   0   0   0   0   0   0   0   0   0  42  20  0.74 0.19
   84 A    5 -2 -2 -2 -2 -2 -2 -1 -2 -2 -3 -2 -2 -3 -2  3 -1 -3 -1  0   68   0   0   0   0   0   0   0   0   0   0   0   0   0   0  25   0   0   2   5  0.64 0.19
   85 R    1  5 -2 -2 -3 -1  0 -2 -2 -4 -3  0 -2 -4  4 -1 -1 -4 -3 -3   17  51   0   0   0   0   4   2   0   0   0   0   0   0  22   2   3   0   0   0  0.72 0.17
   86 S    0 -2 -1 -2 -2 -2 -2  0 -1 -2 -2 -2 -2 -1 -1  1  5 -2  4 -1    7   1   0   0   0   0   0   5   0   0   0   0   0   0   2  10  52   0  21   2  0.51 0.17
   87 A    6 -3 -3 -3 -2 -2 -2 -1 -3 -3 -3 -2 -2 -3 -2  0  0 -4 -3 -1   94   0   0   0   0   0   0   0   0   0   0   0   0   0   0   2   4   0   0   0  0.96 0.24
   88 L    0 -2  0 -3 -2 -2 -2 -3 -2  0  4 -2  2 -1 -2 -2 -1 -2 -2  0    8   1   8   1   0   1   1   1   0   1  68   1   5   1   1   1   1   0   0   1  0.40 0.12
   89 Q    0  1  0  0 -2  1  1  2  3 -2 -2  1 -2 -2 -1  1 -1 -2 -1 -2    7   9   1   3   0   9   8  16  11   1   3   9   0   1   1  19   1   0   0   1  0.20 0.06
   90 L    0  2 -1 -1 -1  0 -1 -1  0  0  0  0  0 -2  0  1  1 -2 -1  1    9  17   1   1   0   2   2   4   2   4   8   1   0   1   3  16   8   0   1  20  0.08 0.04
   91 P    1 -1 -1 -1 -1  0 -1  0  0 -1 -1  0  0 -2  3  2  1 -2 -2 -1   14   2   1   3   0   4   1   4   3   5   6   3   3   1  16  26   8   0   1   1  0.20 0.05
   92 A    2  0 -1 -1 -1 -1  0  1 -2 -1 -2  0 -1 -2  3  0  1 -2 -2 -1   34   4   1   1   0   1   3  12   0   6   2   5   0   1  14   5   8   0   1   1  0.24 0.06
   93 P    2  1 -1 -1 -1 -1 -1  0 -2 -1  0 -1  0 -2  2  1  0 -2 -2  0   23  11   1   1   0   1   1   7   0   1   9   1   3   1  13  19   1   0   1   7  0.18 0.05
   94 A    3  0 -1 -2 -2 -1 -1  2  0 -2 -2  0 -2 -2  3  0  0 -2 -2 -1   38   4   1   1   0   1   1  16   3   1   1   4   0   2  14   4   5   0   0   3  0.29 0.07
   95 P    2  0 -1 -1 -2 -1  0 -1 -2 -1 -1  0 -1 -1  4  1  0 -3 -2  0   21   4   1   2   0   1   7   3   0   1   4   5   0   3  27  11   2   0   0   8  0.35 0.07
   96 T    2 -1 -1 -1 -2  0  1  0  1 -2 -2 -1 -1 -2  3  1  1 -3 -2 -1   34   1   1   1   0   2   9   4   4   1   3   2   0   1  19   8   7   0   1   2  0.32 0.07
   97 P    2  0  0 -1 -1  0 -1  1  0 -2 -2 -1 -1 -2  3  2  1 -2 -2 -1   22   4   2   1   0   3   1   9   3   1   3   1   0   1  15  24   7   0   1   3  0.25 0.06
   98 E    1  0  1 -1 -1  0  0 -1  2 -1 -1 -1 -1 -2  1  1  0 -2  0  0   17   5   8   1   0   3   5   3   7   1   4   1   0   1   5  17   5   0   3  14  0.09 0.03
   99 S    2 -1  2 -1 -2 -1 -1  0 -2 -2  0 -1 -1 -2 -2  2  1 -3 -2 -1   31   2  15   0   0   0   2   5   0   0  12   0   0   0   0  23   8   0   0   0  0.22 0.09
  100 S    2 -2  0 -1 -1 -1 -1  1 -2 -1  0 -1  0 -2  2  1  1 -2  0  0   27   0   4   2   0   0   0   8   0   0   9   0   2   0  12  14   9   0   5   5  0.17 0.06
  101 D    1 -1  0  2 -2  0  0  1 -2 -1 -2 -1 -2 -3  0  2  1 -3 -2  0    9   0   2  13   0   4   6  10   0   0   1   0   0   0   5  29   9   0   0  11  0.20 0.06
  102 P    0 -2 -1  1 -2 -1  0 -2 -1  1 -1 -1  0  0  0 -1  1 -2  2  2   12   0   0   9   0   0   9   1   0  11   2   0   1   2   5   0  11   0  13  23  0.10 0.06
  103 D   -2 -1  2  6 -4 -1  2 -2  0 -3 -4 -1 -3 -4 -2 -1 -2 -4 -3 -3    1   2   9  67   0   0  12   1   2   2   1   0   0   0   0   1   0   0   0   0  0.91 0.16
  104 E   -1 -2 -2 -3 -2 -1 -1  0 -2  0  3 -2  5  0 -1 -1 -1 -2 -2  0    1   0   0   0   0   2   4   9   0   0  43   0  30   1   3   3   0   0   0   0  0.34 0.12
  105 P   -2 -3 -2 -2 -3 -2 -2  1 -3 -3 -3 -2  0 -4  7 -2 -2 -4 -3 -3    1   0   0   0   0   0   0  14   0   0   2   0   4   0  74   1   0   0   0   0  1.60 0.21
  106 M   -1 -2 -3 -3 -2 -2 -3 -1 -3  1  3 -2  4 -1 -3 -2 -1 -2 -2  3    1   0   0   0   0   0   0   4   0   0  30   0  22   0   0   1   0   0   0  38  0.39 0.12
  107 K   -1 -2 -2 -3 -2 -2 -2 -3 -3  0  3 -1  3 -1  2 -1  1 -2 -2  1    1   0   0   0   0   0   0   1   0   0  38   3  15   0  14   1  14   0   0  12  0.30 0.09
  108 P   -1 -3 -2 -2 -3 -2 -2 -3 -3 -3 -3 -2 -3 -4  7  1 -2 -4 -3 -3    1   0   0   0   0   0   0   1   0   0   1   0   0   0  79  14   0   0   0   0  1.80 0.22
  109 D   -3 -2  0  7 -4 -1  0 -2 -2 -4 -4 -2 -3 -3 -2 -1 -2 -3  2 -4    1   0   0  83   0   0   0   1   0   0   1   0   0   0   0   1   0   0  10   0  1.18 0.21
  110 D   -2 -2  0  6 -4 -1  0 -2 -2 -3  0 -2 -2 -3 -2 -1 -2 -4 -3 -3    1   0   0  79   0   0   0   1   0   0  14   0   0   0   0   1   0   0   0   0  1.01 0.19
  111 S    1 -2  2 -1 -2 -1 -1 -1 -2 -2 -3 -1 -2 -3 -2  4  1 -3 -2 -1   11   0  10   0   0   0   0   1   0   0   1   0   0   0   0  64   6   0   0   4  0.51 0.15
  112 Q   -1 -1 -1  0 -4  4  5 -3 -1 -3 -3  0 -2 -4 -2 -1 -2 -3 -2 -3    4   0   0   0   0  30  59   1   0   0   1   0   0   0   0   1   0   0   0   0  0.83 0.18
  113 K    0  1 -1 -1 -2  0  1 -2 -2  0 -1  2 -1 -2 -2  0  3 -3 -2  0    8  10   0   0   0   0  15   1   0  10   1  17   0   0   0   1  31   0   0   4  0.22 0.08
  114 C   -2 -5 -4 -5 11 -5 -5 -4 -5 -3 -3 -5 -3 -4 -4 -2 -2 -4 -4 -2    0   0   0   0 100   0   0   0   0   0   0   0   0   0   0   0   0   0   0   0  2.65 0.36
  115 V    2 -3 -3 -3 -2 -2 -2 -3 -3  2  1 -2  0 -2 -3 -1 -1 -3 -2  4   27   0   0   0   0   0   2   0   0  14   8   0   0   0   0   0   0   0   0  49  0.39 0.13
  116 N    1 -2  3  3 -3  0  0  3  2 -3 -3 -1 -2 -3 -2  0  0 -4 -2 -2   13   0  22  19   0   3   1  24   8   0   0   0   0   0   0   5   5   0   0   1  0.37 0.09
  117 T    2 -2  1  1 -2 -1  0  0 -2 -3 -3 -1 -2 -3 -2  3  2 -4 -3 -2   28   0   4   9   0   0   3   6   0   0   0   0   0   0   0  38  12   0   0   0  0.38 0.12
  118 L    1 -3 -4 -4 -2 -3 -3 -3 -3  3  3 -3  1  0 -3 -2 -1 -3 -2  1   21   0   0   0   0   0   0   0   0  23  52   0   0   1   0   0   1   0   0   1  0.41 0.12
  119 Q   -1 -1  0  2 -3  3  2  3 -1 -4 -4 -1 -2 -4 -2  2 -1 -3 -3 -3    0   0   0  14   0  24  15  24   0   0   0   0   0   0   0  24   0   0   0   0  0.47 0.12
  120 S    0  4  0  0 -3  1  1 -2 -1 -3 -3  3 -2 -3 -2  1 -1 -3 -2 -3    9  37   1   5   0   5   9   0   0   0   0  19   0   0   0  13   2   0   0   0  0.45 0.11
  121 A    4 -2 -1 -2 -1 -1 -2  1 -2 -2 -3 -1 -2 -3 -2  2  2 -3 -3 -1   59   0   0   0   0   0   0   6   0   0   0   0   0   0   0  18  17   0   0   0  0.53 0.15
  122 L   -2 -3 -4 -5 -2 -3 -4 -5 -4  1  5 -3  4  1 -4 -3 -2 -2 -2  0    0   0   0   0   0   0   0   0   0   0  82   0  14   4   0   0   0   0   0   0  0.81 0.19
  123 L   -1  3 -1 -1 -3  1  3 -3  1 -2  0  2 -1 -3 -2 -1 -1 -3 -2 -1    2  21   1   0   0   6  34   0   4   0  17  10   0   0   0   3   0   0   0   3  0.32 0.10
  124 T    2  1  0 -1 -2  0  0  0 -2 -1  0  0 -1 -2 -2  2  0 -3 -2  0   21   9   4   1   0   4   2   5   0   1  14   4   0   0   0  24   4   0   0   6  0.12 0.06
  125 K    1  5 -2 -2 -3  0  0 -3 -1 -3 -3  2 -2 -1 -3 -1 -2 -2  4 -2   18  46   0   0   0   0   4   0   0   0   0   9   0   0   0   2   0   0  22   0  0.54 0.15
  126 Q   -1 -3  2 -2 -4 -1 -3  6 -2 -5 -5 -2 -4 -4 -3 -1 -2 -4 -4 -4    0   0  13   0   0   2   0  83   0   0   0   0   0   0   0   1   0   0   0   0  1.23 0.21
  127 I    2 -3 -4 -4 -2 -3 -3 -3 -4  4  0 -3  0 -2 -3 -2 -1 -4 -2  4   21   0   0   0   0   0   0   0   0  40   0   0   0   0   0   0   0   0   0  40  0.50 0.15
  128 K    1  1  0  0 -2  1  2 -1  1 -2 -2  1 -1 -2 -1  2  1 -3 -2 -2   21  11   1   5   0   2  21   1   3   2   1   6   0   0   1  17   7   0   0   1  0.21 0.06
  129 I   -1 -2 -3 -3 -1 -2 -2 -3 -2  2  4 -2  1  0 -2 -2 -1 -2 -1  1    2   1   1   1   0   1   1   2   0  18  62   1   2   1   1   2   1   0   1   1  0.39 0.09
  130 P   -1 -2 -2 -2 -2 -2 -2 -2 -2 -1 -2 -2  0  0  6 -1  1 -3 -2  0    2   1   1   1   0   1   1   1   0   3   1   1   3   5  56   1  11   0   1   9  0.99 0.13
  131 Q   -1  4 -1 -2 -3  3  0 -2 -1 -2 -1  2 -1 -3  2 -1  0 -3 -2 -2    1  32   0   0   0  25   1   1   0   0   7  13   0   0  10   1   7   0   0   1  0.44 0.11
  132 P    0  1 -3 -2 -3 -2 -2 -3 -3 -3 -2 -1 -3 -4  7 -1 -1 -4 -3 -3    6   9   0   0   0   0   0   0   0   0   4   0   0   0  74   2   2   0   0   0  1.58 0.21
  133 N   -1 -2  7  0 -4  0 -1 -2  1 -4 -4 -1 -3 -4  0 -1 -1 -5 -3 -4    5   0  86   0   0   2   0   0   3   0   0   0   0   0   4   0   0   0   0   0  1.21 0.25
  134 S    4 -2 -2  0 -2 -1  2  1 -2 -3 -3 -1 -2 -3  0  1 -1 -3 -3 -2   57   0   0   3   0   0  20  10   0   0   0   2   0   0   2   5   0   0   0   0  0.45 0.14
  135 S    1 -2 -1 -2 -2 -2 -2 -2 -3 -2 -2 -2 -2 -3 -1  2  6 -4 -3 -1    8   0   0   0   0   0   0   0   0   0   0   0   0   0   2  17  73   0   0   0  0.78 0.21
  136 C   -1 -3 -3 -3 10 -3 -3 -3 -3 -2 -2 -3 -2 -3 -2 -1 -1 -2 -2 -2    2   1   1   1  79   1   1   2   0   1   2   1   0   1   1   2   1   0   1   1  1.63 0.21
  137 D   -2 -2  0  6 -3 -1  1 -2 -2 -3 -3 -1 -3 -3 -2 -1 -1 -3 -3 -3    2   1   1  80   0   1   1   2   0   1   2   1   0   1   1   2   1   0   1   1  1.02 0.16
  138 A    1 -2 -2 -2 -1 -1 -2 -2 -2  1  0 -1  2 -1  0 -1  1 -2 -1  3   19   1   1   1   0   1   1   2   0   1   5   1   7   1   4   2  10   0   1  42  0.18 0.07
  139 I    1 -2 -2 -2 -1 -2 -2 -2 -2  2  0 -2  0 -1  2  0  0 -2 -1  3   16   1   1   1   0   1   1   2   0  14   2   1   0   2  11   5   1   0   1  38  0.20 0.06
  140 L   -2 -2 -2 -3 -2 -1 -2 -3 -1  0  2 -2  0  4 -2 -2 -2  0  4 -1    2   1   1   1   0   4   1   2   0   1  32   1   0  24   1   2   1   0  22   1  0.36 0.08
  141 C   -2 -4 -4 -4 10 -4 -4 -4 -4  0 -2 -4 -2 -3 -4  0 -2 -4 -4  0    0   0   0   0  78   0   0   0   0   5   0   0   0   0   0   9   0   0   0   8  1.73 0.28
  142 F   -3 -3 -2 -4 -4 -3 -4 -4 -1 -2 -1 -4 -2  6 -5 -3 -3  0  6 -2    0   0   2   0   0   0   0   0   0   0   0   0   0  55   0   0   0   0  43   0  1.31 0.24
  143 C   -2 -5 -4 -5 11 -5 -5 -4 -5 -3 -3 -5 -3 -4 -4 -2 -2 -4 -4 -2    0   0   0   0 100   0   0   0   0   0   0   0   0   0   0   0   0   0   0   0  2.65 0.36
  144 G   -1  0 -2 -2 -4 -3 -3  6 -3 -5 -5 -2 -4 -4 -3 -1 -3 -4 -4 -4    0   8   0   0   0   0   0  92   0   0   0   0   0   0   0   0   0   0   0   0  1.42 0.23
  145 I   -2 -4 -4 -4 -2 -3 -4 -4 -4  5  2 -3  0  1 -4 -3 -1 -3 -1  3    0   0   0   0   0   0   0   0   0  59  14   0   0   8   0   0   0   0   0  20  0.61 0.15
  146 R   -2  6 -2 -3 -4  0 -2  2 -2 -4 -4  1 -3 -4 -3 -2 -2 -4 -3 -4    0  78   0   0   0   0   0  22   0   0   0   0   0   0   0   0   0   0   0   0  1.09 0.23
  147 L   -2 -3 -3 -4 -2 -3 -3 -4 -4  0  5 -3  1 -1 -3 -2  2 -3 -2  0    0   0   0   0   0   0   0   0   0   0  78   0   0   0   0   0  22   0   0   0  0.67 0.18
  148 H   -2  4 -1 -2 -4  0 -1 -3  8 -4 -4  3 -3 -3 -3 -2 -2 -4 -1 -4    0  27   0   0   0   0   0   0  51   0   0  22   0   0   0   0   0   0   0   0  1.04 0.22
  149 Q   -2  3 -2 -2 -3  4 -1 -3  1  2 -2  0 -1 -3  3 -1 -2 -3 -2 -1    0  24   0   0   0  28   0   0   5  22   0   0   0   0  19   3   0   0   0   0  0.47 0.14
  150 I   -1 -2 -2 -2 -2 -2 -2 -2 -2  3  2 -2  1 -1  4 -2 -1 -2 -2  0    2   1   1   1   0   1   1   2   0  28  28   1   4   1  23   2   1   0   1   1  0.36 0.07
  151 S    2 -2 -1 -2 -1 -1 -1  1 -2  0 -1 -1 -1 -2 -1  1  2 -2 -2  2   22   1   1   1   0   1   1  13   0   1   2   1   0   1   1  11  19   0   1  21  0.18 0.09
  152 S   -1 -1  1 -1  7 -1 -1 -2 -2 -2 -1  1 -2 -2 -2  3  0 -2 -2 -2    2   1   9   1  32   1   1   2   0   1   6   9   0   1   1  29   1   0   1   1  0.48 0.16
  153 L    0 -2 -3 -3 -2 -2 -3  1 -2  0  3 -2  0  1 -3 -2 -2 -1  3  0   11   0   0   0   0   0   1  13   0   0  47   0   0   3   0   1   0   0  16   4  0.30 0.15
  154 S    1  1  1  2 -2 -1 -1 -1 -1 -3 -3 -1 -2 -3  1  2  1 -3 -2 -2   14  11   7  17   0   0   1   1   0   0   1   0   0   0   8  27  12   0   0   1  0.30 0.13
  155 C   -2 -3 -3 -4  9  0 -3 -3  2 -3 -3 -3 -3 -3  2 -2 -2 -3 -3 -2    1   0   0   0  69   5   1   1   7   0   1   0   0   0  12   1   0   0   0   1  1.61 0.36
  156 P    0 -2 -1  0 -3 -1  0  0 -2 -3 -3  0 -3 -3  7  0 -1 -3 -3 -3    5   1   3   4   0   1   5   8   0   1   1   4   0   0  57   8   1   0   0   1  1.08 0.22
  157 A    2 -2  0  0 -2  0  2  2 -2 -2 -2 -1 -2 -1 -2  0  0 -3 -2 -1   23   0   3   5   0   4  22  23   0   0   1   0   0   4   0   2   5   0   0   6  0.24 0.11
  158 A    3  1 -1 -2 -2 -1  0  2 -2 -2 -1  0 -1 -2 -2  1 -1 -3 -2 -1   43  12   1   1   0   1   8  15   0   1   6   2   0   1   1   8   1   0   0   1  0.27 0.13
  159 F    0  0 -2 -2 -2 -2 -2  0 -2 -1 -1 -2 -1  5 -2 -1  0 -1  2  0   12   5   1   1   0   1   1   8   0   1   2   1   0  45   1   1   8   0   4   7  0.34 0.14
  160 N    1  0  3 -1 -2 -1 -1  1 -1 -2 -2  0 -2 -2 -1  2  2 -2 -2 -2   11   4  21   1   0   1   1  12   0   1   2   5   0   1   1  16  19   0   1   1  0.24 0.09
  161 V    0  0 -2 -2 -1 -1  0 -2 -2  1  1 -1  0 -1 -2 -1  0 -2 -1  3    7   8   1   1   0   1   8   2   0   3  11   1   0   1   1   1   7   0   1  44  0.17 0.10
  162 S    0  0  2  0 -2  0  1  1 -1 -1 -2  0 -1 -2  1  1  2 -2 -2  0    1   5  11   2   0   1  12  10   0   1   2   4   0   1   5  17  17   0   1   9  0.16 0.07
  163 S    1 -1  0  0 -2  2  0  1 -1 -2 -1  0 -1 -2  1  1  1 -2 -2 -1   20   2   3   3   0  13   6   8   0   1   5   3   0   1   8  12   8   0   1   5  0.15 0.06
  164 G    1 -1  0 -1 -2  0  0  3  0 -2 -1  0  2 -2 -1  1 -1 -2 -2 -1   11   1   3   1   0   5   5  28   3   1   5   5  12   1   1  16   1   0   1   1  0.20 0.09
  165 F    1 -2  0 -1 -2 -1  0  3  1 -1  0 -1  1  0 -2  0 -1 -2  0 -1   11   1   3   1   0   1   8  34   6   1  15   1   5   5   1   3   2   0   3   1  0.20 0.09
  166 K   -1  2 -1 -1 -2  2  0  0  4 -2 -1  2  0 -2  0 -1 -1  2 -1 -2    2  13   1   1   1  10   5   9  15   1   4  15   5   1   5   2   2   4   1   2  0.18 0.07
  167 N    1 -1  2 -1 -2  1  1 -1 -1 -1 -2  0 -1 -2 -1  2  0  5 -1 -1   17   1  15   1   0   6   8   1   0   6   1   3   0   1   1  20   5  10   1   4  0.21 0.09
  168 A    2 -2 -2 -2 -1 -1 -2 -2  1  0  2 -2  0 -1  2  1 -1 -2 -2  0   26   0   0   1   0   0   1   1   4   3  33   1   0   0  12  11   1   0   0   5  0.20 0.11
  169 T    1 -2 -2 -2 -2 -1  0  0 -2  0 -1 -1 -1 -2  4  0  1 -3 -2  2   12   1   1   1   0   1   6   6   0   3   1   1   0   0  27   3  13   0   0  25  0.37 0.12
  170 P    1 -2 -1  0 -2  0 -1  3 -2 -2 -2 -1 -2  0  3  0 -1 -2 -2 -1   15   1   1   5   0   6   1  31   0   1   1   1   0   5  19   5   1   0   0   8  0.35 0.10
  171 T   -1 -2  2  3 -3 -1  0  2 -1 -2 -2 -1 -2  1 -2  0  1 -2 -1 -2    1   1  12  27   0   1   5  23   0   1   1   1   0  10   1   1  15   0   0   1  0.32 0.12
  172 A    2  2 -1 -1 -2  1  1  1 -1 -2 -2  1 -1 -2 -1  0  0 -2 -2 -1   30  17   1   1   0   8  10   8   0   1   2   8   0   1   1   5   5   0   1   1  0.21 0.08
  173 A    3  1  1 -1 -1 -1 -1 -1  1 -1 -2  0  1 -2 -1  2  0 -2 -2 -1   34  11   7   1   0   1   1   1   6   4   1   1   5   1   1  23   1   0   0   1  0.21 0.11
  174 V    1 -2 -2 -2 -1 -2 -2 -2 -2  1  1 -2  0  2 -2 -1 -1 -2 -1  3   19   1   1   1   0   1   1   1   0   1   7   1   0  11   1   1   1   0   1  50  0.22 0.08
  175 K   -1  4  0  0 -2  0  0  0  0 -2 -2  3 -2 -3 -1  1  0 -2 -2 -2    1  33   1   5   0   1   2   6   2   1   2  28   0   1   1  11   4   0   1   1  0.34 0.08
  176 N   -1  4  2  2 -3  0  0 -1  2 -3 -2  1 -2 -2 -2  0 -1 -3 -1 -2    5  35  13  15   0   1   5   3   8   1   2   6   0   1   1   1   1   0   1   1  0.32 0.07
  177 L   -1  1 -2 -3 -2 -2 -2 -3 -2  1  4 -1  1  0 -2 -2 -1 -2 -1  1    1  11   1   1   0   1   1   1   0   1  62   1   0   1   1   1   1   0   1  13  0.31 0.08
  178 E    0  0 -1  0 -3  2  5 -2 -1 -3 -3  3 -2 -4 -2  0 -1 -3 -3 -3    7   0   0   0   0   5  53   0   0   0   0  26   0   0   0   6   0   0   0   0  0.60 0.14
  179 K   -1  4  0  0 -4  0  0 -2 -1 -3 -3  5 -2 -4 -2  0  0 -4 -3 -3    0  28   2   6   0   0   0   0   0   0   0  54   0   0   0   5   5   0   0   0  0.62 0.14
  180 E   -1 -1  5  3 -3  0  0 -1 -1 -4 -4  2 -3 -4 -2  1 -1 -4 -3 -3    3   0  50  23   0   0   2   0   0   0   0  15   0   0   0   8   0   0   0   0  0.66 0.14
  181 C   -2 -4 -4 -4 10 -4 -5 -4 -4 -3 -3 -4 -3 -4 -4 -2  2 -4 -4 -2    0   0   0   0  85   0   0   0   0   0   0   0   0   0   0   0  15   0   0   0  2.06 0.33
  182 R    0  3 -2 -3 -3 -1 -2 -3 -2 -1  1  1 -1  4 -3  0 -1 -2  0 -2   12  30   0   0   0   0   0   0   0   0  14  11   0  26   0   7   0   0   0   0  0.29 0.12
  183 N   -1  0  4  1  3  0 -1 -2 -1 -2  0 -1 -1 -3 -3  1 -1 -3 -2 -1    0   5  34   5  10   4   1   0   0   0  16   2   0   0   0  17   0   0   0   5  0.27 0.11
  184 S    1 -2  1 -1 -3 -1  1  0 -2 -3 -3 -1 -3 -4  5  3  0 -4 -3 -3    9   0   9   0   0   0  10   4   0   0   0   1   0   0  33  32   1   0   0   0  0.66 0.14
  185 S    0 -2 -1 -1 -2  1  0  3 -2 -3 -2 -1 -2  2 -2  3  0 -3 -1 -2    0   0   0   0   0   9   5  22   0   0   3   0   0  13   0  46   2   0   0   0  0.36 0.14
  186 Y   -1 -2 -2 -2 -2 -1 -1 -3  1  0  2 -2  0  0  0 -1  1 -1  3  1    1   1   1   1   0   1   6   1   4   2  33   1   0   1   4   4  10   0  20   9  0.16 0.07
  187 S    2 -1  0 -1 -1 -1 -1  1  1 -2 -2 -1 -2 -2  3  1  1 -2 -2 -1   31   1   5   1   0   1   1  12   6   1   1   1   0   1  13  13  12   0   0   1  0.27 0.07
  188 G    0 -2 -1 -2 -2 -2 -2  5 -1 -3 -3  0 -2 -2 -2  1 -1 -2  2 -3    3   1   1   1   0   1   1  60   0   1   1   6   0   1   1  10   1   0  11   1  0.63 0.12
  189 C   -1 -2 -2 -3  9 -2 -2 -2 -3 -2 -2  0 -2 -3 -2  1 -1 -3 -3 -2    1   1   1   1  66   1   1   1   0   1   1  10   0   1   1  11   1   0   0   1  1.22 0.20
  190 T    0  1  1  1 -2 -1 -1 -1 -1 -2  0  0 -1 -2 -1  3  2 -3 -2 -1    1   7   5  10   0   1   1   1   0   1  12   6   0   1   1  39  14   0   0   1  0.21 0.08
  191 R   -1  3  1 -1 -3  1  0 -2 -1 -3 -3  4 -2 -3 -1  1 -1 -3 -2 -2    1  15   5   1   0   3   1   1   0   1   1  51   0   1   1  15   1   0   0   1  0.45 0.12
  192 C   -1 -3 -3 -3  9 -2  0 -3 -3 -2 -2 -2  3 -3 -3 -2 -2 -3 -3 -2    1   1   1   1  66   1  10   1   0   1   1   1  11   1   1   1   1   0   0   1  1.24 0.21
  193 L   -1 -2 -3 -3 -1 -2 -3 -3 -3  2  3 -2  1  0 -2 -2 -1 -2 -1  2    1   1   1   1   0   1   1   1   0  12  53   1   0   1   1   1   1   0   1  22  0.37 0.11
  194 G    0  0  2 -1 -2  2  0  0  1 -1 -1  0 -1  1 -2  0 -1 -2 -1 -1   12   6  20   1   0  13   1   8   5   4   6   4   0  10   1   4   1   0   1   4  0.09 0.05
  195 A    3 -2 -1 -1 -1 -1 -1  1 -2 -2 -2 -1 -2 -2  2  2  1 -3 -2 -1   40   1   1   1   0   1   1   7   0   1   1   1   0   1  10  24   8   0   1   1  0.34 0.11
  196 L    0 -3 -3 -3 -2 -2 -3  0 -3  0  4 -3  1 -1 -3 -2 -2 -2 -2  0    9   1   1   1   0   1   1   9   0   1  73   1   0   0   1   1   1   0   0   1  0.53 0.19
  197 Q   -1 -1  2  1 -3  3  0 -2  1 -2 -2  0 -2 -1  2  0  1 -1  3 -2    3   1  14   9   0  22   1   1   2   1   1   2   0   0   9   4  11   0  19   1  0.31 0.14
  198 K    0  0  2 -1 -2  2  0 -2 -1 -1  1  3  1 -2 -2  0  0  2 -2 -1    6   0  12   0   0  12   0   0   0   0  17  28   4   0   0   7   8   3   0   0  0.18 0.13
  199 L    0 -2 -2 -3 -2  1 -2 -3 -2  2  3 -2  0 -1 -2  0  0 -3 -2  2    7   0   0   0   0  11   0   0   0   9  40   0   0   0   0   8   5   0   0  17  0.23 0.14
  200 K   -1  1  2  0 -3  1  0 -1 -1  0 -2  3 -2 -3  2  0 -1 -3 -2  0    1   5  13   4   0   4   1   4   0   6   1  34   0   0  11   6   1   0   0   8  0.25 0.13
  201 V    1 -1  1  0 -2 -1 -1  2 -2 -1  0  0 -1 -1 -2 -1 -1  5  0  0   14   1   8   4   0   1   1  19   0   1  12   9   0   0   1   1   1  11   4  12  0.16 0.10
  202 R    0  0  1  1 -3  0  1  1  0 -2 -3  1 -2 -2 -2  0  0  4  0 -1    5   5   6   6   0   0  14  15   2   0   1  14   0   0   0   5   8   8   4   5  0.20 0.11
  203 G    0  2  2 -1 -2 -1 -1  1 -1  0 -1  1 -1 -2 -2  1  1 -3 -2 -1    5  15  11   0   0   0   1  15   0   8   6  11   0   0   0  11  11   0   0   4  0.14 0.10
  204 G    2  0  2  0 -2  0  0  2 -1 -3 -2  1 -2 -3 -1  1  0 -3 -3 -2   26   6  11   2   0   3   7  18   0   0   2   8   0   0   2  10   5   0   0   0  0.24 0.08
  205 N    0  0  3  1 -2  0  0  1  0  0 -2  0 -1 -3  0  1  0 -3 -2 -1    7   4  20  10   0   5   1  10   2  14   0   7   0   0   3  12   3   0   0   3  0.14 0.06
  206 K    0  0  1  0  0  0  0 -1  0 -3 -3  2 -2 -3  3  2  2 -3 -2 -2    5   1   7   2   2   0   6   4   3   0   1  23   0   0  14  17  14   0   0   1  0.29 0.09
  207 K    1  0  0 -1 -2 -1  0  0 -2 -2 -3  2 -2 -3  3  2  0 -4 -3  0    9   2   4   0   0   0   6   7   0   0   0  17   0   0  14  28   3   0   0  10  0.28 0.10
  208 T    2  0 -1 -1 -2 -1  1  2  0 -1 -3  2 -2 -3 -2  1  1 -3 -2 -2   21   2   0   0   0   0  10  21   3   5   0  20   0   0   0   8  10   0   0   0  0.25 0.10
  209 T    1  0  2  0 -2  1  0  2 -1 -2 -1  0 -2 -3 -1  1  1 -3 -3 -2   14   2  16   3   0   8   3  18   0   0   6   4   0   0   2  12  11   0   0   0  0.21 0.07
  210 T    0  0  2  1 -3  0  2  1  3 -2 -3 -1 -2 -3 -2  1  0 -3 -2 -2   10   3  10   9   0   3  14  11  14   3   0   0   0   0   0  15   5   0   0   2  0.23 0.08
  211 E    1  2  1  4 -3 -1  1  0 -2 -4 -4 -1 -3 -4  0  0 -1 -4 -3 -3   19  14   6  37   0   0  10   5   0   0   0   0   0   0   4   5   0   0   0   0  0.46 0.13
  212 R    0  5 -2 -3 -4  0 -1 -2  2  1 -2  2 -2 -3 -3 -2 -2 -4 -2 -1    7  52   0   0   0   3   0   2   5  14   0  15   0   0   0   0   0   0   0   3  0.60 0.18
  213 G    2  0 -1 -1 -2  0 -1  3 -2 -2 -2 -1 -2 -3 -2  2  2 -3 -2 -1   28   4   0   0   0   2   3  28   0   0   0   0   0   0   0  16  17   0   0   2  0.33 0.06
  214 T    1  2  0 -1 -2  0 -1 -1 -1 -2 -3  1 -2 -3  3  2  2 -3 -2 -2   12  14   1   0   0   4   0   3   0   0   0  12   0   0  17  20  17   0   0   0  0.34 0.05
  215 K    0  2 -1 -2 -3  2  0 -1 -1 -2 -2  4 -1  2 -2  0  0 -2 -1 -2    5  10   0   0   0  11   0   3   0   0   0  46   0  17   0   2   5   0   0   0  0.31 0.07
  216 M   -1 -1 -2 -2 -2  0  1 -3 -2  1  2  0  5 -1  1 -1 -1 -2 -2  0    1   0   0   0   0   3  11   1   0   7  24   4  36   0   7   3   0   0   0   0  0.22 0.06
  217 M   -1  2 -1 -1 -3  1  2 -2  4 -2 -1  0  0  1 -2  1 -1 -2  1 -2    0  15   0   0   0   2  18   0  23   0   9   4   2  10   0  13   0   0   3   0  0.22 0.04
  218 S    0  1  3  1 -2  1  1  1  1 -3 -3  0 -2 -3 -2  2  0 -3 -2 -3    0   7  24   8   0   5  11   8   3   0   0   0   0   0   0  30   4   0   0   0  0.33 0.05
  219 K   -2  4 -1 -1 -3  0  0 -3 -1 -1  1  2  1 -2 -2 -1 -1 -3 -2 -1    0  45   0   2   0   0   5   0   0   0  24  18   6   0   0   0   0   0   0   0  0.37 0.07
  220 D   -2 -2  3  6 -4 -1  1  0 -1 -4 -4 -1 -3 -4 -2 -1 -1 -5 -3 -4    0   0  18  71   0   0   5   6   0   0   0   0   0   0   0   0   0   0   0   0  0.92 0.10
  221 C   -1 -4 -3 -4  9 -3 -4 -3 -4 -2 -2 -3 -2 -3 -3 -1  2 -3 -3 -1    0   0   0   0  82   0   0   0   0   0   0   0   0   0   0   0  18   0   0   0  1.54 0.15
  222 Q   -2  1  0 -1 -4  5  3 -3  5 -3 -3  0 -2 -3 -2 -1 -2 -3 -1 -2    0   4   0   0   0  48  20   0  25   0   0   0   0   0   0   0   0   0   0   3  0.66 0.10
  223 L   -2 -3 -4 -4 -2 -3 -3 -4 -3  1  5 -3  3  0 -4 -3 -2 -2 -2  0    0   0   0   0   0   0   0   0   0   0  94   0   6   0   0   0   0   0   0   0  0.70 0.10
  224 M   -2 -2 -3 -4 -2 -1 -3 -3 -2  1  1 -2  7  0 -3 -2 -2  7 -1  0    0   0   0   0   0   0   0   0   0   3   0   0  77   0   0   0   0  19   0   0  0.83 0.11
  225 G    0 -3 -1 -2 -3 -2 -3  6 -3 -4 -4 -2 -3 -4 -3 -1 -2 -3 -3 -3    5   0   0   0   0   0   0  95   0   0   0   0   0   0   0   0   0   0   0   0  1.16 0.08
  226 L   -2 -2 -3 -3 -2  2 -2 -4 -2  1  4 -2  1  0 -3 -2 -1 -2 -1  0    0   0   0   0   0  19   0   0   0   8  73   0   0   0   0   0   0   0   0   0  0.37 0.06
  227 T   -1 -2 -1 -2 -1 -1 -2 -2 -2 -1 -1 -1  3 -2 -2  1  5 -3 -2  0    0   0   0   0   0   0   0   0   0   0   0   0  22   0   0   0  78   0   0   0  0.53 0.09
  228 W   -3 -3 -4 -5 -3 -3 -4 -3 -3 -3 -2 -4 -2  3 -4 -3 -3 11  2 -3    0   0   0   0   0   0   0   0   0   0   0   0   0  19   0   0   0  81   0   0  2.28 0.13
  229 L   -2 -3 -4 -4 -2 -3 -3 -4 -3  1  4 -3  1  3 -3 -3 -2 -1  0  1    0   0   0   0   0   0   0   0   0   0  77   0   0  19   0   0   0   0   0   4  0.50 0.06
  230 L   -2  2 -3 -4 -2 -2 -2 -4 -2  1  4 -1  1  0 -3 -2 -2 -2 -2  0    0  19   0   0   0   0   0   0   0   0  81   0   0   0   0   0   0   0   0   0  0.43 0.06
  231 A    3 -1  1 -1 -2  2  0  0  0 -2 -2  0 -1 -3 -1  1  0 -3 -2 -1   53   0  12   0   0  22   0   5   3   0   0   0   0   0   0   5   0   0   0   0  0.31 0.05
  232 R   -2  5 -1  0 -4  1  0 -2 -1 -3 -3  4 -2 -3 -2 -1 -1 -3 -2 -3    0  61   0   4   0   0   0   0   0   0   0  33   0   0   0   0   2   0   0   0  0.69 0.07
  233 N    1 -1  6  1 -3 -1 -1 -1  0 -3 -3 -1 -2 -3 -2  0  0 -4 -3 -3   19   0  81   0   0   0   0   0   0   0   0   0   0   0   0   0   0   0   0   0  0.74 0.08
  234 K    2  3 -1 -1 -2  0  0 -1 -1 -3 -2  3 -2 -3  1  0  0 -3 -2 -2   26  23   0   0   0   0   0   0   0   0   0  43   0   0   5   0   3   0   0   0  0.38 0.05
  235 T    2 -1 -1 -2 -1 -1 -1 -2 -2 -1 -2 -1 -1 -3 -1  1  5 -3 -2 -1   19   3   0   0   0   0   0   0   0   0   0   0   0   0   0   4  73   0   0   0  0.49 0.07
  236 A    2  3 -1 -2 -2  0 -1  2 -1 -2 -2  0 -1 -3 -2  0 -1 -3 -2 -1   28  35   0   0   0   1   1  22   0   0   3   0   0   0   0   2   2   0   0   5  0.27 0.04
  237 Y   -1 -2 -2 -3 -3 -2 -2 -3  3 -2 -2 -2 -2  3 -3 -2 -2  1  7 -2    3   0   0   0   0   0   0   0   8   0   0   0   0   4   0   0   0   0  84   0  1.04 0.10
  238 I   -1  1 -1 -2 -2 -1 -2  2 -2  2  0 -1  0 -1 -2  1 -1 -3 -2  1    0  14   0   0   0   0   0  21   0  40   0   0   4   2   0  19   0   0   0   0  0.13 0.04
  239 P    1 -1 -2 -2 -3 -1  0 -2  4 -3 -3 -1 -2 -3  6 -1 -1 -4 -2 -2   19   2   0   0   0   0   6   0  17   0   0   0   0   0  52   0   0   0   0   3  0.93 0.06
  240 T    2 -1 -1 -1 -1 -1 -1 -1 -2 -1 -2 -1 -1 -3 -1  2  4 -3 -2 -1   27   0   0   0   0   0   0   0   0   0   0   0   0   0   0  19  53   0   0   0  0.42 0.06
  241 V    2 -2 -2 -3 -1 -2 -1 -2 -1  1  0 -2  0  0 -2 -1 -1 -1  3  3   31   0   0   0   0   0   3   0   0   0   0   0   0   0   0   0   0   0  19  46  0.23 0.05
  242 S    0 -1  0 -1 -1 -1 -1 -1 -2 -2 -2 -1 -2 -3 -1  4  4 -3 -2 -1    0   0   0   0   0   0   0   0   0   0   0   0   0   0   0  58  42   0   0   0  0.51 0.07
  243 A    4 -2 -1 -2 -1 -1 -1  0 -2 -2 -2 -1 -2 -3 -1  2  0  0 -2 -1   76   0   2   0   0   0   0   2   0   0   0   0   0   0   0  14   4   1   0   1  0.50 0.09
  244 V   -1 -3 -3 -3 -1 -3 -3 -3 -3  2  0 -3  0 -1 -3 -2 -1 -3 -2  5    1   0   0   0   0   0   0   1   0   0   1   0   0   0   0   1   0   0   0  93  0.62 0.11
  245 L   -2 -3 -3 -3 -2 -3 -3 -4 -3  3  4 -3  1  1 -3 -3 -1 -2 -1  1    1   0   0   0   0   0   0   1   0  33  58   0   0   3   0   1   0   0   0   0  0.44 0.07
  246 R   -2  5 -1 -2 -4  4  0 -3 -1 -3 -3  1 -2 -3 -2 -1 -1 -3 -2 -3    1  64   0   0   0  30   0   1   0   0   1   0   0   0   0   1   0   0   0   0  0.78 0.10
  247 A    5 -2 -2 -2 -1 -1 -1  0 -2 -2 -2 -1 -1 -3 -1  1 -1 -3 -2 -1   93   0   0   0   0   0   0   1   0   0   1   0   0   0   0   1   0   0   0   0  0.65 0.11
  248 I   -1 -2 -3 -3 -2 -2 -3 -3 -3  2  3 -2  3  0 -3 -2 -1 -2 -1  1    1   0   0   0   0   0   0   1   0  17  54   3  14   0   0   1   0   0   0   8  0.37 0.06
  249 M   -2 -2 -3 -3 -2 -1 -3 -3 -2  0  2 -2  8 -1 -3 -2 -1 -2 -2  0    1   0   0   0   0   0   0   1   0   0  15   0  79   0   0   1   0   0   0   0  0.81 0.14
  250 Y    2 -2 -2 -3 -2 -1 -2 -2 -1 -1  1 -2  2  1 -2 -1 -1  0  4  0   37   0   0   0   0   0   0   1   0   0  15   0  10   0   0   1   0   0  30   3  0.27 0.06
  251 S    2 -1  1 -1 -1 -1 -1 -1 -1 -2 -2 -1 -1 -2 -1  3  1 -3 -2  0   32   0   9   0   0   0   0   1   0   0   1   0   0   0   0  40   9   0   0   6  0.31 0.06
  252 P    2 -1  0  3 -2  0  1 -1 -1 -2 -2  0 -2 -3  0  0  1 -3 -2 -1   30   1   2  29   0   3  10   0   0   1   0   2   0   0   4   0  15   0   0   2  0.28 0.05
  253 H    0  1  0  4 -4  0  3 -1  5 -4 -3  0 -3 -3 -2 -1 -2 -4 -1 -3    7   7   0  34   0   0  27   2  23   0   0   0   0   0   0   0   0   0   0   0  0.54 0.08
  254 P    2 -2 -1 -1 -2 -2 -2  3 -2 -3 -3 -1 -2 -3  4  0  0 -3 -3 -1   31   0   0   3   0   0   0  30   0   0   0   0   0   0  24   4   6   0   0   2  0.54 0.06
  255 P    1 -2 -1 -1 -2 -1 -1  4 -2 -3 -3 -1 -2 -2  2  2  0 -3 -2 -2    7   0   0   2   0   0   0  43   0   0   0   0   0   1  13  23   5   0   0   3  0.47 0.05
  256 H    1  0  1  2 -2  0  0  0  4 -2 -2 -1 -2 -2  1  0 -1 -3  0 -1   14   3   4  16   0   0   4   6  24   0   0   2   0   0   6   8   1   0   2   8  0.21 0.04
  257 L    1 -2 -1 -1 -3  0  1 -2 -2 -3 -2 -1 -2 -4  7  0  0 -4 -3 -2   12   0   1   2   0   3  10   0   0   0   2   0   0   0  61   3   5   0   0   0  1.15 0.09
  258 N    2  1  0 -1 -2  2  0  1 -1 -2 -2  0 -1 -3  2  1 -1 -3 -2 -1   33   7   2   0   0  18   0   8   0   2   2   0   0   0  13  13   0   0   0   2  0.27 0.05
  259 K    2  1 -1 -1 -2  0 -1 -1 -1 -2 -2  1 -1 -3  0  3  2 -3 -2 -1   25  10   0   0   0   0   0   0   0   0   0  12   1   0   2  31  19   0   0   0  0.29 0.06
  260 C   -1 -5 -4 -5 10 -4 -5 -4 -4 -2 -2 -4 -2 -3 -4 -2 -2 -3 -4 -2    0   0   0   0 100   0   0   0   0   0   0   0   0   0   0   0   0   0   0   0  2.17 0.19
  261 S    1  0  0 -1 -2 -1 -1 -1 -2 -3 -3 -1 -2 -3 -2  4  3 -3 -2 -2    3   5   0   0   0   0   0   0   0   0   0   0   0   0   0  70  22   0   0   0  0.56 0.10
  262 P   -2 -3 -3 -3 -2 -2 -2 -3 -3  0  3 -2  0 -1  5 -1 -2 -3 -2 -1    0   0   0   0   0   0   0   0   0   0  55   0   0   0  40   5   0   0   0   0  0.76 0.09
  263 D    0 -2  3  4 -3 -1  0  0 -1 -3 -4 -1 -3 -4  4  0 -1 -4 -3 -3   10   0  21  37   0   0   0   5   0   0   0   0   0   0  23   5   0   0   0   0  0.62 0.07
  264 Q    0 -1  0  1 -2  4  0 -1 -1 -1 -2  0 -1 -3 -2  2  0 -3 -2  1    0   0   0  11   0  37   0   2   0   0   0   0   0   0   0  30   0   0   0  19  0.31 0.08
  265 E   -1 -2  1  6 -4  0  4 -2 -1 -4 -4 -1 -3 -4 -2 -1 -2 -4 -3 -3    5   0   2  61   0   0  31   0   0   0   0   0   0   0   0   0   0   0   0   0  0.87 0.10
  266 N   -1 -1  4  3 -3  1  1  3 -1 -4 -4 -1 -3 -4 -2  0 -1 -4 -3 -3    0   0  31  27   0   5   8  28   0   0   0   0   0   0   0   0   0   0   0   0  0.57 0.07
  267 M   -2 -2 -3 -4 -2 -2 -3 -4 -3  0  3 -2  8 -1 -3 -3 -2 -2 -2  0    0   0   0   0   0   0   0   0   0   0  22   0  78   0   0   0   0   0   0   0  0.90 0.15
  268 P   -2 -3 -3 -2 -4 -2 -2 -3 -3 -4 -4 -2 -3 -5  8 -2 -2 -5 -4 -3    0   0   0   0   0   0   0   0   0   0   0   0   0   0 100   0   0   0   0   0  2.41 0.17
  269 L   -2 -3 -4 -4 -2 -3 -3 -4 -3  1  4 -3  1  1 -3 -3 -2 -2 -1  1    0   0   0   0   0   0   0   0   0   0  85   0   0   4   0   0   0   0   0  11  0.61 0.09
  270 A    5 -2 -2 -2 -1 -2 -2 -1 -2 -2 -2 -1 -2 -3  3  0 -1 -3 -3 -1   85   0   0   0   0   0   0   0   0   0   0   0   0   0  15   0   0   0   0   0  0.69 0.11
  271 V    2 -3 -3 -3 -1 -2 -3 -3 -3  2  0 -2  0 -2 -3  0  0 -3 -2  4   20   0   0   0   0   0   0   0   0   0   0   0   0   0   0   5   0   0   0  75  0.44 0.10
  272 D    0 -2  0  6 -3  0  2 -1 -1 -3 -4 -1 -3 -4 -2 -1 -1 -4 -3 -3   14   0   0  64   0   3  17   2   0   0   0   0   0   0   0   0   0   0   0   0  0.76 0.09
  273 S    0 -2  0 -1 -2 -1 -1 -1 -1 -3 -3 -1 -2 -1 -2  5  0 -2  4 -2    0   0   0   0   0   0   0   0   0   0   0   0   0   0   0  79   0   0  21   0  0.64 0.13
  274 L    2 -2 -1 -2 -1 -1 -2 -1 -2 -1  2 -1  1 -1 -2  2  0 -3 -2 -1   23   0   0   0   0   0   0   2   0   0  35   0   2   0   0  35   2   0   0   0  0.23 0.06
  275 Q   -1  2 -1  0 -4  5  4 -1  0 -4 -3  1 -2 -4 -2 -1 -1 -3 -2 -3    0  12   0   0   0  48  34   5   1   0   0   0   0   0   0   0   0   0   0   0  0.68 0.10
  276 F   -2 -3 -3 -4 -2 -3 -3 -4 -2  3  1 -3  2  5  0 -3 -2 -1  1  1    0   0   0   0   0   0   0   0   0  30   6   0   8  38   5   0   0   0   2  11  0.41 0.07
  277 Q   -1 -1  3  1 -3  1  3  1 -1 -3 -3  0 -2 -3 -2  2  0 -3  0 -3    0   0  19   5   0   2  27  10   0   0   0   0   0   0   0  31   0   0   4   0  0.37 0.06
  278 K   -1  2  2  3 -3  0  0  2  1 -4 -3  1 -2 -3 -2  0 -1 -3 -2 -3    0  18   9  26   0   0   4  23   6   0   0   8   0   0   0   4   3   0   0   0  0.36 0.05
  279 S    3 -1  1 -1 -1  1  0  0  1 -2 -2 -1 -2 -3 -1  2  1 -3 -2 -1   46   0   6   0   0  10   5   6   4   0   0   0   0   0   0  16   8   0   0   0  0.29 0.06
  280 F    1 -1  0 -1 -2  0 -1  1  1 -3 -3  0 -2 -1 -2  4  1 -3 -2 -2   12   0   0   1   0   5   0  11   4   0   0   2   0   3   0  53   9   0   0   0  0.35 0.07
  281 S    1 -2  0  2 -2 -1 -1  2 -2 -2 -2 -1 -2 -2  1  3  0 -3 -2 -1   13   0   0  15   0   0   0  16   0   0   2   0   0   2   7  43   0   0   0   3  0.32 0.07
  282 S    2 -1 -1 -2 -1 -1 -1 -1 -2 -1 -1 -1 -1 -3  2  3  2 -3 -2 -1   27   3   0   0   0   0   0   0   0   2   8   0   0   0  11  38  12   0   0   0  0.33 0.07
  283 S    0 -2  0 -1 -2 -1 -1 -2 -2  0 -1 -1 -1 -2  4  3  1 -3 -2  0    4   0   3   0   0   0   3   0   0   6   7   0   0   0  23  36  11   0   0   5  0.36 0.06
  284 S    2  2  1 -1 -2 -1 -1 -1  0 -1 -1  0 -1 -2  1  2  0  1 -2 -1   20  15   6   0   0   0   0   2   2   4   6   2   0   0   8  30   4   2   0   0  0.20 0.05
  285 H    0 -1 -1 -2 -2  0 -1  0  4  0  1 -1  0 -2  3  0  0 -3 -1  0   10   2   0   0   0   3   0   6  19   3  24   0   0   0  14  11   3   0   0   5  0.18 0.05
  286 L    0 -1 -1 -2  1  2 -1  0  1 -1 -1  0 -1  1 -2  1  0 -2  1 -1    8   2   0   0   5  22   0   6   5   4   6   2   0   9   0  17   4   0   8   5  0.10 0.04
  287 F    1  1 -2 -2  1 -1 -2 -1 -2  0 -1  0 -1  2  3  0  0 -2  1  0   17  13   0   0   5   0   0   2   0   5   3   3   0  12  15   7   4   0   5   9  0.15 0.04
  288 G   -1 -1 -2 -3  1 -2 -2  1  0  0  1 -2  0  3  3  0 -1 -2  0 -1    0   4   0   0   4   0   0  11   2   2  25   0   0  20  16  14   2   0   0   2  0.19 0.06
  289 V   -1 -3 -3 -3  1 -2 -3 -2  0  2  3 -3  1  2 -3 -1  0 -2  0  1    0   0   0   0   3   0   0   2   5  19  37   0   0  13   0   6   6   0   0   8  0.23 0.06
  290 L   -2  1 -1 -3 -2 -2 -2 -3  2  0  2 -2  0  3 -3 -1 -1 -1  3  0    0  10   3   0   0   0   0   0   7   3  36   0   0  18   0   2   3   0  11   4  0.23 0.07
  291 P   -1 -1 -2 -2  1 -1 -2 -2 -1  0  1 -1  0  0  3  0  0 -2 -1  2    1   4   0   1   3   0   1   1   2   1  20   4   0   5  15   8   6   0   0  28  0.17 0.05
  292 F   -2 -3 -3 -4  3 -3 -3 -4  0  2  2 -3  0  3 -3 -1 -1 -1  2  2    0   0   0   0   8   0   0   0   3  18  21   0   0  21   0   4   2   0   8  14  0.30 0.07
  293 L   -2 -3 -4 -4 -2 -3 -4 -4 -3  2  4 -3  1  4 -4 -3 -2 -2  0  1    0   0   0   0   0   0   0   0   0  13  58   0   0  22   0   0   0   0   0   7  0.58 0.12
  294 P    0 -1 -2 -3 -2 -2 -2 -1  1 -1  2 -2  0 -1  3  1 -1  5 -1 -1    6   2   0   0   0   0   0   3   6   0  32   0   2   0  19  16   2   9   0   3  0.31 0.08
  295 L    1  0 -2 -3 -2 -2 -2 -1 -2  1  2 -2  0  0 -2  0  0 -2 -1  1   16   6   0   0   0   0   0   3   0  12  33   0   0   4   0  11   3   0   0  11  0.14 0.05
  296 V    1 -2 -3 -3 -2 -2 -3 -3 -3  2  3 -2  2  0 -3 -1 -1 -2  0  2   20   0   0   0   0   0   0   0   0  10  37   0   8   3   0   3   2   0   3  14  0.25 0.07
  297 L    0 -2 -2 -3  0 -2 -2 -3 -1  2  2 -2  1  2 -1  2 -1 -2 -1  1    3   0   0   0   2   0   0   0   2  16  23   0   3  12   2  26   0   0   0  11  0.17 0.07
  298 C    0 -3 -3 -3  3 -3 -3 -3 -2  1  2 -3  1  4 -3 -1 -1 -1  1  1    6   0   0   0   9   0   0   0   0   8  27   0   4  25   0   6   2   0   4   9  0.28 0.07
  299 I   -1  1 -3 -3  4 -2 -3 -3 -2  2  2 -2  1  1 -1 -2 -1 -2  1  2    3  12   0   0  12   0   0   0   0  17  19   0   2   6   2   0   0   0   6  21  0.21 0.06
  300 F   -1 -2 -1 -3 -2 -2 -2 -3  1  0  0 -2  1  4 -3  0  0 -1  3  1    4   0   4   0   0   0   0   0   4   0   8   0   5  33   0  10   3   0  14  14  0.31 0.09
  301 L   -1 -3 -3 -4  1 -3 -3 -4 -3  2  3 -3  1  1 -3 -1 -1  1  0  3    4   0   0   0   4   0   0   0   0  10  36   0   3   5   0   3   0   2   2  30  0.32 0.08
  302 F   -2 -2 -3 -3  1  0 -2 -4  2  1  1 -2  0  4 -4 -2 -2  5  4  0    0   0   0   0   3   6   0   0   8   9  14   0   0  24   0   0   0   8  24   4  0.46 0.09
  303 L    0 -2 -2 -3  2 -2 -2 -3  0  1  3 -2  2 -1 -3  1  0 -3 -2  1    5   0   0   0   5   0   0   0   3   4  48   0   6   0   0  18   3   0   0   7  0.23 0.07
  304 L   -2 -3 -4 -4 -2 -3 -4 -4 -3  2  4 -3  1  1 -4 -3 -2 -2 -1  1    0   0   0   0   0   0   0   0   0  12  82   0   0   6   0   0   0   0   0   0  0.60 0.09

                      K         Lambda
Standard Ungapped    0.1330     0.3207
Standard Gapped      0.0409     0.2670
PSI Ungapped         0.1326     0.3097
PSI Gapped           0.0409     0.2670
