
Last position-specific scoring matrix computed, weighted observed percentages rounded down, information per position, and relative weight of gapless real matches to pseudocounts
           A  R  N  D  C  Q  E  G  H  I  L  K  M  F  P  S  T  W  Y  V   A   R   N   D   C   Q   E   G   H   I   L   K   M   F   P   S   T   W   Y   V
    1 M   -2 -3 -3 -4 -2 -2 -3 -4 -3  2  3 -3  7 -1 -4 -3 -2 -3 -2  1    0   0   0   0   0   0   0   0   0  10  20   0  64   0   0   0   0   0   0   7  0.72 0.16
    2 T    0 -3 -1 -2 -2 -2 -2  3 -3 -1 -3 -2 -2 -3 -2  2  4 -4 -3 -2    6   0   0   0   0   0   0  28   0   4   0   0   0   0   0  18  44   0   0   0  0.58 0.20
    3 M   -2 -1  0 -2 -3  1  3 -4 -2  1  1 -2  6 -2  0 -1 -2 -3 -3  0    0   3   5   0   0   6  26   0   0   6  13   0  33   0   4   2   0   0   0   3  0.44 0.22
    4 E   -1 -2 -2  1 -4  0  3 -1 -2 -4 -4  0  1 -4  4  2 -2  2 -3 -3    2   0   0   8   0   1  27   3   0   0   0   5   6   0  26  19   0   3   0   0  0.63 0.24
    5 P   -2 -4 -4 -1 -5  1 -2  0 -4 -3 -4 -3 -4 -6  8 -2 -3 -6 -5 -5    3   0   0   4   0   8   2   7   0   2   1   0   0   0  73   1   0   0   0   0  1.83 0.48
    6 N   -1 -3  5  0 -4 -1  2 -2  0 -4 -4 -2 -4 -5 -3  3  0 -5 -4 -2    2   0  37   2   0   2  15   1   1   0   1   0   0   0   0  31   5   0   0   2  0.78 0.35
    7 P    0 -1 -1 -2 -4  3  0 -3  1 -4 -4 -2 -3 -4  6  2 -1  0 -1 -1    5   2   2   1   0  16   5   1   3   0   0   0   0   0  36  18   1   1   2   6  0.76 0.31
    8 T    0 -3  2 -1 -3  1 -2 -2 -3  0 -3 -2 -2  0  2  0  4 -4 -3 -1    9   0  10   3   0   9   0   2   0   5   1   0   0   5  10   4  39   0   0   2  0.44 0.26
    9 S    0 -1  1 -1  1  0  1 -2  0 -1  1 -1 -1 -1 -1  2  2 -3 -2  0    8   1   6   1   3   3  12   2   2   1  17   2   0   3   2  18  14   0   0   5  0.12 0.13
   10 D   -1 -1  2  5 -4 -1  0 -1 -1 -3 -4 -1 -4 -2  0  1  0 -5 -4 -3    5   3  11  43   0   1   4   4   1   1   1   2   0   2   3  12   4   0   0   1  0.61 0.28
   11 H   -1 -2  2  0 -4  0 -2  1  5 -3 -4 -1 -3 -2  2  2  1 -4  1 -2    2   1  13   6   0   3   0  10  17   1   0   1   0   1  11  19   8   0   4   2  0.41 0.23
   12 I    0 -3  0 -3  2 -1 -3  0 -2  3  2 -3 -1 -1 -3  0  0 -3 -3  2    7   0   4   0   6   2   0   9   1  22  19   0   0   1   0  10   3   0   0  14  0.22 0.16
   13 L   -1 -2 -1 -2  1 -3 -2 -3  1 -1  3 -3  0  1  0  4 -2 -4 -1  0    2   1   2   1   3   0   1   0   3   1  29   0   2   5   5  38   0   0   1   5  0.41 0.28
   14 D   -2 -3  1  5 -5 -1  1  1  4 -4 -5 -3 -4 -2 -1  1  0 -5 -2 -4    3   0   6  38   0   1   7  12  11   1   0   0   0   1   2  12   6   0   1   0  0.66 0.30
   15 W   -2 -2 -2 -3 -4  0  0 -4  0 -3  2 -3  0  0 -4 -1 -3 10  0 -2    2   2   3   2   0   6   6   1   2   0  22   0   2   2   0   5   1  39   2   2  1.22 0.40
   16 L    0 -3 -4 -3 -3  2 -3 -4 -1  0  4 -3  1  2 -4 -2 -3 -3 -2  0    8   0   0   1   0  14   0   1   2   3  49   0   2   9   0   3   0   0   0   6  0.53 0.28
   17 E   -2 -2  1  4 -4  1  4 -3 -1 -4 -3 -1 -1 -2 -3  1  0 -4 -3 -3    2   0   8  22   0   6  32   1   1   0   3   1   2   2   0  11   6   0   0   1  0.57 0.28
   18 G   -1 -3  0  5 -4 -2  2  2 -1 -5 -4 -3 -4 -5 -2  2 -2 -5 -3 -4    4   0   2  40   0   0  15  15   1   0   1   0   0   0   1  16   1   0   1   0  0.81 0.36
   19 S    0 -3 -2 -2 -3 -1 -2  0  0 -2 -2 -3  0 -3  2  4  3 -5 -4  0    7   0   1   1   0   3   2   6   2   1   3   0   2   1   9  39  16   0   0   6  0.49 0.31
   20 V   -1 -3 -2 -2 -3 -2 -1 -2  0  3  1 -3 -1  0 -1  0 -1 -3  0  3    2   1   1   2   0   1   5   2   3  19  14   0   0   3   3  10   2   0   3  28  0.28 0.20
   21 S    0 -3 -2  0  2  0 -1 -2  5 -3 -3  0 -4 -4 -1  4 -1 -5 -2 -4    8   0   1   5   5   3   2   2  14   2   3   7   0   0   3  40   3   0   1   0  0.57 0.34
   22 F   -3 -4 -3 -3 -1 -2 -3 -5  2 -3  0 -2  2  6 -4 -1  1  0  6 -3    1   0   1   1   1   1   1   0   4   0   9   3   5  31   1   4  10   1  25   1  0.85 0.39
   23 F   -3 -3  4  0 -2 -1  1 -3 -1 -2  3 -2 -2  1 -2 -1 -1 -4  0  0    1   0  21   6   1   1  10   2   1   1  31   1   0   7   2   5   2   0   2   6  0.31 0.24
   24 P    0 -4 -2 -1 -5 -2 -1 -2 -3 -5 -2 -2 -4 -4  7  1  1 -6 -5 -3    8   0   1   4   0   1   4   3   1   0   4   3   0   1  49  11   9   0   0   1  1.09 0.45
   25 S    1 -3  0  0 -1  1 -1  1 -2 -2 -3 -1 -2 -1  0  4  0 -4 -1 -2   10   0   3   6   1   7   2  10   1   2   2   2   1   2   4  38   3   0   2   2  0.38 0.27
   26 F   -2 -3  1  3 -4  1  1 -3 -1 -1 -1 -3 -3  5 -1 -1 -3 -3  1 -2    3   1   7  17   0   6   9   1   1   2   6   0   0  32   4   5   1   0   3   3  0.51 0.29
   27 L   -2 -1  1 -2 -3  0 -2 -3 -2  0  4 -2  0  0 -1  0  0 -1 -1  1    1   2   8   2   0   4   1   1   1   4  42   2   1   4   2   8   5   1   1   9  0.30 0.21
   28 D   -2 -2  0  6 -2  1  0 -3  2 -3 -2 -2 -3 -2  1  1 -1 -4 -3 -3    3   1   3  46   1   7   3   2   4   1   4   2   0   2   7  10   3   0   0   2  0.72 0.32
   29 D    0 -2  1  3 -3 -1  1 -1 -2 -1  0 -2  0  0 -1  1 -1 -2 -1  0    5   1   8  22   0   2   8   3   1   4   8   1   2   4   3  14   2   1   3   8  0.19 0.15
   30 P    0 -2  0 -1 -2 -1  0  0  2 -3 -2 -1 -3 -3  4  2  1  3 -1 -3    7   1   4   3   1   1   5   7   5   1   5   3   0   1  23  17   7   5   2   1  0.41 0.23
   31 Y   -1 -3 -2 -1 -1 -1 -1 -1  0 -1  0 -3 -1  2  1  0 -1  2  6  0    5   0   1   3   2   2   3   4   2   3   9   0   1   7   6   9   4   2  28   6  0.36 0.23
   32 N   -1 -1  3  1  1  0  0  1  2 -1 -2  0 -2 -2 -2  1 -1 -4 -1 -1    5   3  20   6   4   4   7   9   6   4   3   5   0   1   2  12   3   0   2   6  0.17 0.14
   33 N    0 -1  2  2 -3  0  0  0  1 -2 -2 -2  1 -3  1  3  0  0  0 -2    5   2   9  11   0   4   6   6   3   2   4   0   4   0   5  28   5   1   3   2  0.25 0.20
   34 G    0 -1  1  1 -3  1  0  3 -2 -3 -1 -2  0 -1 -1  2 -1 -2 -2 -2    9   2   6   8   0   7   5  23   0   1   6   0   3   4   2  19   2   1   1   1  0.24 0.19
   35 Y   -1 -2 -1  2 -3 -2 -1  0 -1 -2  1 -2  1  2 -1  0 -1  2  3 -1    3   1   3  16   0   1   4   8   1   1  15   2   4   9   2  10   2   3  11   4  0.16 0.15
   36 I   -1 -1 -1 -1 -1  0 -1 -1 -1  1  2 -1  0  1  0  0  0  2  1  0    2   4   3   3   1   3   4   4   1  12  21   4   1   5   5   8   4   3   6   5  0.05 0.07
   37 H   -1 -1  2  1 -4  1  0  0  3 -3 -3  0 -2 -2  1  3 -1 -1  1 -3    4   3  12   7   0   8   6   5   7   1   1   4   1   2   7  22   2   1   6   1  0.28 0.21
   38 E   -1 -2  0  1  1  1  1  3  0 -2 -3 -1 -2 -2  1  1  0 -4 -1 -2    4   0   4   9   4   6  12  23   2   2   2   2   1   2   6  10   5   0   3   2  0.24 0.17
   39 Y   -1 -1  1 -1 -2  0 -1 -2  0  0  0 -1  0  3  0 -1 -1  3  4  0    4   3   8   3   1   4   2   2   3   4   7   3   2  15   5   5   3   5  16   5  0.20 0.15
   40 E    0  0  1  1 -2  3  2  1  0 -3 -2  0 -1 -2  0  1 -1  1 -2 -3    7   4   5   8   1  13  15   9   2   0   4   4   1   2   4  14   3   2   1   1  0.20 0.16
   41 I    0 -2  0 -1 -1  0  2 -2 -2 -1  0 -1  0  2 -1  0  1  5  0 -1    8   1   5   3   1   3  15   2   1   4   9   2   3   9   3   7   9  10   3   5  0.17 0.13
   42 W    1 -2 -1 -2 -1  0 -2 -1 -3  0 -1 -3 -1  0  1  0 -1  8  2  0   11   1   3   3   1   4   2   4   0   4   7   0   1   4   9   9   4  21   6   6  0.48 0.26
   43 N   -1 -1  2  2 -4  3  2 -2  0 -3 -2 -1  1 -4  0  2  0 -4 -2 -2    4   2  12  14   0  12  13   2   2   1   3   2   4   0   4  19   5   0   1   2  0.34 0.24
   44 Q   -2 -1  0  0 -2  4  2 -2 -2 -2  0  1 -1 -1  2  0 -1 -4 -2 -1    1   2   5   6   1  26  11   2   0   1   9   7   2   3   9   7   3   0   1   4  0.33 0.25
   45 N    0 -1  1  1 -3  2 -1 -1  0 -1 -2 -1  0  2  0  1  1 -2 -1 -2    6   2   9  10   0  10   3   5   2   3   3   1   3  11   5  13  11   0   1   2  0.14 0.15
   46 Q   -1 -2 -1  1  0  3  2 -2  3 -3  0 -1  0 -3  0  1  0  2 -2 -2    4   1   2   7   2  14  13   2   8   1  10   2   2   0   5  14   6   4   0   2  0.23 0.20
   47 D    0 -2 -1  3 -4  1  1 -1  2 -3 -2 -1 -1 -1  3  1  0 -4 -2 -2    8   2   2  16   0   5  11   4   6   0   4   2   1   3  13  12   6   0   1   3  0.27 0.19
   48 I    0 -1  0 -1 -2  0  0 -1  0  0  1 -1  0  0  1  1  0  2  0  0    8   2   4   1   1   5   8   3   3   8  16   4   1   4   8  11   3   3   2   7  0.06 0.07
   49 S    0 -2  1  2  0 -1  1  1 -1 -1 -1 -1 -1  0  1  1  0  0 -2 -1    6   1   6  12   3   2  10   9   1   2   6   2   2   5   7  14   6   1   1   5  0.11 0.10
   50 N   -1 -2  2  3  0  2  1 -1  3 -3 -2  0 -1 -3  1  2 -1 -2 -3 -3    3   1   9  16   2   9   9   4   8   1   3   4   2   1   6  16   3   1   0   1  0.29 0.21
   51 Q   -2 -2  0  1 -2  3  1  0  2 -2 -2  0  2 -3  3  0 -2 -4 -1 -2    2   1   4   9   1  18   7   7   6   2   4   4   6   1  15   7   1   0   2   2  0.31 0.23
   52 Y    0 -2  1 -1 -1 -1 -2  0  0  0  1 -2  0  2  0  0  0 -1  2  0    6   2   7   4   1   2   2   6   3   5  16   1   2  12   4   5   6   0   9   7  0.07 0.09
   53 Q   -1 -1  0 -1  1  2  0 -2  1  0  0 -1  1  1  2  0  0 -3  0  0    4   2   4   2   3  11   7   1   3   7  10   3   5   6  10   9   4   0   3   6  0.09 0.11
   54 I    0 -2  0  0 -1 -1  0 -1 -1  1  0 -1  0  0  1  1  1 -3 -1  1    6   1   3   6   1   2   4   3   1   9  11   2   2   5   8  11   8   0   1  13  0.07 0.08
   55 D   -1 -1  1  1 -2  0  1 -1  0 -1  0 -1 -1  0  1  1  0 -3  0 -1    5   1   7  10   0   4  11   5   2   3  10   2   1   4   8  11   7   0   5   4  0.09 0.09
   56 A    0 -1  0  1  1  0  1 -1 -1  0  0 -1  0 -1  0  1  0 -1 -1  0   10   2   6   9   4   3   8   5   1   5  13   3   1   3   4  12   7   1   2   4  0.04 0.06
   57 N    0 -1  3  2 -2  1  0  0  0 -2 -1 -1 -2 -2  1  1  0 -4 -2 -1    7   2  16  12   1   7   5   8   3   1   6   1   1   2   6  12   6   0   1   4  0.19 0.15
   58 T    0 -1  1  1 -1 -1  0  0 -1 -1 -2 -2 -1 -1  0  2  2 -4 -2 -1    7   3   6  10   1   1   4   7   2   4   3   1   1   3   3  19  18   0   1   4  0.17 0.17
   59 N   -1  0  2  1  0  0  0  0  1 -3 -1 -1  0 -1  2  2  0 -2 -3 -2    4   6  12   7   2   3   4   6   3   1   7   3   2   2  12  16   5   0   0   2  0.18 0.15
   60 S    1 -2  1 -1 -3 -2 -1  1  0 -1 -1 -1 -2 -1  0  4  0 -4 -2  0    9   1   6   3   0   1   3  10   2   3   6   2   1   3   4  33   6   0   1   6  0.26 0.23
   61 S    0 -2  1 -1  2  0  0  1 -2 -2 -2 -2 -3  0  2  3  1 -4 -1 -1    5   1   6   3   4   3   5  10   1   2   4   1   0   4   9  29   9   0   2   3  0.27 0.23
   62 N    0 -1  1  1  0 -1 -1 -1  1 -2 -1  0 -1 -1  2  2  1 -2 -2 -1    8   3   8   7   3   1   2   4   4   2   6   4   2   3  12  19   8   0   1   3  0.17 0.15
   63 A    0 -2  0  0 -1 -1 -1 -1 -2  0  0 -1  0  1  2  1  0  0  0  0    8   1   5   6   1   2   3   5   1   6   9   3   1   9  10  12   5   1   3   8  0.06 0.07
   64 T   -1 -1  0  0  1  0  0 -2  0  0  1 -2  0  0  0  0  1 -2  1  0    4   4   4   6   3   5   5   1   3   4  15   1   2   5   5   8  11   0   5   9  0.05 0.08
   65 N    0  0  3  2 -3  1  0 -1  2 -2 -1  0 -1  0  0  1 -1 -2 -2 -1    6   3  16  12   0   5   6   4   5   1   6   4   1   4   4  14   2   1   1   4  0.17 0.15
   66 S    0 -2  1  0  0  0 -1 -1 -1 -2 -1  0  0 -2  0  3  1 -4 -1 -1    8   1   8   4   2   4   3   5   2   1   6   5   3   2   4  31   7   0   2   4  0.22 0.21
   67 T   -1 -1 -1  2  0 -1 -1 -1 -2 -2 -2 -1 -1 -1  2  2  2 -3  1 -3    4   4   3  13   2   3   3   3   1   1   4   4   1   3  10  17  17   0   6   0  0.24 0.21
   68 T    0  0  0  0 -1  1  0 -1  0 -1 -1  0 -2 -1  0  3  1 -2 -1 -1    5   6   5   4   1   7   5   4   3   3   7   4   0   3   4  25   9   0   2   5  0.13 0.15
   69 N   -1 -1  2  1 -3  1  0 -1  1 -1 -2 -1  0 -1  0  2  1 -3 -1  0    5   1  11  10   0   8   4   3   4   3   2   3   3   3   5  17   9   0   2   6  0.15 0.15
   70 I   -1 -2 -1  1 -1 -1 -1 -1  0  0 -1 -1 -2  0  3  1  1 -3 -1  0    5   2   2  11   2   3   2   5   2   5   6   4   0   5  17  11   8   0   2   9  0.17 0.14
   71 V    0 -2  0 -1  1 -1 -1 -2  1  1  0 -1  1  0  2  1  0 -1  1  0    7   1   5   3   3   1   2   1   4   8  12   4   4   3  11  12   4   1   5   9  0.08 0.09
   72 A    1 -1  2  1 -1  0  0 -1  1 -2 -2  0 -1  1  1  2  0 -2  0 -1   10   2   9   7   1   3   7   3   4   1   4   4   1   8   6  19   5   0   4   3  0.13 0.13
   73 A    1 -2  1  1 -2  0  0  0  0 -1 -1 -1 -1 -1  2  2  1 -4 -2 -1   13   1   6   9   0   3   5   6   2   3   5   2   1   2  12  16   7   0   1   4  0.17 0.14
   74 S    0 -2  0  1 -2 -1  0 -2  2 -2 -1 -1 -3 -1  2  3  0 -2  2 -2    6   2   3   8   1   2   6   3   6   1   5   2   0   2  12  22   6   0   9   3  0.24 0.21
   75 T    0 -2  1  0 -1  0 -1 -2 -2  0 -1 -1  1 -2  3  2  1 -4 -3  0    7   1   8   4   1   3   3   1   1   5   7   2   4   2  15  16  10   0   0   8  0.21 0.17
   76 T    1 -2  0 -1 -2 -1 -1  1 -1  0 -1  0  0  0  1  2  0 -2  0  0    9   1   5   2   0   2   4   9   1   4   7   5   3   3   7  20   6   0   3   6  0.09 0.11
   77 T   -1 -1  1  0  3  1 -1  0  3 -2 -2 -1 -1 -1 -1  2  2 -4 -1 -1    3   3   5   6   7   6   3   6   7   2   4   2   1   4   2  17  16   0   2   3  0.18 0.18
   78 S    0 -1  0  1 -2 -1  2 -2  1 -2 -2 -1 -2 -2  0  3  1  0 -2 -2    5   3   4   7   1   2  14   2   3   3   3   4   1   2   5  30   7   1   1   3  0.26 0.23
   79 T    0 -1  2  0 -2  0 -2 -2 -3 -1 -1  0  0 -3  1  2  2 -2 -2 -1    8   3  12   4   1   3   1   1   0   4   7   5   3   1   6  20  15   0   1   5  0.20 0.19
   80 T   -1 -1  1  0 -2  0  1 -1  0 -1 -2  0 -1 -2  2  2  2  1  1  0    3   3   6   4   0   4   8   3   3   2   3   4   2   2   9  18  12   2   5   7  0.14 0.14
   81 S    0 -1  2  0 -2  0  0 -1  1 -3 -1 -1 -2 -2  4  2  0 -3 -1 -2    7   4  10   4   1   3   6   4   4   1   7   2   1   1  20  17   4   0   2   2  0.29 0.20
   82 L   -1  0 -1 -1  0  2 -1 -3  1  0  2 -1  1  1  2 -1 -1 -1 -1  0    3   5   2   3   2  10   4   1   4   4  23   3   3   7  10   6   2   1   1   5  0.12 0.13
   83 E    0  0  1  2 -2  2  3 -2  1 -3 -2  0 -1 -1  2  0 -1 -2 -1 -1    6   4   5  10   1  10  21   2   3   1   3   5   2   3   9   6   2   0   2   5  0.23 0.18
   84 P   -1  0 -1  0 -1 -1  0  1  2 -1 -2 -1 -3 -2  4  2 -1 -1 -2 -1    4   5   2   4   2   2   6   9   6   4   3   3   0   1  23  16   2   1   1   6  0.31 0.21
   85 N    0  0  1  0  0  1  0 -1  1 -1 -2  0 -2 -1  0  2  0 -3  0  0    5   5   7   4   2   7   4   5   4   4   2   4   0   2   5  22   6   0   4   7  0.12 0.14
   86 S    0 -1  1  0 -1  1  0  0  1  0 -1  0 -1 -1  0  2  1  0 -1 -1    6   3   6   6   1   7   3   5   3   5   6   5   1   2   3  21   8   2   2   4  0.08 0.10
   87 F    0 -1  1  0 -1  0  0  0  0 -1  0  0 -1  0 -1  1  0 -1  1  0    6   3   7   6   1   3   7   5   2   2   9   4   1   4   3  16   5   1   6   8  0.04 0.07
   88 N    0  0  3  2  0  0  0 -1  0 -2 -2  0 -1 -1  1  2 -1 -4 -2 -1    6   5  14  11   2   4   6   3   2   1   2   4   1   3   8  19   3   0   1   6  0.19 0.17
   89 N   -1  0  2  2 -2  1  1 -1  4 -2 -2 -1 -1 -2  2  1 -1 -1  0 -3    5   4   9  10   1   5   8   5  13   2   3   2   2   1   9  14   2   1   3   2  0.25 0.19
   90 I    0 -1  0  1 -2  1  0 -1  1  0 -1 -1 -1 -2  2  1  0 -1  1  0    6   3   4   7   0   6   7   3   5   5   7   1   1   1  10  14   4   1   5   9  0.10 0.10
   91 P   -1 -1  0  1 -2  1  0 -1  0  0 -1 -1 -1 -2  3  2 -1 -4 -2  0    5   2   4  10   1   7   7   3   2   7   6   3   2   1  13  18   3   0   1   7  0.16 0.14
   92 F   -2 -2  0  1 -3 -1  0 -1 -1 -1  0 -2 -1  2  2  0 -1 -1  3 -1    2   2   4  11   0   2   8   4   1   4  12   1   1  11  11   9   2   0  10   5  0.16 0.15
   93 S   -1  0  0  0 -2  0  0  0  3 -2 -1 -1 -2 -3 -1  3  0 -1 -1 -1    4   4   3   5   1   3   7   8   8   2   8   3   0   0   3  27   5   1   2   4  0.19 0.19
   94 D    0 -2  0  5 -3  0  1  0  0 -3 -1 -2 -2 -3 -1  2 -1 -5 -2 -3    7   1   3  32   0   3   8   6   2   1   7   2   1   1   3  17   4   0   1   2  0.42 0.28
   95 L    0  1  0  1 -2  0  1 -1  0  0  0  0 -1 -2  1  1  0 -3 -1 -1    6   8   3   7   1   4  11   4   3   6  12   3   1   1   8  15   3   0   2   4  0.09 0.10
   96 P   -1 -1 -1  0  0  0  0  0 -1 -2 -1 -1 -2 -1  4  3  0 -4 -1 -1    5   4   2   4   2   3   6   6   1   2   5   2   1   2  20  23   5   0   3   4  0.29 0.22
   97 K   -1  1  0  1 -3  1  1  0  0 -1 -2  2 -1 -2  0  1 -1 -4 -2 -2    4   9   3   7   0   5  11   8   2   4   3  17   1   1   4  14   3   0   1   2  0.18 0.15
   98 K    0  2  1 -1 -1  0  0 -1  0 -3 -2  3 -1 -3  2  0  0 -2 -2 -2    5  13   8   2   2   4   5   4   2   1   4  21   1   1  10   8   6   1   1   2  0.24 0.18
   99 R   -1  3  2 -1 -1  1  0 -2  1 -2 -2  1  0 -2  1  2  0 -3 -2 -2    5  17  10   3   1   6   4   2   3   2   3  10   3   1   7  15   3   0   1   3  0.20 0.16
  100 N   -1  0  2  0  0  1  1 -1  2 -2 -2  1 -2 -3 -1  1  0 -3  1 -2    3   5  11   5   2   7  11   4   6   2   2  11   1   0   3  14   5   0   5   3  0.18 0.15
  101 A    0  0  0 -1 -1  1  0  0  0  0 -1  1  0  0  0  2  0  0  0 -1    7   3   5   3   1   6   3   6   2   5   5   8   3   5   4  21   5   1   2   3  0.07 0.10
  102 E   -1  1 -1  0 -2  1  1 -1  2 -2 -1 -1 -2  0  2  1  0  1 -1 -2    4   9   2   5   1   7   8   3   6   2   6   3   1   6  12  15   4   2   1   3  0.16 0.15
  103 D   -1 -2 -1  4 -3  1  1 -1  0 -2 -1 -1 -2 -2  3  1 -2 -5 -2 -3    5   1   2  27   1   7   7   5   2   2   7   3   1   1  13  12   1   0   1   0  0.37 0.25
  104 E    1  0  0  2 -2  1  2 -1  1 -2 -2  0 -1 -3  0  1 -1 -2 -1 -1   10   4   3  14   0   5  16   3   4   2   3   6   2   0   4  12   3   1   2   6  0.16 0.14
  105 L   -1  0  0  1 -2  0  0 -1  0  0  1 -1 -1 -1  0  1  0 -3 -1  1    3   7   4   8   0   4   4   5   2   7  16   2   1   2   4  13   4   0   3  12  0.04 0.08
  106 S    0 -1  0  1 -1  0  1  0  1 -2  0 -1  0 -1  1  1  0 -1  0 -1    8   2   2   8   1   3  13   7   5   1  13   2   2   2   6  11   4   1   3   4  0.08 0.09
  107 L    0 -1  0  0  0  0  0 -1 -1  0  1 -1  0  1  0  1  0 -1  1  0    5   3   4   5   2   4   6   4   1   5  13   1   3   7   4  13   6   0   6   8  0.03 0.06
  108 K    0  1 -1  2  4  0  0 -2  1 -1 -1  0 -2 -2  1  1  0 -3 -1 -1    6   7   2  12  11   4   6   2   4   3   5   5   1   1   9  10   4   0   2   5  0.15 0.13
  109 K    0 -1  0  2  0  2  3 -1  2 -2 -3  1 -3 -3  0  1 -1 -2 -1 -2    6   2   3  12   2   8  20   5   5   3   2   9   0   1   4  10   4   1   1   3  0.22 0.17
  110 Q   -1 -1 -1  2 -3  2  2 -1  2 -1 -1  0 -1 -2  1  1  1 -4 -2 -2    5   2   2  10   0   9  16   5   5   4   6   4   2   1   6  13   7   0   1   2  0.18 0.15
  111 P   -1  0 -1  1 -3  1  2  1  1  0 -1 -1 -1 -2  3  0  0 -4 -2  0    3   6   2   6   0   7  13  10   3   6   6   3   1   2  13   6   5   0   1   6  0.15 0.12
  112 Q   -1  2  1  1 -3  1  1  0 -1 -1 -1  0  0 -1 -1  1  0 -3 -1 -2    4  15   8   6   0   7  11   6   0   4   6   6   2   2   3  11   5   0   2   1  0.14 0.13
  113 N   -1  0  2  2 -3  0  1  0  2 -2 -2  0 -2 -3  0  2  0 -2 -3 -2    4   5  11  14   0   3  11   7   5   1   4   3   1   1   5  18   5   0   0   3  0.22 0.17
  114 Q   -1  1  1  0 -2  2  1 -1  1 -1  0  0  2 -1 -1  0  0 -3  0 -1    2   9   8   5   1  11   8   4   4   2   7   5   9   2   3   9   4   0   4   4  0.11 0.13
  115 K    0  0  0  1 -1  1  1 -1  0 -1 -1  1  1  0  0  1  0 -3 -1 -1    8   4   4   7   2   7   8   4   2   2   4  12   4   7   4  11   5   0   1   4  0.07 0.08
  116 N    0  1  2  1 -3  2  0 -1  1 -2  0  0 -2  0 -1  1 -1 -4 -2 -2    6   8  13   9   0   9   6   4   4   2  10   5   0   4   2  13   2   0   1   1  0.15 0.14
  117 K    0  1 -1  1 -2  1  1 -2  0 -2 -1  3  0 -2  0  1 -1 -4 -1 -2    6   8   2  10   1   6   7   3   3   1   6  20   3   1   4  11   3   0   2   3  0.17 0.14
  118 R    0  3 -1 -1 -1  1  1 -2  0 -1 -1  1  2  0 -1  1 -1 -3  0  0    8  18   2   2   1   7   9   2   2   3   4   7   7   5   3  10   2   0   4   6  0.14 0.14
  119 L   -1 -2 -1 -1 -2  0 -1 -2  0  1  2  0  1 -1  0  1 -1 -1 -1  1    5   1   3   3   0   6   4   3   2   6  25   5   3   2   6  13   2   1   2   9  0.08 0.11
  120 K    0  1  0  0 -2  1  1  0  1 -2  0  2 -1 -1  0  0 -1 -2  0 -1    6   6   4   5   0   6   9   7   5   2  11  15   1   2   4   9   3   1   4   3  0.08 0.08
  121 S    0  0  0  0  2  1  0 -1  1 -1  0  0  0 -1  1  1  0 -2 -1  0    7   3   4   6   5   7   7   4   4   3  12   4   2   2   7  12   6   0   1   6  0.06 0.06
  122 R    0  2  0  0  1  1  2 -1  0 -1 -1  0 -1 -1  0  1  0 -2 -2 -1    6  14   4   5   4   5  15   3   2   3   6   4   1   3   3  11   5   1   0   5  0.11 0.11
  123 P    0 -1 -1  0 -3  0  1 -1 -1 -1  0 -2  0 -2  4  0  0  0 -1 -1    6   2   2   6   0   5  10   4   1   4  10   1   2   2  23   9   5   2   2   4  0.26 0.17
  124 M    0 -1 -1 -1 -1  0  0 -1 -1  0  2 -1  1 -1 -1  1  0 -2 -2  0    6   4   2   3   1   3   6   5   1   6  22   3   4   3   3  12   6   0   1   8  0.05 0.08
  125 N   -1  0  2  2  0  0  2  0  1 -2 -1 -1  1 -3 -1  1 -1 -3 -2 -1    3   4  13  11   2   4  15   6   4   2   5   3   5   1   2  13   3   0   1   3  0.17 0.15
  126 E    0  0  0  2  0  1  3  0 -1 -2 -1  0  0 -3 -1  1  0 -4 -3 -2    8   5   3  10   3   5  23   7   1   2   7   4   3   0   3   9   4   0   0   3  0.18 0.15
  127 S    1 -1  0 -1  0  0  0  1  0 -2 -1  0  1 -2  0  2  1 -2 -1 -1   12   3   4   3   2   3   4  11   2   2   6   5   4   1   3  22   7   0   2   4  0.12 0.12
  128 D   -1 -2  0  3  0  0  2  0 -2 -2 -1 -1  1  0  0  0  0 -1 -1 -1    3   1   3  22   3   4  14   8   1   1   5   2   5   5   5   8   4   1   2   3  0.19 0.16
  129 N   -1 -1  1  1 -1  1  0  0  0 -1  0  0  1 -2  1  1  0 -3 -2 -1    4   2   8   7   1   6   6   8   3   4  14   4   4   1   7  10   5   0   1   4  0.06 0.07
  130 G    0  0 -1  1  1  1  1  1  0 -2 -1  0 -1  0  1  1  0 -2  0 -1    5   5   2  10   3   6   8  14   3   2   5   4   1   5   6   9   6   0   3   3  0.08 0.07
  131 D    0  0  0  3 -3  1  2  0  0 -2 -2  0 -1 -2  1  1  0 -1 -2 -2    6   4   2  21   0   7  14   7   2   2   3   3   2   2   8   9   5   1   1   1  0.25 0.18
  132 A    1 -1  0  1 -1  1  2  0 -1  0 -2  0  0 -2  0  1  1 -1 -2 -1   14   2   3   6   1   5  15   6   1   6   3   5   3   1   4  13   7   1   1   3  0.11 0.11
  133 A    1  0  0 -1  0  0  0  0 -2  0  0  0  0 -1  1  1  0 -1 -1  0   16   4   5   2   2   3   6   6   0   7   7   4   4   2   6  13   4   1   2   8  0.05 0.06
  134 L   -1 -1  0  0 -1  0  0 -1  0  0  1  0  1  0  0  0  0 -1 -1  0    4   3   4   6   1   5   5   6   2   5  17   5   6   3   4   7   8   1   1   8  0.02 0.04
  135 E    0  1  1  2 -3  2  3 -1 -1 -1 -2  0 -1 -1  0  0  0 -3 -2 -2    6   6   8  10   0   8  21   5   1   3   3   5   2   3   5   8   5   0   0   1  0.20 0.15
  136 G    1 -1  0  1 -1 -1  0  1  0 -2 -1  0  0 -2  0  1  1 -2 -2 -1   12   3   5   8   1   2   6  13   2   2   5   5   3   2   5  15   7   0   0   4  0.11 0.09
  137 T   -1 -1  1  0 -1  1  0 -1  1 -1 -1  0  1 -2  0  2  1 -3 -2  1    3   2   6   6   1   6   6   5   3   3   4   5   5   1   5  17   9   0   1  12  0.09 0.11
  138 V    0  0  0 -1  1  0  0  0  0  0  0  0  0 -1  0  0  0 -2 -1  1    5   5   3   3   3   5   5   6   3   8   7   8   2   3   5   9   5   0   2  13  0.02 0.03
  139 V    1 -1  0 -1  1  0 -1  0 -1  0  0  0  0 -1  0  0  1 -2  0  1   11   1   4   2   3   3   4   7   1   6   9   5   2   1   5   8   9   0   3  15  0.04 0.06
  140 R    0  1  0  0  0  1  1  0  0 -1  0  1  0 -2 -1  0  0 -2 -2  0    8   8   4   5   2   5   9   7   3   3   9  13   2   1   2   8   3   1   1   8  0.05 0.05
  141 K    0  1  0  1 -2  2  1 -1  0 -1 -1  2  0 -2  0  0  0 -2 -2 -1    8   8   4   7   1  10   8   5   2   3   6  13   3   1   3   8   6   0   1   4  0.10 0.08
  142 S    1  0  0  1 -1  1  0  0  0 -2 -1  0 -2 -2  1  2  1 -2 -2 -1   10   3   3   7   1   8   6   7   2   2   5   5   0   2   7  19   8   0   1   3  0.13 0.12
  143 G    0  0  3  1 -2  1  0  2  0 -2 -2  0 -2 -2  1  1  0 -4 -3 -1    6   4  15   6   1   7   5  16   1   2   3   6   1   1   6  10   4   0   0   4  0.18 0.13
  144 G    0  0  0  0  0  0  1  3 -1 -2 -2 -1 -3 -3  2  1 -1 -3 -3 -2    5   6   4   3   2   3   9  29   1   3   3   3   0   1  11  12   4   0   0   2  0.30 0.18
  145 N    0 -1  3  0 -1  1  0  1  0 -2 -2  0 -1 -2  1  1  0  0 -2 -1    8   3  16   3   1   8   6   9   3   1   3   5   2   2   8  13   3   2   1   4  0.17 0.14
  146 K    0  1  0 -1 -2  0  0  0  0 -2 -1  2  1 -3  0  1  0  3 -2 -1    5   6   3   2   0   3   4   8   2   2   8  18   4   0   5  15   5   4   1   4  0.12 0.13
  147 K    0  1  0  0 -1  1  1  1  0 -2 -2  2 -2 -3  1  0 -1 -3 -2 -2    8   7   5   5   2   8   7   9   2   3   4  19   0   0   6   8   3   0   1   3  0.16 0.12
  148 G    1  0  0  0 -3  0 -1  3 -2 -2 -2  0 -1 -2  0  1  0 -2 -3 -1   12   5   4   5   0   5   3  25   0   1   2   7   1   2   4  13   5   0   0   5  0.22 0.15
  149 A    1  0  0 -1 -2  1  0  1  0 -2 -2  0  0 -3  1  2  1 -2 -1 -1   12   6   4   2   1   7   6   9   2   1   3   5   2   1   5  19  10   1   1   3  0.15 0.13
  150 A    1  0  1  0 -1  0  0  0 -1 -2 -1  1 -1 -1  0  2  0 -2 -2 -1   16   5  10   4   1   3   3   7   1   2   5   9   1   2   5  16   5   0   0   4  0.11 0.11
  151 K    0  1 -1  0 -2  1  1  1 -1 -2 -2  2  0 -2  0  1  0 -2 -2 -2    7   6   2   3   0   4  12  11   1   1   4  17   3   1   4  13   5   0   0   3  0.15 0.13
  152 A    1  0 -1 -1 -2  0  0  2 -1 -1 -1  0  0 -3  0  2  0 -3 -2 -1   15   6   1   3   0   4   6  15   1   5   5   6   2   0   3  16   5   0   0   5  0.13 0.12
  153 N    1  1  1  0 -3  0  1  0  0 -2 -2  2 -1 -3  0  1  1 -1 -3 -2   11   8   7   3   0   3   7   6   2   3   3  14   1   1   5  14  11   1   0   2  0.16 0.13
  154 G    0  1  0 -1  0 -1  1  3 -1 -2 -2  0 -1 -3  0  1  0 -1 -2 -2    8   7   4   2   2   2  10  26   1   2   4   5   1   1   4  12   5   1   1   3  0.20 0.14
  155 S    0  2  1  0 -2  0  0  0  0 -2 -2  1 -2 -3  1  1  0  0 -2 -1    7  15   7   4   1   3   5   9   2   2   2   9   1   1   7  15   6   1   1   3  0.17 0.13
  156 N    0  1  1 -1 -1  0  0  1 -2 -1 -1  0  0 -2 -1  1  0  2 -2  1    9   7   7   3   1   4   4  14   0   2   6   5   3   1   3  12   3   4   0  12  0.07 0.09
  157 S    0  2  0  0  1  0  0  0  0 -1 -2  2  0 -2 -1  1 -1  0 -1  0    5  12   3   5   3   4   6   8   2   3   2  15   2   1   2  12   3   2   2   8  0.10 0.10
  158 N    0  2  2 -1 -1  0  0  0  0 -2 -1  2 -1 -3  0  1  0 -3 -2 -1    6  13  10   3   1   4   4   7   2   1   8  15   1   1   4   9   4   0   0   6  0.13 0.11
  159 N    0  1  1  1  0  2  0  0 -1 -1 -1  1  0 -3 -1  1 -1 -2 -2  0    6   6   9   7   2  13   5   5   1   2   6  11   2   0   1   9   2   1   1   9  0.11 0.11
  160 G    0 -1  0  2 -3  1  0  3 -1 -2 -1  0  0 -3 -1  1  0 -3 -2 -2    5   3   5  13   0   7   5  25   1   2   6   4   3   0   2   9   4   0   1   3  0.21 0.15
  161 N   -1  0  2  0 -3  0  1  1  0 -2 -2  0 -1 -3  0  3  0 -4 -2 -2    4   4  12   3   0   3  10  11   2   2   4   5   1   1   3  25   5   0   1   3  0.22 0.18
  162 N   -1  0  1  2 -2  3  1 -1 -1 -2 -2  2  0 -2 -2  1 -1 -2 -2 -1    5   4   6  10   1  13   9   3   1   2   4  17   3   2   1  10   3   0   1   4  0.20 0.15
  163 K    0  1  0  1 -3  0  2  0 -1 -1 -1  3 -2 -3 -1  0 -1 -3 -3 -1    6   9   4   8   0   2  18   7   1   4   5  20   1   1   2   5   3   0   0   4  0.21 0.16
  164 D   -1 -1  1  3 -4  0  4 -2 -2 -4 -4 -1 -3 -5  0  1  1 -5 -4 -3    5   3   6  19   0   3  31   3   1   1   1   3   0   0   4  12   7   0   0   1  0.55 0.31
  165 G    0 -2 -2 -3 -3 -2 -2  5 -2 -2 -1 -2  0 -3 -2 -1  1 -4 -4  2    9   2   1   1   0   1   2  41   1   1   5   2   2   1   2   4   9   0   0  15  0.51 0.29
  166 R   -1  3 -1 -4 -3 -2 -3 -3 -2  2  1  0  2 -2 -2 -2 -2 -4 -3  4    5  17   3   0   0   1   0   2   1  11  13   5   5   1   2   2   1   0   0  31  0.41 0.28
  167 W   -5  3 -2  5  2  0 -2 -5  2 -5 -5 -2 -5 -5 -3 -4 -1  8 -3 -6    0  17   1  36   5   5   2   0   5   1   1   2   0   0   1   0   4  19   0   0  1.25 0.57
  168 A    2 -5 -6 -5 -5 -5 -6 -6 -6 -1  5 -5  3 -2 -1 -4 -3 -5 -5 -2   19   0   0   1   0   0   0   0   0   2  65   0   6   1   3   1   1   0   0   1  1.18 0.57
  169 E   -2  4 -3 -3 -2 -1  2 -4  1 -1 -2  2 -2 -4 -1 -1 -2  0 -4  3    2  23   1   0   1   1  16   0   3   2   4  13   0   0   3   5   2   1   0  23  0.46 0.33
  170 Q   -2 -2  0 -1 -5  5  1 -3  6 -5 -5  0 -4 -6 -4 -1  3 -6 -4 -5    2   2   5   3   0  27   7   2  21   0   0   5   0   0   1   4  22   0   0   0  0.96 0.52
  171 L   -1 -5 -6 -6 -5 -4 -5 -6 -4  0  6 -5  3 -3 -6 -3  0 -5 -5  0    5   0   0   0   0   1   0   0   0   4  69   0   6   0   0   2   6   0   0   6  1.18 0.55
  172 L   -6 -7 -8 -8 -6 -7 -7 -8 -7 -1  7 -6 -2 -4 -7 -7 -6 -6 -5 -3    0   0   0   0   0   0   0   0   0   1  97   0   0   0   0   0   0   0   0   0  2.25 0.86
  173 N   -3 -3  1 -5 -1 -3 -5 -5 -4  4  3 -4  4  0 -5 -3  0 -5 -1  2    0   1   9   0   1   1   0   0   0  24  25   1  13   3   0   0   6   0   1  13  0.65 0.36
  174 P    3 -1 -1 -1 -3  2  2 -3  5 -4 -1 -2 -1 -4  1  0 -1 -5 -3 -3   27   4   2   2   0   9  14   0  14   0   7   1   2   1   8   5   4   0   0   1  0.44 0.33
  175 C   -3 -9 -8 -9 12 -8 -9 -7 -8 -7 -7 -8 -7 -7 -8 -4 -2 -8 -8 -5    2   0   0   0  94   0   0   0   0   0   0   0   0   0   0   1   3   0   0   1  4.16 1.27
  176 A    7 -6 -6 -6 -5 -5 -5 -2 -6 -6 -6 -5 -6 -7 -5 -2 -5 -7 -6 -4   95   0   0   0   0   0   0   2   0   0   0   0   0   0   0   2   0   0   0   1  2.28 0.93
  177 V   -1  2  0  0 -6  5  4 -2 -1 -5 -3  1 -3 -5 -4 -2 -2 -6 -5 -4    6  12   4   4   0  26  30   2   1   0   2   7   0   0   0   2   3   0   0   1  0.79 0.45
  178 A    7 -6 -6 -6  0 -4 -4 -4 -6 -5 -3 -4 -4 -2 -5  0 -4 -7 -4 -3   85   0   0   0   2   0   1   0   0   0   3   0   0   2   0   5   0   0   0   1  1.79 0.79
  179 I   -2 -6 -7 -7 -5 -6 -7 -7 -7  5  1 -6  0 -3 -6 -6 -4 -6 -5  6    2   0   0   0   0   0   0   0   0  26   9   0   2   1   0   0   0   0   0  60  1.57 0.65
  180 T    4 -4 -2 -1 -4  3  1 -1 -2 -5 -5 -3 -4 -5 -4  3  0 -5 -2 -3   35   0   1   2   0  12  11   3   1   0   0   0   0   0   0  26   6   0   1   1  0.72 0.46
  181 G    2 -1  0  1  3  2  2 -1  0 -2 -4 -1  0 -4 -3  1  1 -5 -4 -1   19   3   4   7   7  11  13   3   2   2   0   2   2   0   0  12   7   0   0   5  0.27 0.24
  182 G   -3  2  4  3 -3 -2  1  2 -3 -6 -5  1 -5 -2 -4  0 -3 -5  0 -5    1  12  22  18   1   1   8  18   0   0   1   8   0   2   0   6   0   0   3   0  0.60 0.36
  183 N   -5 -3  6  7 -7 -4 -2 -5 -3 -7 -8 -3 -7 -8 -5 -2 -5 -8 -7 -7    0   1  36  56   0   0   2   0   0   0   0   1   0   0   0   2   0   0   0   0  2.02 0.81
  184 L   -1  2 -1 -3 -3  0 -2 -2  2  0  2  0  1  1 -2  1  0  0  0  0    4  14   2   0   0   5   1   2   5   5  21   4   5   7   1  11   4   1   2   5  0.14 0.16
  185 N    0  3  1  0 -3  1  0 -2 -1 -3 -2  1 -1 -3  0  2  1 -3 -1 -3    7  18   6   5   0   6   5   2   1   1   3   6   2   1   5  17  11   0   2   1  0.25 0.21
  186 R    0  3 -1 -2 -3  0  0 -1  0 -2  1 -1  0 -1 -4  1  1 -4 -2 -2    9  21   2   2   0   4   6   3   3   1  19   2   2   2   0  10  12   0   1   1  0.22 0.22
  187 V    6 -5 -5 -6 -4 -5 -5 -4 -4 -1 -4 -5 -4 -1 -5 -2  0 -6 -5  2   71   0   0   0   0   0   0   1   0   3   1   0   0   2   0   2   5   0   0  15  1.40 0.67
  188 Q   -1  0  3  1 -3  4  2 -1  2 -4 -3 -1 -4 -4 -4  1  0 -5 -2 -3    5   4  14   8   0  25  11   4   4   1   2   2   0   0   0  12   6   0   1   1  0.49 0.34
  189 H    1  0 -1  1 -3  3  3 -1  4 -3 -3  0 -2 -4 -3  0 -1  2 -2 -3   15   4   2   6   0  14  22   3  12   1   3   4   1   0   1   5   2   3   1   2  0.42 0.30
  190 L   -3 -5 -6 -6 -3 -2 -6 -6 -3  2  5 -3  3  0 -6 -5 -2 -2  0 -1    2   0   0   0   0   2   0   0   1   8  67   1   7   3   0   0   2   1   3   3  1.14 0.53
  191 L   -4 -6 -7 -7 -5 -5 -6 -7 -6  2  5 -5  5 -1 -6 -5 -4 -5 -4  2    1   0   0   0   0   0   0   0   0  10  57   0  16   2   0   0   0   0   0  13  1.29 0.56
  192 Y   -1  1  0 -2  0 -1  0 -3  0 -4 -3  4 -2 -3 -1  1 -1  7  2 -3    3   6   4   2   2   2   6   1   2   1   3  27   1   1   3  11   3  16   6   1  0.56 0.35
  193 V   -3  1 -2 -2 -5  5  3 -4  2 -1 -2  1  3 -5 -5 -3 -3 -5 -4  2    1   7   1   1   0  28  17   1   4   4   3   7   8   0   0   1   1   0   0  18  0.66 0.42
  194 L   -2 -6 -7 -7 -5 -6 -6 -7 -7  6  5 -6 -1 -3 -6 -5 -4 -6 -5  0    3   0   0   0   0   0   0   0   0  42  50   0   1   0   0   0   0   0   0   4  1.48 0.61
  195 H   -2  5  4 -3 -6  0 -2  1  1 -6 -4  2 -4 -6 -3  0 -3  0 -4 -5    2  37  18   0   0   4   1  12   3   0   1  10   0   0   1   8   0   1   0   0  0.81 0.44
  196 E    0  0  1 -2 -4  5  4 -3  0 -3 -2  0 -1 -1 -4 -1 -2 -3 -2 -4    7   4   6   1   0  28  27   2   2   1   5   4   1   3   0   5   2   0   1   0  0.59 0.38
  197 L   -3 -2  1 -5 -5 -2 -4 -3  7  0  4 -3  3 -3 -5 -2 -4 -5 -2  0    2   2   6   0   0   1   0   2  26   5  39   1   9   0   0   3   0   0   1   5  0.90 0.47
  198 A    5 -5 -4 -5 -1 -4 -4 -3 -5 -4 -4 -4 -4 -5 -5  4 -2 -6 -4  3   43   0   0   0   1   0   0   1   0   0   1   0   0   0   0  34   1   0   0  19  1.10 0.60
  199 S   -1 -4 -2 -4 -3 -4 -4 -3 -3 -5 -3 -3 -5 -6  0  6  1 -7 -6 -1    4   0   2   0   1   0   0   1   0   0   3   1   0   0   5  72   7   0   0   5  1.37 0.70
  200 T   -1 -3 -4 -3 -4 -4 -3 -5 -5  0 -3 -4 -4  0  7  2 -3 -6 -4  2    4   1   0   1   0   0   1   0   0   6   3   0   0   4  49  15   1   0   0  13  1.23 0.57
  201 T   -3 -1  0  0 -2  3 -2 -4  2 -3 -2 -1 -1  3 -3  2  2 -1  4 -2    1   3   3   6   1  13   0   0   5   1   4   2   2  12   1  14  12   1  16   2  0.39 0.31
  202 G    0 -6 -5 -5 -3 -6 -6  7 -6 -7 -8 -6 -7 -7 -6 -4 -4 -7 -7 -6    7   0   0   0   0   0   0  90   0   0   0   0   0   0   0   1   1   0   0   1  2.34 0.85
  203 D   -5 -5  0  7 -2 -4  1  1 -5 -7 -7 -4 -6 -7 -5 -1  1 -7 -6 -6    0   0   4  65   1   0   7  10   0   0   0   0   0   0   0   5   8   0   0   0  1.59 0.67
  204 A    4 -5 -3 -3  1 -4 -3  2 -5 -4 -5 -4 -4 -4  4  2 -1 -3 -4 -2   33   0   1   1   3   0   0  14   0   1   0   0   0   1  20  19   4   0   0   3  0.76 0.44
  205 N   -1 -2  3  0 -2 -3 -1 -3 -3  1 -1 -3  5  0 -2  1  2 -5 -3 -2    3   1  16   6   1   0   5   1   0  10   4   0  19   5   2  11  15   0   0   2  0.41 0.33
  206 H   -4  1 -4 -4 -7  8  2 -1  4 -7 -7 -2 -5 -7 -4 -4 -5 -7 -6 -7    1   8   0   0   0  66  12   4   8   0   0   1   0   0   1   0   0   0   0   0  1.91 0.84
  207 R   -6  8 -5 -6 -8 -3 -4 -7 -5 -8 -7  4 -6 -8 -7 -5 -6 -7 -6 -7    0  81   0   0   0   0   0   0   0   0   0  19   0   0   0   0   0   0   0   0  2.53 0.95
  208 L   -5 -6 -7 -7 -5 -5 -5 -7 -7  0  5 -6  1 -4 -6 -6 -3 -6 -5  4    0   0   0   0   0   0   0   0   0   4  64   0   2   0   0   0   1   0   0  29  1.47 0.63
  209 A    6 -5 -5 -6 -5 -5 -5  2 -6 -5 -4 -5 -3 -6 -5 -1  0 -7 -6 -2   75   0   0   0   0   0   0  12   0   0   1   0   0   0   0   4   6   0   0   2  1.53 0.71
  210 A    4 -4 -3 -3  0 -3 -4 -3  6 -4 -4 -4 -4  1 -5  3  1 -5  1 -3   33   0   1   1   2   0   0   1  22   0   1   0   0   7   0  19   8   0   5   1  0.89 0.50
  211 H   -2 -5 -6 -7  7 -2 -6 -6  4 -4 -5 -6 -5  2 -7 -5 -4  2  8 -5    4   0   0   0  18   2   0   0   8   1   1   0   0   5   0   0   1   3  56   0  2.10 0.81
  212 G   -6 -7 -7 -8 -7 -7 -7  0 -6 -2  0 -7  4  9 -8 -6 -6 -4 -1 -4    0   0   0   0   0   0   0   8   0   2   7   0   9  74   0   0   0   0   0   0  2.27 0.84
  213 L    4 -5 -5 -5 -3 -4 -5 -2 -5 -1  3 -4 -2 -3 -4 -1  0 -5 -4  2   39   0   0   0   0   0   0   2   0   3  31   0   0   1   0   3   6   0   0  14  0.74 0.44
  214 R   -3  2  3  2 -1  4  5 -4  0 -5 -5  0 -2 -6 -5 -3 -3 -6 -3 -5    1  10  12  11   2  19  35   1   2   0   0   4   1   0   0   0   1   0   1   0  0.92 0.50
  215 A    5 -6 -5 -5 -1 -5 -5  5 -6 -6 -6 -5 -6 -7 -5 -2 -5 -7 -6 -5   50   0   0   0   1   0   0  45   0   0   0   0   0   0   0   3   0   0   0   0  1.63 0.71
  216 L   -6 -6 -8 -8 -6 -6 -7 -8 -7 -2  7 -7  1 -3 -7 -7 -5 -6 -5 -3    0   0   0   0   0   0   0   0   0   1  95   0   2   1   0   0   0   0   0   1  2.17 0.84
  217 T    2 -1 -3 -2 -2  0  3 -3 -3 -1 -3 -1 -3  2 -4  1  0 -4 -2  1   20   3   0   1   1   4  26   1   0   4   0   3   0  11   0   9   6   0   1  10  0.38 0.31
  218 H    5  2 -2 -1  3 -1 -3 -2  0 -4 -2 -2 -4 -4 -3  1 -1 -6 -3 -2   50  13   1   4   6   2   1   1   3   1   3   1   0   0   0   8   3   0   1   1  0.72 0.44
  219 H   -5  8 -5 -6 -8 -3 -5 -7  2 -7 -5  0 -3 -7 -7 -5 -5 -3 -5 -7    1  87   0   0   0   0   0   0   5   0   1   4   1   0   0   0   0   0   0   0  2.55 0.96
  220 L    0 -5 -6 -6 -4 -5 -6 -6 -4  3  5 -4  3 -2 -6 -4 -3 -5 -4  0    8   0   0   0   0   0   0   0   0  18  57   1   7   1   0   1   1   0   0   6  1.08 0.51
  221 S    4 -3 -1 -2 -2 -2 -1 -3 -1 -3 -2 -3 -3 -1 -1  2  2 -4  2  0   34   0   3   1   1   1   4   1   1   1   2   0   0   2   3  14  15   0   9   7  0.45 0.34
  222 S    1  2  0 -1 -2 -2 -2  4  0 -4 -1 -1 -4 -3 -3  2 -1 -5 -4 -4   10  13   3   4   1   1   2  34   2   0   6   4   0   1   1  15   3   0   0   1  0.46 0.30
  223 S    0 -1 -1 -2 -4 -3 -3 -2 -3 -1  0 -3 -2 -2 -1  4  4 -5 -2 -1    8   2   2   1   0   1   1   3   0   4   9   0   0   2   2  33  26   0   1   5  0.50 0.36
  224 S   -2 -1 -2 -4  3 -1 -4  6  0 -3 -4 -3 -2 -3 -1 -1 -1  1  1 -2    2   4   1   1   7   3   0  54   2   1   1   1   1   1   3   4   4   2   5   3  0.88 0.44
  225 S   -1 -3 -1 -2 -4 -2 -1 -1 -1 -3 -1 -1 -3 -4  4  4  2 -5 -3 -3    4   1   3   2   0   1   3   5   1   1   6   3   0   0  23  31  13   0   1   1  0.61 0.39
  226 S    0  2  0 -1  1  3  0  1  0 -2 -2  0 -2 -2  1  1  0 -4 -2 -2    6  10   4   2   4  19   4   9   2   1   4   3   1   2   8  12   6   0   1   3  0.21 0.20
  227 T    0 -3 -1 -3  3 -1 -2 -2 -1  3  1 -1  1 -2  0  0  1 -4 -3  1    7   0   3   1   6   2   1   3   2  20  12   4   3   1   4   9   9   0   0  10  0.16 0.16
  228 P    0 -3 -2 -2  0 -1 -2 -3  0 -2 -1 -3  0  1  1 -1 -2 -2  7 -3    7   1   2   2   2   2   2   2   2   3   7   1   2   4   8   5   2   0  45   1  0.88 0.45
  229 S    0  3  0 -1 -1  1 -1 -1  1 -2 -2  2 -1 -3  0  1  0 -4 -2 -1    7  19   5   2   1   5   1   3   3   2   3  16   1   1   4  13   7   0   1   5  0.22 0.18
  230 G    3 -2  0 -2 -3 -2 -2  1 -2 -3 -3 -1 -1 -1  2  2  2 -4 -2 -2   25   1   5   2   0   1   2  11   0   1   2   4   2   3   9  18  11   0   1   2  0.33 0.25
  231 T   -1 -3 -3 -3 -2 -3 -3 -4  0  0  4 -3  0  0 -1 -1  1 -2  0 -1    6   1   1   2   1   1   1   1   2   3  51   1   1   3   3   6   9   1   3   4  0.50 0.32
  232 I    1  1 -2 -2  0 -1 -2 -2 -2  1  0  1  2  0  0  0  1 -3 -1  1   12   9   1   2   2   1   1   3   1   8  10   8   8   4   5   6   9   0   1   9  0.07 0.11
  233 T    2 -2  0 -2  5 -3 -2 -1 -1 -3 -2 -2 -1 -3  1  3  2 -4 -3 -1   16   1   5   2  13   0   2   4   1   1   3   2   1   1   7  21  14   0   1   3  0.39 0.28
  234 F    1  1 -1 -1 -2 -1  0 -2  0 -1 -1  3  0  2 -1  0  0 -1 -1 -1   15   6   3   2   1   2   5   1   2   2   6  22   2   9   3   8   4   1   1   3  0.14 0.16
  235 A    2  2 -1  0 -2  0  2 -2  2 -3 -3  0 -2 -3  1  2  0 -4 -2 -2   19  12   2   3   1   3  13   1   5   1   1   5   1   1   7  16   6   0   1   2  0.29 0.23
  236 S    0 -1 -1  0  0 -1  0 -1  0  0 -2 -1 -1 -2  3  2  2 -4 -3 -1    8   3   1   6   2   2   6   5   3   5   3   1   1   1  15  16  16   0   0   3  0.22 0.18
  237 T    1  0  0 -1 -1 -1 -1 -2  0 -1 -1  1 -1 -2  1  2  2 -3 -2 -1   14   6   3   3   1   2   2   1   2   4   6   9   1   1   6  19  15   0   1   3  0.16 0.17
  238 E    1 -1  1  1 -3  0  2 -1  0 -3 -3 -2 -2 -3 -1  2  2 -4 -2 -1   13   3   7   8   0   3  13   4   2   1   1   0   1   1   3  21  13   0   1   6  0.27 0.24
  239 P    2 -1  0 -2  2 -2 -1 -2  3 -2 -2 -1 -1 -2  3  2  1 -3 -2  0   19   4   4   2   4   1   3   2   8   1   3   2   1   1  13  16   8   0   1   7  0.24 0.20
  240 R    0  2 -1  3 -3  0  2 -3 -1 -3 -2  1 -2 -3 -1  2 -1 -4 -3 -2    9  10   2  15   0   4  16   1   1   0   3   9   1   1   2  18   3   0   1   3  0.31 0.23
  241 F   -2 -1 -3  2  1 -2  1 -4 -3  0  1 -1  1  4 -3 -2 -1 -1  0 -1    3   3   1  14   3   1  10   1   0   5  15   4   4  24   1   2   3   1   2   3  0.32 0.24
  242 F   -1 -3 -3 -3 -4 -3 -3 -4 -1  1  3 -2  4  3 -4  0  2 -3 -1  0    4   1   1   1   0   1   1   0   1   8  27   2  13  12   0   9  12   0   2   4  0.40 0.28
  243 Q    0  2 -2  1 -2  2  0 -3 -1 -1  2 -1  0 -1 -3  0  0 -2 -2  0    7  14   1   9   1   9   5   1   1   3  22   3   2   2   1   9   4   0   0   5  0.14 0.15
  244 K    1  2 -1 -2 -3 -1  0 -2 -2  0 -1  4 -1 -3 -2  1 -1 -4 -2 -1   10  10   3   1   0   1   6   2   0   5   6  32   1   1   1  11   4   0   1   4  0.32 0.24
  245 S    4 -4 -4 -3  1 -3  0 -3 -3 -2  0 -4  2 -2 -3  1  1 -4  3 -2   41   0   0   1   2   0   6   0   0   2  11   0   5   1   1   8   7   0  11   2  0.51 0.38
  246 L   -2 -3 -4 -6  0  1 -4 -5  2 -1  2 -5  5  3 -6 -5 -4 -3  6 -1    3   1   1   0   2   6   1   0   5   3  18   0  15  10   0   0   0   0  31   4  0.91 0.48
  247 L    0  0 -2 -4 -5  4 -2 -4  5  0  2  0  2 -3 -3 -2 -3 -3 -3 -3    7   6   1   0   0  23   1   1  14   5  22   6   6   0   1   3   1   0   0   1  0.53 0.37
  248 K   -1  0 -1 -3 -4 -2 -2 -2  4  1  2  2 -1 -2 -4 -1  0  0 -2  1    4   5   2   1   0   0   1   2  12   9  25  14   1   1   0   6   4   2   0  11  0.25 0.23
  249 F   -3 -6 -7 -7 -3 -6 -6 -7 -2 -3  3 -6 -1  7 -4 -5 -5 -3  5 -2    3   0   0   0   1   0   0   0   1   0  25   0   1  47   1   1   0   0  18   3  1.53 0.64
  250 Y   -4 -4  3 -5 -3  2 -4 -5  1  0  0 -4  2  1 -5 -3 -3 -3  7  1    1   0  13   0   0  11   0   0   3   5   9   0   6   5   0   1   1   0  35   9  0.89 0.48
  251 E    1 -2 -2  2 -6  3  5 -2 -1 -6 -6 -1 -5 -6 -4  1 -1 -6 -5 -4   12   1   1  11   0  11  45   2   1   0   0   2   0   0   0   9   4   0   0   1  0.93 0.51
  252 F    3 -5 -4 -5 -3 -4 -4 -4 -4  3  1 -4  0 -2 -4  0  1 -5 -2  4   23   0   0   0   0   0   0   0   0  17  12   0   1   1   0   6  10   0   1  26  0.59 0.36
  253 S   -4 -7 -4 -6 10 -6 -6 -5 -6 -1 -5 -6 -3 -6 -6  4  1 -7 -5 -4    0   0   0   0  55   0   0   0   0   3   1   0   1   0   0  30   9   0   0   0  2.29 0.87
  254 P   -5 -7 -7 -7  3 -6 -6 -7 -5 -8 -7 -6 -7 -8  9 -3 -6 -9 -8 -7    1   0   0   0   6   0   0   0   0   0   0   0   0   0  90   2   0   0   0   0  3.11 1.11
  255 W   -6 -6 -6 -8  2 -4 -7 -7  0 -3 -2 -7 -5  6 -8 -6 -5  9  7 -5    0   0   0   0   4   1   0   0   2   1   4   0   0  32   0   0   1  24  31   0  2.12 0.80
  256 F   -2  0 -3 -4 -4 -2 -2 -4  2  1  2  1  1  4 -3 -1  0  1  0  0    1   4   1   0   0   1   1   0   6  10  20  13   3  18   0   4   7   2   2   7  0.28 0.23
  257 S    0  4 -3 -5 -6  0 -3 -5 -4 -4 -4  6 -1 -6 -3 -1  1 -3 -5 -4    7  22   0   0   0   3   0   0   0   1   1  49   1   0   1   4   9   0   0   1  1.14 0.58
  258 F   -2 -7 -7 -7 -6 -7 -7 -7 -6  0  0 -7  3  8 -7 -5 -4 -4 -2  1    3   0   0   0   0   0   0   0   0   4   8   0   7  65   0   0   1   0   0  11  1.86 0.73
  259 P    4 -4 -2 -3 -2 -4 -4  4 -3 -4 -5 -4 -3 -5  1  2 -1 -4 -5 -4   31   0   1   1   1   0   0  34   1   1   1   0   0   0   8  18   3   0   0   0  0.88 0.48
  260 N   -4 -5  3 -5 -6 -3 -5 -5  9 -1 -4 -5 -1  4 -7 -5 -5 -4  5 -5    1   0  12   0   0   1   0   1  44   3   1   0   2  14   0   0   0   0  20   1  1.81 0.74
  261 N   -1 -4  0 -5  0 -5 -5 -5 -4  1  1 -3  4  6 -6 -3  0 -3  1  1    4   0   5   0   2   0   0   0   0   6  11   1  13  36   0   1   6   0   4  11  0.80 0.42
  262 I    3 -5 -4 -5 -3 -4 -4 -4 -5  0 -1 -4  0  5 -5  1  4 -4 -1  0   24   0   0   0   0   0   0   0   0   5   4   0   2  22   0   9  27   0   1   6  0.73 0.45
  263 A    6 -5 -5 -6  1 -5 -4 -3 -6 -6 -5 -4 -3 -6 -5  2 -2 -7 -6 -3   76   0   0   0   3   0   0   1   0   0   0   0   1   0   0  17   2   0   0   1  1.66 0.76
  264 N   -6 -5  9 -3 -8 -4 -5 -4 -2 -4 -8 -5 -7 -8 -7 -3 -3 -9 -6 -8    0   0  94   0   0   1   0   1   1   1   0   0   0   0   0   1   1   0   0   0  2.95 1.08
  265 A    0  0 -1 -3 -4  5 -1  3  0 -4 -5  2 -1 -5 -4  0 -2 -3 -2 -3    9   4   2   1   0  31   3  21   2   1   0  11   2   0   0   8   1   0   1   2  0.62 0.40
  266 S    6 -5 -3 -5 -1 -4 -4 -4 -5 -3 -5 -4  1 -6 -5  1  3 -6 -4 -1   60   0   1   0   1   0   0   0   0   1   0   0   4   0   0  10  18   0   0   3  1.18 0.62
  267 I   -5 -7 -8 -8 -6 -7 -8 -8 -8  8 -1 -7  1 -5 -7 -7 -5 -7 -6 -1    1   0   0   0   0   0   0   0   0  92   3   0   3   0   0   0   0   0   0   2  2.59 0.93
  268 L    1 -2 -3 -6  1 -1 -5 -4 -4 -1  5 -4  4  1 -5 -3 -3 -4  1 -1   11   2   1   0   4   2   0   1   0   3  52   0   9   6   0   2   1   0   4   2  0.76 0.42
  269 Q   -4 -1  1  2 -7  3  6 -5 -1 -6 -6  2 -5 -7 -5 -3 -4 -6 -5 -6    1   3   6   9   0  11  57   1   2   0   0  10   0   0   0   1   0   0   0   0  1.33 0.63
  270 V    6 -5 -5 -5 -4 -4 -4 -3 -5 -1 -1 -4 -3 -3 -4  0 -1 -6 -5  1   69   0   0   0   0   0   1   1   0   3   7   0   0   1   0   6   2   0   0   8  1.21 0.60
  271 L    1 -4 -4 -4  1 -4 -4 -3 -4  2  1 -4  2  5 -4 -2 -2 -3 -1  2   14   0   0   0   3   0   1   1   0  10  14   0   6  28   0   3   2   0   0  15  0.57 0.31
  272 A    2  0 -1  0 -4  0  4 -1 -2 -3 -1  2 -2 -4 -3 -1 -2 -3 -3 -2   17   3   2   5   0   3  33   3   1   1   6  14   1   1   1   4   2   0   0   3  0.44 0.28
  273 E   -2  0  1  0 -4  0  1  5 -2 -4 -4  0 -3 -4 -3 -1 -1 -4 -3 -4    3   4   6   6   0   3   9  49   1   1   2   5   0   1   1   4   4   0   1   1  0.71 0.31
  274 E    1 -1 -1  0 -2  0  5 -2 -1 -3 -2  2 -2 -2 -1 -1 -2 -3 -2 -2   14   2   3   3   1   3  38   3   1   2   3  13   1   2   3   3   2   0   1   2  0.49 0.24
  275 P    0 -1 -1  2 -2  0  0 -1 -1 -2 -2 -1 -1 -1  2  2  2 -2 -2 -1    8   2   2  11   1   3   4   5   1   2   4   2   1   2  10  22  13   1   1   3  0.20 0.11
  276 N    0  0  1  1 -1  1  1  0  0 -1 -1  0 -1 -1  0  0  0 -1 -1 -1    7   5   7   6   1   7   8   6   3   4   6   7   1   3   4   8   7   1   2   5  0.05 0.01
  277 N    0  1  1  0 -1  0  1  1  0 -1 -1  1 -1 -1  0  0  0 -1 -1 -1    7   7   9   6   1   3   8  14   2   4   6   8   2   3   4   6   4   1   3   4  0.06 0.01
  278 L    1  1  0 -1  1  0  0 -1  1 -1 -1  0 -1 -1  2  0  0 -1  0 -1   14  10   3   3   4   4   4   4   3   3   6   6   1   3   9   7   6   1   3   4  0.07 0.03
  279 R   -1  3  1  0 -2  1  1 -1 -1 -2 -2  2 -1 -2  0  1  0 -2 -2 -2    4  15   8   4   1   6  10   4   1   2   4  15   1   1   3  11   6   0   1   2  0.20 0.10
  280 T   -1  5 -1 -2 -1 -1 -2 -3 -2 -3 -4  3 -2 -1 -2  1  0 -5 -4 -1    4  38   3   2   2   1   1   2   1   2   1  21   1   3   2   9   5   0   0   4  0.68 0.37
  281 L   -4 -4 -7 -7 -5 -6 -6 -7 -7  4  4 -6 -1 -1 -6 -6 -4 -6 -5  5    0   1   0   0   0   0   0   0   0  18  33   0   0   2   0   0   0   0   0  46  1.31 0.57
  282 H   -7 -5 -5 -7 -9 -5 -6 -8 11 -9 -8 -6 -7 -7 -8 -4 -7 -8 -4 -9    0   0   0   0   0   0   0   0  99   0   0   0   0   0   0   1   0   0   0   0  4.25 1.35
  283 I   -5 -4 -8 -8 -5 -7 -7 -8 -8  8 -3 -7 -3 -5 -7 -6 -5 -7 -6  4    0   1   0   0   0   0   0   0   0  71   0   0   0   0   0   0   0   0   0  27  2.14 0.81
  284 L   -5 -7 -7 -7 -5 -6 -7 -7 -3  6  2 -6 -2 -4 -7 -6 -4 -6 -5  5    0   0   0   0   0   0   0   0   1  51  15   0   0   0   0   0   0   0   0  34  1.60 0.65
  285 D   -5 -6 -2  8 -8 -5 -2 -6  0 -8 -9 -6 -8 -8 -6 -5 -6 -9 -8 -8    1   0   1  95   0   0   1   0   2   0   0   0   0   0   0   0   0   0   0   0  2.92 1.05
  286 I   -4 -6 -7 -7 -6 -6 -7 -7 -5  2  3 -7 -1  7 -7 -6 -5 -3  3 -2    1   0   0   0   0   0   0   0   0  11  24   0   1  50   0   0   0   0  10   2  1.59 0.64
  287 G   -3 -5  0  3 -6  2 -2  5 -2 -7 -7 -4 -6 -7 -5  3 -4 -6 -6 -6    0   0   3  14   0  10   1  49   1   0   0   0   0   0   0  21   0   0   0   0  1.22 0.59
  288 V   -4 -6  2 -5 -5 -5 -6 -4 -5  6  1 -5  4 -3 -4 -3 -3 -6 -5  2    0   0   9   0   0   0   0   1   0  49  11   0  11   1   1   2   1   0   0  14  1.13 0.53
  289 S    0 -1  1 -2  1  0 -1 -1  0 -2  0  0  3 -3 -4  2  3 -3 -2 -2    8   2   8   2   3   3   2   5   2   1  11   6  11   0   0  15  19   0   1   1  0.22 0.23
  290 H   -5 -3 -4 -3 -5  6 -3 -6  7 -5 -2 -3 -3  2 -4 -4 -3 -3  5 -6    0   0   0   1   0  34   1   0  24   0   3   1   1   9   1   0   1   0  22   0  1.51 0.70
  291 G   -3 -7 -5 -5  6 -6 -7  7 -7 -8 -8 -6 -7 -7 -7 -5 -4 -1 -7 -7    2   0   0   0  16   0   0  80   0   0   0   0   0   0   0   0   1   1   0   0  2.33 0.87
  292 V   -3 -5 -3 -5 -3 -3 -4 -5  0  0  2 -4  5  5 -5  0  2 -4  0  1    1   0   1   0   0   0   0   0   2   3  18   0  15  23   0   7  15   0   3   9  0.66 0.39
  293 Q   -6 -4 -5 -6 -8  9 -3 -7 -2 -8 -7 -3 -4 -9 -5 -5 -6 -7 -7 -8    0   0   0   0   0  97   0   0   1   0   0   1   0   0   1   0   0   0   0   0  3.20 1.23
  294 W   -8 -7-10-10 -8 -8 -9 -8 -8 -2 -7 -9 -7 -5-10 -9 -8 13  1 -8    0   0   0   0   0   0   0   0   0   3   0   0   0   0   0   0   0  93   4   0  4.92 1.48
  295 P   -2 -1 -7 -6 -7 -5 -6 -7 -3  0 -4 -5  0 -7  8 -4 -5 -8 -6 -2    3   4   0   0   0   0   0   0   1   6   2   0   2   0  77   1   0   0   0   3  2.32 0.90
  296 T    2 -4 -3 -3  4 -3 -3  1 -5 -1 -2 -3 -1 -3  0  2  4 -5 -4 -3   21   0   1   1   7   0   1   9   0   3   3   1   2   1   5  12  33   0   0   0  0.59 0.40
  297 F   -6 -6 -8 -8 -6 -6 -7 -8 -7 -2  7 -7  0  2 -7 -7 -5 -5 -5 -3    0   0   0   0   0   0   0   0   0   1  89   0   1   9   0   0   0   0   0   0  2.00 0.79
  298 L   -5 -6 -7 -7 -5 -6 -6 -7 -6  6  4 -6  5  2 -6 -6 -5 -5 -4 -2    0   0   0   0   0   0   0   0   0  41  36   0  14   8   0   0   0   0   0   1  1.42 0.60
  299 E   -5  1 -3  1 -5  7  3 -4  4 -7 -6 -1 -4 -6 -5 -4 -5 -6 -2 -6    0   8   0   8   0  48  21   1   9   0   0   3   0   0   0   0   0   0   1   0  1.43 0.68
  300 A    5  2 -3 -4 -1 -2 -2 -2 -1 -1 -2 -2  1 -1 -4  0 -1  1 -3 -3   52  12   1   1   1   1   2   3   1   4   3   1   3   3   0   7   2   2   1   0  0.68 0.43
  301 L   -6 -6 -7 -8 -5 -6 -7 -8 -6  0  6 -7 -1  1 -7 -7 -5 -1 -5 -2    0   0   0   0   0   0   0   0   0   4  88   0   1   5   0   0   0   1   0   1  1.91 0.76
  302 S    6 -5 -5 -5 -1 -4 -5 -2 -5 -5 -5 -4 -5 -6 -5  3  0 -6 -6 -3   67   0   0   0   1   0   0   2   0   0   0   0   0   0   0  21   6   0   0   1  1.45 0.70
  303 R    1  1  1  0  0  0  0 -2 -1 -2  1  1  0 -3 -3  1  2 -2 -3 -2   12   9   6   4   2   2   7   1   1   1  13   9   2   0   0  13  15   1   0   1  0.18 0.19
  304 R   -6  8 -3 -5 -8  0 -4 -7 -4 -5 -3 -2 -2 -7 -7 -5 -5 -5 -6 -5    0  87   1   1   0   3   1   0   0   1   3   1   1   0   0   0   0   0   0   1  2.45 0.94
  305 P    0 -2 -1 -2 -4 -3  2 -5 -3 -6 -5 -2 -4 -3  7  2 -1 -6 -5 -4    7   2   3   2   0   1  12   0   1   0   1   1   0   1  51  13   3   0   0   1  1.25 0.58
  306 G   -2 -4 -1  1 -4 -3  2  6 -5 -5 -6 -3 -5 -6 -4  0 -3 -6 -4 -5    3   1   2   9   0   1  13  61   0   0   0   1   0   0   1   5   1   0   1   0  1.23 0.55
  307 G   -3 -4 -2  0 -6 -4 -1  7 -1 -6 -7 -1 -6 -5 -6 -3 -5 -6 -5 -4    0   1   1   5   0   1   4  77   1   0   0   5   0   0   0   2   0   0   0   1  1.71 0.69
  308 P    0 -2 -5 -2 -7 -5 -3 -5 -6 -4 -6 -1 -6 -7  8 -3  1 -8 -7 -5    7   2   0   2   0   0   2   1   0   1   1   4   0   0  70   2   8   0   0   1  1.99 0.80
  309 P   -5 -2 -5 -6 -6 -5 -6 -6 -7 -6 -7 -6 -7 -8  9 -4 -1 -8 -8 -6    1   2   0   0   0   0   0   0   0   0   0   0   0   0  91   1   3   0   0   0  3.02 1.08
  310 P    0  0 -1 -2 -3 -1  1 -3  5 -3 -2  3 -3 -3  3  1  0 -4 -2 -3    7   5   2   1   1   2   9   1  15   1   3  17   0   1  15  13   5   0   1   2  0.42 0.25
  311 L   -3  1 -3 -3 -1 -2 -2 -3  2 -1  4 -1  1  3 -3 -1 -2 -3  0 -1    1   8   1   1   1   2   2   2   6   2  43   3   3  12   1   5   2   0   2   3  0.44 0.25
  312 V   -1 -1 -2 -2  0 -2 -2 -2 -2  2  2 -2  0 -1 -2 -2 -1 -2 -1  4    3   3   2   2   2   2   3   3   1  11  23   3   1   2   2   3   2   1   1  31  0.30 0.14
  313 R   -6  8 -5 -6 -8 -3 -5 -7 -1 -6 -4  0 -6 -7 -6 -2 -4 -7 -6 -7    0  87   0   0   0   0   0   0   2   0   2   5   0   0   0   3   1   0   0   0  2.46 0.93
  314 L   -5 -6 -7 -7 -5 -6 -7 -7 -7  7  3 -6  0 -2 -6 -5 -3 -6 -5  1    0   0   0   0   0   0   0   0   0  59  30   0   1   1   0   0   1   0   0   6  1.59 0.64
  315 T   -5 -6 -5 -6 -6 -5 -6 -6 -7 -6 -6 -5 -4 -7 -6 -1  8 -7 -6 -5    0   0   0   0   0   0   0   0   0   0   0   0   0   0   0   3  96   0   0   0  2.74 1.08
  316 V    0 -6 -4 -5 -2 -5 -5  6 -3 -3 -4 -5 -5 -6 -5 -2  0 -6 -6  2    6   0   0   0   1   0   0  67   1   1   1   0   0   0   0   2   6   0   0  15  1.44 0.62
  317 V   -2 -5 -6 -6 -2 -5 -6 -6 -6  6  0 -5 -2 -1 -3 -5 -2 -5 -4  4    3   1   0   0   1   0   0   0   0  53   6   0   0   2   1   0   2   0   0  29  1.32 0.55
  318 N   -2 -3 -1  5 -5 -3  2  4 -2 -3 -4 -3 -4 -5 -2 -1  0 -5 -5  0    3   1   2  29   0   0  12  31   1   1   1   0   0   0   2   4   5   0   0   7  0.71 0.37
  319 A    0 -1 -1  2  0 -2 -1 -2  0 -1  1 -2 -1  1  3  0  0 -3 -2  0    9   3   2  14   2   1   2   1   2   2  17   1   1   6  16   6   7   0   1   7  0.21 0.17
  320 S    0 -1 -1  0  0 -2 -3 -2 -1 -5 -5 -3 -3 -5  7  2  0 -5 -4 -4    6   3   2   5   2   1   1   3   1   1   1   1   0   0  48  17   5   0   0   1  1.13 0.49
  321 S    0  0  0 -2 -2  5  1 -2 -2 -2 -1  0  0 -3  0  1 -1 -3 -2  0    9   3   4   2   1  30   6   3   1   2   6   3   3   1   5  10   3   0   1   6  0.34 0.25
  322 S    0 -2 -1  1 -2 -2  0 -2 -1 -2 -3 -2 -3 -4  5  3  1 -4 -3 -2    7   2   3   7   1   1   5   3   1   2   3   1   0   1  31  20   9   0   1   2  0.61 0.29
  323 T    1 -1  0  2 -1  0  0  1 -1 -1 -1  0 -1 -1  0  0  1 -1 -1  0   13   3   4  13   1   2   5  10   1   4   5   5   1   4   5   7   8   1   1   7  0.06 0.04
  324 E    0  0  1  0 -1  1  1  0  1 -1  0  0 -1  0  1  0  0 -1 -1 -1    8   3  11   4   1   6  10   9   4   3   8   4   1   4   6   6   4   1   2   5  0.05 0.02
  325 N    0  1  1  0 -1  0  0  0  0 -1 -1  0 -1 -1  1  1  1 -1 -1 -1    8  12   7   3   2   3   4   6   2   3   7   5   1   2   6  11  10   1   2   4  0.06 0.03
  326 D    0  0  0  3 -1  0  0  0 -1 -1 -1  0 -1 -1  1  0  0 -1 -1 -1    9   4   4  18   1   3   4   6   1   4   7   4   2   3   7   8   7   1   2   5  0.09 0.03
  327 Q    1  0  0  0  0  1  0  0  1  0  0  0  0 -1  0  0  0  0  0  0   14   4   3   4   2   7   6   6   5   5   9   4   1   2   4   7   6   1   3   7  0.03 0.01
  328 N    0  0  0  0 -1  0  0  1 -1  0  1  0  0 -1  0  0  0 -1 -1  0    9   5   5   3   1   4   6  11   1   3  17   5   2   3   4   7   7   1   2   5  0.02 0.01
  329 M    0  1  0  0 -1  1  0  0  1  0  0  0  0 -1  1  0  0 -1  0  0    9   9   3   4   1  10   4   6   4   4   8   4   4   3   5   6   6   1   2   7  0.04 0.02
  330 E    0  0  0  1 -1  2  2  0  0 -1 -1  0 -1 -1  0  0  0 -1 -1 -1    6   4   4   8   1  10  16   7   2   3   6   5   2   3   5   6   5   1   2   5  0.09 0.03
  331 T    0 -1  0 -1 -1  0  0  0 -1  0  0  0  0  0  0  0  1 -1 -1  1    9   4   3   4   1   3   5   5   2   6   9   5   2   3   5   6   8   1   2  18  0.02 0.01
  332 P   -1 -1 -1 -1 -2 -1 -1  4 -2 -2 -2 -1 -2 -2  3 -1 -1 -2 -2 -1    5   3   3   3   1   2   4  37   1   3   5   3   1   2  16   4   3   1   2   4  0.44 0.14
  333 F   -1 -1 -2 -2 -1 -2 -1 -2 -1 -2 -1 -2 -1  6  1 -2 -1  5  3 -2    4   3   2   3   2   2   4   3   1   2   5   3   1  33   8   3   3   7   9   3  0.53 0.19
  334 S    1  4 -1 -1 -1  0 -1 -1  1 -2 -1  0  0 -1 -1  1 -1 -1 -1 -1   16  25   2   3   1   3   3   4   3   2   6   4   2   2   2  12   3   1   1   4  0.21 0.11
  335 I   -1  2 -2 -2 -2 -1 -1 -1 -2  0  0 -1 -1 -2  5 -1 -1 -2 -2  1    6  12   2   2   1   2   3   4   1   5   9   3   1   2  27   5   3   1   1  11  0.36 0.14
  336 G    2 -1  0  0  0  0  0  2 -1 -1 -2 -1  0 -2 -1  0  0 -2 -1 -1   23   3   4   6   2   5   4  18   1   3   4   3   2   1   2   7   6   1   1   3  0.15 0.09
  337 P    0  0 -1  0 -2  1  3  1 -1 -2 -2  0 -1 -1  2 -1 -1 -1 -1 -1    7   5   1   5   1   4  25  11   1   2   4   5   2   2   9   3   2   1   2   4  0.21 0.12
  338 C   -1  3 -1 -2 -1  0 -1  2  0 -1 -1 -1 -1 -2  2  0 -1  0 -2  1    4  19   2   1   1   4   2  16   2   2   5   3   2   1  10   9   4   1   1  12  0.18 0.14
  339 G   -2 -3 -3 -3 -2 -3 -3  0 -3  3  3 -3  4 -1 -2 -1 -2 -3  0  2    2   1   1   1   1   1   1   8   0  16  29   1  14   1   2   4   2   0   4  12  0.41 0.23
  340 D   -2  2  0  2 -4  2  4 -3  1 -3 -3  2 -3 -2 -3 -2 -2 -3  1 -3    3  10   4   9   0   7  34   1   3   1   3  10   0   1   1   2   1   0   6   1  0.51 0.28
  341 T    1  0  1  1 -4  0  5 -3 -2  1 -2 -2 -1 -4 -3 -2 -2 -4 -3 -2   11   4   7   6   0   2  42   1   1   8   4   1   1   1   1   2   2   0   0   3  0.55 0.32
  342 F   -2 -4 -3 -4 -1 -3 -4 -4 -4  3 -1 -3 -1  1 -3 -2  5 -4  0  2    3   1   1   1   1   1   1   1   0  20   5   1   1   6   1   2  38   0   3  16  0.71 0.37
  343 S   -2 -4 -3 -4 -5 -4 -4  7 -5 -4 -5 -4 -1 -5 -4  0 -3 -5 -4 -5    3   1   1   1   0   1   1  77   0   1   1   1   2   0   1   8   1   0   1   1  1.71 0.64
  344 S   -1  4  1  0 -1  2  0 -3  1 -3 -1  2 -2 -3 -1  0 -1 -2 -2 -3    5  27   5   6   2  12   4   1   3   1   8  10   1   1   3   7   3   1   1   1  0.36 0.24
  345 G   -5  7 -4 -5 -2  0  0 -5  0 -6 -5  3 -3 -6 -6 -4 -4 -2 -3 -6    0  67   0   0   1   4   5   0   2   0   1  14   0   0   0   0   1   1   1   0  1.73 0.72
  346 L   -6 -6 -8 -8 -6 -6 -7 -8 -7 -2  7 -7  4 -4 -7 -7 -5 -6 -5 -3    0   0   0   0   0   0   0   0   0   1  91   0   8   0   0   0   0   0   0   0  2.12 0.83
  347 L    4 -2 -3 -2 -3 -1  2 -2 -1 -1  0 -1 -3 -3 -4  2  0 -5 -3 -1   34   2   0   1   0   1  17   2   1   3   9   4   0   1   0  17   5   0   0   4  0.42 0.33
  348 G    0  2  3  2 -3  2  2 -1 -1 -4 -4  3 -4 -5 -4 -1 -2 -5 -4 -4    8   9  14  13   0  10  11   4   1   1   1  23   0   0   0   4   1   0   0   0  0.53 0.33
  349 Y   -5 -6 -6 -6  2 -6 -3 -7 -2 -1  2 -6 -1  7 -7 -5 -5 -3  6 -3    0   0   0   0   4   0   2   0   1   3  19   0   1  41   0   0   0   0  28   1  1.54 0.64
  350 A    7 -6 -6 -6  5 -5 -5 -4 -6 -6 -6 -5 -5 -7 -5 -1 -4 -7 -6 -4   86   0   0   0   9   0   0   0   0   0   0   0   0   0   0   4   0   0   0   0  2.09 0.88
  351 Q   -1  4  0  0 -4  2  3 -3  1 -5 -5  3 -4 -6 -4 -1 -2 -4 -5 -5    4  25   4   5   0   9  22   1   3   0   1  20   0   0   0   4   1   0   0   0  0.75 0.42
  352 S   -1  2 -2 -1 -3  0  0 -2 -2 -3  1  1  1 -2 -4  4  2 -5 -3 -2    5  11   1   3   0   4   4   2   1   0  14   7   4   2   0  31  11   0   0   2  0.33 0.30
  353 L   -4 -1 -5 -6  3 -4 -5 -6 -2  3  3 -3  5  5 -6 -5 -4 -2  1  0    0   5   0   0   6   1   0   0   1  14  24   1  14  26   0   0   0   0   4   4  0.86 0.43
  354 N   -4 -1  5  0 -5 -3 -2  5  3 -7 -7  1 -6 -6 -5 -3 -4 -6 -5 -6    0   4  26   6   0   0   2  45   6   0   0   9   0   0   0   1   0   0   0   0  1.19 0.55
  355 V   -4 -6 -7 -7 -5 -4 -6 -7 -7  3  2 -6  1 -4 -6 -6 -4 -6 -5  6    0   0   0   0   0   1   0   0   0  14  16   0   3   0   0   0   0   0   0  66  1.58 0.66
  356 N   -4 -1  2 -1 -2 -1  1 -6 -1 -4 -6 -4 -4 -7  7 -1 -3 -7 -3 -5    1   4   9   4   1   3   8   0   2   1   0   0   0   0  60   4   1   0   1   1  1.57 0.68
  357 L   -6 -7 -7 -8 -3 -7 -8 -8 -6 -4  2 -7  0  9 -8 -7 -6 -4 -2 -2    0   0   0   0   1   0   0   0   0   0  15   0   2  79   0   0   0   0   0   2  2.51 0.90
  358 Q   -2 -1 -3 -1 -7  3  6 -6 -1 -7 -6  2 -5 -7 -5 -1 -4 -7 -6 -6    3   3   0   2   0  13  60   0   1   0   0  12   0   0   0   4   1   0   0   0  1.43 0.67
  359 I   -6 -7 -7 -8 -7 -7 -7 -7 -5  1 -3 -7 -4  8 -8 -6 -6 -3  6 -4    0   0   0   0   0   0   0   0   0   8   1   0   0  65   0   0   0   0  25   1  2.38 0.86
  360 K   -4  4  5 -3 -2  1 -2 -5  6 -4 -5  0 -4 -3 -5  0 -2 -6 -4 -4    0  27  24   1   1   6   1   0  21   1   1   5   0   1   0   7   2   0   0   1  1.04 0.52
  361 K    4  0 -4 -3 -1 -2 -4  3 -3 -2 -3 -2 -1 -3  2 -1 -2 -4 -4  2   34   5   0   1   1   1   0  21   0   2   1   1   2   1  12   3   1   0   0  14  0.55 0.36
  362 L   -1 -6 -6 -6 -2 -5 -6 -5 -6  6  2 -5 -1  1 -6 -5 -4 -5 -3  4    5   0   0   0   1   0   0   0   0  40  16   0   0   7   0   0   0   0   1  29  1.06 0.48
  363 D    4 -2 -2  1 -3 -1  0 -2  3 -2 -2 -3 -2 -3  1  0 -1 -5 -2  2   36   2   1   8   0   2   6   3   8   2   4   0   1   1   7   5   2   0   1  14  0.38 0.29
  364 N    3 -2  1  0 -1 -1  0  0  2 -1 -2  0  0 -3 -2  2  0 -3 -3  0   27   1   6   5   1   2   5   6   6   3   4   4   3   1   1  16   5   0   0   5  0.21 0.18
  365 H    0  1  2 -1 -1  2  0 -2  0 -2 -2  1 -2 -1  0  1 -1 -2 -1 -1    9   9  13   2   1  12   4   1   2   1   3  10   0   3   4  14   3   1   2   4  0.18 0.16
  366 P   -1  1  1  1 -2  0 -1  0  0 -2 -3  3 -2 -3  2  2  0 -4 -2 -3    4   6   5   8   1   2   2   8   2   2   2  21   1   1  10  16   6   0   1   1  0.27 0.20
  367 L   -3 -4 -4 -2  1 -4 -4 -2 -2  1  4 -4  0 -1 -1 -2 -2  8 -2  0    2   1   1   3   4   0   1   3   1   6  38   1   2   2   3   3   3  22   0   5  0.88 0.39
  368 Q    1 -3 -1  1 -3  1  5 -1  1 -5 -3 -2 -4 -5 -2  1 -3 -5 -4 -4   13   0   2   8   1   5  46   5   3   0   2   1   0   0   2   9   1   0   0   0  0.79 0.44
  369 T    0 -2  2  3 -4  0  2 -3 -1 -2 -2 -1 -2 -3 -3  1  3 -4 -3 -2    6   2  10  21   0   4  11   1   2   2   5   3   1   1   0   8  21   0   1   3  0.37 0.25
  370 L   -3 -5 -6 -5 -4 -4 -4 -5 -4  4  4 -5 -2 -1 -5 -5 -2 -5 -3  4    1   0   0   0   0   1   1   1   0  24  41   0   0   2   0   0   1   0   1  25  0.99 0.45
  371 N   -3  3  2  3  0  3  1 -3  2 -3 -3  1 -3 -4 -3  0  1 -5 -3 -4    1  16   9  16   2  12   7   1   5   1   2   9   0   0   0   5  11   0   1   0  0.44 0.29
  372 A    1 -1 -4 -3 -4 -3 -2 -2 -4  2  2 -1 -1 -2  4 -2 -2 -4 -2  1   13   4   0   1   0   1   2   2   0  11  18   4   1   2  24   3   1   0   1  12  0.41 0.27
  373 K    0 -2 -2  2 -4  2  5 -2  0 -4 -3 -1 -3 -2 -3  2 -2  3 -3 -4    7   1   1   9   0   8  38   3   2   0   3   3   0   2   1  15   2   4   1   0  0.62 0.39
  374 S    0 -2  1  5 -3 -1  0 -3  1 -2 -2 -1  6 -4 -4 -1 -1 -5 -4 -2    9   2   6  32   0   2   6   2   4   2   2   3  21   0   0   5   2   0   0   2  0.69 0.41
  375 V   -4 -6 -7 -7 -5 -6 -6 -6 -6  2  6 -6 -2  1 -4 -5 -5 -5 -4 -1    1   0   0   0   0   0   0   0   0  10  78   0   0   6   1   1   0   0   0   2  1.57 0.66
  376 D   -2  0  3  3 -3  1  1  1  1 -4 -3  3 -3 -4 -2 -1 -2 -5 -3 -2    1   3  16  19   0   7   9  13   4   0   2  17   0   0   1   2   1   0   1   2  0.46 0.29
  377 T   -2 -2 -5 -3  1 -5 -4 -4 -5  5  2 -4 -1 -3 -1 -3  0 -5 -4  3    3   3   0   1   3   0   0   1   0  34  22   0   0   0   3   2   5   0   0  21  0.71 0.38
  378 S   -2  5  0  3 -4  1  1 -3 -1 -4 -2  1 -4 -3 -4  0 -2 -5 -3 -3    2  31   4  20   0   5  10   1   1   1   4   8   0   1   0   8   2   0   1   2  0.61 0.36
  379 S   -1  2 -2  1 -6  0  2 -2  0 -4 -5  0 -4 -5  6  0 -2 -6 -5 -3    3  10   1   9   0   3  13   3   2   1   0   6   0   0  37   6   2   0   0   2  0.81 0.42
  380 D   -4 -2  2  5 -6 -4  0  5  0 -7 -6 -3 -6 -6 -3 -1 -2 -6 -4 -6    0   2   9  35   0   0   5  37   2   0   0   1   0   0   1   4   2   0   0   0  1.10 0.52
  381 E   -5 -5 -5 -1 -8 -3  8 -5 -4 -8 -8 -4 -7 -6 -6 -5 -2 -8 -7 -6    0   0   0   3   0   0  93   1   0   0   0   0   0   0   0   0   2   0   0   0  2.54 1.01
  382 T    5 -5 -4 -5 -3 -5 -5 -4 -5 -1 -2 -4 -2 -2 -4 -1  1 -6 -2  4   50   0   0   0   0   0   0   0   0   2   3   1   1   2   0   4   8   0   1  27  0.96 0.53
  383 L   -5 -6 -7 -7 -5 -6 -5 -7 -6  2  5 -6 -1 -1 -6 -5 -1 -5 -4  4    0   0   0   0   0   0   0   0   0   8  60   0   0   2   0   0   4   0   0  25  1.29 0.58
  384 I    5 -6 -6 -6 -2 -5 -5 -4 -6  3 -3 -5 -3 -2 -5 -3 -4 -6 -5  4   50   0   0   0   1   0   0   0   0  14   1   0   0   1   0   0   0   0   0  33  1.25 0.62
  385 V   -4 -7 -7 -8 -5 -7 -7 -8 -7  3 -3 -7 -3 -3 -7 -6 -4 -7 -5  7    1   0   0   0   0   0   0   0   0  15   0   0   0   1   0   0   0   0   0  83  2.15 0.84
  386 C   -5 -4  8 -3  4 -4 -4 -5 -3 -4 -6 -4 -6 -6 -6 -2 -2 -7 -4 -5    0   1  79   0   9   0   0   0   0   1   1   0   0   0   0   3   3   0   0   1  2.30 0.87
  387 A    0 -5 -4 -3  9 -5 -5 -3 -5 -4 -2 -5 -4  4 -5  4 -3 -5 -4 -3    8   0   0   2  38   0   0   1   0   1   3   0   0  15   0  29   1   0   0   1  1.47 0.63
  388 Q    0 -3 -2 -4 -3  2 -2 -4  1  2  1 -3  3 -2  0 -2 -2 -4 -3  3    9   1   1   0   0  12   1   1   4  12  15   0   9   1   5   2   1   0   0  23  0.38 0.27
  389 F   -4 -4  2 -4  1 -3 -5 -1  3 -3  2 -5  3  6 -6 -3 -4 -3  4 -3    0   0   9   1   3   1   0   4   8   1  17   0   6  35   0   2   0   0  12   1  0.91 0.46
  390 R   -1  5 -2 -3 -4  4  2 -3  1 -4 -3 -1  1 -2 -4 -1 -2  4  0 -2    5  30   2   1   0  19  11   1   4   0   2   2   3   1   0   5   2   6   3   3  0.64 0.39
  391 L   -4 -6 -7 -7 -4 -6 -6 -6 -6 -2  6 -6  4  4 -6 -5 -4 -5 -4 -3    1   0   0   0   0   0   0   0   0   0  71   0   8  16   0   1   0   0   0   1  1.56 0.66
  392 H   -5  3 -2 -5 -7  0 -1 -1  9 -7 -6  2 -5 -5 -4 -3 -5 -6  1 -6    0  15   1   0   0   4   3   5  54   0   0  12   0   0   1   2   0   0   3   0  1.84 0.73
  393 H   -4  3  4 -3  2  0 -3 -2  7 -6 -5  0 -5 -5 -3  0  0 -5  1 -5    0  16  20   1   4   4   0   4  27   0   1   5   0   0   1   6   5   0   5   0  0.93 0.48
  394 L   -3 -5 -5 -5  0 -3 -5 -4 -5  1  5 -5  3 -1 -4 -2 -1 -4 -1  2    1   0   0   0   2   1   0   1   0   6  52   0   8   2   1   3   4   0   2  16  0.82 0.41
  395 N   -1 -2 -1 -3 -4 -2 -3 -1 -1 -1  3 -2  3 -2  4 -1 -1 -4 -3  1    3   2   4   1   0   1   1   5   1   1  32   3   8   1  21   6   3   0   0   8  0.46 0.30
  396 H   -1 -1  0  6 -4 -2  0 -1  3 -4 -3  1 -3 -3 -1 -2 -2 -4  2 -3    5   2   4  45   0   1   4   5   7   1   2   8   0   1   3   1   2   0   6   2  0.75 0.36
  397 N    1 -2  0  2 -5 -1  6 -1 -2 -4 -4 -2 -5 -5 -4  0 -2 -6 -5 -4   11   2   5  12   0   1  51   4   1   1   1   1   0   0   1   5   3   0   0   1  0.93 0.49
  398 N   -1  1 -1  0  0 -1 -2  0 -2 -1 -4 -3 -3 -4 -3  4  3 -5 -3  0    3   9   2   5   2   2   2   6   1   4   0   0   0   0   1  32  23   0   0   7  0.49 0.36
  399 P    0  0 -2  0 -4 -3 -2 -2 -4 -1 -2 -2 -3 -4  4 -1  1 -5 -3  3    9   7   2   6   0   1   2   4   0   2   2   1   0   0  24   5   7   0   1  27  0.50 0.31
  400 D   -2 -1  2  3 -5 -3 -1  3 -4 -5 -4 -3 -5 -5 -3  4 -2 -5 -4 -4    1   4  11  15   0   0   3  24   0   0   1   1   0   0   1  35   1   0   0   1  0.76 0.43
  401 E    2  0 -3 -1 -3 -1  2 -2  3 -4 -3 -2 -3 -4  5  1 -2 -5 -2 -4   16   5   1   3   0   2  12   3   8   1   3   1   1   0  30  12   1   0   1   0  0.65 0.37
  402 R   -4  7 -5 -1 -6 -2 -4 -6 -5  2  0 -2 -3 -6 -6 -4 -4 -6 -5 -1    1  64   0   5   0   1   0   0   0  11  11   1   0   0   0   0   0   0   0   5  1.50 0.67
  403 S   -2 -1  2  6 -6 -2  2 -1 -2 -4 -3 -1 -4 -6 -4  0  1 -6 -5 -4    3   3  10  47   0   1  11   4   1   1   3   4   0   0   0   5   8   0   0   1  0.93 0.46
  404 E    2  3  0 -2 -3  0  1 -1 -1 -1 -1  1  2 -3 -3  0  0 -4 -2 -1   17  15   5   1   0   3  12   4   1   3   4  10   6   0   0   7   6   0   1   4  0.20 0.19
  405 F   -2 -5 -6 -6 -4 -5 -5 -6 -5  2  2 -5 -1  4 -5 -4  0 -4 -3  5    3   0   0   0   0   0   0   0   0   8  19   0   1  17   0   0   5   0   0  46  0.99 0.47
  406 L   -4 -6 -7 -7 -5 -6 -6 -6 -6  1  6 -6  0 -2 -6 -6 -5 -5 -5 -1    1   0   0   0   0   0   0   0   0   5  87   0   1   1   0   0   0   0   0   3  1.78 0.71
  407 K    0  4  3 -1 -1  1 -1  0  2 -5 -4  2 -4 -5 -4  1 -1  0 -3 -4    6  22  13   3   1   7   2   7   4   0   1  15   0   0   0  13   2   1   1   0  0.47 0.30
  408 V    0 -2  1 -4 -2 -3 -4 -3 -3  0  3 -1  4 -2 -4  1  2  0 -3  0    7   1   7   0   1   0   0   2   0   3  29   5  12   1   0  10  14   1   0   5  0.36 0.29
  409 L   -1 -6 -6 -6 -4 -6 -6 -6 -6  6  2 -6  1  1 -6 -5 -4 -5 -4  4    4   0   0   0   0   0   0   0   0  45  18   0   2   6   0   0   0   0   0  24  1.17 0.51
  410 R   -4  7 -3 -5 -7  0 -3 -4  1 -5 -5  5 -5 -6 -5 -2 -3 -2 -3 -6    1  51   1   0   0   4   1   1   3   1   0  33   0   0   0   2   2   1   1   0  1.53 0.67
  411 G    0  3  0  1 -2  0  0  0 -3 -4 -4  3 -1 -4 -4  3 -1 -5 -4 -4    7  14   4   7   1   4   4   8   0   1   1  20   2   0   0  26   2   0   0   0  0.46 0.32
  412 M   -3 -5 -6 -7 -5 -2 -6 -7 -6  2  5 -6  6 -2 -6 -5 -3 -5 -5  0    2   0   0   0   0   2   0   0   0  12  54   0  24   1   0   0   1   0   0   4  1.37 0.60
  413 E   -1  2  5  0 -5  0  0 -2 -2 -6 -6  2 -5 -6 -4  2 -2 -6 -5 -5    4  13  34   5   0   4   5   2   1   0   0  15   0   0   0  17   1   0   0   0  0.83 0.46
  414 P   -6 -7 -7 -7 -8 -6 -6 -7 -7 -8 -8 -6 -8 -9  9 -6 -6 -9 -8 -7    0   0   0   0   0   0   0   0   0   0   0   0   0   0  99   0   0   0   0   0  3.55 1.22
  415 K   -1  3  1  3 -2 -2  1 -4  0 -5 -6  5 -4 -6 -4 -1 -1 -6 -5 -4    4  14   7  15   1   0   7   0   2   0   0  41   0   0   0   3   4   0   0   1  0.84 0.46
  416 G   -1 -5 -6 -4 -4 -5 -6 -1 -6  5  2 -5  0 -4 -6 -5 -3 -6 -4  5    5   0   0   1   0   0   0   5   0  35  16   0   1   0   0   0   1   0   0  37  1.06 0.50
  417 V   -4 -6 -7 -7 -5 -6 -6 -7 -6  1  1 -6  2  6 -6 -5 -3 -5 -2  5    0   0   0   0   0   0   0   0   0   5  10   0   4  31   0   0   1   0   0  48  1.40 0.61
  418 I   -3 -6 -5 -6 -5 -5 -5 -6 -6  4 -3 -5 -2 -4 -5 -3  6 -6 -5  3    1   0   0   0   0   0   0   0   0  22   2   0   1   0   0   1  51   0   0  22  1.41 0.67
  419 L   -3 -4 -4 -4 -4  0 -4 -6  5  2  3 -5  1 -1 -3 -4 -3 -5 -3  4    1   0   0   1   0   4   0   0  15  10  34   0   3   2   1   1   1   0   0  26  0.79 0.42
  420 S    1 -5 -5 -5  2 -5 -5  2 -4 -1 -3 -5 -3 -5 -5  1 -1 -6 -3  6   12   0   0   0   4   0   0  16   0   1   1   0   0   0   0   9   3   0   1  52  0.94 0.51
  421 E   -5 -4 -3  1 -6 -3  7 -6 -4  2 -5 -4 -5 -6 -5 -4 -2 -6 -6  1    0   0   1   6   0   0  66   0   0  13   0   0   0   0   0   0   2   0   0  11  1.51 0.70
  422 N   -3 -1  1 -2 -5  6  2 -5  0 -1 -2 -2 -1 -5 -3 -3 -2 -5 -1  3    1   2   5   2   0  41  14   0   2   3   4   1   2   0   1   0   1   0   2  18  0.85 0.50
  423 N   -5 -4  5  4 -6 -2  5 -4 -4 -5 -6 -3 -6 -6 -5 -3 -4 -7 -6 -4    0   0  29  25   0   1  40   0   0   1   0   0   0   0   0   1   0   0   0   1  1.48 0.66
  424 M    4 -2 -2 -3 -1 -2 -2  0 -3 -2  0 -2  1 -2 -2  2 -1 -3 -2  1   41   1   1   1   1   1   2   6   1   2   7   1   4   1   1  16   3   0   1   8  0.42 0.24
  425 E   -1 -2  5  4 -2 -1  0  0 -1 -2 -2 -1 -2 -2 -2  0 -1 -2 -2 -2    4   2  32  20   1   2   6   6   1   2   5   2   1   1   2   6   3   1   1   3  0.51 0.20
  426 C    0  0  0  0  2  0  0  0  0  0  1 -1  0  1  0  0  0  0  0  0    5   4   5   4   6   3   5   7   2   4  18   4   2   7   4   8   4   1   3   5  0.01 0.01
  427 C    0 -1 -1  1  0 -1 -1  4 -1 -1 -1 -1 -1 -1 -1  0  0 -1 -1 -1    6   3   3   7   2   2   4  32   1   3   5   3   1   2   3   8   5   1   2   5  0.23 0.08
  428 C    1 -1  0 -1  2 -1 -1  1  0 -1 -1 -1 -1 -1 -1  3  1 -2 -1 -1   10   3   3   3   5   2   3  11   2   2   5   2   2   2   3  26   9   1   1   5  0.16 0.10
  429 S   -3 -2  0 -3 -3 -3 -2 -2  7 -4 -3 -3 -4  0 -3  1  3 -3  5 -4    1   2   4   1   0   0   3   3  29   1   2   0   0   4   1  10  17   0  21   1  0.98 0.47
  430 S   -2 -3  7 -1 -3 -3 -2  0  2 -4 -6 -3 -5 -5 -5  2 -1 -6 -5 -3    2   1  60   2   1   0   2   6   5   1   1   0   0   0   0  15   3   0   0   2  1.42 0.63
  431 C    3 -1 -1 -1  2 -1 -1  3 -1 -4 -4 -2 -3 -4 -3  2  2 -4 -3 -2   25   3   2   4   4   2   4  19   2   0   1   1   0   0   1  13  16   0   0   3  0.41 0.29
  432 G    1 -4 -3 -2 -5 -4 -3  2 -5 -4 -4 -3 -4 -4  7 -1  0 -6 -5 -2   13   0   1   2   0   0   1  18   0   1   1   1   0   1  47   5   5   0   0   3  1.19 0.53
  433 D   -1 -4 -2  2 -3 -2 -1 -1 -2 -3 -2 -3 -2  6  2  0 -2 -3  0  0    5   0   1  14   0   1   4   5   1   0   2   1   1  33  12   8   2   0   3   7  0.56 0.35
  434 F   -5 -8 -8 -8 -7 -8 -8 -8 -6 -5 -1 -8 -5  9 -8 -7 -7 -4 -1 -4    1   0   0   0   0   0   0   0   0   0   5   0   0  92   0   0   0   0   1   1  3.08 1.04
  435 A    0 -4 -5 -4 -3 -4 -3 -5 -4  1  4 -4  3  2 -3 -3  0 -4 -3  3    7   1   0   1   0   0   2   0   0   4  43   0   6   7   1   1   5   0   0  21  0.67 0.38
  436 T    0 -2  0  2 -2  0 -1  2 -3 -4 -4  1 -2 -5  1  1  4 -5 -5 -3    6   1   4  11   1   4   3  13   0   0   1   7   1   0   7   9  30   0   0   0  0.46 0.33
  437 G   -6  8 -5 -3  1 -4 -4  0 -5 -7 -7 -3 -6 -7 -7 -5 -4 -7 -6 -2    0  84   0   2   3   0   1   6   0   0   0   0   0   0   0   0   1   0   0   3  2.33 0.92
  438 F   -7 -7 -7 -8 -7 -7 -8 -8 -6 -2 -2 -7 -4  9 -8 -7 -6 -4  0 -4    0   0   0   0   0   0   0   0   0   2   3   0   0  91   0   0   0   0   1   1  3.01 1.01
  439 S   -1  4 -1 -3 -2 -1 -1 -1 -3 -1  0  1  2 -4 -4  0  2 -5 -4  1    5  28   3   0   1   2   2   4   0   3   7   8   6   0   0   6  12   0   0  12  0.35 0.27
  440 R   -2  0 -2 -1 -7 -1  7 -5 -3 -7 -7 -3 -6 -7 -5 -3 -2 -7 -6 -6    3   5   2   2   0   2  81   1   0   0   0   1   0   0   0   2   2   0   0   0  1.93 0.82
  441 R    5 -1 -4 -5  4 -3 -4 -1 -5 -3 -4 -2 -3 -5 -4  1  1 -6 -5 -1   55   4   0   0   7   1   0   4   0   1   1   2   0   0   0  11   9   0   0   5  0.93 0.51
  442 V   -5 -6 -7 -7 -5 -4 -7 -7 -6  0  6 -6  3  1 -7 -6 -5 -3  0  0    0   0   0   0   0   1   0   0   0   3  76   0   5   5   0   0   0   0   3   5  1.54 0.65
  443 E   -4  2  2  2 -6 -2  1 -5  7 -5 -4 -2 -4  5 -6 -3 -4 -4  2 -5    0  11  12  10   0   1   7   0  26   0   1   2   0  22   0   2   0   0   6   0  1.03 0.51
  444 Y   -6 -5 -3 -7 -7 -4 -6 -7  7 -6 -3 -6 -5  4 -7 -6 -5  3  8 -6    0   0   1   0   0   0   0   0  23   0   3   0   0  13   0   0   0   3  56   0  2.33 0.88
  445 L   -6 -7 -7 -8 -4 -6 -7 -8 -1 -5  1 -7 -3  5 -8 -6 -6 -1  9 -4    0   0   0   0   0   0   0   0   1   0  11   0   0  18   0   0   0   1  68   1  2.44 0.91
  446 W    0 -1 -3 -4 -2 -4 -4 -3 -4 -6 -3 -4 -3 -4 -5  6  2  7 -4 -5    5   4   1   1   1   0   0   1   0   0   2   0   1   0   0  60  10  14   0   0  1.38 0.70
  447 R    5  0 -3 -5 -4 -4 -4 -4 -5  0 -2 -1 -3 -5 -4  1  2 -6 -5 -1   55   5   1   0   0   0   0   0   0   5   4   3   0   0   0  11  12   0   0   4  0.87 0.51
  448 F   -4 -5 -6 -6 -3 -2 -5 -6 -2  2  4 -5  5  3  0 -5 -3 -4  2  2    0   0   0   0   0   2   0   0   1  12  35   0  14  11   5   0   0   0   8  12  0.78 0.41
  449 L   -7 -7 -8 -8 -7 -8 -8 -8 -6 -5  0 -8  1  9 -8 -6 -7 -4  2 -5    0   0   0   0   0   0   0   0   0   0   9   0   3  82   0   0   0   0   6   0  2.69 0.94
  450 D   -6 -6 -3  8 -8 -4  4 -5 -5 -8 -8 -5 -8 -8 -6 -5 -6 -9 -8 -8    0   0   0  78   0   0  21   0   0   0   0   0   0   0   0   0   0   0   0   0  2.46 0.93
  451 S    1 -5 -4 -5 -2 -4 -5 -5 -5 -3 -3 -4  6 -6 -5  6 -2 -6 -6 -2   11   0   0   0   1   0   0   0   0   1   2   0  23   0   0  58   2   0   0   3  1.45 0.73
  452 T   -5 -6 -5 -7 -1 -6 -6 -7 -6  2  5 -6  1  1 -6 -5  1 -3 -2 -1    0   0   0   0   1   0   0   0   0  12  66   0   3   5   0   0   9   0   1   3  1.23 0.56
  453 S   -3 -5 -3  6 -6 -3  5 -1 -3 -7 -7 -4 -6 -6 -5  0 -5 -7 -5 -7    2   0   0  46   0   0  38   4   1   0   0   0   0   0   0   7   0   0   0   0  1.56 0.70
  454 S    4 -3 -2 -1 -3 -2  1  0 -2 -2 -3 -2 -2 -4 -2  1  1 -4 -1  1   38   1   1   3   0   1  11   7   1   1   1   1   1   0   1   9   8   0   2  12  0.41 0.30
  455 A    2 -4  2 -4  3 -3 -4  0 -4 -3 -5 -2  0 -5 -4  3  5 -6 -5 -2   15   0   9   0   6   0   0   5   0   1   0   2   3   0   0  22  34   0   0   2  0.77 0.47
  456 F   -1 -4 -3 -5 -1 -4 -5 -3 -4  1  3 -4  2  5 -3 -2 -1 -2  1  2    5   0   1   0   1   0   0   2   0   8  28   0   5  26   2   3   4   0   4  12  0.57 0.31
  457 K   -1 -2 -2 -3 -4 -3 -3 -3 -3 -3  0  1 -3 -4  7  0 -2 -4 -4  0    4   2   2   1   0   1   1   2   0   2   9   9   1   1  51   7   2   0   0   6  1.13 0.47
  458 N    1  0 -1 -1 -1  0  0  2 -1 -2 -2  0 -2 -2  4  1  0 -1 -2 -2   10   6   2   2   1   3   8  16   1   2   4   5   1   1  19  10   4   1   1   3  0.25 0.12
  459 R   -3  7 -2 -2 -5  0  0 -3 -3 -4 -3  2 -1 -4  0 -3 -3 -4  1 -2    2  55   1   2   0   3   7   2   0   1   2   9   1   0   5   1   1   0   5   3  1.06 0.48
  460 D   -2 -4  2  5 -6 -2  3  0 -3 -4 -5 -3 -5 -6 -3 -1  1 -6 -5 -4    2   0  11  38   0   1  22   6   0   1   1   0   0   0   1   4  11   0   0   1  0.91 0.48
  461 S   -1 -2  3  2 -2 -2 -2 -1  2 -4 -4 -3 -4 -5 -3  5  0 -6 -4 -4    4   1  13  13   1   1   1   3   4   1   1   1   0   0   1  48   5   0   0   1  0.82 0.48
  462 D   -2  1  2  1 -1  2  3 -3  0 -3 -3  2 -2 -5  2 -1 -2 -2 -2 -1    3   7  11   6   1  11  20   1   2   1   2  12   1   0  11   2   2   0   1   5  0.39 0.27
  463 E   -2  1 -2  3 -6  3  6 -3 -1 -4 -4 -1 -1 -6 -4 -3 -3 -1 -4 -3    4   6   1  14   0  14  47   2   2   1   2   2   2   0   0   1   1   1   0   2  0.97 0.52
  464 R   -1  8 -5 -6 -8  1 -4 -7 -5 -6 -3  1 -6 -7 -6 -5 -5 -7 -6 -6    5  80   0   0   0   6   0   0   0   0   2   6   0   0   0   0   0   0   0   0  2.22 0.88
  465 K   -1  1 -3 -5 -4 -1 -3 -5  2  2  3  0  4 -1 -5 -3 -2 -4 -3  1    5   9   1   0   0   3   1   0   5  12  31   6  13   1   0   1   1   0   0  11  0.48 0.31
  466 M   -1 -1  2 -4 -1 -2 -3 -5 -2  0  2  0  7 -1 -5 -2 -2  2 -3  1    5   3  10   0   1   1   2   0   1   4  19   5  28   2   0   3   2   3   0  11  0.56 0.37
  467 M   -1 -4 -5 -5 -2 -4 -1 -5 -3  2  2 -4  3  2 -5  0 -3 -4  1  3    5   0   0   0   1   0   5   0   0  13  22   0   7   8   0   9   0   0   5  24  0.50 0.32
  468 E   -3 -4 -5 -3 -8  1  8 -3 -5 -8 -8 -4 -7 -8 -6 -5 -6 -8 -7 -5    2   0   0   0   0   5  90   2   0   0   0   0   0   0   0   0   0   0   0   1  2.42 0.99
  469 G    0  5 -2 -4 -6  4 -1  0 -3 -3 -4  1  0  0 -3 -2 -3 -5 -3  0    7  35   1   0   0  21   3   7   0   1   1   6   2   5   1   2   0   0   1   7  0.70 0.43
  470 E   -1 -2 -3  2 -3  2  4 -2  5  0 -3 -3 -2 -3 -5 -3 -4 -3  4 -1    5   2   0  13   1   7  29   2  13   6   2   0   1   0   0   1   0   0  15   4  0.67 0.42
  471 A    1 -5 -6 -6  5 -5 -5 -5 -6  5  2 -5 -2  3 -6 -4 -4 -5 -3  2   15   0   0   0  14   0   0   0   0  31  16   0   0  11   0   0   0   0   0  11  0.88 0.44
  472 A    5 -4 -5 -5  1 -2 -5  5 -5 -3 -5 -5 -5 -6 -5  0 -2 -6 -6 -4   50   0   0   0   3   1   0  36   0   1   0   0   0   0   0   6   2   0   0   0  1.28 0.62
  473 K   -2  5 -1 -5  8 -1 -1 -4 -1 -6 -5  1 -5 -5 -5 -4 -2  2 -3 -5    3  37   3   0  32   3   4   1   2   0   0   9   0   0   0   0   2   3   1   0  1.47 0.64
  474 A    1 -1 -2  2 -5  2  6 -4 -4 -4 -6  0 -4 -7 -5 -1 -3 -6 -6 -2   10   2   1   9   0  10  54   0   0   1   0   6   0   0   0   3   1   0   0   3  1.09 0.57
  475 L   -4 -6 -6 -5 -5 -6 -6  4 -7  6  0 -6 -3 -5 -6 -5 -5 -6 -6  0    1   0   0   0   0   0   0  33   0  52   9   0   0   0   0   0   0   0   0   5  1.43 0.63
  476 T    2  1 -3 -3  4 -2  0 -3 -3 -1 -1 -1  2 -3 -2  0  0 -1 -2  3   17   7   1   0  11   1   6   1   0   2   5   4   5   0   1   7   6   1   1  24  0.31 0.26
  477 N   -4 -3  7  4 -2 -3  3 -2 -4 -7 -7 -4 -6 -7 -4 -2 -4 -7 -6 -6    0   1  47  22   1   0  22   4   0   0   0   0   0   0   0   2   0   0   0   0  1.49 0.67
  478 Q   -3  8 -4 -3 -3 -2 -3 -2 -4 -4 -3 -1 -2 -7 -3  0 -4 -7 -4 -5    2  73   0   1   1   1   1   3   0   1   3   2   1   0   2   6   1   0   1   1  1.71 0.75
  479 R   -2  1 -5 -5 -1 -4 -2 -1 -5  3 -2 -3  0 -1 -5 -3  0 -6 -4  6    3   9   0   0   1   0   2   6   0  13   2   1   2   2   0   1   5   0   0  52  0.83 0.46
  480 E   -1 -3 -5  0 -8 -1  7 -6 -5 -7 -7 -3 -5 -8 -6 -2 -1 -7 -6 -3    5   1   0   4   0   2  81   0   0   0   0   0   0   0   0   2   4   0   0   2  1.97 0.86
  481 M   -4  8 -3 -6 -5 -4 -5  0 -5 -6 -7 -3  1 -7 -6 -4 -3 -5 -6 -6    1  83   1   0   0   0   0   8   0   0   0   0   4   0   0   1   1   0   0   0  2.29 0.92
  482 N   -2  1  1 -2 -5 -2 -1 -3  8 -3 -3 -4 -2 -4  5 -3 -4 -6 -1 -4    3   9   6   2   0   2   4   2  37   2   3   0   1   0  26   1   1   0   1   1  1.24 0.59
  483 E   -4 -2 -5 -1 -8  0  8 -4 -3 -6 -7 -4 -5 -7 -5 -5 -5 -7 -4 -2    1   1   0   2   0   3  85   1   1   0   0   0   0   0   0   0   0   0   0   4  2.14 0.91
  484 R   -3  3 -1 -2 -3 -3 -2  0 -3 -4 -1  1 -3 -5  1  0  5 -6 -5 -1    1  18   3   2   0   0   1   6   0   0   6   7   0   0   6   6  38   0   0   4  0.61 0.42
  485 R    0 -1 -5 -5 -3 -3 -4 -1 -2 -2  2  1 -1  3 -3 -3 -3 -3  6  0   10   3   0   0   0   1   0   6   0   1  21   9   1  10   1   1   1   0  31   5  0.65 0.39
  486 E    0  1 -1  2 -2 -1  3  2 -1 -2 -5  3 -3 -5 -3  0 -1 -3 -4 -2    9   6   2  11   1   1  20  14   1   2   0  22   0   0   0   5   4   0   0   2  0.42 0.30
  487 K   -2  2 -1 -4 -5  7 -1 -4 -1 -3 -5  4 -5 -5 -5  0 -2 -6 -5 -5    2  10   3   0   0  45   2   1   1   2   1  24   0   0   0   6   2   0   0   0  1.22 0.63
  488 W   -7 -9-10-10 -5 -8 -9 -8 -8 -8 -5 -9 -4 -4-10 -8 -8 13 -4 -7    0   0   0   0   0   0   0   0   0   0   1   0   1   0   0   0   0  97   0   0  5.16 1.56
  489 C   -1  5 -2 -3  2  5 -1 -2 -1 -4 -5  1 -3 -5 -5  0 -3 -6 -1 -3    6  35   1   1   4  26   3   4   1   1   0   7   1   0   0   6   1   0   2   2  0.88 0.50
  490 E    2  2 -1 -1 -4  1  2 -2 -2 -1 -1 -1  0 -2 -3  1 -1 -3 -3  2   16  14   2   3   0   6  13   2   0   2   4   3   3   1   0  10   3   0   1  16  0.21 0.21
  491 R   -4  8 -5 -6 -6 -1 -2 -6 -4 -4 -3  0  1 -6 -7 -5 -6 -1 -5 -4    1  81   0   0   0   2   2   0   0   1   3   3   3   0   0   0   0   1   0   1  2.15 0.87
  492 M   -4 -5  3 -6  1 -5 -6 -4 -3  0  3 -5  8  2 -6 -4 -3 -5 -3 -3    1   0  16   0   2   0   0   1   1   4  29   0  34  10   0   1   1   0   1   0  1.22 0.60
  493 K    0  3 -1 -2 -3  1  1  1  2 -2  0  1  2 -3 -3  1  0 -4 -3 -1    6  17   1   1   0   8   9   9   6   2   8   8   6   0   0   9   6   0   0   3  0.20 0.19
  494 E   -1  5  1 -3 -4  0 -1  0 -3 -5 -4  1  4 -5 -5  2 -2 -2 -5 -3    4  38   6   1   0   4   3   7   0   0   0   8  12   0   0  15   1   1   0   1  0.76 0.45
  495 A    6 -4 -3 -5  1 -5 -3 -2 -4 -3 -4 -3 -3 -5 -5  0 -3 -7 -6  0   74   1   1   0   3   0   1   2   0   1   1   1   0   0   0   7   0   0   0   6  1.39 0.68
  496 G   -3 -3 -3 -4 -7 -6 -6  8 -5 -8 -7 -5 -7 -7 -6 -5 -6 -7 -7 -7    1   1   1   1   0   0   0  94   0   0   0   0   0   0   0   0   0   0   0   0  2.54 0.92
  497 F   -7 -8 -8 -9 -7 -8 -8 -8 -6 -5  1 -8 -3  9 -9 -7 -7 -4 -1 -5    0   0   0   0   0   0   0   0   0   0  11   0   0  87   0   0   0   0   1   0  2.94 1.02
  498 A   -1  4 -1  0 -4  2  1 -3 -2 -3 -3  2 -2 -4 -4  1  0 -5 -3  0    5  27   2   4   0   9  11   1   1   0   1  13   1   0   0  10   6   0   0   8  0.44 0.31
  499 G    0 -3  0 -4 -4  5 -1  0 -3 -5 -3 -2 -3 -6  6  1 -3 -4 -5 -3    7   1   4   0   0  28   2   6   0   0   2   1   1   0  34   9   1   0   0   2  1.01 0.54
  500 E    0 -3 -4 -5  2 -3 -1 -5 -3  1  3 -2  1 -2 -5 -1 -3 -2  2  4    9   1   0   0   4   1   5   0   1   5  26   3   3   1   0   5   0   1   7  30  0.45 0.31
  501 V    1 -4 -1 -5 -3 -2 -4 -2  3 -5 -4 -2 -3 -6  7  1 -2 -5 -5 -2   11   1   3   0   1   2   0   3   8   0   1   2   1   0  53   9   2   0   0   3  1.34 0.62
  502 F   -5 -6 -7 -7 -5 -6 -7 -7 -6  1  5 -6  2  5 -7 -6 -4 -4 -2 -1    0   0   0   0   0   0   0   0   0   7  61   0   4  24   0   0   1   0   1   3  1.48 0.63
  503 G   -1 -2  2  2  0 -3 -1  3 -3 -5 -5 -1 -5 -5 -4  4 -3 -5 -5 -4    4   1   8  14   2   0   4  24   0   0   1   4   0   0   0  35   0   0   0   1  0.74 0.43
  504 E   -1 -1 -2  1 -4  2  2  0  0 -5 -3  0 -1 -2  3  3 -2 -5 -2 -4    3   3   1   9   0   8  16   6   2   0   2   4   1   2  16  23   1   0   1   0  0.45 0.31
  505 D   -1 -1  4  3 -5  0  3 -3 -1 -3 -3  0 -4  0 -4  0 -2 -5  1 -3    5   2  18  20   0   3  22   1   1   1   3   5   0   4   0   6   2   0   6   1  0.51 0.33
  506 A    4 -5 -3 -5  0 -4 -4 -4 -4  3  0 -4  1 -4 -2 -2  0 -6 -4  4   38   0   1   0   2   0   0   0   0  14   6   0   3   0   2   1   6   0   0  26  0.73 0.43
  507 I    1 -3  1 -4  1 -4 -4 -4 -2  2  0 -3  3  2 -4 -2  0 -2  1  3   11   1   8   0   3   0   0   0   1  10   8   1   9   9   0   1   4   0   4  28  0.40 0.28
  508 D    0  0  1  3 -1  0  1 -1 -1 -4 -3  3 -2 -4 -3  1  0 -5 -4 -2    9   4   6  18   1   2   6   4   1   0   3  23   1   0   0  13   5   0   0   2  0.37 0.26
  509 G   -1  0 -1  2 -3  5  1  0 -2 -3 -3  1  0 -5 -4 -1  1 -5 -4 -1    4   3   2  12   0  33   8   6   0   1   3  10   3   0   0   4   7   0   0   4  0.53 0.36
  510 G    5 -5 -4 -5 -3 -5 -5 -2 -5  3 -1 -5 -1 -1 -5 -1 -3 -6 -4  3   46   0   0   0   0   0   0   2   0  15   5   0   1   3   0   3   1   0   0  23  0.88 0.49
  511 R   -3  5 -2 -3 -6  1 -2 -5 -4 -4 -5  5 -3 -6 -5  2 -2 -6 -5 -4    1  34   1   1   0   5   1   0   0   1   1  36   1   0   0  14   2   0   0   1  1.14 0.57
  512 A    1 -1  0  1  0 -1  1 -2 -1 -1  1 -1  3 -3 -3  1  1 -2 -2 -1   14   2   4   8   2   2   8   2   1   3  15   3  12   0   0  11   9   0   1   2  0.16 0.19
  513 L   -4 -2 -5 -5 -5 -3 -3 -7 -6  0  5  2  4 -3 -6 -5 -4  4 -4 -2    0   2   0   0   0   1   1   0   0   3  60  13  11   0   0   0   1   5   0   1  1.15 0.57
  514 L   -4 -6 -7 -6 -5 -5 -6 -7 -5  0  6 -4  1 -3 -6 -5 -4 -5 -5  3    1   0   0   0   0   0   0   0   0   3  73   1   2   0   0   1   0   0   0  17  1.49 0.64
  515 R    0  4 -1  0 -5  0  0  1 -2 -5 -5  4 -4 -5 -4 -1 -1  1 -4 -3    9  24   2   6   0   3   5  11   1   0   0  27   0   0   0   4   4   2   0   2  0.57 0.35
  516 K   -2  2  1 -1  0  0  1 -3 -3 -2  2  2  3 -3 -4  0 -1 -5 -3 -1    1  12   8   4   2   4  11   1   0   1  19  17   8   0   0   7   2   0   0   3  0.28 0.25
  517 Y   -4 -3 -1 -3 -4 -3 -3 -3  4 -2 -2 -4 -1  5 -4 -3 -3  2  7 -2    1   1   3   2   0   1   2   2  10   2   4   1   1  19   1   2   2   2  41   2  1.20 0.49
  518 D    1  1  0  2  2 -1 -1  0  1 -3 -3  1 -3 -2  0  1 -2 -3  3 -3   14   6   5  12   5   2   3   6   3   1   2  10   0   1   5  13   1   0  12   1  0.24 0.21
  519 N    0 -3  0  1  2 -2  1  1  0 -3 -3 -1 -3 -2  2  1 -1  1  4 -2    7   1   5   6   5   1  10  12   2   1   1   3   0   0   9  12   2   2  17   2  0.29 0.22
  520 N   -3 -2  3  1  2 -3 -3  4  7 -6 -6  0 -5 -5 -4  0 -4 -5 -4 -5    1   2  13   8   5   1   1  30  26   0   0   6   0   0   0   6   0   0   0   0  1.02 0.49
  521 W   -3  0 -1  2 -4 -2  2  0 -3 -4 -4  3 -3 -2 -3 -2 -3  8  2 -4    1   4   2  11   0   1  14   7   0   1   2  19   0   2   1   2   1  24   6   1  0.89 0.39
  522 E   -2 -1 -1  4 -3 -3  1  4  0 -5 -4 -2 -3 -3 -4  0 -1 -3  1 -4    2   3   2  23   0   0  10  36   2   0   1   1   1   1   0   7   3   0   4   1  0.67 0.36
  523 M   -5 -5 -6 -7 -3 -6 -6 -7 -1 -2  0 -6  5  6 -7 -5 -2 -3  7 -3    0   0   0   0   1   0   0   0   1   2  10   0  14  29   0   0   3   0  38   1  1.63 0.68
  524 K   -2  4 -2 -2 -1  0 -3 -3 -3 -1  0  2  0 -2 -4 -1  2 -4 -3  2    2  23   1   2   1   3   0   1   0   2   9  14   2   1   0   5  14   0   0  19  0.39 0.30
  525 V   -1  0 -5 -5 -2 -2 -3 -4 -4  3  2 -2  1 -1 -2 -3 -2 -4 -2  4    4   5   0   0   0   1   2   1   0  18  23   3   3   2   2   1   1   0   1  33  0.57 0.32
  526 E   -1 -2 -1  4  0  1  4 -2 -1 -4 -4 -2 -3 -5 -2 -1 -2 -5 -4 -1    6   2   3  27   2   6  32   3   1   0   1   2   1   0   1   5   2   0   0   6  0.66 0.38
  527 E   -3 -3 -2  1 -1  1  7 -2 -1 -2 -5 -3 -5 -4 -3 -1 -3 -6 -4 -1    1   1   1   6   1   5  64   4   1   2   1   0   0   1   1   5   1   0   1   5  1.22 0.62
  528 N   -1  0  3  5 -6 -1  2 -2  0 -4 -4  1 -5 -6 -2 -1 -2 -6 -5 -4    5   6  13  39   0   1  13   3   2   1   2   8   0   0   2   4   2   0   0   1  0.76 0.41
  529 S   -1 -1  3  4 -3  0  0  1  2 -4 -4  1 -1 -4 -1  0 -2 -5 -4 -4    5   2  15  26   1   4   4  12   5   0   1  10   1   0   2   8   1   0   0   1  0.48 0.29
  530 T    0  0  1 -1 -5  1 -3  5  2 -4 -5 -2 -4 -5 -3 -2 -1 -3 -4 -4    8   6   7   4   0   6   1  51   4   1   0   2   0   0   1   2   3   0   0   1  0.86 0.42
  531 S    2 -4 -4 -6  7 -5 -4  1 -5 -3 -4 -5  0  0 -5  0 -2  9 -2 -2   15   1   1   0  23   0   1  10   0   1   1   0   2   4   0   8   2  28   1   2  1.41 0.59
  532 V   -2 -6 -7 -7 -5 -6 -6 -7 -6  2  5 -6  4  0 -6 -6 -5 -5 -4  2    3   0   0   0   0   0   0   0   0   8  64   0  11   3   0   0   0   0   0  11  1.35 0.60
  533 E   -2 -3 -3 -4 -3 -4 -4 -1  0 -1  3 -1  2  3 -5 -2  0 -2  3  1    2   1   1   1   0   0   0   5   3   1  33   5   6  13   0   2   6   0   9  11  0.43 0.30
  534 L   -5 -5 -6 -6 -6  5 -4 -7 -1 -2  6 -5  0  0 -7 -6 -5 -6 -5 -4    0   0   0   0   0  22   1   0   2   1  69   0   1   4   0   0   0   0   0   0  1.55 0.72
  535 W    0 -1 -4 -5  0 -5 -6  6 -6 -7 -5 -5 -4 -5 -6 -2  1  3 -6 -5    6   4   0   0   2   0   0  68   0   0   1   0   1   0   0   3  10   4   0   0  1.50 0.66
  536 W   -9 -9-10-10 -8 -8 -9 -9 -8 -9 -8 -9 -7 -5-10 -9 -9 13 -4 -9    0   0   0   0   0   0   0   0   0   0   0   0   0   0   0   0   0 100   0   0  5.42 1.62
  537 K   -5 -1 -2 -5 -7  2 -1 -4  4 -7 -5  7  1 -7 -5 -4 -5 -7 -5 -6    0   2   2   0   0   8   4   1   9   0   1  71   4   0   0   0   0   0   0   0  1.78 0.78
  538 S   -4 -4  2  3 -6 -3  2  5 -3 -6 -7 -2 -6 -6 -5  0  0 -6 -6 -6    0   0   9  17   0   1  11  46   0   0   0   1   0   0   0   7   7   0   0   0  1.03 0.51
  539 Q   -5  7 -4 -4 -7  4  0 -6  3 -6 -1  1 -4 -6 -6 -4 -3 -6 -5 -4    0  55   0   0   0  17   4   0   6   0   6   8   0   0   0   0   1   0   0   1  1.44 0.67
  540 P   -1 -4  1 -2  2 -4 -3 -5 -4  3 -3 -3 -2 -5  6  0 -1 -6 -4  1    6   0   7   2   4   0   1   0   0  18   1   1   1   0  37   6   4   0   0  10  0.86 0.45
  541 V   -3 -6 -6 -7 -3 -5 -6 -6 -6  3  5 -6  2 -3 -6 -3 -3 -5 -5  3    2   0   0   0   0   0   0   0   0  15  53   0   4   0   0   2   1   0   0  23  1.16 0.53
  542 S   -2 -4 -2 -5 -2 -4 -5 -5  0  4  1 -4  1  3 -5  0 -3 -3  4  3    2   0   2   0   1   0   0   0   2  21  10   0   3  10   0   8   0   0  18  21  0.65 0.37
  543 F    5 -5 -5 -5 -1 -4 -5 -2 -5 -3 -3 -4 -2  3 -5  1  2  5 -2 -1   44   0   0   0   1   0   0   2   0   0   1   0   1  15   0   9  14   8   1   5  0.89 0.51
  544 C    4 -4 -4 -5  4 -4 -4 -4 -1  0  0 -4  1 -3 -4  2  1 -3 -4  1   36   0   0   0   8   0   0   0   2   6  10   0   3   1   0  16   9   0   0  11  0.59 0.39
  545 S   -3 -6 -4 -5  2 -5 -5 -5 -6 -7 -7 -5 -6 -7 -6  7  1 -8 -6 -6    1   0   0   0   4   0   0   0   0   0   0   0   0   0   0  88   7   0   0   0  2.19 0.97
  546 L    5 -5 -5 -5  5 -4 -5 -4 -5 -3  0 -3 -2 -3 -5  1  1 -6 -5 -2   54   0   0   0  12   0   0   0   0   1   8   1   1   1   0   9  10   0   0   3  1.02 0.55
  547 W   -9 -9-10-10 -8 -8 -9 -9 -8 -9 -6 -9 -7 -5-10 -9 -8 13 -4 -9    0   0   0   0   0   0   0   0   0   0   1   0   0   0   0   0   0  99   0   0  5.36 1.59
  548 K   -3  5 -4 -4 -6  2 -1 -5 -3 -5 -4  5 -3 -6 -5 -3 -1 -6 -5  1    1  30   0   0   0   8   2   0   0   0   1  42   0   0   0   0   3   0   0  11  1.15 0.56
  549 L    1 -5 -5 -5 -5 -4 -4 -5 -4 -1  1 -4 -3 -5  7 -2 -3 -6 -5  0   13   0   0   0   0   0   0   0   0   3  13   0   0   0  60   2   1   0   0   8  1.54 0.58
  550 D    4 -3  2  3  2 -2 -2 -2  0 -2 -4 -2 -1 -4  1  1 -1 -5 -4 -2   37   0  11  16   4   1   1   2   2   1   0   1   2   0   8  11   2   0   0   2  0.46 0.28
  551 K   -1  0  2  2 -4  1  2 -2  3 -4 -4  0 -1 -3  2  2  0 -4 -3 -3    3   4  13  12   0   5  15   1   7   0   0   5   2   1   9  18   5   0   0   1  0.36 0.19
  552 Q   -1  1  2  2 -3  1  0 -2  2 -3 -2  2  1 -3  2  0 -1 -4 -2 -2    3   5  12  12   0   7   4   0   5   0   1  22   7   0  11   8   2   0   0   2  0.30 0.13
  553 P    0  0 -1 -2 -3 -1 -2 -1 -2 -3 -3 -2 -3 -3  7  1  0 -3  2 -3    6   5   1   0   0   2   0   3   0   0   0   0   0   0  58  10   6   0   9   0  1.13 0.18
  554 E   -2 -1  2  5 -4  1  4 -2 -1 -4 -4  0 -3 -4 -2 -1 -2 -4 -3 -4    0   0   8  44   0   3  45   0   0   0   0   0   0   0   0   0   0   0   0   0  0.84 0.13

                      K         Lambda
Standard Ungapped    0.1283     0.3126
Standard Gapped      0.0469     0.2670
PSI Ungapped         0.1526     0.3117
PSI Gapped           0.0469     0.2670
