
Last position-specific scoring matrix computed, weighted observed percentages rounded down, information per position, and relative weight of gapless real matches to pseudocounts
           A  R  N  D  C  Q  E  G  H  I  L  K  M  F  P  S  T  W  Y  V   A   R   N   D   C   Q   E   G   H   I   L   K   M   F   P   S   T   W   Y   V
    1 M   -2 -3 -4 -5 -2 -3 -4 -5 -4  4  2 -3  6 -1 -4 -3 -2 -3 -2  3    0   0   0   0   0   0   0   0   0  26  12   0  34   0   0   0   0   0   0  28  0.78 0.29
    2 A    5 -3 -3 -3 -3 -3 -1 -1 -4 -3 -4 -1 -3 -4 -3  2  0 -5 -4 -2   70   0   0   0   0   0   2   2   0   0   0   4   0   0   0  14   5   0   0   2  0.97 0.49
    3 S    1  1 -1 -1 -3 -1  1 -1 -2 -3 -3  2 -3 -4 -1  3  2 -4 -1 -2   14  10   1   3   0   0  10   4   0   0   1  15   0   0   2  25  12   0   2   1  0.32 0.27
    4 R    4  2 -3 -1 -3  0  1 -1 -1 -1 -2  0 -3 -4 -3 -1 -1 -5 -4 -1   45  15   0   3   0   3   8   3   1   4   4   6   0   0   0   1   3   0   0   4  0.45 0.36
    5 K    1  1 -2 -1 -4  3  3 -2 -3 -2 -4  3 -2 -5 -2  0 -1 -5 -4 -2   14   8   0   3   0  14  21   3   0   2   0  25   1   0   1   4   3   0   0   2  0.49 0.36
    6 D    2  0 -1  5 -5  1  3 -1 -3 -5 -5  1 -4 -5 -2 -2 -2 -6 -5 -4   18   3   1  34   0   6  23   3   0   0   0   9   0   0   1   1   1   0   0   0  0.77 0.47
    7 E    1  1  0  1 -5  1  5 -1 -1 -3 -3  0 -4 -5 -2 -1 -1 -5 -2 -2   11   8   4   5   0   5  44   3   1   1   2   3   0   0   1   4   4   0   1   2  0.59 0.41
    8 R    3  3 -2 -2 -4  1 -1 -1 -1 -3 -1  3 -3 -4 -1  0 -1 -5 -4 -1   25  18   1   1   0   6   2   3   1   1   6  19   0   0   3   5   3   0   0   4  0.36 0.31
    9 A    1  0  0  1 -3  2  2 -2  0 -2 -1  1 -1 -4 -3  2 -1 -4 -3 -1   14   3   4   7   0   9  19   2   2   2   6   7   2   0   0  15   3   0   0   6  0.23 0.23
   10 A    1  2 -1  0 -3  2  2 -1 -1 -2 -1  1  2 -1 -3  0  1 -4 -3 -2   13  10   3   5   0  10  15   3   1   1   7   9   7   3   0   5   9   0   0   2  0.19 0.21
   11 K    2  0 -3  0 -4  1  2 -2  2 -3 -2  4 -3 -4 -3 -2  0 -5 -4 -2   22   4   0   4   0   7  13   1   6   1   5  27   0   0   0   1   7   0   0   2  0.44 0.37
   12 E    3  0 -2 -1 -4  1  3 -3 -2 -3 -3  0 -1 -4 -3  0  0 -5 -2 -2   32   6   1   3   0   6  26   1   1   1   2   6   2   0   0   6   6   0   1   2  0.49 0.39
   13 E    1 -1 -1  1 -5  0  5 -2 -1 -5 -4  3 -4 -5 -4 -1 -3 -5 -3 -3   10   2   3   8   0   3  46   2   1   0   1  16   0   0   0   4   1   0   1   1  0.80 0.51
   14 R    0  4 -1  2 -4  1  2 -1  0 -3 -4  2 -3 -4 -3  0 -1 -4 -2 -1   10  22   2  10   0   7  14   4   2   1   0  15   0   0   0   6   3   0   1   4  0.40 0.31
   15 A    6 -2 -3 -1 -4 -4  0 -2 -5 -4 -4 -1 -4 -5 -4  0  0 -1 -3  0   64   2   1   3   0   0   7   2   0   0   1   3   0   0   0   6   4   1   1   7  0.98 0.63
   16 Q    0 -1 -3  0 -5  2  5 -3 -3 -3 -2  2 -4 -5 -3 -1  0 -5  0 -1    8   3   0   3   0   8  41   1   0   1   3  16   0   0   1   2   7   0   4   4  0.64 0.47
   17 A    2  0 -1  1 -3  1  2 -1 -1 -1 -2 -1  0 -4  0  1 -1 -4 -1  0   26   4   3  10   0   5  12   4   1   2   1   3   3   0   4  11   2   0   2   7  0.21 0.23
   18 A    3 -2 -1  1 -3  0  1 -1 -1 -2 -2  0 -3 -2 -2  0  0 -4 -1  0   34   1   2  10   0   4  12   4   1   1   2   6   0   1   1   5   6   0   2   8  0.29 0.29
   19 A    4  0 -3 -1 -3 -1 -1 -1 -4 -2 -2  1 -3 -4 -2  1  0 -5 -4 -2   46   6   0   3   0   2   3   5   0   2   5   9   0   0   1  11   5   0   0   2  0.52 0.42
   20 E    1  4 -2  0 -5  2  3 -2 -1 -4 -4  2 -1 -5 -4  1 -2 -1 -4 -2   12  22   0   4   0  10  18   3   1   0   1  13   1   0   0   8   1   1   0   3  0.49 0.38
   21 L    0  1  0  1 -3  1  1 -2  0 -1  0  3 -1 -3 -1  0  0 -4 -3 -1    7   8   3   8   0   4  11   3   2   2  12  20   2   0   2   6   6   0   0   4  0.17 0.18
   22 A    5 -1 -3  0 -4 -1  0  0 -2 -3 -2  1 -1 -5 -1  0 -1 -5 -3 -2   49   2   1   4   0   2   7   5   1   1   3  10   2   0   2   5   3   0   1   3  0.55 0.43
   23 A    4  0 -3 -1 -4 -2  0  1 -2 -2 -3  0 -2 -5 -4  0  1 -1 -4 -1   46   4   0   3   0   1   5  10   1   2   2   6   1   0   0   5  10   1   0   4  0.53 0.43
   24 K    0  0 -2  3 -5  1  4 -1 -1 -5 -4  3 -4 -5 -2  0 -3 -5 -3 -4    8   5   1  17   0   6  29   4   1   0   1  18   0   0   1   8   0   0   1   1  0.62 0.44
   25 E    0 -1  0  4 -5  1  4 -2 -3 -5 -4  1 -4 -5 -4 -1 -1 -1 -1 -3    9   3   3  24   0   4  33   3   0   0   2   8   0   0   0   4   3   1   2   2  0.65 0.45
   26 L    2 -1 -2 -2 -3  0  0 -1 -2  1  1  0  1 -2 -2 -1  0  1 -2  1   22   2   1   1   0   3   7   3   1   7  19   6   4   0   1   3   5   2   1  11  0.15 0.20
   27 R    2  1 -1 -2 -4  0  3  0  2 -3 -2  3 -3 -4 -3  0 -1 -2 -2 -2   17   7   3   0   0   3  20   7   7   1   4  17   0   0   1   7   2   1   1   3  0.32 0.30
   28 D    0  1 -2  5 -5  1  2 -4  0 -3 -3  1 -4 -5 -1 -1  0 -5 -1 -2    9   8   0  33   0   5  16   0   2   1   2   8   0   0   2   4   5   0   2   2  0.57 0.41
   29 V    3 -1 -1 -1 -3 -1  0 -2 -3  1 -1  0  0 -3 -2  0  0  0 -1  2   32   3   3   3   0   2   5   2   0  10   5   5   2   0   1   5   5   2   2  14  0.22 0.25
   30 N    1  2  3  0 -4  0  1 -2 -3 -2 -3  2 -1 -4 -3  0  0 -5 -4 -1   15  11  15   4   0   4  10   1   0   2   2  16   1   0   1   6   7   0   0   4  0.31 0.29
   31 Q    2  3 -3  0 -5  1  2 -3 -2 -3 -4  3 -2 -5 -3 -1  0 -5 -1 -2   23  20   0   4   0   7  14   1   1   1   1  17   1   0   1   2   5   0   2   2  0.51 0.41
   32 D    0 -1 -1  3 -5  1  4 -1 -1 -3 -2  1 -2 -5  0  1 -1 -5 -4 -3    9   2   2  17   0   6  27   5   1   2   3   8   1   0   4   9   3   0   0   1  0.42 0.34
   33 R    2  3 -1  0 -4  1  1 -1 -3 -3 -3  3 -2 -3 -1  1 -1 -2 -3 -3   17  19   1   6   0   6   8   4   0   1   2  18   1   1   2   8   4   1   1   1  0.35 0.30
   34 E    2 -1 -2  2 -4  2  3  0  0 -2 -2 -1 -1 -3 -2  0 -1 -4 -4 -1   19   2   1  13   0   8  23   8   2   2   3   2   2   1   1   4   4   0   0   5  0.32 0.30
   35 R    1  2  1  0 -2 -1  2 -1 -1 -3 -3  3 -1 -4 -2  0  1 -4 -1 -1   12  11   6   4   1   1  17   4   1   0   2  18   1   0   2   6   8   0   3   4  0.28 0.26
   36 G    1  0 -2  3 -4  2  2  2  0 -4 -4 -1 -4 -4 -2 -1 -1 -1 -1 -3   15   4   1  18   0   9  16  19   3   0   1   3   0   0   1   3   3   1   2   1  0.42 0.34
   37 I    2 -1 -1  1 -3  0  2  0  0 -2 -3  2 -2 -1 -2  0  1 -4 -2  0   18   2   2   7   0   4  15   6   2   2   1  16   1   2   1   5   7   0   1   8  0.20 0.23
   38 K    2  0  0 -1 -3  0  1  1 -1 -2 -2  2 -1 -2 -1  0  0 -4 -2 -1   21   5   4   3   0   4  12  10   1   1   4  14   2   2   2   4   5   0   1   6  0.17 0.19
   39 V    2 -1 -1  0 -3  0  1  1 -1 -1  0  0 -1 -1 -2  1  1 -2 -1 -1   20   3   1   5   0   3   9   9   2   4   8   7   2   2   1   8  11   1   2   2  0.11 0.15
   40 V    1  0 -1  1 -2  1  1  0 -1 -1 -1  1 -1 -2 -2  0 -1  1  0  0   15   4   2  11   1   6  11   7   1   2   5  10   1   1   0   6   3   2   3  10  0.10 0.14
   41 E    1  1 -2  1 -4  1  3 -2  0 -2 -3  2  0 -3 -3  0 -1 -2 -3 -1   14   7   1   7   0   6  20   1   3   3   2  15   3   1   0   8   3   1   0   5  0.29 0.28
   42 H    2  0  0  0 -3  1  1 -1  1 -2 -1  1  0 -1 -1  1  1 -4 -1  0   20   5   4   4   0   8  11   4   3   1   5   7   2   2   1   8   8   0   2   6  0.13 0.16
   43 K    1  1  0  2 -4  1  2 -1  0 -4 -3  2 -2 -4  0  0  0 -2 -4 -3   14   8   3  10   0   7  13   5   2   0   2  16   1   1   5   7   7   1   0   1  0.28 0.26
   44 E    0  1  0  0 -5  1  4 -2  1 -2 -4  1 -3 -5  0  0  0 -1 -3 -3   10   7   3   5   0   7  31   3   3   2   1   9   1   0   5   6   4   1   0   2  0.41 0.35
   45 E    3 -1 -1  0 -1  1  2 -2  2 -2 -2  1 -1 -4  0 -1  1 -4 -1 -1   26   2   3   5   1   6  14   1   5   2   2   9   1   0   4   3   8   0   3   5  0.24 0.27
   46 V    1  0  0  0 -4  1  2 -1 -1 -1 -2  2 -1 -3 -1 -1  0 -2 -1  0   15   3   3   5   0   7  14   5   1   2   2  18   1   1   2   4   4   1   2   9  0.18 0.22
   47 S    1  0 -1  2 -5  2  3  0 -1 -5 -3  1 -4 -5 -1  0 -1  0 -3 -4   13   4   1  14   0  12  23   6   1   0   2  10   0   0   3   6   4   1   1   0  0.43 0.36
   48 G    2  0  1  0 -4  2  2  1 -1 -3 -4  1 -2 -3 -3  0  0 -1 -4 -1   21   5   6   5   0   9  12  13   1   1   0  10   1   1   0   5   5   1   0   3  0.28 0.27
   49 G    3  1 -1 -2 -3  0  0  2 -3 -1 -2  2  0 -4 -2  0  0 -4 -3 -1   27   9   2   2   0   3   4  15   0   4   4  12   2   0   1   6   5   0   0   5  0.27 0.27
   50 P    1  0 -3  0 -2  1  2  1 -2 -4 -4  3 -4 -4  2  0  0 -2 -4 -3   12   5   0   5   1   6  17  11   1   0   0  18   0   1   9   6   5   1   0   1  0.36 0.32
   51 G    0 -1  0  1 -4  0  2  3 -1 -4 -3  1 -3 -4 -3  0  0 -4 -1 -2    8   3   5   9   0   4  14  27   1   0   3   8   0   0   0   6   5   0   2   3  0.35 0.28
   52 V    1 -1 -1 -1 -2 -1  0 -2 -2  1  0  1  0 -1 -2 -1  1 -1 -1  2   16   3   2   3   1   2   8   3   1   9   6   9   2   2   1   2   7   1   2  22  0.13 0.18
   53 I    2 -1 -2 -2 -3 -2 -1 -2 -3  3  1 -1  1  0 -2 -1  1 -1 -3  2   18   3   1   1   0   1   3   2   0  18  10   4   4   4   1   4   9   1   0  15  0.21 0.22
   54 G    1 -3 -2  1 -5  0  3  3 -2 -5 -5  1 -3 -5 -2  1 -1 -5 -3 -4   11   1   1   7   0   4  24  27   1   0   0   8   1   0   2   8   3   0   1   1  0.59 0.44
   55 S    0 -1 -1  3 -4  1  2 -1  0 -5 -4  1 -1 -5 -4  3  0 -1 -2 -4    8   3   2  15   0   6  11   5   2   0   1  10   2   0   0  26   5   1   1   0  0.44 0.38
   56 I    4 -2 -4 -4 -4 -2 -1 -5 -3  1 -1 -2  3 -5 -4 -2 -2 -6 -3  4   35   3   1   1   0   1   3   0   1   7   6   2   8   0   1   1   2   0   1  28  0.69 0.52
   57 L    0  0 -1 -1 -4  1  1  0 -2 -1 -1  2  1  0 -2  0  0  0 -1  0   10   5   1   2   0   8  10   7   0   2   7  17   4   5   1   5   6   1   2   7  0.11 0.17
   58 K    0  2 -1  3 -6  1  4 -1 -1 -5 -5  2 -3 -3 -4  0 -2 -6 -3 -4    7  11   2  19   0   6  26   5   1   0   0  12   1   1   0   7   2   0   1   1  0.60 0.45
   59 S    3  0  0 -1 -4 -1  1  0 -1 -3 -4  2 -1 -4 -3  2  2 -5 -3 -3   28   4   3   3   0   3   8   6   1   1   0  13   2   0   1  16  11   0   1   1  0.41 0.38
   60 V    4 -2 -4 -2 -4 -3 -1 -3 -2  0 -1 -2  1 -2 -3 -1  0 -5 -2  3   34   2   0   2   0   1   4   1   1   5   5   2   4   2   1   3   7   0   1  25  0.49 0.41
   61 Q    0  2  0 -1 -3  3  1  0  1 -5 -4  3 -3 -5 -4  1  1 -5 -2 -3    8   9   4   3   0  15   7   9   3   0   1  19   0   0   0   9   8   0   1   1  0.39 0.35
   62 G   -1  0 -1  4 -2  1  4  1 -1 -6 -5  0 -5 -6 -3  0 -1 -2 -3 -5    4   4   3  24   1   7  25  11   2   0   1   6   0   0   1   8   3   0   1   1  0.62 0.46
   63 T    3 -1  0 -2 -1 -1 -1 -1  0 -1 -1  2  0 -2 -2  0  2 -2 -2 -1   24   2   4   2   1   2   2   5   2   3   5  15   2   1   2   6  16   1   1   3  0.23 0.27
   64 L    3 -2 -3 -3 -1 -1 -1 -1 -3 -1  0  0  0  0 -3 -1  0  0  1  2   30   1   0   1   1   3   4   4   0   3  10   7   3   3   1   3   5   2   6  13  0.25 0.28
   65 G   -1  0  0  3 -6  1  4  2 -2 -5 -5  0 -3 -6 -3  0 -1 -6 -4 -3    6   5   3  18   0   6  27  13   1   0   1   6   0   0   1   6   4   0   0   2  0.56 0.43
   66 Q    0  0  0  1 -2  3  3 -1  2 -3 -3  2 -2 -5 -4  0 -1  0 -1 -2    9   4   5   7   1  12  20   5   5   1   2  12   1   0   0   7   3   1   2   2  0.33 0.31
   67 A    5 -4 -4 -5 -4 -3 -1 -2 -5 -2 -3 -1 -2 -5 -4 -1  1 -2 -3  2   55   1   0   0   0   1   3   3   0   1   3   4   1   0   0   3   7   1   1  15  0.92 0.64
   68 K    1  2 -3 -2 -4  0  1  0 -2 -5 -5  5 -2 -6 -3  0 -1  0 -3 -1   12  10   1   2   0   4   8   6   1   0   1  38   1   0   1   6   4   2   1   4  0.62 0.48
   69 E   -1  0  0  4 -6  1  4 -1  1 -6 -5  0 -5 -5 -1  0 -1 -6 -3 -4    5   4   5  28   0   5  26   5   3   0   0   4   0   0   3   5   4   0   1   1  0.70 0.50
   70 V    3  0 -2 -1 -4  0  1 -2 -2 -2 -3  3 -2 -3 -3  1  2 -3 -2 -1   24   4   1   3   0   3   8   3   0   1   2  16   1   1   1   8  16   0   1   5  0.34 0.35
   71 V    4 -2 -5 -3 -4 -2 -2 -4 -2  0 -1 -1 -2 -1 -1 -2  2 -6 -4  3   38   2   0   1   0   2   2   1   1   4   5   4   1   3   3   1  11   0   0  22  0.58 0.48
   72 V    1 -1 -1 -1 -4  0  3  0 -1 -2 -3  1 -2 -4 -2  2  0 -5 -3  1   12   3   3   2   0   4  19   7   1   1   2  11   1   1   1  15   7   0   1  10  0.25 0.28
   73 G    0 -1  0  3 -5  2  3  2  1 -4 -2  0 -2 -5 -2 -1  0 -5 -3 -4    6   4   4  19   0   8  19  16   3   0   4   4   1   0   1   4   5   0   1   1  0.43 0.36
   74 K    3 -2 -3 -2 -5 -1  1 -1 -2 -3 -3  4 -1 -3 -1 -1  1 -3 -1 -1   29   1   1   1   0   2   7   5   1   1   3  25   2   1   2   4   9   0   2   4  0.44 0.41
   75 A    3  0 -3 -2 -3 -1  0  0 -2 -1 -2  2 -2 -4  0  1  1 -2 -1  0   27   4   1   1   0   2   6   6   1   2   4  14   0   0   3  11   8   0   2   7  0.27 0.30
   76 H   -1  0  1  3 -4  3  3  1  3 -6 -6  1 -5 -4 -3  0 -1 -6 -1 -5    4   4   5  14   0  14  21   9   8   0   0   7   0   0   1   6   3   0   3   0  0.54 0.43
   77 D    0 -1  0  3 -5  2  3 -2  1 -5 -4  1 -3 -5 -1  0  0 -3 -2 -3    9   3   4  16   0  11  20   2   3   0   1  10   0   0   4   7   7   0   1   2  0.43 0.37
   78 T    5 -3 -3 -4 -4 -2 -2 -2 -5 -1 -2 -2 -1 -3 -2 -2  3 -6 -4  2   44   1   1   1   0   2   3   3   0   3   4   3   2   1   2   2  18   0   1  12  0.69 0.55
   79 A    2 -1 -2 -2 -4  1  2  0 -1 -3 -3  3 -3 -3 -2  1  0 -3 -1  0   22   3   1   1   0   6  13   6   2   0   1  18   0   1   2   9   6   0   2   7  0.31 0.33
   80 E   -1 -1  1  3 -6  2  5 -1  1 -4 -4  0 -5 -6 -2 -1 -2 -6 -3 -3    5   4   6  17   0   8  34   4   3   1   1   5   0   0   2   5   2   0   1   2  0.67 0.49
   81 V    2  1 -1 -1 -4  0  1 -2  0 -2 -3  3 -2 -4 -2  1  1 -5 -2 -1   18   6   3   3   0   4   7   3   2   2   2  22   1   0   1   9  10   0   2   5  0.29 0.30
   82 S    4 -1 -2 -2 -4 -1 -1 -2  0 -2 -2  1  0 -2 -2  1  2 -5 -2  1   35   3   1   2   0   2   3   2   2   2   4   7   2   1   2   8  15   0   2   9  0.40 0.38
   83 R    1  1  1  1 -3  1  2  1 -2 -3 -3  2 -1 -4 -2  1  0 -3 -2 -2   13   8   5   6   0   5  15  11   1   1   2  12   2   0   1  10   4   0   1   3  0.24 0.24
   84 E    0  0  0  3 -5  2  4 -2  0 -4 -4  0 -3 -3 -2  0  0 -3 -2 -3    6   4   3  19   0   9  28   3   2   1   1   5   1   1   1   6   7   0   1   1  0.52 0.41
   85 N    3 -1 -1 -1 -3 -1 -1  0 -2 -2 -1  0  1 -3 -2  1  2 -1 -1  1   25   2   2   3   0   1   5   6   1   2   4   6   3   0   1   8  17   1   2  12  0.25 0.29
   86 T    2  0 -1 -2 -1  0  0 -1 -3 -2 -2  3 -1 -2 -3  1  1  0 -2  0   22   4   2   1   1   3   7   3   0   2   4  22   2   1   1   9   8   1   1   6  0.27 0.30
   87 D   -1 -1  0  4 -6  1  4  0 -1 -6 -5  1 -4 -6 -3  0 -1 -6 -3 -4    6   3   5  26   0   7  25   8   1   0   0   7   0   0   1   6   3   0   1   1  0.65 0.47
   88 Y    1 -1  0  0 -4  1  2  0  1 -2 -4  2 -2 -2 -2  1  1 -2 -1 -2   14   2   5   6   0   5  12   8   3   2   1  17   1   1   1   9   9   1   2   2  0.23 0.25
   89 A    4 -2 -4 -1 -2 -2 -1 -2 -3 -1 -1 -1 -3 -3 -2 -1  2 -5 -3  2   38   2   0   3   1   1   4   3   0   3   7   3   0   1   2   3  12   0   1  16  0.46 0.41
   90 Y    1  0 -1 -1 -4  2  1  0  0 -3 -3  3 -1 -3 -1  1  0 -1  0 -1   13   5   2   3   0   9  10   8   2   1   1  19   1   1   3   9   5   1   3   5  0.21 0.24
   91 D   -2 -1  1  4 -6  2  4 -2 -1 -6 -5  1 -5 -6 -2  0 -3 -6 -3 -4    3   3   5  25   0  10  30   3   1   0   1   7   0   0   2   7   1   0   1   1  0.80 0.55
   92 K    1  1 -1 -1 -5  0  0 -2 -1 -4 -3  4 -1 -3 -3  0  2  0 -2 -1   15   6   3   3   0   3   7   3   1   0   3  28   1   1   0   6  13   1   1   4  0.39 0.36
   93 G    4 -1 -2 -4 -4 -2 -1  0 -3 -2 -1  0  1 -3 -2 -1  1 -2 -1  1   41   3   1   1   0   1   4   7   0   1   5   7   4   1   1   4   8   1   2   9  0.45 0.41
   94 R    1  3  0  0 -5  0  1  1 -2 -4 -4  2 -3 -5 -2  1 -1 -5 -2 -3   11  15   4   6   0   4  10  13   1   1   0  15   1   0   1  11   4   0   1   2  0.34 0.31
   95 E    0 -1  0  2 -6  2  4 -1 -2 -4 -5  1 -4 -5 -2  0 -1  1 -3 -4    8   3   4  10   0  10  33   4   0   1   0   8   0   0   2   8   3   2   1   1  0.58 0.46
   96 G    4 -2 -3 -3 -3 -2 -1 -1 -4 -2 -2 -1  0 -3 -2  0  2 -1 -1  1   41   2   1   1   0   2   4   4   0   1   4   4   2   1   2   6  12   1   2  10  0.48 0.43
   97 G    2  1 -2 -2 -5  0  0  1 -2 -3 -3  4 -1 -3 -3  0  1 -2 -2  0   16   6   1   1   0   4   5   9   1   1   2  30   2   1   1   5   7   1   1   6  0.38 0.36
   98 D   -1  0  0  5 -6  1  4 -1 -1 -5 -6 -1 -5 -5 -2 -1 -1 -4 -3 -3    4   4   3  37   0   5  25   4   1   0   0   4   0   0   2   4   3   0   1   2  0.88 0.58
   99 V    1  0 -2  0 -4  1  2 -2 -2 -2 -2  3 -1 -3 -3  1  1  0 -1  0   14   4   1   4   0   5  12   2   1   2   2  22   2   1   0   9  10   1   3   6  0.27 0.29
  100 A    5 -1 -3 -4 -4 -2 -3 -2 -4  0 -2 -1  0 -4 -3 -1  1 -5 -3  1   49   3   1   1   0   2   2   3   0   6   4   3   2   1   1   4   9   0   1  10  0.66 0.50
  101 A    2  0  0 -1 -3  2  2  1 -1 -4 -3  2 -3 -4 -2  1  0 -3 -2 -2   22   4   3   2   0   8  13   9   1   0   2  11   0   0   2  12   5   0   2   2  0.30 0.30
  102 Q    0  1  1  3 -5  3  3 -1 -1 -5 -4  0 -4 -5 -1  0 -1 -3 -3 -4    6   7   6  17   0  12  23   6   1   0   1   6   0   0   3   7   3   0   1   1  0.49 0.39
  103 K    3 -1 -2 -1 -4  0  1 -2 -2 -4 -2  4  0 -4 -4  0  1  1 -1 -1   23   2   1   3   0   4   8   3   1   0   4  25   2   0   0   5  10   2   2   4  0.38 0.37
  104 A    3 -1 -1 -2 -3 -1 -1 -1 -2 -2 -1  1  1 -2 -2  0  1 -1  0  1   29   3   2   2   0   3   4   4   1   2   5   8   4   2   2   5  10   1   4  10  0.22 0.26
  105 E    0  0  1  3 -4  1  4  1 -1 -5 -5  0 -3 -4 -2  0 -1 -6 -4 -4    6   4   5  18   0   7  29  10   1   0   0   6   1   1   1   7   3   0   0   1  0.57 0.43
  106 E    1 -1  0  2 -5  1  3 -1  0 -4 -3  2 -3 -5 -4  0  1  1  0 -3   11   3   3  11   0   7  22   4   2   1   1  11   1   0   0   8   8   2   3   1  0.36 0.33
  107 A    5 -3 -5 -4 -3 -2 -1 -1 -3 -1 -2 -2  0 -5 -1 -1  2 -4 -3  1   50   1   0   0   0   1   4   4   1   3   4   2   3   0   3   2  11   0   1   9  0.70 0.54
  108 K    2  1 -1 -2 -3  1  0 -1 -1 -3 -3  4 -1 -4 -2  0  0 -3 -1 -1   17   5   2   2   0   5   5   5   1   1   2  32   1   0   2   7   5   0   2   5  0.40 0.36
  109 E   -1 -1 -1  4 -6  3  4 -2  1 -6 -5  0 -3 -5 -2 -1  0 -6 -3 -6    5   3   3  24   0  13  30   2   3   0   1   4   1   0   1   4   5   0   1   0  0.79 0.56
  110 K    0  1 -2 -1 -3  0  0 -2 -1 -3 -3  5 -1 -3 -3  0  1 -1 -2 -2    9   8   1   3   0   4   6   3   1   1   2  36   2   1   1   8   9   1   1   2  0.49 0.41
  111 A    4 -2 -4 -2 -4 -1 -2 -1 -2 -1 -1 -1  0 -3 -2 -1  1 -5 -4  2   42   2   0   2   0   2   2   5   1   3   7   3   2   1   1   3   9   0   0  14  0.51 0.43
  112 K    0  0 -1  1 -3  2  2  1  0 -3 -3  3 -3 -4 -3  1  0 -3 -2 -1    9   4   3   6   0  10  13  11   2   1   2  17   0   0   1  11   4   0   1   4  0.27 0.27
  113 M    0 -1  0  3 -5  2  4  0  0 -4 -4  0 -3 -5 -1  1 -2 -1 -2 -3    6   3   4  16   0   8  27   6   2   0   1   6   0   0   3  10   2   1   1   1  0.48 0.39
  114 A    4 -2 -2 -2 -4 -2  0 -1 -3 -1 -1 -1 -1 -4 -4  0  2  0 -2  1   41   2   1   2   0   1   6   4   0   3   4   4   2   0   0   5  12   2   2   9  0.46 0.41
  115 K    2  0 -2 -1 -4  0  0 -1 -4 -2 -2  4  0 -3 -4  0  1  2 -1 -1   17   3   1   2   0   3   7   5   0   2   3  30   2   1   0   5   9   3   2   5  0.38 0.36
  116 D   -1 -1  0  5 -6  2  4 -2  0 -4 -6 -1 -3 -6 -2  0 -2 -6 -4 -5    4   3   5  32   0   7  27   4   3   1   0   3   1   0   1   6   3   0   1   1  0.84 0.56
  117 T    2  0 -1  0 -3  1  2 -1 -1 -3 -3  2 -1 -3 -3  1  1  0  0 -2   20   4   2   5   0   6  13   3   1   1   1  14   1   0   0   9  10   2   3   3  0.26 0.29
  118 T    5 -2 -4 -4 -4 -3 -2 -1 -2 -1 -2 -1  0 -4 -1 -2  2 -4 -3  1   44   2   0   0   0   1   2   5   1   4   4   3   2   0   2   2  15   0   1  11  0.63 0.51
  119 M    2  1 -1 -2 -3  1  1 -1 -1 -2 -2  3  0 -4 -2  1  1 -5 -1  0   16   7   1   1   0   5   9   5   1   2   2  20   2   0   1   8   9   0   2   7  0.24 0.27
  120 G   -1  0  2  3 -6  2  4  0 -1 -4 -4  0 -5 -4 -4  0 -1 -6 -4 -4    4   5   9  16   0  10  27   7   1   1   1   5   0   1   0   8   3   0   0   1  0.55 0.43
  121 K    2  0  0 -2 -5  1  0 -2 -1 -3 -3  5 -1 -5 -2 -1  1 -6 -2 -2   15   4   3   2   0   5   7   3   2   1   2  38   1   0   1   3   9   0   1   2  0.56 0.46
  122 A    5 -2 -4 -2 -4 -2 -1 -1 -5  0 -1 -1  0 -4 -3 -1  0 -1 -4  2   47   2   0   2   0   2   3   4   0   4   6   4   2   0   1   3   6   1   0  12  0.59 0.48
  123 G    1  0  0  1 -5  1  2  2  0 -4 -4  1 -3 -3 -2  1 -1 -5 -2 -4   11   5   3   6   0   7  16  18   2   1   1  10   0   1   2  13   4   0   1   1  0.35 0.32
  124 E    0  0 -1  3 -6  1  5 -1  0 -5 -5  0 -4 -6 -1  0 -1 -6 -3 -4    6   4   3  18   0   7  36   4   2   1   1   6   0   0   3   5   3   0   1   1  0.70 0.51
  125 Y    4 -4 -3 -3 -2 -1  0 -2 -3 -1 -1 -1  0 -2 -4 -1  2  0  0  2   35   0   1   1   1   2   5   2   0   3   6   4   3   2   0   3  13   1   4  13  0.41 0.39
  126 K    2  0 -2 -2 -5  0  0 -1 -2 -5 -3  5 -2 -4 -3 -1  0  0 -4 -2   15   4   1   1   0   4   6   4   1   0   3  43   1   1   1   3   6   1   0   3  0.67 0.51
  127 D   -1 -1  1  5 -6  1  3 -2 -2 -5 -5 -1 -3 -6 -2 -1 -2 -6 -3 -4    5   3   7  37   0   6  22   3   1   0   1   4   1   0   2   4   3   0   1   1  0.84 0.55
  128 Y    2  0 -1 -1 -3  0  1 -2 -1 -3 -2  2 -1 -2 -3  1  1 -2  2 -2   21   5   2   3   0   4  10   3   1   1   3  15   2   1   0   9  10   0   7   3  0.24 0.27
  129 T    5 -4 -5 -3 -4 -4 -4 -2 -5 -1 -1 -2 -1 -4 -1 -1  2 -6 -5  2   48   1   0   1   0   0   1   3   0   3   5   3   1   0   3   3  14   0   0  14  0.81 0.59
  130 A    2  0 -1 -1 -2  2  2  0 -2 -3 -3  2 -2 -3 -3  1  0 -4 -1  1   16   4   2   3   1   8  12   7   1   0   2  15   1   1   1   8   6   0   3  10  0.22 0.26
  131 Q   -1 -1  1  3 -4  3  4 -1 -1 -5 -6  0 -5 -6 -3  0 -1 -6 -5 -5    5   4   7  18   0  12  31   5   1   0   0   5   0   0   1   6   3   0   0   1  0.72 0.51
  132 K    1 -1 -1 -2 -5  0  0 -2 -1 -4 -2  5  0 -4 -2 -2  2 -5 -2 -3   14   3   3   2   0   4   4   3   1   1   4  37   3   1   2   2  13   0   1   2  0.54 0.45
  133 A    5 -2 -3 -4 -3 -3 -2 -1 -4 -1 -3  0  0 -4 -1 -1  1 -3 -1  1   50   3   1   1   0   1   2   3   0   3   2   5   2   1   2   3   8   0   3  10  0.67 0.52
  134 E    0  0  0  1 -4  2  3  0  0 -3 -4  2 -3 -4 -2  0  1 -5 -2 -1    9   4   4   9   0   9  19   8   2   1   1  14   0   0   1   8   7   0   1   4  0.30 0.29
  135 E    1  0  0  3 -6  2  4 -2  0 -6 -5  1 -5 -6 -2  0 -1 -2 -4 -5   11   5   4  14   0   9  32   3   2   0   0   7   0   0   1   7   3   1   1   0  0.63 0.48
  136 A    5 -5 -3 -4 -3 -3 -1 -2 -3 -2 -2 -2 -1 -3 -5 -2  2 -6 -1  1   52   0   1   1   0   1   4   3   1   1   5   2   2   1   0   2  11   0   2  11  0.81 0.59
  137 K    1  0 -1 -2 -5  1  0 -1 -1 -3 -4  5 -1 -4 -5  0 -1 -4  1 -2   13   4   2   1   0   5   6   4   1   1   1  44   1   1   0   6   3   0   5   2  0.70 0.52
  138 E   -2 -2  0  5 -7  2  4 -1 -1 -5 -6  0 -4 -7 -2 -2 -3 -7 -4 -4    4   2   3  37   0   8  28   4   1   0   0   5   0   0   2   3   1   0   1   1  1.00 0.64
  139 K    2  0 -2 -1 -4  1  2 -1 -2 -2 -3  3  0 -3 -2  0  1 -4  0 -2   20   4   1   3   0   5  12   5   0   2   2  19   2   1   1   6   9   0   4   2  0.28 0.30
  140 A    5 -2 -5 -3 -4 -3 -3 -1 -5  0 -1 -2 -2 -4 -2 -1  2 -6 -5  2   48   2   0   1   0   1   1   4   0   4   6   2   1   0   2   3  11   0   0  13  0.70 0.53
  141 A    3  0 -1  0 -2  1  1  0 -2 -4 -4  2 -1 -4 -2  2 -1 -5 -1 -1   23   4   2   4   1   7   9   8   1   0   1  15   1   0   1  14   2   0   2   5  0.31 0.31
  142 Q   -1  1 -1  3 -5  3  3 -1  1 -5 -5  2 -4 -6 -2  1 -1 -6 -5 -3    4   6   2  18   0  11  21   4   3   0   1  11   0   0   2  10   4   0   0   1  0.55 0.42
  143 K    2 -1 -2 -1 -4  1 -1 -1 -2 -2 -1  4  0 -4 -2 -1  2 -2 -2 -1   20   2   1   2   0   5   4   5   1   1   5  26   2   0   2   3  13   1   2   4  0.34 0.34
  144 A    4 -2 -3 -4 -3 -2  0 -2 -2 -2 -2  1  0 -3 -4  0  2  1 -2  0   41   2   1   1   0   2   5   3   1   2   3   9   2   1   0   5  11   2   1   7  0.49 0.42
  145 E    1 -1 -1  2 -5  3  4  0 -2 -4 -4  0 -2 -4 -1  0 -1 -2 -3 -3   10   3   3  12   0  13  24   8   1   0   1   6   1   0   3   7   4   1   1   1  0.43 0.37
  146 E    1  0  0  2 -5  2  3 -2 -1 -5 -4  1 -2 -3 -2  1  1 -3 -2 -3   15   4   3  11   0   9  23   2   1   0   1   8   1   1   1   9   8   0   2   2  0.40 0.36
  147 T    4 -3 -3 -3 -4 -3 -2 -2 -3 -1 -1 -1  0 -3 -4 -1  3 -2 -2  2   39   1   1   1   0   1   3   3   1   4   6   3   3   1   0   4  18   0   1  12  0.57 0.47
  148 K    1  1 -2 -2 -5  0  1 -1 -4 -3 -3  5 -1 -5 -2  0  0 -3 -1 -1   14   6   2   2   0   4   8   5   0   1   2  36   2   0   2   5   5   0   2   4  0.49 0.42
  149 E   -1  0  1  5 -6  3  4 -2  0 -6 -6 -1 -5 -7 -3 -1 -1 -7 -6 -4    4   4   5  28   0  11  28   4   2   0   0   3   0   0   1   4   4   0   0   1  0.85 0.58
  150 K    1  1 -2 -1 -5  1  0 -2 -1 -3 -4  5 -3 -4 -3 -1  0 -3 -1 -1   11   7   2   3   0   5   5   3   1   1   1  42   0   0   1   5   6   0   2   4  0.63 0.48
  151 A    5 -1 -4 -3 -4 -2 -2 -2 -5  0  0 -2  1 -2 -3 -1  2 -3 -3  1   45   3   0   2   0   1   2   2   0   4   8   2   3   1   1   4  11   0   1  10  0.58 0.48
  152 G    1 -1 -1  0 -4  1  2  2  0 -4 -4  1 -3 -4 -2  2  0 -5 -3 -2   14   3   2   5   0   5  16  15   2   1   1  10   0   1   2  14   6   0   1   3  0.30 0.30
  153 E   -2 -1  0  3 -6  2  5 -2  0 -4 -5  0 -3 -6 -3 -1 -2 -6 -3 -4    3   3   4  17   0   8  41   4   2   1   1   6   1   0   1   5   2   0   1   1  0.84 0.58
  154 Y    3 -1 -2 -2 -4 -1  0  0 -1 -1 -1  1  1 -1 -2 -1  2 -2  2  1   25   2   1   1   0   2   6   6   1   3   4   9   4   2   2   2  14   1   7   9  0.20 0.26
  155 K    3  0 -3 -2 -4 -1  0 -1 -4 -2 -3  4  0 -3 -3 -1  1  1 -3  0   23   5   1   1   0   2   6   5   0   1   2  26   2   1   1   3   9   2   1   8  0.40 0.38
  156 N    0 -1  1  4 -4  1  3 -1 -1 -4 -5  1 -5 -4 -4  0 -1 -6 -4 -4    8   2   6  28   0   6  20   4   2   1   0   9   0   1   0   8   3   0   0   1  0.62 0.46
  157 Y    2 -1 -1  1 -4  1  2 -2 -1 -4 -3  2 -2 -1 -2  0  1 -4  1 -2   23   3   2   7   0   7  13   2   1   0   1  13   1   3   1   7   8   0   6   2  0.29 0.31
  158 T    5 -3 -5 -5 -4 -3 -2 -2 -3 -2 -2 -2 -1 -4 -2 -2  2 -6 -3  2   48   1   0   0   0   1   2   3   1   2   4   2   2   0   1   2  15   0   1  14  0.80 0.60
  159 A    2 -1 -2 -2 -2  0  1  0 -2 -3 -4  3 -2 -5 -1  1  0 -5 -1  0   21   3   1   2   1   4   9   7   1   1   1  22   1   0   2  10   7   0   2   7  0.33 0.34
  160 Q   -1 -1  0  4 -4  4  5 -2 -1 -6 -6 -1 -5 -5 -3 -1 -2 -6 -3 -5    5   3   4  20   0  18  33   3   1   0   0   3   0   0   1   5   3   0   1   1  0.87 0.61
  161 K    0  1 -2 -3 -6  0  0 -3 -2 -2 -3  6 -1 -3 -3 -1  0 -6  0 -2    8   6   2   1   0   4   5   2   1   2   2  48   2   1   1   4   6   0   3   2  0.78 0.55
  162 A    5 -2 -3 -4 -4 -1 -4 -2 -5 -1 -1 -1 -1 -3 -3 -1  1 -3 -3  1   52   2   1   1   0   3   1   3   0   3   6   3   1   1   1   3   9   0   1  10  0.76 0.57
  163 G    1  0 -1  0 -5  2  2  2 -2 -4 -3  2 -3 -4 -4  1 -1 -5 -1 -2   11   4   2   5   0   9  16  16   1   0   2  14   0   0   0  11   3   0   3   2  0.35 0.33
  164 E   -1 -1 -1  3 -6  2  5 -2 -1 -5 -5  0 -5 -5 -3  0 -4 -6 -3 -5    4   3   2  16   0  10  44   3   1   1   1   6   0   0   1   6   1   0   1   0  0.96 0.64
  165 A    4 -3 -2 -3 -4 -3 -1 -1 -3 -1 -1 -1  2 -3 -4 -2  2 -1 -1  1   42   1   1   1   0   1   4   4   1   2   5   4   5   1   0   1  13   1   2  11  0.55 0.46
  166 K    2  0 -3 -3 -5 -1  0 -1 -2 -3 -3  5 -1 -3 -3 -1  1  1  0 -2   19   4   1   1   0   2   5   4   1   1   3  37   1   1   1   3   9   2   3   3  0.58 0.47
  167 D   -1 -1  0  5 -6  1  4 -3 -3 -6 -5 -1 -3 -3 -3 -1 -2 -2 -4 -5    6   3   3  33   0   6  30   2   0   0   1   3   1   1   1   5   3   1   0   1  0.89 0.59
  168 T    2 -1  0  1 -4  1  1 -2 -1 -3 -3  2 -1 -3 -2  1  2 -1  0 -2   17   3   5   6   0   5  11   2   1   1   2  11   1   0   2  11  14   1   3   2  0.24 0.27
  169 T    4 -2 -3 -5 -4 -3 -2 -2 -5 -1 -2 -2 -1 -3 -2 -1  3 -6 -5  2   41   2   1   0   0   1   2   2   0   4   3   2   2   1   2   3  20   0   0  15  0.72 0.54
  170 L    1  0 -1 -1 -4  0  1  0 -1 -1 -2  3  0 -3 -3  0  0 -3 -1  0   15   3   2   2   0   5   8   7   2   3   3  24   2   0   1   8   4   0   2   9  0.22 0.25
  171 G    0  0  0  3 -5  2  3  1  0 -6 -6  1 -5 -6 -2  0 -2 -6 -4 -4    9   5   4  20   0  10  21  12   2   0   0   7   0   0   2   6   2   0   0   0  0.54 0.42
  172 K    1  0 -2 -3 -5  0  0 -2  0 -3 -4  6 -1 -6 -4 -1  1 -3 -1 -1   13   3   2   1   0   3   5   3   2   2   1  45   1   0   0   3   8   0   2   5  0.74 0.54
  173 A    4 -1 -3 -4 -4 -3 -3 -1 -5 -1 -1 -1  0 -3 -2 -1  1 -2 -2  2   43   3   1   1   0   1   1   4   0   3   5   4   3   1   2   3   9   0   1  15  0.55 0.46
  174 G    1 -1 -1  0 -4  2  2  2  0 -3 -3  1 -3 -3 -3  1  0 -4 -1 -1   13   3   3   5   0   8  14  19   2   1   2   7   0   1   0   9   6   0   2   4  0.25 0.26
  175 E   -2 -2  0  4 -7  1  5 -3 -2 -3 -5  1 -5 -6 -2  0 -3 -2 -3 -5    4   2   3  20   0   5  42   2   1   2   1   8   0   0   2   7   1   1   1   0  0.93 0.63
  176 Y    4 -2 -4 -1 -4 -2 -1 -1 -3 -2 -1 -1  1 -3 -2 -1  2 -2  1  1   37   2   0   3   0   1   3   5   1   2   6   4   4   1   1   2  12   1   5  11  0.41 0.38
  177 K    2  1 -2 -3 -3 -1  1 -2 -3 -2 -3  4 -1 -3 -3 -1  1  0 -1 -1   19   6   1   1   1   2   8   3   0   2   2  32   1   1   1   4   8   1   3   5  0.46 0.40
  178 D   -2  0  1  5 -6  1  3  0 -2 -5 -6  0 -5 -6 -2 -2 -1 -6 -4 -4    3   5   7  34   0   5  22   6   1   1   0   6   0   0   2   3   3   0   0   1  0.81 0.54
  179 Y    2  0 -1 -1 -3  0  1 -2  0 -2 -2  2 -1 -1 -2  1  1 -2  1 -1   22   5   2   3   0   3   8   2   3   2   2  14   1   2   2   9  10   0   7   4  0.20 0.24
  180 A    5 -4 -3 -3 -5 -4 -2 -3 -6 -2 -3 -3 -2 -4 -2 -2  1 -7 -6  2   56   0   1   1   0   1   3   1   0   2   2   1   1   1   2   2  10   0   0  15  1.01 0.69
  181 A    2  0 -2 -1 -3  2  2 -1 -1 -3 -3  3 -1 -5 -4  1  0 -3 -1 -1   20   3   1   2   0   8  11   4   1   1   1  23   2   0   0   9   5   0   2   5  0.37 0.36
  182 Q   -1 -1  0  4 -6  3  5 -1 -4 -5 -5  1 -5 -7 -3 -1 -2 -7 -6 -5    5   4   4  22   0  14  33   4   0   0   0   7   0   0   1   4   2   0   0   1  0.87 0.60
  183 K    1 -1 -1 -2 -5  0  0 -1 -1 -3 -2  5 -1 -4 -3 -2  1 -6 -3 -2   12   2   2   2   0   3   4   5   1   1   4  44   1   1   1   3   9   0   1   3  0.67 0.51
  184 A    4 -2 -3 -4 -4 -2 -2  0 -3 -1 -1 -1  0 -3 -1  0  2 -1 -2  1   41   2   1   0   0   1   3   5   0   3   6   4   3   1   2   5  11   1   1   9  0.46 0.41
  185 A    1  1  0  1 -4  1  3  1 -1 -3 -4  1 -2 -2 -2  1  0 -5 -1 -2   13   6   4   6   0   7  19  11   1   1   0  10   1   2   1   8   5   0   2   3  0.28 0.28
  186 E    0  0  0  3 -6  3  4 -2  0 -4 -6  1 -4 -5 -2  0 -2 -6 -3 -4    8   5   3  15   0  11  34   3   3   1   0   7   0   0   2   5   1   0   1   1  0.66 0.50
  187 A    5 -3 -4 -3 -4 -2 -1 -1 -5  0 -2 -3  1 -5 -3 -1  1 -2 -2  2   48   1   0   1   0   1   4   4   0   5   3   1   3   0   1   2   9   1   1  12  0.70 0.53
  188 K    1  1 -3 -2 -5 -1  0 -1 -3 -3 -3  5  0 -4 -2 -1  0 -2  0 -2   13   7   1   1   0   2   6   5   0   1   2  42   2   0   2   4   5   1   3   3  0.63 0.48
  189 D    0 -1  0  5 -6  1  4 -1 -1 -6 -5  0 -5 -6 -2 -1 -3 -6 -5 -4    7   2   4  32   0   7  25   6   2   0   1   5   0   0   2   4   1   0   0   1  0.81 0.54
  190 T    3 -1 -1 -1 -4  1  1 -2 -3 -2 -2  3  0 -2 -4  1  2 -1  0 -2   24   3   2   3   0   5   7   3   0   2   3  17   3   2   0   9  11   1   4   2  0.29 0.31
  191 T    4 -2 -3 -3 -4 -2 -2 -1 -5  0 -1 -1 -1 -3 -2 -1  2 -5 -4  2   41   2   1   2   0   2   2   4   0   4   5   3   1   1   2   3  15   0   0  12  0.54 0.45
  192 A    2  0 -1  0 -4  1  2 -1  0 -2 -3  2 -1 -3 -3  1  1 -4  0 -1   17   3   2   4   0   6  13   5   2   1   1  15   1   0   1  11   9   0   4   4  0.25 0.27
  193 Q   -1  0  0  3 -6  2  4  0  0 -5 -5  0 -3 -6 -3 -1 -2 -6 -4 -4    6   5   4  19   0  10  31   6   2   1   1   6   0   0   1   5   2   0   1   1  0.66 0.48
  194 K    2 -1 -2 -3 -4 -1  0 -1 -3 -2 -1  4  0 -2 -2  0  1 -5 -1 -1   21   2   2   1   0   2   4   3   0   1   5  31   3   1   1   6   7   0   3   5  0.42 0.38
  195 A    5 -1 -3 -3 -4 -2 -1  0 -3 -3 -2  1  0 -2 -3 -1  0 -2 -2  1   47   4   0   2   0   1   5   6   0   1   4   7   2   2   1   3   5   0   2   9  0.57 0.46
  196 A    1  0  0  1 -3  1  3  1  0 -4 -4  1 -3 -3 -4  1  0 -5 -3 -2   11   5   4   8   0   6  23  12   2   1   1   8   0   1   0   9   6   0   0   3  0.33 0.31
  197 E    1  0 -1  2 -5  2  4 -2 -1 -4 -5  1 -4 -3 -2  0  0 -5 -2 -3   10   4   3   9   0  10  34   2   1   0   1  10   0   1   1   5   5   0   1   2  0.59 0.45
  198 A    5 -4 -3 -3 -4 -2 -2 -2 -4  0 -2 -2  1 -4 -2 -1  1 -6 -3  1   53   1   1   1   0   1   2   3   0   4   4   2   3   0   2   3   9   0   1   9  0.78 0.56
  199 K    1  1 -3 -1 -3  1  1 -1 -2 -3 -4  5 -1 -4 -2 -1 -1 -2 -1 -3   14   6   0   2   1   7   7   5   1   2   1  37   2   1   1   5   4   1   2   2  0.54 0.44
  200 E   -2 -1 -1  5 -6  2  4 -2  1 -6 -5  0 -5 -6 -2 -1 -2 -6 -5 -4    3   3   2  29   0   9  32   3   4   0   1   4   0   0   2   4   2   0   0   1  0.90 0.58
  201 K    2  0 -1 -2 -5  0  0 -1 -4 -3 -3  5 -2 -4 -2  0  1 -3 -1 -1   16   5   2   2   0   4   6   4   0   1   2  34   1   0   1   7   9   0   2   4  0.48 0.41
  202 T    4 -3 -3 -3 -4 -1 -2 -1 -5  0 -1 -3  0 -3 -3 -1  3 -3 -4  2   35   1   1   1   0   2   3   4   0   4   6   1   2   1   1   4  19   0   0  15  0.52 0.44
  203 G    1  0 -1  0 -4  0  2  2 -1 -3 -3  2 -3 -3 -2  1  0 -3 -2 -1   13   5   3   4   0   3  12  17   1   1   1  17   0   1   2   9   5   0   1   4  0.27 0.26
  204 E   -1 -2 -2  3 -4  2  5 -1  0 -6 -6 -1 -5 -6 -3  1 -1 -6 -4 -5    4   2   2  15   0  10  41   5   2   0   0   4   0   0   1   9   4   0   0   1  0.86 0.59
  205 Y    3 -2 -2 -4 -4 -2  0  0 -3 -2 -2  1  1 -2 -2 -1  3  0  0  0   31   1   2   0   0   2   5   8   0   2   4   8   4   1   1   3  17   1   4   6  0.34 0.35
  206 K    3  0 -2 -2 -4  0 -1 -2 -3 -3 -2  4  0 -2 -2 -1  1  3 -2  0   25   4   1   2   0   3   3   3   0   1   3  27   2   2   1   4   7   4   1   7  0.41 0.38
  207 D   -1 -1  1  4 -6  2  4  0 -3 -4 -4 -1 -3 -4 -3  0 -1 -6 -4 -3    6   3   5  24   0  11  26   6   0   1   1   2   1   1   1   7   3   0   0   2  0.61 0.46
  208 Y    2  0  0  1 -3  0  2 -1  1 -2 -2  1 -1 -2 -1  1  1 -1  0 -1   18   5   4   6   0   4  13   3   3   1   4   8   1   2   2   9   9   1   4   3  0.15 0.18
  209 A    5 -3 -4 -5 -4 -2 -1 -1 -5 -2 -2 -1 -3 -4 -3 -1  1 -2 -4  1   50   1   0   0   0   1   4   5   0   2   4   4   0   1   1   3  10   1   0  12  0.73 0.56
  210 A    3  0 -1 -1 -3  1  1  0 -3 -3 -4  3 -2 -5 -3  1  0 -3  0 -2   23   3   2   3   0   7  10   8   0   1   1  21   1   0   1   8   5   0   3   3  0.35 0.34
  211 Q   -1  0 -2  3 -6  3  4 -2  0 -5 -4  1 -5 -6 -2  0 -1 -6 -5 -4    4   5   1  19   0  11  32   3   2   0   2   7   0   0   2   6   3   0   0   1  0.70 0.51
  212 K    1 -1 -1 -2 -5  1  0 -2 -3 -2 -3  5  0 -3 -4 -1  1 -2 -1 -1   10   2   2   2   0   7   5   3   0   2   1  40   2   1   0   3  10   1   2   5  0.57 0.46
  213 A    5 -2 -4 -4 -4 -3 -1 -1 -3 -1 -1 -1 -1 -3 -2 -1  1 -3 -3  2   46   2   0   1   0   0   5   4   0   4   5   3   1   1   1   4  10   0   0  12  0.61 0.49
  214 A    2  0 -1  0 -4  0  2  1 -1 -3 -4  2 -2 -3 -2  0 -1 -4  0 -1   17   5   2   5   0   5  16  12   2   1   1  12   1   1   1   8   4   0   4   5  0.24 0.26
  215 E    0 -1 -1  4 -6  2  5 -1  0 -5 -5  0 -4 -6 -3  0 -2 -6 -4 -3    6   3   2  19   0   8  35   5   2   0   1   6   0   0   1   6   2   0   0   1  0.73 0.52
  216 A    4 -3 -3 -2 -4 -2 -1  0 -4  0 -2  0 -1 -3 -2  0  2 -5 -2  1   39   1   0   2   0   1   4   6   0   4   3   6   2   1   1   4  12   0   2  11  0.45 0.40
  217 K    2 -1 -2 -1 -5  0 -1  0 -3 -2 -3  5 -1 -3 -1 -1  1 -2 -2 -1   17   2   1   3   0   3   4   6   0   2   3  35   2   1   2   3   9   1   1   4  0.46 0.40
  218 V   -1  0  0  5 -6  1  4 -1 -1 -4 -5  1 -5 -6 -3 -1 -2 -6 -3 -2    6   4   3  29   0   7  26   5   1   1   1   7   0   0   1   4   2   0   1   3  0.69 0.49
  219 L    2  0 -1  0 -4  0  2 -1 -1 -2 -2  2  0 -1 -2  0  1 -4  0 -2   21   3   2   5   0   4  12   3   1   3   3  15   2   2   1   7   8   0   4   2  0.20 0.24
  220 A    5 -2 -4 -4 -4 -2 -1 -2 -4 -2 -2 -1 -2 -3 -3  0  2 -5 -3  2   46   2   0   1   0   2   3   3   0   2   3   3   1   1   1   5  11   0   1  14  0.67 0.52
  221 A    2  0 -2 -1 -4  1  1  0 -2 -4 -3  3 -2 -4 -2  1  1 -5  0 -2   18   5   1   3   0   6  11   7   0   0   3  21   1   0   1   9   7   0   3   3  0.31 0.31
  222 Q   -2  0  0  4 -3  3  4 -2  0 -6 -5  1 -3 -6 -2 -1 -1 -3 -5 -4    2   4   4  27   0  11  25   4   2   0   1   8   1   0   1   5   3   0   0   1  0.74 0.51
  223 K    2  0 -1 -1 -3  0  0 -1 -3 -2 -2  4  0 -4 -3 -2  1 -5 -3 -1   19   4   3   4   1   4   5   4   1   2   3  33   2   1   1   2   9   0   1   4  0.46 0.39
  224 A    4 -1 -3 -3 -2 -1  0 -1 -4 -2 -2  0  1 -3 -1  0  1  0 -2  2   38   3   1   1   1   2   5   4   0   2   3   5   3   0   2   7   8   1   1  13  0.40 0.37
  225 A    2 -1 -1  1 -4  1  2  1  0 -3 -3  1 -2 -3 -3  1  0 -4 -1 -1   16   3   3   9   0   5  17  11   2   1   1   7   1   1   1   9   6   0   2   3  0.25 0.25
  226 E    0  0  0  3 -5  1  4 -1 -1 -3 -4  1 -2 -3 -2  0 -1 -5 -2 -2    7   4   4  14   0   7  29   4   1   2   1   8   1   1   2   7   3   0   1   3  0.42 0.34
  227 A    4 -2 -2 -3 -3 -1 -1  0 -4 -1 -1  0  0 -2 -3  0  1 -4 -2  1   41   1   2   1   0   3   4   6   0   2   6   7   2   2   1   4   7   0   1   9  0.42 0.36
  228 K    1  1 -1 -1 -4  1  1  0 -1 -3 -3  5 -2 -3 -3 -1 -1 -2 -1 -2   13   5   2   4   0   6   8   6   1   1   2  34   1   1   1   4   4   0   2   3  0.44 0.35
  229 D    0  0 -1  4 -1  1  3 -1 -1 -2 -3  0 -4 -4 -1  0 -1 -4 -2 -2    6   4   3  24   1   6  20   4   1   2   2   5   0   0   2   8   4   0   1   4  0.40 0.32
  230 T    1  1 -1  0 -3  0  1 -1 -2 -1 -1  1  1 -2 -1  1  1  0  0  0   16   6   3   4   0   5   8   4   0   3   5   9   4   1   2   8   8   1   3   8  0.08 0.12
  231 T    2  0 -2 -1 -3  0  0  0 -1  0 -1  0  0 -1 -2  1  1  0 -2  1   23   4   0   2   0   5   5   5   1   5   5   6   3   2   2   9  10   1   1  10  0.13 0.18
  232 G    0 -1 -1  2 -4  1  2  1  0 -3 -2  1 -2 -2 -1  1  0 -4  0 -2    8   2   2  10   0   5  17  13   2   1   4   9   1   1   3  10   5   0   3   3  0.20 0.21
  233 K    1  0  0  1 -4  2  2 -1 -1 -3 -3  3 -1 -3 -3  1 -1 -1 -2 -2   10   4   4   7   0   8  14   4   1   1   1  22   2   1   0  10   3   1   1   3  0.31 0.30
  234 D    4 -2 -1 -2 -2 -1  0 -1 -4 -1 -1  0  0 -1 -2 -1  1  0 -2  1   35   2   2   2   1   3   5   3   0   2   5   7   2   3   2   4   9   1   1  10  0.29 0.30
  235 G    1  0  0  0 -1  1  1  2  0 -2 -2  2  0 -2 -1  0 -1  1 -2 -1   12   4   3   4   2   5   8  15   2   2   3  15   3   2   2   7   4   2   2   4  0.16 0.17
  236 E    0 -1  0  2 -5  1  4  0  0 -3 -3  0 -1 -2 -1 -1 -2  0 -2 -2    7   3   4  13   0   7  29   7   2   2   2   5   1   2   3   5   3   2   2   3  0.40 0.34
  237 Y    2 -1 -1  0 -3 -1  0 -1 -1  0 -1  1  1 -1 -3  0  2  0  0  1   16   3   2   5   0   3   7   5   2   5   4   8   4   2   0   6  15   2   3   9  0.12 0.17
  238 K    3 -1 -3 -1 -4  0 -1 -1 -4 -1 -1  3  1 -1 -1 -1  0 -4  0  0   24   3   0   3   0   5   4   5   0   3   5  18   4   2   3   4   7   0   4   5  0.26 0.27
  239 D    0  0 -1  3 -3  1  3  0 -1 -3 -3  2 -4 -5 -2  1 -1 -5 -2 -3    8   4   2  19   1   6  22   6   2   1   2  11   0   0   1   8   3   0   2   1  0.43 0.34
  240 Y    1  0  0  2 -4  1  2  0 -1 -3 -3  1  0 -3 -2  0  0 -1  0 -2   14   5   3  10   0   7  17   8   1   1   1   8   2   1   2   8   5   1   4   2  0.22 0.23
  241 A    4 -3 -3 -1 -4 -2 -2 -1 -3 -1 -2  0  0 -2 -1 -2  2 -2 -2  1   40   1   1   3   0   1   3   4   1   4   4   5   3   2   3   2  11   1   1  12  0.48 0.41
  242 A    2 -1 -2 -1 -2  0  0  0 -2 -1 -2  3  0 -3 -3  0  0  1  0  0   23   3   2   3   1   4   6   8   1   3   3  19   3   1   1   5   5   2   3   7  0.22 0.25
  243 Q   -1  0  1  3 -3  2  4 -1 -1 -4 -4  1 -5 -5 -2  0 -1 -1 -2 -3    4   4   6  18   0   9  26   5   1   1   1   8   0   0   2   6   4   1   1   2  0.52 0.41
  244 K    1  0 -1  0 -5  1  2  0 -2 -5 -3  4 -3 -4 -2  1  0 -5 -2 -3   10   4   3   4   0   5  11   8   1   0   2  29   1   1   2   8   7   0   2   2  0.42 0.37
  245 A    5 -5 -3 -4 -5 -3 -2 -1 -5  0 -2 -2  0 -2 -4 -1  1 -6 -2  1   47   0   1   1   0   1   2   4   0   6   4   2   3   2   1   4   9   0   1  11  0.72 0.53
  246 A    1  1 -1  0 -2  0  2  1 -2 -3 -3  3 -2 -3 -3  1  0 -5 -2 -1   12   7   3   4   1   4  16  10   1   1   2  17   1   1   1  11   5   0   1   4  0.26 0.26
  247 E   -1 -2  0  3 -6  2  4  0 -1 -6 -4  2 -2 -6 -2 -1 -2 -2 -5 -3    4   2   4  17   0   8  31   8   1   0   1  12   1   0   2   4   2   1   0   2  0.66 0.49
  248 A    3 -1 -2  0 -4 -1 -1  0 -2 -1 -1  1  1 -3 -3 -1  2 -2 -2  1   30   2   1   5   0   2   4   5   1   3   6   8   3   1   1   4  13   1   2  10  0.28 0.30
  249 K    3  0 -1 -3 -5  0 -1  0 -2 -2 -2  4  0 -3 -2 -1  1  1 -2 -1   22   4   2   1   0   3   3   6   1   2   3  27   3   1   2   4   8   2   2   4  0.38 0.36
  250 D   -1 -1  1  4 -6  1  4  1 -1 -4 -5  0 -5 -4 -3 -1 -2 -2 -5 -3    5   4   6  28   0   5  24   9   2   1   1   5   0   1   1   4   2   1   0   2  0.66 0.48
  251 A    3  0 -1  0 -4  0  1 -1 -1 -2 -3  3 -2 -5 -4  0  1 -1 -1 -2   24   6   3   6   0   4  10   4   1   2   1  17   1   0   0   7   8   1   3   2  0.32 0.32
  252 T    4 -2 -3 -3 -4 -2 -1 -2 -5 -2 -2 -1  0 -2 -1 -2  3 -3 -2  2   37   2   1   1   0   1   4   3   0   2   4   3   2   2   3   2  18   0   1  15  0.55 0.46
  253 M    2  0 -2 -2 -4  1  0  0 -1 -2 -1  3 -1 -3 -2  0 -1 -4 -1  1   19   6   1   1   0   5   6   7   1   2   5  21   2   1   1   7   4   0   2   9  0.23 0.25
  254 Q    0  0  1  3 -5  2  4  0  0 -4 -6  1 -5 -6 -2  1 -2 -6 -4 -4    6   4   5  18   0   8  26   6   2   1   0   7   0   0   2  11   2   0   1   1  0.57 0.44
  255 K    2 -1  0 -1 -3  0  0  0 -1 -2 -4  4 -1 -2 -3  0  1 -5 -3 -1   15   3   4   4   1   3   7   6   1   2   1  32   1   2   1   5   8   0   1   4  0.42 0.37
  256 T    4 -3 -3 -3 -4 -3 -1 -1 -5 -1 -1 -1  1 -3 -2  0  1 -5 -2  2   41   1   1   1   0   1   4   4   0   3   6   3   3   1   2   5   9   0   2  15  0.52 0.44
  257 G    1 -1 -1  0 -4  1  2  2 -2 -4 -3  2 -2 -3 -3  1  0  0 -2 -1   12   3   2   5   0   7  16  16   1   0   1  11   1   1   1   9   6   2   2   5  0.28 0.28
  258 E    0 -1 -1  2 -6  2  5 -1  0 -4 -6  1 -2 -6 -1 -1 -1 -6 -4 -4    7   2   3  12   0  11  36   4   2   1   0  10   1   0   3   4   3   0   1   1  0.69 0.51
  259 Y    3 -2 -2 -1 -2  0 -2  0 -2 -1 -2  0 -1 -3 -3  0  2 -2  1  1   31   1   1   3   1   4   2   6   1   3   4   7   2   1   1   5  14   0   5  10  0.30 0.32
  260 K    3  0 -2 -2 -5 -1  0 -1 -4 -2 -3  4 -2 -4 -3 -1  1 -5 -1  0   28   4   1   2   0   2   5   5   0   2   2  26   1   1   1   4   8   0   3   7  0.45 0.40
  261 D    0 -2  1  5 -6  1  3 -1  0 -6 -6  1 -5 -6 -3  0 -1 -4 -3 -4    7   2   6  30   0   6  21   4   2   0   0   8   0   0   1   6   4   0   1   1  0.72 0.51
  262 Y    2  0 -1  0 -4  1  2 -1 -1 -3 -2  1  0 -1 -2  1  1 -2  2 -2   16   4   2   6   0   5  13   4   1   1   3  10   2   3   1   9   9   0   8   3  0.18 0.22
  263 A    4 -3 -4 -3 -4 -1 -1 -1 -2 -1 -1  0 -2 -2 -2 -1  2 -2 -3  1   41   1   0   1   0   2   4   5   1   3   5   6   1   2   2   2  12   1   0  12  0.51 0.44
  264 A    3 -1 -2 -3 -3  1  1  0 -3 -3 -3  3 -2 -3 -2  0 -1  0 -1  0   24   3   2   1   0   6   9   6   0   1   1  22   1   1   2   7   3   1   2   6  0.35 0.35
  265 Q    0 -1  1  4 -3  3  4 -1 -1 -6 -5  0 -5 -6 -2  0  0 -6 -4 -4    7   4   5  20   1  11  26   6   1   0   0   5   0   0   2   7   5   0   0   1  0.61 0.47
  266 K    1  0 -2 -1 -5  0  1 -2  0 -3 -3  5 -1 -5 -1 -1  1 -3 -2 -2   13   4   2   4   0   4   8   3   3   1   3  36   2   0   3   4   8   0   1   3  0.50 0.42
  267 T    5 -4 -5 -4 -4 -2 -1 -2 -5 -1 -1 -1  1 -2 -3  0  1  0 -5  2   48   1   0   1   0   1   4   3   0   2   5   4   3   2   1   5   7   1   0  12  0.69 0.53
  268 A    1  0  0  1 -4  1  2  0  0 -3 -3  1 -1 -3 -2  1  1 -4 -1 -1   13   4   4   7   0   6  14   9   3   1   1  10   1   1   2  10   8   0   2   5  0.19 0.21
  269 E    0 -1  0  3 -6  2  4 -1 -1 -4 -5  2 -5 -4 -3 -1 -1 -6 -3 -5    9   2   4  19   0   8  29   6   1   1   0  10   0   1   1   4   3   0   1   1  0.64 0.48
  270 T    4 -3 -3 -1 -4 -2  1 -1 -3 -1 -2  0  0 -3 -4 -1  2 -5 -2  2   34   1   1   3   0   1   9   5   0   3   3   5   3   1   0   4  14   0   2  13  0.43 0.40
  271 K    3  0 -3 -4 -3 -1  0 -2 -2 -2 -3  5 -2 -2 -2 -1  0 -1 -1 -1   25   3   1   1   1   2   6   2   1   2   3  33   1   1   1   4   6   1   2   5  0.55 0.45
  272 D    0  0  0  3 -4  1  2 -1  1 -1 -2  0 -3 -1  0  0  0 -4  0 -1    6   5   5  20   0   6  12   5   3   3   3   4   0   3   4   5   7   0   3   4  0.19 0.19
  273 A    1  0  0  0 -3  0  0 -1  1 -1 -1  1  1 -1  0  0  0 -3  0 -1   17   4   4   7   0   5   7   4   3   3   4  10   5   3   3   6   6   0   4   5  0.07 0.11
  274 T    4 -2 -2 -1 -3 -2 -1 -1 -1  0 -1 -2  0 -1  0  0  2 -4 -2  1   35   1   2   3   0   2   3   3   1   4   5   2   2   2   4   4  13   0   1  11  0.32 0.33
  275 M    1  0 -1 -2 -3  2  1  0 -1 -1 -2  2  0 -3 -2  1  0 -1 -1 -1   15   3   3   1   0   8   9   6   1   3   3  17   3   0   2  12   5   1   2   5  0.18 0.23
  276 E    0 -1  1  3 -2  2  4 -1 -1 -3 -4  0 -4 -5 -1  0 -1 -5 -2 -2    8   2   5  15   1   9  29   4   1   2   1   5   0   0   3   6   4   0   1   2  0.46 0.38
  277 K    0  0  0  0 -3  0  0 -1  1  0 -1  0  1  0  0  0  0  3  1  0    5   5   5   5   0   5   5   5   5   5   5   5   5   5   5   5   5   5   5   5  0.06 0.08
  278 A    4 -2 -3 -3 -4 -2 -2 -1 -4 -1 -1  0  1 -2 -2  1  1  0 -3  1   39   2   1   1   0   1   2   5   0   3   5   5   3   2   1   8  11   1   1  11  0.42 0.39
  279 K    1  0 -1  0 -4  2  2  1 -1 -2 -3  2 -1 -2 -2  1  0 -1 -2 -2   14   5   3   5   0   8  15  10   1   2   2  13   1   1   1   9   5   1   1   3  0.21 0.23
  280 E    0 -1 -1  3 -2  1  4 -1 -1 -3 -5  1 -1 -5 -1  0 -1 -5 -5 -3    9   4   3  18   1   6  31   4   2   1   0   8   1   0   3   6   3   0   0   1  0.57 0.44
  281 Y    3 -2 -3 -2 -3 -1  0  0 -2  0 -1  0  1 -2 -2  0  2  0  0  1   30   2   0   2   0   2   5   6   1   4   5   7   3   1   1   4  11   1   3  10  0.23 0.27
  282 K    2 -1 -2 -2 -4  1  0  0 -3 -3 -2  3  0 -1 -2  0  1 -1  0 -1   19   2   1   2   0   5   5   6   0   1   3  24   2   2   2   7   9   1   3   5  0.25 0.28
  283 E   -1 -1  1  4 -5  1  4  0  1 -5 -3  0 -5 -5 -2 -1  0 -6 -2 -4    6   3   6  26   0   6  25   6   3   0   2   6   0   0   1   4   5   0   1   1  0.59 0.44
  284 Y    1  0  0  0 -4  1  1 -2 -1 -2 -2  2  0 -2 -2  1  1 -3  2 -2   13   4   5   4   0   8   9   3   1   2   2  14   3   1   1  10   9   0   8   2  0.18 0.23
  285 A    5 -3 -3 -3 -4 -3 -1 -1 -5 -1 -3 -1 -2 -3 -1 -2  2 -6 -5  1   50   1   1   1   0   1   4   5   0   3   2   4   1   1   3   1  11   0   0  11  0.73 0.56
  286 A    2  0 -1 -1 -4  0  1  0 -1 -3 -3  4 -1 -3 -3  0  1 -3 -1 -1   16   4   2   3   0   4   8   6   1   1   1  29   1   1   0   8   7   0   2   5  0.36 0.34
  287 Q    0 -1  0  3 -3  3  4 -1  0 -5 -5  0 -5 -6 -2  0 -1 -6 -2 -4    7   3   5  17   1  12  28   4   2   0   1   6   0   0   2   5   4   0   1   1  0.57 0.44
  288 K    2  1 -1 -1 -5  0  0 -1 -1 -3 -3  4 -1 -3 -2 -1  1 -1 -1 -1   16   6   2   3   0   3   7   5   2   1   2  32   2   1   1   3   7   1   2   3  0.39 0.36
  289 A    5 -2 -4 -3 -4 -3 -1 -1 -5 -1 -2  0  1 -3 -1 -1  1 -1 -3  1   46   2   0   2   0   1   3   5   0   4   4   5   4   1   2   3   9   1   1   9  0.57 0.47
  290 A    1  1  0  1 -4  1  3  1 -1 -3 -4  1 -2 -3 -3  1 -1 -3 -3 -1   14   6   3   8   0   5  20  11   1   1   1   9   1   1   1  10   3   0   1   4  0.29 0.28
  291 E    0  0  1  3 -5  2  4 -1 -2 -5 -5  0 -1 -6 -3 -1 -1 -6 -3 -3    9   4   6  14   0   9  33   5   0   0   0   6   2   0   1   5   4   0   1   2  0.60 0.46
  292 A    4 -2 -3 -3 -4  0 -1  1 -2  0 -1  0 -1 -4 -4 -1  1  0 -2  0   42   2   1   1   0   3   3   9   1   5   5   5   1   0   0   2  10   1   2   7  0.47 0.41
  293 K    2  0 -2 -3 -3  0  0 -1 -4 -5 -3  5 -1 -2 -2 -1  0  1  0 -1   19   4   2   1   0   3   5   5   0   0   2  36   1   2   1   4   5   2   3   4  0.54 0.45
  294 D   -1 -1  0  5 -6  1  4 -2 -1 -4 -6  0 -5 -6 -3 -1 -1 -6 -3 -3    5   2   3  34   0   5  26   3   1   1   0   6   0   0   1   5   3   0   1   2  0.84 0.55
  295 A    2 -1  0  0 -3  0  0 -1 -3 -2 -2  2 -1 -2 -3  1  2 -2 -1 -1   20   3   5   5   0   4   7   4   0   2   2  12   1   1   0  12  13   1   3   5  0.21 0.25
  296 T    4 -2 -3 -3 -2 -3 -2 -1 -4 -1 -1 -2  1 -3 -1 -1  2 -5 -2  2   36   2   1   1   1   1   2   4   0   4   4   3   3   1   3   4  15   0   1  16  0.47 0.40
  297 M    2  0 -2 -1 -2  1  1  0 -2 -2 -3  3  1 -3 -2  1  0 -2 -1  1   16   4   1   3   0   6   9   7   0   2   1  20   3   0   1   9   4   0   2   9  0.22 0.25
  298 Q    0 -1  1  3 -5  2  4 -1  0 -5 -6  0 -5 -6 -2  1 -2 -6 -3 -4    7   3   6  17   0   9  31   5   2   1   0   5   0   0   2   8   2   0   1   1  0.62 0.47
  299 K    1 -1 -2 -1 -5  0  1 -2 -1 -2 -3  5 -1 -4 -3 -1  1 -5 -2 -2   11   2   2   3   0   3   9   2   1   2   2  42   2   0   1   3   9   0   2   3  0.64 0.49
  300 T    5 -4 -4 -3 -3 -2 -2 -2 -3 -1  0 -1 -2 -3 -3 -1  2 -2 -4  2   46   0   0   2   0   1   3   2   1   2   8   3   1   1   1   3  11   1   0  14  0.64 0.50
  301 G    1  1  0  0 -4  2  2  2 -2 -4 -4  2 -4 -5 -3  0 -1 -3 -3 -2   13   6   3   4   0   8  15  17   0   0   1  14   0   0   1   8   4   0   1   3  0.35 0.32
  302 E   -1  0 -1  2 -5  2  5 -1 -2 -5 -5  2 -2 -6 -2  0 -1 -5 -4 -4    5   6   2  10   0   8  35   6   0   0   1  12   1   0   2   5   4   0   1   1  0.64 0.47
  303 Y    3 -2 -3 -3 -3  0  0  0 -2 -1 -1  0  1 -3 -3 -2  1  1  1  1   32   1   0   1   0   3   5   7   1   3   5   6   3   0   1   1  11   2   5  12  0.32 0.33
  304 K    3  0 -3 -3 -4 -1  0 -1 -2 -4 -3  4  0 -3 -4  0  1 -1  0 -1   27   3   0   0   0   2   6   5   1   0   2  28   2   1   0   6   8   1   3   3  0.50 0.43
  305 D   -1 -1  1  5 -6  0  4  0 -1 -5 -5 -1 -3 -6 -3 -2 -2 -6 -4 -3    6   3   5  33   0   4  29   6   1   1   1   3   1   0   1   3   2   0   0   2  0.86 0.57
  306 Y    2  0 -1  1 -4  0  1 -1 -2 -2 -2  2 -1 -2 -3  0  1 -1  2  0   22   5   3   7   0   3   8   4   0   2   2  11   1   1   0   7  10   1   8   6  0.20 0.24
  307 S    5 -2 -4 -2 -4 -3 -1 -1 -5 -1 -2 -2 -3 -4 -2 -2  2 -3 -3  2   47   2   1   2   0   1   3   4   0   4   3   2   0   1   2   2  13   0   1  12  0.69 0.53
  308 A    2 -1 -2 -1 -4  1  1  0 -2 -3 -3  4 -2 -3 -3  1 -1 -5 -2  0   21   2   1   2   0   5   9   6   1   1   2  24   1   1   0   9   4   0   1   8  0.35 0.34
  309 Q   -1 -2  0  3 -5  3  4  0 -1 -5 -5  1 -5 -6 -2  0 -1 -5 -4 -4    5   2   5  16   0  13  29   7   1   1   0   8   0   0   2   6   3   0   1   1  0.63 0.47
  310 K    2  0 -2 -2 -5  0  0 -2 -3 -3 -4  5 -2 -4 -3 -1  1 -3 -2 -3   14   3   2   2   0   3   7   3   0   1   1  45   1   1   1   4   8   0   1   1  0.76 0.54
  311 A    5 -2 -5 -3 -4 -4 -2 -1 -5 -2 -2 -2 -1 -3 -5 -1  1 -2 -3  1   54   2   0   1   0   0   2   4   0   2   4   3   1   1   0   4   8   1   1  11  0.84 0.60
  312 A    2  0 -1  0 -2  1  3  1  0 -4 -3  2 -3 -3 -3  1  1 -3 -3 -1   16   5   2   3   1   6  18   9   3   0   2  12   0   1   1  10   8   0   1   4  0.28 0.28
  313 E   -1 -1  0  3 -4  1  5 -1 -1 -4 -6  1 -4 -6 -1 -1 -2 -6 -3 -3    6   3   4  17   0   7  36   6   1   1   0   6   0   0   2   5   2   0   1   2  0.66 0.49
  314 T    4 -2 -3 -3 -4  0  0 -1 -4 -1 -1  0  1 -3 -2 -1  2 -3 -1  1   36   1   1   1   0   3   5   4   0   4   6   5   3   1   2   2  14   0   2   9  0.38 0.37
  315 K    2 -1 -3 -3 -5 -1  0 -1 -2 -3 -2  5 -1 -4 -2 -2  0  0  0 -2   18   2   1   1   0   1   7   4   1   1   5  39   1   1   2   2   6   2   4   3  0.57 0.47
  316 D   -1 -3  1  5 -6  1  4 -1 -2 -5 -5  0 -5 -5 -3 -2 -2 -6 -4 -4    5   1   5  32   0   6  30   6   1   0   1   6   0   0   1   3   2   0   0   1  0.89 0.58
  317 A    3 -1  0  1 -4  1  1 -1 -3 -3 -3  2 -2 -2 -3  1  2 -5  0 -3   27   2   4   7   0   6   7   4   0   1   2  11   1   2   1  11  11   0   3   1  0.32 0.33
  318 T    5 -2 -4 -4 -4 -2 -3 -1 -5 -2 -1 -1  0 -5 -2 -2  2 -6 -4  2   46   2   0   0   0   1   1   3   0   2   5   3   2   0   2   2  13   0   0  14  0.72 0.55
  319 M    2  0 -2 -2 -3  1  1  0 -2 -2 -3  3  0 -4 -3  1  0 -5 -2  1   16   4   1   2   0   5   8   6   1   1   2  23   3   0   0   9   5   0   1  12  0.29 0.31
  320 E   -1 -3  0  4 -2  2  4 -1 -2 -6 -6  0 -5 -6 -2  0 -2 -6 -4 -4    6   1   5  23   1   9  33   6   1   0   0   5   0   0   2   6   3   0   0   1  0.79 0.55
  321 K    2  0 -2 -1 -5  0  0 -2 -4 -4 -5  5 -4 -4 -3 -1  0 -6 -1 -3   17   4   1   4   0   4   6   3   0   1   1  43   0   0   1   5   7   0   2   1  0.76 0.56
  322 T    5 -2 -4 -3 -4 -2 -2 -2 -5 -1 -1 -1  0 -4 -2  0  2 -3 -2  1   44   2   0   1   0   1   2   3   0   2   5   4   2   0   1   5  13   0   1  12  0.60 0.49
  323 K    1  1 -1  1 -4  1  2  1  0 -3 -3  2 -3 -4 -3  0  0 -1 -2 -1   10   6   1   6   0   8  14  13   2   1   1  15   0   0   0   8   6   1   1   5  0.26 0.27
  324 E   -2  0 -1  2 -6  2  5 -1 -3 -5 -6  2 -2 -6 -3  0 -1 -3 -2 -4    4   5   2  10   0   7  41   4   0   0   0  10   1   0   1   7   5   0   1   1  0.77 0.56
  325 Y    4 -3 -3 -2 -4 -1 -1  0 -3 -1 -1 -1  2 -1 -3 -1  1 -2  1  1   36   1   1   2   0   2   3   7   0   4   5   3   5   2   1   3   9   0   5  10  0.36 0.35
  326 K    2  0 -3 -2 -2  0  1 -1 -4 -1 -3  4  0 -5 -3 -1  0  1 -1 -2   21   4   1   2   1   4   7   5   0   3   2  31   3   0   1   4   6   2   2   2  0.46 0.40
  327 D   -2 -1  1  5 -6  1  4 -1  0 -5 -5 -1 -5 -5 -4 -1 -3 -3 -4 -3    4   3   5  33   0   5  29   5   2   0   1   4   0   0   1   3   1   0   0   2  0.88 0.58
  328 Y    2  0 -1  0 -4  0  1 -2 -1 -1 -2  2 -1 -2 -2  0  1 -2  1 -1   20   5   2   5   0   3  11   2   1   3   3  16   2   1   1   5  11   0   6   4  0.21 0.25
  329 T    5 -4 -5 -3 -4 -2 -3 -2 -5 -1 -2 -3 -1 -4 -2 -1  2 -6 -4  2   47   1   0   1   0   1   1   3   0   4   3   1   2   0   2   4  15   0   0  15  0.78 0.56
  330 A    2  0 -2 -2 -3  0  1  1 -2 -2 -3  4 -3 -4 -4  1  0 -2 -2  0   16   3   1   1   0   4   8  10   1   1   3  28   0   0   0  10   5   1   1   7  0.37 0.34
  331 Q   -1 -1  0  3 -5  3  4 -1  1 -4 -4  0 -4 -5 -3  0 -2 -5 -4 -3    6   3   5  15   0  12  31   5   4   1   1   6   0   0   1   6   2   0   0   2  0.60 0.45
  332 K    1  0 -2 -2 -5  0  0 -2 -1 -4 -2  5 -2 -3 -3 -1  0 -3 -3 -3   12   3   2   2   0   4   6   3   2   1   3  44   1   1   1   5   7   0   1   2  0.67 0.50
  333 A    5 -4 -5 -2 -4 -2 -3 -2 -5 -1 -1 -1  0 -3 -4  0  1  0 -1  1   52   0   0   2   0   1   1   3   0   3   5   4   2   1   0   5   8   1   2   8  0.72 0.55
  334 A    1  1 -1  1 -3  1  2  1 -1 -3 -4  2 -3 -3 -3  0 -1 -3 -2 -1   14   7   2   7   0   6  15  13   1   0   1  11   0   1   1   8   4   0   1   6  0.25 0.25
  335 E    0 -2 -1  3 -2  2  5  0 -1 -6 -5  1 -3 -6 -2 -1 -3 -6 -4 -3    8   2   2  16   1   7  39   6   1   0   1   6   1   0   2   5   1   0   0   2  0.74 0.53
  336 T    4 -2 -2  0 -4 -2 -1  0 -4 -1 -1 -2  2 -3 -3 -1  2 -2 -1  1   36   1   1   5   0   2   5   7   0   3   5   1   5   0   1   4  11   1   2  10  0.38 0.36
  337 K    2  0 -2 -3 -5 -1  0 -1 -2 -3 -3  5 -2 -3 -3 -1  1  2  0 -2   18   3   1   1   0   1   6   5   1   1   2  36   1   1   1   4   8   3   3   3  0.53 0.44
  338 D   -2  0  0  5 -6  1  4 -1  0 -6 -6  0 -6 -6 -4 -1 -2 -3 -4 -5    3   4   3  37   0   6  24   4   2   0   0   6   0   0   1   5   3   0   1   1  0.94 0.60
  339 A    3 -1 -1 -1 -4  0  0 -2 -3 -3 -2  2 -1 -2 -4  1  1 -3  1 -2   29   3   3   2   0   4   4   2   0   1   4  14   1   1   0  11  11   0   5   3  0.35 0.35
  340 T    4 -1 -5 -5 -4 -3 -3 -2 -5  1 -2 -3  0 -5 -2 -3  3 -6 -4  2   42   3   0   0   0   1   2   3   0   6   3   1   2   0   2   1  18   0   0  16  0.75 0.56
  341 M    1  1 -2 -2 -4  0  1  0 -3 -3 -3  3  1 -3 -2  1  0 -1 -1  0   15   6   1   2   0   3  10   8   0   1   1  21   3   1   1  12   5   1   2   7  0.27 0.29
  342 E   -1 -1  0  4 -3  2  5 -1 -2 -6 -6 -1 -5 -7 -4  0 -2 -7 -6 -6    5   2   4  22   1   9  39   4   1   0   1   4   0   0   1   6   2   0   0   0  0.94 0.63
  343 K    2  0 -1 -2 -5  0  0 -1 -4 -3 -4  5 -1 -5 -3  0  1 -6 -2 -2   15   4   2   2   0   4   7   5   0   1   1  39   1   0   1   6   8   0   1   3  0.60 0.47
  344 A    5 -5 -5 -5 -5 -4 -2 -2 -5 -1 -1  0 -1 -3 -3 -1  1 -3 -3  1   57   0   0   0   0   0   2   2   0   3   5   6   1   1   1   3   8   0   1   9  0.92 0.64
  345 K    1  0  0  1 -5  2  3  0 -1 -4 -4  3 -4 -4 -3  1 -1 -3 -2 -2   13   4   4   6   0   8  21   8   1   0   1  16   0   1   0   9   4   0   1   2  0.38 0.35
  346 E    0  0 -1  2 -6  2  4 -2  0 -6 -5  1 -2 -6 -2  0 -1 -6 -3 -4    6   5   3  13   0   9  34   3   2   0   1   9   1   0   2   7   4   0   1   1  0.62 0.47
  347 A    4 -4 -3 -2 -4 -3 -1  0 -5 -1 -1 -2  1 -3 -3 -2  2 -5 -2  2   42   0   1   2   0   1   3   7   0   2   7   2   3   1   1   2  11   0   2  14  0.56 0.47
  348 K    1  1 -3 -3 -5  0  0 -1 -3 -3 -3  5  1 -4 -3 -1  1  1 -1 -2   11   8   1   1   0   3   7   5   0   1   2  37   5   0   1   4   8   2   3   2  0.53 0.43
  349 D   -1 -1  0  5 -6  1  4 -2 -3 -4 -6  0 -5 -4 -4 -1 -1 -6 -4 -5    6   3   4  32   0   5  31   3   0   1   0   6   0   1   1   3   3   0   1   1  0.91 0.59
  350 T    3  0  0 -1 -3 -1  0 -2 -2 -3 -2  3  0 -2 -4  1  1 -4  1 -1   25   4   4   3   0   2   7   2   0   0   3  18   2   2   0   8  10   0   5   4  0.30 0.31
  351 T    4 -2 -3 -4 -4 -2 -2 -2 -4  0 -1 -3 -1 -3 -1 -1  3 -5 -4  3   32   2   1   1   0   2   2   3   0   5   4   1   1   1   3   2  18   0   0  22  0.56 0.45
  352 V    2  0 -1  0 -4  1  1 -1 -1 -2 -2  3  0 -4 -3  1  0 -3 -2  1   17   4   2   4   0   5   9   5   2   1   3  20   2   0   1  10   5   0   1  11  0.22 0.25
  353 Q    0  0  0  3 -5  2  4  0  0 -4 -5  0 -4 -5 -2  0 -1 -5 -5 -3    6   4   4  19   0  10  28   8   2   1   1   5   0   0   1   7   3   0   0   1  0.57 0.43
  354 K    1  0 -2 -1 -5  0  1 -1 -1 -3 -3  5 -2 -5 -2 -1  1 -5 -2 -2   14   4   1   2   0   3   7   5   1   2   2  41   1   0   1   3   8   0   1   3  0.61 0.47
  355 T    4 -3 -4 -3 -4 -2 -1 -1 -3  0 -1 -2  0 -2 -2  0  1 -2 -1  1   42   1   0   1   0   1   4   5   0   5   6   2   2   2   1   5  10   0   2  10  0.46 0.41
  356 G    1  0 -1  0 -4  1  3  1 -1 -3 -4  1 -4 -3 -3  2  0 -3 -2 -1   12   5   2   5   0   7  22  13   1   1   0   8   0   1   1  14   4   0   1   4  0.33 0.32
  357 E    0 -1  0  3 -6  1  5 -1 -1 -6 -5  1 -3 -5 -1  0 -2 -2 -2 -4    9   2   3  14   0   5  39   6   1   0   1   7   0   0   2   5   2   1   1   1  0.70 0.52
  358 Y    4 -2 -3 -2 -4 -2 -1 -1 -4  0  0 -2  1 -1 -4 -1  1 -1  1  1   39   2   0   2   0   2   3   5   0   4   8   2   4   2   0   2   7   1   4  12  0.41 0.38
  359 K    2 -1 -4 -2 -5  0  0 -1  1 -4 -3  5  0 -4 -2 -1 -1 -1  0 -2   20   2   0   1   0   3   7   6   3   1   2  38   3   0   1   3   3   1   3   3  0.59 0.48
  360 D   -1 -1  1  5 -6  1  4  0  0 -6 -6  0 -5 -6 -3  0 -2 -2 -4 -4    5   3   5  31   0   7  24   6   2   0   0   6   0   0   1   6   3   1   0   1  0.74 0.51
  361 Y    2  0 -2 -1 -4  0  1 -2 -1 -3 -2  2 -1 -2 -3  1  1 -4  2 -1   22   6   1   3   0   3   8   2   1   0   3  14   1   1   1  10  10   0   8   4  0.26 0.29
  362 A    5 -2 -3 -4 -4 -3 -1 -1 -5 -1 -2 -3  0 -4 -1 -1  2 -6 -3  1   46   2   1   0   0   0   3   3   0   3   4   1   2   1   3   3  14   0   1  11  0.67 0.52
  363 A    2  1 -1 -1 -4  1  1 -1 -2 -3 -3  3  0 -4 -3  1  1 -5 -2  0   18   6   2   3   0   6   8   5   1   1   1  21   2   0   0   9   8   0   1   7  0.29 0.30
  364 E   -1  0  0  3 -6  2  5 -1 -1 -5 -6  0 -4 -6 -5 -1  0 -6 -3 -5    4   5   5  16   0   7  41   5   1   0   0   5   0   0   0   4   5   0   1   1  0.84 0.58
  365 K    2  0 -2 -1 -5  0  1 -1 -2 -3 -3  5 -1 -5 -2  0  1 -5 -2 -2   15   4   1   3   0   3   8   5   1   1   1  36   1   0   2   5   9   0   1   3  0.53 0.44
  366 A    5 -2 -3 -3 -3 -3 -2 -1 -5 -2 -2  0  1 -3 -3  0  1  0 -2  1   48   2   1   1   0   1   2   4   0   1   4   5   3   1   1   5   8   1   1   9  0.62 0.50
  367 K    1  0 -1  0 -4  1  2  0 -3 -3 -3  2 -2 -3 -2  0  0 -4 -2  0   15   5   2   6   0   6  16   9   0   1   2  13   1   1   1   8   6   0   1   9  0.22 0.25
  368 E    1 -1 -1  2 -5  1  4 -1 -1 -3 -5  1 -3 -5 -1  0  0 -6 -4 -4   10   4   3  13   0   6  34   4   1   1   1   7   1   0   2   7   5   0   0   1  0.56 0.44
  369 G    4 -3 -3 -2 -4  0 -1  0 -2 -1 -2 -2  1 -3 -4 -2  2 -2 -1  1   42   1   0   2   0   4   4   6   1   2   4   2   3   1   0   2  11   0   2  11  0.51 0.45
  370 K    1  1 -2 -2 -5  0  1 -1 -2 -2 -3  5  1 -3 -3  0  0 -2  1 -1   13   5   1   2   0   3   8   5   0   2   1  35   3   1   1   5   5   0   4   4  0.46 0.40
  371 D   -2 -2  0  5 -6  1  4 -2 -2 -5 -5  0 -3 -6 -4 -2 -2 -7 -5 -3    4   2   4  36   0   6  29   4   1   0   1   7   0   0   1   3   2   0   0   2  0.97 0.62
  372 V    2  0  0  0 -2  1  1 -2  0 -2 -3  2 -1 -3 -2  1  1 -4  0 -1   20   4   3   5   1   5   8   2   2   2   2  17   2   1   1  11   8   0   3   5  0.23 0.26
  373 T    4 -3 -4 -4 -4 -2 -2 -2 -5 -1 -2 -2 -1 -4 -2 -1  3 -6 -2  2   43   1   0   0   0   2   2   2   0   4   3   2   1   0   2   3  20   0   1  12  0.70 0.54
  374 V    2  0 -2 -1 -4  0  1  1 -1 -3 -3  3 -2 -5 -3  1  0 -3 -3  0   16   3   1   2   0   4  11  10   1   1   2  21   1   0   0  11   6   0   0   9  0.30 0.31
  375 E    0 -1  0  3 -6  1  5  0 -2 -6 -4  1 -5 -6 -3  0 -2 -6 -3 -5    8   2   4  16   0   6  34   7   1   0   1   9   0   0   1   8   2   0   1   0  0.68 0.49
  376 K    1  0 -2 -1 -5 -1  1 -1 -2 -4 -2  4 -1 -3 -2 -1  1 -2 -1 -1   14   4   1   3   0   2  10   5   1   0   3  33   1   1   2   4   9   1   2   4  0.41 0.38
  377 A    4 -3 -4 -3 -1 -1 -2 -1 -3  0 -1  0  1 -2 -4  0  0 -3 -1  1   42   1   0   1   1   2   2   4   1   4   6   7   4   1   0   5   6   0   2  10  0.46 0.40
  378 K    1  0 -1  2 -5  2  3  0 -1 -4 -4  2 -2 -4 -2  1 -1 -2 -2 -2   10   5   2  14   0   8  17   9   1   0   1  14   1   0   1   9   4   0   2   2  0.34 0.31
  379 E    1  0  0  2 -5  3  4 -1 -2 -4 -5  2 -2 -4 -2  0 -2 -5 -3 -3   10   5   5  11   0  11  27   4   1   1   0  11   1   1   2   6   2   0   1   2  0.49 0.40
  380 G    4 -2 -2 -3 -4 -2 -1  1 -2  0 -1  0  0 -2 -4  0  1 -2 -3  1   37   1   1   1   0   1   3   9   1   4   6   5   2   2   0   4   8   0   1  11  0.37 0.35
  381 K    2  1 -2 -2 -4  0  0  0 -2 -3 -2  4 -1 -2 -2  0  0  2 -1 -1   16   6   1   1   0   3   7   8   1   1   4  26   1   2   2   5   7   3   2   4  0.28 0.29
  382 D   -1 -1  0  5 -4 -1  4  0 -1 -4 -5  0 -4 -6 -4  0 -2 -6 -6 -4    5   3   5  30   0   2  31   7   1   1   0   4   0   0   1   5   2   0   0   1  0.84 0.56
  383 T    3 -1 -1  0 -4  0  1 -1 -1 -2 -3  2 -3 -4 -2  0  2 -1  0 -2   24   3   3   5   0   4   8   4   1   2   2  15   0   0   1   7  13   1   3   2  0.27 0.29
  384 T    4 -2 -3 -3 -4 -3 -3 -1 -4 -1 -1 -3  0 -5 -3 -1  2 -6 -5  2   41   2   1   1   0   1   1   4   0   3   6   1   2   0   1   4  15   0   0  16  0.63 0.50
  385 V    1  1 -1 -1 -4  1  1  0 -3 -3 -2  3 -2 -4 -3  1  0 -1 -3  1   11   5   2   3   0   5   9   8   0   1   3  23   1   0   0  12   5   1   1  10  0.28 0.29
  386 G    0 -2  1  3 -5  1  4  1 -1 -5 -5  0 -3 -6 -3  0 -1 -3 -3 -4    8   2   5  18   0   6  28  11   1   0   1   6   1   0   1   8   3   0   1   1  0.54 0.43
  387 K    2 -1 -1  0 -5  1  0 -1 -2 -3 -3  4 -1 -3 -3 -1  1 -1 -4 -2   18   2   2   5   0   6   5   5   1   1   3  33   2   1   1   3   8   1   0   3  0.46 0.40
  388 M    4 -3 -3 -3 -4 -3 -2 -1 -4 -2  0  0  1 -2 -3 -1  1  0 -1  1   41   1   1   1   0   1   3   5   0   2   9   5   3   2   1   3   8   2   2  12  0.45 0.40
  389 T    1  0  0  2 -4  2  3  1 -1 -3 -4  1 -1 -3 -2  0  0 -2 -2 -2   13   4   3  10   0   8  18  13   1   1   1   7   2   1   1   7   5   0   2   4  0.26 0.26
  390 E    0  0 -2  2 -5  2  4  0  0 -5 -4  2 -4 -5 -1 -1 -1 -5 -2 -4    9   4   1  10   0  10  32   8   2   0   1  10   0   0   2   4   3   0   1   1  0.55 0.43
  391 L    4 -2 -3 -3 -3 -2 -1 -1 -5  0  0 -2  1 -3 -4 -2  1 -3 -2  2   42   2   1   1   0   2   4   3   0   4  10   2   4   1   0   1   7   0   1  13  0.51 0.43
  392 K    1  1 -3 -2 -5  0  1 -1 -3 -1 -3  5 -1 -4 -4 -1  0 -5 -1 -1   11   6   1   1   0   4   8   4   0   3   2  42   1   0   1   4   5   0   2   4  0.62 0.47
  393 D   -1 -2 -1  5 -6  0  4 -1 -2 -6 -5  1 -5 -6 -4 -1 -2 -6 -2 -4    6   2   3  36   0   4  26   4   1   0   1   8   0   0   1   4   3   0   2   1  0.92 0.60
  394 S    2 -1  0 -1 -4  0  0 -1 -2 -2 -3  3 -1 -3 -4  1  1 -5  1 -1   21   3   4   4   0   3   7   4   0   1   2  20   2   1   0  11  11   0   5   3  0.31 0.32
  395 A    5 -2 -4 -3 -4 -3 -2 -2 -5 -1 -1 -2  1 -5 -2 -1  1 -6 -3  2   51   2   1   1   0   0   2   2   0   2   5   2   3   0   2   3   7   0   1  16  0.80 0.58
  396 A    2  0 -2  0 -3  1  1  0 -2 -2 -3  3 -1 -4 -2  1  0 -2 -2 -1   17   4   1   6   0   6  10   8   1   1   2  21   1   0   1   9   5   1   1   5  0.27 0.28
  397 D    0 -1  0  4 -6  1  4 -1 -1 -6 -6  0 -5 -6 -2  0 -2 -3 -4 -5    8   4   5  23   0   7  31   6   2   0   0   5   0   0   1   6   2   0   0   1  0.72 0.51
  398 A    3 -1 -2 -1 -4 -2  0 -1 -2 -1 -1  3  0 -3 -3 -1  2 -5 -2 -1   26   3   1   3   0   1   6   5   1   4   5  20   2   1   1   3  15   0   1   3  0.33 0.34
  399 A    4 -3 -3 -3 -4 -2 -1 -1 -2 -1 -1  1  0 -1 -2 -1  1 -1 -2  1   39   1   0   1   0   1   4   5   1   2   6   8   2   2   1   4   9   1   1  12  0.40 0.38
  400 R   -1  0  0  3 -5  2  3  0  0 -5 -4  2 -2 -5 -2  0  0 -3 -3 -3    5   4   3  14   0   8  23   7   2   0   1  14   1   0   1   8   5   0   1   2  0.44 0.37
  401 K    0  2  0  2 -5  2  3 -1 -1 -4 -4  2  0 -5 -2  1 -1 -5 -3 -3    7   9   4  11   0   8  21   4   1   1   1  15   3   0   1   9   4   0   1   1  0.43 0.36
  402 A    5 -4 -4 -3 -4 -3 -1  0 -4 -2 -1 -1 -2 -2 -3 -1  1 -6 -3  1   51   0   0   1   0   1   3   6   0   2   5   3   1   1   1   3   9   0   1  11  0.73 0.55
  403 M    1  2 -1 -2 -4  1  0  0 -2 -3 -3  4  1 -3 -3 -1  0  0 -2  0   12  12   2   2   0   6   5   8   1   1   2  25   4   1   1   3   5   2   1   8  0.31 0.31
  404 D   -1 -2 -1  5 -6  1  4  0 -1 -6 -6  1 -5 -6 -5  0 -3 -6 -2 -4    5   1   2  32   0   5  29   7   1   0   1   7   0   0   0   6   1   0   1   1  0.89 0.59
  405 M    2  0  0 -1 -3  0  1 -1 -1 -3 -3  3 -1 -1 -3  0  1 -1  1 -1   18   4   5   3   0   2  11   5   1   1   1  19   1   3   0   6  10   1   4   3  0.23 0.26
  406 F    4 -2 -2 -3 -4 -2 -1 -1 -3 -1 -1 -1  0 -1 -1 -1  1 -2 -2  1   38   1   1   1   0   1   4   4   1   3   7   4   3   3   3   4  10   1   1  12  0.37 0.35
  407 L    1  0  0 -1 -4  0  1  1 -1 -3 -2  3 -3 -2 -3  1  0 -1 -1 -1   13   5   4   3   0   4  10   9   1   1   3  18   0   1   0  11   7   1   2   5  0.20 0.22
  408 G    1  0  0  3 -5  1  4  2 -2 -5 -5  0 -5 -4 -4  0 -2 -5 -4 -4   10   6   4  16   0   7  27  14   1   0   1   5   0   0   0   6   2   0   0   1  0.57 0.43
  409 K    3 -1 -2 -1 -4  0  0  0 -4 -2 -2  3  0 -1 -3  0  2 -1 -3  0   26   3   2   2   0   4   5   7   0   1   2  18   3   2   1   4  12   1   0   7  0.29 0.31
  410 K    3  0 -2 -2 -4 -1  0  0 -2 -1 -2  2 -1 -1 -3 -1  1  2  1  0   27   5   1   1   0   1   6   6   1   2   4  16   1   2   1   3   8   2   5   8  0.24 0.27
  411 E   -1 -1 -1  3 -5  1  4 -1  0 -2 -4  1 -2 -5 -4  0  0 -5 -3 -3    5   3   3  15   0   7  32   5   2   2   1   9   1   0   0   6   6   0   1   2  0.55 0.42
  412 E    1 -1 -1  2 -4  1  3  0 -1 -3 -3  1 -1 -3 -2  0  0 -4 -1 -2   15   3   2  10   0   6  22   6   1   1   1  11   1   1   1   5   7   0   3   3  0.30 0.29
  413 V    4 -2 -1 -3 -3 -2 -2 -1 -1  0 -1 -1  0 -3 -3 -1  2 -5 -2  2   36   2   2   1   0   2   2   4   1   4   6   4   2   1   1   4  13   0   1  14  0.41 0.37
  414 K    1  1 -2 -1 -4  1  1  0 -1 -2 -2  4 -1 -3 -2  0  0 -5 -3 -1   13   8   1   2   0   5   8   6   1   2   3  32   2   1   2   5   5   0   1   5  0.38 0.34
  415 G    0  0  0  4 -5  1  3  1 -1 -4 -4  1 -4 -3 -3  0 -2 -5 -4 -4    7   4   4  23   0   7  21  11   2   1   1   7   0   1   1   8   2   0   0   1  0.50 0.39
  416 K    2 -1 -2 -1 -5  0  1 -1 -2 -4 -3  5  0 -1 -4  0  0 -5  0 -2   15   3   1   3   0   4   8   5   1   1   2  36   2   3   0   6   5   0   4   2  0.48 0.41
  417 A    5 -3 -2 -3 -4 -2 -2 -2 -5 -2 -1 -1 -2 -3 -1 -1  2 -2 -3  2   46   1   2   1   0   2   2   2   0   2   5   4   1   1   3   2  11   1   1  14  0.60 0.48
  418 G    1  1  0  0 -4  1  1  2 -2 -2 -3  2 -1 -4 -2  1  0 -4 -2 -1   11   7   4   5   0   5  10  18   1   1   1  12   1   0   1  10   6   0   2   5  0.23 0.23
  419 E    0 -1 -1  3 -6  1  5  0  0 -5 -4  0 -3 -6 -3 -2 -2 -6 -3 -5    8   2   3  17   0   6  40   9   2   1   2   4   0   0   1   2   3   0   1   0  0.75 0.52
  420 T    2  0 -2 -2 -3  0  0 -2 -2 -1  0  1  1 -2 -1  0  2 -4 -2  0   21   4   1   1   0   3   8   2   1   4  10   9   4   1   2   4  16   0   1   6  0.18 0.24
  421 A    3 -1 -1 -1 -2  0  0 -1 -2 -1 -1  2  0 -2 -3  0  1 -1  1  0   26   2   3   2   0   3   6   5   0   3   7  15   2   1   0   4   9   1   5   6  0.18 0.24
  422 E   -1 -1  0  4 -5  1  4  0 -1 -5 -4  1 -3 -5 -3 -1 -1 -6 -5 -2    5   3   4  22   0   5  26   8   2   0   2  10   1   0   1   5   4   0   0   3  0.54 0.41
  423 A    2  0 -1  0 -4  1  2 -1  0 -2 -4  2 -2 -4 -1  1  0 -4  0 -2   22   5   3   6   0   7  13   4   2   3   0  11   1   0   2  10   6   0   3   2  0.27 0.28
  424 A    5 -5 -3 -2 -4 -2 -1 -1 -3 -1 -2 -2 -1 -3 -3 -1  2 -6 -3  1   51   0   1   2   0   1   4   4   0   3   4   2   2   1   1   4  11   0   1   9  0.71 0.54
  425 K    1  1 -2 -2 -3  1  1 -1 -2 -2 -4  5 -2 -6 -2 -1  0 -3 -3 -2   11   6   1   2   0   6   7   5   1   2   1  41   1   0   2   5   6   0   1   2  0.62 0.48
  426 E   -1  0  0  3 -6  3  4 -1  1 -4 -3  0 -5 -6 -3  0 -1 -6 -3 -3    6   4   3  20   0  11  28   4   3   0   2   6   0   0   1   6   4   0   1   1  0.60 0.46
  427 K    2  0 -1 -2 -5  1  0 -2  0 -3 -3  4 -2 -3 -4  1  1 -2 -2 -2   19   4   3   2   0   6   6   2   3   2   2  28   1   1   0   9   8   0   2   3  0.41 0.38
  428 Y    3 -2 -3 -3 -3 -2 -2  0 -3  0 -1  0  1 -2 -1  0  2  0 -2  2   29   2   0   1   0   1   2   6   0   3   5   7   3   2   3   4  13   1   1  15  0.26 0.29
  429 E    1  0  0  2 -4  1  2  0 -1 -3 -3  2 -2 -3 -3  1  0  0 -2 -1   11   6   3  10   0   7  17   7   1   1   1  13   1   1   1   9   5   1   1   5  0.25 0.25
  430 D    0 -1  0  3 -5  1  4 -1  0 -5 -4  1 -2 -5 -3  0 -1 -2 -2 -3    7   3   4  16   0   5  31   5   2   0   1  10   1   0   1   6   3   1   2   2  0.53 0.42
  431 T    3 -1 -2 -2 -3 -1  0  0 -2 -1 -1  0  0 -2 -3  0  2 -2 -2  1   26   3   1   2   0   2   5   6   1   3   6   7   2   2   1   5  15   1   1  10  0.21 0.25
  432 E    2  1 -2 -1 -3  0  1 -1 -2 -2 -1  2 -1 -1 -2  0  1 -1 -1  0   19   7   1   3   0   2  12   4   1   1   4  14   1   2   1   5   9   1   2   8  0.17 0.22
  433 F    0  1 -1  3 -3  1  3  0 -2 -4 -4  1 -2 -4 -3  0 -1 -5 -2 -2    7   7   2  18   0   6  24   6   1   1   1  10   1   1   1   6   4   0   1   3  0.42 0.35
  434 A    2  0 -1  1 -4  0  2 -1 -2 -2 -2  2  0 -2 -2  1  0 -4 -1 -1   19   4   1   9   0   3  13   5   1   2   2  15   2   1   2  10   4   0   2   5  0.22 0.24
  435 A    4 -2 -2 -2 -4 -2 -3 -2 -2 -2 -2 -2  1 -3 -3 -1  2 -1 -3  2   42   2   2   2   0   1   1   3   1   2   4   2   3   1   1   3  13   1   1  14  0.58 0.47
  436 R    1  1 -2 -1 -2  2  1  1 -1 -4 -2  3 -1 -4 -2  1 -1 -1 -2 -2   11   7   1   3   1   8   9  12   2   0   3  22   2   0   1   8   4   1   2   3  0.30 0.29
  437 K   -1  1  0  2 -5  2  4  0  0 -3 -5  2 -4 -5 -3  0  0 -5 -2 -2    4   7   5  12   0   9  25   6   2   2   0  12   0   0   1   6   5   0   1   2  0.46 0.38
  438 K    2 -1 -1  0 -4  0  1 -2 -2 -2 -2  3  1 -2 -1  0  0 -1 -1  0   20   3   3   6   0   4   8   1   1   1   4  20   3   1   3   6   7   1   3   6  0.21 0.24
  439 M    3 -1 -1 -2 -1 -2 -1  0 -3 -1  0  0  1 -1 -2  0  1  1 -1  1   29   2   2   2   1   1   4   6   0   3   8   6   4   2   1   5   8   2   2  10  0.19 0.23
  440 E    0  0  0  2 -5  2  3  1 -1 -2 -4  1 -4 -5 -2  0 -1 -5 -2 -2    8   4   5  12   0  11  20   9   1   3   1  10   0   0   1   7   4   0   1   3  0.34 0.31
  441 E    1  0 -1  2 -5  1  4  0  0 -3 -4  0 -2 -3 -2  1 -1 -1  1 -3   11   5   3  10   0   6  25   7   2   1   1   6   1   1   1   9   4   1   4   2  0.33 0.31
  442 L    2 -1 -1 -2 -3 -1 -1 -1 -1  0  0 -1  1 -1 -1 -1  2  0 -1  1   24   2   2   2   0   2   5   5   2   4  11   4   4   2   2   4  12   2   2   9  0.14 0.19
  443 K    1  1 -2 -1 -2  1  0  0 -1 -2 -2  4 -1 -2 -2 -1  0 -2 -2  0   13   8   1   3   1   6   4   7   1   2   4  27   1   2   1   4   5   1   1   8  0.27 0.27
  444 L    0  0  0  3 -4  1  2  0 -1 -2 -1  0  0 -3 -2  0  0 -5 -4 -2    9   6   4  21   0   6  13   9   1   2   6   5   2   1   2   6   5   0   0   3  0.26 0.25
  445 Q    1  1 -1 -1 -5  2  1 -1  0 -2 -3  3  0 -5 -2  0  1 -1 -2 -2   14   7   3   3   0   7  11   4   2   3   2  22   2   0   1   5   8   1   1   3  0.30 0.29
  446 E    4 -2 -2 -2 -2 -1  0  1 -2 -2 -1 -1 -1 -2 -3 -2  2 -2 -3  2   32   2   2   2   1   3   6   9   1   2   6   4   1   1   1   2  12   1   1  13  0.34 0.34
  447 E    1  0 -1  0 -4  1  1  0  0 -2 -3  2 -1 -3 -3  1  0 -1  0 -1   14   6   3   5   0   5  11   8   2   2   1  16   2   1   1   9   6   1   4   4  0.21 0.23
  448 G   -1 -1 -1  3 -2  0  4  1 -1 -6 -4  1 -2 -6 -2  0  0 -6 -5 -3    6   3   3  19   1   4  26  11   1   0   2   7   1   0   2   7   5   0   0   2  0.53 0.43
  449 V    3 -2 -1 -2 -4 -1  1 -2 -3 -1 -1  1  1 -3  0  0  1 -5 -1  1   29   2   2   2   0   3   9   3   0   4   4   8   3   1   4   5  10   0   2   9  0.25 0.27
  450 K    3 -1 -3  0 -4 -2  0  0 -1 -2 -1  2 -1 -2 -2  0  0  2 -1  1   25   3   1   5   0   1   7   6   1   1   5  13   1   1   2   6   6   3   2  10  0.21 0.25
  451 D   -1  0  0  4 -6  3  3 -1 -2 -6 -4  2 -2 -4 -3 -1 -2 -6 -3 -2    5   5   4  24   0  11  20   4   1   0   1  10   1   1   1   4   3   0   1   3  0.60 0.46
  452 E    1  1 -1  1 -5  1  3 -1 -1 -2 -3  1 -1 -3 -2  0  1 -5  1 -2   13   7   3   8   0   5  22   4   2   2   1  10   1   1   1   6   7   0   5   2  0.29 0.29
  453 A    4 -3 -2 -2 -4 -3 -2  0 -2 -1 -2 -1 -1 -3 -1 -1  2  0 -3  0   41   1   2   2   0   0   3   6   1   3   5   4   1   1   3   3  15   1   1   8  0.53 0.45
  454 K    1  1 -2 -2 -5  1  1 -1 -2 -3 -2  4 -2 -2 -3  0  0 -1 -3  0   14   8   1   2   0   5   9   4   1   1   3  27   1   1   0   8   6   1   1   6  0.37 0.34
  455 Q    0  0  0  3 -2  1  4  0  0 -4 -5  1 -5 -3 -3  0 -1 -6 -2 -4    7   5   4  20   1   6  24   6   2   1   1   9   0   1   1   7   4   0   1   1  0.51 0.40
  456 R    1  1 -1 -2 -4  2  1 -1 -2 -3 -2  3  0 -3 -2  1  1 -4 -1 -1   12   7   2   2   0   8   9   5   1   1   3  21   2   1   2   9   8   0   3   4  0.24 0.26
  457 A    3 -1 -1 -1 -4 -1 -1 -1 -4 -1  0 -1  1 -1 -2 -1  1 -4  0  1   29   2   2   3   0   2   4   5   0   3   8   4   3   2   2   4  11   0   3  12  0.23 0.27
  458 E    0  0  0  1 -4  1  2  0  1 -3 -2  2 -1 -3 -2  0  1 -2 -3  0   10   4   4   7   0   6  17   6   3   1   3  13   1   1   1   7   8   1   0   7  0.20 0.22
  459 A    1  0  0  2 -3  1  3  0 -2 -3 -4  2 -1 -5 -1  0 -2 -5 -2 -3   14   4   4  11   1   6  22   7   1   2   1  11   2   0   3   6   2   0   2   2  0.35 0.32
  460 D    3 -2 -2  0 -1 -1  0  1 -1 -2 -2  1  0 -4 -2  0  2 -2 -2  0   29   1   1   4   1   2   7  10   2   2   4   7   2   0   2   4  12   1   1   7  0.26 0.28
  461 R    1  0 -2 -1 -4  0  0 -1 -2  0 -1  3 -1 -2 -1  0  1  0 -1  0   14   4   1   3   0   5   7   5   1   5   7  22   1   2   2   5   8   1   2   5  0.17 0.21
  462 E    0 -1  1  4 -6  1  4  0  0 -4 -4  2 -2 -5 -4 -2 -2 -3 -1 -3    7   3   5  21   0   6  26   6   2   1   1  10   1   0   0   2   3   0   2   2  0.56 0.43
  463 T    2  0  0  1 -4  0  2 -1 -2 -2 -4  3  0 -3 -3  1  1 -2 -1 -2   16   4   4   8   0   3  14   4   1   2   1  17   2   1   0   8   9   0   2   3  0.28 0.29
  464 A    4 -2 -1 -3 -4 -1  0 -1 -1  0 -2  0 -1 -3 -1  0  1 -5 -3  1   36   2   3   1   0   2   6   5   1   5   4   5   2   1   2   5   9   0   1  10  0.35 0.34
  465 G    2  0 -1  0 -4  0  1  1 -3 -2 -2  2 -2 -2 -2  0  0 -4 -2  0   19   3   3   4   0   4   8  13   0   2   5  17   1   2   2   7   5   0   1   6  0.20 0.22
  466 D   -1  0 -1  4 -2  0  4  0 -1 -4 -4  1 -3 -6 -3  0 -1 -6 -5 -1    5   5   2  21   1   3  31   6   1   1   1   7   1   0   1   7   3   0   0   4  0.61 0.46
  467 R    1  2 -1  0 -4  0  1 -2 -2 -2 -2  3 -2 -3 -3  0  0 -2 -1  0   14  10   2   6   0   3   8   3   1   2   3  24   1   1   1   6   6   1   2   6  0.28 0.28
  468 G    3 -1 -2 -2 -3 -1 -2  1 -2 -1  0 -1 -1 -2 -3  0  0  1  0  1   31   3   1   2   0   3   2  10   1   3   9   3   2   1   1   7   7   2   3   9  0.25 0.27
  469 S    0  1  1  0 -4  2  2  1  0 -3 -3  2 -2 -3 -3  0  1 -2 -2 -2    7   6   7   6   0   8  15   9   2   1   2  15   1   1   0   7   9   1   1   3  0.24 0.25
  470 A    1  0 -1  1 -4  2  3  0  0 -2 -3  1 -2 -4 -1  1  0 -3 -2 -3   14   4   2   7   0  10  20   6   2   2   2   8   1   0   2  10   6   0   1   2  0.28 0.29
  471 A    4 -2 -4 -3 -4  0  0 -1 -1 -2 -1  1  0 -2 -2 -1  1 -5 -3  0   40   2   0   1   0   3   6   5   1   1   6  10   3   2   1   2   7   0   1   7  0.46 0.41
  472 K    1  1 -2  0 -2  1  1  1 -2 -2 -3  3 -2 -3 -2  0  1  0 -2  0   11   6   1   4   1   6   8  11   1   3   2  22   1   1   1   6   8   2   1   6  0.22 0.24
  473 G    0 -2 -1  4 -6  0  4  0 -2 -4 -4  0 -3 -6 -3  0  0 -6 -4 -3    8   2   2  21   0   4  29   8   1   1   2   5   0   0   1   7   7   0   1   1  0.60 0.47
  474 T    1 -1  1  1 -4  1  1  1 -1 -4 -3  2 -1 -5 -2  1  2 -5 -1 -2   11   3   8   6   0   7   8   9   1   0   1  14   1   0   1   9  15   0   2   3  0.27 0.29
  475 I    3 -2 -3 -2 -2 -3 -1 -2 -4  1  1  0 -1 -2 -1 -1  1 -5 -4  2   27   1   1   2   1   1   3   3   0   9  11   5   1   1   3   3  11   0   0  17  0.31 0.31
  476 F    1  0 -1  0 -3  0  1 -1 -1 -1 -1  2  0  1 -2  0  0  0  0  0   13   4   2   5   0   3   9   5   1   2   7  15   2   7   1   5   7   2   2   8  0.08 0.13
  477 G    0 -2  1  3 -3  1  2  3 -1 -5 -5  0 -5 -6 -3  1 -1 -6 -4 -3    7   1   6  19   0   5  15  19   1   0   0   5   0   0   1  11   4   0   0   2  0.50 0.40
  478 A    3 -1 -3  0 -4  0  0  0 -4 -2 -2  2 -1 -2 -2  1  1 -2 -3 -1   30   3   0   5   0   3   6   6   0   2   3  15   1   2   1   9   8   0   0   5  0.32 0.32
  479 M    3 -1 -3 -1 -3 -1 -3  0 -4 -1  1  0  0 -1 -4 -1  0  2  0  2   26   4   0   3   0   3   1   6   0   2  14   7   2   2   0   4   6   3   3  14  0.22 0.26
  480 G    0 -1 -1  1 -5  2  2  2 -2 -3 -3  2 -2 -5 -2  0 -1 -1 -4 -1    8   3   2   8   0  10  15  17   1   1   1  15   1   0   1   7   3   1   0   5  0.33 0.31
  481 S    0  0  2  1 -2  0  2  1 -2 -3 -4  1 -3 -3 -1  2  0 -5 -2 -3    9   5  10   8   1   5  16  11   1   1   1   9   0   1   3  13   6   0   2   1  0.28 0.27
  482 V    3 -2 -2 -2 -3 -1 -1 -2 -4  0  0  0  1 -2 -4  0  1 -5 -3  2   30   2   2   2   0   2   4   3   0   6   8   5   5   2   0   5  10   0   1  14  0.29 0.29
  483 K    1  0 -1 -1 -2 -1  0 -1  0 -2 -2  4 -2 -3 -3 -1  2 -2  0 -1   12   5   2   3   1   2   6   5   2   2   4  29   1   1   1   2  15   0   3   4  0.33 0.32
  484 D    0 -1 -1  4 -6  1  4  0  0 -4 -6  0 -4 -6 -4  0 -1 -6 -3 -3    7   2   3  22   0   5  30   8   2   1   0   5   0   0   0   7   4   0   1   1  0.66 0.48
  485 A    3 -1  0  0 -2 -1  0 -1  0 -2 -3  1 -1 -1 -2  1  1 -4  0 -1   27   3   3   5   1   2   7   5   3   2   2   9   1   2   1  13   7   0   3   4  0.23 0.26
  486 I    2 -2 -2 -3 -3 -3 -2 -2 -3  2 -1 -1  0  0 -2  0  2  0 -1  3   22   1   1   1   0   0   3   2   0  14   5   3   3   3   1   6  11   1   1  20  0.31 0.30
  487 V    1  0 -2 -1 -5  1  2  0  0 -3 -4  4 -1 -2 -3  0  0 -2  0 -1   12   5   1   2   0   5  12   7   2   1   0  30   2   2   1   7   5   1   3   5  0.40 0.36
  488 G   -1  0  2  3 -5  0  4  0  0 -4 -4  1 -3 -5 -3  0 -1 -5 -3 -3    4   5   8  16   0   4  29   6   2   1   1   8   1   0   1   8   4   0   1   1  0.53 0.41
  489 K    2  0 -1 -2 -4  0  1 -2 -1 -1 -2  4  0 -4 -1  0  2 -5 -2  0   15   4   2   1   0   3   7   3   2   3   2  25   2   0   3   6  14   0   1   6  0.30 0.31
  490 L    2  0  0  0 -3 -1  0 -1 -2  0  1  1  0 -1 -3 -1  1 -2 -1  1   18   5   5   5   0   2   5   3   1   3  17   8   2   2   0   2   8   0   2  11  0.10 0.16
  491 T    0 -1  0  1 -1  1  2  1 -2 -3 -3  1 -1 -4 -3  1  2 -5 -3  0    8   3   5   8   1   8  12  10   1   1   2   9   1   0   1   9  17   0   1   6  0.23 0.26
  492 M    0 -1 -1  1 -4  2  2  0 -1 -2 -2  1  3 -3 -1  0  0 -2  0  0    8   2   2   7   0  10  16   6   1   2   3   8   9   1   2   6   7   1   3   6  0.18 0.22
  493 P    4 -1 -2  0 -4 -1  0  1 -4 -2 -3  0 -1 -2  1  0  0 -5 -4  0   33   2   1   5   0   3   7  11   0   1   2   5   1   2   7   4   6   0   0   9  0.32 0.32
  494 S    1  0 -1  0 -1  0  2  0 -1 -1 -2  1 -1 -3 -1  1  1 -1  0 -1   12   3   2   5   1   3  13   9   1   4   3  11   1   0   3  11   9   1   4   4  0.12 0.16
  495 D   -1 -1  1  5 -6 -1  3  0 -1 -3 -4  0 -2 -5 -3  0 -2 -6 -2 -4    4   3   6  35   0   2  21   7   1   1   1   6   1   0   1   5   2   0   2   1  0.71 0.48
  496 V    2  0  0  0 -3 -1  0 -1 -1 -1 -2  1 -2 -3 -2  0  2 -1 -1  1   19   4   5   5   0   2   7   4   1   3   3  10   0   1   1   5  13   1   2  12  0.15 0.20
  497 V    3 -1 -2 -2 -3 -2 -1 -1 -2  1 -1  0 -1 -3 -1  0  1 -1 -3  2   27   3   2   2   0   1   4   5   1   7   5   7   1   0   3   6   9   1   1  16  0.23 0.26
  498 K    1  1 -1  0 -4  1  2  1 -1 -4 -4  3 -3 -2 -3  1  0 -5 -2 -1   10   7   2   5   0   6  14  10   2   0   1  22   0   1   0   9   5   0   1   5  0.32 0.30
  499 D   -1  1 -1  3 -5  2  4  1  1 -4 -4  0 -4 -5 -3 -1  0 -5 -4 -3    6   7   2  18   0   8  25  10   4   1   1   6   0   0   1   3   6   0   0   2  0.49 0.38
  500 K    2  0 -2 -1 -4  0  0  0  0 -2 -2  3 -2 -2 -1  0  2 -5 -2 -1   16   5   0   2   0   3   6   6   2   2   3  23   1   2   3   6  15   0   1   5  0.27 0.29
  501 Q    2  1 -1  0 -3  0  0  1 -2 -2 -1  0  0 -1 -2  0  1 -2 -1  0   21  10   1   4   0   4   5  12   0   1   7   5   3   2   1   5   8   1   2   7  0.12 0.17
  502 Q    2  1 -2  0 -4  1  2  2  0 -3 -4  2 -3 -4 -3  1 -1  0 -3 -1   16   7   0   4   0   5  13  16   2   1   1  13   0   0   1   8   4   1   1   4  0.29 0.28
  503 Q    0 -2  0  3 -5  1  4  0 -1 -4 -4  0 -1 -5 -2  0  2 -5 -1 -3    8   1   4  14   0   6  27   6   1   1   0   6   2   0   2   7  12   0   2   1  0.46 0.39
  504 E    3  1 -2 -1 -4 -1  1  0 -1 -2 -2  2 -2 -4 -3  0  1 -5 -3  0   30   7   1   3   0   2  11   7   1   1   3  12   1   0   1   5   8   0   0   7  0.30 0.31
  505 A    2 -1 -2 -1 -3  0  1  0 -2 -1 -1  1  0 -2 -3  0  0  0 -3  2   17   2   0   4   0   3  10   7   1   3   4  11   3   1   0   7   7   1   0  19  0.16 0.23
  506 V    0  0  0  1 -4 -1  3  2 -3 -2 -1  1 -3 -4 -4 -1 -1 -5 -3  2    7   4   4   7   0   2  25  15   0   2   5   8   0   0   0   3   4   0   1  15  0.30 0.30
  507 I    1 -1 -2 -1 -3  0  1 -1 -3  1 -2  0  1 -3 -2  1  1 -4 -1  2   15   3   1   2   0   4   9   5   0   9   1   6   3   0   1   9  11   0   3  17  0.17 0.23
  508 K    2  0 -1  1 -4  0  1 -1 -3 -2 -2  3  0 -2  0 -1  1 -2 -3 -1   22   4   2   8   0   3   8   3   0   1   4  18   2   1   5   2  10   1   1   5  0.22 0.25
  509 V    2 -1 -2 -1 -3  0 -1 -1 -3  0  0  1  1 -3 -2  0  2 -4 -2  3   17   2   1   3   0   4   4   4   0   3   7   8   4   1   1   4  12   0   1  25  0.22 0.26
  510 D   -1  0 -2  4 -6  1  5 -3 -4 -5 -4  2 -5 -6 -4 -2 -2 -6 -5 -4    6   4   1  22   0   5  42   2   0   0   1  12   0   0   1   2   2   0   0   1  0.98 0.62
  511 E    2  1 -2  2 -5  1  4 -1  0 -5 -4  2 -2 -5 -4 -1 -1 -5 -4 -2   16   6   1  12   0   5  30   4   2   0   1  12   1   0   0   3   3   0   0   3  0.53 0.41
  512 T    2 -2  0 -1 -4 -3  0 -1  0 -2 -2  1  1 -4 -4  2  4 -2 -4 -1   20   2   3   3   0   0   5   4   3   1   3   9   4   0   0  13  27   0   0   4  0.39 0.37
  513 R    1  4 -2  0 -5  0  0 -2  1 -5 -4  3 -4 -5 -1  0  0 -5 -1 -3   12  28   1   4   0   3   7   2   3   0   1  21   0   0   3   5   6   0   2   2  0.52 0.39
  514 P    1 -1 -1  2 -4 -1  2  0 -2 -3 -4  1 -4 -5  4  0  2 -5 -3 -3   10   3   2  13   0   1  15   8   1   1   1   7   0   0  19   4  13   0   1   1  0.45 0.35
  515 G    1 -2 -1  0 -4 -1  2  3 -2 -1 -3  0 -1 -4 -3 -1  1 -1 -4  0   14   2   2   5   0   1  14  29   1   3   0   6   1   0   1   4  11   1   0   7  0.36 0.31
  516 A    4 -2 -2 -1 -4  0  0 -2 -2 -4 -4  2 -1 -2 -2 -2  0 -1  3 -1   40   1   1   3   0   3   6   2   1   0   0  17   1   2   1   1   5   1  11   4  0.53 0.45
  517 V    1 -2 -1  0 -3  0  2 -4 -1  1 -1  0 -2 -2 -3 -1  1 -4 -1  3   11   1   2   6   0   4  17   0   1   9   6   7   0   1   0   3   8   0   2  23  0.24 0.26
  518 A    4 -1 -2  0 -3 -1 -2  0 -4 -3 -2 -1  1 -4 -2  0  0 -5 -2  0   46   3   2   4   0   3   1   8   0   1   3   4   5   0   2   7   6   0   2   5  0.47 0.40
  519 E    2 -3 -2  1  0 -1  3 -2 -2  0 -2 -1  1 -2 -2  1  2 -4 -2  0   17   0   1   9   2   1  21   2   1   6   2   3   4   1   1   9  12   0   1   9  0.24 0.27
  520 A    3  2 -1 -2 -3 -1 -1 -1  0 -2 -2  3 -3 -4 -3  1  2 -5 -4  0   25  10   1   2   0   2   4   3   2   2   3  20   0   0   0   8  12   0   0   6  0.33 0.32
  521 L   -1 -2 -1  1 -3  0  2 -2 -3 -1  2  1  0 -3 -3  0  1 -4 -3  0    5   1   2   8   0   5  14   2   0   2  25   9   3   0   0   8   7   0   0   8  0.18 0.23
  522 K   -1  1 -3  2 -6  1  0 -3 -1 -6 -5  6 -4 -6 -4 -2 -2 -6 -2 -5    5   5   0  12   0   6   5   2   1   0   0  57   0   0   0   2   2   0   2   0  1.11 0.63
  523 A    5 -4 -4 -4 -4  0  2 -3 -4 -2 -2  0 -4 -5 -4  0 -3 -5 -3 -1   60   0   0   0   0   4  12   1   0   2   3   6   0   0   0   7   0   0   1   4  0.90 0.59
  524 A    5 -3 -2 -4 -4 -2 -3 -1 -1 -4 -4  2 -4 -5 -4  2 -1 -5 -3 -1   53   0   1   0   0   1   0   4   1   0   0  12   0   0   0  18   3   0   1   5  0.86 0.57
  525 D   -2 -3  0  6 -6 -1  4 -1 -4 -4 -6  0 -5 -6 -4 -2 -4 -7 -6 -6    2   1   3  57   0   2  23   4   0   1   0   5   0   0   0   2   0   0   0   0  1.40 0.68
  526 Q    0  1 -2  3 -5  5  1 -3  0 -4 -4  3 -3 -5 -2 -1 -1 -5 -4 -3    8   7   0  16   0  30   8   0   2   0   0  20   0   0   1   4   3   0   0   1  0.64 0.40
  527 M    2 -3 -1 -3 -3 -2 -1 -1 -3  2  0 -1  6 -1 -2 -2 -1 -4 -3  1   20   0   3   1   0   0   5   4   0  13   5   4  31   2   2   1   2   0   0   7  0.46 0.36
  528 H    2 -2 -1 -1 -3  0  0 -2  0 -2 -2  0  0 -3 -3  2  3 -4 -1  0   24   0   2   2   0   3   4   1   2   1   1   5   3   0   0  17  25   0   2   6  0.33 0.28
  529 G    2 -2 -1  2 -4 -2  0  5 -3 -5 -5 -2 -4 -5 -3  0 -2 -4 -4 -4   20   2   2  12   0   0   7  50   0   0   0   1   0   0   0   5   2   0   0   0  0.81 0.39
  530 Q    0 -1 -2  0 -4  5  2 -1 -2 -2 -2  1 -1 -4 -3  0  2 -4 -1 -3    5   0   0   5   0  32  16   4   0   2   4   8   2   0   0   6  14   0   2   0  0.46 0.34
  531 A    2 -3 -1  0 -3 -2  0  0 -3 -1 -3 -1 -2 -4 -1  0  4 -4 -3  1   23   0   1   6   0   0   6   6   0   2   0   2   0   0   2   5  35   0   0  12  0.40 0.31
  532 F   -1 -1 -3 -3 -3  0  0 -3  1  0 -1  1  2  5 -3  0 -1 -2  1 -1    4   3   0   0   0   3   7   0   3   6   3   9   8  36   0  11   2   0   2   3  0.37 0.26
  533 N   -2 -1  5  3 -4  0  3  0 -2 -4 -5  1 -4 -5 -3 -1 -1 -5 -4 -2    3   2  43  14   0   3  18   5   0   0   0   6   0   0   0   0   2   0   0   2  0.75 0.36
  534 D   -1 -3  1  6 -5 -1  3 -1 -3 -4 -5  0 -4 -5 -3 -2 -2 -5 -4 -2    6   0   6  55   0   0  19   5   0   0   0   5   0   0   0   0   2   0   0   3  0.97 0.41
  535 V    0 -2 -3 -1 -3  1  0 -2 -3  1  0  1  1 -3 -2 -2 -2 -4 -3  4    6   0   0   3   0   6   6   3   0   4   6  10   3   0   1   0   0   0   0  50  0.38 0.29
  536 G    0 -3  0  0 -4  1 -1  5 -3 -4 -5  0 -4 -5 -3  0 -3 -4 -4 -2    6   0   3   4   0   9   3  60   0   0   0   7   0   0   0   6   0   0   0   3  0.88 0.37
  537 K   -2  4 -2  0 -4  1  2 -3 -2 -1 -3  3 -2 -3  2  0 -1 -3  1 -1    0  28   0   4   0   3  15   0   0   3   0  20   0   0  10   5   2   0   6   4  0.44 0.25
  538 M   -1 -2 -3 -4 -2 -1 -3 -4 -3  2  2 -1  4  2 -3 -1  0 -3 -2  2    4   1   0   0   0   3   0   0   0  16  23   3  19   9   0   3   5   0   0  13  0.35 0.22
  539 G    1 -1 -1  5 -3  0  0  1  2 -3 -4 -2  0 -4 -3  1  0 -4 -3 -2   14   2   0  39   0   3   3  13   5   0   0   0   3   0   0  10   5   0   0   3  0.49 0.27
  540 D    0 -2  1  5 -4 -1  4 -2 -2 -4 -4 -2 -3 -4 -3  0 -1 -5 -4 -1    7   0   7  36   0   0  33   2   0   0   0   0   0   0   0   6   3   0   0   6  0.72 0.34
  541 E   -3 -2  0  2 -5  0  6 -1 -2 -4 -4  0  0 -5 -3 -2  0 -5 -4 -2    0   0   3   9   0   0  66   5   0   0   0   4   3   0   0   0   8   0   0   2  0.97 0.44
  542 E    0 -2 -1  0 -3  0  3  4 -2 -3 -4  0 -3 -4  0  0 -1 -4 -3 -1    7   0   0   3   0   4  28  38   0   0   0   3   0   0   4   3   3   0   0   6  0.49 0.22
  543 V    1 -1 -1  0 -2 -1  0  0 -2  0 -1  2 -1 -2 -2  0  1 -3 -2  1   15   0   0   5   0   0   4   8   0   7   6  22   0   0   0   7  14   0   0  13  0.12 0.10
  544 I    2 -1 -3 -1 -2 -2 -2 -2 -3  2  0 -1  0  0 -3  0 -1 -3 -2  3   28   3   0   4   0   0   0   0   0  20   5   4   0   4   0   4   0   0   0  27  0.23 0.15
  545 V    2  0 -1 -2 -2  0  0 -1 -2  1 -1  0  1 -2 -2 -1 -1 -3 -2  3   21   6   4   0   0   5   6   5   0  10   0   4   5   0   0   0   0   0   0  34  0.16 0.12
  546 E   -1 -1  0  1 -3  2  1  2 -1 -1 -2  1 -2 -3 -2  0  1 -3 -2 -1    1   0   3  10   0  11  11  20   0   5   1  14   0   0   0   5  14   0   0   4  0.21 0.09
  547 R    0  3  1  1 -3  2  3 -2 -1 -2 -3  2 -2 -3 -2  0 -1 -3 -2 -1    6  26   6   6   0   9  24   0   0   0   0   9   0   0   0   5   0   0   0   7  0.36 0.13
  548 K    1  2 -1 -1 -2  1  1 -2  1 -2 -2  3 -2 -3 -2  2  1 -3 -2 -1   12  13   0   0   0   5   9   0   4   0   0  25   0   0   0  18   7   0   0   6  0.27 0.11
  549 E    0  1 -2 -1 -2  1  2 -3 -2  1  1  1  0 -2 -2 -1 -1 -3 -2  1   11   8   0   0   0   6  22   0   0   9  17  12   0   0   0   0   0   0   0  15  0.16 0.10
  550 T    0  1  0  4 -3 -1  1 -2 -2 -2 -2  0 -2 -3 -2  1  3 -4 -3  0    6  11   0  30   0   0   7   0   0   0   0   5   0   0   0   6  29   0   0   7  0.35 0.13
  551 R    0  3  0  3 -3  0  2 -2 -1 -3 -3  3 -2 -4 -2  0  1 -4 -3 -3    7  18   0  24   0   0  15   0   0   0   0  24   0   0   0   0  13   0   0   0  0.42 0.12
  552 Q   -1  1  0  1 -3  3  3  0 -1 -3 -3  2 -2 -3 -2  1  1 -3 -2 -2    0   9   0   6   0  20  22   7   0   0   0  13   0   0   0   8  14   0   0   0  0.35 0.09
  553 G    1 -2 -1  1 -2 -2 -2  4 -2 -2 -3 -2 -2 -3 -2  0  1 -3 -3  0   17   0   0   8   0   0   0  51   0   0   0   0   0   0   0   0  15   0   0   8  0.52 0.11
  554 K   -2  3 -1 -2 -4  1  0 -2 -1 -4 -3  6 -2 -4 -2 -1 -2 -4 -3 -3    0  10   0   0   0   0   0   0   0   0   0  90   0   0   0   0   0   0   0   0  0.94 0.20
  555 M   -1 -2 -3 -3 -1 -1 -2 -3 -2  2  1 -2  5 -1 -3 -2 -1 -2 -1  3    0   0   0   0   0   0   0   0   0   0   0   0  59   0   0   0   0   0   0  41  0.38 0.05

                      K         Lambda
Standard Ungapped    0.1169     0.2999
Standard Gapped      0.0344     0.2670
PSI Ungapped         0.1128     0.2966
PSI Gapped           0.0344     0.2670
